Parameter name: road_linear_0.weight
Shape: torch.Size([32, 16])
Values: Parameter containing:
tensor([[ 0.1282, -0.1388, -0.1903, -0.4500, -0.1164, -0.5030,  0.5204, -0.4317,
          0.3500, -0.2715, -0.1756,  0.4658, -0.4022, -0.5336,  0.0017, -0.1136],
        [ 0.1687, -0.6260, -0.2813, -0.4645, -0.3385, -0.4130,  0.3946, -0.2218,
          0.5743, -0.4110, -0.1813,  0.3648, -0.1105, -0.2258,  0.0293, -0.2371],
        [ 0.0936, -0.3030, -0.1854, -0.2055, -0.0681, -0.6696,  0.5663, -0.4744,
          0.5951, -0.2681, -0.3005,  0.1873, -0.0811, -0.1352, -0.0538, -0.1986],
        [-0.1088,  0.3843,  0.2820,  0.3615,  0.2615,  0.4511, -0.3751,  0.3069,
         -0.5747,  0.1232,  0.2097, -0.2450,  0.3998,  0.0343,  0.1780,  0.2942],
        [ 0.3153, -0.2261, -0.3602, -0.4725, -0.1664, -0.5733,  0.2752, -0.0914,
          0.3241, -0.2387, -0.1263,  0.4597, -0.1559, -0.4227, -0.0962, -0.3182],
        [ 0.4228, -0.1450, -0.5368, -0.0521,  0.0053, -0.6971,  0.4931, -0.3986,
          0.4310, -0.3360, -0.5833,  0.5487, -0.3653, -0.0535,  0.0496, -0.2438],
        [-0.0991,  0.3952,  0.5798,  0.2657,  0.1580,  0.3069, -0.4193,  0.1203,
         -0.4630,  0.5054,  0.3386, -0.5591,  0.0798,  0.4242, -0.1270,  0.3540],
        [-0.5123,  0.6237,  0.5553,  0.0782, -0.0711,  0.3456, -0.3507,  0.0910,
         -0.4067,  0.2954,  0.3681, -0.5653,  0.4247,  0.1221,  0.1659,  0.5371],
        [-0.2696,  0.6194,  0.5375,  0.1933,  0.2996,  0.3851, -0.4695,  0.3422,
         -0.2352,  0.2744,  0.2578, -0.5773,  0.1168,  0.4366,  0.0916,  0.2442],
        [ 0.1465, -0.3794, -0.2627, -0.4640, -0.2321, -0.4959,  0.2617, -0.1485,
          0.4350, -0.5293, -0.1314,  0.6097, -0.3610, -0.2598, -0.1475, -0.3506],
        [ 0.0702, -0.1983, -0.2399, -0.4814, -0.3262, -0.2674,  0.4451, -0.2693,
          0.5016, -0.2806, -0.2077,  0.6268, -0.2875, -0.0448, -0.3491, -0.4733],
        [ 0.1805, -0.4388, -0.1981, -0.3374, -0.1176, -0.5061,  0.5827, -0.2269,
          0.3322, -0.1556, -0.0632,  0.6508, -0.4564, -0.4239, -0.2652, -0.3534],
        [-0.1655,  0.4168,  0.3337,  0.2978,  0.1540,  0.5838, -0.2976,  0.1037,
         -0.4903,  0.4513,  0.2039, -0.6353,  0.0660,  0.3399,  0.0425,  0.2251],
        [-0.2094,  0.6437,  0.5468,  0.4275, -0.0140,  0.5894, -0.2854,  0.2793,
         -0.4074,  0.3514,  0.1870, -0.4949,  0.2574,  0.2626, -0.0543,  0.4063],
        [-0.3599,  0.1906,  0.4552, -0.0375,  0.3416,  0.6620, -0.4364,  0.1244,
         -0.4206,  0.2885,  0.2593, -0.4815,  0.3045,  0.2201,  0.0724,  0.2896],
        [-0.5285,  0.2229,  0.3828,  0.5218,  0.0008,  0.6837, -0.4017,  0.1223,
         -0.3318,  0.4642,  0.3211, -0.2112,  0.2488,  0.1138,  0.4218,  0.2413],
        [-0.0545,  0.5681,  0.3958,  0.0849, -0.0538,  0.5336, -0.3556,  0.3169,
         -0.5750,  0.3385,  0.5451, -0.3111,  0.5003,  0.4987,  0.1426,  0.1552],
        [ 0.1106, -0.3066, -0.4569, -0.2799, -0.1164, -0.3391,  0.5513, -0.0670,
          0.3757, -0.2331, -0.4577,  0.3539, -0.3310, -0.4627,  0.0574, -0.3839],
        [-0.1670,  0.3844,  0.3531,  0.1163,  0.0926,  0.2125, -0.5129,  0.3481,
         -0.5423,  0.3807,  0.3113, -0.6502,  0.3211,  0.3850,  0.3294,  0.3672],
        [ 0.4088, -0.3776, -0.2698, -0.1406, -0.3083, -0.5197,  0.2039, -0.0059,
          0.4086, -0.4244, -0.3218,  0.4619, -0.4728, -0.2618, -0.0210, -0.2958],
        [ 0.2060, -0.1838, -0.2248, -0.5127, -0.0283, -0.6650,  0.5469,  0.0138,
          0.3762, -0.4591, -0.4821,  0.3371, -0.3185, -0.4172,  0.0871, -0.4308],
        [ 0.3975, -0.6520, -0.2190, -0.0562, -0.3345, -0.5767,  0.4850, -0.4579,
          0.1686, -0.2504, -0.0439,  0.3487, -0.3137, -0.5216, -0.4722, -0.0761],
        [-0.0674,  0.3020,  0.2474,  0.2802,  0.2799,  0.1970, -0.5554,  0.0873,
         -0.4587,  0.3679,  0.4932, -0.4004,  0.0806,  0.5352,  0.3653,  0.4038],
        [-0.1077,  0.5024,  0.5606,  0.0363,  0.0157,  0.4307, -0.4635,  0.0441,
         -0.5882,  0.1719,  0.2746, -0.2264,  0.4526,  0.3787,  0.0412,  0.2265],
        [-0.1328,  0.1659,  0.3364,  0.3521,  0.4305,  0.2851, -0.1696,  0.1751,
         -0.5409,  0.6068,  0.5390, -0.6261,  0.1457,  0.4316,  0.0548,  0.4933],
        [-0.3970,  0.3138,  0.2793,  0.5225,  0.0722,  0.4416, -0.2630,  0.0567,
         -0.3556,  0.1702,  0.0935, -0.4999,  0.3206,  0.5293, -0.0713,  0.2645],
        [-0.2250,  0.4111,  0.4613,  0.0872,  0.0299,  0.3088, -0.6094,  0.2677,
         -0.5818,  0.4901,  0.2269, -0.4859,  0.3736,  0.4926,  0.3093,  0.4699],
        [ 0.1155, -0.3600, -0.1801, -0.2094,  0.0104, -0.6699,  0.6454, -0.2747,
          0.1229, -0.4011, -0.0583,  0.3353, -0.3643, -0.3820, -0.4204, -0.2595],
        [-0.0573,  0.4480,  0.3365,  0.2869, -0.0214,  0.3408, -0.4053,  0.0162,
         -0.2231,  0.3918,  0.3284, -0.4486,  0.4880,  0.5232,  0.3338,  0.4499],
        [ 0.2175, -0.2334, -0.5078, -0.1812, -0.2852, -0.4316,  0.5999, -0.0380,
          0.5659, -0.2769, -0.1493,  0.5303, -0.1300, -0.1713, -0.0478, -0.4236],
        [ 0.0989, -0.4500, -0.2287, -0.4194, -0.0784, -0.2365,  0.6077, -0.3550,
          0.4187, -0.2035, -0.5525,  0.5955, -0.4267, -0.4768, -0.2678, -0.4129],
        [-0.2996,  0.4572,  0.4520,  0.3608,  0.3095,  0.2790, -0.6345, -0.0338,
         -0.4617,  0.2359,  0.4141, -0.5985,  0.0797,  0.4138,  0.0009,  0.3695]],
       device='cuda:0', requires_grad=True)

Parameter name: road_linear_0.bias
Shape: torch.Size([32])
Values: Parameter containing:
tensor([-0.0333,  0.1065,  0.0692, -0.1255,  0.0014, -0.0118, -0.0551,  0.0701,
        -0.0349,  0.1178,  0.1819,  0.0793, -0.0596, -0.0351, -0.0199, -0.0622,
        -0.1744,  0.0398, -0.1099, -0.0370,  0.0686,  0.0689, -0.2362, -0.0585,
        -0.2150,  0.1636, -0.0750,  0.1465, -0.1439,  0.0275,  0.1592, -0.0682],
       device='cuda:0', requires_grad=True)

Parameter name: road_linear_1.weight
Shape: torch.Size([1, 32])
Values: Parameter containing:
tensor([[ 0.3924,  0.5278,  0.3958, -0.4422,  0.4208,  0.5635, -0.4511, -0.6039,
         -0.5033,  0.5608,  0.4930,  0.6074, -0.5215, -0.6065, -0.4200, -0.5087,
         -0.5085,  0.4089, -0.4462,  0.4044,  0.5332,  0.6018, -0.5781, -0.4802,
         -0.4934, -0.4411, -0.5326,  0.4727, -0.4970,  0.5672,  0.5028, -0.4408]],
       device='cuda:0', requires_grad=True)

Parameter name: linear_0.weight
Shape: torch.Size([32, 39])
Values: Parameter containing:
tensor([[ 0.0190, -0.1080,  0.2792,  ...,  0.0370, -0.1408, -0.1137],
        [ 0.0109, -0.1072, -0.1065,  ..., -0.0255, -0.1381,  0.0871],
        [-0.1255,  0.0859,  0.3308,  ...,  0.1516,  0.0504,  0.0345],
        ...,
        [ 0.0681, -0.1058, -0.0898,  ..., -0.1147, -0.0748, -0.1180],
        [-0.0374, -0.1189,  0.2191,  ..., -0.1376, -0.0655,  0.1557],
        [-0.2008,  0.1205,  0.0562,  ..., -0.0287, -0.1605, -0.0509]],
       device='cuda:0', requires_grad=True)

Parameter name: linear_0.bias
Shape: torch.Size([32])
Values: Parameter containing:
tensor([ 0.0759,  0.0853, -0.1264, -0.0883, -0.0244, -0.0038, -0.1416,  0.0792,
        -0.0602,  0.1176,  0.0622, -0.0598, -0.0016,  0.0758, -0.0981, -0.0564,
         0.1020, -0.1171, -0.0328,  0.0049, -0.0930,  0.0708,  0.0500, -0.0317,
        -0.0554,  0.0553, -0.0084, -0.1573,  0.0884,  0.1526,  0.1063, -0.1047],
       device='cuda:0', requires_grad=True)

Parameter name: linear_1.weight
Shape: torch.Size([32, 32])
Values: Parameter containing:
tensor([[ 0.1841, -0.0732, -0.1078,  ..., -0.0208, -0.1260,  0.1620],
        [-0.0752,  0.0890,  0.0696,  ...,  0.0628, -0.1211,  0.1592],
        [ 0.0016, -0.1675, -0.1299,  ..., -0.0545,  0.1061,  0.0655],
        ...,
        [ 0.0033, -0.0119,  0.1058,  ...,  0.1459, -0.1135,  0.1554],
        [ 0.1202, -0.0220,  0.0258,  ...,  0.1496,  0.1147, -0.0487],
        [ 0.1207, -0.0129,  0.1945,  ...,  0.1565,  0.0414,  0.0534]],
       device='cuda:0', requires_grad=True)

Parameter name: linear_1.bias
Shape: torch.Size([32])
Values: Parameter containing:
tensor([ 0.0400,  0.0716,  0.0341, -0.0134, -0.0788, -0.0768,  0.0217, -0.1325,
         0.0714, -0.0939,  0.1870, -0.1850,  0.1158,  0.0448, -0.1977,  0.0201,
        -0.0811, -0.1057, -0.0350, -0.0818,  0.0734,  0.1710, -0.1316,  0.1403,
        -0.1306, -0.0675,  0.1487, -0.1083, -0.0563, -0.0065,  0.0359, -0.0393],
       device='cuda:0', requires_grad=True)

Parameter name: linear_2.weight
Shape: torch.Size([1, 32])
Values: Parameter containing:
tensor([[ 0.1537,  0.0489, -0.1943, -0.1207,  0.0194, -0.0175, -0.0719,  0.0839,
          0.0458, -0.0809, -0.0723,  0.0865,  0.0393, -0.0213,  0.1234,  0.0161,
         -0.1343, -0.1833,  0.0067,  0.0838, -0.1077, -0.1106, -0.0976, -0.0007,
          0.1304,  0.1594, -0.1656,  0.1528, -0.0677, -0.1695,  0.1379,  0.1757]],
       device='cuda:0', requires_grad=True)

Parameter name: linear_2.bias
Shape: torch.Size([1])
Values: Parameter containing:
tensor([-0.0431], device='cuda:0', requires_grad=True)

