Parameter name: road_linear_0.weight
Shape: torch.Size([32, 16])
Values: Parameter containing:
tensor([[ 0.1227, -0.1369, -0.1882, -0.4508, -0.1081, -0.4861,  0.5167, -0.4207,
          0.3407, -0.2725, -0.1672,  0.4685, -0.3901, -0.5308,  0.0046, -0.1215],
        [ 0.1673, -0.6228, -0.2759, -0.4635, -0.3299, -0.3934,  0.3887, -0.2175,
          0.5652, -0.4074, -0.1714,  0.3655, -0.0961, -0.2221,  0.0350, -0.2436],
        [ 0.0918, -0.2954, -0.1758, -0.2085, -0.0558, -0.6387,  0.5558, -0.4644,
          0.5857, -0.2692, -0.3036,  0.1917, -0.0586, -0.1393, -0.0311, -0.2130],
        [-0.1027,  0.3802,  0.2791,  0.3664,  0.2564,  0.4249, -0.3667,  0.2982,
         -0.5753,  0.1305,  0.2220, -0.2538,  0.3805,  0.0432,  0.1575,  0.3135],
        [ 0.3090, -0.2234, -0.3565, -0.4737, -0.1613, -0.5522,  0.2677, -0.0855,
          0.3185, -0.2408, -0.1267,  0.4645, -0.1391, -0.4242, -0.0853, -0.3304],
        [ 0.4225, -0.1385, -0.5305, -0.0527,  0.0161, -0.6764,  0.4892, -0.3905,
          0.4235, -0.3333, -0.5748,  0.5487, -0.3537, -0.0511,  0.0589, -0.2494],
        [-0.0979,  0.3931,  0.5736,  0.2625,  0.1458,  0.2890, -0.4142,  0.1152,
         -0.4459,  0.4965,  0.3090, -0.5569,  0.0674,  0.4135, -0.1231,  0.3552],
        [-0.5092,  0.6184,  0.5511,  0.0806, -0.0751,  0.3235, -0.3457,  0.0854,
         -0.4010,  0.2959,  0.3630, -0.5697,  0.4120,  0.1221,  0.1581,  0.5463],
        [-0.2687,  0.6152,  0.5320,  0.1986,  0.2951,  0.3514, -0.4593,  0.3396,
         -0.2194,  0.2740,  0.2518, -0.5863,  0.0911,  0.4370,  0.0797,  0.2618],
        [ 0.1399, -0.3779, -0.2617, -0.4659, -0.2288, -0.4803,  0.2584, -0.1411,
          0.4294, -0.5315, -0.1263,  0.6142, -0.3503, -0.2592, -0.1458, -0.3593],
        [ 0.0634, -0.1982, -0.2396, -0.4840, -0.3244, -0.2443,  0.4384, -0.2654,
          0.4982, -0.2852, -0.2117,  0.6348, -0.2726, -0.0484, -0.3408, -0.4893],
        [ 0.1699, -0.4384, -0.2011, -0.3430, -0.1193, -0.4897,  0.5792, -0.2187,
          0.3335, -0.1649, -0.0721,  0.6606, -0.4454, -0.4309, -0.2583, -0.3698],
        [-0.1620,  0.4132,  0.3287,  0.2977,  0.1454,  0.5622, -0.2925,  0.0958,
         -0.4793,  0.4487,  0.1871, -0.6372,  0.0543,  0.3353,  0.0397,  0.2317],
        [-0.2062,  0.6393,  0.5431,  0.4291, -0.0194,  0.5704, -0.2814,  0.2726,
         -0.4011,  0.3512,  0.1804, -0.4978,  0.2454,  0.2613, -0.0594,  0.4141],
        [-0.3539,  0.1857,  0.4518, -0.0330,  0.3359,  0.6377, -0.4301,  0.1142,
         -0.4164,  0.2938,  0.2628, -0.4885,  0.2881,  0.2243,  0.0591,  0.3039],
        [-0.5148,  0.2227,  0.3857,  0.5275,  0.0047,  0.6604, -0.3951,  0.1167,
         -0.3366,  0.4774,  0.3420, -0.2244,  0.2371,  0.1255,  0.4090,  0.2623],
        [-0.0544,  0.5625,  0.3901,  0.0845, -0.0667,  0.5187, -0.3530,  0.3076,
         -0.5638,  0.3336,  0.5299, -0.3097,  0.4885,  0.4929,  0.1414,  0.1578],
        [ 0.1099, -0.3030, -0.4502, -0.2771, -0.1036, -0.3223,  0.5464, -0.0614,
          0.3606, -0.2257, -0.4374,  0.3515, -0.3179, -0.4542,  0.0590, -0.3860],
        [-0.1653,  0.3820,  0.3503,  0.1177,  0.0860,  0.1938, -0.5092,  0.3435,
         -0.5311,  0.3785,  0.2980, -0.6534,  0.3075,  0.3812,  0.3288,  0.3752],
        [ 0.4045, -0.3731, -0.2642, -0.1410, -0.2984, -0.4988,  0.1983,  0.0046,
          0.3967, -0.4228, -0.3097,  0.4637, -0.4573, -0.2575, -0.0155, -0.3027],
        [ 0.2032, -0.1809, -0.2198, -0.5099, -0.0174, -0.6544,  0.5439,  0.0197,
          0.3650, -0.4536, -0.4642,  0.3345, -0.3105, -0.4102,  0.0865, -0.4311],
        [ 0.3848, -0.6522, -0.2275, -0.0696, -0.3446, -0.5468,  0.4801, -0.4493,
          0.1804, -0.2719, -0.0770,  0.3711, -0.2983, -0.5419, -0.4533, -0.1104],
        [-0.0682,  0.3001,  0.2425,  0.2781,  0.2702,  0.1790, -0.5505,  0.0871,
         -0.4480,  0.3616,  0.4773, -0.3999,  0.0688,  0.5298,  0.3634,  0.4084],
        [-0.1044,  0.4968,  0.5554,  0.0371,  0.0062,  0.4136, -0.4591,  0.0344,
         -0.5807,  0.1710,  0.2675, -0.2278,  0.4402,  0.3769,  0.0340,  0.2324],
        [-0.1342,  0.1660,  0.3304,  0.3469,  0.4171,  0.2734, -0.1648,  0.1729,
         -0.5236,  0.5963,  0.5166, -0.6223,  0.1299,  0.4193,  0.0627,  0.4934],
        [-0.3922,  0.3116,  0.2751,  0.5215,  0.0646,  0.4248, -0.2577,  0.0493,
         -0.3460,  0.1683,  0.0825, -0.5010,  0.3074,  0.5250, -0.0744,  0.2704],
        [-0.2214,  0.4090,  0.4607,  0.0894,  0.0257,  0.2970, -0.6086,  0.2612,
         -0.5729,  0.4901,  0.2137, -0.4897,  0.3660,  0.4893,  0.3132,  0.4759],
        [ 0.0955, -0.3608, -0.1927, -0.2272, -0.0025, -0.6408,  0.6386, -0.2634,
          0.1464, -0.4355, -0.1046,  0.3653, -0.3490, -0.4175, -0.4000, -0.2978],
        [-0.0524,  0.4445,  0.3349,  0.2902, -0.0244,  0.3249, -0.4021,  0.0104,
         -0.2178,  0.3943,  0.3251, -0.4539,  0.4772,  0.5242,  0.3283,  0.4594],
        [ 0.2126, -0.2308, -0.5049, -0.1821, -0.2802, -0.4112,  0.5953, -0.0320,
          0.5594, -0.2777, -0.1421,  0.5343, -0.1200, -0.1702, -0.0433, -0.4322],
        [ 0.0983, -0.4487, -0.2261, -0.4189, -0.0698, -0.2213,  0.6048, -0.3518,
          0.4070, -0.1991, -0.5372,  0.5962, -0.4151, -0.4713, -0.2700, -0.4184],
        [-0.2986,  0.4561,  0.4469,  0.3579,  0.3002,  0.2629, -0.6292, -0.0347,
         -0.4468,  0.2288,  0.3952, -0.5977,  0.0659,  0.4056,  0.0026,  0.3732]],
       device='cuda:0', requires_grad=True)

Parameter name: road_linear_0.bias
Shape: torch.Size([32])
Values: Parameter containing:
tensor([-0.0396,  0.1056,  0.0676, -0.1174, -0.0061, -0.0110, -0.0550,  0.0747,
        -0.0325,  0.1094,  0.1727,  0.0649, -0.0554, -0.0311, -0.0122, -0.0444,
        -0.1764,  0.0410, -0.1079, -0.0416,  0.0678,  0.0478, -0.2387, -0.0556,
        -0.2189,  0.1691, -0.0705,  0.1190, -0.1378,  0.0211,  0.1596, -0.0684],
       device='cuda:0', requires_grad=True)

Parameter name: road_linear_1.weight
Shape: torch.Size([1, 32])
Values: Parameter containing:
tensor([[ 0.3842,  0.5201,  0.3800, -0.4290,  0.4122,  0.5542, -0.4432, -0.5947,
         -0.4898,  0.5535,  0.4842,  0.5993, -0.5123, -0.5989, -0.4084, -0.4980,
         -0.4994,  0.4006, -0.4382,  0.3937,  0.5264,  0.5863, -0.5708, -0.4708,
         -0.4858, -0.4339, -0.5259,  0.4565, -0.4889,  0.5592,  0.4958, -0.4340]],
       device='cuda:0', requires_grad=True)

Parameter name: linear_0.weight
Shape: torch.Size([32, 39])
Values: Parameter containing:
tensor([[ 0.0315, -0.1040,  0.2636,  ...,  0.0370, -0.1398, -0.1137],
        [-0.0090, -0.1110, -0.0956,  ..., -0.0255, -0.1422,  0.0871],
        [-0.1162,  0.0869,  0.3256,  ...,  0.1516,  0.0501,  0.0345],
        ...,
        [ 0.0719, -0.1040, -0.0588,  ..., -0.1147, -0.0672, -0.1180],
        [-0.0257, -0.1106,  0.2018,  ..., -0.1376, -0.0635,  0.1557],
        [-0.1737,  0.1168,  0.0238,  ..., -0.0287, -0.1631, -0.0509]],
       device='cuda:0', requires_grad=True)

Parameter name: linear_0.bias
Shape: torch.Size([32])
Values: Parameter containing:
tensor([ 0.0769,  0.0812, -0.1267, -0.0890, -0.0239, -0.0026, -0.1352,  0.0795,
        -0.0580,  0.1186,  0.0610, -0.0583, -0.0015,  0.0737, -0.0986, -0.0558,
         0.1014, -0.1146, -0.0300,  0.0062, -0.0975,  0.0712,  0.0499, -0.0372,
        -0.0574,  0.0583, -0.0086, -0.1564,  0.0813,  0.1602,  0.1084, -0.1073],
       device='cuda:0', requires_grad=True)

Parameter name: linear_1.weight
Shape: torch.Size([32, 32])
Values: Parameter containing:
tensor([[ 0.1796, -0.0702, -0.1110,  ..., -0.0239, -0.1258,  0.1596],
        [-0.0798,  0.0927,  0.0653,  ...,  0.0604, -0.1227,  0.1553],
        [ 0.0062, -0.1692, -0.1266,  ..., -0.0521,  0.1060,  0.0673],
        ...,
        [ 0.0074, -0.0153,  0.1106,  ...,  0.1482, -0.1124,  0.1603],
        [ 0.1135, -0.0167,  0.0201,  ...,  0.1469,  0.1128, -0.0544],
        [ 0.1168, -0.0102,  0.1918,  ...,  0.1533,  0.0423,  0.0504]],
       device='cuda:0', requires_grad=True)

Parameter name: linear_1.bias
Shape: torch.Size([32])
Values: Parameter containing:
tensor([ 0.0420,  0.0740,  0.0316, -0.0162, -0.0787, -0.0761,  0.0192, -0.1290,
         0.0750, -0.0973,  0.1836, -0.1832,  0.1181,  0.0444, -0.1948,  0.0228,
        -0.0850, -0.1086, -0.0309, -0.0794,  0.0706,  0.1678, -0.1345,  0.1436,
        -0.1269, -0.0644,  0.1454, -0.1044, -0.0591, -0.0099,  0.0396, -0.0372],
       device='cuda:0', requires_grad=True)

Parameter name: linear_2.weight
Shape: torch.Size([1, 32])
Values: Parameter containing:
tensor([[ 0.1406,  0.0498, -0.1867, -0.1083,  0.0204,  0.0028, -0.0635,  0.0799,
          0.0466, -0.0794, -0.0677,  0.0791,  0.0389, -0.0094,  0.1160,  0.0252,
         -0.1342, -0.1772, -0.0039,  0.0773, -0.1019, -0.1068, -0.0975,  0.0028,
          0.1266,  0.1550, -0.1602,  0.1492, -0.0656, -0.1649,  0.1251,  0.1679]],
       device='cuda:0', requires_grad=True)

Parameter name: linear_2.bias
Shape: torch.Size([1])
Values: Parameter containing:
tensor([-0.0391], device='cuda:0', requires_grad=True)

