Parameter name: road_linear_0.weight
Shape: torch.Size([32, 16])
Values: Parameter containing:
tensor([[ 1.2951e-01, -1.4147e-01, -1.9325e-01, -4.5172e-01, -1.2249e-01,
         -5.0033e-01,  5.1823e-01, -4.3353e-01,  3.5240e-01, -2.7400e-01,
         -1.7937e-01,  4.6694e-01, -3.9965e-01, -5.3397e-01,  1.4407e-03,
         -1.1333e-01],
        [ 1.7044e-01, -6.2852e-01, -2.8360e-01, -4.6550e-01, -3.4332e-01,
         -4.1191e-01,  3.9306e-01, -2.2358e-01,  5.7594e-01, -4.1260e-01,
         -1.8391e-01,  3.6514e-01, -1.0866e-01, -2.2565e-01,  2.9363e-02,
         -2.3630e-01],
        [ 9.5272e-02, -3.0757e-01, -1.8928e-01, -2.0517e-01, -7.4021e-02,
         -6.6791e-01,  5.6234e-01, -4.7757e-01,  5.9507e-01, -2.6895e-01,
         -3.0015e-01,  1.8672e-01, -7.6508e-02, -1.3099e-01, -5.7641e-02,
         -1.9677e-01],
        [-1.1167e-01,  3.8777e-01,  2.8398e-01,  3.6065e-01,  2.6644e-01,
          4.5030e-01, -3.7261e-01,  3.1071e-01, -5.7330e-01,  1.2207e-01,
          2.0703e-01, -2.4329e-01,  3.9627e-01,  3.0133e-02,  1.8137e-01,
          2.9108e-01],
        [ 3.1739e-01, -2.2877e-01, -3.6259e-01, -4.7307e-01, -1.7184e-01,
         -5.7193e-01,  2.7301e-01, -9.4319e-02,  3.2538e-01, -2.3969e-01,
         -1.2813e-01,  4.5932e-01, -1.5349e-01, -4.2173e-01, -9.6676e-02,
         -3.1669e-01],
        [ 4.2335e-01, -1.4919e-01, -5.4016e-01, -5.3037e-02, -1.5462e-04,
         -6.9539e-01,  4.9107e-01, -4.0001e-01,  4.3247e-01, -3.3833e-01,
         -5.8609e-01,  5.5005e-01, -3.6272e-01, -5.3316e-02,  4.7543e-02,
         -2.4414e-01],
        [-1.0032e-01,  3.9715e-01,  5.8222e-01,  2.6718e-01,  1.6273e-01,
          3.0543e-01, -4.1757e-01,  1.2137e-01, -4.6656e-01,  5.0833e-01,
          3.4584e-01, -5.6014e-01,  7.8504e-02,  4.2589e-01, -1.2950e-01,
          3.5397e-01],
        [-5.1425e-01,  6.2704e-01,  5.5710e-01,  7.7877e-02, -6.7363e-02,
          3.4495e-01, -3.4838e-01,  9.3645e-02, -4.0768e-01,  2.9592e-01,
          3.7054e-01, -5.6456e-01,  4.2254e-01,  1.2126e-01,  1.6551e-01,
          5.3575e-01],
        [-2.7204e-01,  6.2283e-01,  5.4003e-01,  1.9301e-01,  3.0494e-01,
          3.8470e-01, -4.6568e-01,  3.4521e-01, -2.3705e-01,  2.7505e-01,
          2.5975e-01, -5.7582e-01,  1.1336e-01,  4.3358e-01,  9.1567e-02,
          2.4138e-01],
        [ 1.4870e-01, -3.8153e-01, -2.6444e-01, -4.6472e-01, -2.3669e-01,
         -4.9438e-01,  2.5998e-01, -1.5096e-01,  4.3643e-01, -5.3027e-01,
         -1.3390e-01,  6.0959e-01, -3.5915e-01, -2.5957e-01, -1.4665e-01,
         -3.4950e-01],
        [ 7.3066e-02, -2.0024e-01, -2.4138e-01, -4.8186e-01, -3.3161e-01,
         -2.6627e-01,  4.4347e-01, -2.7228e-01,  5.0209e-01, -2.8067e-01,
         -2.0777e-01,  6.2572e-01, -2.8544e-01, -4.2905e-02, -3.4939e-01,
         -4.7077e-01],
        [ 1.8352e-01, -4.4120e-01, -1.9944e-01, -3.3726e-01, -1.2206e-01,
         -5.0516e-01,  5.8083e-01, -2.3070e-01,  3.3206e-01, -1.5506e-01,
         -6.2730e-02,  6.4966e-01, -4.5413e-01, -4.2195e-01, -2.6593e-01,
         -3.5112e-01],
        [-1.6696e-01,  4.1953e-01,  3.3609e-01,  2.9856e-01,  1.5940e-01,
          5.8209e-01, -2.9534e-01,  1.0616e-01, -4.9273e-01,  4.5324e-01,
          2.0952e-01, -6.3564e-01,  6.4321e-02,  3.4031e-01,  4.1394e-02,
          2.2442e-01],
        [-2.1116e-01,  6.4689e-01,  5.4890e-01,  4.2776e-01, -9.7638e-03,
          5.8861e-01, -2.8344e-01,  2.8172e-01, -4.0870e-01,  3.5248e-01,
          1.8972e-01, -4.9486e-01,  2.5548e-01,  2.6222e-01, -5.4647e-02,
          4.0543e-01],
        [-3.6207e-01,  1.9430e-01,  4.5805e-01, -3.7524e-02,  3.4713e-01,
          6.6054e-01, -4.3354e-01,  1.2761e-01, -4.2093e-01,  2.8901e-01,
          2.5955e-01, -4.8087e-01,  3.0106e-01,  2.1761e-01,  7.4600e-02,
          2.8791e-01],
        [-5.3193e-01,  2.2554e-01,  3.8437e-01,  5.2145e-01,  5.9203e-03,
          6.8258e-01, -3.9985e-01,  1.2648e-01, -3.3107e-01,  4.6306e-01,
          3.1917e-01, -2.0926e-01,  2.4641e-01,  1.1068e-01,  4.2341e-01,
          2.3834e-01],
        [-5.4634e-02,  5.7209e-01,  3.9934e-01,  8.6327e-02, -4.9376e-02,
          5.3217e-01, -3.5338e-01,  3.1722e-01, -5.7758e-01,  3.4177e-01,
          5.4972e-01, -3.1306e-01,  4.9755e-01,  4.9976e-01,  1.4297e-01,
          1.5633e-01],
        [ 1.1132e-01, -3.0932e-01, -4.6026e-01, -2.8191e-01, -1.2189e-01,
         -3.3697e-01,  5.4935e-01, -6.7498e-02,  3.7919e-01, -2.3665e-01,
         -4.6360e-01,  3.5549e-01, -3.2879e-01, -4.6423e-01,  5.8063e-02,
         -3.8444e-01],
        [-1.6861e-01,  3.8682e-01,  3.5515e-01,  1.1719e-01,  9.7110e-02,
          2.1119e-01, -5.1066e-01,  3.4969e-01, -5.4464e-01,  3.8241e-01,
          3.1513e-01, -6.5036e-01,  3.1880e-01,  3.8518e-01,  3.2807e-01,
          3.6624e-01],
        [ 4.1043e-01, -3.8086e-01, -2.7295e-01, -1.4160e-01, -3.1363e-01,
         -5.1793e-01,  2.0139e-01, -8.0410e-03,  4.1100e-01, -4.2654e-01,
         -3.2578e-01,  4.6257e-01, -4.7000e-01, -2.6188e-01, -2.1096e-02,
         -2.9533e-01],
        [ 2.0649e-01, -1.8628e-01, -2.2817e-01, -5.1500e-01, -3.4096e-02,
         -6.6214e-01,  5.4535e-01,  1.3305e-02,  3.7932e-01, -4.6280e-01,
         -4.8832e-01,  3.3915e-01, -3.1680e-01, -4.1899e-01,  8.7704e-02,
         -4.3195e-01],
        [ 4.0271e-01, -6.5463e-01, -2.1764e-01, -5.2789e-02, -3.3698e-01,
         -5.7731e-01,  4.8222e-01, -4.6393e-01,  1.6436e-01, -2.4495e-01,
         -3.5870e-02,  3.4320e-01, -3.1047e-01, -5.1437e-01, -4.7507e-01,
         -6.8971e-02],
        [-6.8481e-02,  3.0392e-01,  2.4955e-01,  2.8151e-01,  2.8466e-01,
          1.9548e-01, -5.5405e-01,  8.7769e-02, -4.6087e-01,  3.7021e-01,
          4.9742e-01, -4.0106e-01,  7.9086e-02,  5.3583e-01,  3.6428e-01,
          4.0339e-01],
        [-1.0869e-01,  5.0606e-01,  5.6354e-01,  3.6996e-02,  2.0134e-02,
          4.2906e-01, -4.6116e-01,  4.5557e-02, -5.8986e-01,  1.7387e-01,
          2.7750e-01, -2.2707e-01,  4.4968e-01,  3.7862e-01,  4.2051e-02,
          2.2646e-01],
        [-1.3407e-01,  1.6733e-01,  3.3871e-01,  3.5421e-01,  4.3476e-01,
          2.8413e-01, -1.6850e-01,  1.7520e-01, -5.4423e-01,  6.0967e-01,
          5.4384e-01, -6.2745e-01,  1.4444e-01,  4.3348e-01,  5.2152e-02,
          4.9352e-01],
        [-3.9848e-01,  3.1596e-01,  2.8162e-01,  5.2364e-01,  7.7145e-02,
          4.3975e-01, -2.6106e-01,  5.8839e-02, -3.5797e-01,  1.7217e-01,
          9.7730e-02, -5.0038e-01,  3.1883e-01,  5.2992e-01, -7.2272e-02,
          2.6406e-01],
        [-2.2662e-01,  4.1321e-01,  4.6307e-01,  8.8004e-02,  3.4042e-02,
          3.0722e-01, -6.0739e-01,  2.6924e-01, -5.8405e-01,  4.9177e-01,
          2.3112e-01, -4.8608e-01,  3.7181e-01,  4.9311e-01,  3.0720e-01,
          4.6927e-01],
        [ 1.2116e-01, -3.6300e-01, -1.7967e-01, -2.0559e-01,  6.4750e-03,
         -6.6975e-01,  6.4197e-01, -2.8176e-01,  1.1694e-01, -3.9472e-01,
         -4.9751e-02,  3.2919e-01, -3.6018e-01, -3.7183e-01, -4.2374e-01,
         -2.5266e-01],
        [-5.8803e-02,  4.5080e-01,  3.3852e-01,  2.8721e-01, -1.7108e-02,
          3.3909e-01, -4.0279e-01,  1.8062e-02, -2.2464e-01,  3.9297e-01,
          3.3119e-01, -4.4834e-01,  4.8531e-01,  5.2276e-01,  3.3337e-01,
          4.4900e-01],
        [ 2.1939e-01, -2.3576e-01, -5.0989e-01, -1.8197e-01, -2.9063e-01,
         -4.2974e-01,  5.9823e-01, -4.0390e-02,  5.6731e-01, -2.7822e-01,
         -1.5251e-01,  5.3011e-01, -1.2834e-01, -1.7093e-01, -4.7455e-02,
         -4.2248e-01],
        [ 1.0003e-01, -4.5228e-01, -2.3123e-01, -4.2114e-01, -8.3316e-02,
         -2.3503e-01,  6.0600e-01, -3.5588e-01,  4.2138e-01, -2.0610e-01,
         -5.5694e-01,  5.9668e-01, -4.2481e-01, -4.7777e-01, -2.6655e-01,
         -4.1283e-01],
        [-3.0114e-01,  4.5900e-01,  4.5444e-01,  3.6270e-01,  3.1481e-01,
          2.7754e-01, -6.3299e-01, -3.2603e-02, -4.6489e-01,  2.3855e-01,
          4.1916e-01, -5.9938e-01,  7.8222e-02,  4.1506e-01, -1.1232e-03,
          3.6921e-01]], device='cuda:0', requires_grad=True)

Parameter name: road_linear_0.bias
Shape: torch.Size([32])
Values: Parameter containing:
tensor([-0.0350,  0.1055,  0.0677, -0.1259,  0.0009, -0.0145, -0.0539,  0.0704,
        -0.0347,  0.1176,  0.1825,  0.0801, -0.0587, -0.0343, -0.0193, -0.0636,
        -0.1712,  0.0374, -0.1089, -0.0383,  0.0661,  0.0731, -0.2346, -0.0565,
        -0.2135,  0.1648, -0.0743,  0.1507, -0.1430,  0.0271,  0.1575, -0.0671],
       device='cuda:0', requires_grad=True)

Parameter name: road_linear_1.weight
Shape: torch.Size([1, 32])
Values: Parameter containing:
tensor([[ 0.3922,  0.5284,  0.3960, -0.4427,  0.4209,  0.5637, -0.4518, -0.6045,
         -0.5041,  0.5610,  0.4933,  0.6072, -0.5219, -0.6069, -0.4203, -0.5092,
         -0.5088,  0.4090, -0.4464,  0.4049,  0.5333,  0.6032, -0.5784, -0.4803,
         -0.4942, -0.4413, -0.5327,  0.4729, -0.4967,  0.5674,  0.5030, -0.4413]],
       device='cuda:0', requires_grad=True)

Parameter name: linear_0.weight
Shape: torch.Size([32, 39])
Values: Parameter containing:
tensor([[ 0.0182, -0.1033,  0.2743,  ...,  0.0370, -0.1413, -0.1137],
        [ 0.0111, -0.1074, -0.1050,  ..., -0.0255, -0.1378,  0.0871],
        [-0.1260,  0.0893,  0.3273,  ...,  0.1516,  0.0500,  0.0345],
        ...,
        [ 0.0634, -0.1036, -0.0990,  ..., -0.1147, -0.0767, -0.1180],
        [-0.0374, -0.1178,  0.2170,  ..., -0.1376, -0.0659,  0.1557],
        [-0.1987,  0.1199,  0.0616,  ..., -0.0287, -0.1596, -0.0509]],
       device='cuda:0', requires_grad=True)

Parameter name: linear_0.bias
Shape: torch.Size([32])
Values: Parameter containing:
tensor([ 0.0754,  0.0856, -0.1267, -0.0882, -0.0242, -0.0039, -0.1427,  0.0794,
        -0.0608,  0.1177,  0.0625, -0.0608, -0.0016,  0.0759, -0.0985, -0.0564,
         0.1025, -0.1178, -0.0327,  0.0049, -0.0922,  0.0707,  0.0497, -0.0308,
        -0.0550,  0.0545, -0.0085, -0.1580,  0.0899,  0.1506,  0.1060, -0.1038],
       device='cuda:0', requires_grad=True)

Parameter name: linear_1.weight
Shape: torch.Size([32, 32])
Values: Parameter containing:
tensor([[ 0.1839, -0.0718, -0.1080,  ..., -0.0213, -0.1271,  0.1615],
        [-0.0749,  0.0898,  0.0697,  ...,  0.0623, -0.1217,  0.1587],
        [ 0.0019, -0.1690, -0.1299,  ..., -0.0539,  0.1072,  0.0660],
        ...,
        [ 0.0031, -0.0128,  0.1055,  ...,  0.1465, -0.1129,  0.1556],
        [ 0.1206, -0.0207,  0.0259,  ...,  0.1489,  0.1140, -0.0493],
        [ 0.1205, -0.0116,  0.1946,  ...,  0.1560,  0.0403,  0.0531]],
       device='cuda:0', requires_grad=True)

Parameter name: linear_1.bias
Shape: torch.Size([32])
Values: Parameter containing:
tensor([ 0.0396,  0.0713,  0.0347, -0.0130, -0.0784, -0.0764,  0.0222, -0.1329,
         0.0708, -0.0933,  0.1876, -0.1855,  0.1155,  0.0447, -0.1983,  0.0197,
        -0.0805, -0.1053, -0.0359, -0.0823,  0.0739,  0.1715, -0.1311,  0.1395,
        -0.1313, -0.0682,  0.1493, -0.1089, -0.0559, -0.0058,  0.0354, -0.0399],
       device='cuda:0', requires_grad=True)

Parameter name: linear_2.weight
Shape: torch.Size([1, 32])
Values: Parameter containing:
tensor([[ 0.1536,  0.0485, -0.1945, -0.1207,  0.0192, -0.0147, -0.0722,  0.0839,
          0.0455, -0.0806, -0.0723,  0.0868,  0.0387, -0.0220,  0.1235,  0.0155,
         -0.1341, -0.1826,  0.0053,  0.0843, -0.1080, -0.1098, -0.0959, -0.0012,
          0.1306,  0.1591, -0.1660,  0.1532, -0.0675, -0.1699,  0.1377,  0.1760]],
       device='cuda:0', requires_grad=True)

Parameter name: linear_2.bias
Shape: torch.Size([1])
Values: Parameter containing:
tensor([-0.0438], device='cuda:0', requires_grad=True)

