Parameter name: road_linear_0.weight
Shape: torch.Size([32, 16])
Values: Parameter containing:
tensor([[ 1.2542e-01, -1.3485e-01, -1.8506e-01, -4.5187e-01, -1.0812e-01,
         -4.7194e-01,  5.1430e-01, -4.1851e-01,  3.3918e-01, -2.6903e-01,
         -1.6273e-01,  4.6814e-01, -3.8342e-01, -5.3029e-01,  1.9643e-03,
         -1.2332e-01],
        [ 1.6925e-01, -6.2129e-01, -2.7423e-01, -4.6482e-01, -3.3035e-01,
         -3.8388e-01,  3.8751e-01, -2.1460e-01,  5.6452e-01, -4.0563e-01,
         -1.6871e-01,  3.6557e-01, -9.0973e-02, -2.2198e-01,  3.1648e-02,
         -2.4507e-01],
        [ 9.4586e-02, -2.9411e-01, -1.7474e-01, -2.1336e-01, -5.9881e-02,
         -6.2440e-01,  5.5460e-01, -4.6196e-01,  5.8394e-01, -2.6661e-01,
         -2.9825e-01,  1.9431e-01, -4.9723e-02, -1.3972e-01, -3.8451e-02,
         -2.1626e-01],
        [-1.0765e-01,  3.7757e-01,  2.7693e-01,  3.6946e-01,  2.5794e-01,
          4.1446e-01, -3.6619e-01,  2.9515e-01, -5.7244e-01,  1.2695e-01,
          2.1524e-01, -2.5373e-01,  3.7367e-01,  4.1585e-02,  1.6332e-01,
          3.1378e-01],
        [ 3.1391e-01, -2.2110e-01, -3.5416e-01, -4.7587e-01, -1.6120e-01,
         -5.4218e-01,  2.6700e-01, -8.2654e-02,  3.1608e-01, -2.3727e-01,
         -1.2084e-01,  4.6413e-01, -1.3256e-01, -4.2276e-01, -8.9777e-02,
         -3.3099e-01],
        [ 4.2364e-01, -1.3775e-01, -5.2917e-01, -5.3946e-02,  1.4699e-02,
         -6.6482e-01,  4.8749e-01, -3.8796e-01,  4.2293e-01, -3.3179e-01,
         -5.7220e-01,  5.4955e-01, -3.4821e-01, -5.1162e-02,  5.5061e-02,
         -2.5185e-01],
        [-9.7523e-02,  3.9296e-01,  5.7263e-01,  2.6340e-01,  1.4718e-01,
          2.7760e-01, -4.1224e-01,  1.1282e-01, -4.4701e-01,  4.9614e-01,
          3.1085e-01, -5.5815e-01,  6.2727e-02,  4.1512e-01, -1.2027e-01,
          3.5955e-01],
        [-5.0968e-01,  6.1891e-01,  5.5084e-01,  8.1672e-02, -7.4533e-02,
          3.1431e-01, -3.4451e-01,  8.2394e-02, -4.0050e-01,  2.9485e-01,
          3.6106e-01, -5.7057e-01,  4.0674e-01,  1.2230e-01,  1.6345e-01,
          5.4906e-01],
        [-2.7043e-01,  6.1392e-01,  5.2931e-01,  2.0069e-01,  2.9430e-01,
          3.3785e-01, -4.5665e-01,  3.3420e-01, -2.1603e-01,  2.6984e-01,
          2.4554e-01, -5.8597e-01,  8.0432e-02,  4.3527e-01,  8.6741e-02,
          2.6354e-01],
        [ 1.4238e-01, -3.7657e-01, -2.5962e-01, -4.6654e-01, -2.2805e-01,
         -4.7031e-01,  2.5672e-01, -1.3845e-01,  4.2817e-01, -5.2894e-01,
         -1.2284e-01,  6.1383e-01, -3.4468e-01, -2.5857e-01, -1.4888e-01,
         -3.6066e-01],
        [ 6.7922e-02, -1.9504e-01, -2.3626e-01, -4.8539e-01, -3.2285e-01,
         -2.3302e-01,  4.3727e-01, -2.6107e-01,  4.9537e-01, -2.8102e-01,
         -2.0422e-01,  6.3318e-01, -2.6652e-01, -4.6326e-02, -3.4439e-01,
         -4.8851e-01],
        [ 1.7411e-01, -4.3631e-01, -1.9833e-01, -3.4376e-01, -1.1759e-01,
         -4.8087e-01,  5.7778e-01, -2.1516e-01,  3.3083e-01, -1.6124e-01,
         -6.6211e-02,  6.5939e-01, -4.3908e-01, -4.2883e-01, -2.6204e-01,
         -3.6946e-01],
        [-1.6305e-01,  4.1291e-01,  3.2767e-01,  2.9892e-01,  1.4637e-01,
          5.4979e-01, -2.9081e-01,  9.3456e-02, -4.7910e-01,  4.4705e-01,
          1.8529e-01, -6.3817e-01,  4.9509e-02,  3.3588e-01,  4.3553e-02,
          2.3529e-01],
        [-2.0713e-01,  6.3920e-01,  5.4210e-01,  4.2990e-01, -1.9235e-02,
          5.6149e-01, -2.7992e-01,  2.6979e-01, -4.0051e-01,  3.4980e-01,
          1.7827e-01, -4.9835e-01,  2.4012e-01,  2.6127e-01, -5.5245e-02,
          4.1638e-01],
        [-3.5709e-01,  1.8439e-01,  4.4989e-01, -3.0822e-02,  3.3691e-01,
          6.2519e-01, -4.2855e-01,  1.1146e-01, -4.1428e-01,  2.9058e-01,
          2.5733e-01, -4.8902e-01,  2.8048e-01,  2.2349e-01,  6.4566e-02,
          3.0598e-01],
        [-5.2206e-01,  2.1945e-01,  3.8247e-01,  5.2925e-01,  2.3146e-03,
          6.4874e-01, -3.9473e-01,  1.1254e-01, -3.3223e-01,  4.7171e-01,
          3.3021e-01, -2.2241e-01,  2.3074e-01,  1.2193e-01,  4.1356e-01,
          2.6054e-01],
        [-5.1992e-02,  5.6349e-01,  3.8962e-01,  8.5249e-02, -6.3972e-02,
          5.0907e-01, -3.5024e-01,  3.0513e-01, -5.6482e-01,  3.3410e-01,
          5.3171e-01, -3.1158e-01,  4.8226e-01,  4.9446e-01,  1.4527e-01,
          1.6223e-01],
        [ 1.1033e-01, -3.0230e-01, -4.4885e-01, -2.7849e-01, -1.0543e-01,
         -3.1022e-01,  5.4423e-01, -5.8978e-02,  3.6087e-01, -2.2474e-01,
         -4.3700e-01,  3.5264e-01, -3.1178e-01, -4.5526e-01,  5.5594e-02,
         -3.8947e-01],
        [-1.6496e-01,  3.8156e-01,  3.4861e-01,  1.1829e-01,  8.6185e-02,
          1.8304e-01, -5.0668e-01,  3.3943e-01, -5.3090e-01,  3.7727e-01,
          2.9704e-01, -6.5368e-01,  3.0094e-01,  3.8151e-01,  3.3265e-01,
          3.7793e-01],
        [ 4.0607e-01, -3.7254e-01, -2.6298e-01, -1.4283e-01, -3.0020e-01,
         -4.8620e-01,  1.9635e-01,  6.4451e-03,  3.9641e-01, -4.2100e-01,
         -3.0793e-01,  4.6490e-01, -4.5054e-01, -2.5831e-01, -2.0065e-02,
         -3.0635e-01],
        [ 2.0478e-01, -1.7972e-01, -2.1784e-01, -5.1085e-01, -1.8009e-02,
         -6.4221e-01,  5.4188e-01,  2.1868e-02,  3.6456e-01, -4.5172e-01,
         -4.6223e-01,  3.3489e-01, -3.0515e-01, -4.1041e-01,  8.4380e-02,
         -4.3357e-01],
        [ 3.9035e-01, -6.4988e-01, -2.2477e-01, -7.0935e-02, -3.4278e-01,
         -5.3670e-01,  4.7935e-01, -4.4500e-01,  1.7626e-01, -2.6695e-01,
         -6.6790e-02,  3.6944e-01, -2.9171e-01, -5.3847e-01, -4.5956e-01,
         -1.0867e-01],
        [-6.8708e-02,  2.9869e-01,  2.4081e-01,  2.7917e-01,  2.7093e-01,
          1.6904e-01, -5.4903e-01,  8.3371e-02, -4.4781e-01,  3.6052e-01,
          4.7585e-01, -4.0003e-01,  6.4264e-02,  5.2996e-01,  3.6617e-01,
          4.1016e-01],
        [-1.0457e-01,  4.9719e-01,  5.5517e-01,  3.8744e-02,  8.8281e-03,
          4.0381e-01, -4.5747e-01,  3.2707e-02, -5.8090e-01,  1.7046e-01,
          2.6708e-01, -2.2947e-01,  4.3429e-01,  3.7791e-01,  3.8743e-02,
          2.3607e-01],
        [-1.3299e-01,  1.6489e-01,  3.2862e-01,  3.4765e-01,  4.1834e-01,
          2.6601e-01, -1.6270e-01,  1.6992e-01, -5.2485e-01,  5.9627e-01,
          5.1819e-01, -6.2293e-01,  1.2465e-01,  4.2081e-01,  6.4014e-02,
          4.9625e-01],
        [-3.9524e-01,  3.1005e-01,  2.7328e-01,  5.2288e-01,  6.4924e-02,
          4.1425e-01, -2.5647e-01,  4.7657e-02, -3.4517e-01,  1.6592e-01,
          7.9601e-02, -5.0117e-01,  3.0210e-01,  5.2493e-01, -7.1274e-02,
          2.7228e-01],
        [-2.2045e-01,  4.0935e-01,  4.5916e-01,  8.9359e-02,  2.5464e-02,
          2.8701e-01, -6.0581e-01,  2.5763e-01, -5.7293e-01,  4.8908e-01,
          2.1365e-01, -4.9012e-01,  3.6030e-01,  4.8972e-01,  3.1648e-01,
          4.7943e-01],
        [ 1.0349e-01, -3.5795e-01, -1.8878e-01, -2.2997e-01, -3.6043e-04,
         -6.2774e-01,  6.3793e-01, -2.5918e-01,  1.3837e-01, -4.2718e-01,
         -8.9863e-02,  3.6307e-01, -3.3912e-01, -4.1136e-01, -4.0716e-01,
         -2.9597e-01],
        [-5.3889e-02,  4.4417e-01,  3.3358e-01,  2.9124e-01, -2.4209e-02,
          3.1506e-01, -4.0028e-01,  7.2384e-03, -2.1668e-01,  3.9236e-01,
          3.2227e-01, -4.5420e-01,  4.7049e-01,  5.2375e-01,  3.3306e-01,
          4.6164e-01],
        [ 2.1495e-01, -2.2953e-01, -5.0319e-01, -1.8320e-01, -2.8005e-01,
         -3.9855e-01,  5.9404e-01, -2.9233e-02,  5.5828e-01, -2.7513e-01,
         -1.3749e-01,  5.3421e-01, -1.1533e-01, -1.6972e-01, -4.6731e-02,
         -4.3403e-01],
        [ 9.7766e-02, -4.4765e-01, -2.2372e-01, -4.1916e-01, -6.9733e-02,
         -2.1062e-01,  6.0200e-01, -3.4738e-01,  4.0676e-01, -1.9781e-01,
         -5.3606e-01,  5.9611e-01, -4.0887e-01, -4.7139e-01, -2.7258e-01,
         -4.2041e-01],
        [-2.9960e-01,  4.5455e-01,  4.4462e-01,  3.5877e-01,  2.9992e-01,
          2.5245e-01, -6.2717e-01, -3.8694e-02, -4.4632e-01,  2.2708e-01,
          3.9336e-01, -5.9760e-01,  5.9692e-02,  4.0563e-01,  5.3324e-03,
          3.7518e-01]], device='cuda:0', requires_grad=True)

Parameter name: road_linear_0.bias
Shape: torch.Size([32])
Values: Parameter containing:
tensor([-0.0364,  0.1075,  0.0690, -0.1217, -0.0012, -0.0104, -0.0546,  0.0746,
        -0.0340,  0.1123,  0.1779,  0.0695, -0.0565, -0.0318, -0.0150, -0.0522,
        -0.1730,  0.0410, -0.1074, -0.0403,  0.0693,  0.0536, -0.2390, -0.0549,
        -0.2177,  0.1656, -0.0694,  0.1268, -0.1391,  0.0238,  0.1590, -0.0696],
       device='cuda:0', requires_grad=True)

Parameter name: road_linear_1.weight
Shape: torch.Size([1, 32])
Values: Parameter containing:
tensor([[ 0.3852,  0.5215,  0.3816, -0.4310,  0.4143,  0.5545, -0.4449, -0.5963,
         -0.4932,  0.5548,  0.4867,  0.6006, -0.5140, -0.5999, -0.4095, -0.4998,
         -0.5000,  0.4020, -0.4399,  0.3950,  0.5270,  0.5887, -0.5728, -0.4717,
         -0.4874, -0.4355, -0.5269,  0.4588, -0.4905,  0.5607,  0.4970, -0.4356]],
       device='cuda:0', requires_grad=True)

Parameter name: linear_0.weight
Shape: torch.Size([32, 39])
Values: Parameter containing:
tensor([[ 0.0310, -0.1082,  0.2772,  ...,  0.0370, -0.1409, -0.1137],
        [-0.0059, -0.1079, -0.1069,  ..., -0.0255, -0.1400,  0.0871],
        [-0.1170,  0.0868,  0.3338,  ...,  0.1516,  0.0493,  0.0345],
        ...,
        [ 0.0709, -0.1025, -0.0679,  ..., -0.1147, -0.0687, -0.1180],
        [-0.0268, -0.1132,  0.2135,  ..., -0.1376, -0.0647,  0.1557],
        [-0.1772,  0.1138,  0.0514,  ..., -0.0287, -0.1640, -0.0509]],
       device='cuda:0', requires_grad=True)

Parameter name: linear_0.bias
Shape: torch.Size([32])
Values: Parameter containing:
tensor([ 0.0758,  0.0834, -0.1275, -0.0885, -0.0233, -0.0038, -0.1378,  0.0795,
        -0.0593,  0.1196,  0.0619, -0.0597, -0.0027,  0.0749, -0.0962, -0.0548,
         0.1028, -0.1170, -0.0299,  0.0069, -0.0955,  0.0722,  0.0485, -0.0357,
        -0.0559,  0.0565, -0.0097, -0.1576,  0.0836,  0.1587,  0.1072, -0.1082],
       device='cuda:0', requires_grad=True)

Parameter name: linear_1.weight
Shape: torch.Size([32, 32])
Values: Parameter containing:
tensor([[ 0.1822, -0.0697, -0.1087,  ..., -0.0246, -0.1243,  0.1605],
        [-0.0775,  0.0929,  0.0678,  ...,  0.0596, -0.1209,  0.1564],
        [ 0.0036, -0.1700, -0.1288,  ..., -0.0512,  0.1046,  0.0663],
        ...,
        [ 0.0050, -0.0158,  0.1079,  ...,  0.1492, -0.1142,  0.1589],
        [ 0.1169, -0.0163,  0.0233,  ...,  0.1458,  0.1151, -0.0528],
        [ 0.1194, -0.0096,  0.1941,  ...,  0.1525,  0.0437,  0.0515]],
       device='cuda:0', requires_grad=True)

Parameter name: linear_1.bias
Shape: torch.Size([32])
Values: Parameter containing:
tensor([ 0.0407,  0.0726,  0.0330, -0.0146, -0.0799, -0.0764,  0.0210, -0.1309,
         0.0734, -0.0955,  0.1853, -0.1845,  0.1169,  0.0458, -0.1966,  0.0218,
        -0.0833, -0.1073, -0.0323, -0.0811,  0.0723,  0.1695, -0.1330,  0.1427,
        -0.1290, -0.0659,  0.1471, -0.1063, -0.0575, -0.0081,  0.0376, -0.0386],
       device='cuda:0', requires_grad=True)

Parameter name: linear_2.weight
Shape: torch.Size([1, 32])
Values: Parameter containing:
tensor([[ 0.1464,  0.0494, -0.1904, -0.1137,  0.0214, -0.0100, -0.0663,  0.0821,
          0.0463, -0.0796, -0.0706,  0.0827,  0.0404, -0.0054,  0.1193,  0.0212,
         -0.1356, -0.1811,  0.0035,  0.0800, -0.1034, -0.1098, -0.0996,  0.0011,
          0.1280,  0.1581, -0.1628,  0.1514, -0.0672, -0.1672,  0.1270,  0.1711]],
       device='cuda:0', requires_grad=True)

Parameter name: linear_2.bias
Shape: torch.Size([1])
Values: Parameter containing:
tensor([-0.0410], device='cuda:0', requires_grad=True)

