Parameter name: road_linear_0.weight
Shape: torch.Size([32, 16])
Values: Parameter containing:
tensor([[ 0.1241, -0.1312, -0.1828, -0.4520, -0.1044, -0.4833,  0.5162, -0.4107,
          0.3463, -0.2749, -0.1711,  0.4698, -0.3879, -0.5340,  0.0110, -0.1210],
        [ 0.1663, -0.6178, -0.2732, -0.4653, -0.3276, -0.3936,  0.3896, -0.2060,
          0.5705, -0.4115, -0.1760,  0.3672, -0.0957, -0.2253,  0.0392, -0.2430],
        [ 0.0910, -0.2892, -0.1709, -0.2123, -0.0532, -0.6386,  0.5576, -0.4500,
          0.5972, -0.2766, -0.3069,  0.1958, -0.0567, -0.1454, -0.0282, -0.2114],
        [-0.1034,  0.3736,  0.2745,  0.3687,  0.2519,  0.4256, -0.3684,  0.2834,
         -0.5800,  0.1338,  0.2209, -0.2550,  0.3792,  0.0449,  0.1553,  0.3099],
        [ 0.3114, -0.2169, -0.3518, -0.4756, -0.1560, -0.5524,  0.2693, -0.0728,
          0.3226, -0.2429, -0.1264,  0.4650, -0.1379, -0.4258, -0.0814, -0.3275],
        [ 0.4209, -0.1342, -0.5277, -0.0542,  0.0176, -0.6753,  0.4892, -0.3795,
          0.4287, -0.3376, -0.5799,  0.5512, -0.3523, -0.0544,  0.0626, -0.2496],
        [-0.0964,  0.3894,  0.5715,  0.2642,  0.1449,  0.2882, -0.4144,  0.1056,
         -0.4539,  0.5022,  0.3215, -0.5596,  0.0672,  0.4191, -0.1290,  0.3575],
        [-0.5065,  0.6154,  0.5499,  0.0819, -0.0778,  0.3243, -0.3465,  0.0734,
         -0.4060,  0.3003,  0.3681, -0.5715,  0.4113,  0.1252,  0.1566,  0.5463],
        [-0.2646,  0.6093,  0.5279,  0.2012,  0.2895,  0.3533, -0.4609,  0.3201,
         -0.2332,  0.2834,  0.2585, -0.5886,  0.0900,  0.4444,  0.0770,  0.2593],
        [ 0.1407, -0.3731, -0.2580, -0.4667, -0.2248, -0.4792,  0.2584, -0.1311,
          0.4332, -0.5335, -0.1290,  0.6148, -0.3488, -0.2612, -0.1412, -0.3583],
        [ 0.0645, -0.1914, -0.2347, -0.4854, -0.3184, -0.2445,  0.4395, -0.2504,
          0.5021, -0.2875, -0.2115,  0.6347, -0.2714, -0.0497, -0.3367, -0.4856],
        [ 0.1719, -0.4326, -0.1961, -0.3434, -0.1134, -0.4891,  0.5794, -0.2064,
          0.3354, -0.1654, -0.0703,  0.6599, -0.4432, -0.4309, -0.2548, -0.3663],
        [-0.1619,  0.4089,  0.3258,  0.2991,  0.1422,  0.5615, -0.2930,  0.0849,
         -0.4855,  0.4528,  0.1949, -0.6390,  0.0536,  0.3391,  0.0351,  0.2320],
        [-0.2045,  0.6356,  0.5409,  0.4302, -0.0222,  0.5705, -0.2817,  0.2617,
         -0.4056,  0.3548,  0.1847, -0.4993,  0.2445,  0.2641, -0.0624,  0.4138],
        [-0.3545,  0.1800,  0.4470, -0.0314,  0.3313,  0.6370, -0.4308,  0.1010,
         -0.4222,  0.2971,  0.2642, -0.4900,  0.2861,  0.2271,  0.0554,  0.3019],
        [-0.5198,  0.2155,  0.3798,  0.5285, -0.0038,  0.6599, -0.3965,  0.1019,
         -0.3373,  0.4765,  0.3345, -0.2229,  0.2346,  0.1238,  0.4064,  0.2567],
        [-0.0499,  0.5604,  0.3885,  0.0858, -0.0654,  0.5171, -0.3518,  0.2987,
         -0.5708,  0.3395,  0.5391, -0.3131,  0.4868,  0.4979,  0.1371,  0.1606],
        [ 0.1085, -0.2990, -0.4475, -0.2790, -0.1029, -0.3207,  0.5462, -0.0514,
          0.3682, -0.2311, -0.4461,  0.3545, -0.3165, -0.4593,  0.0643, -0.3878],
        [-0.1619,  0.3783,  0.3476,  0.1187,  0.0837,  0.1932, -0.5087,  0.3306,
         -0.5383,  0.3839,  0.3061, -0.6552,  0.3061,  0.3856,  0.3243,  0.3758],
        [ 0.4043, -0.3685, -0.2609, -0.1430, -0.2962, -0.4977,  0.1987,  0.0150,
          0.4043, -0.4274, -0.3165,  0.4662, -0.4561, -0.2624, -0.0105, -0.3034],
        [ 0.2042, -0.1766, -0.2162, -0.5114, -0.0158, -0.6510,  0.5434,  0.0276,
          0.3697, -0.4564, -0.4697,  0.3365, -0.3085, -0.4134,  0.0923, -0.4323],
        [ 0.3856, -0.6450, -0.2217, -0.0696, -0.3355, -0.5483,  0.4811, -0.4321,
          0.1814, -0.2722, -0.0705,  0.3691, -0.2965, -0.5401, -0.4527, -0.1029],
        [-0.0656,  0.2959,  0.2403,  0.2797,  0.2689,  0.1788, -0.5508,  0.0753,
         -0.4536,  0.3666,  0.4845, -0.4020,  0.0682,  0.5334,  0.3592,  0.4088],
        [-0.1029,  0.4939,  0.5534,  0.0386,  0.0056,  0.4125, -0.4591,  0.0256,
         -0.5863,  0.1752,  0.2729, -0.2304,  0.4385,  0.3806,  0.0309,  0.2337],
        [-0.1312,  0.1615,  0.3279,  0.3489,  0.4177,  0.2729, -0.1648,  0.1638,
         -0.5313,  0.6019,  0.5256, -0.6247,  0.1303,  0.4250,  0.0549,  0.4951],
        [-0.3942,  0.3063,  0.2713,  0.5230,  0.0612,  0.4240, -0.2584,  0.0404,
         -0.3508,  0.1706,  0.0860, -0.5021,  0.3066,  0.5278, -0.0797,  0.2697],
        [-0.2190,  0.4064,  0.4579,  0.0895,  0.0232,  0.2948, -0.6071,  0.2511,
         -0.5784,  0.4939,  0.2212, -0.4911,  0.3638,  0.4928,  0.3087,  0.4775],
        [ 0.1012, -0.3524, -0.1830, -0.2271,  0.0096, -0.6403,  0.6398, -0.2462,
          0.1450, -0.4319, -0.0919,  0.3616, -0.3442, -0.4123, -0.3981, -0.2887],
        [-0.0512,  0.4412,  0.3321,  0.2910, -0.0279,  0.3240, -0.4018, -0.0013,
         -0.2224,  0.3975,  0.3285, -0.4552,  0.4748,  0.5266,  0.3256,  0.4593],
        [ 0.2135, -0.2259, -0.5014, -0.1832, -0.2759, -0.4100,  0.5957, -0.0211,
          0.5634, -0.2801, -0.1454,  0.5351, -0.1188, -0.1723, -0.0392, -0.4312],
        [ 0.0949, -0.4447, -0.2230, -0.4200, -0.0685, -0.2199,  0.6038, -0.3394,
          0.4136, -0.2043, -0.5450,  0.5982, -0.4136, -0.4755, -0.2646, -0.4191],
        [-0.2973,  0.4511,  0.4436,  0.3597,  0.2978,  0.2620, -0.6294, -0.0471,
         -0.4536,  0.2336,  0.4022, -0.5994,  0.0649,  0.4099, -0.0033,  0.3734]],
       device='cuda:0', requires_grad=True)

Parameter name: road_linear_0.bias
Shape: torch.Size([32])
Values: Parameter containing:
tensor([-0.0390,  0.1031,  0.0644, -0.1162, -0.0046, -0.0145, -0.0524,  0.0788,
        -0.0272,  0.1097,  0.1730,  0.0665, -0.0544, -0.0281, -0.0116, -0.0490,
        -0.1696,  0.0378, -0.1031, -0.0430,  0.0675,  0.0482, -0.2341, -0.0522,
        -0.2146,  0.1676, -0.0669,  0.1244, -0.1354,  0.0214,  0.1545, -0.0659],
       device='cuda:0', requires_grad=True)

Parameter name: road_linear_1.weight
Shape: torch.Size([1, 32])
Values: Parameter containing:
tensor([[ 0.3866,  0.5223,  0.3840, -0.4315,  0.4150,  0.5563, -0.4462, -0.5968,
         -0.4922,  0.5556,  0.4864,  0.6009, -0.5155, -0.6006, -0.4111, -0.5005,
         -0.5016,  0.4033, -0.4403,  0.3968,  0.5289,  0.5876, -0.5732, -0.4732,
         -0.4887, -0.4367, -0.5277,  0.4592, -0.4909,  0.5618,  0.4975, -0.4364]],
       device='cuda:0', requires_grad=True)

Parameter name: linear_0.weight
Shape: torch.Size([32, 39])
Values: Parameter containing:
tensor([[ 2.6961e-02, -1.0733e-01,  2.8241e-01,  ...,  3.6956e-02,
         -1.4001e-01, -1.1368e-01],
        [-3.2586e-04, -1.0802e-01, -1.1055e-01,  ..., -2.5484e-02,
         -1.3970e-01,  8.7102e-02],
        [-1.1991e-01,  8.7259e-02,  3.3707e-01,  ...,  1.5159e-01,
          5.0315e-02,  3.4476e-02],
        ...,
        [ 7.7386e-02, -1.0219e-01, -7.1998e-02,  ..., -1.1473e-01,
         -6.8181e-02, -1.1801e-01],
        [-3.1082e-02, -1.1485e-01,  2.1942e-01,  ..., -1.3762e-01,
         -6.4830e-02,  1.5567e-01],
        [-1.8872e-01,  1.1549e-01,  5.7316e-02,  ..., -2.8738e-02,
         -1.6382e-01, -5.0854e-02]], device='cuda:0', requires_grad=True)

Parameter name: linear_0.bias
Shape: torch.Size([32])
Values: Parameter containing:
tensor([ 0.0767,  0.0837, -0.1265, -0.0887, -0.0246, -0.0036, -0.1380,  0.0791,
        -0.0595,  0.1189,  0.0613, -0.0588, -0.0021,  0.0754, -0.0958, -0.0553,
         0.1021, -0.1165, -0.0316,  0.0060, -0.0953,  0.0718,  0.0497, -0.0347,
        -0.0563,  0.0567, -0.0092, -0.1574,  0.0841,  0.1592,  0.1070, -0.1080],
       device='cuda:0', requires_grad=True)

Parameter name: linear_1.weight
Shape: torch.Size([32, 32])
Values: Parameter containing:
tensor([[ 0.1845, -0.0720, -0.1077,  ..., -0.0232, -0.1240,  0.1621],
        [-0.0754,  0.0909,  0.0693,  ...,  0.0606, -0.1200,  0.1584],
        [ 0.0010, -0.1678, -0.1298,  ..., -0.0526,  0.1043,  0.0650],
        ...,
        [ 0.0028, -0.0136,  0.1066,  ...,  0.1480, -0.1148,  0.1569],
        [ 0.1201, -0.0194,  0.0251,  ...,  0.1471,  0.1161, -0.0500],
        [ 0.1218, -0.0119,  0.1947,  ...,  0.1541,  0.0437,  0.0531]],
       device='cuda:0', requires_grad=True)

Parameter name: linear_1.bias
Shape: torch.Size([32])
Values: Parameter containing:
tensor([ 0.0408,  0.0722,  0.0329, -0.0144, -0.0800, -0.0767,  0.0211, -0.1314,
         0.0729, -0.0950,  0.1855, -0.1843,  0.1166,  0.0459, -0.1966,  0.0214,
        -0.0827, -0.1071, -0.0325, -0.0810,  0.0726,  0.1698, -0.1326,  0.1423,
        -0.1294, -0.0661,  0.1474, -0.1068, -0.0571, -0.0079,  0.0371, -0.0383],
       device='cuda:0', requires_grad=True)

Parameter name: linear_2.weight
Shape: torch.Size([1, 32])
Values: Parameter containing:
tensor([[ 0.1528,  0.0493, -0.1930, -0.1207,  0.0216, -0.0208, -0.0701,  0.0838,
          0.0468, -0.0807, -0.0723,  0.0852,  0.0415, -0.0176,  0.1224,  0.0181,
         -0.1354, -0.1846,  0.0123,  0.0820, -0.1051, -0.1116, -0.1028,  0.0006,
          0.1290,  0.1603, -0.1647,  0.1521, -0.0681, -0.1685,  0.1342,  0.1741]],
       device='cuda:0', requires_grad=True)

Parameter name: linear_2.bias
Shape: torch.Size([1])
Values: Parameter containing:
tensor([-0.0416], device='cuda:0', requires_grad=True)

