Parameter name: road_linear_0.weight
Shape: torch.Size([32, 16])
Values: Parameter containing:
tensor([[ 1.1298e-01, -8.8844e-02, -1.4944e-01, -4.5038e-01, -5.9106e-02,
         -4.1087e-01,  4.9714e-01, -3.5631e-01,  3.1051e-01, -2.4968e-01,
         -9.5202e-02,  4.5318e-01, -3.4136e-01, -5.0437e-01,  9.7558e-03,
         -9.9380e-02],
        [ 1.6149e-01, -5.7900e-01, -2.4033e-01, -4.6154e-01, -2.8710e-01,
         -3.3071e-01,  3.7011e-01, -1.6917e-01,  5.4219e-01, -3.8633e-01,
         -1.2062e-01,  3.5191e-01, -4.9324e-02, -2.0124e-01,  4.3440e-02,
         -2.2784e-01],
        [ 9.8535e-02, -2.1819e-01, -9.2380e-02, -1.9765e-01,  3.6610e-02,
         -5.2901e-01,  5.0759e-01, -4.0094e-01,  5.2639e-01, -2.0706e-01,
         -2.1078e-01,  1.5437e-01,  3.7460e-02, -9.1199e-02,  7.4326e-03,
         -1.8573e-01],
        [-1.0084e-01,  3.2176e-01,  2.2557e-01,  3.6161e-01,  1.9273e-01,
          3.5045e-01, -3.3739e-01,  2.4692e-01, -5.4720e-01,  9.9583e-02,
          1.7365e-01, -2.3496e-01,  3.1175e-01,  2.0085e-02,  1.3059e-01,
          2.9902e-01],
        [ 2.9183e-01, -1.7498e-01, -3.1409e-01, -4.7114e-01, -1.1569e-01,
         -4.8556e-01,  2.4330e-01, -2.9815e-02,  2.9266e-01, -2.1971e-01,
         -7.9826e-02,  4.5117e-01, -7.7569e-02, -4.0143e-01, -7.3218e-02,
         -3.1555e-01],
        [ 4.2561e-01, -8.8810e-02, -4.9224e-01, -5.1203e-02,  6.9319e-02,
         -6.0405e-01,  4.7158e-01, -3.4381e-01,  4.0128e-01, -3.0822e-01,
         -5.1399e-01,  5.3188e-01, -3.1243e-01, -3.1202e-02,  7.2532e-02,
         -2.3135e-01],
        [-9.1179e-02,  3.4680e-01,  5.3517e-01,  2.6131e-01,  9.3570e-02,
          2.1327e-01, -3.9566e-01,  4.5706e-02, -4.1203e-01,  4.7053e-01,
          2.1819e-01, -5.3885e-01,  2.3231e-02,  3.8213e-01, -1.2328e-01,
          3.2689e-01],
        [-4.9577e-01,  5.7189e-01,  5.1630e-01,  8.1504e-02, -1.1288e-01,
          2.5459e-01, -3.2837e-01,  2.9178e-02, -3.7906e-01,  2.7882e-01,
          3.1005e-01, -5.5882e-01,  3.6406e-01,  1.0147e-01,  1.5240e-01,
          5.3121e-01],
        [-2.5500e-01,  5.4612e-01,  4.6123e-01,  2.0000e-01,  2.3304e-01,
          2.4439e-01, -4.1728e-01,  2.6238e-01, -1.5740e-01,  2.3098e-01,
          1.6317e-01, -5.6375e-01, -1.7967e-02,  3.8223e-01,  6.4535e-02,
          2.3993e-01],
        [ 1.2361e-01, -3.3958e-01, -2.3373e-01, -4.6757e-01, -1.9815e-01,
         -4.2453e-01,  2.4425e-01, -8.8850e-02,  4.0983e-01, -5.1906e-01,
         -8.0932e-02,  6.0680e-01, -3.0811e-01, -2.4111e-01, -1.4569e-01,
         -3.4600e-01],
        [ 5.1179e-02, -1.5395e-01, -2.0299e-01, -4.8299e-01, -2.8275e-01,
         -1.7234e-01,  4.1738e-01, -2.1331e-01,  4.7465e-01, -2.6539e-01,
         -1.6112e-01,  6.2374e-01, -2.2115e-01, -2.8194e-02, -3.3258e-01,
         -4.7738e-01],
        [ 1.5413e-01, -4.0052e-01, -1.7327e-01, -3.4548e-01, -9.0642e-02,
         -4.4015e-01,  5.6478e-01, -1.7121e-01,  3.1722e-01, -1.5418e-01,
         -3.9061e-02,  6.5521e-01, -4.0125e-01, -4.1672e-01, -2.5458e-01,
         -3.6124e-01],
        [-1.4982e-01,  3.6683e-01,  2.9099e-01,  2.9760e-01,  9.6304e-02,
          4.7981e-01, -2.7311e-01,  2.5243e-02, -4.5028e-01,  4.2650e-01,
          9.8070e-02, -6.2213e-01,  1.1662e-02,  3.0864e-01,  3.6633e-02,
          2.0828e-01],
        [-1.9671e-01,  5.9525e-01,  5.1074e-01,  4.2985e-01, -5.7006e-02,
          5.1106e-01, -2.6625e-01,  2.2201e-01, -3.8108e-01,  3.3481e-01,
          1.3253e-01, -4.8723e-01,  2.0230e-01,  2.4248e-01, -6.4723e-02,
          3.9933e-01],
        [-3.3983e-01,  1.3116e-01,  4.0436e-01, -3.3506e-02,  2.8241e-01,
          5.5754e-01, -4.0464e-01,  4.9616e-02, -3.8528e-01,  2.6907e-01,
          2.0184e-01, -4.7343e-01,  2.2287e-01,  1.9746e-01,  4.6216e-02,
          2.8614e-01],
        [-4.8947e-01,  1.8210e-01,  3.5415e-01,  5.2822e-01, -2.6433e-02,
          5.8892e-01, -3.7528e-01,  6.7592e-02, -3.2136e-01,  4.6648e-01,
          3.0657e-01, -2.1949e-01,  1.8973e-01,  1.1293e-01,  4.0172e-01,
          2.5668e-01],
        [-7.3701e-02,  5.0757e-01,  3.4732e-01,  8.3090e-02, -1.2871e-01,
          4.6033e-01, -3.3705e-01,  2.6246e-01, -5.3630e-01,  3.0277e-01,
          4.6830e-01, -2.8909e-01,  4.4400e-01,  4.6831e-01,  1.2530e-01,
          1.3414e-01],
        [ 1.0909e-01, -2.5214e-01, -4.0728e-01, -2.7418e-01, -4.7517e-02,
         -2.4816e-01,  5.2507e-01, -3.7666e-03,  3.2798e-01, -1.9650e-01,
         -3.6371e-01,  3.3191e-01, -2.6686e-01, -4.2533e-01,  6.8460e-02,
         -3.6166e-01],
        [-1.6499e-01,  3.3218e-01,  3.1052e-01,  1.1823e-01,  3.5234e-02,
          1.2480e-01, -4.9128e-01,  2.8412e-01, -4.9956e-01,  3.5310e-01,
          2.2979e-01, -6.3802e-01,  2.5480e-01,  3.5316e-01,  3.2362e-01,
          3.5419e-01],
        [ 3.8885e-01, -3.2082e-01, -2.1967e-01, -1.4002e-01, -2.4718e-01,
         -4.1893e-01,  1.7450e-01,  7.4879e-02,  3.6329e-01, -3.9863e-01,
         -2.3924e-01,  4.4738e-01, -3.9665e-01, -2.2756e-01, -8.1247e-03,
         -2.8044e-01],
        [ 1.9942e-01, -1.4145e-01, -1.8883e-01, -5.0842e-01,  2.4648e-02,
         -5.9477e-01,  5.2883e-01,  6.6085e-02,  3.4291e-01, -4.3308e-01,
         -4.0513e-01,  3.2070e-01, -2.7548e-01, -3.9032e-01,  9.1008e-02,
         -4.1258e-01],
        [ 3.6675e-01, -6.0288e-01, -1.9100e-01, -7.3170e-02, -3.0790e-01,
         -4.7390e-01,  4.6094e-01, -3.9897e-01,  1.6473e-01, -2.5838e-01,
         -4.0695e-02,  3.6524e-01, -2.4435e-01, -5.2843e-01, -4.3969e-01,
         -1.0606e-01],
        [-7.4231e-02,  2.5429e-01,  2.0591e-01,  2.7511e-01,  2.1841e-01,
          1.1197e-01, -5.3303e-01,  4.5180e-02, -4.2406e-01,  3.3503e-01,
          4.1562e-01, -3.8259e-01,  2.8785e-02,  5.0822e-01,  3.5299e-01,
          3.9028e-01],
        [-1.0342e-01,  4.4630e-01,  5.1453e-01,  3.5379e-02, -4.4314e-02,
          3.5075e-01, -4.3961e-01, -1.7074e-02, -5.5525e-01,  1.4661e-01,
          2.1390e-01, -2.1142e-01,  3.9023e-01,  3.5420e-01,  2.0753e-02,
          2.1283e-01],
        [-1.4743e-01,  1.2039e-01,  2.9113e-01,  3.4301e-01,  3.6323e-01,
          2.2692e-01, -1.4783e-01,  1.2728e-01, -4.9299e-01,  5.6765e-01,
          4.6161e-01, -6.0338e-01,  8.0158e-02,  3.9072e-01,  5.5975e-02,
          4.6984e-01],
        [-3.7600e-01,  2.6777e-01,  2.3926e-01,  5.1969e-01,  2.4523e-02,
          3.5962e-01, -2.3779e-01, -9.4784e-03, -3.2051e-01,  1.4966e-01,
          2.6968e-02, -4.8779e-01,  2.5829e-01,  5.0140e-01, -7.8851e-02,
          2.5145e-01],
        [-2.1635e-01,  3.6747e-01,  4.3178e-01,  9.3143e-02, -1.2244e-02,
          2.4568e-01, -5.9827e-01,  2.0390e-01, -5.4832e-01,  4.7412e-01,
          1.5546e-01, -4.8044e-01,  3.2960e-01,  4.6633e-01,  3.1701e-01,
          4.5618e-01],
        [ 6.3963e-02, -3.0673e-01, -1.4594e-01, -2.3303e-01,  3.8087e-02,
         -5.5788e-01,  6.1085e-01, -1.9638e-01,  1.2143e-01, -4.2193e-01,
         -6.0276e-02,  3.6021e-01, -2.7112e-01, -3.9721e-01, -3.8846e-01,
         -2.9047e-01],
        [-4.1414e-02,  3.9825e-01,  2.9933e-01,  2.9184e-01, -6.4388e-02,
          2.6488e-01, -3.8491e-01, -4.5757e-02, -1.9440e-01,  3.7690e-01,
          2.7674e-01, -4.4341e-01,  4.2592e-01,  5.0334e-01,  3.2202e-01,
          4.4379e-01],
        [ 1.9866e-01, -1.8994e-01, -4.7381e-01, -1.8241e-01, -2.4277e-01,
         -3.3438e-01,  5.7886e-01,  2.4893e-02,  5.3762e-01, -2.6142e-01,
         -7.4832e-02,  5.2385e-01, -8.2126e-02, -1.5000e-01, -4.1509e-02,
         -4.1569e-01],
        [ 1.0614e-01, -4.0279e-01, -1.9019e-01, -4.1835e-01, -2.0259e-02,
         -1.6096e-01,  5.8958e-01, -3.0545e-01,  3.7988e-01, -1.7296e-01,
         -4.7538e-01,  5.8011e-01, -3.7238e-01, -4.4736e-01, -2.6325e-01,
         -3.9904e-01],
        [-2.9322e-01,  4.1270e-01,  4.1086e-01,  3.5678e-01,  2.5604e-01,
          2.0080e-01, -6.1106e-01, -8.9875e-02, -4.1735e-01,  2.0604e-01,
          3.3454e-01, -5.8378e-01,  1.6234e-02,  3.7935e-01,  2.4245e-04,
          3.5373e-01]], device='cuda:0', requires_grad=True)

Parameter name: road_linear_0.bias
Shape: torch.Size([32])
Values: Parameter containing:
tensor([-5.0731e-02,  1.0053e-01,  8.6746e-02, -1.2274e-01, -2.4638e-02,
        -1.9049e-03, -4.5511e-02,  9.3965e-02, -1.6359e-02,  8.6662e-02,
         1.5825e-01,  4.5026e-02, -3.7807e-02, -1.9047e-02,  3.2129e-03,
        -1.2847e-02, -2.0669e-01,  4.3540e-02, -1.0867e-01, -6.1391e-02,
         6.6051e-02,  2.4207e-02, -2.5263e-01, -5.8407e-02, -2.3886e-01,
         1.9058e-01, -6.2413e-02,  8.1281e-02, -1.2433e-01,  1.6272e-04,
         1.7360e-01, -6.3133e-02], device='cuda:0', requires_grad=True)

Parameter name: road_linear_1.weight
Shape: torch.Size([1, 32])
Values: Parameter containing:
tensor([[ 0.3462,  0.4831,  0.3062, -0.3731,  0.3710,  0.5107, -0.4054, -0.5484,
         -0.4071,  0.5185,  0.4432,  0.5632, -0.4685, -0.5604, -0.3549, -0.4550,
         -0.4595,  0.3612, -0.3993,  0.3424,  0.4953,  0.5281, -0.5361, -0.4286,
         -0.4533, -0.3987, -0.4932,  0.3952, -0.4479,  0.5216,  0.4614, -0.4011]],
       device='cuda:0', requires_grad=True)

Parameter name: linear_0.weight
Shape: torch.Size([32, 39])
Values: Parameter containing:
tensor([[ 0.0596, -0.1431,  0.2318,  ...,  0.0370, -0.1406, -0.1137],
        [-0.0442, -0.0847, -0.0994,  ..., -0.0255, -0.1462,  0.0871],
        [-0.0860,  0.0231,  0.3319,  ...,  0.1516,  0.0518,  0.0345],
        ...,
        [ 0.0760, -0.0867, -0.1104,  ..., -0.1147, -0.0552, -0.1180],
        [ 0.0031, -0.1414,  0.1966,  ..., -0.1376, -0.0605,  0.1557],
        [-0.1443,  0.0891,  0.0895,  ..., -0.0287, -0.1686, -0.0509]],
       device='cuda:0', requires_grad=True)

Parameter name: linear_0.bias
Shape: torch.Size([32])
Values: Parameter containing:
tensor([ 0.0761,  0.0772, -0.1250, -0.0912, -0.0241,  0.0015, -0.1221,  0.0784,
        -0.0581,  0.1200,  0.0584, -0.0513, -0.0018,  0.0694, -0.1060, -0.0574,
         0.0981, -0.1104, -0.0316,  0.0031, -0.1055,  0.0693,  0.0516, -0.0434,
        -0.0604,  0.0633, -0.0104, -0.1533,  0.0729,  0.1722,  0.1114, -0.1128],
       device='cuda:0', requires_grad=True)

Parameter name: linear_1.weight
Shape: torch.Size([32, 32])
Values: Parameter containing:
tensor([[ 0.1809, -0.0717, -0.1114,  ..., -0.0243, -0.1215,  0.1525],
        [-0.0778,  0.0918,  0.0654,  ...,  0.0599, -0.1185,  0.1484],
        [ 0.0042, -0.1666, -0.1253,  ..., -0.0538,  0.1022,  0.0759],
        ...,
        [ 0.0039, -0.0128,  0.1109,  ...,  0.1464, -0.1169,  0.1682],
        [ 0.1165, -0.0184,  0.0192,  ...,  0.1473,  0.1175, -0.0659],
        [ 0.1201, -0.0130,  0.1921,  ...,  0.1536,  0.0481,  0.0423]],
       device='cuda:0', requires_grad=True)

Parameter name: linear_1.bias
Shape: torch.Size([32])
Values: Parameter containing:
tensor([ 0.0435,  0.0752,  0.0287, -0.0182, -0.0791, -0.0814,  0.0176, -0.1259,
         0.0771, -0.0993,  0.1789, -0.1814,  0.1196,  0.0418, -0.1927,  0.0245,
        -0.0878, -0.1111, -0.0231, -0.0772,  0.0694,  0.1653, -0.1362,  0.1460,
        -0.1249, -0.0613,  0.1423, -0.1020, -0.0611, -0.0126,  0.0422, -0.0353],
       device='cuda:0', requires_grad=True)

Parameter name: linear_2.weight
Shape: torch.Size([1, 32])
Values: Parameter containing:
tensor([[ 0.1429,  0.0492, -0.1889, -0.1136,  0.0213, -0.0405, -0.0638,  0.0896,
          0.0496, -0.0810, -0.0722,  0.0787,  0.0455, -0.0145,  0.1163,  0.0258,
         -0.1374, -0.1853,  0.0099,  0.0771, -0.0970, -0.1111, -0.1111,  0.0078,
          0.1244,  0.1608, -0.1623,  0.1478, -0.0701, -0.1643,  0.1318,  0.1672]],
       device='cuda:0', requires_grad=True)

Parameter name: linear_2.bias
Shape: torch.Size([1])
Values: Parameter containing:
tensor([-0.0367], device='cuda:0', requires_grad=True)

