Parameter name: road_linear_0.weight
Shape: torch.Size([32, 16])
Values: Parameter containing:
tensor([[ 0.1293, -0.1418, -0.1939, -0.4520, -0.1234, -0.5031,  0.5190, -0.4362,
          0.3534, -0.2744, -0.1813,  0.4683, -0.4018, -0.5355,  0.0020, -0.1138],
        [ 0.1702, -0.6288, -0.2842, -0.4658, -0.3442, -0.4140,  0.3937, -0.2259,
          0.5767, -0.4130, -0.1854,  0.3664, -0.1105, -0.2268,  0.0299, -0.2367],
        [ 0.0946, -0.3080, -0.1907, -0.2060, -0.0754, -0.6707,  0.5633, -0.4800,
          0.5981, -0.2706, -0.3042,  0.1895, -0.0797, -0.1349, -0.0565, -0.1978],
        [-0.1106,  0.3884,  0.2853,  0.3614,  0.2678,  0.4524, -0.3732,  0.3127,
         -0.5755,  0.1237,  0.2105, -0.2456,  0.3988,  0.0329,  0.1805,  0.2923],
        [ 0.3168, -0.2292, -0.3635, -0.4736, -0.1729, -0.5740,  0.2737, -0.0965,
          0.3267, -0.2406, -0.1302,  0.4610, -0.1557, -0.4235, -0.0962, -0.3174],
        [ 0.4233, -0.1494, -0.5407, -0.0533, -0.0011, -0.6980,  0.4918, -0.4027,
          0.4334, -0.3387, -0.5880,  0.5513, -0.3647, -0.0546,  0.0484, -0.2444],
        [-0.1007,  0.3971,  0.5825,  0.2674,  0.1637,  0.3078, -0.4185,  0.1241,
         -0.4668,  0.5082,  0.3462, -0.5611,  0.0801,  0.4265, -0.1298,  0.3539],
        [-0.5143,  0.6271,  0.5577,  0.0783, -0.0663,  0.3472, -0.3492,  0.0960,
         -0.4084,  0.2963,  0.3719, -0.5659,  0.4245,  0.1224,  0.1649,  0.5361],
        [-0.2717,  0.6232,  0.5414,  0.1939,  0.3064,  0.3877, -0.4672,  0.3479,
         -0.2393,  0.2762,  0.2624, -0.5785,  0.1168,  0.4369,  0.0908,  0.2422],
        [ 0.1485, -0.3819, -0.2651, -0.4651, -0.2376, -0.4965,  0.2606, -0.1533,
          0.4372, -0.5307, -0.1353,  0.6109, -0.3609, -0.2607, -0.1463, -0.3500],
        [ 0.0722, -0.2009, -0.2425, -0.4824, -0.3328, -0.2684,  0.4441, -0.2743,
          0.5035, -0.2819, -0.2105,  0.6276, -0.2874, -0.0448, -0.3490, -0.4718],
        [ 0.1827, -0.4418, -0.2005, -0.3378, -0.1232, -0.5070,  0.5814, -0.2327,
          0.3333, -0.1561, -0.0650,  0.6513, -0.4562, -0.4237, -0.2655, -0.3521],
        [-0.1670,  0.4197,  0.3366,  0.2989,  0.1605,  0.5847, -0.2962,  0.1089,
         -0.4934,  0.4535,  0.2109, -0.6370,  0.0660,  0.3414,  0.0409,  0.2247],
        [-0.2111,  0.6470,  0.5494,  0.4281, -0.0088,  0.5907, -0.2842,  0.2841,
         -0.4094,  0.3528,  0.1910, -0.4960,  0.2573,  0.2633, -0.0552,  0.4057],
        [-0.3614,  0.1948,  0.4592, -0.0369,  0.3484,  0.6631, -0.4343,  0.1300,
         -0.4228,  0.2902,  0.2626, -0.4830,  0.3037,  0.2201,  0.0738,  0.2888],
        [-0.5308,  0.2263,  0.3856,  0.5221,  0.0072,  0.6848, -0.4004,  0.1284,
         -0.3328,  0.4646,  0.3225, -0.2114,  0.2484,  0.1129,  0.4230,  0.2396],
        [-0.0553,  0.5719,  0.3994,  0.0864, -0.0487,  0.5345, -0.3543,  0.3204,
         -0.5779,  0.3414,  0.5502, -0.3137,  0.4998,  0.5005,  0.1421,  0.1560],
        [ 0.1115, -0.3094, -0.4606, -0.2821, -0.1227, -0.3395,  0.5502, -0.0703,
          0.3797, -0.2366, -0.4645,  0.3565, -0.3308, -0.4652,  0.0586, -0.3845],
        [-0.1688,  0.3869,  0.3557,  0.1175,  0.0981,  0.2136, -0.5116,  0.3524,
         -0.5454,  0.3826,  0.3163, -0.6516,  0.3210,  0.3864,  0.3276,  0.3665],
        [ 0.4104, -0.3810, -0.2735, -0.1419, -0.3147, -0.5205,  0.2023, -0.0108,
          0.4119, -0.4268, -0.3273,  0.4640, -0.4723, -0.2633, -0.0204, -0.2956],
        [ 0.2066, -0.1865, -0.2284, -0.5150, -0.0347, -0.6645,  0.5460,  0.0106,
          0.3797, -0.4627, -0.4891,  0.3400, -0.3183, -0.4197,  0.0881, -0.4320],
        [ 0.4009, -0.6555, -0.2196, -0.0540, -0.3388, -0.5792,  0.4828, -0.4652,
          0.1669, -0.2475, -0.0406,  0.3462, -0.3128, -0.5175, -0.4745, -0.0710],
        [-0.0685,  0.3041,  0.2501,  0.2818,  0.2856,  0.1976, -0.5547,  0.0902,
         -0.4614,  0.3705,  0.4986, -0.4022,  0.0807,  0.5368,  0.3639,  0.4037],
        [-0.1088,  0.5062,  0.5640,  0.0373,  0.0210,  0.4313, -0.4620,  0.0483,
         -0.5906,  0.1741,  0.2788, -0.2282,  0.4519,  0.3798,  0.0413,  0.2266],
        [-0.1345,  0.1673,  0.3389,  0.3543,  0.4354,  0.2857, -0.1693,  0.1777,
         -0.5444,  0.6094,  0.5439, -0.6281,  0.1462,  0.4339,  0.0519,  0.4934],
        [-0.3984,  0.3162,  0.2821,  0.5239,  0.0780,  0.4419, -0.2618,  0.0612,
         -0.3586,  0.1725,  0.0989, -0.5015,  0.3206,  0.5309, -0.0727,  0.2643],
        [-0.2269,  0.4132,  0.4635,  0.0882,  0.0350,  0.3094, -0.6083,  0.2720,
         -0.5845,  0.4917,  0.2317, -0.4871,  0.3735,  0.4939,  0.3068,  0.4693],
        [ 0.1192, -0.3640, -0.1821, -0.2071,  0.0046, -0.6718,  0.6426, -0.2832,
          0.1208, -0.3980, -0.0553,  0.3329, -0.3631, -0.3766, -0.4232, -0.2549],
        [-0.0588,  0.4510,  0.3392,  0.2877, -0.0160,  0.3413, -0.4037,  0.0206,
         -0.2255,  0.3934,  0.3326, -0.4497,  0.4875,  0.5240,  0.3328,  0.4494],
        [ 0.2191, -0.2361, -0.5106, -0.1823, -0.2917, -0.4322,  0.5989, -0.0427,
          0.5682, -0.2789, -0.1546,  0.5317, -0.1299, -0.1722, -0.0471, -0.4231],
        [ 0.1002, -0.4524, -0.2316, -0.4213, -0.0841, -0.2374,  0.6068, -0.3587,
          0.4219, -0.2061, -0.5578,  0.5976, -0.4268, -0.4787, -0.2661, -0.4129],
        [-0.3012,  0.4592,  0.4549,  0.3630,  0.3157,  0.2797, -0.6338, -0.0301,
         -0.4654,  0.2387,  0.4200, -0.6005,  0.0801,  0.4160, -0.0014,  0.3695]],
       device='cuda:0', requires_grad=True)

Parameter name: road_linear_0.bias
Shape: torch.Size([32])
Values: Parameter containing:
tensor([-3.5093e-02,  1.0529e-01,  6.6892e-02, -1.2449e-01,  1.8281e-04,
        -1.4463e-02, -5.4463e-02,  7.0417e-02, -3.4345e-02,  1.1737e-01,
         1.8146e-01,  7.9078e-02, -5.8756e-02, -3.4344e-02, -1.8501e-02,
        -6.2179e-02, -1.7218e-01,  3.7744e-02, -1.0915e-01, -3.8216e-02,
         6.6393e-02,  7.0602e-02, -2.3461e-01, -5.6681e-02, -2.1415e-01,
         1.6481e-01, -7.4737e-02,  1.4815e-01, -1.4292e-01,  2.6650e-02,
         1.5790e-01, -6.7162e-02], device='cuda:0', requires_grad=True)

Parameter name: road_linear_1.weight
Shape: torch.Size([1, 32])
Values: Parameter containing:
tensor([[ 0.3929,  0.5288,  0.3967, -0.4431,  0.4213,  0.5644, -0.4522, -0.6049,
         -0.5050,  0.5614,  0.4936,  0.6077, -0.5224, -0.6074, -0.4209, -0.5094,
         -0.5094,  0.4095, -0.4470,  0.4055,  0.5337,  0.6034, -0.5787, -0.4808,
         -0.4946, -0.4418, -0.5332,  0.4731, -0.4972,  0.5678,  0.5035, -0.4417]],
       device='cuda:0', requires_grad=True)

Parameter name: linear_0.weight
Shape: torch.Size([32, 39])
Values: Parameter containing:
tensor([[ 0.0189, -0.1077,  0.2768,  ...,  0.0370, -0.1412, -0.1137],
        [ 0.0105, -0.1059, -0.1064,  ..., -0.0255, -0.1379,  0.0871],
        [-0.1251,  0.0850,  0.3295,  ...,  0.1516,  0.0503,  0.0345],
        ...,
        [ 0.0644, -0.1052, -0.0962,  ..., -0.1147, -0.0766, -0.1180],
        [-0.0367, -0.1201,  0.2189,  ..., -0.1376, -0.0657,  0.1557],
        [-0.1982,  0.1190,  0.0623,  ..., -0.0287, -0.1596, -0.0509]],
       device='cuda:0', requires_grad=True)

Parameter name: linear_0.bias
Shape: torch.Size([32])
Values: Parameter containing:
tensor([ 0.0755,  0.0855, -0.1265, -0.0883, -0.0243, -0.0038, -0.1425,  0.0792,
        -0.0606,  0.1175,  0.0624, -0.0604, -0.0016,  0.0757, -0.0987, -0.0565,
         0.1023, -0.1176, -0.0329,  0.0047, -0.0924,  0.0705,  0.0498, -0.0308,
        -0.0552,  0.0548, -0.0084, -0.1577,  0.0896,  0.1508,  0.1062, -0.1038],
       device='cuda:0', requires_grad=True)

Parameter name: linear_1.weight
Shape: torch.Size([32, 32])
Values: Parameter containing:
tensor([[ 0.1840, -0.0717, -0.1080,  ..., -0.0213, -0.1268,  0.1611],
        [-0.0749,  0.0899,  0.0696,  ...,  0.0624, -0.1216,  0.1584],
        [ 0.0017, -0.1691, -0.1298,  ..., -0.0539,  0.1069,  0.0664],
        ...,
        [ 0.0031, -0.0129,  0.1056,  ...,  0.1465, -0.1130,  0.1560],
        [ 0.1206, -0.0205,  0.0258,  ...,  0.1490,  0.1141, -0.0498],
        [ 0.1206, -0.0115,  0.1945,  ...,  0.1560,  0.0406,  0.0527]],
       device='cuda:0', requires_grad=True)

Parameter name: linear_1.bias
Shape: torch.Size([32])
Values: Parameter containing:
tensor([ 0.0398,  0.0714,  0.0345, -0.0131, -0.0783, -0.0765,  0.0220, -0.1327,
         0.0710, -0.0935,  0.1873, -0.1853,  0.1156,  0.0446, -0.1981,  0.0197,
        -0.0807, -0.1055, -0.0357, -0.0821,  0.0737,  0.1713, -0.1313,  0.1396,
        -0.1311, -0.0680,  0.1491, -0.1087, -0.0561, -0.0060,  0.0356, -0.0397],
       device='cuda:0', requires_grad=True)

Parameter name: linear_2.weight
Shape: torch.Size([1, 32])
Values: Parameter containing:
tensor([[ 0.1532,  0.0483, -0.1943, -0.1204,  0.0189, -0.0159, -0.0718,  0.0838,
          0.0456, -0.0804, -0.0723,  0.0866,  0.0388, -0.0194,  0.1232,  0.0156,
         -0.1340, -0.1828,  0.0051,  0.0840, -0.1077, -0.1099, -0.0962, -0.0010,
          0.1303,  0.1590, -0.1658,  0.1529, -0.0674, -0.1697,  0.1369,  0.1756]],
       device='cuda:0', requires_grad=True)

Parameter name: linear_2.bias
Shape: torch.Size([1])
Values: Parameter containing:
tensor([-0.0436], device='cuda:0', requires_grad=True)

