Parameter name: road_linear_0.weight
Shape: torch.Size([32, 16])
Values: Parameter containing:
tensor([[ 0.1249, -0.1353, -0.1840, -0.4510, -0.1042, -0.4848,  0.5151, -0.4142,
          0.3453, -0.2744, -0.1693,  0.4722, -0.3860, -0.5332,  0.0087, -0.1229],
        [ 0.1673, -0.6216, -0.2740, -0.4645, -0.3272, -0.3950,  0.3888, -0.2090,
          0.5696, -0.4109, -0.1743,  0.3689, -0.0941, -0.2245,  0.0370, -0.2444],
        [ 0.0923, -0.2948, -0.1725, -0.2099, -0.0525, -0.6411,  0.5559, -0.4546,
          0.5931, -0.2746, -0.3019,  0.1992, -0.0534, -0.1420, -0.0325, -0.2134],
        [-0.1050,  0.3785,  0.2754,  0.3667,  0.2508,  0.4276, -0.3672,  0.2878,
         -0.5772,  0.1319,  0.2167, -0.2570,  0.3765,  0.0424,  0.1591,  0.3111],
        [ 0.3130, -0.2211, -0.3525, -0.4742, -0.1551, -0.5540,  0.2683, -0.0764,
          0.3208, -0.2415, -0.1234,  0.4667, -0.1356, -0.4241, -0.0841, -0.3287],
        [ 0.4218, -0.1383, -0.5286, -0.0533,  0.0179, -0.6769,  0.4883, -0.3828,
          0.4276, -0.3370, -0.5778,  0.5532, -0.3506, -0.0535,  0.0602, -0.2512],
        [-0.0969,  0.3928,  0.5726,  0.2637,  0.1450,  0.2895, -0.4138,  0.1083,
         -0.4537,  0.5024,  0.3212, -0.5617,  0.0660,  0.4190, -0.1275,  0.3595],
        [-0.5081,  0.6188,  0.5502,  0.0807, -0.0790,  0.3256, -0.3456,  0.0764,
         -0.4046,  0.2990,  0.3654, -0.5724,  0.4097,  0.1239,  0.1584,  0.5470],
        [-0.2667,  0.6136,  0.5281,  0.1985,  0.2875,  0.3553, -0.4591,  0.3241,
         -0.2291,  0.2804,  0.2538, -0.5903,  0.0867,  0.4405,  0.0796,  0.2601],
        [ 0.1420, -0.3765, -0.2585, -0.4657, -0.2241, -0.4803,  0.2575, -0.1340,
          0.4322, -0.5326, -0.1272,  0.6161, -0.3471, -0.2604, -0.1428, -0.3595],
        [ 0.0660, -0.1954, -0.2353, -0.4841, -0.3173, -0.2461,  0.4385, -0.2539,
          0.5003, -0.2861, -0.2083,  0.6363, -0.2694, -0.0481, -0.3392, -0.4867],
        [ 0.1739, -0.4359, -0.1961, -0.3420, -0.1120, -0.4901,  0.5783, -0.2097,
          0.3337, -0.1637, -0.0673,  0.6607, -0.4411, -0.4292, -0.2566, -0.3668],
        [-0.1630,  0.4125,  0.3265,  0.2982,  0.1416,  0.5630, -0.2921,  0.0883,
         -0.4844,  0.4519,  0.1925, -0.6409,  0.0522,  0.3382,  0.0369,  0.2335],
        [-0.2060,  0.6389,  0.5412,  0.4292, -0.0231,  0.5717, -0.2809,  0.2646,
         -0.4045,  0.3537,  0.1825, -0.5004,  0.2429,  0.2630, -0.0608,  0.4147],
        [-0.3561,  0.1845,  0.4478, -0.0332,  0.3302,  0.6387, -0.4294,  0.1052,
         -0.4198,  0.2953,  0.2603, -0.4919,  0.2834,  0.2249,  0.0584,  0.3033],
        [-0.5218,  0.2195,  0.3800,  0.5268, -0.0053,  0.6615, -0.3953,  0.1057,
         -0.3349,  0.4744,  0.3299, -0.2242,  0.2322,  0.1216,  0.4091,  0.2574],
        [-0.0502,  0.5643,  0.3898,  0.0852, -0.0651,  0.5182, -0.3510,  0.3013,
         -0.5704,  0.3396,  0.5386, -0.3152,  0.4852,  0.4977,  0.1392,  0.1626],
        [ 0.1087, -0.3032, -0.4491, -0.2785, -0.1033, -0.3221,  0.5454, -0.0542,
          0.3678, -0.2314, -0.4457,  0.3571, -0.3148, -0.4592,  0.0619, -0.3901],
        [-0.1629,  0.3818,  0.3483,  0.1177,  0.0831,  0.1944, -0.5077,  0.3334,
         -0.5374,  0.3832,  0.3047, -0.6569,  0.3043,  0.3848,  0.3261,  0.3772],
        [ 0.4054, -0.3728, -0.2620, -0.1418, -0.2958, -0.4993,  0.1976,  0.0114,
          0.4030, -0.4267, -0.3144,  0.4684, -0.4540, -0.2613, -0.0131, -0.3052],
        [ 0.2043, -0.1804, -0.2177, -0.5110, -0.0164, -0.6522,  0.5426,  0.0251,
          0.3696, -0.4569, -0.4696,  0.3391, -0.3071, -0.4135,  0.0904, -0.4345],
        [ 0.3889, -0.6486, -0.2205, -0.0669, -0.3323, -0.5499,  0.4796, -0.4365,
          0.1777, -0.2683, -0.0636,  0.3689, -0.2937, -0.5364, -0.4551, -0.1019],
        [-0.0659,  0.2997,  0.2414,  0.2792,  0.2691,  0.1802, -0.5501,  0.0776,
         -0.4532,  0.3667,  0.4839, -0.4040,  0.0669,  0.5331,  0.3612,  0.4107],
        [-0.1035,  0.4981,  0.5546,  0.0377,  0.0055,  0.4138, -0.4582,  0.0286,
         -0.5854,  0.1748,  0.2715, -0.2324,  0.4366,  0.3799,  0.0335,  0.2355],
        [-0.1313,  0.1648,  0.3293,  0.3488,  0.4183,  0.2738, -0.1643,  0.1658,
         -0.5316,  0.6025,  0.5261, -0.6267,  0.1291,  0.4253,  0.0564,  0.4971],
        [-0.3952,  0.3100,  0.2722,  0.5222,  0.0609,  0.4254, -0.2577,  0.0434,
         -0.3499,  0.1701,  0.0844, -0.5039,  0.3049,  0.5271, -0.0776,  0.2712],
        [-0.2197,  0.4096,  0.4585,  0.0888,  0.0228,  0.2955, -0.6061,  0.2535,
         -0.5779,  0.4935,  0.2205, -0.4926,  0.3624,  0.4924,  0.3099,  0.4790],
        [ 0.1044, -0.3568, -0.1822, -0.2235,  0.0127, -0.6421,  0.6377, -0.2512,
          0.1392, -0.4271, -0.0839,  0.3621, -0.3402, -0.4068, -0.4013, -0.2884],
        [-0.0522,  0.4450,  0.3328,  0.2898, -0.0286,  0.3250, -0.4008,  0.0017,
         -0.2213,  0.3967,  0.3267, -0.4567,  0.4727,  0.5255,  0.3278,  0.4606],
        [ 0.2146, -0.2297, -0.5021, -0.1823, -0.2752, -0.4115,  0.5949, -0.0242,
          0.5624, -0.2793, -0.1429,  0.5369, -0.1173, -0.1714, -0.0412, -0.4327],
        [ 0.0954, -0.4481, -0.2239, -0.4194, -0.0684, -0.2209,  0.6030, -0.3419,
          0.4132, -0.2042, -0.5444,  0.6001, -0.4120, -0.4752, -0.2662, -0.4208],
        [-0.2980,  0.4546,  0.4447,  0.3592,  0.2978,  0.2632, -0.6286, -0.0445,
         -0.4532,  0.2335,  0.4015, -0.6015,  0.0633,  0.4096, -0.0016,  0.3752]],
       device='cuda:0', requires_grad=True)

Parameter name: road_linear_0.bias
Shape: torch.Size([32])
Values: Parameter containing:
tensor([-0.0394,  0.1030,  0.0642, -0.1166, -0.0042, -0.0149, -0.0518,  0.0779,
        -0.0283,  0.1100,  0.1735,  0.0677, -0.0546, -0.0288, -0.0120, -0.0501,
        -0.1686,  0.0366, -0.1031, -0.0432,  0.0662,  0.0513, -0.2331, -0.0515,
        -0.2133,  0.1677, -0.0668,  0.1269, -0.1353,  0.0214,  0.1539, -0.0654],
       device='cuda:0', requires_grad=True)

Parameter name: road_linear_1.weight
Shape: torch.Size([1, 32])
Values: Parameter containing:
tensor([[ 0.3864,  0.5225,  0.3841, -0.4317,  0.4153,  0.5564, -0.4463, -0.5975,
         -0.4933,  0.5557,  0.4866,  0.6013, -0.5158, -0.6011, -0.4114, -0.5008,
         -0.5016,  0.4032, -0.4406,  0.3969,  0.5286,  0.5891, -0.5732, -0.4732,
         -0.4887, -0.4368, -0.5278,  0.4600, -0.4911,  0.5619,  0.4975, -0.4365]],
       device='cuda:0', requires_grad=True)

Parameter name: linear_0.weight
Shape: torch.Size([32, 39])
Values: Parameter containing:
tensor([[ 0.0257, -0.1076,  0.2821,  ...,  0.0370, -0.1398, -0.1137],
        [ 0.0014, -0.1082, -0.1097,  ..., -0.0255, -0.1397,  0.0871],
        [-0.1205,  0.0864,  0.3371,  ...,  0.1516,  0.0507,  0.0345],
        ...,
        [ 0.0777, -0.1035, -0.0715,  ..., -0.1147, -0.0689, -0.1180],
        [-0.0320, -0.1155,  0.2197,  ..., -0.1376, -0.0647,  0.1557],
        [-0.1912,  0.1170,  0.0543,  ..., -0.0287, -0.1631, -0.0509]],
       device='cuda:0', requires_grad=True)

Parameter name: linear_0.bias
Shape: torch.Size([32])
Values: Parameter containing:
tensor([ 0.0769,  0.0837, -0.1261, -0.0888, -0.0250, -0.0032, -0.1383,  0.0789,
        -0.0592,  0.1183,  0.0611, -0.0586, -0.0018,  0.0753, -0.0965, -0.0558,
         0.1018, -0.1161, -0.0321,  0.0055, -0.0952,  0.0713,  0.0502, -0.0343,
        -0.0564,  0.0569, -0.0088, -0.1572,  0.0844,  0.1584,  0.1072, -0.1073],
       device='cuda:0', requires_grad=True)

Parameter name: linear_1.weight
Shape: torch.Size([32, 32])
Values: Parameter containing:
tensor([[ 0.1847, -0.0722, -0.1079,  ..., -0.0225, -0.1243,  0.1622],
        [-0.0753,  0.0906,  0.0692,  ...,  0.0612, -0.1203,  0.1586],
        [ 0.0007, -0.1677, -0.1297,  ..., -0.0532,  0.1045,  0.0649],
        ...,
        [ 0.0027, -0.0133,  0.1067,  ...,  0.1473, -0.1145,  0.1566],
        [ 0.1203, -0.0198,  0.0249,  ...,  0.1478,  0.1157, -0.0497],
        [ 0.1219, -0.0121,  0.1945,  ...,  0.1548,  0.0433,  0.0532]],
       device='cuda:0', requires_grad=True)

Parameter name: linear_1.bias
Shape: torch.Size([32])
Values: Parameter containing:
tensor([ 0.0409,  0.0723,  0.0328, -0.0145, -0.0796, -0.0770,  0.0208, -0.1313,
         0.0729, -0.0951,  0.1854, -0.1841,  0.1167,  0.0454, -0.1964,  0.0214,
        -0.0827, -0.1071, -0.0323, -0.0808,  0.0724,  0.1697, -0.1327,  0.1421,
        -0.1293, -0.0660,  0.1473, -0.1067, -0.0573, -0.0080,  0.0372, -0.0381],
       device='cuda:0', requires_grad=True)

Parameter name: linear_2.weight
Shape: torch.Size([1, 32])
Values: Parameter containing:
tensor([[ 0.1530,  0.0491, -0.1929, -0.1209,  0.0212, -0.0199, -0.0703,  0.0834,
          0.0467, -0.0808, -0.0720,  0.0852,  0.0412, -0.0198,  0.1223,  0.0180,
         -0.1350, -0.1845,  0.0123,  0.0820, -0.1052, -0.1112, -0.1024,  0.0006,
          0.1289,  0.1600, -0.1646,  0.1519, -0.0677, -0.1684,  0.1348,  0.1742]],
       device='cuda:0', requires_grad=True)

Parameter name: linear_2.bias
Shape: torch.Size([1])
Values: Parameter containing:
tensor([-0.0415], device='cuda:0', requires_grad=True)

