Parameter name: road_linear_0.weight
Shape: torch.Size([32, 16])
Values: Parameter containing:
tensor([[ 0.1160, -0.1129, -0.1666, -0.4495, -0.0731, -0.4526,  0.5081, -0.3840,
          0.3265, -0.2625, -0.1314,  0.4621, -0.3656, -0.5192,  0.0130, -0.1110],
        [ 0.1627, -0.6004, -0.2552, -0.4609, -0.2988, -0.3631,  0.3794, -0.1896,
          0.5537, -0.3968, -0.1452,  0.3588, -0.0715, -0.2123,  0.0449, -0.2356],
        [ 0.0931, -0.2556, -0.1270, -0.1996,  0.0061, -0.5839,  0.5307, -0.4275,
          0.5569, -0.2369, -0.2578,  0.1720, -0.0082, -0.1176, -0.0007, -0.1997],
        [-0.0985,  0.3508,  0.2479,  0.3614,  0.2127,  0.3867, -0.3508,  0.2694,
         -0.5628,  0.1152,  0.2002, -0.2447,  0.3436,  0.0341,  0.1348,  0.3083],
        [ 0.2959, -0.1999, -0.3322, -0.4701, -0.1288, -0.5194,  0.2547, -0.0537,
          0.3067, -0.2315, -0.1049,  0.4589, -0.1063, -0.4148, -0.0726, -0.3247],
        [ 0.4232, -0.1116, -0.5083, -0.0514,  0.0532, -0.6417,  0.4812, -0.3633,
          0.4134, -0.3210, -0.5451,  0.5405, -0.3327, -0.0427,  0.0726, -0.2402],
        [-0.0947,  0.3689,  0.5512,  0.2606,  0.1063,  0.2546, -0.4059,  0.0739,
         -0.4273,  0.4827,  0.2574, -0.5474,  0.0444,  0.3968, -0.1276,  0.3385],
        [-0.5011,  0.5935,  0.5305,  0.0803, -0.1038,  0.2892, -0.3374,  0.0513,
         -0.3901,  0.2879,  0.3349, -0.5648,  0.3865,  0.1126,  0.1497,  0.5385],
        [-0.2604,  0.5798,  0.4908,  0.1966,  0.2499,  0.2978, -0.4385,  0.2937,
         -0.1879,  0.2533,  0.2049, -0.5756,  0.0339,  0.4111,  0.0641,  0.2512],
        [ 0.1284, -0.3591, -0.2462, -0.4658, -0.2059, -0.4548,  0.2520, -0.1108,
          0.4204, -0.5269, -0.1039,  0.6121, -0.3287, -0.2515, -0.1417, -0.3534],
        [ 0.0536, -0.1774, -0.2191, -0.4814, -0.2946, -0.2099,  0.4275, -0.2366,
          0.4874, -0.2764, -0.1881,  0.6307, -0.2455, -0.0402, -0.3311, -0.4853],
        [ 0.1572, -0.4200, -0.1860, -0.3436, -0.0991, -0.4663,  0.5726, -0.1915,
          0.3273, -0.1621, -0.0582,  0.6601, -0.4229, -0.4264, -0.2520, -0.3677],
        [-0.1541,  0.3894,  0.3070,  0.2965,  0.1089,  0.5238, -0.2834,  0.0538,
         -0.4645,  0.4384,  0.1400, -0.6304,  0.0319,  0.3224,  0.0334,  0.2194],
        [-0.1996,  0.6160,  0.5243,  0.4289, -0.0471,  0.5416, -0.2745,  0.2423,
         -0.3916,  0.3438,  0.1558, -0.4933,  0.2230,  0.2529, -0.0672,  0.4067],
        [-0.3437,  0.1577,  0.4243, -0.0347,  0.2978,  0.5982, -0.4174,  0.0765,
         -0.4024,  0.2830,  0.2337, -0.4822,  0.2538,  0.2134,  0.0451,  0.2964],
        [-0.4947,  0.2043,  0.3682,  0.5258, -0.0173,  0.6253, -0.3842,  0.0905,
         -0.3325,  0.4754,  0.3316, -0.2252,  0.2121,  0.1235,  0.3994,  0.2640],
        [-0.0655,  0.5318,  0.3653,  0.0837, -0.1094,  0.4914, -0.3469,  0.2798,
         -0.5495,  0.3171,  0.4960, -0.2984,  0.4664,  0.4805,  0.1270,  0.1432],
        [ 0.1095, -0.2764, -0.4252, -0.2739, -0.0630, -0.2879,  0.5363, -0.0280,
          0.3435, -0.2102, -0.3975,  0.3412, -0.2916, -0.4398,  0.0701, -0.3724],
        [-0.1646,  0.3563,  0.3279,  0.1172,  0.0496,  0.1622, -0.5018,  0.3083,
         -0.5147,  0.3660,  0.2609, -0.6462,  0.2807,  0.3673,  0.3214,  0.3635],
        [ 0.3950, -0.3458, -0.2379, -0.1390, -0.2604, -0.4601,  0.1866,  0.0465,
          0.3798, -0.4112, -0.2724,  0.4558, -0.4251, -0.2432, -0.0051, -0.2912],
        [ 0.1996, -0.1609, -0.2023, -0.5079,  0.0128, -0.6286,  0.5372,  0.0455,
          0.3546, -0.4439, -0.4350,  0.3282, -0.2933, -0.4015,  0.0938, -0.4215],
        [ 0.3707, -0.6275, -0.2068, -0.0707, -0.3188, -0.5088,  0.4702, -0.4197,
          0.1752, -0.2678, -0.0631,  0.3706, -0.2691, -0.5386, -0.4399, -0.1120],
        [-0.0706,  0.2770,  0.2215,  0.2749,  0.2337,  0.1477, -0.5420,  0.0631,
         -0.4352,  0.3472,  0.4440, -0.3907,  0.0480,  0.5188,  0.3533,  0.3981],
        [-0.1036,  0.4695,  0.5313,  0.0352, -0.0300,  0.3830, -0.4499,  0.0036,
         -0.5681,  0.1585,  0.2392, -0.2194,  0.4142,  0.3663,  0.0205,  0.2217],
        [-0.1416,  0.1422,  0.3079,  0.3435,  0.3790,  0.2525, -0.1575,  0.1459,
         -0.5063,  0.5802,  0.4848, -0.6116,  0.1046,  0.4035,  0.0550,  0.4784],
        [-0.3816,  0.2898,  0.2545,  0.5188,  0.0349,  0.3942, -0.2477,  0.0149,
         -0.3333,  0.1597,  0.0538, -0.4950,  0.2816,  0.5139, -0.0819,  0.2611],
        [-0.2181,  0.3875,  0.4449,  0.0914, -0.0026,  0.2753, -0.6057,  0.2273,
         -0.5607,  0.4834,  0.1822, -0.4865,  0.3483,  0.4785,  0.3119,  0.4651],
        [ 0.0716, -0.3354, -0.1670, -0.2286,  0.0255, -0.5995,  0.6242, -0.2256,
          0.1401, -0.4349, -0.0908,  0.3676, -0.3083, -0.4147, -0.3871, -0.3001],
        [-0.0444,  0.4210,  0.3146,  0.2900, -0.0537,  0.2964, -0.3941, -0.0226,
         -0.2067,  0.3867,  0.3005, -0.4497,  0.4506,  0.5150,  0.3199,  0.4519],
        [ 0.2031, -0.2107, -0.4872, -0.1810, -0.2520, -0.3758,  0.5874,  0.0007,
          0.5490, -0.2708, -0.1086,  0.5305, -0.1003, -0.1613, -0.0379, -0.4247],
        [ 0.1021, -0.4249, -0.2061, -0.4178, -0.0351, -0.1944,  0.5989, -0.3251,
          0.3932, -0.1858, -0.5042,  0.5883, -0.3941, -0.4597, -0.2618, -0.4074],
        [-0.2946,  0.4345,  0.4263,  0.3556,  0.2676,  0.2347, -0.6208, -0.0658,
         -0.4316,  0.2173,  0.3629, -0.5911,  0.0406,  0.3928, -0.0035,  0.3627]],
       device='cuda:0', requires_grad=True)

Parameter name: road_linear_0.bias
Shape: torch.Size([32])
Values: Parameter containing:
tensor([-0.0451,  0.1038,  0.0786, -0.1200, -0.0173, -0.0051, -0.0527,  0.0829,
        -0.0262,  0.0963,  0.1639,  0.0514, -0.0466, -0.0253, -0.0040, -0.0229,
        -0.1950,  0.0450, -0.1097, -0.0504,  0.0668,  0.0334, -0.2473, -0.0594,
        -0.2317,  0.1802, -0.0669,  0.0943, -0.1307,  0.0096,  0.1683, -0.0667],
       device='cuda:0', requires_grad=True)

Parameter name: road_linear_1.weight
Shape: torch.Size([1, 32])
Values: Parameter containing:
tensor([[ 0.3629,  0.4992,  0.3390, -0.3970,  0.3886,  0.5303, -0.4219, -0.5686,
         -0.4428,  0.5337,  0.4601,  0.5790, -0.4878, -0.5775, -0.3782, -0.4730,
         -0.4776,  0.3786, -0.4161,  0.3647,  0.5095,  0.5528, -0.5509, -0.4476,
         -0.4672, -0.4140, -0.5077,  0.4216, -0.4659,  0.5378,  0.4765, -0.4153]],
       device='cuda:0', requires_grad=True)

Parameter name: linear_0.weight
Shape: torch.Size([32, 39])
Values: Parameter containing:
tensor([[ 0.0538, -0.1501,  0.2469,  ...,  0.0370, -0.1404, -0.1137],
        [-0.0344, -0.0835, -0.1088,  ..., -0.0255, -0.1447,  0.0871],
        [-0.0941,  0.0256,  0.3386,  ...,  0.1516,  0.0510,  0.0345],
        ...,
        [ 0.0748, -0.0911, -0.0936,  ..., -0.1147, -0.0573, -0.1180],
        [-0.0054, -0.1427,  0.2076,  ..., -0.1376, -0.0620,  0.1557],
        [-0.1487,  0.0917,  0.0820,  ..., -0.0287, -0.1677, -0.0509]],
       device='cuda:0', requires_grad=True)

Parameter name: linear_0.bias
Shape: torch.Size([32])
Values: Parameter containing:
tensor([ 0.0764,  0.0787, -0.1258, -0.0900, -0.0237, -0.0009, -0.1276,  0.0801,
        -0.0579,  0.1197,  0.0596, -0.0528, -0.0021,  0.0716, -0.1019, -0.0561,
         0.0986, -0.1125, -0.0303,  0.0047, -0.1017,  0.0711,  0.0507, -0.0414,
        -0.0588,  0.0609, -0.0100, -0.1546,  0.0757,  0.1701,  0.1098, -0.1118],
       device='cuda:0', requires_grad=True)

Parameter name: linear_1.weight
Shape: torch.Size([32, 32])
Values: Parameter containing:
tensor([[ 0.1821, -0.0714, -0.1098,  ..., -0.0249, -0.1213,  0.1549],
        [-0.0768,  0.0919,  0.0671,  ...,  0.0589, -0.1180,  0.1509],
        [ 0.0028, -0.1670, -0.1273,  ..., -0.0526,  0.1017,  0.0729],
        ...,
        [ 0.0031, -0.0132,  0.1093,  ...,  0.1476, -0.1171,  0.1657],
        [ 0.1183, -0.0182,  0.0217,  ...,  0.1457,  0.1184, -0.0618],
        [ 0.1211, -0.0126,  0.1935,  ...,  0.1529,  0.0479,  0.0449]],
       device='cuda:0', requires_grad=True)

Parameter name: linear_1.bias
Shape: torch.Size([32])
Values: Parameter containing:
tensor([ 0.0427,  0.0743,  0.0299, -0.0170, -0.0803, -0.0774,  0.0188, -0.1277,
         0.0760, -0.0981,  0.1808, -0.1823,  0.1187,  0.0436, -0.1939,  0.0238,
        -0.0865, -0.1098, -0.0252, -0.0782,  0.0703,  0.1667, -0.1352,  0.1454,
        -0.1262, -0.0626,  0.1438, -0.1032, -0.0598, -0.0115,  0.0406, -0.0361],
       device='cuda:0', requires_grad=True)

Parameter name: linear_2.weight
Shape: torch.Size([1, 32])
Values: Parameter containing:
tensor([[ 0.1476,  0.0500, -0.1913, -0.1181,  0.0221, -0.0380, -0.0672,  0.0900,
          0.0496, -0.0815, -0.0737,  0.0814,  0.0465, -0.0250,  0.1192,  0.0231,
         -0.1382, -0.1864,  0.0134,  0.0797, -0.1004, -0.1125, -0.1111,  0.0057,
          0.1265,  0.1625, -0.1637,  0.1502, -0.0707, -0.1665,  0.1331,  0.1703]],
       device='cuda:0', requires_grad=True)

Parameter name: linear_2.bias
Shape: torch.Size([1])
Values: Parameter containing:
tensor([-0.0381], device='cuda:0', requires_grad=True)

