Parameter name: road_linear_0.weight
Shape: torch.Size([32, 16])
Values: Parameter containing:
tensor([[ 1.2695e-01, -1.3727e-01, -1.8905e-01, -4.5156e-01, -1.1343e-01,
         -4.9889e-01,  5.1895e-01, -4.2859e-01,  3.5069e-01, -2.7358e-01,
         -1.7660e-01,  4.6922e-01, -3.9944e-01, -5.3598e-01,  4.7365e-03,
         -1.1581e-01],
        [ 1.6731e-01, -6.2418e-01, -2.7999e-01, -4.6575e-01, -3.3596e-01,
         -4.0857e-01,  3.9305e-01, -2.1897e-01,  5.7485e-01, -4.1258e-01,
         -1.8203e-01,  3.6755e-01, -1.0759e-01, -2.2769e-01,  3.2238e-02,
         -2.3906e-01],
        [ 9.1790e-02, -3.0036e-01, -1.8300e-01, -2.0872e-01, -6.5013e-02,
         -6.6213e-01,  5.6271e-01, -4.7127e-01,  5.9906e-01, -2.7246e-01,
         -3.0545e-01,  1.9412e-01, -7.5944e-02, -1.4295e-01, -4.7018e-02,
         -2.0250e-01],
        [-1.0630e-01,  3.8223e-01,  2.8070e-01,  3.6412e-01,  2.5916e-01,
          4.4445e-01, -3.7192e-01,  3.0398e-01, -5.7785e-01,  1.2705e-01,
          2.1472e-01, -2.5061e-01,  3.9507e-01,  4.0051e-02,  1.7179e-01,
          2.9850e-01],
        [ 3.1377e-01, -2.2417e-01, -3.5881e-01, -4.7443e-01, -1.6364e-01,
         -5.6853e-01,  2.7321e-01, -8.8517e-02,  3.2528e-01, -2.4104e-01,
         -1.2812e-01,  4.6347e-01, -1.5221e-01, -4.2586e-01, -9.2095e-02,
         -3.2083e-01],
        [ 4.2133e-01, -1.4243e-01, -5.3513e-01, -5.3684e-02,  7.9821e-03,
         -6.9198e-01,  4.9166e-01, -3.9511e-01,  4.3208e-01, -3.3802e-01,
         -5.8506e-01,  5.5190e-01, -3.6280e-01, -5.5981e-02,  5.3583e-02,
         -2.4577e-01],
        [-9.8253e-02,  3.9396e-01,  5.7889e-01,  2.6662e-01,  1.5518e-01,
          3.0346e-01, -4.1863e-01,  1.1754e-01, -4.6253e-01,  5.0642e-01,
          3.3697e-01, -5.6147e-01,  7.7697e-02,  4.2502e-01, -1.2780e-01,
          3.5573e-01],
        [-5.0993e-01,  6.2136e-01,  5.5455e-01,  8.0223e-02, -7.2836e-02,
          3.4043e-01, -3.4944e-01,  8.6946e-02, -4.0800e-01,  2.9820e-01,
          3.7022e-01, -5.6879e-01,  4.2217e-01,  1.2490e-01,  1.6295e-01,
          5.3977e-01],
        [-2.6752e-01,  6.1624e-01,  5.3514e-01,  1.9656e-01,  2.9655e-01,
          3.7692e-01, -4.6608e-01,  3.3803e-01, -2.3777e-01,  2.7819e-01,
          2.6029e-01, -5.8286e-01,  1.1128e-01,  4.4285e-01,  8.6651e-02,
          2.4759e-01],
        [ 1.4442e-01, -3.7798e-01, -2.6213e-01, -4.6572e-01, -2.3013e-01,
         -4.9214e-01,  2.6063e-01, -1.4492e-01,  4.3597e-01, -5.3175e-01,
         -1.3279e-01,  6.1295e-01, -3.5866e-01, -2.6206e-01, -1.4530e-01,
         -3.5300e-01],
        [ 6.7734e-02, -1.9687e-01, -2.3910e-01, -4.8338e-01, -3.2402e-01,
         -2.6162e-01,  4.4277e-01, -2.6602e-01,  5.0339e-01, -2.8377e-01,
         -2.1100e-01,  6.3127e-01, -2.8394e-01, -4.8418e-02, -3.4534e-01,
         -4.7678e-01],
        [ 1.7750e-01, -4.3704e-01, -1.9772e-01, -3.3977e-01, -1.1604e-01,
         -5.0154e-01,  5.8096e-01, -2.2273e-01,  3.3425e-01, -1.5912e-01,
         -6.6571e-02,  6.5488e-01, -4.5349e-01, -4.2757e-01, -2.6159e-01,
         -3.5669e-01],
        [-1.6426e-01,  4.1492e-01,  3.3252e-01,  2.9935e-01,  1.5109e-01,
          5.7914e-01, -2.9653e-01,  1.0012e-01, -4.9079e-01,  4.5334e-01,
          2.0434e-01, -6.3865e-01,  6.3810e-02,  3.4190e-01,  4.0136e-02,
          2.2734e-01],
        [-2.0748e-01,  6.4139e-01,  5.4571e-01,  4.2913e-01, -1.6163e-02,
          5.8489e-01, -2.8424e-01,  2.7540e-01, -4.0826e-01,  3.5357e-01,
          1.8820e-01, -4.9773e-01,  2.5494e-01,  2.6470e-01, -5.7117e-02,
          4.0835e-01],
        [-3.5747e-01,  1.8830e-01,  4.5403e-01, -3.4652e-02,  3.3918e-01,
          6.5586e-01, -4.3401e-01,  1.2054e-01, -4.2340e-01,  2.9255e-01,
          2.6341e-01, -4.8683e-01,  3.0073e-01,  2.2524e-01,  6.7488e-02,
          2.9333e-01],
        [-5.2470e-01,  2.2151e-01,  3.8290e-01,  5.2479e-01, -5.5617e-04,
          6.7745e-01, -3.9936e-01,  1.1798e-01, -3.3510e-01,  4.6935e-01,
          3.2734e-01, -2.1719e-01,  2.4557e-01,  1.1911e-01,  4.1751e-01,
          2.4588e-01],
        [-5.2630e-02,  5.6614e-01,  3.9470e-01,  8.6198e-02, -5.6095e-02,
          5.2990e-01, -3.5452e-01,  3.1320e-01, -5.7547e-01,  3.4036e-01,
          5.4557e-01, -3.1366e-01,  4.9779e-01,  5.0046e-01,  1.4059e-01,
          1.5717e-01],
        [ 1.0950e-01, -3.0530e-01, -4.5585e-01, -2.8106e-01, -1.1367e-01,
         -3.3561e-01,  5.5020e-01, -6.4310e-02,  3.7577e-01, -2.3453e-01,
         -4.5746e-01,  3.5667e-01, -3.2839e-01, -4.6428e-01,  5.9284e-02,
         -3.8581e-01],
        [-1.6493e-01,  3.8278e-01,  3.5238e-01,  1.1803e-01,  9.0393e-02,
          2.0791e-01, -5.1153e-01,  3.4433e-01, -5.4317e-01,  3.8314e-01,
          3.1232e-01, -6.5346e-01,  3.1813e-01,  3.8748e-01,  3.2739e-01,
          3.6981e-01],
        [ 4.0722e-01, -3.7570e-01, -2.6867e-01, -1.4257e-01, -3.0556e-01,
         -5.1506e-01,  2.0250e-01, -2.4561e-03,  4.0961e-01, -4.2692e-01,
         -3.2306e-01,  4.6577e-01, -4.6975e-01, -2.6474e-01, -1.7955e-02,
         -2.9836e-01],
        [ 2.0488e-01, -1.8269e-01, -2.2393e-01, -5.1378e-01, -2.5702e-02,
         -6.6284e-01,  5.4628e-01,  1.6690e-02,  3.7628e-01, -4.6050e-01,
         -4.8180e-01,  3.3961e-01, -3.1684e-01, -4.1833e-01,  8.8548e-02,
         -4.3224e-01],
        [ 3.9407e-01, -6.4944e-01, -2.1838e-01, -5.9593e-02, -3.3330e-01,
         -5.6785e-01,  4.8171e-01, -4.5420e-01,  1.7238e-01, -2.5542e-01,
         -5.1196e-02,  3.5521e-01, -3.0910e-01, -5.2798e-01, -4.6551e-01,
         -8.1603e-02],
        [-6.5992e-02,  3.0093e-01,  2.4661e-01,  2.8109e-01,  2.7766e-01,
          1.9300e-01, -5.5414e-01,  8.4904e-02, -4.5889e-01,  3.6929e-01,
          4.9352e-01, -4.0305e-01,  7.8133e-02,  5.3668e-01,  3.6357e-01,
          4.0589e-01],
        [-1.0569e-01,  5.0081e-01,  5.5987e-01,  3.8058e-02,  1.3727e-02,
          4.2666e-01, -4.6219e-01,  4.0809e-02, -5.8938e-01,  1.7441e-01,
          2.7636e-01, -2.2988e-01,  4.4987e-01,  3.8145e-01,  3.8372e-02,
          2.2916e-01],
        [-1.3216e-01,  1.6503e-01,  3.3527e-01,  3.5242e-01,  4.2797e-01,
          2.8275e-01, -1.6873e-01,  1.7313e-01, -5.4001e-01,  6.0697e-01,
          5.3739e-01, -6.2745e-01,  1.4294e-01,  4.3171e-01,  5.4433e-02,
          4.9454e-01],
        [-3.9643e-01,  3.1225e-01,  2.7806e-01,  5.2368e-01,  6.9348e-02,
          4.3822e-01, -2.6196e-01,  5.4342e-02, -3.5562e-01,  1.7135e-01,
          9.3109e-02, -5.0236e-01,  3.1805e-01,  5.3062e-01, -7.3734e-02,
          2.6619e-01],
        [-2.2267e-01,  4.0993e-01,  4.6130e-01,  8.8911e-02,  2.8326e-02,
          3.0561e-01, -6.0878e-01,  2.6334e-01, -5.8270e-01,  4.9300e-01,
          2.2791e-01, -4.8915e-01,  3.7181e-01,  4.9471e-01,  3.0853e-01,
          4.7262e-01],
        [ 1.1056e-01, -3.5835e-01, -1.8100e-01, -2.1484e-01,  1.0992e-02,
         -6.6113e-01,  6.4143e-01, -2.6982e-01,  1.3084e-01, -4.1023e-01,
         -6.9308e-02,  3.4550e-01, -3.5913e-01, -3.9387e-01, -4.1376e-01,
         -2.6703e-01],
        [-5.4853e-02,  4.4659e-01,  3.3626e-01,  2.8911e-01, -2.3015e-02,
          3.3693e-01, -4.0416e-01,  1.2368e-02, -2.2454e-01,  3.9488e-01,
          3.3047e-01, -4.5247e-01,  4.8538e-01,  5.2617e-01,  3.3142e-01,
          4.5289e-01],
        [ 2.1570e-01, -2.3202e-01, -5.0722e-01, -1.8288e-01, -2.8301e-01,
         -4.2689e-01,  5.9869e-01, -3.4654e-02,  5.6691e-01, -2.7965e-01,
         -1.5149e-01,  5.3414e-01, -1.2787e-01, -1.7378e-01, -4.5304e-02,
         -4.2638e-01],
        [ 9.7008e-02, -4.4854e-01, -2.2785e-01, -4.2064e-01, -7.6093e-02,
         -2.3259e-01,  6.0642e-01, -3.5138e-01,  4.1908e-01, -2.0535e-01,
         -5.5287e-01,  5.9807e-01, -4.2407e-01, -4.7849e-01, -2.6620e-01,
         -4.1490e-01],
        [-2.9820e-01,  4.5592e-01,  4.5097e-01,  3.6202e-01,  3.0689e-01,
          2.7550e-01, -6.3337e-01, -3.6872e-02, -4.6167e-01,  2.3738e-01,
          4.1368e-01, -6.0108e-01,  7.6973e-02,  4.1520e-01, -5.5057e-04,
          3.7132e-01]], device='cuda:0', requires_grad=True)

Parameter name: road_linear_0.bias
Shape: torch.Size([32])
Values: Parameter containing:
tensor([-0.0355,  0.1042,  0.0659, -0.1213, -0.0013, -0.0142, -0.0538,  0.0737,
        -0.0319,  0.1145,  0.1780,  0.0747, -0.0575, -0.0322, -0.0160, -0.0564,
        -0.1718,  0.0379, -0.1069, -0.0396,  0.0667,  0.0633, -0.2339, -0.0553,
        -0.2141,  0.1650, -0.0715,  0.1389, -0.1402,  0.0244,  0.1565, -0.0661],
       device='cuda:0', requires_grad=True)

Parameter name: road_linear_1.weight
Shape: torch.Size([1, 32])
Values: Parameter containing:
tensor([[ 0.3920,  0.5272,  0.3939, -0.4402,  0.4203,  0.5625, -0.4510, -0.6030,
         -0.5020,  0.5603,  0.4921,  0.6064, -0.5211, -0.6059, -0.4187, -0.5072,
         -0.5077,  0.4084, -0.4457,  0.4036,  0.5329,  0.5989, -0.5777, -0.4793,
         -0.4932, -0.4411, -0.5322,  0.4698, -0.4963,  0.5666,  0.5023, -0.4405]],
       device='cuda:0', requires_grad=True)

Parameter name: linear_0.weight
Shape: torch.Size([32, 39])
Values: Parameter containing:
tensor([[ 0.0202, -0.1052,  0.2842,  ...,  0.0370, -0.1403, -0.1137],
        [ 0.0097, -0.1086, -0.1107,  ..., -0.0255, -0.1383,  0.0871],
        [-0.1250,  0.0904,  0.3342,  ...,  0.1516,  0.0507,  0.0345],
        ...,
        [ 0.0729, -0.1034, -0.0841,  ..., -0.1147, -0.0723, -0.1180],
        [-0.0371, -0.1162,  0.2219,  ..., -0.1376, -0.0655,  0.1557],
        [-0.2012,  0.1201,  0.0614,  ..., -0.0287, -0.1619, -0.0509]],
       device='cuda:0', requires_grad=True)

Parameter name: linear_0.bias
Shape: torch.Size([32])
Values: Parameter containing:
tensor([ 0.0764,  0.0851, -0.1261, -0.0885, -0.0247, -0.0038, -0.1407,  0.0790,
        -0.0602,  0.1179,  0.0618, -0.0593, -0.0016,  0.0759, -0.0970, -0.0560,
         0.1018, -0.1169, -0.0329,  0.0050, -0.0936,  0.0712,  0.0502, -0.0324,
        -0.0558,  0.0557, -0.0087, -0.1574,  0.0872,  0.1550,  0.1064, -0.1060],
       device='cuda:0', requires_grad=True)

Parameter name: linear_1.weight
Shape: torch.Size([32, 32])
Values: Parameter containing:
tensor([[ 0.1853, -0.0746, -0.1070,  ..., -0.0211, -0.1249,  0.1631],
        [-0.0744,  0.0882,  0.0705,  ...,  0.0624, -0.1202,  0.1600],
        [ 0.0003, -0.1659, -0.1306,  ..., -0.0543,  0.1052,  0.0644],
        ...,
        [ 0.0022, -0.0108,  0.1051,  ...,  0.1462, -0.1145,  0.1547],
        [ 0.1217, -0.0235,  0.0267,  ...,  0.1492,  0.1159, -0.0476],
        [ 0.1221, -0.0144,  0.1952,  ...,  0.1563,  0.0424,  0.0543]],
       device='cuda:0', requires_grad=True)

Parameter name: linear_1.bias
Shape: torch.Size([32])
Values: Parameter containing:
tensor([ 0.0401,  0.0715,  0.0338, -0.0134, -0.0795, -0.0769,  0.0218, -0.1325,
         0.0715, -0.0939,  0.1867, -0.1848,  0.1158,  0.0455, -0.1975,  0.0203,
        -0.0812, -0.1060, -0.0344, -0.0817,  0.0734,  0.1709, -0.1316,  0.1408,
        -0.1306, -0.0673,  0.1485, -0.1082, -0.0562, -0.0067,  0.0359, -0.0390],
       device='cuda:0', requires_grad=True)

Parameter name: linear_2.weight
Shape: torch.Size([1, 32])
Values: Parameter containing:
tensor([[ 0.1565,  0.0493, -0.1954, -0.1241,  0.0205, -0.0241, -0.0731,  0.0851,
          0.0465, -0.0817, -0.0732,  0.0875,  0.0407, -0.0243,  0.1246,  0.0152,
         -0.1350, -0.1857,  0.0123,  0.0843, -0.1079, -0.1123, -0.1012, -0.0005,
          0.1308,  0.1610, -0.1666,  0.1532, -0.0685, -0.1700,  0.1409,  0.1768]],
       device='cuda:0', requires_grad=True)

Parameter name: linear_2.bias
Shape: torch.Size([1])
Values: Parameter containing:
tensor([-0.0431], device='cuda:0', requires_grad=True)

