Parameter name: road_linear_0.weight
Shape: torch.Size([32, 16])
Values: Parameter containing:
tensor([[-0.1134,  0.2195,  0.1565, -0.2208, -0.0219, -0.0321,  0.1440, -0.2386,
          0.0567,  0.0528,  0.0875,  0.0611, -0.1505, -0.2631,  0.1063,  0.2120],
        [-0.0198, -0.2467,  0.0664, -0.2301, -0.1984,  0.0252,  0.0186, -0.0529,
          0.2921, -0.0901,  0.0951, -0.0240,  0.1415,  0.0366,  0.1815,  0.0628],
        [-0.0620,  0.1003,  0.2114,  0.0162,  0.1008, -0.1938,  0.1542, -0.2537,
          0.2615,  0.0810, -0.0109, -0.2091,  0.2073,  0.1456,  0.2087,  0.0886],
        [ 0.0568, -0.0535, -0.0986,  0.1328,  0.1014,  0.0110,  0.0190,  0.1019,
         -0.2832, -0.1957, -0.0386,  0.1434,  0.1428, -0.2240, -0.0528, -0.0161],
        [ 0.1348,  0.1828,  0.0005, -0.2456, -0.0169, -0.1369, -0.1155,  0.1047,
          0.0312,  0.0769,  0.1411,  0.0742,  0.0998, -0.1551,  0.1015, -0.0122],
        [ 0.2275,  0.2188, -0.1938,  0.1795,  0.1522, -0.2466,  0.1238, -0.2387,
          0.1514, -0.0112, -0.2982,  0.1490, -0.1184,  0.2056,  0.1969,  0.0609],
        [ 0.1521,  0.1053,  0.2390,  0.0229,  0.0855, -0.0144, -0.0378, -0.0507,
         -0.1561,  0.1791,  0.1477, -0.1496, -0.1851,  0.1472, -0.1983,  0.0044],
        [-0.2748,  0.2351,  0.2101, -0.1502, -0.1961, -0.1041,  0.0265, -0.0882,
         -0.1287, -0.0171,  0.1029, -0.1739,  0.1613, -0.1365,  0.0181,  0.2345],
        [-0.1877,  0.2055,  0.1310, -0.0329,  0.1172, -0.1314, -0.0160,  0.1026,
          0.1544, -0.1021, -0.0943, -0.1706, -0.2037,  0.0854, -0.1699, -0.0473],
        [-0.0536, -0.0141,  0.0673, -0.2378, -0.1099, -0.0698, -0.1042,  0.0201,
          0.1620, -0.2252,  0.1360,  0.2339, -0.1193, -0.0059, -0.0106, -0.0607],
        [-0.1358,  0.1871,  0.1154, -0.2507, -0.2142,  0.2074,  0.0607, -0.0819,
          0.2209,  0.0387,  0.0454,  0.2337, -0.0396,  0.2140, -0.2027, -0.1687],
        [ 0.0936, -0.0647,  0.1310, -0.1227,  0.0047, -0.1012,  0.2180, -0.0563,
          0.0721,  0.1359,  0.1774,  0.2954, -0.2760, -0.1847, -0.0937, -0.0795],
        [ 0.0961,  0.1283, -0.0164,  0.0550,  0.0819,  0.2457,  0.0937, -0.0984,
         -0.1890,  0.1162,  0.0177, -0.2038, -0.2033,  0.0652, -0.0371, -0.1265],
        [-0.0154,  0.2674,  0.2135,  0.1998, -0.1502,  0.1875,  0.0805,  0.1204,
         -0.1330,  0.0450, -0.0765, -0.1149,  0.0098,  0.0091, -0.2048,  0.1139],
        [-0.1724, -0.1982,  0.1020, -0.2384,  0.2209,  0.2126, -0.0660, -0.0686,
         -0.1448, -0.0062,  0.0064, -0.1089,  0.0577, -0.0315, -0.0943, -0.0131],
        [-0.2953, -0.1536,  0.0407,  0.2943, -0.1155,  0.1984, -0.0156, -0.0735,
         -0.0649,  0.1620,  0.0819,  0.1717, -0.0054, -0.1309,  0.2642, -0.0479],
        [ 0.0985,  0.1847,  0.0489, -0.1487, -0.2090,  0.1598,  0.0100,  0.1791,
         -0.2890,  0.0140,  0.2723,  0.0753,  0.2573,  0.2360, -0.0159, -0.1469],
        [-0.0987,  0.0628, -0.1039, -0.0492,  0.0085,  0.1135,  0.1714,  0.1089,
          0.0747,  0.1008, -0.1720, -0.0514, -0.0767, -0.1835,  0.1864, -0.0608],
        [ 0.0588, -0.0030,  0.0012, -0.1146, -0.0128, -0.2172, -0.1369,  0.1887,
         -0.2489,  0.0590,  0.0437, -0.2541,  0.0621,  0.1207,  0.1948,  0.0503],
        [ 0.1869,  0.0078,  0.0898,  0.0825, -0.1818, -0.0472, -0.1748,  0.2066,
          0.1058, -0.1051, -0.0311,  0.0623, -0.2145,  0.0122,  0.1205,  0.0324],
        [ 0.0363,  0.1391,  0.1032, -0.2802,  0.1076, -0.2482,  0.1840,  0.1720,
          0.0944, -0.1337, -0.1911, -0.0530, -0.0923, -0.1526,  0.2030, -0.1361],
        [ 0.1605, -0.2525,  0.1219,  0.1574, -0.2173, -0.1114,  0.1014, -0.2769,
         -0.0888,  0.0399,  0.1762, -0.0186, -0.0471, -0.2870, -0.2843,  0.1909],
        [ 0.1507, -0.0523, -0.0930,  0.0411,  0.1535, -0.1977, -0.1842, -0.0458,
         -0.1791,  0.0415,  0.2395, -0.0025, -0.1766,  0.2746,  0.2437,  0.1039],
        [ 0.0652,  0.1175,  0.2105, -0.1869, -0.1193,  0.0133, -0.0884, -0.1297,
         -0.3079, -0.1456,  0.0187,  0.1572,  0.2113,  0.1146, -0.1124, -0.0757],
        [-0.0350, -0.2131, -0.0077,  0.1075,  0.2602, -0.0263,  0.1977,  0.0512,
         -0.2414,  0.2831,  0.2695, -0.2514, -0.0963,  0.1576, -0.1118,  0.1918],
        [-0.1730, -0.0545, -0.0658,  0.2930, -0.0487, -0.0019,  0.1161, -0.1343,
         -0.0696, -0.1484, -0.1726, -0.1099,  0.0681,  0.2571, -0.1993, -0.0460],
        [ 0.0042,  0.1100,  0.1481, -0.1443, -0.0272,  0.0868, -0.2493,  0.1550,
         -0.3057,  0.1998,  0.1211, -0.1224,  0.1328,  0.2440,  0.2251,  0.1711],
        [-0.0909,  0.0587,  0.1857, -0.0058,  0.1328, -0.1895,  0.2283, -0.0392,
         -0.1614, -0.1078,  0.1745, -0.0364, -0.0931, -0.1319, -0.1789,  0.0240],
        [ 0.0988,  0.0501, -0.0107,  0.0653, -0.1544, -0.0914, -0.0308, -0.1662,
          0.0592,  0.0811,  0.0570, -0.0679,  0.2546,  0.2645,  0.1637,  0.1467],
        [-0.0612,  0.0779, -0.1741,  0.0526, -0.2133, -0.0441,  0.2235,  0.1302,
          0.2900,  0.0394,  0.0414,  0.1221,  0.1349,  0.0891,  0.0334, -0.1117],
        [-0.0727, -0.0880,  0.1107, -0.1889,  0.0377,  0.1774,  0.2416, -0.2191,
          0.1363,  0.1211, -0.2834,  0.2079, -0.1893, -0.2172, -0.1411, -0.1174],
        [-0.1246,  0.0802,  0.1025,  0.1248,  0.1827, -0.1447, -0.2588, -0.1974,
         -0.1633, -0.0901,  0.1250, -0.2034, -0.1650,  0.1440, -0.1402,  0.0538]],
       device='cuda:0', requires_grad=True)

Parameter name: road_linear_0.bias
Shape: torch.Size([32])
Values: Parameter containing:
tensor([-0.1943,  0.0954,  0.1586, -0.2075,  0.0891, -0.1002,  0.1469,  0.2204,
        -0.2365,  0.0685,  0.1453,  0.1838,  0.1687,  0.0250,  0.0071,  0.0428,
        -0.1766, -0.0645, -0.0064, -0.1595, -0.0009, -0.0232, -0.1103, -0.0804,
        -0.2810,  0.2493,  0.0783,  0.2153, -0.2250, -0.2351,  0.1523, -0.0411],
       device='cuda:0', requires_grad=True)

Parameter name: road_linear_1.weight
Shape: torch.Size([1, 32])
Values: Parameter containing:
tensor([[ 0.0508,  0.1524,  0.0076, -0.0443,  0.0767,  0.1868, -0.0779, -0.1699,
         -0.0403,  0.1840,  0.0847,  0.2084, -0.1090, -0.2150, -0.0102, -0.1195,
         -0.1513,  0.0648, -0.0552,  0.0285,  0.2031,  0.1434, -0.2067, -0.1232,
         -0.1589, -0.1203, -0.1645,  0.0601, -0.0998,  0.1756,  0.1326, -0.0697]],
       device='cuda:0', requires_grad=True)

Parameter name: linear_0.weight
Shape: torch.Size([32, 39])
Values: Parameter containing:
tensor([[ 0.0454,  0.0110,  0.0552,  ...,  0.0370, -0.1417, -0.1137],
        [-0.0422, -0.1270,  0.0540,  ..., -0.0255, -0.1493,  0.0871],
        [-0.0944,  0.0861,  0.1507,  ...,  0.1516,  0.0537,  0.0345],
        ...,
        [ 0.0810, -0.0906, -0.0192,  ..., -0.1147, -0.0602, -0.1180],
        [ 0.0024, -0.1042,  0.0288,  ..., -0.1376, -0.0539,  0.1557],
        [-0.1433,  0.0841,  0.0682,  ..., -0.0287, -0.1627, -0.0509]],
       device='cuda:0', requires_grad=True)

Parameter name: linear_0.bias
Shape: torch.Size([32])
Values: Parameter containing:
tensor([ 0.0750,  0.0741, -0.1231, -0.0939, -0.0296,  0.0061, -0.1243,  0.0771,
        -0.0506,  0.1141,  0.0570, -0.0466, -0.0084,  0.0635, -0.0998, -0.0535,
         0.0934, -0.1178, -0.0297,  0.0096, -0.1006,  0.0647,  0.0589, -0.0377,
        -0.0549,  0.0614, -0.0049, -0.1450,  0.0764,  0.1672,  0.1180, -0.1069],
       device='cuda:0', requires_grad=True)

Parameter name: linear_1.weight
Shape: torch.Size([32, 32])
Values: Parameter containing:
tensor([[ 0.1756, -0.0708, -0.1204,  ..., -0.0253, -0.1258,  0.1549],
        [-0.0834,  0.0939,  0.0554,  ...,  0.0598, -0.1244,  0.1511],
        [ 0.0101, -0.1664, -0.1162,  ..., -0.0521,  0.1065,  0.0739],
        ...,
        [ 0.0101, -0.0153,  0.1216,  ...,  0.1462, -0.1104,  0.1656],
        [ 0.1100, -0.0182,  0.0084,  ...,  0.1462,  0.1113, -0.0647],
        [ 0.1140, -0.0120,  0.1827,  ...,  0.1519,  0.0433,  0.0450]],
       device='cuda:0', requires_grad=True)

Parameter name: linear_1.bias
Shape: torch.Size([32])
Values: Parameter containing:
tensor([ 0.0502,  0.0831,  0.0221, -0.0254, -0.0728, -0.0859,  0.0110, -0.1184,
         0.0850, -0.1071,  0.1724, -0.1759,  0.1269,  0.0371, -0.1855,  0.0322,
        -0.0952, -0.1191, -0.0215, -0.0705,  0.0624,  0.1587, -0.1435,  0.1543,
        -0.1170, -0.0541,  0.1349, -0.0943, -0.0694, -0.0208,  0.0498, -0.0283],
       device='cuda:0', requires_grad=True)

Parameter name: linear_2.weight
Shape: torch.Size([1, 32])
Values: Parameter containing:
tensor([[ 0.1344,  0.0573, -0.1765, -0.1062,  0.0236,  0.0013, -0.0560,  0.0792,
          0.0549, -0.0839, -0.0612,  0.0677,  0.0468,  0.0026,  0.1067,  0.0450,
         -0.1406, -0.1791, -0.0084,  0.0693, -0.0973, -0.0990, -0.1162,  0.0154,
          0.1222,  0.1538, -0.1546,  0.1426, -0.0746, -0.1604,  0.1248,  0.1583]],
       device='cuda:0', requires_grad=True)

Parameter name: linear_2.bias
Shape: torch.Size([1])
Values: Parameter containing:
tensor([-0.0290], device='cuda:0', requires_grad=True)

