Parameter name: road_linear_0.weight
Shape: torch.Size([32, 16])
Values: Parameter containing:
tensor([[ 1.2654e-01, -1.3104e-01, -1.8019e-01, -4.5193e-01, -1.0352e-01,
         -4.8674e-01,  5.1621e-01, -4.1422e-01,  3.4470e-01, -2.7205e-01,
         -1.6463e-01,  4.7051e-01, -3.8863e-01, -5.3207e-01,  1.0123e-02,
         -1.1726e-01],
        [ 1.6754e-01, -6.1823e-01, -2.7186e-01, -4.6578e-01, -3.2729e-01,
         -3.9710e-01,  3.9004e-01, -2.0750e-01,  5.6989e-01, -4.1050e-01,
         -1.7214e-01,  3.6838e-01, -9.6802e-02, -2.2436e-01,  3.7359e-02,
         -2.4035e-01],
        [ 9.3479e-02, -2.9013e-01, -1.6735e-01, -2.1136e-01, -5.2448e-02,
         -6.4531e-01,  5.5840e-01, -4.5441e-01,  5.9120e-01, -2.7119e-01,
         -2.9407e-01,  1.9684e-01, -5.8718e-02, -1.3894e-01, -3.2867e-02,
         -2.0528e-01],
        [-1.0661e-01,  3.7377e-01,  2.7061e-01,  3.6729e-01,  2.4977e-01,
          4.3098e-01, -3.6886e-01,  2.8761e-01, -5.7537e-01,  1.2875e-01,
          2.1007e-01, -2.5459e-01,  3.8084e-01,  3.9868e-02,  1.5910e-01,
          3.0327e-01],
        [ 3.1403e-01, -2.1718e-01, -3.4927e-01, -4.7532e-01, -1.5459e-01,
         -5.5648e-01,  2.6974e-01, -7.5494e-02,  3.2020e-01, -2.3986e-01,
         -1.1933e-01,  4.6540e-01, -1.3906e-01, -4.2294e-01, -8.3987e-02,
         -3.2310e-01],
        [ 4.2263e-01, -1.3460e-01, -5.2589e-01, -5.4281e-02,  1.8087e-02,
         -6.7964e-01,  4.8952e-01, -3.8205e-01,  4.2752e-01, -3.3584e-01,
         -5.7417e-01,  5.5229e-01, -3.5326e-01, -5.2812e-02,  6.0743e-02,
         -2.4631e-01],
        [-9.6575e-02,  3.9003e-01,  5.7127e-01,  2.6549e-01,  1.4588e-01,
          2.9079e-01, -4.1483e-01,  1.0596e-01, -4.5511e-01,  5.0321e-01,
          3.2126e-01, -5.6200e-01,  6.7905e-02,  4.1981e-01, -1.2803e-01,
          3.5659e-01],
        [-5.0780e-01,  6.1574e-01,  5.4810e-01,  8.1707e-02, -7.9450e-02,
          3.2762e-01, -3.4659e-01,  7.3930e-02, -4.0481e-01,  2.9878e-01,
          3.6315e-01, -5.7177e-01,  4.1180e-01,  1.2354e-01,  1.5860e-01,
          5.4305e-01],
        [-2.6637e-01,  6.0888e-01,  5.2332e-01,  2.0041e-01,  2.8662e-01,
          3.5848e-01, -4.6104e-01,  3.2110e-01, -2.2943e-01,  2.7936e-01,
          2.4950e-01, -5.8853e-01,  9.1365e-02,  4.3930e-01,  7.9308e-02,
          2.5303e-01],
        [ 1.4298e-01, -3.7298e-01, -2.5582e-01, -4.6653e-01, -2.2328e-01,
         -4.8185e-01,  2.5832e-01, -1.3290e-01,  4.3211e-01, -5.3146e-01,
         -1.2453e-01,  6.1502e-01, -3.4919e-01, -2.5977e-01, -1.4192e-01,
         -3.5521e-01],
        [ 6.6941e-02, -1.9108e-01, -2.3171e-01, -4.8500e-01, -3.1623e-01,
         -2.4861e-01,  4.3974e-01, -2.5245e-01,  4.9981e-01, -2.8435e-01,
         -2.0387e-01,  6.3462e-01, -2.7232e-01, -4.6951e-02, -3.3853e-01,
         -4.8076e-01],
        [ 1.7577e-01, -4.3159e-01, -1.9219e-01, -3.4227e-01, -1.1024e-01,
         -4.9197e-01,  5.7918e-01, -2.0901e-01,  3.3258e-01, -1.6124e-01,
         -6.2910e-02,  6.5867e-01, -4.4354e-01, -4.2756e-01, -2.5552e-01,
         -3.6097e-01],
        [-1.6328e-01,  4.0925e-01,  3.2425e-01,  2.9948e-01,  1.4149e-01,
          5.6513e-01, -2.9319e-01,  8.6612e-02, -4.8478e-01,  4.5139e-01,
          1.8972e-01, -6.4019e-01,  5.4260e-02,  3.3802e-01,  3.6537e-02,
          2.2898e-01],
        [-2.0633e-01,  6.3562e-01,  5.3892e-01,  4.3012e-01, -2.3544e-02,
          5.7365e-01, -2.8184e-01,  2.6297e-01, -4.0461e-01,  3.5317e-01,
          1.8023e-01, -4.9971e-01,  2.4512e-01,  2.6260e-01, -6.1179e-02,
          4.1062e-01],
        [-3.5739e-01,  1.8012e-01,  4.4354e-01, -3.2348e-02,  3.2924e-01,
          6.4177e-01, -4.3096e-01,  1.0450e-01, -4.1862e-01,  2.9274e-01,
          2.5460e-01, -4.8981e-01,  2.8710e-01,  2.2297e-01,  5.8033e-02,
          2.9640e-01],
        [-5.2359e-01,  2.1516e-01,  3.7603e-01,  5.2726e-01, -7.2243e-03,
          6.6460e-01, -3.9674e-01,  1.0464e-01, -3.3343e-01,  4.7153e-01,
          3.2329e-01, -2.2175e-01,  2.3507e-01,  1.1948e-01,  4.0875e-01,
          2.5073e-01],
        [-5.0561e-02,  5.6110e-01,  3.8767e-01,  8.6503e-02, -6.4604e-02,
          5.1983e-01, -3.5201e-01,  2.9996e-01, -5.7092e-01,  3.3948e-01,
          5.3709e-01, -3.1493e-01,  4.8754e-01,  4.9764e-01,  1.3834e-01,
          1.5904e-01],
        [ 1.0888e-01, -2.9998e-01, -4.4705e-01, -2.8017e-01, -1.0395e-01,
         -3.2378e-01,  5.4668e-01, -5.2624e-02,  3.6861e-01, -2.3136e-01,
         -4.4409e-01,  3.5693e-01, -3.1734e-01, -4.5933e-01,  6.2467e-02,
         -3.8642e-01],
        [-1.6282e-01,  3.7831e-01,  3.4576e-01,  1.1908e-01,  8.2842e-02,
          1.9581e-01, -5.0860e-01,  3.3103e-01, -5.3802e-01,  3.8302e-01,
          3.0291e-01, -6.5621e-01,  3.0662e-01,  3.8471e-01,  3.2528e-01,
          3.7302e-01],
        [ 4.0607e-01, -3.6906e-01, -2.5903e-01, -1.4310e-01, -2.9558e-01,
         -5.0150e-01,  1.9891e-01,  1.2436e-02,  4.0304e-01, -4.2546e-01,
         -3.1097e-01,  4.6738e-01, -4.5697e-01, -2.6064e-01, -1.2584e-02,
         -3.0015e-01],
        [ 2.0531e-01, -1.7745e-01, -2.1576e-01, -5.1238e-01, -1.6629e-02,
         -6.5368e-01,  5.4375e-01,  2.5827e-02,  3.7008e-01, -4.5642e-01,
         -4.6793e-01,  3.3875e-01, -3.0899e-01, -4.1350e-01,  9.1368e-02,
         -4.3132e-01],
        [ 3.9140e-01, -6.4272e-01, -2.1416e-01, -6.6130e-02, -3.2890e-01,
         -5.5331e-01,  4.8045e-01, -4.3599e-01,  1.7480e-01, -2.6340e-01,
         -5.4361e-02,  3.6453e-01, -2.9700e-01, -5.3268e-01, -4.5440e-01,
         -9.2150e-02],
        [-6.5482e-02,  2.9664e-01,  2.3988e-01,  2.8073e-01,  2.6974e-01,
          1.8179e-01, -5.5121e-01,  7.5282e-02, -4.5401e-01,  3.6716e-01,
          4.8295e-01, -4.0405e-01,  6.8992e-02,  5.3343e-01,  3.6096e-01,
          4.0748e-01],
        [-1.0407e-01,  4.9489e-01,  5.5227e-01,  3.8800e-02,  5.6719e-03,
          4.1579e-01, -4.5933e-01,  2.7525e-02, -5.8535e-01,  1.7402e-01,
          2.6871e-01, -2.3165e-01,  4.3921e-01,  3.7924e-01,  3.3342e-02,
          2.3131e-01],
        [-1.3088e-01,  1.6193e-01,  3.2809e-01,  3.5069e-01,  4.1946e-01,
          2.7461e-01, -1.6532e-01,  1.6375e-01, -5.3305e-01,  6.0349e-01,
          5.2663e-01, -6.2718e-01,  1.3145e-01,  4.2636e-01,  5.5353e-02,
          4.9492e-01],
        [-3.9610e-01,  3.0656e-01,  2.6980e-01,  5.2334e-01,  6.0733e-02,
          4.2706e-01, -2.5875e-01,  4.2722e-02, -3.4991e-01,  1.6904e-01,
          8.1722e-02, -5.0309e-01,  3.0739e-01,  5.2666e-01, -7.8203e-02,
          2.6708e-01],
        [-2.1986e-01,  4.0650e-01,  4.5630e-01,  8.9796e-02,  2.2269e-02,
          2.9624e-01, -6.0671e-01,  2.5133e-01, -5.7847e-01,  4.9328e-01,
          2.1934e-01, -4.9193e-01,  3.6374e-01,  4.9237e-01,  3.0879e-01,
          4.7556e-01],
        [ 1.0760e-01, -3.5096e-01, -1.7441e-01, -2.2272e-01,  1.6442e-02,
         -6.4599e-01,  6.3928e-01, -2.5102e-01,  1.3418e-01, -4.2009e-01,
         -7.2198e-02,  3.5664e-01, -3.4453e-01, -4.0065e-01, -4.0074e-01,
         -2.7756e-01],
        [-5.2645e-02,  4.4164e-01,  3.3016e-01,  2.9076e-01, -2.9221e-02,
          3.2652e-01, -4.0167e-01, -2.8187e-04, -2.2113e-01,  3.9576e-01,
          3.2395e-01, -4.5565e-01,  4.7489e-01,  5.2482e-01,  3.2749e-01,
          4.5626e-01],
        [ 2.1513e-01, -2.2624e-01, -4.9975e-01, -1.8327e-01, -2.7475e-01,
         -4.1366e-01,  5.9595e-01, -2.2715e-02,  5.6243e-01, -2.7835e-01,
         -1.3960e-01,  5.3588e-01, -1.1932e-01, -1.7095e-01, -4.0757e-02,
         -4.2814e-01],
        [ 9.5650e-02, -4.4458e-01, -2.2152e-01, -4.2083e-01, -6.8352e-02,
         -2.2221e-01,  6.0390e-01, -3.3983e-01,  4.1389e-01, -2.0412e-01,
         -5.4312e-01,  5.9967e-01, -4.1411e-01, -4.7527e-01, -2.6493e-01,
         -4.1708e-01],
        [-2.9781e-01,  4.5147e-01,  4.4291e-01,  3.6101e-01,  2.9813e-01,
          2.6462e-01, -6.2988e-01, -4.6937e-02, -4.5439e-01,  2.3400e-01,
          4.0095e-01, -6.0148e-01,  6.5723e-02,  4.1012e-01, -2.3166e-03,
          3.7202e-01]], device='cuda:0', requires_grad=True)

Parameter name: road_linear_0.bias
Shape: torch.Size([32])
Values: Parameter containing:
tensor([-0.0372,  0.1032,  0.0658, -0.1190, -0.0028, -0.0138, -0.0510,  0.0782,
        -0.0282,  0.1113,  0.1749,  0.0704, -0.0550, -0.0292, -0.0139, -0.0528,
        -0.1688,  0.0365, -0.1029, -0.0423,  0.0672,  0.0555, -0.2323, -0.0521,
        -0.2124,  0.1666, -0.0669,  0.1316, -0.1358,  0.0222,  0.1540, -0.0649],
       device='cuda:0', requires_grad=True)

Parameter name: road_linear_1.weight
Shape: torch.Size([1, 32])
Values: Parameter containing:
tensor([[ 0.3870,  0.5225,  0.3846, -0.4323,  0.4156,  0.5565, -0.4462, -0.5971,
         -0.4925,  0.5559,  0.4868,  0.6017, -0.5158, -0.6009, -0.4117, -0.5013,
         -0.5016,  0.4032, -0.4404,  0.3971,  0.5289,  0.5897, -0.5730, -0.4732,
         -0.4887, -0.4371, -0.5278,  0.4612, -0.4910,  0.5620,  0.4975, -0.4364]],
       device='cuda:0', requires_grad=True)

Parameter name: linear_0.weight
Shape: torch.Size([32, 39])
Values: Parameter containing:
tensor([[ 0.0244, -0.1068,  0.2828,  ...,  0.0370, -0.1404, -0.1137],
        [ 0.0038, -0.1088, -0.1093,  ..., -0.0255, -0.1390,  0.0871],
        [-0.1219,  0.0886,  0.3355,  ...,  0.1516,  0.0502,  0.0345],
        ...,
        [ 0.0740, -0.1043, -0.0754,  ..., -0.1147, -0.0711, -0.1180],
        [-0.0332, -0.1149,  0.2197,  ..., -0.1376, -0.0651,  0.1557],
        [-0.1930,  0.1187,  0.0550,  ..., -0.0287, -0.1626, -0.0509]],
       device='cuda:0', requires_grad=True)

Parameter name: linear_0.bias
Shape: torch.Size([32])
Values: Parameter containing:
tensor([ 0.0763,  0.0844, -0.1266, -0.0885, -0.0244, -0.0036, -0.1395,  0.0791,
        -0.0597,  0.1185,  0.0617, -0.0595, -0.0020,  0.0755, -0.0966, -0.0557,
         0.1024, -0.1168, -0.0318,  0.0058, -0.0944,  0.0714,  0.0496, -0.0337,
        -0.0559,  0.0562, -0.0090, -0.1574,  0.0856,  0.1562,  0.1068, -0.1067],
       device='cuda:0', requires_grad=True)

Parameter name: linear_1.weight
Shape: torch.Size([32, 32])
Values: Parameter containing:
tensor([[ 0.1841, -0.0720, -0.1078,  ..., -0.0224, -0.1248,  0.1622],
        [-0.0757,  0.0906,  0.0692,  ...,  0.0614, -0.1207,  0.1586],
        [ 0.0015, -0.1680, -0.1298,  ..., -0.0532,  0.1050,  0.0650],
        ...,
        [ 0.0034, -0.0134,  0.1064,  ...,  0.1473, -0.1142,  0.1564],
        [ 0.1196, -0.0197,  0.0250,  ...,  0.1480,  0.1153, -0.0496],
        [ 0.1210, -0.0118,  0.1946,  ...,  0.1549,  0.0428,  0.0533]],
       device='cuda:0', requires_grad=True)

Parameter name: linear_1.bias
Shape: torch.Size([32])
Values: Parameter containing:
tensor([ 0.0405,  0.0720,  0.0334, -0.0140, -0.0795, -0.0770,  0.0213, -0.1317,
         0.0724, -0.0947,  0.1861, -0.1846,  0.1164,  0.0454, -0.1970,  0.0210,
        -0.0822, -0.1066, -0.0332, -0.0814,  0.0728,  0.1702, -0.1323,  0.1416,
        -0.1298, -0.0666,  0.1479, -0.1073, -0.0569, -0.0074,  0.0367, -0.0388],
       device='cuda:0', requires_grad=True)

Parameter name: linear_2.weight
Shape: torch.Size([1, 32])
Values: Parameter containing:
tensor([[ 1.5192e-01,  4.9140e-02, -1.9290e-01, -1.1905e-01,  2.0777e-02,
         -1.6489e-02, -6.9865e-02,  8.2921e-02,  4.6104e-02, -8.0520e-02,
         -7.1761e-02,  8.5221e-02,  4.0157e-02, -1.7034e-02,  1.2214e-01,
          1.7891e-02, -1.3489e-01, -1.8337e-01,  8.4672e-03,  8.2166e-02,
         -1.0565e-01, -1.1077e-01, -9.9906e-02,  7.4964e-05,  1.2930e-01,
          1.5940e-01, -1.6459e-01,  1.5216e-01, -6.7505e-02, -1.6858e-01,
          1.3376e-01,  1.7407e-01]], device='cuda:0', requires_grad=True)

Parameter name: linear_2.bias
Shape: torch.Size([1])
Values: Parameter containing:
tensor([-0.0421], device='cuda:0', requires_grad=True)

