Parameter name: road_linear_0.weight
Shape: torch.Size([32, 16])
Values: Parameter containing:
tensor([[-1.0076e-02,  1.0498e-01,  1.2550e-02, -3.6968e-01, -8.2480e-02,
         -1.7762e-01,  3.3121e-01, -2.6900e-01,  2.3524e-01, -1.1387e-01,
         -4.2272e-02,  2.5353e-01, -2.6612e-01, -4.2198e-01,  8.5209e-02,
          7.0377e-02],
        [ 8.6943e-02, -3.8708e-01, -9.2402e-02, -3.8874e-01, -2.8252e-01,
         -1.3729e-01,  2.2062e-01, -9.2382e-02,  4.7512e-01, -2.7086e-01,
         -5.2013e-02,  1.7922e-01,  1.1524e-02, -1.3253e-01,  1.4723e-01,
         -9.1278e-02],
        [-8.5899e-03,  2.4695e-02,  1.3146e-01, -6.8924e-02,  8.3557e-02,
         -2.7155e-01,  2.7284e-01, -2.6707e-01,  3.7795e-01, -1.2441e-02,
         -7.7543e-02, -9.3955e-02,  1.5760e-01,  5.4092e-02,  1.7196e-01,
          1.0314e-02],
        [ 2.9215e-02,  9.5848e-02,  4.2535e-02,  2.6926e-01,  1.7565e-01,
          1.6020e-01, -1.5872e-01,  1.3817e-01, -4.5676e-01, -3.6768e-02,
          9.8328e-02, -4.1394e-02,  2.2091e-01, -7.2045e-02, -1.2626e-03,
          1.2950e-01],
        [ 1.9926e-01,  4.0560e-02, -1.4307e-01, -3.8510e-01, -9.4973e-02,
         -2.8919e-01,  7.2623e-02,  6.7660e-02,  2.0738e-01, -8.8999e-02,
          2.7475e-03,  2.6354e-01, -1.3139e-04, -3.1544e-01,  5.3737e-02,
         -1.5793e-01],
        [ 3.7401e-01,  1.0687e-01, -3.4752e-01,  1.7362e-02,  8.0825e-02,
         -3.7479e-01,  3.2718e-01, -2.6856e-01,  3.3473e-01, -1.9013e-01,
         -4.2541e-01,  3.5008e-01, -2.6174e-01,  3.5822e-02,  1.7810e-01,
         -8.9403e-02],
        [-1.1544e-02,  1.4609e-01,  3.7231e-01,  1.8473e-01,  1.0494e-01,
         -3.5929e-02, -2.3445e-01, -4.6028e-02, -3.3550e-01,  3.3008e-01,
          1.3275e-01, -3.2136e-01, -3.6798e-02,  3.0243e-01, -2.1533e-01,
          1.3974e-01],
        [-4.1999e-01,  3.6497e-01,  3.6674e-01,  9.1930e-03, -1.1862e-01,
          3.7420e-02, -1.7703e-01, -5.2162e-02, -3.1095e-01,  1.6019e-01,
          2.3332e-01, -3.7572e-01,  3.0560e-01,  3.1986e-02,  4.1602e-02,
          3.8638e-01],
        [-2.2316e-01,  2.9134e-01,  2.2049e-01,  5.7303e-02,  1.6138e-01,
         -3.1121e-02, -1.5585e-01,  1.2907e-01,  1.4350e-02,  1.6202e-02,
         -1.8544e-03, -3.0184e-01, -1.4480e-01,  2.1367e-01, -1.2689e-01,
          4.2543e-02],
        [ 6.2774e-02, -1.5170e-01, -9.1950e-02, -3.9843e-01, -1.9352e-01,
         -2.3057e-01,  9.9826e-02, -1.7911e-02,  3.4534e-01, -4.0741e-01,
         -9.9779e-03,  4.3807e-01, -2.5435e-01, -1.7608e-01, -4.2275e-02,
         -2.1447e-01],
        [-6.3156e-02,  4.8687e-02, -4.1239e-02, -4.0259e-01, -2.9206e-01,
          4.2316e-02,  2.5268e-01, -1.2412e-01,  4.0177e-01, -1.3660e-01,
         -1.0128e-01,  4.3333e-01, -1.4668e-01,  4.8945e-02, -2.3506e-01,
         -3.2043e-01],
        [ 8.9446e-02, -2.2281e-01, -3.3784e-02, -2.7577e-01, -9.1780e-02,
         -2.7910e-01,  4.1802e-01, -1.0476e-01,  2.5497e-01, -4.8479e-02,
          1.6201e-02,  4.9966e-01, -3.4670e-01, -3.5527e-01, -1.4813e-01,
         -2.3819e-01],
        [-7.3374e-02,  1.6475e-01,  1.2430e-01,  2.1891e-01,  1.0342e-01,
          2.0088e-01, -1.0595e-01, -8.1210e-02, -3.7107e-01,  2.7609e-01,
         -5.7646e-03, -3.8862e-01, -4.9071e-02,  2.2556e-01, -5.6188e-02,
          1.1338e-02],
        [-1.5801e-01,  3.9661e-01,  3.6962e-01,  3.6293e-01, -7.1157e-02,
          3.1511e-01, -1.2554e-01,  1.5130e-01, -3.1637e-01,  2.2483e-01,
          5.1698e-02, -3.1748e-01,  1.5459e-01,  1.7896e-01, -1.7976e-01,
          2.6739e-01],
        [-2.5367e-01, -9.6742e-02,  2.2174e-01, -1.2500e-01,  2.5810e-01,
          3.2633e-01, -2.2294e-01, -6.0277e-02, -2.8969e-01,  1.2352e-01,
          1.0171e-01, -2.6358e-01,  1.4390e-01,  1.0276e-01, -8.8402e-02,
          1.0715e-01],
        [-4.0860e-01, -2.1227e-02,  1.9746e-01,  4.5072e-01, -3.4416e-02,
          3.6022e-01, -2.1482e-01, -2.7108e-02, -2.4747e-01,  3.3976e-01,
          2.2524e-01, -2.9766e-02,  1.2486e-01,  3.6609e-02,  2.9402e-01,
          1.0423e-01],
        [-2.0112e-02,  3.1665e-01,  1.9979e-01,  1.2969e-02, -1.3384e-01,
          2.8697e-01, -1.9312e-01,  1.9985e-01, -4.7108e-01,  1.9102e-01,
          4.0199e-01, -1.2299e-01,  3.8922e-01,  4.0303e-01,  1.6493e-02,
          3.3065e-03],
        [ 5.4023e-03, -5.4428e-02, -2.4556e-01, -1.9377e-01, -5.4426e-02,
         -2.6351e-02,  3.6115e-01,  8.0860e-02,  2.5142e-01, -6.4579e-02,
         -2.9617e-01,  1.3826e-01, -1.9461e-01, -3.4437e-01,  1.5976e-01,
         -2.0106e-01],
        [-6.6903e-02,  1.2074e-01,  1.4546e-01,  3.8890e-02,  4.5807e-02,
         -8.6585e-02, -3.2726e-01,  2.0537e-01, -4.2541e-01,  2.2342e-01,
          1.6530e-01, -4.4485e-01,  1.8661e-01,  2.7740e-01,  2.1385e-01,
          1.9382e-01],
        [ 2.8471e-01, -1.0497e-01, -4.5652e-02, -5.2627e-02, -2.3623e-01,
         -1.8213e-01, -2.1812e-04,  1.8116e-01,  2.7480e-01, -2.5717e-01,
         -1.4953e-01,  2.4129e-01, -3.1868e-01, -1.3689e-01,  1.0381e-01,
         -1.0424e-01],
        [ 1.5773e-01,  2.8557e-02, -5.1867e-02, -4.4085e-01,  3.2003e-02,
         -3.8369e-01,  3.8761e-01,  1.3360e-01,  2.7842e-01, -3.1700e-01,
         -3.2125e-01,  1.4778e-01, -2.2840e-01, -3.2516e-01,  1.8226e-01,
         -2.8451e-01],
        [ 2.8908e-01, -3.8515e-01, -3.0630e-02,  4.1887e-03, -2.9503e-01,
         -2.5964e-01,  2.9986e-01, -3.1236e-01,  9.0989e-02, -1.3362e-01,
          4.0730e-02,  1.7764e-01, -1.7948e-01, -4.5387e-01, -3.1430e-01,
          4.2474e-02],
        [-4.8117e-03,  6.2394e-02,  6.1291e-02,  2.0661e-01,  2.2161e-01,
         -9.8181e-02, -3.9037e-01, -2.2071e-02, -3.6188e-01,  2.1911e-01,
          3.4779e-01, -2.0392e-01, -2.6415e-02,  4.4335e-01,  2.5910e-01,
          2.5271e-01],
        [ 3.0539e-03,  2.5931e-01,  3.6237e-01, -4.0872e-02, -3.7510e-02,
          1.7203e-01, -2.8433e-01, -9.3086e-02, -4.8691e-01,  2.9089e-02,
          1.6157e-01, -3.9217e-02,  3.1832e-01,  2.8109e-01, -6.9640e-02,
          7.2463e-02],
        [-1.3214e-01, -7.3529e-02,  1.4136e-01,  2.7181e-01,  3.4024e-01,
          7.8588e-02, -6.5848e-03,  6.6117e-02, -4.2427e-01,  4.6047e-01,
          3.8909e-01, -4.4799e-01,  2.8282e-02,  3.2457e-01, -7.1881e-02,
          3.4508e-01],
        [-2.5955e-01,  7.8257e-02,  8.6115e-02,  4.4223e-01,  3.2101e-02,
          1.5732e-01, -8.0110e-02, -9.2443e-02, -2.4992e-01,  2.6601e-02,
         -3.0253e-02, -3.0711e-01,  1.8562e-01,  4.2457e-01, -1.6280e-01,
          1.0263e-01],
        [-1.5272e-01,  1.7769e-01,  2.8500e-01,  2.7419e-02,  9.1182e-03,
          6.9880e-02, -4.5637e-01,  1.4586e-01, -4.8730e-01,  3.5809e-01,
          1.0394e-01, -2.9872e-01,  2.8176e-01,  4.0349e-01,  2.2421e-01,
          3.0903e-01],
        [-2.7591e-02, -5.9890e-02,  6.3843e-02, -1.2359e-01,  7.5711e-02,
         -3.1550e-01,  3.9751e-01, -7.2529e-02,  1.7508e-03, -2.5245e-01,
          5.6674e-02,  1.3007e-01, -1.7483e-01, -2.7858e-01, -2.2631e-01,
         -9.9726e-02],
        [ 3.9551e-02,  1.9757e-01,  1.4307e-01,  2.1429e-01, -6.9996e-02,
          7.5738e-02, -2.2626e-01, -1.2752e-01, -1.2148e-01,  2.5717e-01,
          2.0751e-01, -2.6726e-01,  3.6039e-01,  4.3019e-01,  2.0721e-01,
          2.9952e-01],
        [ 1.0832e-01,  1.3225e-03, -3.2420e-01, -1.1188e-01, -2.6186e-01,
         -7.2200e-02,  4.2865e-01,  1.0766e-01,  4.7264e-01, -1.3204e-01,
         -9.1506e-03,  3.1782e-01, -2.2871e-02, -7.8371e-02,  3.5959e-02,
         -2.5302e-01],
        [ 2.9297e-02, -2.2218e-01, -4.5260e-02, -3.4870e-01, -3.6788e-02,
          2.2693e-02,  4.4189e-01, -2.4747e-01,  3.1819e-01, -5.8150e-02,
         -4.2501e-01,  4.0937e-01, -3.1571e-01, -3.8407e-01, -1.7216e-01,
         -2.6635e-01],
        [-2.2712e-01,  2.1100e-01,  2.5230e-01,  2.7972e-01,  2.5286e-01,
          8.2572e-04, -4.5241e-01, -1.6956e-01, -3.4309e-01,  8.1656e-02,
          2.5991e-01, -3.9956e-01, -4.4370e-02,  3.0559e-01, -1.1319e-01,
          2.0308e-01]], device='cuda:0', requires_grad=True)

Parameter name: road_linear_0.bias
Shape: torch.Size([32])
Values: Parameter containing:
tensor([-0.1560,  0.1006,  0.1540, -0.1056,  0.0044,  0.0270, -0.0062,  0.0886,
        -0.2021,  0.1020,  0.0850,  0.0552,  0.0008, -0.0829, -0.0321,  0.0019,
        -0.2374, -0.0203, -0.0760, -0.1054,  0.0817,  0.0676, -0.2438,  0.0009,
        -0.3203,  0.2790, -0.0480,  0.1761, -0.1307, -0.0650,  0.1500, -0.0762],
       device='cuda:0', requires_grad=True)

Parameter name: road_linear_1.weight
Shape: torch.Size([1, 32])
Values: Parameter containing:
tensor([[ 0.2184,  0.3479,  0.0992, -0.2069,  0.2212,  0.3631, -0.2678, -0.3723,
         -0.1144,  0.3812,  0.2851,  0.4133, -0.3051, -0.4124, -0.1869, -0.2936,
         -0.3341,  0.2314, -0.2534,  0.1907,  0.3789,  0.3193, -0.4052, -0.2949,
         -0.3430, -0.2703, -0.3630,  0.1693, -0.2948,  0.3752,  0.3312, -0.2697]],
       device='cuda:0', requires_grad=True)

Parameter name: linear_0.weight
Shape: torch.Size([32, 39])
Values: Parameter containing:
tensor([[ 0.0607, -0.1150,  0.2156,  ...,  0.0370, -0.1458, -0.1137],
        [-0.0490, -0.0920, -0.0884,  ..., -0.0255, -0.1448,  0.0871],
        [-0.0841,  0.0416,  0.3132,  ...,  0.1516,  0.0484,  0.0345],
        ...,
        [ 0.0806, -0.0833, -0.1223,  ..., -0.1147, -0.0536, -0.1180],
        [ 0.0072, -0.1307,  0.1807,  ..., -0.1376, -0.0617,  0.1557],
        [-0.1452,  0.0872,  0.0984,  ..., -0.0287, -0.1693, -0.0509]],
       device='cuda:0', requires_grad=True)

Parameter name: linear_0.bias
Shape: torch.Size([32])
Values: Parameter containing:
tensor([ 0.0709,  0.0786, -0.1283, -0.0896, -0.0221, -0.0015, -0.1225,  0.0818,
        -0.0583,  0.1213,  0.0611, -0.0533, -0.0084,  0.0702, -0.1061, -0.0556,
         0.0998, -0.1142, -0.0274,  0.0062, -0.1037,  0.0731,  0.0492, -0.0427,
        -0.0556,  0.0582, -0.0111, -0.1542,  0.0742,  0.1738,  0.1101, -0.1135],
       device='cuda:0', requires_grad=True)

Parameter name: linear_1.weight
Shape: torch.Size([32, 32])
Values: Parameter containing:
tensor([[ 0.1809, -0.0726, -0.1103,  ..., -0.0283, -0.1187,  0.1518],
        [-0.0775,  0.0909,  0.0664,  ...,  0.0563, -0.1160,  0.1478],
        [ 0.0041, -0.1653, -0.1267,  ..., -0.0488,  0.0987,  0.0768],
        ...,
        [ 0.0040, -0.0120,  0.1102,  ...,  0.1499, -0.1192,  0.1690],
        [ 0.1168, -0.0198,  0.0206,  ...,  0.1421,  0.1211, -0.0670],
        [ 0.1201, -0.0141,  0.1936,  ...,  0.1485,  0.0515,  0.0417]],
       device='cuda:0', requires_grad=True)

Parameter name: linear_1.bias
Shape: torch.Size([32])
Values: Parameter containing:
tensor([ 0.0422,  0.0742,  0.0302, -0.0170, -0.0814, -0.0767,  0.0195, -0.1278,
         0.0761, -0.0980,  0.1807, -0.1832,  0.1186,  0.0411, -0.1944,  0.0238,
        -0.0870, -0.1100, -0.0239, -0.0790,  0.0707,  0.1668, -0.1352,  0.1460,
        -0.1261, -0.0625,  0.1437, -0.1031, -0.0599, -0.0116,  0.0407, -0.0369],
       device='cuda:0', requires_grad=True)

Parameter name: linear_2.weight
Shape: torch.Size([1, 32])
Values: Parameter containing:
tensor([[ 0.1437,  0.0517, -0.1901, -0.1111,  0.0269, -0.0428, -0.0638,  0.0908,
          0.0491, -0.0811, -0.0746,  0.0797,  0.0479,  0.0051,  0.1176,  0.0276,
         -0.1411, -0.1875,  0.0072,  0.0784, -0.0987, -0.1141, -0.1119,  0.0066,
          0.1280,  0.1643, -0.1642,  0.1513, -0.0747, -0.1674,  0.1301,  0.1679]],
       device='cuda:0', requires_grad=True)

Parameter name: linear_2.bias
Shape: torch.Size([1])
Values: Parameter containing:
tensor([-0.0381], device='cuda:0', requires_grad=True)

