Parameter name: road_linear_0.weight
Shape: torch.Size([32, 16])
Values: Parameter containing:
tensor([[ 4.8215e-02,  1.9270e-02, -4.8866e-02, -4.1133e-01, -4.5640e-02,
         -2.6583e-01,  4.1106e-01, -2.8237e-01,  2.6504e-01, -1.7062e-01,
         -4.6560e-02,  3.4948e-01, -2.8412e-01, -4.5031e-01,  4.5234e-02,
          4.7062e-03],
        [ 1.3542e-01, -4.7549e-01, -1.4852e-01, -4.2609e-01, -2.5776e-01,
         -2.1173e-01,  2.9394e-01, -1.0274e-01,  5.0228e-01, -3.2034e-01,
         -6.4574e-02,  2.6312e-01, -1.4390e-04, -1.5647e-01,  9.6990e-02,
         -1.4701e-01],
        [ 5.3365e-02, -8.2813e-02,  5.4458e-02, -1.2155e-01,  9.8998e-02,
         -3.5958e-01,  3.7169e-01, -2.9476e-01,  4.2323e-01, -8.1078e-02,
         -1.0072e-01,  1.2805e-02,  1.4174e-01,  1.5203e-02,  9.3093e-02,
         -6.4544e-02],
        [-4.5994e-02,  2.0058e-01,  1.0976e-01,  3.1271e-01,  1.5307e-01,
          2.2939e-01, -2.4151e-01,  1.5804e-01, -4.8974e-01,  1.7668e-02,
          1.1258e-01, -1.3125e-01,  2.3593e-01, -4.2726e-02,  6.3996e-02,
          1.9767e-01],
        [ 2.5105e-01, -5.9723e-02, -2.0662e-01, -4.2636e-01, -7.7637e-02,
         -3.6368e-01,  1.5285e-01,  5.0807e-02,  2.3982e-01, -1.4235e-01,
         -1.6710e-02,  3.5138e-01, -1.1599e-02, -3.4349e-01, -1.0251e-02,
         -2.2137e-01],
        [ 4.0557e-01,  1.5666e-02, -4.0293e-01, -1.8393e-02,  1.0132e-01,
         -4.6813e-01,  3.9835e-01, -2.7763e-01,  3.6263e-01, -2.4115e-01,
         -4.4736e-01,  4.3890e-01, -2.7016e-01,  1.2195e-02,  1.2511e-01,
         -1.4774e-01],
        [-5.5574e-02,  2.3688e-01,  4.3396e-01,  2.2377e-01,  6.3276e-02,
          5.9896e-02, -3.1227e-01, -3.3480e-02, -3.6551e-01,  3.8897e-01,
          1.4231e-01, -4.2743e-01, -2.3328e-02,  3.2924e-01, -1.7031e-01,
          2.1637e-01],
        [-4.6419e-01,  4.6143e-01,  4.2259e-01,  4.5278e-02, -1.4284e-01,
          1.2120e-01, -2.4985e-01, -4.0986e-02, -3.3787e-01,  2.1002e-01,
          2.4843e-01, -4.6340e-01,  3.1482e-01,  5.4924e-02,  9.6615e-02,
          4.4439e-01],
        [-2.3075e-01,  4.0220e-01,  3.0082e-01,  1.1259e-01,  1.6333e-01,
          6.2778e-02, -2.6162e-01,  1.5311e-01, -3.7781e-02,  8.8865e-02,
          3.9406e-02, -4.0851e-01, -1.3807e-01,  2.5639e-01, -3.1391e-02,
          1.1283e-01],
        [ 1.0031e-01, -2.3855e-01, -1.4612e-01, -4.3476e-01, -1.7133e-01,
         -3.0726e-01,  1.7142e-01, -2.5722e-02,  3.7240e-01, -4.5607e-01,
         -2.6340e-02,  5.2045e-01, -2.6355e-01, -1.9909e-01, -9.3810e-02,
         -2.6794e-01],
        [ 2.2089e-03, -4.2027e-02, -1.0097e-01, -4.4257e-01, -2.5802e-01,
         -3.5739e-02,  3.3098e-01, -1.3772e-01,  4.2939e-01, -1.8944e-01,
         -1.0551e-01,  5.2377e-01, -1.6282e-01,  2.3403e-02, -2.8129e-01,
         -3.8210e-01],
        [ 1.2845e-01, -3.0359e-01, -8.5990e-02, -3.1238e-01, -6.8533e-02,
         -3.4111e-01,  4.9057e-01, -1.1009e-01,  2.8083e-01, -9.4211e-02,
          4.3123e-03,  5.7499e-01, -3.5431e-01, -3.7645e-01, -2.0107e-01,
         -2.8727e-01],
        [-1.1792e-01,  2.5465e-01,  1.8724e-01,  2.5828e-01,  6.0553e-02,
          3.0864e-01, -1.8595e-01, -6.2657e-02, -4.0133e-01,  3.3838e-01,
          7.4428e-04, -5.0245e-01, -3.4597e-02,  2.5322e-01, -1.2627e-02,
          9.1993e-02],
        [-1.8467e-01,  4.9046e-01,  4.2306e-01,  3.9757e-01, -8.9361e-02,
          3.9382e-01, -1.9493e-01,  1.5832e-01, -3.4343e-01,  2.7256e-01,
          7.3066e-02, -4.0008e-01,  1.6012e-01,  2.0086e-01, -1.2184e-01,
          3.2170e-01],
        [-3.0424e-01,  9.2142e-03,  2.8859e-01, -8.2196e-02,  2.3620e-01,
          4.1305e-01, -3.0649e-01, -4.1290e-02, -3.2421e-01,  1.8117e-01,
          1.2225e-01, -3.6088e-01,  1.5551e-01,  1.3204e-01, -2.1999e-02,
          1.7931e-01],
        [-4.5824e-01,  7.1176e-02,  2.5660e-01,  4.8983e-01, -5.9026e-02,
          4.4821e-01, -2.9207e-01, -1.0998e-02, -2.7642e-01,  3.9288e-01,
          2.3931e-01, -1.2040e-01,  1.3790e-01,  6.2608e-02,  3.4561e-01,
          1.6521e-01],
        [-5.9005e-02,  4.0523e-01,  2.5601e-01,  5.0533e-02, -1.5802e-01,
          3.5548e-01, -2.6504e-01,  2.0336e-01, -4.9875e-01,  2.4004e-01,
          4.1706e-01, -2.0491e-01,  3.9865e-01,  4.2657e-01,  6.9224e-02,
          5.7806e-02],
        [ 6.0567e-02, -1.4340e-01, -3.0665e-01, -2.3474e-01, -2.2941e-02,
         -1.1052e-01,  4.4006e-01,  6.8517e-02,  2.8151e-01, -1.1977e-01,
         -3.0573e-01,  2.3125e-01, -2.1068e-01, -3.7209e-01,  1.1438e-01,
         -2.6468e-01],
        [-1.2396e-01,  2.1815e-01,  2.0605e-01,  7.8809e-02,  9.5556e-03,
         -7.6874e-03, -4.0566e-01,  2.1262e-01, -4.5379e-01,  2.7691e-01,
          1.7312e-01, -5.3737e-01,  1.9852e-01,  3.0183e-01,  2.6745e-01,
          2.5809e-01],
        [ 3.3930e-01, -2.0406e-01, -1.1041e-01, -9.4634e-02, -2.1053e-01,
         -2.7204e-01,  8.1275e-02,  1.6169e-01,  3.0776e-01, -3.1439e-01,
         -1.6637e-01,  3.3811e-01, -3.3329e-01, -1.6622e-01,  4.7925e-02,
         -1.7492e-01],
        [ 1.8593e-01, -4.8577e-02, -1.0595e-01, -4.7789e-01,  5.2412e-02,
         -4.6970e-01,  4.5930e-01,  1.2610e-01,  3.0679e-01, -3.6890e-01,
         -3.4188e-01,  2.3374e-01, -2.3883e-01, -3.4994e-01,  1.3746e-01,
         -3.3735e-01],
        [ 3.3608e-01, -4.8571e-01, -8.8359e-02, -3.2856e-02, -2.7273e-01,
         -3.3977e-01,  3.7509e-01, -3.2397e-01,  1.1864e-01, -1.8399e-01,
          2.4855e-02,  2.6518e-01, -1.8751e-01, -4.7700e-01, -3.7552e-01,
         -1.5934e-02],
        [-5.2054e-02,  1.5019e-01,  1.1614e-01,  2.4269e-01,  1.9046e-01,
         -1.6672e-02, -4.6125e-01, -1.5814e-02, -3.8762e-01,  2.6928e-01,
          3.5702e-01, -2.9197e-01, -1.4220e-02,  4.6650e-01,  3.0318e-01,
          3.0922e-01],
        [-5.7250e-02,  3.4300e-01,  4.1985e-01, -1.5729e-03, -6.6390e-02,
          2.3801e-01, -3.5989e-01, -8.2585e-02, -5.1410e-01,  7.8960e-02,
          1.6800e-01, -1.2213e-01,  3.3446e-01,  3.0654e-01, -2.5907e-02,
          1.2785e-01],
        [-1.5160e-01,  1.9741e-02,  1.9880e-01,  3.0916e-01,  3.2629e-01,
          1.3947e-01, -7.7171e-02,  6.9307e-02, -4.5375e-01,  5.0788e-01,
          4.1093e-01, -5.2473e-01,  3.3281e-02,  3.4845e-01, -7.5445e-03,
          3.9911e-01],
        [-3.1655e-01,  1.6351e-01,  1.4459e-01,  4.8170e-01,  5.5418e-03,
          2.3403e-01, -1.5644e-01, -7.8129e-02, -2.7838e-01,  7.8712e-02,
         -2.0471e-02, -3.9373e-01,  2.0206e-01,  4.5149e-01, -1.1923e-01,
          1.6088e-01],
        [-1.9180e-01,  2.6394e-01,  3.4016e-01,  6.3298e-02, -3.1100e-02,
          1.3585e-01, -5.2724e-01,  1.4557e-01, -5.1282e-01,  4.0862e-01,
          1.0948e-01, -3.8845e-01,  2.9131e-01,  4.2524e-01,  2.6904e-01,
          3.6814e-01],
        [ 1.5974e-02, -1.7364e-01, -1.0857e-02, -1.7161e-01,  9.0186e-02,
         -4.0364e-01,  4.9155e-01, -9.4695e-02,  4.1988e-02, -3.1605e-01,
          2.9991e-02,  2.3220e-01, -1.8366e-01, -3.1188e-01, -3.0856e-01,
         -1.7308e-01],
        [-8.2545e-03,  2.8969e-01,  2.0139e-01,  2.5358e-01, -9.3787e-02,
          1.4789e-01, -3.0287e-01, -1.1761e-01, -1.5043e-01,  3.0763e-01,
          2.2202e-01, -3.5141e-01,  3.7083e-01,  4.5475e-01,  2.6396e-01,
          3.5722e-01],
        [ 1.6008e-01, -8.3333e-02, -3.8102e-01, -1.4845e-01, -2.2076e-01,
         -1.7180e-01,  5.0185e-01,  9.5270e-02,  4.9836e-01, -1.8673e-01,
         -7.2121e-03,  4.1840e-01, -3.8470e-02, -1.0317e-01, -2.1278e-04,
         -3.1705e-01],
        [ 7.4750e-02, -3.0332e-01, -9.9664e-02, -3.8638e-01, -3.5368e-03,
         -4.7345e-02,  5.1532e-01, -2.4911e-01,  3.4415e-01, -1.0783e-01,
         -4.3185e-01,  4.9315e-01, -3.2701e-01, -4.0643e-01, -2.1664e-01,
         -3.1926e-01],
        [-2.6938e-01,  3.0439e-01,  3.1178e-01,  3.1925e-01,  2.2491e-01,
          7.8050e-02, -5.2959e-01, -1.6133e-01, -3.7270e-01,  1.3430e-01,
          2.7471e-01, -4.8853e-01, -3.4462e-02,  3.3047e-01, -5.7455e-02,
          2.6450e-01]], device='cuda:0', requires_grad=True)

Parameter name: road_linear_0.bias
Shape: torch.Size([32])
Values: Parameter containing:
tensor([-0.1166,  0.1122,  0.1443, -0.1195, -0.0100,  0.0153, -0.0269,  0.0876,
        -0.1013,  0.0982,  0.1284,  0.0525, -0.0242, -0.0550, -0.0232, -0.0158,
        -0.2323,  0.0093, -0.0972, -0.0859,  0.0799,  0.0552, -0.2628, -0.0315,
        -0.2887,  0.2459, -0.0596,  0.1172, -0.1309, -0.0279,  0.1650, -0.0772],
       device='cuda:0', requires_grad=True)

Parameter name: road_linear_1.weight
Shape: torch.Size([1, 32])
Values: Parameter containing:
tensor([[ 0.2647,  0.4003,  0.1628, -0.2626,  0.2764,  0.4181, -0.3195, -0.4417,
         -0.2216,  0.4350,  0.3463,  0.4741, -0.3674, -0.4704, -0.2454, -0.3572,
         -0.3800,  0.2779, -0.3102,  0.2413,  0.4245,  0.4003, -0.4561, -0.3430,
         -0.3841, -0.3180, -0.4152,  0.2565, -0.3533,  0.4323,  0.3826, -0.3223]],
       device='cuda:0', requires_grad=True)

Parameter name: linear_0.weight
Shape: torch.Size([32, 39])
Values: Parameter containing:
tensor([[ 0.0587, -0.1184,  0.2159,  ...,  0.0370, -0.1440, -0.1137],
        [-0.0477, -0.0925, -0.0859,  ..., -0.0255, -0.1458,  0.0871],
        [-0.0860,  0.0393,  0.3136,  ...,  0.1516,  0.0498,  0.0345],
        ...,
        [ 0.0783, -0.0837, -0.1224,  ..., -0.1147, -0.0546, -0.1180],
        [ 0.0055, -0.1309,  0.1788,  ..., -0.1376, -0.0608,  0.1557],
        [-0.1438,  0.0878,  0.0967,  ..., -0.0287, -0.1689, -0.0509]],
       device='cuda:0', requires_grad=True)

Parameter name: linear_0.bias
Shape: torch.Size([32])
Values: Parameter containing:
tensor([ 0.0727,  0.0776, -0.1270, -0.0906, -0.0221, -0.0002, -0.1211,  0.0794,
        -0.0584,  0.1208,  0.0604, -0.0530, -0.0055,  0.0691, -0.1068, -0.0568,
         0.0993, -0.1119, -0.0292,  0.0046, -0.1057,  0.0709,  0.0499, -0.0434,
        -0.0579,  0.0609, -0.0108, -0.1536,  0.0731,  0.1728,  0.1110, -0.1131],
       device='cuda:0', requires_grad=True)

Parameter name: linear_1.weight
Shape: torch.Size([32, 32])
Values: Parameter containing:
tensor([[ 0.1800, -0.0720, -0.1116,  ..., -0.0262, -0.1203,  0.1517],
        [-0.0786,  0.0915,  0.0650,  ...,  0.0587, -0.1178,  0.1475],
        [ 0.0055, -0.1662, -0.1249,  ..., -0.0517,  0.1010,  0.0770],
        ...,
        [ 0.0048, -0.0126,  0.1113,  ...,  0.1480, -0.1177,  0.1691],
        [ 0.1151, -0.0188,  0.0185,  ...,  0.1456,  0.1184, -0.0675],
        [ 0.1191, -0.0133,  0.1922,  ...,  0.1510,  0.0496,  0.0415]],
       device='cuda:0', requires_grad=True)

Parameter name: linear_1.bias
Shape: torch.Size([32])
Values: Parameter containing:
tensor([ 0.0428,  0.0750,  0.0293, -0.0178, -0.0797, -0.0810,  0.0183, -0.1264,
         0.0769, -0.0990,  0.1796, -0.1823,  0.1193,  0.0416, -0.1933,  0.0243,
        -0.0877, -0.1107, -0.0230, -0.0781,  0.0699,  0.1657, -0.1359,  0.1461,
        -0.1252, -0.0618,  0.1428, -0.1023, -0.0608, -0.0122,  0.0418, -0.0361],
       device='cuda:0', requires_grad=True)

Parameter name: linear_2.weight
Shape: torch.Size([1, 32])
Values: Parameter containing:
tensor([[ 0.1394,  0.0500, -0.1879, -0.1083,  0.0234, -0.0369, -0.0613,  0.0893,
          0.0486, -0.0804, -0.0720,  0.0776,  0.0454,  0.0014,  0.1151,  0.0283,
         -0.1386, -0.1846,  0.0029,  0.0763, -0.0965, -0.1114, -0.1096,  0.0077,
          0.1255,  0.1607, -0.1622,  0.1484, -0.0716, -0.1646,  0.1290,  0.1656]],
       device='cuda:0', requires_grad=True)

Parameter name: linear_2.bias
Shape: torch.Size([1])
Values: Parameter containing:
tensor([-0.0371], device='cuda:0', requires_grad=True)

