Parameter name: road_linear_0.weight
Shape: torch.Size([32, 16])
Values: Parameter containing:
tensor([[ 0.0664, -0.0095, -0.0742, -0.4234, -0.0436, -0.2962,  0.4334, -0.2943,
          0.2722, -0.1881, -0.0479,  0.3771, -0.2941, -0.4605,  0.0299, -0.0209],
        [ 0.1454, -0.5040, -0.1715, -0.4369, -0.2606, -0.2371,  0.3140, -0.1141,
          0.5093, -0.3348, -0.0711,  0.2870, -0.0078, -0.1651,  0.0769, -0.1676],
        [ 0.0700, -0.1172,  0.0210, -0.1419,  0.0904, -0.3927,  0.4036, -0.3136,
          0.4402, -0.1058, -0.1147,  0.0470,  0.1261, -0.0038,  0.0625, -0.0934],
        [-0.0659,  0.2330,  0.1379,  0.3268,  0.1570,  0.2538, -0.2656,  0.1735,
         -0.4993,  0.0349,  0.1190, -0.1580,  0.2481, -0.0310,  0.0885,  0.2230],
        [ 0.2631, -0.0909, -0.2329, -0.4395, -0.0828, -0.3891,  0.1759,  0.0365,
          0.2491, -0.1588, -0.0251,  0.3773, -0.0216, -0.3545, -0.0344, -0.2446],
        [ 0.4114, -0.0132, -0.4254, -0.0287,  0.0969, -0.4980,  0.4177, -0.2890,
          0.3697, -0.2559, -0.4568,  0.4639, -0.2763,  0.0038,  0.1047, -0.1688],
        [-0.0656,  0.2672,  0.4595,  0.2352,  0.0656,  0.0930, -0.3340, -0.0198,
         -0.3734,  0.4068,  0.1504, -0.4574, -0.0160,  0.3392, -0.1513,  0.2445],
        [-0.4715,  0.4921,  0.4461,  0.0562, -0.1385,  0.1500, -0.2702, -0.0287,
         -0.3453,  0.2250,  0.2572, -0.4888,  0.3219,  0.0637,  0.1189,  0.4660],
        [-0.2286,  0.4394,  0.3376,  0.1364,  0.1777,  0.0989, -0.2982,  0.1729,
         -0.0593,  0.1168,  0.0608, -0.4457, -0.1218,  0.2795,  0.0060,  0.1421],
        [ 0.1071, -0.2665, -0.1682, -0.4450, -0.1746, -0.3326,  0.1907, -0.0366,
          0.3791, -0.4699, -0.0336,  0.5437, -0.2700, -0.2071, -0.1142, -0.2876],
        [ 0.0192, -0.0723, -0.1263, -0.4546, -0.2583, -0.0640,  0.3532, -0.1504,
          0.4366, -0.2059, -0.1092,  0.5503, -0.1725,  0.0138, -0.3006, -0.4063],
        [ 0.1367, -0.3301, -0.1078, -0.3228, -0.0704, -0.3621,  0.5102, -0.1201,
          0.2871, -0.1073, -0.0007,  0.5965, -0.3611, -0.3840, -0.2217, -0.3058],
        [-0.1274,  0.2853,  0.2133,  0.2701,  0.0636,  0.3461, -0.2086, -0.0469,
         -0.4097,  0.3577,  0.0118, -0.5346, -0.0272,  0.2638,  0.0066,  0.1218],
        [-0.1868,  0.5197,  0.4450,  0.4076, -0.0839,  0.4194, -0.2137,  0.1694,
         -0.3505,  0.2861,  0.0826, -0.4234,  0.1656,  0.2088, -0.0994,  0.3411],
        [-0.3141,  0.0422,  0.3167, -0.0681,  0.2431,  0.4432, -0.3311, -0.0250,
         -0.3349,  0.1996,  0.1333, -0.3899,  0.1653,  0.1442,  0.0043,  0.2057],
        [-0.4678,  0.1015,  0.2809,  0.5014, -0.0552,  0.4784, -0.3137,  0.0031,
         -0.2843,  0.4088,  0.2477, -0.1466,  0.1458,  0.0722,  0.3671,  0.1880],
        [-0.0677,  0.4333,  0.2789,  0.0609, -0.1556,  0.3778, -0.2841,  0.2128,
         -0.5053,  0.2538,  0.4226, -0.2278,  0.4056,  0.4346,  0.0894,  0.0777],
        [ 0.0753, -0.1728, -0.3319, -0.2467, -0.0239, -0.1395,  0.4621,  0.0564,
          0.2892, -0.1365, -0.3106,  0.2580, -0.2200, -0.3822,  0.0961, -0.2889],
        [-0.1388,  0.2495,  0.2321,  0.0908,  0.0101,  0.0199, -0.4278,  0.2242,
         -0.4611,  0.2933,  0.1774, -0.5643,  0.2073,  0.3113,  0.2888,  0.2828],
        [ 0.3527, -0.2356, -0.1373, -0.1079, -0.2149, -0.3029,  0.1048,  0.1463,
          0.3172, -0.3323, -0.1752,  0.3665, -0.3432, -0.1777,  0.0257, -0.2010],
        [ 0.1904, -0.0741, -0.1269, -0.4877,  0.0489, -0.4973,  0.4780,  0.1157,
          0.3135, -0.3831, -0.3507,  0.2574, -0.2443, -0.3579,  0.1194, -0.3563],
        [ 0.3449, -0.5177, -0.1135, -0.0449, -0.2776, -0.3681,  0.3970, -0.3367,
          0.1268, -0.1998,  0.0159,  0.2914, -0.1956, -0.4866, -0.3999, -0.0383],
        [-0.0629,  0.1788,  0.1387,  0.2527,  0.1916,  0.0109, -0.4803, -0.0059,
         -0.3938,  0.2838,  0.3621, -0.3167, -0.0072,  0.4745,  0.3210,  0.3305],
        [-0.0723,  0.3709,  0.4437,  0.0098, -0.0657,  0.2614, -0.3807, -0.0718,
         -0.5209,  0.0938,  0.1716, -0.1460,  0.3438,  0.3156, -0.0079,  0.1491],
        [-0.1545,  0.0479,  0.2218,  0.3196,  0.3315,  0.1583, -0.0958,  0.0792,
         -0.4610,  0.5208,  0.4182, -0.5460,  0.0398,  0.3568,  0.0157,  0.4178],
        [-0.3328,  0.1916,  0.1684,  0.4932,  0.0060,  0.2604, -0.1776, -0.0665,
         -0.2855,  0.0944, -0.0165, -0.4187,  0.2116,  0.4610, -0.1024,  0.1831],
        [-0.2004,  0.2927,  0.3634,  0.0729, -0.0315,  0.1589, -0.5461,  0.1545,
         -0.5186,  0.4230,  0.1129, -0.4136,  0.2970,  0.4327,  0.2877,  0.3907],
        [ 0.0250, -0.2093, -0.0434, -0.1892,  0.0810, -0.4354,  0.5210, -0.1130,
          0.0559, -0.3378,  0.0162,  0.2644, -0.1959, -0.3275, -0.3402, -0.2011],
        [-0.0183,  0.3194,  0.2258,  0.2652, -0.0905,  0.1725, -0.3242, -0.1054,
         -0.1581,  0.3226,  0.2287, -0.3758,  0.3790,  0.4639,  0.2865,  0.3788],
        [ 0.1717, -0.1126, -0.4046, -0.1589, -0.2210, -0.2072,  0.5221,  0.0833,
          0.5049, -0.2033, -0.0124,  0.4470, -0.0458, -0.1121, -0.0167, -0.3420],
        [ 0.0872, -0.3305, -0.1224, -0.3966, -0.0023, -0.0710,  0.5350, -0.2576,
          0.3498, -0.1221, -0.4339,  0.5169, -0.3342, -0.4140, -0.2341, -0.3399],
        [-0.2782,  0.3343,  0.3365,  0.3308,  0.2279,  0.1041, -0.5508, -0.1491,
         -0.3804,  0.1497,  0.2816, -0.5140, -0.0270,  0.3397, -0.0354,  0.2872]],
       device='cuda:0', requires_grad=True)

Parameter name: road_linear_0.bias
Shape: torch.Size([32])
Values: Parameter containing:
tensor([-0.0994,  0.1129,  0.1396, -0.1275, -0.0137,  0.0098, -0.0313,  0.0937,
        -0.0667,  0.0945,  0.1420,  0.0512, -0.0284, -0.0419, -0.0148, -0.0160,
        -0.2314,  0.0198, -0.1052, -0.0808,  0.0765,  0.0457, -0.2677, -0.0414,
        -0.2797,  0.2323, -0.0621,  0.0969, -0.1293, -0.0195,  0.1723, -0.0761],
       device='cuda:0', requires_grad=True)

Parameter name: road_linear_1.weight
Shape: torch.Size([1, 32])
Values: Parameter containing:
tensor([[ 0.2817,  0.4183,  0.1890, -0.2851,  0.2969,  0.4375, -0.3379, -0.4657,
         -0.2616,  0.4537,  0.3681,  0.4947, -0.3893, -0.4905, -0.2678, -0.3793,
         -0.3965,  0.2952, -0.3299,  0.2615,  0.4397,  0.4295, -0.4738, -0.3607,
         -0.3987, -0.3353, -0.4328,  0.2875, -0.3744,  0.4520,  0.4002, -0.3399]],
       device='cuda:0', requires_grad=True)

Parameter name: linear_0.weight
Shape: torch.Size([32, 39])
Values: Parameter containing:
tensor([[ 0.0588, -0.1247,  0.2200,  ...,  0.0370, -0.1435, -0.1137],
        [-0.0473, -0.0907, -0.0888,  ..., -0.0255, -0.1459,  0.0871],
        [-0.0857,  0.0351,  0.3185,  ...,  0.1516,  0.0502,  0.0345],
        ...,
        [ 0.0778, -0.0842, -0.1203,  ..., -0.1147, -0.0547, -0.1180],
        [ 0.0053, -0.1333,  0.1830,  ..., -0.1376, -0.0607,  0.1557],
        [-0.1438,  0.0881,  0.0947,  ..., -0.0287, -0.1689, -0.0509]],
       device='cuda:0', requires_grad=True)

Parameter name: linear_0.bias
Shape: torch.Size([32])
Values: Parameter containing:
tensor([ 0.0732,  0.0775, -0.1266, -0.0908, -0.0224,  0.0002, -0.1212,  0.0792,
        -0.0584,  0.1207,  0.0601, -0.0526, -0.0050,  0.0690, -0.1067, -0.0570,
         0.0991, -0.1117, -0.0295,  0.0042, -0.1057,  0.0706,  0.0502, -0.0435,
        -0.0583,  0.0614, -0.0108, -0.1534,  0.0730,  0.1726,  0.1112, -0.1130],
       device='cuda:0', requires_grad=True)

Parameter name: linear_1.weight
Shape: torch.Size([32, 32])
Values: Parameter containing:
tensor([[ 0.1802, -0.0720, -0.1115,  ..., -0.0259, -0.1204,  0.1519],
        [-0.0785,  0.0915,  0.0650,  ...,  0.0589, -0.1179,  0.1476],
        [ 0.0053, -0.1662, -0.1250,  ..., -0.0521,  0.1010,  0.0768],
        ...,
        [ 0.0047, -0.0125,  0.1112,  ...,  0.1477, -0.1177,  0.1690],
        [ 0.1153, -0.0188,  0.0186,  ...,  0.1460,  0.1184, -0.0673],
        [ 0.1193, -0.0134,  0.1922,  ...,  0.1514,  0.0495,  0.0417]],
       device='cuda:0', requires_grad=True)

Parameter name: linear_1.bias
Shape: torch.Size([32])
Values: Parameter containing:
tensor([ 0.0430,  0.0751,  0.0292, -0.0179, -0.0796, -0.0811,  0.0182, -0.1262,
         0.0770, -0.0991,  0.1794, -0.1821,  0.1194,  0.0416, -0.1931,  0.0243,
        -0.0878, -0.1108, -0.0230, -0.0779,  0.0698,  0.1655, -0.1360,  0.1461,
        -0.1251, -0.0617,  0.1426, -0.1022, -0.0609, -0.0123,  0.0419, -0.0360],
       device='cuda:0', requires_grad=True)

Parameter name: linear_2.weight
Shape: torch.Size([1, 32])
Values: Parameter containing:
tensor([[ 1.3966e-01,  4.9811e-02, -1.8802e-01, -1.0887e-01,  2.2883e-02,
         -3.8166e-02, -6.1470e-02,  8.9415e-02,  4.8749e-02, -8.0404e-02,
         -7.2040e-02,  7.7669e-02,  4.5417e-02,  1.0958e-04,  1.1518e-01,
          2.7960e-02, -1.3843e-01, -1.8464e-01,  3.9401e-03,  7.6290e-02,
         -9.6474e-02, -1.1148e-01, -1.1000e-01,  7.7718e-03,  1.2518e-01,
          1.6059e-01, -1.6208e-01,  1.4820e-01, -7.1337e-02, -1.6448e-01,
          1.2927e-01,  1.6573e-01]], device='cuda:0', requires_grad=True)

Parameter name: linear_2.bias
Shape: torch.Size([1])
Values: Parameter containing:
tensor([-0.0370], device='cuda:0', requires_grad=True)

