Parameter name: road_linear_0.weight
Shape: torch.Size([32, 16])
Values: Parameter containing:
tensor([[ 1.1470e-01, -9.8989e-02, -1.5541e-01, -4.4820e-01, -6.0535e-02,
         -4.2065e-01,  4.9991e-01, -3.6834e-01,  3.1419e-01, -2.5185e-01,
         -1.0394e-01,  4.5566e-01, -3.4693e-01, -5.0834e-01,  7.6159e-03,
         -1.0695e-01],
        [ 1.6273e-01, -5.8790e-01, -2.4526e-01, -4.5969e-01, -2.8793e-01,
         -3.3827e-01,  3.7234e-01, -1.7803e-01,  5.4453e-01, -3.8786e-01,
         -1.2595e-01,  3.5357e-01, -5.4295e-02, -2.0391e-01,  4.0980e-02,
         -2.3302e-01],
        [ 1.0026e-01, -2.3413e-01, -1.0433e-01, -1.9439e-01,  3.2441e-02,
         -5.4351e-01,  5.1357e-01, -4.1495e-01,  5.3245e-01, -2.1206e-01,
         -2.2072e-01,  1.5948e-01,  2.6076e-02, -9.8027e-02,  2.2742e-04,
         -1.9555e-01],
        [-1.0298e-01,  3.3403e-01,  2.3313e-01,  3.5907e-01,  1.9461e-01,
          3.5946e-01, -3.4066e-01,  2.5828e-01, -5.5007e-01,  1.0182e-01,
          1.7888e-01, -2.3755e-01,  3.1923e-01,  2.3510e-02,  1.3555e-01,
          3.0590e-01],
        [ 2.9485e-01, -1.8559e-01, -3.2026e-01, -4.6856e-01, -1.1651e-01,
         -4.9357e-01,  2.4599e-01, -4.0609e-02,  2.9539e-01, -2.2124e-01,
         -8.5029e-02,  4.5313e-01, -8.4080e-02, -4.0468e-01, -7.6520e-02,
         -3.2201e-01],
        [ 4.2595e-01, -9.7855e-02, -4.9712e-01, -4.9473e-02,  6.7954e-02,
         -6.1246e-01,  4.7370e-01, -3.5273e-01,  4.0372e-01, -3.1001e-01,
         -5.2079e-01,  5.3376e-01, -3.1683e-01, -3.3910e-02,  7.0092e-02,
         -2.3683e-01],
        [-9.2670e-02,  3.5598e-01,  5.4067e-01,  2.5957e-01,  9.4563e-02,
          2.2309e-01, -3.9837e-01,  5.7015e-02, -4.1547e-01,  4.7269e-01,
          2.2747e-01, -5.4113e-01,  2.8156e-02,  3.8591e-01, -1.2153e-01,
          3.3409e-01],
        [-4.9919e-01,  5.8053e-01,  5.2068e-01,  7.9404e-02, -1.1366e-01,
          2.6233e-01, -3.3043e-01,  3.8266e-02, -3.8105e-01,  2.7959e-01,
          3.1462e-01, -5.5988e-01,  3.6901e-01,  1.0397e-01,  1.5430e-01,
          5.3617e-01],
        [-2.6045e-01,  5.5976e-01,  4.7036e-01,  1.9416e-01,  2.3205e-01,
          2.5665e-01, -4.2195e-01,  2.7614e-01, -1.6211e-01,  2.3249e-01,
          1.6990e-01, -5.6572e-01, -6.1089e-03,  3.8835e-01,  6.9122e-02,
          2.4811e-01],
        [ 1.2538e-01, -3.4781e-01, -2.3800e-01, -4.6551e-01, -1.9830e-01,
         -4.3133e-01,  2.4608e-01, -9.7801e-02,  4.1204e-01, -5.2009e-01,
         -8.6103e-02,  6.0804e-01, -3.1261e-01, -2.4366e-01, -1.4744e-01,
         -3.5111e-01],
        [ 5.3133e-02, -1.6392e-01, -2.0857e-01, -4.8060e-01, -2.8329e-01,
         -1.8127e-01,  4.1987e-01, -2.2366e-01,  4.7712e-01, -2.6688e-01,
         -1.6667e-01,  6.2548e-01, -2.2669e-01, -3.1081e-02, -3.3557e-01,
         -4.8326e-01],
        [ 1.5583e-01, -4.0852e-01, -1.7735e-01, -3.4309e-01, -9.0546e-02,
         -4.4575e-01,  5.6642e-01, -1.7989e-01,  3.1909e-01, -1.5487e-01,
         -4.2950e-02,  6.5611e-01, -4.0578e-01, -4.1888e-01, -2.5666e-01,
         -3.6583e-01],
        [-1.5188e-01,  3.7631e-01,  2.9641e-01,  2.9548e-01,  9.6756e-02,
          4.9012e-01, -2.7564e-01,  3.7135e-02, -4.5325e-01,  4.2817e-01,
          1.0737e-01, -6.2419e-01,  1.6237e-02,  3.1205e-01,  3.8683e-02,
          2.1566e-01],
        [-1.9859e-01,  6.0355e-01,  5.1491e-01,  4.2790e-01, -5.7068e-02,
          5.1775e-01, -2.6804e-01,  2.3048e-01, -3.8308e-01,  3.3575e-01,
          1.3729e-01, -4.8835e-01,  2.0674e-01,  2.4486e-01, -6.2850e-02,
          4.0411e-01],
        [-3.4295e-01,  1.4221e-01,  4.1083e-01, -3.6441e-02,  2.8297e-01,
          5.6684e-01, -4.0753e-01,  6.1503e-02, -3.8845e-01,  2.7065e-01,
          2.0814e-01, -4.7542e-01,  2.2969e-01,  2.0115e-01,  4.9525e-02,
          2.9327e-01],
        [-4.9201e-01,  1.9166e-01,  3.5891e-01,  5.2535e-01, -2.6576e-02,
          5.9694e-01, -3.7711e-01,  7.7840e-02, -3.2334e-01,  4.6718e-01,
          3.1159e-01, -2.2070e-01,  1.9441e-01,  1.1535e-01,  4.0429e-01,
          2.6245e-01],
        [-7.2081e-02,  5.1676e-01,  3.5249e-01,  8.1399e-02, -1.2654e-01,
          4.6720e-01, -3.3916e-01,  2.7056e-01, -5.3889e-01,  3.0489e-01,
          4.7435e-01, -2.9099e-01,  4.4879e-01,  4.7101e-01,  1.2834e-01,
          1.3909e-01],
        [ 1.1009e-01, -2.6217e-01, -4.1330e-01, -2.7228e-01, -4.9246e-02,
         -2.5762e-01,  5.2791e-01, -1.4317e-02,  3.3139e-01, -1.9886e-01,
         -3.7153e-01,  3.3439e-01, -2.7258e-01, -4.2903e-01,  6.5836e-02,
         -3.6835e-01],
        [-1.6583e-01,  3.4181e-01,  3.1604e-01,  1.1599e-01,  3.6041e-02,
          1.3333e-01, -4.9379e-01,  2.9432e-01, -5.0256e-01,  3.5490e-01,
          2.3638e-01, -6.3974e-01,  2.6059e-01,  3.5645e-01,  3.2625e-01,
          3.6002e-01],
        [ 3.9216e-01, -3.3138e-01, -2.2587e-01, -1.3752e-01, -2.4775e-01,
         -4.2860e-01,  1.7744e-01,  6.2855e-02,  3.6668e-01, -4.0037e-01,
         -2.4634e-01,  4.4955e-01, -4.0312e-01, -2.3145e-01, -1.0714e-02,
         -2.8772e-01],
        [ 1.9909e-01, -1.4966e-01, -1.9346e-01, -5.0677e-01,  2.2822e-02,
         -6.0248e-01,  5.3082e-01,  5.7225e-02,  3.4567e-01, -4.3509e-01,
         -4.1290e-01,  3.2274e-01, -2.7938e-01, -3.9322e-01,  8.9149e-02,
         -4.1817e-01],
        [ 3.7114e-01, -6.1270e-01, -1.9561e-01, -7.0027e-02, -3.0648e-01,
         -4.8131e-01,  4.6266e-01, -4.0838e-01,  1.6594e-01, -2.5836e-01,
         -4.3615e-02,  3.6575e-01, -2.4943e-01, -5.3028e-01, -4.4276e-01,
         -1.1092e-01],
        [-7.3685e-02,  2.6360e-01,  2.1106e-01,  2.7355e-01,  2.2029e-01,
          1.2051e-01, -5.3522e-01,  5.3272e-02, -4.2630e-01,  3.3706e-01,
          4.2190e-01, -3.8460e-01,  3.3116e-02,  5.1071e-01,  3.5597e-01,
          3.9528e-01],
        [-1.0491e-01,  4.5571e-01,  5.1989e-01,  3.3511e-02, -4.3201e-02,
          3.5823e-01, -4.4204e-01, -7.8785e-03, -5.5781e-01,  1.4830e-01,
          2.1923e-01, -2.1334e-01,  3.9564e-01,  3.5712e-01,  2.3446e-02,
          2.1844e-01],
        [-1.4541e-01,  1.2914e-01,  2.9657e-01,  3.4167e-01,  3.6566e-01,
          2.3293e-01, -1.5024e-01,  1.3515e-01, -4.9594e-01,  5.7005e-01,
          4.6721e-01, -6.0541e-01,  8.5704e-02,  3.9381e-01,  5.8790e-02,
          4.7467e-01],
        [-3.7868e-01,  2.7721e-01,  2.4469e-01,  5.1776e-01,  2.5327e-02,
          3.6792e-01, -2.4036e-01,  9.0588e-04, -3.2342e-01,  1.5134e-01,
          3.3247e-02, -4.8986e-01,  2.6374e-01,  5.0475e-01, -7.6823e-02,
          2.5787e-01],
        [-2.1671e-01,  3.7560e-01,  4.3619e-01,  9.1282e-02, -1.1705e-02,
          2.5227e-01, -6.0013e-01,  2.1304e-01, -5.5104e-01,  4.7557e-01,
          1.6179e-01, -4.8183e-01,  3.3372e-01,  4.6930e-01,  3.1847e-01,
          4.6173e-01],
        [ 6.9170e-02, -3.1875e-01, -1.5274e-01, -2.2804e-01,  3.9033e-02,
         -5.6690e-01,  6.1347e-01, -2.0958e-01,  1.2420e-01, -4.2222e-01,
         -6.5352e-02,  3.6146e-01, -2.7899e-01, -4.0092e-01, -3.9227e-01,
         -2.9801e-01],
        [-4.3514e-02,  4.0756e-01,  3.0429e-01,  2.8935e-01, -6.4200e-02,
          2.7194e-01, -3.8699e-01, -3.5912e-02, -1.9669e-01,  3.7795e-01,
          2.8154e-01, -4.4474e-01,  4.3131e-01,  5.0602e-01,  3.2458e-01,
          4.4927e-01],
        [ 2.0058e-01, -1.9879e-01, -4.7856e-01, -1.8060e-01, -2.4308e-01,
         -3.4415e-01,  5.8105e-01,  1.4939e-02,  5.4008e-01, -2.6285e-01,
         -8.2443e-02,  5.2565e-01, -8.6287e-02, -1.5289e-01, -4.3277e-02,
         -4.2189e-01],
        [ 1.0514e-01, -4.1146e-01, -1.9509e-01, -4.1646e-01, -2.1803e-02,
         -1.6843e-01,  5.9170e-01, -3.1403e-01,  3.8264e-01, -1.7497e-01,
         -4.8196e-01,  5.8184e-01, -3.7710e-01, -4.5023e-01, -2.6568e-01,
         -4.0403e-01],
        [-2.9366e-01,  4.2176e-01,  4.1610e-01,  3.5466e-01,  2.5708e-01,
          2.0859e-01, -6.1344e-01, -7.9933e-02, -4.2042e-01,  2.0789e-01,
          3.4117e-01, -5.8554e-01,  2.1649e-02,  3.8263e-01,  2.4883e-03,
          3.5953e-01]], device='cuda:0', requires_grad=True)

Parameter name: road_linear_0.bias
Shape: torch.Size([32])
Values: Parameter containing:
tensor([-0.0458,  0.1051,  0.0914, -0.1284, -0.0172,  0.0010, -0.0502,  0.0851,
        -0.0272,  0.0923,  0.1642,  0.0504, -0.0437, -0.0249, -0.0044, -0.0200,
        -0.2063,  0.0473, -0.1126, -0.0533,  0.0674,  0.0350, -0.2537, -0.0630,
        -0.2381,  0.1836, -0.0652,  0.0921, -0.1304,  0.0058,  0.1742, -0.0663],
       device='cuda:0', requires_grad=True)

Parameter name: road_linear_1.weight
Shape: torch.Size([1, 32])
Values: Parameter containing:
tensor([[ 0.3523,  0.4894,  0.3196, -0.3828,  0.3780,  0.5179, -0.4117, -0.5566,
         -0.4225,  0.5243,  0.4503,  0.5695, -0.4760, -0.5670, -0.3639, -0.4620,
         -0.4662,  0.3678, -0.4061,  0.3508,  0.5003,  0.5385, -0.5422, -0.4359,
         -0.4586, -0.4045, -0.4988,  0.4061, -0.4552,  0.5280,  0.4672, -0.4066]],
       device='cuda:0', requires_grad=True)

Parameter name: linear_0.weight
Shape: torch.Size([32, 39])
Values: Parameter containing:
tensor([[ 0.0581, -0.1499,  0.2381,  ...,  0.0370, -0.1412, -0.1137],
        [-0.0410, -0.0821, -0.1052,  ..., -0.0255, -0.1453,  0.0871],
        [-0.0884,  0.0200,  0.3368,  ...,  0.1516,  0.0511,  0.0345],
        ...,
        [ 0.0737, -0.0884, -0.1031,  ..., -0.1147, -0.0564, -0.1180],
        [ 0.0005, -0.1443,  0.2028,  ..., -0.1376, -0.0613,  0.1557],
        [-0.1447,  0.0896,  0.0881,  ..., -0.0287, -0.1683, -0.0509]],
       device='cuda:0', requires_grad=True)

Parameter name: linear_0.bias
Shape: torch.Size([32])
Values: Parameter containing:
tensor([ 7.5480e-02,  7.8134e-02, -1.2573e-01, -9.0520e-02, -2.3433e-02,
         3.1083e-05, -1.2507e-01,  7.9580e-02, -5.8045e-02,  1.2002e-01,
         5.9457e-02, -5.2015e-02, -2.6618e-03,  7.0410e-02, -1.0386e-01,
        -5.6554e-02,  9.8418e-02, -1.1198e-01, -3.0127e-02,  4.1279e-03,
        -1.0340e-01,  7.0429e-02,  5.0763e-02, -4.2461e-02, -5.8985e-02,
         6.1716e-02, -1.0326e-02, -1.5389e-01,  7.4380e-02,  1.7101e-01,
         1.1054e-01, -1.1243e-01], device='cuda:0', requires_grad=True)

Parameter name: linear_1.weight
Shape: torch.Size([32, 32])
Values: Parameter containing:
tensor([[ 0.1816, -0.0714, -0.1104,  ..., -0.0251, -0.1210,  0.1535],
        [-0.0772,  0.0919,  0.0663,  ...,  0.0590, -0.1179,  0.1494],
        [ 0.0034, -0.1669, -0.1265,  ..., -0.0527,  0.1015,  0.0746],
        ...,
        [ 0.0034, -0.0131,  0.1100,  ...,  0.1474, -0.1174,  0.1672],
        [ 0.1175, -0.0181,  0.0206,  ...,  0.1459,  0.1184, -0.0642],
        [ 0.1207, -0.0127,  0.1931,  ...,  0.1527,  0.0486,  0.0435]],
       device='cuda:0', requires_grad=True)

Parameter name: linear_1.bias
Shape: torch.Size([32])
Values: Parameter containing:
tensor([ 0.0429,  0.0747,  0.0294, -0.0175, -0.0799, -0.0790,  0.0184, -0.1269,
         0.0765, -0.0986,  0.1799, -0.1820,  0.1191,  0.0429, -0.1935,  0.0241,
        -0.0872, -0.1103, -0.0243, -0.0778,  0.0700,  0.1661, -0.1356,  0.1457,
        -0.1256, -0.0621,  0.1431, -0.1027, -0.0604, -0.0120,  0.0413, -0.0359],
       device='cuda:0', requires_grad=True)

Parameter name: linear_2.weight
Shape: torch.Size([1, 32])
Values: Parameter containing:
tensor([[ 0.1452,  0.0498, -0.1903, -0.1156,  0.0219, -0.0407, -0.0653,  0.0903,
          0.0496, -0.0811, -0.0734,  0.0802,  0.0465, -0.0174,  0.1178,  0.0244,
         -0.1383, -0.1860,  0.0115,  0.0785, -0.0988, -0.1122, -0.1116,  0.0067,
          0.1256,  0.1620, -0.1631,  0.1493, -0.0708, -0.1657,  0.1319,  0.1687]],
       device='cuda:0', requires_grad=True)

Parameter name: linear_2.bias
Shape: torch.Size([1])
Values: Parameter containing:
tensor([-0.0375], device='cuda:0', requires_grad=True)

