Parameter name: road_linear_0.weight
Shape: torch.Size([32, 16])
Values: Parameter containing:
tensor([[ 0.1143, -0.0942, -0.1528, -0.4501, -0.0608, -0.4152,  0.4988, -0.3621,
          0.3120, -0.2510, -0.0986,  0.4554, -0.3438, -0.5062,  0.0076, -0.1037],
        [ 0.1627, -0.5837, -0.2430, -0.4611, -0.2883, -0.3339,  0.3714, -0.1734,
          0.5430, -0.3871, -0.1225,  0.3534, -0.0514, -0.2023,  0.0413, -0.2308],
        [ 0.1010, -0.2268, -0.0987, -0.1972,  0.0333, -0.5355,  0.5107, -0.4083,
          0.5284, -0.2093, -0.2141,  0.1583,  0.0325, -0.0940,  0.0026, -0.1916],
        [-0.1032,  0.3284,  0.2296,  0.3610,  0.1946,  0.3544, -0.3391,  0.2528,
         -0.5481,  0.1005,  0.1753, -0.2371,  0.3149,  0.0214,  0.1341,  0.3031],
        [ 0.2944, -0.1806, -0.3174, -0.4706, -0.1169, -0.4891,  0.2448, -0.0351,
          0.2936, -0.2205, -0.0815,  0.4530, -0.0804, -0.4028, -0.0758, -0.3192],
        [ 0.4262, -0.0935, -0.4949, -0.0508,  0.0678, -0.6075,  0.4728, -0.3480,
          0.4021, -0.3091, -0.5164,  0.5335, -0.3142, -0.0322,  0.0704, -0.2344],
        [-0.0923,  0.3517,  0.5383,  0.2611,  0.0953,  0.2176, -0.3973,  0.0511,
         -0.4135,  0.4718,  0.2218, -0.5410,  0.0254,  0.3838, -0.1214,  0.3311],
        [-0.4982,  0.5764,  0.5187,  0.0810, -0.1125,  0.2578, -0.3295,  0.0336,
         -0.3797,  0.2792,  0.3114, -0.5601,  0.3661,  0.1025,  0.1543,  0.5341],
        [-0.2593,  0.5534,  0.4660,  0.1982,  0.2337,  0.2494, -0.4197,  0.2694,
         -0.1585,  0.2313,  0.1647, -0.5660, -0.0131,  0.3845,  0.0682,  0.2448],
        [ 0.1248, -0.3439, -0.2361, -0.4671, -0.1990, -0.4275,  0.2454, -0.0930,
          0.4107, -0.5197, -0.0828,  0.6081, -0.3100, -0.2422, -0.1475, -0.3489],
        [ 0.0527, -0.1593, -0.2061, -0.4824, -0.2840, -0.1763,  0.4188, -0.2185,
          0.4755, -0.2662, -0.1630,  0.6254, -0.2235, -0.0294, -0.3351, -0.4808],
        [ 0.1553, -0.4047, -0.1756, -0.3448, -0.0913, -0.4425,  0.5658, -0.1753,
          0.3179, -0.1546, -0.0404,  0.6563, -0.4031, -0.4176, -0.2566, -0.3638],
        [-0.1513,  0.3718,  0.2940,  0.2972,  0.0976,  0.4843, -0.2746,  0.0310,
         -0.4514,  0.4274,  0.1014, -0.6241,  0.0137,  0.3101,  0.0386,  0.2125],
        [-0.1981,  0.5996,  0.5130,  0.4294, -0.0563,  0.5138, -0.2673,  0.2260,
         -0.3818,  0.3353,  0.1341, -0.4884,  0.2041,  0.2434, -0.0629,  0.4020],
        [-0.3424,  0.1370,  0.4079, -0.0342,  0.2837,  0.5615, -0.4062,  0.0555,
         -0.3863,  0.2698,  0.2038, -0.4754,  0.2257,  0.1989,  0.0490,  0.2903],
        [-0.4914,  0.1871,  0.3568,  0.5275, -0.0257,  0.5924, -0.3764,  0.0724,
         -0.3220,  0.4669,  0.3081, -0.2209,  0.1917,  0.1139,  0.4040,  0.2599],
        [-0.0729,  0.5124,  0.3501,  0.0827, -0.1267,  0.4631, -0.3382,  0.2663,
         -0.5372,  0.3038,  0.4706, -0.2907,  0.4458,  0.4693,  0.1279,  0.1369],
        [ 0.1100, -0.2575, -0.4106, -0.2739, -0.0494, -0.2523,  0.5267, -0.0089,
          0.3293, -0.1978, -0.3667,  0.3340, -0.2693, -0.4269,  0.0661, -0.3655],
        [-0.1656,  0.3373,  0.3136,  0.1177,  0.0368,  0.1284, -0.4927,  0.2891,
         -0.5007,  0.3541,  0.2323, -0.6397,  0.2572,  0.3545,  0.3262,  0.3576],
        [ 0.3915, -0.3264, -0.2231, -0.1395, -0.2484, -0.4231,  0.1762,  0.0690,
          0.3645, -0.3995, -0.2416,  0.4494, -0.3994, -0.2292, -0.0105, -0.2846],
        [ 0.1993, -0.1457, -0.1914, -0.5082,  0.0229, -0.5982,  0.5301,  0.0621,
          0.3441, -0.4343, -0.4083,  0.3225, -0.2771, -0.3916,  0.0891, -0.4156],
        [ 0.3700, -0.6081, -0.1935, -0.0721, -0.3079, -0.4768,  0.4618, -0.4037,
          0.1649, -0.2582, -0.0411,  0.3662, -0.2463, -0.5290, -0.4422, -0.1090],
        [-0.0741,  0.2593,  0.2087,  0.2748,  0.2203,  0.1157, -0.5342,  0.0491,
         -0.4249,  0.3361,  0.4180, -0.3843,  0.0306,  0.5092,  0.3554,  0.3932],
        [-0.1047,  0.4513,  0.5175,  0.0350, -0.0429,  0.3540, -0.4410, -0.0126,
         -0.5562,  0.1475,  0.2158, -0.2131,  0.3925,  0.3554,  0.0231,  0.2161],
        [-0.1464,  0.1250,  0.2941,  0.3428,  0.3654,  0.2295, -0.1491,  0.1310,
         -0.4941,  0.5689,  0.4638, -0.6050,  0.0824,  0.3919,  0.0585,  0.4725],
        [-0.3781,  0.2727,  0.2423,  0.5194,  0.0256,  0.3633, -0.2394, -0.0045,
         -0.3217,  0.1506,  0.0292, -0.4896,  0.2607,  0.5029, -0.0770,  0.2551],
        [-0.2163,  0.3718,  0.4345,  0.0928, -0.0107,  0.2486, -0.5995,  0.2082,
         -0.5495,  0.4751,  0.1581, -0.4820,  0.3313,  0.4676,  0.3189,  0.4594],
        [ 0.0677, -0.3132, -0.1498, -0.2316,  0.0374, -0.5617,  0.6125, -0.2028,
          0.1222, -0.4221, -0.0616,  0.3620, -0.2744, -0.3987, -0.3917, -0.2949],
        [-0.0429,  0.4032,  0.3021,  0.2912, -0.0634,  0.2679, -0.3862, -0.0410,
         -0.1952,  0.3775,  0.2784, -0.4449,  0.4282,  0.5044,  0.3244,  0.4470],
        [ 0.2000, -0.1947, -0.4765, -0.1821, -0.2439, -0.3388,  0.5802,  0.0201,
          0.5386, -0.2623, -0.0776,  0.5257, -0.0840, -0.1513, -0.0433, -0.4193],
        [ 0.1055, -0.4074, -0.1929, -0.4179, -0.0221, -0.1641,  0.5908, -0.3095,
          0.3809, -0.1741, -0.4780,  0.5817, -0.3743, -0.4485, -0.2656, -0.4018],
        [-0.2936,  0.4175,  0.4138,  0.3564,  0.2576,  0.2042, -0.6125, -0.0852,
         -0.4185,  0.2071,  0.3371, -0.5854,  0.0185,  0.3807,  0.0025,  0.3570]],
       device='cuda:0', requires_grad=True)

Parameter name: road_linear_0.bias
Shape: torch.Size([32])
Values: Parameter containing:
tensor([-0.0485,  0.1027,  0.0898, -0.1260, -0.0207, -0.0007, -0.0475,  0.0893,
        -0.0226,  0.0891,  0.1611,  0.0473, -0.0407, -0.0218, -0.0008, -0.0163,
        -0.2058,  0.0451, -0.1100, -0.0570,  0.0660,  0.0302, -0.2525, -0.0605,
        -0.2376,  0.1869, -0.0628,  0.0869, -0.1270,  0.0028,  0.1730, -0.0641],
       device='cuda:0', requires_grad=True)

Parameter name: road_linear_1.weight
Shape: torch.Size([1, 32])
Values: Parameter containing:
tensor([[ 0.3498,  0.4868,  0.3138, -0.3787,  0.3753,  0.5147, -0.4091, -0.5532,
         -0.4163,  0.5220,  0.4475,  0.5669, -0.4729, -0.5642, -0.3600, -0.4592,
         -0.4631,  0.3649, -0.4033,  0.3472,  0.4981,  0.5342, -0.5396, -0.4326,
         -0.4563, -0.4022, -0.4964,  0.4016, -0.4521,  0.5254,  0.4647, -0.4043]],
       device='cuda:0', requires_grad=True)

Parameter name: linear_0.weight
Shape: torch.Size([32, 39])
Values: Parameter containing:
tensor([[ 0.0590, -0.1476,  0.2355,  ...,  0.0370, -0.1411, -0.1137],
        [-0.0427, -0.0830, -0.1029,  ..., -0.0255, -0.1457,  0.0871],
        [-0.0870,  0.0208,  0.3350,  ...,  0.1516,  0.0513,  0.0345],
        ...,
        [ 0.0746, -0.0877, -0.1059,  ..., -0.1147, -0.0559, -0.1180],
        [ 0.0020, -0.1433,  0.2003,  ..., -0.1376, -0.0610,  0.1557],
        [-0.1443,  0.0893,  0.0887,  ..., -0.0287, -0.1684, -0.0509]],
       device='cuda:0', requires_grad=True)

Parameter name: linear_0.bias
Shape: torch.Size([32])
Values: Parameter containing:
tensor([ 0.0756,  0.0777, -0.1254, -0.0908, -0.0236,  0.0007, -0.1238,  0.0790,
        -0.0581,  0.1200,  0.0591, -0.0517, -0.0023,  0.0699, -0.1049, -0.0569,
         0.0983, -0.1113, -0.0307,  0.0037, -0.1043,  0.0699,  0.0510, -0.0429,
        -0.0595,  0.0624, -0.0104, -0.1536,  0.0737,  0.1715,  0.1109, -0.1126],
       device='cuda:0', requires_grad=True)

Parameter name: linear_1.weight
Shape: torch.Size([32, 32])
Values: Parameter containing:
tensor([[ 0.1812, -0.0715, -0.1108,  ..., -0.0249, -0.1211,  0.1530],
        [-0.0775,  0.0919,  0.0659,  ...,  0.0593, -0.1181,  0.1489],
        [ 0.0038, -0.1668, -0.1259,  ..., -0.0531,  0.1017,  0.0753],
        ...,
        [ 0.0036, -0.0129,  0.1104,  ...,  0.1470, -0.1172,  0.1677],
        [ 0.1170, -0.0182,  0.0200,  ...,  0.1464,  0.1181, -0.0650],
        [ 0.1204, -0.0128,  0.1927,  ...,  0.1529,  0.0484,  0.0429]],
       device='cuda:0', requires_grad=True)

Parameter name: linear_1.bias
Shape: torch.Size([32])
Values: Parameter containing:
tensor([ 0.0431,  0.0749,  0.0291, -0.0178, -0.0795, -0.0800,  0.0181, -0.1265,
         0.0767, -0.0989,  0.1795, -0.1818,  0.1193,  0.0424, -0.1931,  0.0243,
        -0.0875, -0.1107, -0.0238, -0.0776,  0.0697,  0.1657, -0.1359,  0.1459,
        -0.1253, -0.0618,  0.1428, -0.1024, -0.0607, -0.0122,  0.0417, -0.0356],
       device='cuda:0', requires_grad=True)

Parameter name: linear_2.weight
Shape: torch.Size([1, 32])
Values: Parameter containing:
tensor([[ 0.1440,  0.0495, -0.1897, -0.1146,  0.0215, -0.0410, -0.0645,  0.0900,
          0.0496, -0.0810, -0.0729,  0.0795,  0.0461, -0.0152,  0.1171,  0.0250,
         -0.1380, -0.1856,  0.0106,  0.0779, -0.0979, -0.1118, -0.1114,  0.0072,
          0.1251,  0.1615, -0.1627,  0.1486, -0.0705, -0.1651,  0.1317,  0.1680]],
       device='cuda:0', requires_grad=True)

Parameter name: linear_2.bias
Shape: torch.Size([1])
Values: Parameter containing:
tensor([-0.0372], device='cuda:0', requires_grad=True)

