Parameter name: road_linear_0.weight
Shape: torch.Size([32, 16])
Values: Parameter containing:
tensor([[ 0.1272, -0.1322, -0.1813, -0.4520, -0.1041, -0.4876,  0.5164, -0.4161,
          0.3453, -0.2720, -0.1658,  0.4706, -0.3894, -0.5326,  0.0095, -0.1175],
        [ 0.1681, -0.6193, -0.2729, -0.4659, -0.3278, -0.3980,  0.3904, -0.2090,
          0.5704, -0.4106, -0.1731,  0.3685, -0.0977, -0.2248,  0.0367, -0.2406],
        [ 0.0940, -0.2918, -0.1697, -0.2117, -0.0537, -0.6469,  0.5592, -0.4563,
          0.5923, -0.2716, -0.2953,  0.1974, -0.0603, -0.1398, -0.0346, -0.2057],
        [-0.1072,  0.3751,  0.2721,  0.3674,  0.2506,  0.4322, -0.3694,  0.2894,
         -0.5757,  0.1287,  0.2105, -0.2547,  0.3821,  0.0401,  0.1606,  0.3033],
        [ 0.3147, -0.2184, -0.3506, -0.4754, -0.1552, -0.5575,  0.2701, -0.0772,
          0.3207, -0.2398, -0.1201,  0.4655, -0.1401, -0.4233, -0.0850, -0.3233],
        [ 0.4231, -0.1359, -0.5271, -0.0544,  0.0174, -0.6808,  0.4898, -0.3837,
          0.4280, -0.3360, -0.5753,  0.5526, -0.3541, -0.0533,  0.0600, -0.2467],
        [-0.0973,  0.3909,  0.5723,  0.2657,  0.1464,  0.2918, -0.4152,  0.1075,
         -0.4558,  0.5034,  0.3228, -0.5621,  0.0687,  0.4204, -0.1279,  0.3569],
        [-0.5087,  0.6167,  0.5490,  0.0817, -0.0791,  0.3287, -0.3470,  0.0755,
         -0.4051,  0.2986,  0.3637, -0.5717,  0.4126,  0.1238,  0.1592,  0.5431],
        [-0.2672,  0.6102,  0.5250,  0.2004,  0.2871,  0.3601, -0.4617,  0.3230,
         -0.2302,  0.2791,  0.2504, -0.5885,  0.0930,  0.4399,  0.0802,  0.2530],
        [ 0.1437, -0.3739, -0.2566, -0.4665, -0.2235, -0.4826,  0.2585, -0.1345,
          0.4324, -0.5313, -0.1253,  0.6149, -0.3498, -0.2600, -0.1423, -0.3553],
        [ 0.0676, -0.1921, -0.2327, -0.4849, -0.3166, -0.2496,  0.4400, -0.2541,
          0.5001, -0.2841, -0.2044,  0.6345, -0.2732, -0.0471, -0.3393, -0.4807],
        [ 0.1766, -0.4326, -0.1929, -0.3421, -0.1104, -0.4927,  0.5793, -0.2107,
          0.3327, -0.1608, -0.0631,  0.6584, -0.4442, -0.4276, -0.2562, -0.3608],
        [-0.1639,  0.4103,  0.3253,  0.2996,  0.1420,  0.5663, -0.2935,  0.0884,
         -0.4853,  0.4514,  0.1911, -0.6403,  0.0550,  0.3385,  0.0371,  0.2293],
        [-0.2071,  0.6367,  0.5398,  0.4301, -0.0232,  0.5746, -0.2821,  0.2645,
         -0.4050,  0.3531,  0.1809, -0.4997,  0.2459,  0.2629, -0.0607,  0.4107],
        [-0.3581,  0.1815,  0.4450, -0.0323,  0.3299,  0.6430, -0.4314,  0.1064,
         -0.4191,  0.2927,  0.2554, -0.4899,  0.2882,  0.2234,  0.0592,  0.2966],
        [-0.5244,  0.2163,  0.3770,  0.5271, -0.0070,  0.6656, -0.3970,  0.1063,
         -0.3335,  0.4711,  0.3234, -0.2215,  0.2358,  0.1194,  0.4097,  0.2506],
        [-0.0513,  0.5620,  0.3886,  0.0867, -0.0640,  0.5208, -0.3524,  0.3016,
         -0.5714,  0.3396,  0.5380, -0.3151,  0.4885,  0.4981,  0.1386,  0.1592],
        [ 0.1095, -0.3010, -0.4482, -0.2804, -0.1046, -0.3247,  0.5471, -0.0541,
          0.3693, -0.2316, -0.4454,  0.3571, -0.3182, -0.4600,  0.0620, -0.3868],
        [-0.1636,  0.3792,  0.3466,  0.1191,  0.0831,  0.1967, -0.5089,  0.3326,
         -0.5385,  0.3829,  0.3038, -0.6561,  0.3075,  0.3851,  0.3256,  0.3731],
        [ 0.4068, -0.3702, -0.2603, -0.1432, -0.2962, -0.5026,  0.1993,  0.0106,
          0.4037, -0.4255, -0.3122,  0.4675, -0.4580, -0.2612, -0.0133, -0.3004],
        [ 0.2057, -0.1784, -0.2168, -0.5125, -0.0171, -0.6543,  0.5439,  0.0244,
          0.3707, -0.4566, -0.4693,  0.3390, -0.3096, -0.4141,  0.0910, -0.4318],
        [ 0.3924, -0.6438, -0.2150, -0.0658, -0.3291, -0.5546,  0.4808, -0.4378,
          0.1746, -0.2627, -0.0538,  0.3640, -0.2980, -0.5323, -0.4557, -0.0915],
        [-0.0660,  0.2975,  0.2408,  0.2809,  0.2702,  0.1827, -0.5515,  0.0765,
         -0.4545,  0.3673,  0.4840, -0.4041,  0.0697,  0.5338,  0.3614,  0.4077],
        [-0.1048,  0.4959,  0.5534,  0.0390,  0.0063,  0.4168, -0.4597,  0.0291,
         -0.5858,  0.1741,  0.2695, -0.2318,  0.4401,  0.3796,  0.0340,  0.2315],
        [-0.1315,  0.1626,  0.3290,  0.3509,  0.4200,  0.2752, -0.1657,  0.1650,
         -0.5337,  0.6037,  0.5277, -0.6273,  0.1324,  0.4270,  0.0554,  0.4952],
        [-0.3967,  0.3076,  0.2709,  0.5234,  0.0613,  0.4279, -0.2590,  0.0443,
         -0.3504,  0.1691,  0.0828, -0.5032,  0.3082,  0.5271, -0.0776,  0.2674],
        [-0.2206,  0.4073,  0.4569,  0.0897,  0.0223,  0.2969, -0.6068,  0.2528,
         -0.5788,  0.4930,  0.2201, -0.4918,  0.3643,  0.4927,  0.3088,  0.4756],
        [ 0.1087, -0.3522, -0.1756, -0.2222,  0.0163, -0.6473,  0.6397, -0.2531,
          0.1338, -0.4190, -0.0716,  0.3559, -0.3456, -0.4001, -0.4022, -0.2770],
        [-0.0534,  0.4426,  0.3310,  0.2907, -0.0290,  0.3273, -0.4019,  0.0012,
         -0.2215,  0.3956,  0.3245, -0.4555,  0.4757,  0.5251,  0.3280,  0.4563],
        [ 0.2157, -0.2273, -0.5007, -0.1833, -0.2752, -0.4146,  0.5962, -0.0243,
          0.5628, -0.2783, -0.1406,  0.5359, -0.1199, -0.1713, -0.0414, -0.4283],
        [ 0.0963, -0.4454, -0.2223, -0.4209, -0.0687, -0.2230,  0.6041, -0.3413,
          0.4144, -0.2041, -0.5441,  0.5997, -0.4148, -0.4757, -0.2651, -0.4172],
        [-0.2984,  0.4524,  0.4439,  0.3611,  0.2985,  0.2654, -0.6302, -0.0455,
         -0.4550,  0.2341,  0.4021, -0.6016,  0.0666,  0.4107, -0.0020,  0.3723]],
       device='cuda:0', requires_grad=True)

Parameter name: road_linear_0.bias
Shape: torch.Size([32])
Values: Parameter containing:
tensor([-0.0364,  0.1039,  0.0662, -0.1197, -0.0020, -0.0133, -0.0519,  0.0772,
        -0.0291,  0.1123,  0.1759,  0.0715, -0.0558, -0.0301, -0.0147, -0.0538,
        -0.1696,  0.0372, -0.1039, -0.0415,  0.0677,  0.0568, -0.2329, -0.0529,
        -0.2131,  0.1658, -0.0679,  0.1330, -0.1368,  0.0230,  0.1548, -0.0656],
       device='cuda:0', requires_grad=True)

Parameter name: road_linear_1.weight
Shape: torch.Size([1, 32])
Values: Parameter containing:
tensor([[ 0.3877,  0.5233,  0.3860, -0.4335,  0.4164,  0.5574, -0.4470, -0.5980,
         -0.4941,  0.5566,  0.4877,  0.6024, -0.5167, -0.6017, -0.4127, -0.5023,
         -0.5024,  0.4040, -0.4413,  0.3981,  0.5295,  0.5910, -0.5738, -0.4741,
         -0.4894, -0.4378, -0.5284,  0.4625, -0.4919,  0.5627,  0.4983, -0.4371]],
       device='cuda:0', requires_grad=True)

Parameter name: linear_0.weight
Shape: torch.Size([32, 39])
Values: Parameter containing:
tensor([[ 0.0239, -0.1075,  0.2836,  ...,  0.0370, -0.1409, -0.1137],
        [ 0.0046, -0.1084, -0.1099,  ..., -0.0255, -0.1385,  0.0871],
        [-0.1225,  0.0886,  0.3352,  ...,  0.1516,  0.0498,  0.0345],
        ...,
        [ 0.0727, -0.1041, -0.0774,  ..., -0.1147, -0.0717, -0.1180],
        [-0.0337, -0.1153,  0.2202,  ..., -0.1376, -0.0654,  0.1557],
        [-0.1936,  0.1185,  0.0574,  ..., -0.0287, -0.1627, -0.0509]],
       device='cuda:0', requires_grad=True)

Parameter name: linear_0.bias
Shape: torch.Size([32])
Values: Parameter containing:
tensor([ 0.0759,  0.0849, -0.1270, -0.0883, -0.0239, -0.0041, -0.1402,  0.0793,
        -0.0600,  0.1189,  0.0621, -0.0600, -0.0024,  0.0758, -0.0963, -0.0553,
         0.1027, -0.1174, -0.0314,  0.0061, -0.0939,  0.0718,  0.0491, -0.0336,
        -0.0555,  0.0557, -0.0093, -0.1577,  0.0862,  0.1556,  0.1064, -0.1069],
       device='cuda:0', requires_grad=True)

Parameter name: linear_1.weight
Shape: torch.Size([32, 32])
Values: Parameter containing:
tensor([[ 0.1839, -0.0721, -0.1075,  ..., -0.0225, -0.1247,  0.1622],
        [-0.0758,  0.0905,  0.0694,  ...,  0.0613, -0.1206,  0.1587],
        [ 0.0018, -0.1680, -0.1301,  ..., -0.0531,  0.1049,  0.0649],
        ...,
        [ 0.0035, -0.0133,  0.1061,  ...,  0.1474, -0.1143,  0.1562],
        [ 0.1194, -0.0199,  0.0254,  ...,  0.1479,  0.1155, -0.0494],
        [ 0.1208, -0.0119,  0.1949,  ...,  0.1547,  0.0429,  0.0534]],
       device='cuda:0', requires_grad=True)

Parameter name: linear_1.bias
Shape: torch.Size([32])
Values: Parameter containing:
tensor([ 0.0401,  0.0717,  0.0338, -0.0137, -0.0797, -0.0768,  0.0217, -0.1321,
         0.0721, -0.0943,  0.1865, -0.1850,  0.1161,  0.0456, -0.1974,  0.0208,
        -0.0818, -0.1062, -0.0338, -0.0818,  0.0732,  0.1706, -0.1320,  0.1414,
        -0.1302, -0.0670,  0.1483, -0.1077, -0.0565, -0.0070,  0.0363, -0.0392],
       device='cuda:0', requires_grad=True)

Parameter name: linear_2.weight
Shape: torch.Size([1, 32])
Values: Parameter containing:
tensor([[ 0.1520,  0.0493, -0.1933, -0.1189,  0.0209, -0.0167, -0.0700,  0.0833,
          0.0459, -0.0806, -0.0721,  0.0856,  0.0401, -0.0155,  0.1225,  0.0176,
         -0.1352, -0.1834,  0.0075,  0.0825, -0.1061, -0.1111, -0.0994, -0.0002,
          0.1297,  0.1596, -0.1649,  0.1526, -0.0678, -0.1689,  0.1338,  0.1744]],
       device='cuda:0', requires_grad=True)

Parameter name: linear_2.bias
Shape: torch.Size([1])
Values: Parameter containing:
tensor([-0.0425], device='cuda:0', requires_grad=True)

