Parameter name: road_linear_0.weight
Shape: torch.Size([32, 16])
Values: Parameter containing:
tensor([[ 0.0976, -0.0610, -0.1214, -0.4383, -0.0522, -0.3606,  0.4723, -0.3371,
          0.2930, -0.2235, -0.0697,  0.4252, -0.3197, -0.4855,  0.0136, -0.0740],
        [ 0.1571, -0.5533, -0.2146, -0.4509, -0.2776, -0.2905,  0.3486, -0.1538,
          0.5282, -0.3644, -0.0985,  0.3287, -0.0298, -0.1864,  0.0519, -0.2094],
        [ 0.0891, -0.1801, -0.0461, -0.1717,  0.0568, -0.4669,  0.4642, -0.3749,
          0.4883, -0.1613, -0.1680,  0.1122,  0.0806, -0.0534,  0.0238, -0.1549],
        [-0.0910,  0.2901,  0.1916,  0.3462,  0.1791,  0.3078, -0.3091,  0.2255,
         -0.5265,  0.0716,  0.1487, -0.2065,  0.2818, -0.0013,  0.1189,  0.2750],
        [ 0.2801, -0.1455, -0.2832, -0.4571, -0.1046, -0.4435,  0.2169, -0.0107,
          0.2741, -0.1936, -0.0560,  0.4240, -0.0510, -0.3819, -0.0638, -0.2929],
        [ 0.4214, -0.0628, -0.4673, -0.0414,  0.0790, -0.5588,  0.4510, -0.3286,
          0.3879, -0.2858, -0.4888,  0.5075, -0.2953, -0.0168,  0.0805, -0.2121],
        [-0.0820,  0.3195,  0.5070,  0.2498,  0.0838,  0.1616, -0.3718,  0.0268,
         -0.3951,  0.4434,  0.1868, -0.5094,  0.0047,  0.3640, -0.1292,  0.3010],
        [-0.4842,  0.5448,  0.4902,  0.0705, -0.1204,  0.2099, -0.3060,  0.0129,
         -0.3648,  0.2561,  0.2877, -0.5337,  0.3438,  0.0858,  0.1453,  0.5107],
        [-0.2348,  0.5072,  0.4120,  0.1710,  0.2167,  0.1793, -0.3683,  0.2368,
         -0.1159,  0.1807,  0.1220, -0.5183, -0.0685,  0.3388,  0.0503,  0.2075],
        [ 0.1170, -0.3148, -0.2095, -0.4578, -0.1906, -0.3853,  0.2239, -0.0742,
          0.3968, -0.4983, -0.0603,  0.5843, -0.2900, -0.2271, -0.1386, -0.3278],
        [ 0.0421, -0.1256, -0.1741, -0.4705, -0.2731, -0.1253,  0.3926, -0.1952,
          0.4580, -0.2401, -0.1363,  0.5972, -0.1986, -0.0107, -0.3244, -0.4554],
        [ 0.1483, -0.3764, -0.1491, -0.3357, -0.0838, -0.4066,  0.5441, -0.1571,
          0.3044, -0.1344, -0.0219,  0.6343, -0.3822, -0.4033, -0.2468, -0.3443],
        [-0.1413,  0.3387,  0.2620,  0.2855,  0.0854,  0.4228, -0.2482,  0.0046,
         -0.4328,  0.3975,  0.0601, -0.5905, -0.0066,  0.2899,  0.0300,  0.1811],
        [-0.1912,  0.5697,  0.4864,  0.4202, -0.0651,  0.4721, -0.2462,  0.2077,
         -0.3683,  0.3142,  0.1118, -0.4644,  0.1845,  0.2287, -0.0726,  0.3813],
        [-0.3285,  0.0998,  0.3707, -0.0488,  0.2694,  0.5077, -0.3756,  0.0281,
         -0.3636,  0.2390,  0.1723, -0.4425,  0.1951,  0.1750,  0.0361,  0.2603],
        [-0.4799,  0.1543,  0.3270,  0.5165, -0.0352,  0.5417, -0.3517,  0.0495,
         -0.3058,  0.4422,  0.2816, -0.1933,  0.1691,  0.0963,  0.3938,  0.2350],
        [-0.0764,  0.4819,  0.3216,  0.0736, -0.1395,  0.4248, -0.3170,  0.2491,
         -0.5230,  0.2816,  0.4471, -0.2673,  0.4260,  0.4547,  0.1150,  0.1176],
        [ 0.0986, -0.2245, -0.3789, -0.2620, -0.0382, -0.2009,  0.5006,  0.0140,
          0.3108, -0.1708, -0.3379,  0.3049, -0.2450, -0.4071,  0.0750, -0.3386],
        [-0.1591,  0.3037,  0.2810,  0.1062,  0.0252,  0.0792, -0.4668,  0.2674,
         -0.4826,  0.3274,  0.2046, -0.6115,  0.2325,  0.3356,  0.3146,  0.3327],
        [ 0.3743, -0.2910, -0.1883, -0.1257, -0.2363, -0.3683,  0.1470,  0.0960,
          0.3432, -0.3702, -0.2105,  0.4174, -0.3712, -0.2063, -0.0007, -0.2547],
        [ 0.1970, -0.1184, -0.1660, -0.4994,  0.0331, -0.5534,  0.5096,  0.0796,
          0.3304, -0.4118, -0.3810,  0.2981, -0.2608, -0.3771,  0.0978, -0.3953],
        [ 0.3573, -0.5733, -0.1618, -0.0611, -0.2983, -0.4285,  0.4364, -0.3813,
          0.1489, -0.2337, -0.0169,  0.3387, -0.2211, -0.5113, -0.4298, -0.0850],
        [-0.0741,  0.2284,  0.1807,  0.2655,  0.2074,  0.0688, -0.5130,  0.0312,
         -0.4111,  0.3132,  0.3907, -0.3593,  0.0121,  0.4945,  0.3439,  0.3727],
        [-0.0938,  0.4201,  0.4880,  0.0243, -0.0526,  0.3120, -0.4170, -0.0333,
         -0.5403,  0.1243,  0.1938, -0.1878,  0.3687,  0.3381,  0.0138,  0.1927],
        [-0.1543,  0.0957,  0.2649,  0.3329,  0.3511,  0.1975, -0.1280,  0.1149,
         -0.4795,  0.5473,  0.4424, -0.5830,  0.0608,  0.3769,  0.0447,  0.4549],
        [-0.3599,  0.2413,  0.2129,  0.5079,  0.0178,  0.3164, -0.2145, -0.0268,
         -0.3050,  0.1264,  0.0059, -0.4625,  0.2367,  0.4843, -0.0833,  0.2292],
        [-0.2124,  0.3422,  0.4066,  0.0843, -0.0195,  0.2083, -0.5785,  0.1903,
         -0.5352,  0.4523,  0.1350, -0.4567,  0.3141,  0.4522,  0.3101,  0.4364],
        [ 0.0421, -0.2721, -0.1067, -0.2136,  0.0504, -0.5044,  0.5753, -0.1723,
          0.0938, -0.3859, -0.0290,  0.3245, -0.2350, -0.3680, -0.3778, -0.2611],
        [-0.0324,  0.3711,  0.2719,  0.2803, -0.0730,  0.2251, -0.3616, -0.0626,
         -0.1789,  0.3539,  0.2557, -0.4191,  0.4037,  0.4870,  0.3137,  0.4234],
        [ 0.1889, -0.1635, -0.4483, -0.1722, -0.2350, -0.2803,  0.5572,  0.0421,
          0.5233, -0.2371, -0.0456,  0.4963, -0.0653, -0.1341, -0.0364, -0.3924],
        [ 0.1044, -0.3779, -0.1649, -0.4088, -0.0120, -0.1219,  0.5688, -0.2926,
          0.3665, -0.1510, -0.4541,  0.5576, -0.3547, -0.4335, -0.2551, -0.3819],
        [-0.2894,  0.3859,  0.3830,  0.3452,  0.2461,  0.1590, -0.5879, -0.1058,
         -0.4014,  0.1818,  0.3106, -0.5587, -0.0043,  0.3629, -0.0085,  0.3336]],
       device='cuda:0', requires_grad=True)

Parameter name: road_linear_0.bias
Shape: torch.Size([32])
Values: Parameter containing:
tensor([-0.0631,  0.1110,  0.1172, -0.1346, -0.0178,  0.0075, -0.0429,  0.0961,
        -0.0256,  0.0913,  0.1605,  0.0506, -0.0360, -0.0270, -0.0046, -0.0145,
        -0.2260,  0.0413, -0.1170, -0.0664,  0.0737,  0.0331, -0.2681, -0.0578,
        -0.2623,  0.2035, -0.0670,  0.0780, -0.1284, -0.0050,  0.1839, -0.0739],
       device='cuda:0', requires_grad=True)

Parameter name: road_linear_1.weight
Shape: torch.Size([1, 32])
Values: Parameter containing:
tensor([[ 0.3188,  0.4566,  0.2546, -0.3360,  0.3399,  0.4805, -0.3775, -0.5151,
         -0.3465,  0.4921,  0.4128,  0.5359, -0.4356, -0.5321, -0.3183, -0.4236,
         -0.4337,  0.3335, -0.3715,  0.3077,  0.4720,  0.4888, -0.5111, -0.4003,
         -0.4312, -0.3718, -0.4691,  0.3506, -0.4180,  0.4932,  0.4369, -0.3763]],
       device='cuda:0', requires_grad=True)

Parameter name: linear_0.weight
Shape: torch.Size([32, 39])
Values: Parameter containing:
tensor([[ 0.0582, -0.1318,  0.2248,  ...,  0.0370, -0.1423, -0.1137],
        [-0.0456, -0.0891, -0.0920,  ..., -0.0255, -0.1462,  0.0871],
        [-0.0863,  0.0303,  0.3243,  ...,  0.1516,  0.0510,  0.0345],
        ...,
        [ 0.0767, -0.0848, -0.1176,  ..., -0.1147, -0.0549, -0.1180],
        [ 0.0039, -0.1361,  0.1881,  ..., -0.1376, -0.0604,  0.1557],
        [-0.1438,  0.0887,  0.0911,  ..., -0.0287, -0.1688, -0.0509]],
       device='cuda:0', requires_grad=True)

Parameter name: linear_0.bias
Shape: torch.Size([32])
Values: Parameter containing:
tensor([ 0.0744,  0.0772, -0.1258, -0.0911, -0.0231,  0.0010, -0.1212,  0.0787,
        -0.0583,  0.1204,  0.0594, -0.0520, -0.0035,  0.0689, -0.1069, -0.0574,
         0.0987, -0.1109, -0.0305,  0.0035, -0.1060,  0.0698,  0.0509, -0.0437,
        -0.0593,  0.0625, -0.0106, -0.1531,  0.0728,  0.1724,  0.1114, -0.1129],
       device='cuda:0', requires_grad=True)

Parameter name: linear_1.weight
Shape: torch.Size([32, 32])
Values: Parameter containing:
tensor([[ 0.1803, -0.0718, -0.1117,  ..., -0.0251, -0.1210,  0.1521],
        [-0.0785,  0.0916,  0.0649,  ...,  0.0596, -0.1184,  0.1478],
        [ 0.0051, -0.1664, -0.1248,  ..., -0.0530,  0.1017,  0.0765],
        ...,
        [ 0.0046, -0.0126,  0.1113,  ...,  0.1470, -0.1172,  0.1687],
        [ 0.1153, -0.0185,  0.0184,  ...,  0.1469,  0.1176, -0.0669],
        [ 0.1193, -0.0132,  0.1919,  ...,  0.1525,  0.0487,  0.0420]],
       device='cuda:0', requires_grad=True)

Parameter name: linear_1.bias
Shape: torch.Size([32])
Values: Parameter containing:
tensor([ 0.0433,  0.0753,  0.0288, -0.0181, -0.0791, -0.0818,  0.0178, -0.1258,
         0.0772, -0.0994,  0.1790, -0.1817,  0.1196,  0.0416, -0.1927,  0.0245,
        -0.0880, -0.1111, -0.0230, -0.0775,  0.0695,  0.1652, -0.1362,  0.1461,
        -0.1248, -0.0614,  0.1423, -0.1020, -0.0611, -0.0125,  0.0423, -0.0356],
       device='cuda:0', requires_grad=True)

Parameter name: linear_2.weight
Shape: torch.Size([1, 32])
Values: Parameter containing:
tensor([[ 0.1400,  0.0494, -0.1879, -0.1100,  0.0218, -0.0384, -0.0618,  0.0892,
          0.0490, -0.0805, -0.0716,  0.0776,  0.0450, -0.0050,  0.1151,  0.0274,
         -0.1377, -0.1843,  0.0053,  0.0762, -0.0963, -0.1110, -0.1101,  0.0080,
          0.1245,  0.1600, -0.1618,  0.1476, -0.0705, -0.1639,  0.1300,  0.1658]],
       device='cuda:0', requires_grad=True)

Parameter name: linear_2.bias
Shape: torch.Size([1])
Values: Parameter containing:
tensor([-0.0367], device='cuda:0', requires_grad=True)

