Parameter name: road_linear_0.weight
Shape: torch.Size([32, 16])
Values: Parameter containing:
tensor([[-0.0666,  0.1564,  0.0815, -0.3035, -0.0883, -0.1023,  0.2347, -0.2731,
          0.1647, -0.0393,  0.0071,  0.1530, -0.2246, -0.3589,  0.0941,  0.1373],
        [ 0.0328, -0.3246, -0.0228, -0.3220, -0.2793, -0.0614,  0.1239, -0.0964,
          0.4062, -0.1963,  0.0010,  0.0818,  0.0525, -0.0696,  0.1624, -0.0249],
        [-0.0482,  0.0776,  0.1849, -0.0170,  0.0788, -0.2135,  0.1894, -0.2645,
          0.3144,  0.0476, -0.0370, -0.1751,  0.1840,  0.1073,  0.1936,  0.0641],
        [ 0.0611,  0.0159, -0.0262,  0.2071,  0.1675,  0.0858, -0.0636,  0.1377,
         -0.3870, -0.1084,  0.0435,  0.0541,  0.1926, -0.1334, -0.0317,  0.0559],
        [ 0.1604,  0.1132, -0.0749, -0.3218, -0.0864, -0.2117, -0.0231,  0.0680,
          0.1377, -0.0160,  0.0592,  0.1676,  0.0329, -0.2531,  0.0787, -0.0880],
        [ 0.3105,  0.1600, -0.2778,  0.0845,  0.0789, -0.2934,  0.2311, -0.2754,
          0.2655, -0.1144, -0.3728,  0.2481, -0.2163,  0.0991,  0.1866, -0.0224],
        [ 0.0577,  0.1152,  0.3022,  0.1167,  0.1312, -0.0748, -0.1372, -0.0337,
         -0.2643,  0.2560,  0.1063, -0.2147, -0.0864,  0.2393, -0.2129,  0.0678],
        [-0.3501,  0.3061,  0.2970, -0.0577, -0.1185, -0.0376, -0.0807, -0.0481,
         -0.2422,  0.0864,  0.1840, -0.2770,  0.2593, -0.0306,  0.0311,  0.3199],
        [-0.2104,  0.2406,  0.1723,  0.0111,  0.1574, -0.0913, -0.0750,  0.1245,
          0.0752, -0.0432, -0.0470, -0.2280, -0.1642,  0.1594, -0.1517, -0.0032],
        [ 0.0080, -0.0912, -0.0227, -0.3313, -0.1909, -0.1539,  0.0031, -0.0234,
          0.2766, -0.3324,  0.0434,  0.3402, -0.2126, -0.1131, -0.0285, -0.1491],
        [-0.1243,  0.1066,  0.0287, -0.3363, -0.2931,  0.1149,  0.1560, -0.1261,
          0.3323, -0.0633, -0.0526,  0.3363, -0.1046,  0.1115, -0.2232, -0.2539],
        [ 0.0591, -0.1592,  0.0345, -0.2096, -0.0855, -0.2074,  0.3209, -0.1089,
          0.1870,  0.0249,  0.0691,  0.4069, -0.3145, -0.2935, -0.1275, -0.1739],
        [ 0.0009,  0.1453,  0.0526,  0.1502,  0.1345,  0.1878, -0.0080, -0.0750,
         -0.2995,  0.2010, -0.0141, -0.2784, -0.1026,  0.1615, -0.0475, -0.0579],
        [-0.0999,  0.3329,  0.3004,  0.2960, -0.0735,  0.2383, -0.0294,  0.1590,
         -0.2477,  0.1498, -0.0019, -0.2178,  0.1119,  0.1163, -0.1940,  0.1997],
        [-0.1956, -0.1604,  0.1544, -0.1879,  0.2606,  0.2514, -0.1284, -0.0568,
         -0.2201,  0.0522,  0.0513, -0.1659,  0.1061,  0.0417, -0.1051,  0.0359],
        [-0.3469, -0.0780,  0.1273,  0.3842, -0.0366,  0.2818, -0.1179, -0.0288,
         -0.1778,  0.2651,  0.1735,  0.0688,  0.0810, -0.0268,  0.2828,  0.0377],
        [ 0.0214,  0.2480,  0.1319, -0.0535, -0.1360,  0.2133, -0.0971,  0.2123,
         -0.4026,  0.1164,  0.3480, -0.0250,  0.3536,  0.3409, -0.0037, -0.0643],
        [-0.0500,  0.0017, -0.1768, -0.1282, -0.0572,  0.0489,  0.2647,  0.0769,
          0.1813,  0.0095, -0.2458,  0.0392, -0.1536, -0.2814,  0.1717, -0.1341],
        [-0.0062,  0.0575,  0.0776, -0.0271,  0.0523, -0.1590, -0.2311,  0.2170,
         -0.3563,  0.1507,  0.1167, -0.3459,  0.1467,  0.2162,  0.1990,  0.1251],
        [ 0.2256, -0.0461,  0.0230,  0.0117, -0.2383, -0.1035, -0.0956,  0.1797,
          0.2043, -0.1842, -0.0977,  0.1416, -0.2784, -0.0745,  0.1170, -0.0331],
        [ 0.1058,  0.0763,  0.0177, -0.3729,  0.0310, -0.3111,  0.2906,  0.1294,
          0.2090, -0.2393, -0.2703,  0.0476, -0.1851, -0.2607,  0.1893, -0.2219],
        [ 0.2208, -0.3229,  0.0377,  0.0697, -0.2933, -0.1865,  0.2044, -0.3157,
          0.0230, -0.0614,  0.0903,  0.0819, -0.1355, -0.3922, -0.3004,  0.1079],
        [ 0.0600,  0.0076, -0.0080,  0.1390,  0.2269, -0.1680, -0.2943, -0.0118,
         -0.2935,  0.1446,  0.3013, -0.1035, -0.0721,  0.3808,  0.2509,  0.1876],
        [ 0.0438,  0.1956,  0.2937, -0.1061, -0.0419,  0.0995, -0.1879, -0.0901,
         -0.4183, -0.0443,  0.1094,  0.0555,  0.2823,  0.2186, -0.0881,  0.0073],
        [-0.1159, -0.1545,  0.0740,  0.2057,  0.3310,  0.0052,  0.0894,  0.0812,
         -0.3554,  0.3855,  0.3315, -0.3509,  0.0015,  0.2624, -0.1028,  0.2738],
        [-0.2105,  0.0190,  0.0168,  0.3764,  0.0275,  0.0800,  0.0167, -0.0930,
         -0.1803, -0.0481, -0.0843, -0.2102,  0.1458,  0.3609, -0.1773,  0.0367],
        [-0.0989,  0.1261,  0.2176, -0.0403,  0.0258,  0.0201, -0.3605,  0.1676,
         -0.4188,  0.2847,  0.0685, -0.1984,  0.2406,  0.3422,  0.2156,  0.2426],
        [-0.0636,  0.0065,  0.1263, -0.0659,  0.0783, -0.2433,  0.3053, -0.0699,
         -0.0661, -0.1836,  0.1087,  0.0389, -0.1459, -0.2190, -0.2011, -0.0360],
        [ 0.0821,  0.1297,  0.0740,  0.1488, -0.0754, -0.0009, -0.1295, -0.1243,
         -0.0522,  0.1832,  0.1526, -0.1708,  0.3249,  0.3678,  0.1865,  0.2311],
        [ 0.0340,  0.0344, -0.2533, -0.0433, -0.2791, -0.0252,  0.3321,  0.1003,
          0.4031, -0.0574,  0.0195,  0.2135,  0.0296, -0.0147,  0.0324, -0.1899],
        [-0.0197, -0.1650,  0.0225, -0.2816, -0.0409,  0.0917,  0.3453, -0.2590,
          0.2499,  0.0158, -0.3766,  0.3127, -0.2765, -0.3223, -0.1591, -0.2037],
        [-0.1805,  0.1466,  0.1836,  0.2135,  0.2538, -0.0742, -0.3554, -0.1615,
         -0.2732,  0.0070,  0.2071, -0.3000, -0.0815,  0.2432, -0.1304,  0.1337]],
       device='cuda:0', requires_grad=True)

Parameter name: road_linear_0.bias
Shape: torch.Size([32])
Values: Parameter containing:
tensor([-0.1781,  0.0997,  0.1582, -0.1519,  0.0476, -0.0128,  0.0502,  0.1364,
        -0.2428,  0.0969,  0.0696,  0.0777,  0.0690, -0.0686, -0.0166,  0.0303,
        -0.2510, -0.0362, -0.0637, -0.1333,  0.0592,  0.0252, -0.2089, -0.0129,
        -0.3593,  0.2784, -0.0249,  0.2154, -0.1529, -0.1308,  0.1481, -0.0801],
       device='cuda:0', requires_grad=True)

Parameter name: road_linear_1.weight
Shape: torch.Size([1, 32])
Values: Parameter containing:
tensor([[ 0.1481,  0.2715,  0.0376, -0.1370,  0.1494,  0.2879, -0.1924, -0.2860,
         -0.0347,  0.3040,  0.2026,  0.3297, -0.2250, -0.3332, -0.1148, -0.2127,
         -0.2618,  0.1603, -0.1724,  0.1248,  0.3063,  0.2305, -0.3266, -0.2220,
         -0.2738, -0.2007, -0.2833,  0.0792, -0.2152,  0.2945,  0.2525, -0.1911]],
       device='cuda:0', requires_grad=True)

Parameter name: linear_0.weight
Shape: torch.Size([32, 39])
Values: Parameter containing:
tensor([[ 0.0541, -0.0538,  0.1546,  ...,  0.0370, -0.1476, -0.1137],
        [-0.0467, -0.1103, -0.0343,  ..., -0.0255, -0.1455,  0.0871],
        [-0.0898,  0.0702,  0.2497,  ...,  0.1516,  0.0471,  0.0345],
        ...,
        [ 0.0808, -0.0883, -0.0832,  ..., -0.1147, -0.0548, -0.1180],
        [ 0.0042, -0.1137,  0.1226,  ..., -0.1376, -0.0616,  0.1557],
        [-0.1452,  0.0868,  0.0962,  ..., -0.0287, -0.1686, -0.0509]],
       device='cuda:0', requires_grad=True)

Parameter name: linear_0.bias
Shape: torch.Size([32])
Values: Parameter containing:
tensor([ 0.0691,  0.0779, -0.1297, -0.0887, -0.0224, -0.0013, -0.1223,  0.0816,
        -0.0577,  0.1208,  0.0619, -0.0538, -0.0122,  0.0701, -0.1061, -0.0554,
         0.0996, -0.1144, -0.0261,  0.0069, -0.1037,  0.0722,  0.0500, -0.0424,
        -0.0515,  0.0563, -0.0104, -0.1540,  0.0746,  0.1726,  0.1102, -0.1128],
       device='cuda:0', requires_grad=True)

Parameter name: linear_1.weight
Shape: torch.Size([32, 32])
Values: Parameter containing:
tensor([[ 0.1793, -0.0732, -0.1123,  ..., -0.0280, -0.1204,  0.1511],
        [-0.0792,  0.0909,  0.0640,  ...,  0.0568, -0.1183,  0.1471],
        [ 0.0061, -0.1644, -0.1245,  ..., -0.0490,  0.1007,  0.0778],
        ...,
        [ 0.0057, -0.0119,  0.1127,  ...,  0.1494, -0.1169,  0.1697],
        [ 0.1144, -0.0202,  0.0176,  ...,  0.1426,  0.1181, -0.0684],
        [ 0.1183, -0.0148,  0.1915,  ...,  0.1487,  0.0496,  0.0408]],
       device='cuda:0', requires_grad=True)

Parameter name: linear_1.bias
Shape: torch.Size([32])
Values: Parameter containing:
tensor([ 0.0428,  0.0753,  0.0297, -0.0177, -0.0801, -0.0779,  0.0186, -0.1268,
         0.0771, -0.0990,  0.1803, -0.1831,  0.1193,  0.0405, -0.1935,  0.0247,
        -0.0878, -0.1108, -0.0243, -0.0784,  0.0699,  0.1662, -0.1362,  0.1469,
        -0.1249, -0.0617,  0.1428, -0.1021, -0.0610, -0.0126,  0.0417, -0.0363],
       device='cuda:0', requires_grad=True)

Parameter name: linear_2.weight
Shape: torch.Size([1, 32])
Values: Parameter containing:
tensor([[ 0.1397,  0.0530, -0.1868, -0.1061,  0.0287, -0.0183, -0.0621,  0.0878,
          0.0491, -0.0809, -0.0719,  0.0763,  0.0465,  0.0030,  0.1153,  0.0330,
         -0.1401, -0.1854, -0.0033,  0.0761, -0.0978, -0.1093, -0.1081,  0.0078,
          0.1281,  0.1620, -0.1627,  0.1502, -0.0753, -0.1664,  0.1295,  0.1656]],
       device='cuda:0', requires_grad=True)

Parameter name: linear_2.bias
Shape: torch.Size([1])
Values: Parameter containing:
tensor([-0.0371], device='cuda:0', requires_grad=True)

