Parameter name: road_linear_0.weight
Shape: torch.Size([32, 16])
Values: Parameter containing:
tensor([[ 1.1862e-01, -1.2875e-01, -1.7998e-01, -4.4852e-01, -9.9760e-02,
         -4.7958e-01,  5.1274e-01, -4.0911e-01,  3.3964e-01, -2.7254e-01,
         -1.6573e-01,  4.6429e-01, -3.8526e-01, -5.2836e-01,  1.5848e-02,
         -1.1783e-01],
        [ 1.6484e-01, -6.1450e-01, -2.6712e-01, -4.6061e-01, -3.2123e-01,
         -3.8561e-01,  3.8399e-01, -2.0927e-01,  5.6372e-01, -4.0539e-01,
         -1.6949e-01,  3.6071e-01, -9.0412e-02, -2.1960e-01,  4.7057e-02,
         -2.4020e-01],
        [ 9.0848e-02, -2.8135e-01, -1.5599e-01, -2.0129e-01, -3.8953e-02,
         -6.2301e-01,  5.4366e-01, -4.5331e-01,  5.8308e-01, -2.6222e-01,
         -3.0310e-01,  1.7986e-01, -4.6119e-02, -1.3415e-01, -6.5185e-03,
         -2.0806e-01],
        [-9.9237e-02,  3.6994e-01,  2.6603e-01,  3.6155e-01,  2.4513e-01,
          4.1315e-01, -3.5821e-01,  2.9076e-01, -5.7554e-01,  1.2778e-01,
          2.2515e-01, -2.4767e-01,  3.7110e-01,  4.2143e-02,  1.3746e-01,
          3.1228e-01],
        [ 3.0222e-01, -2.1545e-01, -3.4670e-01, -4.7002e-01, -1.5343e-01,
         -5.4360e-01,  2.6113e-01, -7.6648e-02,  3.1874e-01, -2.4064e-01,
         -1.2918e-01,  4.6055e-01, -1.3155e-01, -4.2308e-01, -7.0731e-02,
         -3.2901e-01],
        [ 4.2049e-01, -1.2844e-01, -5.2131e-01, -5.0559e-02,  2.5310e-02,
         -6.6707e-01,  4.8504e-01, -3.8112e-01,  4.2281e-01, -3.3166e-01,
         -5.7374e-01,  5.4349e-01, -3.4879e-01, -4.9174e-02,  7.1699e-02,
         -2.4572e-01],
        [-9.7136e-02,  3.8385e-01,  5.6441e-01,  2.6008e-01,  1.3381e-01,
          2.8255e-01, -4.1073e-01,  1.0185e-01, -4.4167e-01,  4.9347e-01,
          2.9863e-01, -5.5038e-01,  6.2609e-02,  4.0793e-01, -1.3272e-01,
          3.4741e-01],
        [-5.0517e-01,  6.0865e-01,  5.4233e-01,  7.8868e-02, -8.2344e-02,
          3.1460e-01, -3.4158e-01,  7.4343e-02, -4.0001e-01,  2.9536e-01,
          3.6119e-01, -5.6556e-01,  4.0622e-01,  1.1991e-01,  1.4621e-01,
          5.4282e-01],
        [-2.6486e-01,  6.0187e-01,  5.1479e-01,  1.9375e-01,  2.8407e-01,
          3.3693e-01, -4.4904e-01,  3.2597e-01, -2.1643e-01,  2.7141e-01,
          2.4949e-01, -5.7765e-01,  7.8057e-02,  4.3100e-01,  6.0228e-02,
          2.5719e-01],
        [ 1.3377e-01, -3.7129e-01, -2.5555e-01, -4.6432e-01, -2.2387e-01,
         -4.7513e-01,  2.5515e-01, -1.3174e-01,  4.2924e-01, -5.3265e-01,
         -1.2653e-01,  6.1203e-01, -3.4603e-01, -2.5799e-01, -1.3688e-01,
         -3.5725e-01],
        [ 5.8094e-02, -1.9118e-01, -2.3117e-01, -4.8074e-01, -3.1756e-01,
         -2.3543e-01,  4.3263e-01, -2.5815e-01,  4.9825e-01, -2.8489e-01,
         -2.1404e-01,  6.3134e-01, -2.6651e-01, -4.7479e-02, -3.2781e-01,
         -4.8835e-01],
        [ 1.6161e-01, -4.3219e-01, -1.9529e-01, -3.4164e-01, -1.1650e-01,
         -4.8395e-01,  5.7547e-01, -2.1036e-01,  3.3510e-01, -1.6741e-01,
         -7.5772e-02,  6.5957e-01, -4.4073e-01, -4.3143e-01, -2.4845e-01,
         -3.6995e-01],
        [-1.5846e-01,  4.0442e-01,  3.2001e-01,  2.9564e-01,  1.3580e-01,
          5.5425e-01, -2.8840e-01,  8.2388e-02, -4.7746e-01,  4.4811e-01,
          1.8257e-01, -6.3216e-01,  4.9694e-02,  3.3200e-01,  2.9076e-02,
          2.2654e-01],
        [-2.0199e-01,  6.3042e-01,  5.3526e-01,  4.2755e-01, -2.5998e-02,
          5.6323e-01, -2.7788e-01,  2.6250e-01, -4.0049e-01,  3.5105e-01,
          1.7928e-01, -4.9426e-01,  2.4042e-01,  2.5952e-01, -7.0051e-02,
          4.1104e-01],
        [-3.4798e-01,  1.7569e-01,  4.4055e-01, -3.6172e-02,  3.2699e-01,
          6.2733e-01, -4.2362e-01,  1.0293e-01, -4.1676e-01,  2.9384e-01,
          2.6490e-01, -4.8376e-01,  2.8041e-01,  2.2292e-01,  4.3201e-02,
          3.0157e-01],
        [-5.0277e-01,  2.1706e-01,  3.7859e-01,  5.2447e-01,  1.9129e-03,
          6.5037e-01, -3.8859e-01,  1.0995e-01, -3.4036e-01,  4.8109e-01,
          3.5267e-01, -2.2386e-01,  2.3122e-01,  1.2810e-01,  3.9643e-01,
          2.6488e-01],
        [-5.7029e-02,  5.5055e-01,  3.7986e-01,  8.2746e-02, -7.8525e-02,
          5.1215e-01, -3.5020e-01,  2.9679e-01, -5.6068e-01,  3.2980e-01,
          5.2327e-01, -3.0299e-01,  4.8361e-01,  4.8848e-01,  1.2883e-01,
          1.5086e-01],
        [ 1.0943e-01, -2.9311e-01, -4.3986e-01, -2.7383e-01, -9.1709e-02,
         -3.1464e-01,  5.4168e-01, -5.0817e-02,  3.5731e-01, -2.2224e-01,
         -4.3140e-01,  3.4486e-01, -3.1215e-01, -4.4974e-01,  7.1789e-02,
         -3.7994e-01],
        [-1.6396e-01,  3.7238e-01,  3.4128e-01,  1.1574e-01,  7.6775e-02,
          1.8708e-01, -5.0576e-01,  3.3194e-01, -5.2836e-01,  3.7671e-01,
          2.9270e-01, -6.4825e-01,  3.0201e-01,  3.7715e-01,  3.1759e-01,
          3.6988e-01],
        [ 4.0074e-01, -3.6290e-01, -2.5333e-01, -1.3803e-01, -2.8781e-01,
         -4.8976e-01,  1.9282e-01,  1.7699e-02,  3.9459e-01, -4.2137e-01,
         -3.0659e-01,  4.5786e-01, -4.5026e-01, -2.5377e-01, -1.4849e-03,
         -2.9782e-01],
        [ 1.9998e-01, -1.7388e-01, -2.1280e-01, -5.0754e-01, -9.5371e-03,
         -6.4954e-01,  5.4056e-01,  2.8228e-02,  3.6400e-01, -4.5284e-01,
         -4.6245e-01,  3.3050e-01, -3.0708e-01, -4.0822e-01,  9.5692e-02,
         -4.2733e-01],
        [ 3.7595e-01, -6.4342e-01, -2.1882e-01, -6.7808e-02, -3.4100e-01,
         -5.3483e-01,  4.7420e-01, -4.4115e-01,  1.8333e-01, -2.7426e-01,
         -8.4502e-02,  3.6931e-01, -2.9122e-01, -5.4354e-01, -4.3813e-01,
         -1.1243e-01],
        [-6.8718e-02,  2.9148e-01,  2.3355e-01,  2.7511e-01,  2.5948e-01,
          1.7131e-01, -5.4625e-01,  7.9986e-02, -4.4536e-01,  3.5779e-01,
          4.7229e-01, -3.9389e-01,  6.4016e-02,  5.2631e-01,  3.5206e-01,
          4.0367e-01],
        [-1.0305e-01,  4.8650e-01,  5.4537e-01,  3.4608e-02, -3.8569e-03,
          4.0588e-01, -4.5465e-01,  2.4079e-02, -5.7902e-01,  1.6868e-01,
          2.6472e-01, -2.2230e-01,  4.3429e-01,  3.7401e-01,  2.0416e-02,
          2.2779e-01],
        [-1.3763e-01,  1.5676e-01,  3.2087e-01,  3.4386e-01,  4.0478e-01,
          2.6903e-01, -1.6154e-01,  1.6395e-01, -5.1863e-01,  5.9124e-01,
          5.0851e-01, -6.1558e-01,  1.2424e-01,  4.1319e-01,  5.2367e-02,
          4.8591e-01],
        [-3.8761e-01,  3.0407e-01,  2.6703e-01,  5.1877e-01,  5.6577e-02,
          4.1825e-01, -2.5315e-01,  3.8794e-02, -3.4464e-01,  1.6778e-01,
          8.0906e-02, -4.9694e-01,  3.0190e-01,  5.2237e-01, -8.5333e-02,
          2.6695e-01],
        [-2.1861e-01,  4.0106e-01,  4.5467e-01,  8.8991e-02,  1.9425e-02,
          2.9415e-01, -6.0742e-01,  2.4958e-01, -5.7144e-01,  4.9078e-01,
          2.0958e-01, -4.8694e-01,  3.6317e-01,  4.8656e-01,  3.0607e-01,
          4.7120e-01],
        [ 8.1063e-02, -3.5293e-01, -1.8293e-01, -2.2463e-01, -2.0311e-04,
         -6.2936e-01,  6.3027e-01, -2.5275e-01,  1.5398e-01, -4.4287e-01,
         -1.1834e-01,  3.6531e-01, -3.4005e-01, -4.2260e-01, -3.8373e-01,
         -3.0146e-01],
        [-4.7535e-02,  4.3594e-01,  3.2664e-01,  2.8833e-01, -3.1226e-02,
          3.1829e-01, -3.9804e-01, -9.6623e-05, -2.1734e-01,  3.9451e-01,
          3.2468e-01, -4.5052e-01,  4.7164e-01,  5.2246e-01,  3.1657e-01,
          4.5649e-01],
        [ 2.0787e-01, -2.2383e-01, -4.9788e-01, -1.8010e-01, -2.7344e-01,
         -4.0383e-01,  5.9145e-01, -2.2500e-02,  5.5894e-01, -2.7813e-01,
         -1.4201e-01,  5.3108e-01, -1.1605e-01, -1.6866e-01, -3.3560e-02,
         -4.2963e-01],
        [ 9.8274e-02, -4.3969e-01, -2.1784e-01, -4.1684e-01, -6.0815e-02,
         -2.1546e-01,  6.0185e-01, -3.4266e-01,  4.0450e-01, -1.9662e-01,
         -5.3204e-01,  5.9100e-01, -4.1077e-01, -4.6773e-01, -2.5974e-01,
         -4.1330e-01],
        [-2.9628e-01,  4.4806e-01,  4.3827e-01,  3.5494e-01,  2.9119e-01,
          2.5696e-01, -6.2501e-01, -4.4058e-02, -4.4425e-01,  2.2684e-01,
          3.9116e-01, -5.9285e-01,  6.0544e-02,  4.0198e-01, -8.0064e-03,
          3.6850e-01]], device='cuda:0', requires_grad=True)

Parameter name: road_linear_0.bias
Shape: torch.Size([32])
Values: Parameter containing:
tensor([-0.0432,  0.1048,  0.0707, -0.1170, -0.0117, -0.0113, -0.0553,  0.0782,
        -0.0301,  0.1028,  0.1682,  0.0560, -0.0519, -0.0274, -0.0075, -0.0316,
        -0.1817,  0.0427, -0.1077, -0.0443,  0.0654,  0.0391, -0.2420, -0.0563,
        -0.2249,  0.1734, -0.0674,  0.1041, -0.1335,  0.0158,  0.1614, -0.0675],
       device='cuda:0', requires_grad=True)

Parameter name: road_linear_1.weight
Shape: torch.Size([1, 32])
Values: Parameter containing:
tensor([[ 0.3786,  0.5145,  0.3702, -0.4205,  0.4054,  0.5484, -0.4376, -0.5873,
         -0.4761,  0.5480,  0.4768,  0.5930, -0.5057, -0.5930, -0.4005, -0.4902,
         -0.4939,  0.3951, -0.4318,  0.3866,  0.5223,  0.5755, -0.5651, -0.4650,
         -0.4809, -0.4286, -0.5207,  0.4452, -0.4821,  0.5533,  0.4902, -0.4288]],
       device='cuda:0', requires_grad=True)

Parameter name: linear_0.weight
Shape: torch.Size([32, 39])
Values: Parameter containing:
tensor([[ 0.0396, -0.1299,  0.2654,  ...,  0.0370, -0.1392, -0.1137],
        [-0.0198, -0.0965, -0.1070,  ..., -0.0255, -0.1444,  0.0871],
        [-0.1077,  0.0541,  0.3399,  ...,  0.1516,  0.0513,  0.0345],
        ...,
        [ 0.0813, -0.1005, -0.0606,  ..., -0.1147, -0.0594, -0.1180],
        [-0.0190, -0.1280,  0.2111,  ..., -0.1376, -0.0630,  0.1557],
        [-0.1651,  0.1028,  0.0521,  ..., -0.0287, -0.1661, -0.0509]],
       device='cuda:0', requires_grad=True)

Parameter name: linear_0.bias
Shape: torch.Size([32])
Values: Parameter containing:
tensor([ 0.0775,  0.0790, -0.1255, -0.0892, -0.0253, -0.0017, -0.1318,  0.0805,
        -0.0576,  0.1187,  0.0598, -0.0541, -0.0018,  0.0736, -0.0996, -0.0559,
         0.0992, -0.1129, -0.0310,  0.0051, -0.0992,  0.0712,  0.0517, -0.0396,
        -0.0579,  0.0594, -0.0089, -0.1560,  0.0778,  0.1680,  0.1089, -0.1102],
       device='cuda:0', requires_grad=True)

Parameter name: linear_1.weight
Shape: torch.Size([32, 32])
Values: Parameter containing:
tensor([[ 0.1840, -0.0723, -0.1088,  ..., -0.0232, -0.1225,  0.1588],
        [-0.0760,  0.0914,  0.0677,  ...,  0.0603, -0.1193,  0.1546],
        [ 0.0007, -0.1663, -0.1286,  ..., -0.0537,  0.1028,  0.0685],
        ...,
        [ 0.0023, -0.0129,  0.1087,  ...,  0.1465, -0.1156,  0.1619],
        [ 0.1198, -0.0190,  0.0229,  ...,  0.1473,  0.1169, -0.0559],
        [ 0.1226, -0.0131,  0.1939,  ...,  0.1549,  0.0459,  0.0489]],
       device='cuda:0', requires_grad=True)

Parameter name: linear_1.bias
Shape: torch.Size([32])
Values: Parameter containing:
tensor([ 0.0425,  0.0740,  0.0305, -0.0165, -0.0800, -0.0763,  0.0189, -0.1287,
         0.0754, -0.0975,  0.1822, -0.1824,  0.1182,  0.0441, -0.1942,  0.0234,
        -0.0856, -0.1091, -0.0264, -0.0785,  0.0705,  0.1674, -0.1347,  0.1448,
        -0.1266, -0.0633,  0.1445, -0.1038, -0.0593, -0.0110,  0.0399, -0.0361],
       device='cuda:0', requires_grad=True)

Parameter name: linear_2.weight
Shape: torch.Size([1, 32])
Values: Parameter containing:
tensor([[ 0.1516,  0.0503, -0.1917, -0.1215,  0.0234, -0.0246, -0.0703,  0.0865,
          0.0489, -0.0822, -0.0724,  0.0830,  0.0447, -0.0410,  0.1210,  0.0220,
         -0.1366, -0.1866,  0.0172,  0.0807, -0.1023, -0.1113, -0.1088,  0.0041,
          0.1276,  0.1621, -0.1643,  0.1506, -0.0694, -0.1672,  0.1366,  0.1726]],
       device='cuda:0', requires_grad=True)

Parameter name: linear_2.bias
Shape: torch.Size([1])
Values: Parameter containing:
tensor([-0.0388], device='cuda:0', requires_grad=True)

