Parameter name: road_linear_0.weight
Shape: torch.Size([32, 16])
Values: Parameter containing:
tensor([[-0.0587,  0.1451,  0.0667, -0.3186, -0.0958, -0.1178,  0.2528, -0.2706,
          0.1806, -0.0550, -0.0066,  0.1710, -0.2348, -0.3735,  0.0933,  0.1237],
        [ 0.0386, -0.3382, -0.0381, -0.3376, -0.2879, -0.0775,  0.1428, -0.0945,
          0.4221, -0.2127, -0.0133,  0.1001,  0.0419, -0.0846,  0.1604, -0.0390],
        [-0.0430,  0.0717,  0.1755, -0.0271,  0.0758, -0.2212,  0.2024, -0.2629,
          0.3266,  0.0374, -0.0445, -0.1638,  0.1776,  0.0968,  0.1926,  0.0565],
        [ 0.0636,  0.0299, -0.0119,  0.2208,  0.1755,  0.1002, -0.0809,  0.1364,
         -0.4022, -0.0936,  0.0564,  0.0371,  0.1993, -0.1195, -0.0280,  0.0696],
        [ 0.1626,  0.1001, -0.0894, -0.3360, -0.0944, -0.2265, -0.0053,  0.0691,
          0.1531, -0.0313,  0.0459,  0.1849,  0.0243, -0.2675,  0.0759, -0.1013],
        [ 0.3237,  0.1508, -0.2933,  0.0684,  0.0719, -0.3071,  0.2501, -0.2726,
          0.2817, -0.1307, -0.3854,  0.2664, -0.2291,  0.0839,  0.1877, -0.0358],
        [ 0.0430,  0.1177,  0.3172,  0.1328,  0.1347, -0.0741, -0.1559, -0.0393,
         -0.2805,  0.2708,  0.1109, -0.2320, -0.0729,  0.2539, -0.2167,  0.0808],
        [-0.3637,  0.3168,  0.3125, -0.0417, -0.1111, -0.0242, -0.0997, -0.0502,
         -0.2582,  0.1024,  0.1961, -0.2948,  0.2723, -0.0156,  0.0306,  0.3333],
        [-0.2132,  0.2459,  0.1805,  0.0195,  0.1610, -0.0836, -0.0872,  0.1246,
          0.0638, -0.0332, -0.0395, -0.2378, -0.1587,  0.1704, -0.1506,  0.0033],
        [ 0.0153, -0.1045, -0.0381, -0.3471, -0.1994, -0.1700,  0.0221, -0.0213,
          0.2926, -0.3489,  0.0291,  0.3587, -0.2236, -0.1282, -0.0301, -0.1631],
        [-0.1172,  0.0941,  0.0134, -0.3516, -0.3012,  0.0994,  0.1745, -0.1243,
          0.3482, -0.0792, -0.0663,  0.3542, -0.1151,  0.0968, -0.2245, -0.2678],
        [ 0.0523, -0.1744,  0.0192, -0.2249, -0.0951, -0.2244,  0.3398, -0.1077,
          0.2028,  0.0084,  0.0538,  0.4252, -0.3213, -0.3084, -0.1319, -0.1884],
        [-0.0150,  0.1451,  0.0680,  0.1665,  0.1375,  0.1806, -0.0269, -0.0796,
         -0.3159,  0.2160, -0.0137, -0.2959, -0.0882,  0.1763, -0.0526, -0.0454],
        [-0.1108,  0.3450,  0.3158,  0.3120, -0.0658,  0.2523, -0.0484,  0.1563,
         -0.2637,  0.1661,  0.0110, -0.2361,  0.1240,  0.1313, -0.1936,  0.2135],
        [-0.2053, -0.1504,  0.1684, -0.1737,  0.2666,  0.2640, -0.1457, -0.0596,
         -0.2353,  0.0665,  0.0626, -0.1824,  0.1163,  0.0554, -0.1049,  0.0486],
        [-0.3566, -0.0665,  0.1427,  0.3996, -0.0284,  0.2973, -0.1365, -0.0296,
         -0.1938,  0.2812,  0.1872,  0.0508,  0.0924, -0.0118,  0.2834,  0.0514],
        [ 0.0182,  0.2625,  0.1466, -0.0379, -0.1279,  0.2283, -0.1159,  0.2087,
         -0.4184,  0.1327,  0.3618, -0.0433,  0.3626,  0.3556, -0.0008, -0.0502],
        [-0.0427, -0.0100, -0.1914, -0.1431, -0.0647,  0.0339,  0.2829,  0.0792,
          0.1971, -0.0061, -0.2591,  0.0570, -0.1639, -0.2960,  0.1705, -0.1476],
        [-0.0155,  0.0701,  0.0922, -0.0117,  0.0591, -0.1451, -0.2494,  0.2129,
         -0.3720,  0.1660,  0.1292, -0.3636,  0.1574,  0.2305,  0.2001,  0.1386],
        [ 0.2357, -0.0561,  0.0086, -0.0029, -0.2450, -0.1171, -0.0780,  0.1820,
          0.2199, -0.1991, -0.1098,  0.1587, -0.2890, -0.0887,  0.1170, -0.0462],
        [ 0.1130,  0.0646,  0.0023, -0.3887,  0.0224, -0.3281,  0.3097,  0.1311,
          0.2252, -0.2564, -0.2855,  0.0665, -0.1958, -0.2762,  0.1885, -0.2360],
        [ 0.2340, -0.3333,  0.0226,  0.0541, -0.3003, -0.1993,  0.2230, -0.3137,
          0.0388, -0.0769,  0.0785,  0.0990, -0.1482, -0.4069, -0.3001,  0.0951],
        [ 0.0484,  0.0189,  0.0073,  0.1552,  0.2340, -0.1548, -0.3134, -0.0154,
         -0.3095,  0.1608,  0.3136, -0.1219, -0.0598,  0.3958,  0.2508,  0.2012],
        [ 0.0450,  0.2100,  0.3086, -0.0913, -0.0331,  0.1157, -0.2064, -0.0915,
         -0.4340, -0.0282,  0.1239,  0.0376,  0.2905,  0.2333, -0.0846,  0.0212],
        [-0.1152, -0.1386,  0.0884,  0.2211,  0.3393,  0.0194,  0.0707,  0.0770,
         -0.3710,  0.4016,  0.3449, -0.3691,  0.0083,  0.2769, -0.0985,  0.2881],
        [-0.2148,  0.0318,  0.0319,  0.3914,  0.0361,  0.0961, -0.0018, -0.0939,
         -0.1961, -0.0320, -0.0700, -0.2281,  0.1556,  0.3758, -0.1752,  0.0505],
        [-0.1073,  0.1372,  0.2322, -0.0242,  0.0315,  0.0290, -0.3795,  0.1610,
         -0.4347,  0.3003,  0.0779, -0.2164,  0.2510,  0.3567,  0.2159,  0.2564],
        [-0.0592, -0.0027,  0.1141, -0.0780,  0.0727, -0.2550,  0.3212, -0.0690,
         -0.0520, -0.1968,  0.0978,  0.0534, -0.1536, -0.2321, -0.2028, -0.0465],
        [ 0.0817,  0.1440,  0.0891,  0.1639, -0.0666,  0.0152, -0.1479, -0.1258,
         -0.0680,  0.1992,  0.1670, -0.1888,  0.3337,  0.3825,  0.1896,  0.2453],
        [ 0.0491,  0.0288, -0.2690, -0.0597, -0.2846, -0.0311,  0.3512,  0.1040,
          0.4194, -0.0733,  0.0110,  0.2316,  0.0157, -0.0299,  0.0352, -0.2029],
        [-0.0166, -0.1792,  0.0076, -0.2972, -0.0491,  0.0754,  0.3642, -0.2556,
          0.2658, -0.0006, -0.3911,  0.3311, -0.2860, -0.3370, -0.1617, -0.2176],
        [-0.1841,  0.1607,  0.1984,  0.2287,  0.2620, -0.0586, -0.3739, -0.1644,
         -0.2890,  0.0230,  0.2210, -0.3183, -0.0722,  0.2578, -0.1280,  0.1480]],
       device='cuda:0', requires_grad=True)

Parameter name: road_linear_0.bias
Shape: torch.Size([32])
Values: Parameter containing:
tensor([-0.1852,  0.0859,  0.1568, -0.1378,  0.0327, -0.0046,  0.0380,  0.1286,
        -0.2402,  0.0859,  0.0558,  0.0590,  0.0540, -0.0688, -0.0150,  0.0350,
        -0.2417, -0.0448, -0.0575, -0.1325,  0.0558,  0.0328, -0.2115,  0.0045,
        -0.3497,  0.2942, -0.0259,  0.2080, -0.1355, -0.1178,  0.1342, -0.0683],
       device='cuda:0', requires_grad=True)

Parameter name: road_linear_1.weight
Shape: torch.Size([1, 32])
Values: Parameter containing:
tensor([[ 0.1637,  0.2882,  0.0476, -0.1520,  0.1649,  0.3037, -0.2090, -0.3038,
         -0.0458,  0.3209,  0.2202,  0.3473, -0.2420, -0.3502, -0.1300, -0.2298,
         -0.2777,  0.1762, -0.1895,  0.1395,  0.3225,  0.2475, -0.3438, -0.2382,
         -0.2894, -0.2162, -0.3005,  0.0959, -0.2323,  0.3120,  0.2696, -0.2083]],
       device='cuda:0', requires_grad=True)

Parameter name: linear_0.weight
Shape: torch.Size([32, 39])
Values: Parameter containing:
tensor([[ 0.0568, -0.0704,  0.1737,  ...,  0.0370, -0.1474, -0.1137],
        [-0.0477, -0.1052, -0.0516,  ..., -0.0255, -0.1452,  0.0871],
        [-0.0877,  0.0633,  0.2694,  ...,  0.1516,  0.0473,  0.0345],
        ...,
        [ 0.0808, -0.0868, -0.0962,  ..., -0.1147, -0.0543, -0.1180],
        [ 0.0055, -0.1179,  0.1408,  ..., -0.1376, -0.0618,  0.1557],
        [-0.1454,  0.0869,  0.0976,  ..., -0.0287, -0.1689, -0.0509]],
       device='cuda:0', requires_grad=True)

Parameter name: linear_0.bias
Shape: torch.Size([32])
Values: Parameter containing:
tensor([ 0.0694,  0.0782, -0.1295, -0.0888, -0.0223, -0.0015, -0.1223,  0.0817,
        -0.0579,  0.1210,  0.0617, -0.0538, -0.0114,  0.0703, -0.1062, -0.0554,
         0.0998, -0.1145, -0.0265,  0.0069, -0.1037,  0.0728,  0.0497, -0.0425,
        -0.0525,  0.0566, -0.0107, -0.1542,  0.0746,  0.1731,  0.1101, -0.1131],
       device='cuda:0', requires_grad=True)

Parameter name: linear_1.weight
Shape: torch.Size([32, 32])
Values: Parameter containing:
tensor([[ 0.1798, -0.0730, -0.1116,  ..., -0.0283, -0.1198,  0.1512],
        [-0.0787,  0.0909,  0.0648,  ...,  0.0565, -0.1175,  0.1472],
        [ 0.0055, -0.1647, -0.1253,  ..., -0.0486,  0.1000,  0.0776],
        ...,
        [ 0.0052, -0.0119,  0.1118,  ...,  0.1497, -0.1177,  0.1696],
        [ 0.1152, -0.0201,  0.0187,  ...,  0.1421,  0.1192, -0.0681],
        [ 0.1189, -0.0145,  0.1922,  ...,  0.1483,  0.0503,  0.0410]],
       device='cuda:0', requires_grad=True)

Parameter name: linear_1.bias
Shape: torch.Size([32])
Values: Parameter containing:
tensor([ 0.0425,  0.0748,  0.0300, -0.0174, -0.0807, -0.0772,  0.0190, -0.1273,
         0.0767, -0.0986,  0.1806, -0.1832,  0.1190,  0.0406, -0.1940,  0.0243,
        -0.0874, -0.1105, -0.0242, -0.0788,  0.0702,  0.1665, -0.1358,  0.1465,
        -0.1254, -0.0621,  0.1431, -0.1025, -0.0606, -0.0122,  0.0413, -0.0366],
       device='cuda:0', requires_grad=True)

Parameter name: linear_2.weight
Shape: torch.Size([1, 32])
Values: Parameter containing:
tensor([[ 1.4127e-01,  5.2732e-02, -1.8795e-01, -1.0769e-01,  2.8528e-02,
         -2.5986e-02, -6.2759e-02,  8.8727e-02,  4.9080e-02, -8.0993e-02,
         -7.2901e-02,  7.7507e-02,  4.7048e-02,  3.8308e-03,  1.1614e-01,
          3.1277e-02, -1.4056e-01, -1.8621e-01,  2.6919e-05,  7.6953e-02,
         -9.8206e-02, -1.1090e-01, -1.0920e-01,  7.3375e-03,  1.2830e-01,
          1.6304e-01, -1.6339e-01,  1.5084e-01, -7.5309e-02, -1.6694e-01,
          1.2978e-01,  1.6644e-01]], device='cuda:0', requires_grad=True)

Parameter name: linear_2.bias
Shape: torch.Size([1])
Values: Parameter containing:
tensor([-0.0375], device='cuda:0', requires_grad=True)

