Parameter name: road_linear_0.weight
Shape: torch.Size([32, 16])
Values: Parameter containing:
tensor([[ 0.1138, -0.0907, -0.1512, -0.4508, -0.0605, -0.4137,  0.4986, -0.3588,
          0.3119, -0.2509, -0.0976,  0.4546, -0.3433, -0.5058,  0.0094, -0.1012],
        [ 0.1619, -0.5807, -0.2419, -0.4619, -0.2883, -0.3330,  0.3713, -0.1709,
          0.5432, -0.3874, -0.1223,  0.3530, -0.0511, -0.2023,  0.0429, -0.2290],
        [ 0.0994, -0.2212, -0.0957, -0.1987,  0.0341, -0.5333,  0.5103, -0.4037,
          0.5290, -0.2096, -0.2137,  0.1568,  0.0335, -0.0937,  0.0061, -0.1877],
        [-0.1016,  0.3241,  0.2278,  0.3622,  0.1944,  0.3532, -0.3390,  0.2491,
         -0.5485,  0.1010,  0.1754, -0.2364,  0.3145,  0.0215,  0.1315,  0.3005],
        [ 0.2929, -0.1769, -0.3159, -0.4716, -0.1170, -0.4880,  0.2448, -0.0319,
          0.2938, -0.2209, -0.0814,  0.4524, -0.0799, -0.4027, -0.0738, -0.3169],
        [ 0.4258, -0.0905, -0.4937, -0.0515,  0.0680, -0.6065,  0.4727, -0.3456,
          0.4022, -0.3093, -0.5160,  0.5330, -0.3140, -0.0322,  0.0720, -0.2326],
        [-0.0917,  0.3485,  0.5369,  0.2618,  0.0952,  0.2163, -0.3971,  0.0481,
         -0.4134,  0.4719,  0.2210, -0.5403,  0.0249,  0.3835, -0.1229,  0.3287],
        [-0.4967,  0.5735,  0.5178,  0.0819, -0.1119,  0.2571, -0.3296,  0.0311,
         -0.3800,  0.2798,  0.3116, -0.5599,  0.3659,  0.1025,  0.1529,  0.5324],
        [-0.2565,  0.5487,  0.4643,  0.2008,  0.2348,  0.2484, -0.4200,  0.2652,
         -0.1600,  0.2332,  0.1657, -0.5658, -0.0135,  0.3850,  0.0655,  0.2418],
        [ 0.1242, -0.3411, -0.2351, -0.4679, -0.1992, -0.4266,  0.2453, -0.0906,
          0.4108, -0.5200, -0.0825,  0.6078, -0.3097, -0.2421, -0.1461, -0.3472],
        [ 0.0517, -0.1559, -0.2048, -0.4834, -0.2841, -0.1752,  0.4188, -0.2154,
          0.4758, -0.2666, -0.1630,  0.6250, -0.2232, -0.0294, -0.3332, -0.4787],
        [ 0.1545, -0.4020, -0.1746, -0.3457, -0.0916, -0.4419,  0.5658, -0.1730,
          0.3181, -0.1550, -0.0403,  0.6561, -0.4029, -0.4176, -0.2551, -0.3623],
        [-0.1505,  0.3686,  0.2927,  0.2980,  0.0977,  0.4830, -0.2745,  0.0277,
         -0.4515,  0.4278,  0.1009, -0.6236,  0.0133,  0.3099,  0.0371,  0.2100],
        [-0.1972,  0.5968,  0.5121,  0.4301, -0.0560,  0.5131, -0.2673,  0.2237,
         -0.3820,  0.3357,  0.1340, -0.4882,  0.2039,  0.2434, -0.0643,  0.4005],
        [-0.3409,  0.1332,  0.4063, -0.0330,  0.2839,  0.5604, -0.4062,  0.0520,
         -0.3867,  0.2704,  0.2038, -0.4748,  0.2253,  0.1989,  0.0469,  0.2878],
        [-0.4904,  0.1838,  0.3556,  0.5285, -0.0254,  0.5914, -0.3765,  0.0695,
         -0.3223,  0.4674,  0.3081, -0.2206,  0.1914,  0.1139,  0.4022,  0.2580],
        [-0.0732,  0.5093,  0.3489,  0.0834, -0.1270,  0.4623, -0.3382,  0.2641,
         -0.5373,  0.3039,  0.4701, -0.2902,  0.4457,  0.4693,  0.1261,  0.1353],
        [ 0.1096, -0.2540, -0.4091, -0.2747, -0.0491, -0.2510,  0.5265, -0.0059,
          0.3293, -0.1978, -0.3660,  0.3333, -0.2689, -0.4267,  0.0679, -0.3632],
        [-0.1651,  0.3341,  0.3124,  0.1187,  0.0369,  0.1275, -0.4927,  0.2862,
         -0.5009,  0.3544,  0.2320, -0.6394,  0.2569,  0.3545,  0.3243,  0.3556],
        [ 0.3901, -0.3227, -0.2215, -0.1405, -0.2485, -0.4218,  0.1760,  0.0724,
          0.3647, -0.3999, -0.2413,  0.4488, -0.3989, -0.2290, -0.0086, -0.2821],
        [ 0.1995, -0.1429, -0.1902, -0.5087,  0.0234, -0.5970,  0.5299,  0.0644,
          0.3439, -0.4341, -0.4072,  0.3218, -0.2768, -0.3913,  0.0906, -0.4138],
        [ 0.3678, -0.6048, -0.1926, -0.0734, -0.3089, -0.4764,  0.4621, -0.4009,
          0.1656, -0.2593, -0.0420,  0.3663, -0.2463, -0.5294, -0.4404, -0.1072],
        [-0.0739,  0.2561,  0.2076,  0.2755,  0.2201,  0.1147, -0.5342,  0.0468,
         -0.4250,  0.3363,  0.4177, -0.3838,  0.0304,  0.5092,  0.3537,  0.3914],
        [-0.1040,  0.4481,  0.5162,  0.0358, -0.0430,  0.3530, -0.4409, -0.0152,
         -0.5563,  0.1477,  0.2155, -0.2126,  0.3921,  0.3553,  0.0213,  0.2142],
        [-0.1467,  0.1220,  0.2928,  0.3435,  0.3649,  0.2287, -0.1490,  0.1288,
         -0.4941,  0.5689,  0.4633, -0.6045,  0.0821,  0.3918,  0.0567,  0.4709],
        [-0.3771,  0.2695,  0.2409,  0.5201,  0.0256,  0.3621, -0.2391, -0.0074,
         -0.3216,  0.1507,  0.0287, -0.4890,  0.2602,  0.5026, -0.0785,  0.2530],
        [-0.2163,  0.3691,  0.4333,  0.0935, -0.0108,  0.2477, -0.5994,  0.2058,
         -0.5494,  0.4752,  0.1575, -0.4816,  0.3311,  0.4675,  0.3175,  0.4576],
        [ 0.0656, -0.3090, -0.1482, -0.2334,  0.0368, -0.5608,  0.6126, -0.1990,
          0.1230, -0.4232, -0.0621,  0.3617, -0.2741, -0.3989, -0.3892, -0.2922],
        [-0.0420,  0.4000,  0.3010,  0.2922, -0.0631,  0.2671, -0.3862, -0.0437,
         -0.1955,  0.3779,  0.2783, -0.4445,  0.4279,  0.5044,  0.3226,  0.4451],
        [ 0.1993, -0.1916, -0.4753, -0.1828, -0.2440, -0.3374,  0.5801,  0.0229,
          0.5387, -0.2625, -0.0771,  0.5251, -0.0836, -0.1511, -0.0419, -0.4172],
        [ 0.1057, -0.4045, -0.1918, -0.4187, -0.0219, -0.1633,  0.5908, -0.3072,
          0.3810, -0.1742, -0.4775,  0.5813, -0.3741, -0.4485, -0.2639, -0.4002],
        [-0.2933,  0.4144,  0.4125,  0.3572,  0.2575,  0.2032, -0.6124, -0.0879,
         -0.4186,  0.2073,  0.3366, -0.5850,  0.0182,  0.3806,  0.0008,  0.3551]],
       device='cuda:0', requires_grad=True)

Parameter name: road_linear_0.bias
Shape: torch.Size([32])
Values: Parameter containing:
tensor([-0.0495,  0.1011,  0.0874, -0.1235, -0.0232, -0.0016, -0.0463,  0.0924,
        -0.0182,  0.0876,  0.1589,  0.0457, -0.0390, -0.0199,  0.0017, -0.0142,
        -0.2058,  0.0441, -0.1087, -0.0595,  0.0661,  0.0260, -0.2519, -0.0591,
        -0.2377,  0.1888, -0.0624,  0.0835, -0.1251,  0.0013,  0.1728, -0.0632],
       device='cuda:0', requires_grad=True)

Parameter name: road_linear_1.weight
Shape: torch.Size([1, 32])
Values: Parameter containing:
tensor([[ 0.3483,  0.4852,  0.3104, -0.3762,  0.3734,  0.5130, -0.4075, -0.5509,
         -0.4119,  0.5205,  0.4456,  0.5653, -0.4710, -0.5625, -0.3578, -0.4573,
         -0.4616,  0.3633, -0.4015,  0.3451,  0.4970,  0.5313, -0.5381, -0.4309,
         -0.4551, -0.4008, -0.4950,  0.3987, -0.4503,  0.5238,  0.4633, -0.4029]],
       device='cuda:0', requires_grad=True)

Parameter name: linear_0.weight
Shape: torch.Size([32, 39])
Values: Parameter containing:
tensor([[ 0.0591, -0.1444,  0.2329,  ...,  0.0370, -0.1410, -0.1137],
        [-0.0434, -0.0841, -0.1006,  ..., -0.0255, -0.1459,  0.0871],
        [-0.0868,  0.0226,  0.3326,  ...,  0.1516,  0.0515,  0.0345],
        ...,
        [ 0.0752, -0.0872, -0.1084,  ..., -0.1147, -0.0556, -0.1180],
        [ 0.0024, -0.1419,  0.1977,  ..., -0.1376, -0.0608,  0.1557],
        [-0.1443,  0.0892,  0.0890,  ..., -0.0287, -0.1685, -0.0509]],
       device='cuda:0', requires_grad=True)

Parameter name: linear_0.bias
Shape: torch.Size([32])
Values: Parameter containing:
tensor([ 0.0757,  0.0775, -0.1253, -0.0910, -0.0238,  0.0010, -0.1230,  0.0788,
        -0.0581,  0.1201,  0.0589, -0.0516, -0.0021,  0.0697, -0.1054, -0.0572,
         0.0982, -0.1109, -0.0311,  0.0034, -0.1049,  0.0697,  0.0513, -0.0431,
        -0.0599,  0.0628, -0.0104, -0.1535,  0.0734,  0.1718,  0.1111, -0.1127],
       device='cuda:0', requires_grad=True)

Parameter name: linear_1.weight
Shape: torch.Size([32, 32])
Values: Parameter containing:
tensor([[ 0.1810, -0.0715, -0.1111,  ..., -0.0246, -0.1214,  0.1528],
        [-0.0777,  0.0918,  0.0656,  ...,  0.0596, -0.1184,  0.1486],
        [ 0.0041, -0.1667, -0.1256,  ..., -0.0534,  0.1020,  0.0756],
        ...,
        [ 0.0038, -0.0129,  0.1107,  ...,  0.1468, -0.1170,  0.1680],
        [ 0.1166, -0.0182,  0.0195,  ...,  0.1468,  0.1177, -0.0655],
        [ 0.1202, -0.0129,  0.1924,  ...,  0.1532,  0.0482,  0.0426]],
       device='cuda:0', requires_grad=True)

Parameter name: linear_1.bias
Shape: torch.Size([32])
Values: Parameter containing:
tensor([ 0.0433,  0.0751,  0.0289, -0.0180, -0.0793, -0.0807,  0.0179, -0.1262,
         0.0769, -0.0991,  0.1792, -0.1816,  0.1195,  0.0421, -0.1929,  0.0244,
        -0.0877, -0.1109, -0.0234, -0.0774,  0.0696,  0.1655, -0.1360,  0.1460,
        -0.1251, -0.0616,  0.1425, -0.1022, -0.0609, -0.0124,  0.0419, -0.0355],
       device='cuda:0', requires_grad=True)

Parameter name: linear_2.weight
Shape: torch.Size([1, 32])
Values: Parameter containing:
tensor([[ 0.1432,  0.0494, -0.1892, -0.1139,  0.0214, -0.0403, -0.0640,  0.0897,
          0.0495, -0.0810, -0.0724,  0.0790,  0.0457, -0.0147,  0.1166,  0.0255,
         -0.1377, -0.1853,  0.0098,  0.0774, -0.0974, -0.1113, -0.1111,  0.0075,
          0.1247,  0.1610, -0.1624,  0.1482, -0.0703, -0.1647,  0.1316,  0.1675]],
       device='cuda:0', requires_grad=True)

Parameter name: linear_2.bias
Shape: torch.Size([1])
Values: Parameter containing:
tensor([-0.0370], device='cuda:0', requires_grad=True)

