Parameter name: road_linear_0.weight
Shape: torch.Size([32, 16])
Values: Parameter containing:
tensor([[ 1.2573e-01, -1.3610e-01, -1.8716e-01, -4.5305e-01, -1.0997e-01,
         -4.7502e-01,  5.1614e-01, -4.2148e-01,  3.3831e-01, -2.6940e-01,
         -1.6162e-01,  4.6903e-01, -3.8565e-01, -5.3008e-01, -1.8566e-04,
         -1.2312e-01],
        [ 1.6990e-01, -6.2233e-01, -2.7567e-01, -4.6563e-01, -3.3199e-01,
         -3.8564e-01,  3.8868e-01, -2.1771e-01,  5.6378e-01, -4.0560e-01,
         -1.6776e-01,  3.6627e-01, -9.2619e-02, -2.2177e-01,  3.0079e-02,
         -2.4504e-01],
        [ 9.5021e-02, -2.9547e-01, -1.7744e-01, -2.1497e-01, -6.2021e-02,
         -6.2719e-01,  5.5692e-01, -4.6568e-01,  5.8253e-01, -2.6703e-01,
         -2.9747e-01,  1.9555e-01, -5.2906e-02, -1.3961e-01, -4.0498e-02,
         -2.1631e-01],
        [-1.0764e-01,  3.7909e-01,  2.7923e-01,  3.7067e-01,  2.6029e-01,
          4.1647e-01, -3.6769e-01,  2.9884e-01, -5.7214e-01,  1.2767e-01,
          2.1564e-01, -2.5500e-01,  3.7619e-01,  4.2034e-02,  1.6501e-01,
          3.1445e-01],
        [ 3.1386e-01, -2.2245e-01, -3.5616e-01, -4.7699e-01, -1.6350e-01,
         -5.4410e-01,  2.6834e-01, -8.6016e-02,  3.1569e-01, -2.3787e-01,
         -1.2092e-01,  4.6524e-01, -1.3484e-01, -4.2302e-01, -9.1439e-02,
         -3.3138e-01],
        [ 4.2448e-01, -1.3863e-01, -5.3071e-01, -5.4879e-02,  1.3181e-02,
         -6.6736e-01,  4.8901e-01, -3.9093e-01,  4.2218e-01, -3.3178e-01,
         -5.7100e-01,  5.5015e-01, -3.5013e-01, -5.0924e-02,  5.3507e-02,
         -2.5154e-01],
        [-9.8474e-02,  3.9358e-01,  5.7375e-01,  2.6419e-01,  1.4871e-01,
          2.7945e-01, -4.1345e-01,  1.1593e-01, -4.4562e-01,  4.9556e-01,
          3.0805e-01, -5.5860e-01,  6.4027e-02,  4.1436e-01, -1.1863e-01,
          3.5878e-01],
        [-5.1099e-01,  6.1926e-01,  5.5174e-01,  8.2602e-02, -7.2735e-02,
          3.1581e-01, -3.4565e-01,  8.5881e-02, -3.9975e-01,  2.9455e-01,
          3.5987e-01, -5.7118e-01,  4.0845e-01,  1.2210e-01,  1.6413e-01,
          5.4873e-01],
        [-2.7193e-01,  6.1507e-01,  5.3179e-01,  2.0294e-01,  2.9754e-01,
          3.3998e-01, -4.5916e-01,  3.3966e-01, -2.1420e-01,  2.6956e-01,
          2.4420e-01, -5.8780e-01,  8.3799e-02,  4.3523e-01,  8.8271e-02,
          2.6390e-01],
        [ 1.4299e-01, -3.7741e-01, -2.6108e-01, -4.6750e-01, -2.2984e-01,
         -4.7234e-01,  2.5805e-01, -1.4138e-01,  4.2758e-01, -5.2909e-01,
         -1.2204e-01,  6.1457e-01, -3.4656e-01, -2.5847e-01, -1.5030e-01,
         -3.6051e-01],
        [ 6.8119e-02, -1.9654e-01, -2.3830e-01, -4.8648e-01, -3.2537e-01,
         -2.3513e-01,  4.3860e-01, -2.6503e-01,  4.9503e-01, -2.8157e-01,
         -2.0438e-01,  6.3446e-01, -2.6855e-01, -4.6664e-02, -3.4602e-01,
         -4.8917e-01],
        [ 1.7438e-01, -4.3743e-01, -2.0020e-01, -3.4493e-01, -1.1979e-01,
         -4.8283e-01,  5.7925e-01, -2.1853e-01,  3.3073e-01, -1.6186e-01,
         -6.6507e-02,  6.6046e-01, -4.4141e-01, -4.2926e-01, -2.6334e-01,
         -3.6988e-01],
        [-1.6373e-01,  4.1361e-01,  3.2900e-01,  2.9987e-01,  1.4835e-01,
          5.5201e-01, -2.9214e-01,  9.6782e-02, -4.7810e-01,  4.4690e-01,
          1.8332e-01, -6.3888e-01,  5.1032e-02,  3.3550e-01,  4.4964e-02,
          2.3480e-01],
        [-2.0823e-01,  6.3977e-01,  5.4325e-01,  4.3081e-01, -1.7554e-02,
          5.6317e-01, -2.8115e-01,  2.7293e-01, -3.9982e-01,  3.4964e-01,
          1.7720e-01, -4.9896e-01,  2.4186e-01,  2.6107e-01, -5.4174e-02,
          4.1611e-01],
        [-3.5749e-01,  1.8553e-01,  4.5205e-01, -2.9401e-02,  3.3926e-01,
          6.2774e-01, -4.3042e-01,  1.1505e-01, -4.1362e-01,  2.9109e-01,
          2.5694e-01, -4.9015e-01,  2.8321e-01,  2.2362e-01,  6.6259e-02,
          3.0607e-01],
        [-5.2151e-01,  2.2090e-01,  3.8477e-01,  5.3059e-01,  5.2555e-03,
          6.5147e-01, -3.9625e-01,  1.1621e-01, -3.3263e-01,  4.7307e-01,
          3.3189e-01, -2.2403e-01,  2.3331e-01,  1.2292e-01,  4.1481e-01,
          2.6144e-01],
        [-5.3640e-02,  5.6375e-01,  3.9067e-01,  8.6133e-02, -6.3117e-02,
          5.1100e-01, -3.5183e-01,  3.0795e-01, -5.6360e-01,  3.3344e-01,
          5.2958e-01, -3.1177e-01,  4.8425e-01,  4.9378e-01,  1.4667e-01,
          1.6130e-01],
        [ 1.1122e-01, -3.0308e-01, -4.5030e-01, -2.7942e-01, -1.0678e-01,
         -3.1260e-01,  5.4579e-01, -6.1930e-02,  3.5963e-01, -2.2443e-01,
         -4.3499e-01,  3.5311e-01, -3.1373e-01, -4.5466e-01,  5.3817e-02,
         -3.8884e-01],
        [-1.6649e-01,  3.8216e-01,  3.4992e-01,  1.1938e-01,  8.7979e-02,
          1.8490e-01, -5.0823e-01,  3.4340e-01, -5.2967e-01,  3.7674e-01,
          2.9514e-01, -6.5434e-01,  3.0296e-01,  3.8106e-01,  3.3402e-01,
          3.7751e-01],
        [ 4.0674e-01, -3.7340e-01, -2.6462e-01, -1.4398e-01, -3.0198e-01,
         -4.8860e-01,  1.9800e-01,  3.3597e-03,  3.9522e-01, -4.2096e-01,
         -3.0629e-01,  4.6560e-01, -4.5272e-01, -2.5784e-01, -2.1854e-02,
         -3.0587e-01],
        [ 2.0526e-01, -1.8053e-01, -2.1934e-01, -5.1167e-01, -1.9150e-02,
         -6.4505e-01,  5.4342e-01,  1.9626e-02,  3.6373e-01, -4.5173e-01,
         -4.6070e-01,  3.3528e-01, -3.0697e-01, -4.1000e-01,  8.2619e-02,
         -4.3292e-01],
        [ 3.9043e-01, -6.5132e-01, -2.2711e-01, -7.2462e-02, -3.4613e-01,
         -5.3869e-01,  4.8086e-01, -4.4933e-01,  1.7671e-01, -2.6817e-01,
         -6.8447e-02,  3.7135e-01, -2.9427e-01, -5.3963e-01, -4.6049e-01,
         -1.1007e-01],
        [-6.9712e-02,  2.9956e-01,  2.4204e-01,  2.7986e-01,  2.7240e-01,
          1.7079e-01, -5.5013e-01,  8.6658e-02, -4.4695e-01,  3.6018e-01,
          4.7437e-01, -4.0062e-01,  6.5678e-02,  5.2964e-01,  3.6759e-01,
          4.0998e-01],
        [-1.0548e-01,  4.9761e-01,  5.5632e-01,  3.9662e-02,  1.0004e-02,
          4.0577e-01, -4.5891e-01,  3.5290e-02, -5.8003e-01,  1.7028e-01,
          2.6577e-01, -2.2984e-01,  4.3632e-01,  3.7754e-01,  3.9958e-02,
          2.3543e-01],
        [-1.3411e-01,  1.6590e-01,  3.2994e-01,  3.4826e-01,  4.1942e-01,
          2.6718e-01, -1.6376e-01,  1.7278e-01, -5.2355e-01,  5.9569e-01,
          5.1637e-01, -6.2334e-01,  1.2595e-01,  4.2006e-01,  6.6205e-02,
          4.9587e-01],
        [-3.9541e-01,  3.1112e-01,  2.7484e-01,  5.2377e-01,  6.6626e-02,
          4.1626e-01, -2.5768e-01,  5.0275e-02, -3.4445e-01,  1.6615e-01,
          7.8715e-02, -5.0190e-01,  3.0382e-01,  5.2472e-01, -6.9524e-02,
          2.7214e-01],
        [-2.2196e-01,  4.0950e-01,  4.6018e-01,  9.0355e-02,  2.6959e-02,
          2.8892e-01, -6.0735e-01,  2.6097e-01, -5.7187e-01,  4.8852e-01,
          2.1163e-01, -4.9054e-01,  3.6209e-01,  4.8923e-01,  3.1754e-01,
          4.7854e-01],
        [ 1.0288e-01, -3.5954e-01, -1.9219e-01, -2.3232e-01, -4.3022e-03,
         -6.3076e-01,  6.4030e-01, -2.6362e-01,  1.3952e-01, -4.2953e-01,
         -9.2550e-02,  3.6556e-01, -3.4322e-01, -4.1350e-01, -4.0844e-01,
         -2.9739e-01],
        [-5.5034e-02,  4.4459e-01,  3.3483e-01,  2.9239e-01, -2.2425e-02,
          3.1700e-01, -4.0183e-01,  1.0651e-02, -2.1595e-01,  3.9229e-01,
          3.2130e-01, -4.5484e-01,  4.7283e-01,  5.2364e-01,  3.3403e-01,
          4.6123e-01],
        [ 2.1533e-01, -2.3042e-01, -5.0464e-01, -1.8409e-01, -2.8208e-01,
         -4.0101e-01,  5.9527e-01, -3.2329e-02,  5.5771e-01, -2.7534e-01,
         -1.3660e-01,  5.3505e-01, -1.1691e-01, -1.6966e-01, -4.8056e-02,
         -4.3389e-01],
        [ 9.9224e-02, -4.4843e-01, -2.2515e-01, -4.2011e-01, -7.1151e-02,
         -2.1271e-01,  6.0360e-01, -3.5106e-01,  4.0563e-01, -1.9730e-01,
         -5.3421e-01,  5.9667e-01, -4.1079e-01, -4.7093e-01, -2.7420e-01,
         -4.2004e-01],
        [-3.0057e-01,  4.5551e-01,  4.4615e-01,  3.5971e-01,  3.0164e-01,
          2.5439e-01, -6.2858e-01, -3.5144e-02, -4.4521e-01,  2.2680e-01,
          3.9179e-01, -5.9827e-01,  6.1562e-02,  4.0520e-01,  7.1018e-03,
          3.7490e-01]], device='cuda:0', requires_grad=True)

Parameter name: road_linear_0.bias
Shape: torch.Size([32])
Values: Parameter containing:
tensor([-0.0364,  0.1080,  0.0693, -0.1214, -0.0016, -0.0097, -0.0554,  0.0734,
        -0.0352,  0.1127,  0.1777,  0.0694, -0.0570, -0.0328, -0.0151, -0.0512,
        -0.1747,  0.0419, -0.1088, -0.0398,  0.0697,  0.0531, -0.2400, -0.0558,
        -0.2186,  0.1658, -0.0709,  0.1256, -0.1401,  0.0239,  0.1605, -0.0704],
       device='cuda:0', requires_grad=True)

Parameter name: road_linear_1.weight
Shape: torch.Size([1, 32])
Values: Parameter containing:
tensor([[ 0.3853,  0.5215,  0.3814, -0.4310,  0.4142,  0.5545, -0.4446, -0.5962,
         -0.4935,  0.5548,  0.4868,  0.6008, -0.5138, -0.5999, -0.4095, -0.4999,
         -0.4999,  0.4018, -0.4398,  0.3948,  0.5269,  0.5891, -0.5727, -0.4715,
         -0.4871, -0.4354, -0.5269,  0.4591, -0.4905,  0.5606,  0.4971, -0.4354]],
       device='cuda:0', requires_grad=True)

Parameter name: linear_0.weight
Shape: torch.Size([32, 39])
Values: Parameter containing:
tensor([[ 0.0312, -0.1085,  0.2734,  ...,  0.0370, -0.1411, -0.1137],
        [-0.0071, -0.1083, -0.1038,  ..., -0.0255, -0.1405,  0.0871],
        [-0.1167,  0.0855,  0.3319,  ...,  0.1516,  0.0491,  0.0345],
        ...,
        [ 0.0707, -0.1030, -0.0644,  ..., -0.1147, -0.0683, -0.1180],
        [-0.0263, -0.1131,  0.2101,  ..., -0.1376, -0.0646,  0.1557],
        [-0.1756,  0.1140,  0.0437,  ..., -0.0287, -0.1640, -0.0509]],
       device='cuda:0', requires_grad=True)

Parameter name: linear_0.bias
Shape: torch.Size([32])
Values: Parameter containing:
tensor([ 0.0756,  0.0829, -0.1276, -0.0884, -0.0230, -0.0039, -0.1374,  0.0797,
        -0.0591,  0.1196,  0.0621, -0.0595, -0.0029,  0.0747, -0.0967, -0.0548,
         0.1026, -0.1167, -0.0294,  0.0070, -0.0958,  0.0723,  0.0485, -0.0363,
        -0.0559,  0.0566, -0.0096, -0.1574,  0.0831,  0.1591,  0.1073, -0.1081],
       device='cuda:0', requires_grad=True)

Parameter name: linear_1.weight
Shape: torch.Size([32, 32])
Values: Parameter containing:
tensor([[ 0.1813, -0.0697, -0.1091,  ..., -0.0247, -0.1244,  0.1601],
        [-0.0783,  0.0930,  0.0672,  ...,  0.0596, -0.1212,  0.1560],
        [ 0.0045, -0.1699, -0.1284,  ..., -0.0512,  0.1047,  0.0667],
        ...,
        [ 0.0059, -0.0158,  0.1085,  ...,  0.1492, -0.1139,  0.1594],
        [ 0.1157, -0.0162,  0.0225,  ...,  0.1458,  0.1146, -0.0535],
        [ 0.1185, -0.0096,  0.1936,  ...,  0.1524,  0.0436,  0.0511]],
       device='cuda:0', requires_grad=True)

Parameter name: linear_1.bias
Shape: torch.Size([32])
Values: Parameter containing:
tensor([ 0.0409,  0.0729,  0.0328, -0.0149, -0.0798, -0.0760,  0.0207, -0.1305,
         0.0737, -0.0958,  0.1850, -0.1844,  0.1171,  0.0455, -0.1963,  0.0220,
        -0.0837, -0.1075, -0.0320, -0.0808,  0.0719,  0.1692, -0.1333,  0.1430,
        -0.1285, -0.0656,  0.1468, -0.1059, -0.0578, -0.0085,  0.0380, -0.0384],
       device='cuda:0', requires_grad=True)

Parameter name: linear_2.weight
Shape: torch.Size([1, 32])
Values: Parameter containing:
tensor([[ 0.1444,  0.0497, -0.1894, -0.1116,  0.0212, -0.0064, -0.0654,  0.0817,
          0.0464, -0.0795, -0.0700,  0.0817,  0.0401, -0.0035,  0.1184,  0.0224,
         -0.1355, -0.1799,  0.0005,  0.0793, -0.1031, -0.1092, -0.0989,  0.0014,
          0.1278,  0.1574, -0.1622,  0.1510, -0.0670, -0.1667,  0.1258,  0.1702]],
       device='cuda:0', requires_grad=True)

Parameter name: linear_2.bias
Shape: torch.Size([1])
Values: Parameter containing:
tensor([-0.0406], device='cuda:0', requires_grad=True)

