Parameter name: road_linear_0.weight
Shape: torch.Size([32, 16])
Values: Parameter containing:
tensor([[ 1.2516e-01, -1.3201e-01, -1.8271e-01, -4.5126e-01, -1.0681e-01,
         -4.7041e-01,  5.1359e-01, -4.1497e-01,  3.3978e-01, -2.6888e-01,
         -1.6310e-01,  4.6622e-01, -3.8301e-01, -5.2994e-01,  4.7387e-03,
         -1.2141e-01],
        [ 1.6862e-01, -6.1874e-01, -2.7244e-01, -4.6440e-01, -3.2930e-01,
         -3.8288e-01,  3.8702e-01, -2.1123e-01,  5.6508e-01, -4.0575e-01,
         -1.6920e-01,  3.6409e-01, -9.0709e-02, -2.2180e-01,  3.3945e-02,
         -2.4344e-01],
        [ 9.4297e-02, -2.9040e-01, -1.7095e-01, -2.1229e-01, -5.7930e-02,
         -6.2296e-01,  5.5365e-01, -4.5755e-01,  5.8485e-01, -2.6619e-01,
         -2.9818e-01,  1.9094e-01, -4.9237e-02, -1.3865e-01, -3.4766e-02,
         -2.1324e-01],
        [-1.0742e-01,  3.7424e-01,  2.7415e-01,  3.6873e-01,  2.5615e-01,
          4.1352e-01, -3.6563e-01,  2.9105e-01, -5.7290e-01,  1.2667e-01,
          2.1505e-01, -2.5143e-01,  3.7336e-01,  4.0908e-02,  1.6019e-01,
          3.1120e-01],
        [ 3.1354e-01, -2.1814e-01, -3.5181e-01, -4.7525e-01, -1.5964e-01,
         -5.4117e-01,  2.6644e-01, -7.8811e-02,  3.1656e-01, -2.3713e-01,
         -1.2085e-01,  4.6219e-01, -1.3216e-01, -4.2226e-01, -8.7091e-02,
         -3.2888e-01],
        [ 4.2320e-01, -1.3499e-01, -5.2709e-01, -5.3435e-02,  1.5882e-02,
         -6.6341e-01,  4.8686e-01, -3.8463e-01,  4.2337e-01, -3.3170e-01,
         -5.7251e-01,  5.4777e-01, -3.4785e-01, -5.0854e-02,  5.7503e-02,
         -2.4997e-01],
        [-9.6693e-02,  3.9074e-01,  5.7101e-01,  2.6299e-01,  1.4630e-01,
          2.7629e-01, -4.1162e-01,  1.0930e-01, -4.4786e-01,  4.9655e-01,
          3.1219e-01, -5.5668e-01,  6.2422e-02,  4.1514e-01, -1.2238e-01,
          3.5812e-01],
        [-5.0839e-01,  6.1667e-01,  5.4935e-01,  8.1202e-02, -7.5514e-02,
          3.1320e-01, -3.4391e-01,  7.8675e-02, -4.0114e-01,  2.9524e-01,
          3.6187e-01, -5.6917e-01,  4.0632e-01,  1.2218e-01,  1.6168e-01,
          5.4760e-01],
        [-2.6888e-01,  6.1062e-01,  5.2620e-01,  1.9964e-01,  2.9268e-01,
          3.3641e-01, -4.5545e-01,  3.2885e-01, -2.1792e-01,  2.7066e-01,
          2.4679e-01, -5.8302e-01,  7.9792e-02,  4.3490e-01,  8.3809e-02,
          2.6089e-01],
        [ 1.4177e-01, -3.7417e-01, -2.5788e-01, -4.6608e-01, -2.2699e-01,
         -4.6916e-01,  2.5615e-01, -1.3521e-01,  4.2865e-01, -5.2900e-01,
         -1.2327e-01,  6.1239e-01, -3.4429e-01, -2.5836e-01, -1.4675e-01,
         -3.5916e-01],
        [ 6.7413e-02, -1.9216e-01, -2.3412e-01, -4.8486e-01, -3.2137e-01,
         -2.3196e-01,  4.3676e-01, -2.5702e-01,  4.9591e-01, -2.8104e-01,
         -2.0442e-01,  6.3131e-01, -2.6621e-01, -4.5947e-02, -3.4185e-01,
         -4.8643e-01],
        [ 1.7366e-01, -4.3371e-01, -1.9632e-01, -3.4320e-01, -1.1628e-01,
         -4.7986e-01,  5.7720e-01, -2.1164e-01,  3.3113e-01, -1.6109e-01,
         -6.6160e-02,  6.5778e-01, -4.3861e-01, -4.2839e-01, -2.5981e-01,
         -3.6764e-01],
        [-1.6235e-01,  4.1046e-01,  3.2582e-01,  2.9842e-01,  1.4513e-01,
          5.4836e-01, -2.9018e-01,  8.9571e-02, -4.7980e-01,  4.4726e-01,
          1.8623e-01, -6.3639e-01,  4.9156e-02,  3.3570e-01,  4.1386e-02,
          2.3349e-01],
        [-2.0613e-01,  6.3686e-01,  5.4050e-01,  4.2946e-01, -2.0197e-02,
          5.6040e-01, -2.7934e-01,  2.6640e-01, -4.0106e-01,  3.5003e-01,
          1.7888e-01, -4.9697e-01,  2.3973e-01,  2.6112e-01, -5.7167e-02,
          4.1491e-01],
        [-3.5671e-01,  1.8119e-01,  4.4708e-01, -3.1635e-02,  3.3517e-01,
          6.2380e-01, -4.2777e-01,  1.0735e-01, -4.1482e-01,  2.9030e-01,
          2.5733e-01, -4.8660e-01,  2.7996e-01,  2.2283e-01,  6.1586e-02,
          3.0349e-01],
        [-5.2208e-01,  2.1635e-01,  3.7996e-01,  5.2854e-01,  3.8567e-04,
          6.4743e-01, -3.9416e-01,  1.0858e-01, -3.3230e-01,  4.7115e-01,
          3.2945e-01, -2.2016e-01,  2.3023e-01,  1.2112e-01,  4.1102e-01,
          2.5812e-01],
        [-5.1079e-02,  5.6125e-01,  3.8791e-01,  8.4786e-02, -6.4627e-02,
          5.0785e-01, -3.4952e-01,  3.0210e-01, -5.6549e-01,  3.3436e-01,
          5.3257e-01, -3.1024e-01,  4.8181e-01,  4.9439e-01,  1.4310e-01,
          1.6089e-01],
        [ 1.0975e-01, -2.9976e-01, -4.4685e-01, -2.7798e-01, -1.0441e-01,
         -3.0885e-01,  5.4355e-01, -5.5588e-02,  3.6160e-01, -2.2487e-01,
         -4.3776e-01,  3.5099e-01, -3.1138e-01, -4.5509e-01,  5.8096e-02,
         -3.8786e-01],
        [-1.6376e-01,  3.7922e-01,  3.4686e-01,  1.1778e-01,  8.5284e-02,
          1.8181e-01, -5.0595e-01,  3.3552e-01, -5.3180e-01,  3.7776e-01,
          2.9814e-01, -6.5218e-01,  3.0048e-01,  3.8147e-01,  3.3049e-01,
          3.7640e-01],
        [ 4.0549e-01, -3.6972e-01, -2.6067e-01, -1.4217e-01, -2.9888e-01,
         -4.8481e-01,  1.9560e-01,  1.0198e-02,  3.9717e-01, -4.2103e-01,
         -3.0855e-01,  4.6293e-01, -4.5011e-01, -2.5801e-01, -1.7319e-02,
         -3.0440e-01],
        [ 2.0462e-01, -1.7729e-01, -2.1595e-01, -5.1043e-01, -1.7043e-02,
         -6.4073e-01,  5.4128e-01,  2.4657e-02,  3.6498e-01, -4.5158e-01,
         -4.6258e-01,  3.3338e-01, -3.0477e-01, -4.1018e-01,  8.6680e-02,
         -4.3212e-01],
        [ 3.8980e-01, -6.4664e-01, -2.2224e-01, -7.0146e-02, -3.4078e-01,
         -5.3571e-01,  4.7874e-01, -4.4069e-01,  1.7645e-01, -2.6663e-01,
         -6.6295e-02,  3.6709e-01, -2.9127e-01, -5.3770e-01, -4.5706e-01,
         -1.0596e-01],
        [-6.7953e-02,  2.9636e-01,  2.3924e-01,  2.7883e-01,  2.7005e-01,
          1.6798e-01, -5.4855e-01,  8.0096e-02, -4.4841e-01,  3.6079e-01,
          4.7663e-01, -3.9867e-01,  6.4006e-02,  5.2987e-01,  3.6412e-01,
          4.0871e-01],
        [-1.0400e-01,  4.9478e-01,  5.5329e-01,  3.8191e-02,  7.8201e-03,
          4.0264e-01, -4.5681e-01,  2.9580e-02, -5.8141e-01,  1.7047e-01,
          2.6750e-01, -2.2794e-01,  4.3382e-01,  3.7764e-01,  3.6460e-02,
          2.3453e-01],
        [-1.3220e-01,  1.6264e-01,  3.2704e-01,  3.4737e-01,  4.1776e-01,
          2.6521e-01, -1.6221e-01,  1.6704e-01, -5.2561e-01,  5.9662e-01,
          5.1905e-01, -6.2180e-01,  1.2445e-01,  4.2089e-01,  6.1687e-02,
          4.9503e-01],
        [-3.9482e-01,  3.0753e-01,  2.7141e-01,  5.2240e-01,  6.3769e-02,
          4.1315e-01, -2.5594e-01,  4.4415e-02, -3.4570e-01,  1.6593e-01,
          7.9999e-02, -4.9965e-01,  3.0176e-01,  5.2469e-01, -7.3644e-02,
          2.7071e-01],
        [-2.1939e-01,  4.0738e-01,  4.5767e-01,  8.8929e-02,  2.4734e-02,
          2.8576e-01, -6.0509e-01,  2.5427e-01, -5.7366e-01,  4.8949e-01,
          2.1470e-01, -4.8887e-01,  3.5981e-01,  4.8971e-01,  3.1471e-01,
          4.7823e-01],
        [ 1.0354e-01, -3.5422e-01, -1.8498e-01, -2.2869e-01,  2.3077e-03,
         -6.2631e-01,  6.3702e-01, -2.5439e-01,  1.3824e-01, -4.2612e-01,
         -8.8530e-02,  3.5968e-01, -3.3828e-01, -4.0967e-01, -4.0397e-01,
         -2.9257e-01],
        [-5.2946e-02,  4.4184e-01,  3.3178e-01,  2.9066e-01, -2.5309e-02,
          3.1390e-01, -3.9958e-01,  3.5657e-03, -2.1726e-01,  3.9254e-01,
          3.2280e-01, -4.5269e-01,  4.6991e-01,  5.2351e-01,  3.3098e-01,
          4.6010e-01],
        [ 2.1451e-01, -2.2699e-01, -5.0135e-01, -1.8274e-01, -2.7873e-01,
         -3.9715e-01,  5.9350e-01, -2.5730e-02,  5.5872e-01, -2.7511e-01,
         -1.3788e-01,  5.3247e-01, -1.1499e-01, -1.6944e-01, -4.4593e-02,
         -4.3226e-01],
        [ 9.6820e-02, -4.4533e-01, -2.2202e-01, -4.1877e-01, -6.9017e-02,
         -2.0940e-01,  6.0134e-01, -3.4390e-01,  4.0755e-01, -1.9822e-01,
         -5.3705e-01,  5.9476e-01, -4.0849e-01, -4.7138e-01, -2.7042e-01,
         -4.1901e-01],
        [-2.9880e-01,  4.5209e-01,  4.4279e-01,  3.5836e-01,  2.9896e-01,
          2.5127e-01, -6.2657e-01, -4.2347e-02, -4.4711e-01,  2.2738e-01,
          3.9419e-01, -5.9613e-01,  5.9324e-02,  4.0556e-01,  3.0180e-03,
          3.7365e-01]], device='cuda:0', requires_grad=True)

Parameter name: road_linear_0.bias
Shape: torch.Size([32])
Values: Parameter containing:
tensor([-0.0363,  0.1073,  0.0694, -0.1221, -0.0010, -0.0104, -0.0539,  0.0756,
        -0.0330,  0.1121,  0.1778,  0.0695, -0.0560, -0.0312, -0.0152, -0.0529,
        -0.1723,  0.0408, -0.1064, -0.0404,  0.0695,  0.0537, -0.2385, -0.0547,
        -0.2172,  0.1656, -0.0685,  0.1276, -0.1385,  0.0237,  0.1583, -0.0691],
       device='cuda:0', requires_grad=True)

Parameter name: road_linear_1.weight
Shape: torch.Size([1, 32])
Values: Parameter containing:
tensor([[ 0.3849,  0.5212,  0.3812, -0.4305,  0.4138,  0.5541, -0.4446, -0.5956,
         -0.4917,  0.5543,  0.4861,  0.6000, -0.5136, -0.5993, -0.4091, -0.4994,
         -0.4997,  0.4017, -0.4393,  0.3946,  0.5269,  0.5876, -0.5725, -0.4714,
         -0.4872, -0.4352, -0.5265,  0.4579, -0.4899,  0.5604,  0.4965, -0.4352]],
       device='cuda:0', requires_grad=True)

Parameter name: linear_0.weight
Shape: torch.Size([32, 39])
Values: Parameter containing:
tensor([[ 0.0313, -0.1098,  0.2804,  ...,  0.0370, -0.1407, -0.1137],
        [-0.0056, -0.1070, -0.1094,  ..., -0.0255, -0.1399,  0.0871],
        [-0.1168,  0.0856,  0.3361,  ...,  0.1516,  0.0495,  0.0345],
        ...,
        [ 0.0716, -0.1019, -0.0700,  ..., -0.1147, -0.0686, -0.1180],
        [-0.0268, -0.1144,  0.2164,  ..., -0.1376, -0.0647,  0.1557],
        [-0.1780,  0.1129,  0.0572,  ..., -0.0287, -0.1641, -0.0509]],
       device='cuda:0', requires_grad=True)

Parameter name: linear_0.bias
Shape: torch.Size([32])
Values: Parameter containing:
tensor([ 0.0760,  0.0835, -0.1273, -0.0887, -0.0235, -0.0037, -0.1378,  0.0793,
        -0.0595,  0.1196,  0.0617, -0.0595, -0.0026,  0.0749, -0.0960, -0.0549,
         0.1027, -0.1170, -0.0303,  0.0067, -0.0955,  0.0721,  0.0487, -0.0355,
        -0.0561,  0.0566, -0.0097, -0.1575,  0.0836,  0.1588,  0.1072, -0.1082],
       device='cuda:0', requires_grad=True)

Parameter name: linear_1.weight
Shape: torch.Size([32, 32])
Values: Parameter containing:
tensor([[ 0.1829, -0.0700, -0.1084,  ..., -0.0244, -0.1241,  0.1606],
        [-0.0769,  0.0926,  0.0682,  ...,  0.0597, -0.1205,  0.1566],
        [ 0.0029, -0.1697, -0.1291,  ..., -0.0514,  0.1044,  0.0663],
        ...,
        [ 0.0044, -0.0155,  0.1075,  ...,  0.1492, -0.1145,  0.1587],
        [ 0.1178, -0.0167,  0.0238,  ...,  0.1459,  0.1155, -0.0525],
        [ 0.1201, -0.0099,  0.1943,  ...,  0.1527,  0.0439,  0.0516]],
       device='cuda:0', requires_grad=True)

Parameter name: linear_1.bias
Shape: torch.Size([32])
Values: Parameter containing:
tensor([ 0.0407,  0.0725,  0.0330, -0.0145, -0.0799, -0.0765,  0.0211, -0.1310,
         0.0732, -0.0953,  0.1853, -0.1845,  0.1168,  0.0458, -0.1966,  0.0217,
        -0.0831, -0.1073, -0.0324, -0.0811,  0.0724,  0.1696, -0.1329,  0.1426,
        -0.1291, -0.0660,  0.1472, -0.1064, -0.0574, -0.0080,  0.0374, -0.0386],
       device='cuda:0', requires_grad=True)

Parameter name: linear_2.weight
Shape: torch.Size([1, 32])
Values: Parameter containing:
tensor([[ 0.1479,  0.0493, -0.1910, -0.1153,  0.0214, -0.0137, -0.0670,  0.0827,
          0.0465, -0.0797, -0.0712,  0.0833,  0.0408, -0.0059,  0.1199,  0.0203,
         -0.1356, -0.1821,  0.0057,  0.0804, -0.1036, -0.1104, -0.1006,  0.0010,
          0.1281,  0.1587, -0.1634,  0.1516, -0.0674, -0.1675,  0.1282,  0.1718]],
       device='cuda:0', requires_grad=True)

Parameter name: linear_2.bias
Shape: torch.Size([1])
Values: Parameter containing:
tensor([-0.0412], device='cuda:0', requires_grad=True)

