Parameter name: road_linear_0.weight
Shape: torch.Size([32, 16])
Values: Parameter containing:
tensor([[ 1.0528e-01, -7.3394e-02, -1.3290e-01, -4.4269e-01, -5.3861e-02,
         -3.8054e-01,  4.8243e-01, -3.4559e-01,  2.9958e-01, -2.3405e-01,
         -7.8336e-02,  4.3751e-01, -3.2710e-01, -4.9272e-01,  1.2016e-02,
         -8.6226e-02],
        [ 1.5979e-01, -5.6479e-01, -2.2534e-01, -4.5487e-01, -2.8096e-01,
         -3.0670e-01,  3.5748e-01, -1.6111e-01,  5.3373e-01, -3.7335e-01,
         -1.0702e-01,  3.3904e-01, -3.6430e-02, -1.9226e-01,  4.8341e-02,
         -2.1870e-01],
        [ 9.4853e-02, -1.9598e-01, -6.4165e-02, -1.8121e-01,  4.9870e-02,
         -4.9083e-01,  4.8128e-01, -3.8671e-01,  5.0320e-01, -1.7923e-01,
         -1.8428e-01,  1.3023e-01,  6.6356e-02, -6.8030e-02,  1.7926e-02,
         -1.6984e-01],
        [-9.6765e-02,  3.0373e-01,  2.0540e-01,  3.5203e-01,  1.8377e-01,
          3.2464e-01, -3.2059e-01,  2.3535e-01, -5.3474e-01,  8.2896e-02,
          1.5828e-01, -2.1902e-01,  2.9198e-01,  7.1857e-03,  1.2327e-01,
          2.8688e-01],
        [ 2.8567e-01, -1.5849e-01, -2.9593e-01, -4.6235e-01, -1.0866e-01,
         -4.6025e-01,  2.2768e-01, -1.9642e-02,  2.8145e-01, -2.0420e-01,
         -6.5270e-02,  4.3600e-01, -6.0013e-02, -3.8958e-01, -6.7766e-02,
         -3.0404e-01],
        [ 4.2459e-01, -7.4426e-02, -4.7764e-01, -4.5060e-02,  7.5835e-02,
         -5.7702e-01,  4.5945e-01, -3.3585e-01,  3.9312e-01, -2.9486e-01,
         -4.9821e-01,  5.1836e-01, -3.0107e-01, -2.2500e-02,  7.7273e-02,
         -2.2185e-01],
        [-8.6724e-02,  3.3184e-01,  5.1864e-01,  2.5399e-01,  8.6781e-02,
          1.8221e-01, -3.8148e-01,  3.5542e-02, -4.0153e-01,  4.5435e-01,
          1.9822e-01, -5.2239e-01,  1.0947e-02,  3.7095e-01, -1.2662e-01,
          3.1381e-01],
        [-4.8938e-01,  5.5708e-01,  5.0118e-01,  7.4715e-02, -1.1758e-01,
          2.2795e-01, -3.1526e-01,  2.0449e-02, -3.7048e-01,  2.6556e-01,
          2.9654e-01, -5.4497e-01,  3.5068e-01,  9.1965e-02,  1.4850e-01,
          5.2092e-01],
        [-2.4332e-01,  5.2416e-01,  4.3196e-01,  1.8214e-01,  2.2311e-01,
          2.0497e-01, -3.8803e-01,  2.4849e-01, -1.3260e-01,  2.0123e-01,
          1.3858e-01, -5.3834e-01, -5.1460e-02,  3.5593e-01,  5.6193e-02,
          2.2350e-01],
        [ 1.2029e-01, -3.2602e-01, -2.1977e-01, -4.6149e-01, -1.9334e-01,
         -4.0123e-01,  2.3234e-01, -8.1111e-02,  4.0196e-01, -5.0686e-01,
         -6.8308e-02,  5.9441e-01, -2.9617e-01, -2.3262e-01, -1.4187e-01,
         -3.3689e-01],
        [ 4.6945e-02, -1.3818e-01, -1.8606e-01, -4.7523e-01, -2.7631e-01,
         -1.4414e-01,  4.0277e-01, -2.0362e-01,  4.6458e-01, -2.5040e-01,
         -1.4570e-01,  6.0905e-01, -2.0631e-01, -1.7590e-02, -3.2767e-01,
         -4.6640e-01],
        [ 1.5147e-01, -3.8726e-01, -1.5933e-01, -3.3946e-01, -8.6258e-02,
         -4.2026e-01,  5.5276e-01, -1.6375e-01,  3.0955e-01, -1.4258e-01,
         -2.8591e-02,  6.4379e-01, -3.8873e-01, -4.0863e-01, -2.5019e-01,
         -3.5281e-01],
        [-1.4529e-01,  3.5132e-01,  2.7409e-01,  2.9002e-01,  8.9246e-02,
          4.4569e-01, -2.5841e-01,  1.4177e-02, -4.3960e-01,  4.0934e-01,
          7.4605e-02, -6.0457e-01, -3.7925e-04,  2.9722e-01,  3.2894e-02,
          1.9450e-01],
        [-1.9407e-01,  5.8125e-01,  4.9665e-01,  4.2389e-01, -6.2053e-02,
          4.8789e-01, -2.5452e-01,  2.1452e-01, -3.7342e-01,  3.2267e-01,
          1.1999e-01, -4.7470e-01,  1.9054e-01,  2.3415e-01, -6.9063e-02,
          3.9042e-01],
        [-3.3414e-01,  1.1363e-01,  3.8451e-01, -4.3083e-02,  2.7411e-01,
          5.2751e-01, -3.8737e-01,  3.8019e-02, -3.7215e-01,  2.5119e-01,
          1.8374e-01, -4.5614e-01,  2.0444e-01,  1.8380e-01,  4.0282e-02,
          2.7301e-01],
        [-4.8415e-01,  1.6680e-01,  3.3847e-01,  5.2100e-01, -3.1795e-02,
          5.6086e-01, -3.6150e-01,  5.8135e-02, -3.1210e-01,  4.5231e-01,
          2.9160e-01, -2.0507e-01,  1.7624e-01,  1.0297e-01,  3.9737e-01,
          2.4580e-01],
        [-7.7382e-02,  4.9324e-01,  3.3231e-01,  7.7222e-02, -1.3611e-01,
          4.3919e-01, -3.2533e-01,  2.5558e-01, -5.2829e-01,  2.9012e-01,
          4.5508e-01, -2.7709e-01,  4.3208e-01,  4.6011e-01,  1.1892e-01,
          1.2625e-01],
        [ 1.0446e-01, -2.3676e-01, -3.9054e-01, -2.6647e-01, -4.0896e-02,
         -2.1965e-01,  5.1054e-01,  5.8503e-03,  3.1738e-01, -1.8111e-01,
         -3.4712e-01,  3.1682e-01, -2.5244e-01, -4.1417e-01,  7.2408e-02,
         -3.4999e-01],
        [-1.6316e-01,  3.1642e-01,  2.9324e-01,  1.1075e-01,  2.8338e-02,
          9.7514e-02, -4.7684e-01,  2.7524e-01, -4.8921e-01,  3.3781e-01,
          2.1397e-01, -6.2335e-01,  2.4002e-01,  3.4246e-01,  3.1821e-01,
          3.4360e-01],
        [ 3.8097e-01, -3.0423e-01, -2.0121e-01, -1.3098e-01, -2.4013e-01,
         -3.8838e-01,  1.5813e-01,  8.6401e-02,  3.5096e-01, -3.8170e-01,
         -2.2134e-01,  4.3061e-01, -3.7975e-01, -2.1456e-01, -3.8932e-03,
         -2.6721e-01],
        [ 1.9904e-01, -1.2879e-01, -1.7555e-01, -5.0267e-01,  3.0366e-02,
         -5.7007e-01,  5.1750e-01,  7.3027e-02,  3.3525e-01, -4.2030e-01,
         -3.8991e-01,  3.0814e-01, -2.6576e-01, -3.8229e-01,  9.4877e-02,
         -4.0400e-01],
        [ 3.6136e-01, -5.8640e-01, -1.7408e-01, -6.5933e-02, -3.0213e-01,
         -4.4697e-01,  4.4666e-01, -3.8941e-01,  1.5543e-01, -2.4414e-01,
         -2.6732e-02,  3.5080e-01, -2.2907e-01, -5.1822e-01, -4.3398e-01,
         -9.5549e-02],
        [-7.5569e-02,  2.3983e-01,  1.9116e-01,  2.6914e-01,  2.1102e-01,
          8.6216e-02, -5.2131e-01,  3.7972e-02, -4.1625e-01,  3.2200e-01,
          4.0021e-01, -3.6973e-01,  1.7787e-02,  5.0001e-01,  3.4741e-01,
          3.8178e-01],
        [-9.9193e-02,  4.3166e-01,  4.9897e-01,  2.8466e-02, -5.0053e-02,
          3.2748e-01, -4.2631e-01, -2.5906e-02, -5.4613e-01,  1.3335e-01,
          2.0118e-01, -1.9830e-01,  3.7608e-01,  3.4443e-01,  1.6504e-02,
          2.0266e-01],
        [-1.5346e-01,  1.0670e-01,  2.7573e-01,  3.3661e-01,  3.5510e-01,
          2.0929e-01, -1.3608e-01,  1.2108e-01, -4.8476e-01,  5.5529e-01,
          4.4966e-01, -5.9202e-01,  6.7199e-02,  3.8237e-01,  4.9137e-02,
          4.6276e-01],
        [-3.6725e-01,  2.5312e-01,  2.2382e-01,  5.1224e-01,  1.9926e-02,
          3.3360e-01, -2.2400e-01, -1.9007e-02, -3.1097e-01,  1.3585e-01,
          1.3492e-02, -4.7364e-01,  2.4411e-01,  4.9091e-01, -8.1296e-02,
          2.3993e-01],
        [-2.1526e-01,  3.5370e-01,  4.1720e-01,  8.7650e-02, -1.7465e-02,
          2.2341e-01, -5.8669e-01,  1.9665e-01, -5.4021e-01,  4.6113e-01,
          1.4238e-01, -4.6741e-01,  3.1931e-01,  4.5768e-01,  3.1310e-01,
          4.4649e-01],
        [ 5.1323e-02, -2.8738e-01, -1.2303e-01, -2.2120e-01,  4.5487e-02,
         -5.2589e-01,  5.8995e-01, -1.8327e-01,  1.0500e-01, -4.0091e-01,
         -4.1672e-02,  3.4048e-01, -2.4743e-01, -3.7967e-01, -3.8245e-01,
         -2.7540e-01],
        [-3.6919e-02,  3.8323e-01,  2.8338e-01,  2.8476e-01, -6.9907e-02,
          2.4118e-01, -3.7129e-01, -5.4790e-02, -1.8511e-01,  3.6338e-01,
          2.6391e-01, -4.3002e-01,  4.1126e-01,  4.9349e-01,  3.1733e-01,
          4.3357e-01],
        [ 1.9365e-01, -1.7543e-01, -4.5893e-01, -1.7598e-01, -2.3746e-01,
         -3.0204e-01,  5.6609e-01,  3.4237e-02,  5.2887e-01, -2.4706e-01,
         -5.6434e-02,  5.0857e-01, -7.1049e-02, -1.4031e-01, -3.8598e-02,
         -4.0381e-01],
        [ 1.0709e-01, -3.8910e-01, -1.7547e-01, -4.1236e-01, -1.4286e-02,
         -1.3764e-01,  5.7740e-01, -2.9886e-01,  3.7167e-01, -1.5981e-01,
         -4.6180e-01,  5.6775e-01, -3.6071e-01, -4.3899e-01, -2.5823e-01,
         -3.9089e-01],
        [-2.9226e-01,  3.9804e-01,  3.9467e-01,  3.4951e-01,  2.4945e-01,
          1.7582e-01, -5.9738e-01, -9.8082e-02, -4.0761e-01,  1.9157e-01,
          3.1963e-01, -5.6986e-01,  2.6017e-03,  3.6933e-01, -4.8008e-03,
          3.4387e-01]], device='cuda:0', requires_grad=True)

Parameter name: road_linear_0.bias
Shape: torch.Size([32])
Values: Parameter containing:
tensor([-0.0564,  0.1074,  0.1052, -0.1310, -0.0206,  0.0056, -0.0450,  0.0956,
        -0.0188,  0.0895,  0.1607,  0.0486, -0.0370, -0.0237, -0.0016, -0.0135,
        -0.2206,  0.0443, -0.1153, -0.0640,  0.0720,  0.0274, -0.2636, -0.0597,
        -0.2547,  0.1974, -0.0664,  0.0773, -0.1268, -0.0022,  0.1822, -0.0709],
       device='cuda:0', requires_grad=True)

Parameter name: road_linear_1.weight
Shape: torch.Size([1, 32])
Values: Parameter containing:
tensor([[ 0.3295,  0.4672,  0.2745, -0.3504,  0.3522,  0.4925, -0.3886, -0.5286,
         -0.3704,  0.5026,  0.4249,  0.5469, -0.4487, -0.5435, -0.3327, -0.4360,
         -0.4440,  0.3444, -0.3827,  0.3213,  0.4812,  0.5045, -0.5211, -0.4115,
         -0.4401, -0.3824, -0.4788,  0.3681, -0.4299,  0.5046,  0.4467, -0.3863]],
       device='cuda:0', requires_grad=True)

Parameter name: linear_0.weight
Shape: torch.Size([32, 39])
Values: Parameter containing:
tensor([[ 0.0582, -0.1337,  0.2258,  ...,  0.0370, -0.1420, -0.1137],
        [-0.0451, -0.0884, -0.0932,  ..., -0.0255, -0.1462,  0.0871],
        [-0.0865,  0.0290,  0.3255,  ...,  0.1516,  0.0512,  0.0345],
        ...,
        [ 0.0764, -0.0851, -0.1165,  ..., -0.1147, -0.0550, -0.1180],
        [ 0.0035, -0.1371,  0.1896,  ..., -0.1376, -0.0605,  0.1557],
        [-0.1439,  0.0888,  0.0905,  ..., -0.0287, -0.1687, -0.0509]],
       device='cuda:0', requires_grad=True)

Parameter name: linear_0.bias
Shape: torch.Size([32])
Values: Parameter containing:
tensor([ 0.0747,  0.0772, -0.1256, -0.0911, -0.0233,  0.0010, -0.1214,  0.0787,
        -0.0583,  0.1203,  0.0592, -0.0519, -0.0032,  0.0691, -0.1067, -0.0574,
         0.0986, -0.1108, -0.0307,  0.0035, -0.1060,  0.0697,  0.0511, -0.0436,
        -0.0595,  0.0627, -0.0105, -0.1532,  0.0728,  0.1724,  0.1114, -0.1129],
       device='cuda:0', requires_grad=True)

Parameter name: linear_1.weight
Shape: torch.Size([32, 32])
Values: Parameter containing:
tensor([[ 0.1803, -0.0717, -0.1116,  ..., -0.0249, -0.1212,  0.1522],
        [-0.0784,  0.0917,  0.0650,  ...,  0.0597, -0.1185,  0.1480],
        [ 0.0050, -0.1665, -0.1249,  ..., -0.0532,  0.1019,  0.0764],
        ...,
        [ 0.0045, -0.0127,  0.1113,  ...,  0.1468, -0.1170,  0.1686],
        [ 0.1155, -0.0184,  0.0185,  ...,  0.1470,  0.1174, -0.0666],
        [ 0.1194, -0.0131,  0.1919,  ...,  0.1527,  0.0485,  0.0421]],
       device='cuda:0', requires_grad=True)

Parameter name: linear_1.bias
Shape: torch.Size([32])
Values: Parameter containing:
tensor([ 0.0433,  0.0753,  0.0288, -0.0182, -0.0791, -0.0817,  0.0177, -0.1259,
         0.0772, -0.0994,  0.1790, -0.1816,  0.1196,  0.0416, -0.1927,  0.0245,
        -0.0879, -0.1111, -0.0230, -0.0774,  0.0695,  0.1652, -0.1362,  0.1461,
        -0.1248, -0.0614,  0.1423, -0.1020, -0.0611, -0.0125,  0.0422, -0.0355],
       device='cuda:0', requires_grad=True)

Parameter name: linear_2.weight
Shape: torch.Size([1, 32])
Values: Parameter containing:
tensor([[ 0.1405,  0.0494, -0.1880, -0.1107,  0.0217, -0.0382, -0.0622,  0.0892,
          0.0491, -0.0806, -0.0717,  0.0778,  0.0451, -0.0076,  0.1153,  0.0271,
         -0.1376, -0.1844,  0.0061,  0.0763, -0.0964, -0.1108, -0.1101,  0.0080,
          0.1245,  0.1601, -0.1619,  0.1476, -0.0703, -0.1640,  0.1303,  0.1661]],
       device='cuda:0', requires_grad=True)

Parameter name: linear_2.bias
Shape: torch.Size([1])
Values: Parameter containing:
tensor([-0.0367], device='cuda:0', requires_grad=True)

