Parameter name: road_linear_0.weight
Shape: torch.Size([32, 16])
Values: Parameter containing:
tensor([[-0.0190,  0.1136,  0.0194, -0.3631, -0.0902, -0.1679,  0.3186, -0.2688,
          0.2286, -0.1055, -0.0406,  0.2396, -0.2635, -0.4167,  0.0888,  0.0778],
        [ 0.0777, -0.3774, -0.0856, -0.3824, -0.2883, -0.1282,  0.2084, -0.0921,
          0.4688, -0.2629, -0.0493,  0.1663,  0.0139, -0.1274,  0.1517, -0.0842],
        [-0.0155,  0.0365,  0.1383, -0.0632,  0.0788, -0.2619,  0.2598, -0.2645,
          0.3706, -0.0043, -0.0740, -0.1075,  0.1584,  0.0595,  0.1794,  0.0187],
        [ 0.0386,  0.0829,  0.0351,  0.2630,  0.1804,  0.1509, -0.1458,  0.1365,
         -0.4497, -0.0450,  0.0944, -0.0281,  0.2197, -0.0775, -0.0085,  0.1205],
        [ 0.1913,  0.0525, -0.1358, -0.3788, -0.0992, -0.2792,  0.0599,  0.0690,
          0.2004, -0.0807,  0.0070,  0.2503,  0.0013, -0.3099,  0.0602, -0.1494],
        [ 0.3657,  0.1166, -0.3408,  0.0236,  0.0746, -0.3637,  0.3152, -0.2684,
          0.3284, -0.1819, -0.4224,  0.3363, -0.2593,  0.0410,  0.1823, -0.0819],
        [-0.0029,  0.1378,  0.3653,  0.1783,  0.1154, -0.0449, -0.2220, -0.0460,
         -0.3289,  0.3215,  0.1323, -0.3059, -0.0397,  0.2972, -0.2185,  0.1311],
        [-0.4105,  0.3545,  0.3600,  0.0030, -0.1126,  0.0274, -0.1649, -0.0527,
         -0.3047,  0.1522,  0.2305, -0.3624,  0.3032,  0.0269,  0.0370,  0.3789],
        [-0.2217,  0.2797,  0.2138,  0.0520,  0.1638, -0.0414, -0.1428,  0.1270,
          0.0217,  0.0079, -0.0069, -0.2890, -0.1444,  0.2081, -0.1351,  0.0350],
        [ 0.0540, -0.1424, -0.0853, -0.3921, -0.1994, -0.2213,  0.0877, -0.0180,
          0.3391, -0.3994, -0.0072,  0.4252, -0.2520, -0.1710, -0.0381, -0.2076],
        [-0.0734,  0.0581, -0.0344, -0.3962, -0.2989,  0.0511,  0.2402, -0.1235,
          0.3954, -0.1287, -0.0994,  0.4202, -0.1442,  0.0541, -0.2309, -0.3132],
        [ 0.0808, -0.2141, -0.0275, -0.2695, -0.0974, -0.2715,  0.4059, -0.1050,
          0.2489, -0.0409,  0.0186,  0.4879, -0.3449, -0.3505, -0.1437, -0.2319],
        [-0.0646,  0.1573,  0.1171,  0.2124,  0.1144,  0.1920, -0.0932, -0.0822,
         -0.3644,  0.2672, -0.0045, -0.3722, -0.0524,  0.2201, -0.0589,  0.0025],
        [-0.1498,  0.3861,  0.3630,  0.3568, -0.0656,  0.3052, -0.1136,  0.1514,
         -0.3101,  0.2168,  0.0483, -0.3043,  0.1525,  0.1739, -0.1846,  0.2600],
        [-0.2446, -0.1087,  0.2145, -0.1313,  0.2643,  0.3159, -0.2102, -0.0616,
         -0.2827,  0.1151,  0.0983, -0.2495,  0.1421,  0.0973, -0.0944,  0.0981],
        [-0.3997, -0.0310,  0.1904,  0.4443, -0.0288,  0.3496, -0.2023, -0.0282,
         -0.2409,  0.3314,  0.2223, -0.0162,  0.1223,  0.0312,  0.2896,  0.0966],
        [-0.0113,  0.3067,  0.1933,  0.0067, -0.1274,  0.2788, -0.1812,  0.2007,
         -0.4650,  0.1832,  0.3995, -0.1103,  0.3873,  0.3981,  0.0119, -0.0036],
        [-0.0036, -0.0451, -0.2387, -0.1873, -0.0614, -0.0168,  0.3486,  0.0812,
          0.2448, -0.0563, -0.2939,  0.1246, -0.1921, -0.3391,  0.1638, -0.1936],
        [-0.0567,  0.1104,  0.1389,  0.0326,  0.0538, -0.0954, -0.3149,  0.2059,
         -0.4191,  0.2155,  0.1635, -0.4314,  0.1846,  0.2726,  0.2092,  0.1864],
        [ 0.2760, -0.0940, -0.0384, -0.0462, -0.2425, -0.1711, -0.0130,  0.1825,
          0.2678, -0.2487, -0.1461,  0.2271, -0.3165, -0.1313,  0.1090, -0.0954],
        [ 0.1500,  0.0361, -0.0452, -0.4343,  0.0256, -0.3745,  0.3755,  0.1334,
          0.2721, -0.3086, -0.3191,  0.1344, -0.2256, -0.3199,  0.1853, -0.2780],
        [ 0.2794, -0.3740, -0.0240,  0.0102, -0.3006, -0.2500,  0.2878, -0.3116,
          0.0847, -0.1258,  0.0437,  0.1646, -0.1775, -0.4489, -0.3090,  0.0500],
        [ 0.0045,  0.0533,  0.0548,  0.2004,  0.2289, -0.1071, -0.3785, -0.0217,
         -0.3558,  0.2112,  0.3461, -0.1905, -0.0290,  0.4384,  0.2555,  0.2459],
        [ 0.0124,  0.2501,  0.3557, -0.0472, -0.0316,  0.1641, -0.2721, -0.0933,
         -0.4807,  0.0213,  0.1593, -0.0268,  0.3161,  0.2760, -0.0739,  0.0657],
        [-0.1259, -0.0850,  0.1346,  0.2655,  0.3451,  0.0703,  0.0053,  0.0670,
         -0.4179,  0.4525,  0.3853, -0.4356,  0.0271,  0.3194, -0.0779,  0.3375],
        [-0.2511,  0.0689,  0.0791,  0.4357,  0.0375,  0.1476, -0.0676, -0.0932,
         -0.2433,  0.0183, -0.0334, -0.2940,  0.1831,  0.4191, -0.1671,  0.0953],
        [-0.1442,  0.1693,  0.2789,  0.0212,  0.0189,  0.0636, -0.4446,  0.1477,
         -0.4814,  0.3503,  0.1036, -0.2853,  0.2794,  0.3989,  0.2209,  0.3026],
        [-0.0342, -0.0469,  0.0711, -0.1176,  0.0711, -0.3050,  0.3842, -0.0706,
         -0.0055, -0.2439,  0.0610,  0.1162, -0.1742, -0.2731, -0.2186, -0.0909],
        [ 0.0487,  0.1873,  0.1363,  0.2079, -0.0643,  0.0668, -0.2138, -0.1278,
         -0.1150,  0.2492,  0.2045, -0.2545,  0.3585,  0.4250,  0.2021,  0.2921],
        [ 0.0989,  0.0088, -0.3174, -0.1055, -0.2709, -0.0633,  0.4166,  0.1078,
          0.4664, -0.1238, -0.0097,  0.3032, -0.0196, -0.0732,  0.0384, -0.2461],
        [ 0.0201, -0.2140, -0.0391, -0.3423, -0.0444,  0.0301,  0.4299, -0.2485,
          0.3122, -0.0505, -0.4238,  0.3968, -0.3134, -0.3793, -0.1687, -0.2603],
        [-0.2185,  0.2009,  0.2456,  0.2733,  0.2598, -0.0083, -0.4399, -0.1693,
         -0.3366,  0.0735,  0.2572, -0.3861, -0.0464,  0.3005, -0.1180,  0.1955]],
       device='cuda:0', requires_grad=True)

Parameter name: road_linear_0.bias
Shape: torch.Size([32])
Values: Parameter containing:
tensor([-0.1625,  0.0950,  0.1535, -0.1059,  0.0049,  0.0216,  0.0005,  0.0959,
        -0.2104,  0.0969,  0.0772,  0.0515,  0.0082, -0.0791, -0.0268,  0.0081,
        -0.2336, -0.0265, -0.0693, -0.1111,  0.0767,  0.0598, -0.2371,  0.0064,
        -0.3211,  0.2840, -0.0426,  0.1793, -0.1267, -0.0733,  0.1441, -0.0720],
       device='cuda:0', requires_grad=True)

Parameter name: road_linear_1.weight
Shape: torch.Size([1, 32])
Values: Parameter containing:
tensor([[ 0.2112,  0.3397,  0.0907, -0.1992,  0.2133,  0.3547, -0.2599, -0.3622,
         -0.1019,  0.3729,  0.2759,  0.4039, -0.2960, -0.4037, -0.1788, -0.2844,
         -0.3267,  0.2242, -0.2444,  0.1839,  0.3714,  0.3081, -0.3969, -0.2874,
         -0.3361, -0.2632, -0.3545,  0.1575, -0.2861,  0.3664,  0.3229, -0.2613]],
       device='cuda:0', requires_grad=True)

Parameter name: linear_0.weight
Shape: torch.Size([32, 39])
Values: Parameter containing:
tensor([[ 0.0609, -0.1122,  0.2134,  ...,  0.0370, -0.1462, -0.1137],
        [-0.0491, -0.0926, -0.0868,  ..., -0.0255, -0.1447,  0.0871],
        [-0.0840,  0.0430,  0.3111,  ...,  0.1516,  0.0482,  0.0345],
        ...,
        [ 0.0809, -0.0834, -0.1208,  ..., -0.1147, -0.0535, -0.1180],
        [ 0.0073, -0.1300,  0.1790,  ..., -0.1376, -0.0619,  0.1557],
        [-0.1454,  0.0872,  0.0984,  ..., -0.0287, -0.1694, -0.0509]],
       device='cuda:0', requires_grad=True)

Parameter name: linear_0.bias
Shape: torch.Size([32])
Values: Parameter containing:
tensor([ 0.0705,  0.0787, -0.1286, -0.0894, -0.0221, -0.0017, -0.1227,  0.0821,
        -0.0583,  0.1213,  0.0613, -0.0534, -0.0090,  0.0704, -0.1060, -0.0554,
         0.0998, -0.1145, -0.0271,  0.0065, -0.1034,  0.0734,  0.0492, -0.0426,
        -0.0551,  0.0577, -0.0111, -0.1543,  0.0744,  0.1739,  0.1100, -0.1135],
       device='cuda:0', requires_grad=True)

Parameter name: linear_1.weight
Shape: torch.Size([32, 32])
Values: Parameter containing:
tensor([[ 0.1810, -0.0728, -0.1102,  ..., -0.0285, -0.1185,  0.1518],
        [-0.0775,  0.0908,  0.0666,  ...,  0.0560, -0.1158,  0.1478],
        [ 0.0040, -0.1652, -0.1268,  ..., -0.0484,  0.0985,  0.0768],
        ...,
        [ 0.0040, -0.0119,  0.1102,  ...,  0.1501, -0.1193,  0.1690],
        [ 0.1170, -0.0199,  0.0208,  ...,  0.1416,  0.1213, -0.0670],
        [ 0.1202, -0.0142,  0.1937,  ...,  0.1481,  0.0517,  0.0416]],
       device='cuda:0', requires_grad=True)

Parameter name: linear_1.bias
Shape: torch.Size([32])
Values: Parameter containing:
tensor([ 0.0421,  0.0741,  0.0303, -0.0169, -0.0816, -0.0759,  0.0196, -0.1280,
         0.0760, -0.0979,  0.1809, -0.1834,  0.1185,  0.0410, -0.1945,  0.0238,
        -0.0869, -0.1099, -0.0241, -0.0791,  0.0708,  0.1669, -0.1352,  0.1460,
        -0.1262, -0.0626,  0.1437, -0.1032, -0.0598, -0.0116,  0.0405, -0.0370],
       device='cuda:0', requires_grad=True)

Parameter name: linear_2.weight
Shape: torch.Size([1, 32])
Values: Parameter containing:
tensor([[ 0.1443,  0.0520, -0.1903, -0.1113,  0.0275, -0.0431, -0.0641,  0.0909,
          0.0491, -0.0812, -0.0749,  0.0800,  0.0482,  0.0054,  0.1179,  0.0277,
         -0.1414, -0.1878,  0.0075,  0.0786, -0.0990, -0.1143, -0.1121,  0.0065,
          0.1284,  0.1648, -0.1644,  0.1517, -0.0752, -0.1678,  0.1303,  0.1682]],
       device='cuda:0', requires_grad=True)

Parameter name: linear_2.bias
Shape: torch.Size([1])
Values: Parameter containing:
tensor([-0.0382], device='cuda:0', requires_grad=True)

