Parameter name: road_linear_0.weight
Shape: torch.Size([32, 16])
Values: Parameter containing:
tensor([[-3.1521e-01,  5.0725e-01,  5.9354e-02, -5.7072e-02,  4.0187e-01,
          2.0985e-01,  4.1658e-01,  1.8171e-01,  3.6563e-01,  1.9596e-01,
          1.2950e-01, -3.3860e-01, -4.0409e-01, -2.7544e-01,  3.7559e-01,
          1.0388e-01],
        [-9.9157e-02, -1.5011e-01,  7.4772e-02, -1.3800e-01,  1.5486e-01,
          2.1560e-01,  4.1002e-02,  3.6816e-01,  7.2836e-01, -4.5308e-02,
          2.9478e-01, -4.6738e-01,  7.7982e-02,  1.2757e-01,  7.0641e-01,
          8.2196e-02],
        [ 1.6975e-01, -2.4603e-01,  3.6810e-01, -1.1174e-01, -4.0491e-01,
         -3.7260e-01, -2.5789e-01, -6.6580e-01, -1.8605e-01, -6.7283e-02,
          1.0072e-01,  1.8449e-01,  6.4981e-01,  2.9415e-01, -1.1741e-01,
          2.7736e-01],
        [ 4.8435e-02, -1.1954e-01, -1.4630e-01,  9.8156e-02, -1.5822e-01,
         -1.2834e-01,  1.2940e-02, -2.6411e-01, -7.0884e-01, -1.7974e-01,
         -2.1765e-01,  5.0183e-01,  1.7361e-01, -3.5603e-01, -4.5805e-01,
         -6.0512e-02],
        [ 8.5344e-02,  2.7376e-01,  3.2130e-02, -1.7031e-01,  2.9671e-01,
          3.5410e-02, -6.4192e-02,  5.1311e-01,  4.4915e-01,  9.4306e-02,
          3.3343e-01, -3.0441e-01,  4.3474e-02, -4.0708e-02,  5.3690e-01,
          1.7290e-02],
        [-1.0391e-01,  5.4242e-01, -3.5066e-01,  3.8946e-01,  6.0661e-01,
          8.0099e-03,  4.5119e-01,  1.8574e-01,  3.9053e-01,  2.0870e-01,
         -2.8066e-01, -2.7723e-01, -4.0524e-01,  1.5678e-01,  4.6521e-01,
         -9.4458e-02],
        [ 1.9262e-01, -3.8517e-02,  2.0694e-01, -3.7833e-02, -2.2152e-01,
         -1.4628e-01, -8.8835e-02, -4.2503e-01, -5.4725e-01,  1.6086e-01,
         -1.2288e-01,  2.2572e-01, -9.6967e-02,  1.6419e-02, -5.1536e-01,
         -2.0566e-02],
        [-2.1339e-01,  4.7461e-02,  1.7057e-01, -2.1343e-01, -5.2115e-01,
         -2.2744e-01, -1.9350e-02, -4.6208e-01, -4.6946e-01, -4.8732e-02,
         -1.4290e-01,  2.1530e-01,  2.5544e-01, -2.7960e-01, -3.0696e-01,
          1.9570e-01],
        [-1.2391e-01,  6.7009e-02,  1.2059e-01, -1.1183e-01, -2.8863e-01,
         -2.8983e-01, -4.7467e-02, -3.4550e-01, -3.4105e-01, -1.3147e-01,
         -2.9995e-01,  3.0388e-01, -1.2855e-01, -1.3792e-02, -6.8400e-01,
         -6.8291e-02],
        [-1.3026e-01,  9.6347e-02,  8.2781e-02, -1.4497e-01,  2.4232e-01,
          1.1488e-01, -5.7858e-02,  4.5904e-01,  6.1648e-01, -1.8023e-01,
          3.3756e-01, -2.0577e-01, -1.9224e-01,  9.0981e-02,  4.9452e-01,
         -3.9665e-02],
        [-2.6758e-01,  4.5640e-01,  7.1088e-02, -1.2999e-01,  1.9153e-01,
          3.7822e-01,  2.4021e-01,  3.3268e-01,  6.0840e-01,  1.3576e-01,
          8.7222e-02, -1.9177e-01, -2.5432e-01,  2.4974e-01,  1.8946e-01,
         -2.2614e-01],
        [ 4.0741e-02,  1.0812e-01,  1.7076e-01, -5.8155e-02,  3.7014e-01,
          4.7738e-02,  2.4715e-01,  3.6765e-01,  4.9180e-01,  1.6441e-01,
          3.8268e-01, -1.4318e-01, -3.7170e-01, -4.8481e-02,  3.5134e-01,
         -3.4853e-02],
        [ 1.9183e-01, -3.1296e-02, -6.7421e-03, -5.8707e-02, -2.8571e-01,
          4.6000e-02, -3.5863e-02, -5.3585e-01, -6.4389e-01,  4.6382e-02,
         -1.2701e-01,  2.1082e-01, -7.1131e-02,  1.2174e-02, -4.7997e-01,
         -1.0261e-01],
        [ 2.9899e-02,  1.8615e-01,  1.6936e-01,  1.3560e-01, -4.7210e-01,
          1.9456e-02,  8.1494e-02, -2.8533e-01, -5.7253e-01,  2.7268e-02,
         -3.1944e-01,  3.0219e-01,  3.8831e-02, -1.2938e-01, -6.6231e-01,
          6.1353e-02],
        [-2.0048e-01, -9.7317e-02,  1.2203e-01, -1.8193e-01,  5.5618e-01,
          3.5264e-01, -3.1708e-02,  3.3627e-01,  3.1704e-01, -3.3138e-03,
          2.1982e-01, -5.1602e-01, -8.6807e-03,  7.2400e-02,  3.5301e-01,
          8.3263e-03],
        [-1.4623e-01, -3.4975e-01,  8.2408e-02,  1.4582e-01, -4.9735e-01,
         -1.8941e-02, -1.8384e-01, -5.0535e-01, -4.4094e-01,  5.5539e-02,
         -5.6582e-02,  5.8317e-01,  1.5266e-01, -1.5921e-01, -1.2151e-01,
          8.5043e-03],
        [ 8.1518e-02,  9.8534e-02, -3.7407e-02, -1.6609e-01, -4.7609e-01,
          3.2813e-02,  7.0914e-02, -1.8316e-01, -6.6036e-01,  3.3927e-02,
          1.8960e-02,  4.5240e-01,  2.4620e-01,  3.1522e-02, -4.0384e-01,
         -2.4743e-01],
        [-2.2022e-01,  2.9099e-01, -1.2659e-01,  4.5691e-02,  3.1767e-01,
          2.6112e-01,  3.2837e-01,  4.3521e-01,  2.4460e-01,  1.8335e-01,
         -6.0120e-02, -3.7888e-01, -2.2726e-01, -8.3756e-02,  3.7593e-01,
         -7.5309e-02],
        [ 2.7519e-01, -3.4193e-01,  9.2943e-02, -2.3698e-01, -4.9413e-01,
         -3.7993e-01, -4.3889e-01, -2.1404e-01, -5.9789e-01, -8.0501e-02,
          1.4519e-01,  1.5115e-01,  4.2477e-01,  1.9131e-01, -1.6101e-01,
          1.6585e-01],
        [ 4.2595e-01, -3.2822e-01,  2.2303e-01, -5.0511e-02, -6.4683e-01,
         -2.4764e-01, -5.2595e-01, -2.3063e-01, -2.5492e-01, -2.4107e-01,
          6.7061e-02,  4.7892e-01,  1.4985e-01,  5.4036e-02, -2.0516e-01,
          1.7828e-01],
        [-4.8381e-02,  2.4884e-01,  1.1363e-01, -1.9067e-01,  3.8062e-01,
         -6.9441e-02,  2.7131e-01,  5.1298e-01,  3.4038e-01, -7.2546e-02,
         -3.1455e-02, -3.5503e-01, -1.4913e-01, -4.4561e-02,  4.6890e-01,
         -1.2032e-01],
        [-1.2602e-02,  4.0325e-02,  6.4192e-02,  3.0181e-01,  3.1319e-01,
          1.0701e-01,  2.4902e-01,  2.1643e-01,  3.7195e-01,  1.5445e-01,
          3.3216e-01, -5.3959e-01, -2.7877e-01, -2.5112e-01,  2.1958e-01,
          1.4265e-01],
        [ 4.0586e-01, -3.7994e-01,  1.9181e-04, -1.1358e-01, -2.8990e-01,
         -3.9114e-01, -4.4573e-01, -4.5838e-01, -4.4653e-01, -1.1783e-01,
          2.6277e-01,  4.2964e-01,  1.1518e-01,  2.5390e-01, -7.8945e-02,
          1.9098e-01],
        [ 4.5710e-03,  7.4214e-02,  9.5063e-02, -1.7684e-01, -3.0684e-01,
         -7.3845e-02, -1.1036e-02, -4.2691e-01, -5.7058e-01, -9.4554e-02,
         -2.1443e-01,  4.5653e-01,  1.5523e-01, -1.3061e-01, -4.0268e-01,
         -2.0502e-01],
        [ 2.7602e-02, -3.4767e-01, -3.0478e-02,  2.5040e-02, -8.3176e-02,
         -1.8512e-01,  1.5806e-01, -3.5978e-01, -7.0364e-01,  2.4802e-01,
          7.6621e-02,  1.6738e-01, -3.1751e-02,  4.1816e-02, -5.6355e-01,
          1.6332e-01],
        [-1.4592e-01, -1.1174e-01, -1.2041e-01,  2.3160e-01, -3.1572e-01,
         -1.6052e-01,  8.3211e-02, -5.0471e-01, -4.5049e-01, -1.5300e-01,
         -3.9674e-01,  2.0665e-01,  9.3070e-02,  1.2214e-01, -6.0250e-01,
         -9.4147e-02],
        [ 3.8270e-01, -2.2421e-01,  3.2366e-01, -3.5112e-01, -5.0868e-01,
         -1.5148e-01, -6.3272e-01, -2.9732e-01, -6.0480e-01, -2.4019e-02,
          2.0991e-01,  3.1951e-01,  5.0124e-01,  3.1578e-01, -1.0797e-01,
          3.4782e-01],
        [-2.0636e-01,  2.6487e-01,  1.7157e-01,  9.3456e-02,  5.3147e-01,
         -1.3341e-02,  3.2245e-01,  3.8210e-01,  2.0941e-01, -3.9284e-02,
          3.0358e-01, -4.6425e-01, -2.3772e-01, -5.4364e-02,  2.2162e-01,
          9.3797e-03],
        [ 1.8076e-01, -1.5989e-01, -2.0639e-02, -7.9234e-03, -4.8668e-01,
         -2.2601e-01, -9.5698e-02, -5.2650e-01, -2.2512e-01,  2.4678e-02,
         -4.9022e-02,  3.1872e-01,  3.7891e-01,  1.4741e-01, -1.7345e-01,
          1.3174e-01],
        [-3.4943e-01,  3.8531e-01, -2.9518e-01,  2.3696e-01,  2.1191e-01,
          1.7104e-01,  5.2617e-01,  5.2700e-01,  5.2646e-01,  2.2194e-01,
          7.1084e-02, -2.8062e-01, -1.4116e-01,  8.0127e-02,  2.6798e-01,
         -2.3315e-01],
        [-3.0600e-01,  2.5644e-01,  2.2116e-02, -4.4977e-02,  4.8356e-01,
          3.8060e-01,  5.0527e-01,  2.0821e-01,  4.2501e-01,  2.7186e-01,
         -3.2096e-01, -2.3034e-01, -5.1588e-01, -1.9759e-01,  2.0071e-01,
         -2.0335e-01],
        [-1.2727e-01, -6.5587e-02,  5.2829e-02,  9.0633e-02, -1.2753e-01,
         -2.3657e-01, -2.9618e-01, -5.4606e-01, -5.6480e-01, -9.0627e-02,
         -2.3496e-02,  1.4607e-01, -7.5613e-02,  4.9194e-02, -4.9930e-01,
          2.3220e-02]], device='cuda:0', requires_grad=True)

Parameter name: road_linear_0.bias
Shape: torch.Size([32])
Values: Parameter containing:
tensor([-0.1008,  0.1638,  0.1922, -0.2356,  0.2036, -0.1572, -0.0391,  0.1210,
        -0.1526,  0.1542, -0.0483,  0.1220, -0.0634, -0.1155,  0.1724, -0.0438,
        -0.1943, -0.0724,  0.2054,  0.1289,  0.1029, -0.0912,  0.0976, -0.1267,
        -0.2374, -0.0587,  0.2319,  0.0620, -0.0086, -0.2530, -0.0800, -0.0718],
       device='cuda:0', requires_grad=True)

Parameter name: road_linear_1.weight
Shape: torch.Size([1, 32])
Values: Parameter containing:
tensor([[ 0.5420,  0.6991, -0.4674, -0.6086,  0.6825,  0.6308, -0.6154, -0.6813,
         -0.6298,  0.7346,  0.5374,  0.7138, -0.6219, -0.7816,  0.6387, -0.6122,
         -0.6392,  0.6068, -0.4361, -0.4775,  0.7618,  0.5351, -0.5872, -0.7115,
         -0.6679, -0.7079, -0.5386,  0.6717, -0.6206,  0.6579,  0.4915, -0.5433]],
       device='cuda:0', requires_grad=True)

Parameter name: linear_0.weight
Shape: torch.Size([32, 39])
Values: Parameter containing:
tensor([[-0.0224,  0.1019,  0.0519,  ...,  0.1988, -0.5767, -0.1137],
        [-0.1395, -0.0359,  0.1412,  ...,  0.0527, -0.5139,  0.0871],
        [ 0.0278, -0.0393,  0.0215,  ...,  0.0649,  0.5283,  0.0345],
        ...,
        [ 0.1389, -0.1547, -0.0417,  ..., -0.1687,  0.2300, -0.1180],
        [ 0.1116, -0.2123, -0.0741,  ..., -0.2309,  0.3851,  0.1557],
        [-0.2202,  0.1872,  0.0690,  ...,  0.0845, -0.5056, -0.0509]],
       device='cuda:0', requires_grad=True)

Parameter name: linear_0.bias
Shape: torch.Size([32])
Values: Parameter containing:
tensor([ 0.0876,  0.0267, -0.0606, -0.1338, -0.0858,  0.0422, -0.0831,  0.0718,
        -0.0398,  0.0477,  0.0534,  0.0148, -0.0246,  0.1070, -0.0209, -0.0183,
         0.0548, -0.1664,  0.0007,  0.0940, -0.0967, -0.0052,  0.1196,  0.0589,
        -0.1090,  0.1135,  0.0611, -0.1567,  0.0462,  0.1986,  0.1813, -0.1021],
       device='cuda:0', requires_grad=True)

Parameter name: linear_1.weight
Shape: torch.Size([32, 32])
Values: Parameter containing:
tensor([[ 0.0965, -0.2208,  0.0082,  ...,  0.1123, -0.0027,  0.0695],
        [-0.1877, -0.0635,  0.2091,  ...,  0.2070,  0.0108,  0.0409],
        [ 0.1354, -0.0326, -0.2416,  ..., -0.1759, -0.0126,  0.2155],
        ...,
        [ 0.1442,  0.0879,  0.0223,  ...,  0.0451, -0.2302,  0.3446],
        [ 0.0536, -0.2303,  0.1594,  ...,  0.3381,  0.2749, -0.1238],
        [ 0.0173, -0.1378,  0.2911,  ...,  0.2744,  0.1489, -0.0535]],
       device='cuda:0', requires_grad=True)

Parameter name: linear_1.bias
Shape: torch.Size([32])
Values: Parameter containing:
tensor([ 0.1570,  0.1972, -0.0654, -0.1634,  0.0408, -0.0019, -0.1012,  0.0689,
         0.2224, -0.1749,  0.1367, -0.1637,  0.2498,  0.0717, -0.0568,  0.2227,
         0.0361, -0.1961,  0.0643,  0.0755, -0.0918,  0.0622, -0.2344,  0.2326,
         0.0159, -0.0464,  0.0833,  0.0052, -0.2030, -0.0781,  0.2122,  0.0627],
       device='cuda:0', requires_grad=True)

Parameter name: linear_2.weight
Shape: torch.Size([1, 32])
Values: Parameter containing:
tensor([[ 1.1358,  1.0632, -1.1235, -1.1010,  0.9708,  0.9874, -1.0383,  0.9521,
          1.0188, -1.0893, -1.0028,  1.0025,  1.0028,  1.0140,  1.0254,  0.9986,
         -1.1181, -1.1454,  0.9997,  0.9884, -1.0480, -1.0475, -1.1533,  1.0041,
          1.0908,  1.1251, -1.1250,  1.1022, -1.0414, -1.1449,  1.0475,  1.1222]],
       device='cuda:0', requires_grad=True)

Parameter name: linear_2.bias
Shape: torch.Size([1])
Values: Parameter containing:
tensor([0.8742], device='cuda:0', requires_grad=True)

