Parameter name: road_linear_0.weight
Shape: torch.Size([32, 16])
Values: Parameter containing:
tensor([[-5.7366e-01,  7.8803e-01, -2.3075e-01, -3.7617e-01,  2.7005e-01,
         -3.9300e-01,  6.7439e-01,  6.6182e-02,  3.1234e-01,  2.0088e-01,
          1.8267e-01, -2.7266e-01, -2.5432e-01,  6.7817e-02,  3.3685e-01,
         -1.8578e-01],
        [-3.6718e-01,  1.2928e-01, -2.1155e-01, -3.0336e-01,  2.0806e-01,
         -2.0394e-01,  3.7311e-01,  3.5843e-01,  5.9458e-01,  7.0397e-02,
          1.2109e-01, -4.6797e-01,  9.2738e-02,  3.4248e-01,  5.8068e-01,
         -1.7942e-01],
        [-3.6016e-01,  4.2896e-01, -6.1390e-02, -7.6190e-02,  4.5239e-01,
         -3.9117e-01,  5.4959e-01,  1.1998e-01,  5.6649e-01,  1.5530e-01,
          1.4225e-02, -6.0225e-01,  1.1512e-01,  3.5376e-01,  5.1734e-01,
         -1.6507e-01],
        [ 4.0898e-01, -4.2133e-01,  1.8708e-01,  1.9725e-01, -1.9162e-01,
          2.0234e-01, -3.7916e-01, -2.1559e-01, -5.3354e-01, -3.2937e-01,
         -2.5788e-02,  4.6814e-01,  1.5821e-01, -4.3583e-01, -3.2756e-01,
          2.6753e-01],
        [-2.5546e-01,  5.7761e-01, -2.8121e-01, -3.2956e-01,  2.9699e-01,
         -3.4089e-01,  2.3878e-01,  4.2940e-01,  2.5107e-01,  2.3134e-01,
          1.8859e-01, -2.7093e-01,  7.7957e-02,  1.1728e-01,  4.1819e-01,
         -2.7566e-01],
        [-1.6459e-01,  6.1713e-01, -4.7018e-01,  5.8566e-02,  4.2370e-01,
         -4.6883e-01,  4.4520e-01,  4.0602e-02,  3.2731e-01,  6.1894e-02,
         -1.4436e-01, -1.7697e-01, -2.2608e-01,  4.8410e-01,  4.4798e-01,
         -2.0289e-01],
        [ 4.5975e-01, -3.5854e-01,  5.5950e-01,  2.0219e-01, -2.0422e-01,
          3.2678e-01, -4.4089e-01, -3.5140e-01, -3.6919e-01,  1.7884e-01,
         -5.4834e-02,  1.6754e-01, -3.0036e-02, -1.9629e-01, -3.3582e-01,
          3.2147e-01],
        [ 6.9663e-02, -1.5941e-01,  4.7082e-01, -7.2776e-03, -5.1498e-01,
          1.5452e-01, -2.9957e-01, -4.1365e-01, -3.3108e-01, -6.2896e-02,
         -7.9188e-02,  1.8549e-01,  3.0834e-01, -4.4912e-01, -2.3914e-01,
          4.8346e-01],
        [ 1.9797e-01, -2.4497e-01,  4.7760e-01,  1.2187e-01, -3.6467e-01,
          2.1392e-01, -4.8085e-01, -3.7688e-01, -2.3736e-01, -2.5593e-01,
         -1.8517e-01,  3.0998e-01, -1.0918e-01, -3.2069e-01, -6.3518e-01,
          2.5728e-01],
        [-5.1099e-01,  4.2774e-01, -2.6393e-01, -2.7558e-01,  2.0978e-01,
         -2.5610e-01,  2.8749e-01,  3.4635e-01,  3.8953e-01,  5.5711e-02,
          1.1662e-01, -1.2669e-01, -5.5334e-02,  2.6561e-01,  3.1930e-01,
         -3.8115e-01],
        [-6.4901e-01,  6.9669e-01, -2.8040e-01, -3.9703e-01,  5.3279e-02,
         -8.2370e-02,  5.1510e-01,  2.0503e-01,  4.7941e-01,  2.4809e-01,
          3.3058e-02, -1.0931e-01, -7.6307e-02,  4.9082e-01,  7.9017e-02,
         -5.9230e-01],
        [-3.6296e-01,  3.5606e-01, -1.8439e-01, -1.6942e-01,  3.2357e-01,
         -2.6876e-01,  6.0182e-01,  2.7376e-01,  2.9884e-01,  4.2089e-01,
          1.6614e-01, -5.9374e-02, -2.0336e-01,  9.5221e-02,  2.6571e-01,
         -3.8414e-01],
        [ 4.9258e-01, -3.3859e-01,  3.0121e-01,  2.0113e-01, -2.5333e-01,
          5.5695e-01, -3.1397e-01, -4.4175e-01, -4.3656e-01,  3.2339e-02,
         -1.4335e-01,  1.6592e-01, -6.8393e-02, -2.8069e-01, -3.3867e-01,
          1.7492e-01],
        [ 3.6201e-01, -1.3004e-01,  4.8671e-01,  2.6475e-01, -4.3245e-01,
          3.8909e-01, -2.3973e-01, -1.7292e-01, -3.1422e-01, -9.3527e-02,
         -1.5574e-01,  2.0794e-01,  5.2936e-02, -2.6958e-01, -4.6371e-01,
          3.6760e-01],
        [-5.7528e-01,  2.8338e-01, -2.2327e-01, -3.7212e-01,  5.3206e-01,
         -8.8867e-02,  3.6871e-01,  2.6425e-01,  1.1079e-01,  1.2204e-01,
          9.7644e-02, -4.3667e-01, -3.1945e-02,  3.1126e-01,  1.9202e-01,
         -3.3629e-01],
        [ 1.0696e-01, -4.2184e-01,  3.5497e-01,  3.0284e-01, -4.3979e-01,
          3.0575e-01, -3.6769e-01, -4.1531e-01, -3.2022e-01, -2.3169e-02,
          6.4624e-02,  5.5929e-01, -2.6818e-02, -2.8962e-01, -7.2357e-02,
          2.2735e-01],
        [ 4.3153e-01, -1.6590e-01,  3.3967e-01, -5.7765e-02, -6.9098e-01,
          3.7214e-01, -3.4387e-01, -2.9683e-01, -6.6867e-01, -1.1980e-01,
          2.3543e-01,  5.8788e-01,  2.9373e-01, -1.0755e-01, -4.7493e-01,
          1.0501e-01],
        [-3.4014e-01,  4.1310e-01, -3.3749e-01, -1.6435e-01,  3.0859e-01,
         -1.1366e-01,  4.9633e-01,  4.1969e-01,  2.5964e-01,  1.1751e-01,
          6.5119e-04, -3.7231e-01, -1.9474e-01,  1.0133e-01,  3.4735e-01,
         -2.8700e-01],
        [-2.4730e-01,  3.4065e-01, -2.9442e-01, -2.5315e-01,  2.8933e-01,
         -4.5093e-01,  2.9525e-01,  5.2596e-01,  8.7587e-02,  1.2017e-01,
          1.5297e-02, -5.7721e-01, -3.4378e-02,  3.2118e-01,  4.6326e-01,
         -2.3414e-01],
        [ 6.1929e-01, -4.9910e-01,  4.6065e-01,  2.6977e-01, -4.1663e-01,
          2.6964e-01, -6.3669e-01, -5.9501e-02, -1.5433e-01, -1.9731e-01,
         -8.6795e-02,  3.2964e-01, -8.9668e-02, -2.8392e-01, -6.8875e-02,
          4.3457e-01],
        [-2.3072e-01,  3.4963e-01, -1.0203e-01, -2.8640e-01,  4.2023e-01,
         -3.3134e-01,  4.3310e-01,  4.9678e-01,  3.0587e-01, -2.1449e-02,
         -1.7696e-01, -4.2204e-01, -1.1180e-01,  3.3579e-03,  5.1345e-01,
         -2.9752e-01],
        [ 3.5583e-01, -3.6899e-01,  2.5670e-01,  3.1652e-01, -3.3449e-01,
          1.5062e-01, -6.3671e-02, -3.4744e-01, -3.9164e-01, -1.1999e-01,
          2.5332e-01,  2.1495e-01,  5.9137e-02, -3.4693e-01, -6.6911e-01,
          2.7534e-01],
        [ 5.5351e-01, -5.4417e-01,  2.2244e-01,  2.0789e-01, -1.5800e-01,
          1.1573e-01, -5.5990e-01, -3.5689e-01, -3.8250e-01, -6.5958e-02,
          4.9065e-02,  3.3563e-01, -7.0016e-02, -1.1664e-01,  4.1403e-03,
          4.2891e-01],
        [ 2.9352e-01, -1.6131e-01,  4.3558e-01, -1.0271e-01, -5.0740e-01,
          1.8026e-01, -3.8574e-01, -5.1426e-01, -5.7320e-01, -2.1127e-01,
         -6.2576e-02,  5.7805e-01,  2.8042e-01, -1.3999e-01, -3.9307e-01,
          1.3067e-01],
        [ 4.0325e-01, -6.8998e-01,  3.3194e-01,  2.0549e-01, -1.1237e-01,
          2.3632e-01, -2.2057e-01, -3.1876e-01, -5.1602e-01,  7.6873e-02,
          2.0072e-01,  1.4715e-01, -9.1302e-02, -2.2549e-01, -4.6625e-01,
          5.1602e-01],
        [ 1.6071e-01, -4.2767e-01,  1.8069e-01,  3.9521e-01, -3.9327e-01,
          2.3025e-01, -2.1403e-01, -4.8287e-01, -2.9352e-01, -2.4889e-01,
         -2.8918e-01,  2.5757e-01,  1.7125e-01, -3.6546e-02, -5.4115e-01,
          1.7760e-01],
        [ 4.6095e-01, -3.8272e-01,  5.0050e-01, -1.0663e-02, -3.0271e-01,
          3.8262e-01, -6.3239e-01, -1.2198e-01, -5.0307e-01,  6.0045e-02,
          2.2235e-03,  2.0366e-01,  2.1491e-01, -8.2363e-02, -1.0983e-02,
          5.3165e-01],
        [-5.6279e-01,  4.7144e-01, -1.5546e-01, -5.7576e-02,  4.3991e-01,
         -3.7496e-01,  5.9703e-01,  2.7879e-01,  7.7960e-02,  1.5962e-01,
          1.4217e-01, -3.8646e-01, -2.2819e-02,  1.2265e-01,  1.7317e-01,
         -3.0037e-01],
        [ 4.8380e-01, -3.3489e-01,  2.7466e-01,  1.3127e-01, -4.8148e-01,
          9.2981e-02, -3.7347e-01, -5.0089e-01, -1.6990e-01, -1.0419e-01,
          4.1205e-02,  2.8941e-01,  2.4731e-01, -2.8267e-02, -1.8159e-01,
          4.1336e-01],
        [-4.2326e-01,  5.0429e-01, -4.6774e-01, -1.1461e-01,  2.6711e-02,
         -3.3307e-01,  5.5789e-01,  3.8367e-01,  4.3867e-01,  8.5099e-02,
          2.2210e-01, -1.8004e-01, -2.5175e-02,  3.6764e-01,  1.5345e-01,
         -4.1496e-01],
        [-5.2095e-01,  4.3187e-01, -2.1693e-01, -3.0830e-01,  3.4180e-01,
         -9.4727e-02,  6.5915e-01,  9.5626e-02,  3.5240e-01,  2.9236e-01,
         -1.6844e-01, -1.1809e-01, -2.3712e-01,  1.6528e-01,  1.5090e-01,
         -4.5530e-01],
        [ 1.2951e-01, -2.9026e-01,  3.6028e-01,  2.9007e-01, -2.0258e-01,
          1.2760e-01, -6.4884e-01, -5.6797e-01, -4.7363e-01, -1.1850e-01,
          9.0503e-03,  1.8512e-01, -2.0440e-02, -1.3515e-01, -4.2332e-01,
          3.1235e-01]], device='cuda:0', requires_grad=True)

Parameter name: road_linear_0.bias
Shape: torch.Size([32])
Values: Parameter containing:
tensor([-0.2278,  0.1191,  0.2064, -0.0981,  0.0074, -0.1012,  0.0657,  0.0892,
        -0.2376, -0.0760,  0.0369,  0.0497,  0.1035,  0.0775,  0.0109,  0.0715,
        -0.1686,  0.0789, -0.0128, -0.0902,  0.0195, -0.0598, -0.1141, -0.1639,
        -0.1242,  0.1530,  0.1227,  0.0350, -0.0849, -0.1201,  0.1240, -0.1979],
       device='cuda:0', requires_grad=True)

Parameter name: road_linear_1.weight
Shape: torch.Size([1, 32])
Values: Parameter containing:
tensor([[ 0.7347,  0.7684,  0.6945, -0.7283,  0.8325,  0.8692, -0.7179, -0.8302,
         -0.7751,  0.8838,  0.7262,  0.8846, -0.7809, -0.8429,  0.7655, -0.7507,
         -0.7262,  0.7816,  0.7026, -0.6896,  0.8082, -0.6437, -0.8234, -0.7816,
         -0.7866, -0.8474, -0.7274,  0.8232, -0.8245,  0.8088,  0.7728, -0.6806]],
       device='cuda:0', requires_grad=True)

Parameter name: linear_0.weight
Shape: torch.Size([32, 39])
Values: Parameter containing:
tensor([[ 0.3070,  0.2271, -0.0185,  ...,  0.1093, -0.2170, -0.1137],
        [-0.1081, -0.2145,  0.1726,  ...,  0.0090, -0.4241,  0.0871],
        [ 0.0391,  0.1979,  0.0704,  ...,  0.1593,  0.1200,  0.0345],
        ...,
        [-0.0545, -0.2187,  0.0730,  ..., -0.1387, -0.1773, -0.1180],
        [ 0.0321, -0.0667, -0.0112,  ..., -0.1630,  0.0110,  0.1557],
        [-0.0610,  0.1840, -0.0354,  ..., -0.0497,  0.0280, -0.0509]],
       device='cuda:0', requires_grad=True)

Parameter name: linear_0.bias
Shape: torch.Size([32])
Values: Parameter containing:
tensor([ 0.0488,  0.0645, -0.1526, -0.0502, -0.0571,  0.0407, -0.1269,  0.1104,
        -0.0411,  0.1448,  0.0210, -0.0446, -0.0633,  0.0701, -0.0742, -0.0461,
         0.1112, -0.1395, -0.0489,  0.0525, -0.0803,  0.1485,  0.0981, -0.0608,
         0.0146,  0.1188,  0.0155, -0.1377,  0.0899,  0.1811,  0.0802, -0.1334],
       device='cuda:0', requires_grad=True)

Parameter name: linear_1.weight
Shape: torch.Size([32, 32])
Values: Parameter containing:
tensor([[ 0.1859, -0.2067, -0.1087,  ..., -0.0549, -0.1180,  0.1675],
        [ 0.0755,  0.0054,  0.1493,  ..., -0.0376, -0.0366,  0.2482],
        [-0.1456, -0.0874, -0.1828,  ...,  0.0195,  0.0468,  0.0077],
        ...,
        [-0.0981,  0.0262,  0.0733,  ...,  0.1968, -0.1530,  0.1294],
        [ 0.2741, -0.1078,  0.0869,  ...,  0.0630,  0.1834,  0.0182],
        [ 0.2419, -0.0589,  0.2509,  ...,  0.0809,  0.1023,  0.1089]],
       device='cuda:0', requires_grad=True)

Parameter name: linear_1.bias
Shape: torch.Size([32])
Values: Parameter containing:
tensor([ 0.0581,  0.0207,  0.0578,  0.0227, -0.0715, -0.1274,  0.0624, -0.1798,
         0.0240, -0.0694,  0.2304, -0.1859,  0.0796,  0.1015, -0.2240, -0.0243,
        -0.0474, -0.1067, -0.0652, -0.1051,  0.1014,  0.1997, -0.1049,  0.2074,
        -0.1510, -0.0531,  0.1397, -0.1458, -0.0423,  0.0013,  0.0014, -0.0606],
       device='cuda:0', requires_grad=True)

Parameter name: linear_2.weight
Shape: torch.Size([1, 32])
Values: Parameter containing:
tensor([[ 0.3476,  0.2437, -0.3468, -0.3024,  0.2196,  0.2167, -0.2353,  0.2686,
          0.2381, -0.2580, -0.2277,  0.2215,  0.2311, -0.2037,  0.2680,  0.2235,
         -0.3218, -0.3322,  0.1955,  0.2260, -0.2891, -0.2697, -0.3406, -0.1582,
          0.3032,  0.3455, -0.3323,  0.3189, -0.2427, -0.3127,  0.3194,  0.3120]],
       device='cuda:0', requires_grad=True)

Parameter name: linear_2.bias
Shape: torch.Size([1])
Values: Parameter containing:
tensor([-0.1450], device='cuda:0', requires_grad=True)

