Parameter name: road_linear_0.weight
Shape: torch.Size([32, 16])
Values: Parameter containing:
tensor([[-2.8542e-01,  4.7756e-01,  8.4426e-02, -7.2207e-02,  3.5730e-01,
          1.8657e-01,  3.7051e-01,  1.6080e-01,  3.6356e-01,  1.7219e-01,
          1.3226e-01, -3.1684e-01, -3.8267e-01, -2.5631e-01,  3.8929e-01,
          1.2388e-01],
        [-1.0579e-01, -1.4654e-01,  6.6326e-02, -1.3055e-01,  1.3869e-01,
          2.2406e-01,  4.8615e-02,  3.5437e-01,  6.9982e-01, -4.4038e-02,
          2.6562e-01, -4.5146e-01,  6.0798e-02,  1.2253e-01,  6.8937e-01,
          7.4024e-02],
        [ 1.3312e-01, -2.1142e-01,  3.4172e-01, -9.8261e-02, -3.4118e-01,
         -3.4486e-01, -1.9814e-01, -6.2930e-01, -1.7847e-01, -3.9636e-02,
          9.8834e-02,  1.4991e-01,  6.1997e-01,  2.7473e-01, -1.1140e-01,
          2.5444e-01],
        [ 5.4424e-02, -1.2243e-01, -1.3916e-01,  9.1575e-02, -1.4115e-01,
         -1.3587e-01,  7.5558e-03, -2.5057e-01, -6.8101e-01, -1.8020e-01,
         -1.8927e-01,  4.8603e-01,  1.9025e-01, -3.5165e-01, -4.4364e-01,
         -5.3126e-02],
        [ 7.7585e-02,  2.7987e-01,  2.5093e-02, -1.6416e-01,  2.8231e-01,
          4.2793e-02, -5.9038e-02,  5.0316e-01,  4.2232e-01,  9.6283e-02,
          3.0567e-01, -2.9465e-01,  2.5952e-02, -4.5541e-02,  5.2722e-01,
          9.6165e-03],
        [-6.8271e-02,  5.0947e-01, -3.2533e-01,  3.7630e-01,  5.5587e-01,
         -1.3497e-02,  3.9876e-01,  1.5562e-01,  3.9018e-01,  1.8238e-01,
         -2.7764e-01, -2.4808e-01, -3.8085e-01,  1.7520e-01,  4.6587e-01,
         -7.2525e-02],
        [ 1.9251e-01, -3.2162e-02,  2.1041e-01, -4.2211e-02, -2.0227e-01,
         -1.5447e-01, -8.6303e-02, -4.1255e-01, -5.2879e-01,  1.6565e-01,
         -9.9019e-02,  2.0921e-01, -8.5078e-02,  1.6640e-02, -5.1004e-01,
         -1.7539e-02],
        [-2.2142e-01,  6.2824e-02,  1.6951e-01, -2.1503e-01, -4.9962e-01,
         -2.3361e-01, -1.0146e-02, -4.4837e-01, -4.5795e-01, -3.8405e-02,
         -1.2551e-01,  1.9482e-01,  2.6021e-01, -2.8466e-01, -3.0427e-01,
          1.9373e-01],
        [-1.1972e-01,  6.9411e-02,  1.2776e-01, -1.1906e-01, -2.6641e-01,
         -2.9739e-01, -5.1120e-02, -3.2802e-01, -3.1232e-01, -1.3035e-01,
         -2.7110e-01,  2.8202e-01, -1.1421e-01, -1.0090e-02, -6.6682e-01,
         -6.1273e-02],
        [-1.3598e-01,  9.8245e-02,  7.4810e-02, -1.3752e-01,  2.2730e-01,
          1.2429e-01, -5.1827e-02,  4.4608e-01,  5.9090e-01, -1.7963e-01,
          3.1021e-01, -1.9045e-01, -2.0868e-01,  8.6594e-02,  4.7978e-01,
         -4.7138e-02],
        [-2.4344e-01,  4.2738e-01,  8.5806e-02, -1.3746e-01,  1.5826e-01,
          3.7047e-01,  2.0887e-01,  3.1577e-01,  6.0827e-01,  1.1467e-01,
          8.4314e-02, -1.6874e-01, -2.4160e-01,  2.6554e-01,  1.9783e-01,
         -2.1198e-01],
        [ 4.2784e-02,  9.8902e-02,  1.6712e-01, -5.2989e-02,  3.5093e-01,
          5.5642e-02,  2.4496e-01,  3.5277e-01,  4.7543e-01,  1.5878e-01,
          3.6044e-01, -1.2321e-01, -3.8214e-01, -4.8268e-02,  3.4301e-01,
         -3.7294e-02],
        [ 1.9743e-01, -3.3342e-02, -4.3481e-04, -6.4593e-02, -2.7052e-01,
          3.6714e-02, -3.8526e-02, -5.2617e-01, -6.2164e-01,  4.6847e-02,
         -9.9626e-02,  2.0008e-01, -5.4065e-02,  1.5777e-02, -4.7398e-01,
         -9.6186e-02],
        [ 3.5266e-02,  1.8545e-01,  1.7707e-01,  1.2823e-01, -4.5342e-01,
          1.1999e-02,  7.5978e-02, -2.6948e-01, -5.4357e-01,  2.6895e-02,
         -2.9157e-01,  2.8324e-01,  5.3927e-02, -1.2507e-01, -6.4422e-01,
          6.8872e-02],
        [-2.0470e-01, -9.7379e-02,  1.1601e-01, -1.7602e-01,  5.3843e-01,
          3.6068e-01, -2.8783e-02,  3.2341e-01,  2.9195e-01, -4.4266e-03,
          1.9320e-01, -5.0035e-01, -2.3566e-02,  6.9509e-02,  3.4183e-01,
          2.2778e-03],
        [-1.5286e-01, -3.4076e-01,  7.8077e-02,  1.4789e-01, -4.8132e-01,
         -2.2620e-02, -1.7308e-01, -4.9912e-01, -4.3248e-01,  6.5234e-02,
         -4.1369e-02,  5.7353e-01,  1.5900e-01, -1.6554e-01, -1.3112e-01,
          4.9845e-03],
        [ 8.6082e-02,  1.0134e-01, -2.9100e-02, -1.7452e-01, -4.5635e-01,
          2.2323e-02,  6.5930e-02, -1.6592e-01, -6.3368e-01,  3.4881e-02,
          4.8983e-02,  4.2979e-01,  2.6316e-01,  3.6310e-02, -3.8718e-01,
         -2.3987e-01],
        [-1.8747e-01,  2.5796e-01, -1.0270e-01,  3.2135e-02,  2.7504e-01,
          2.4387e-01,  2.8171e-01,  4.1515e-01,  2.4710e-01,  1.5707e-01,
         -5.6293e-02, -3.5535e-01, -2.0557e-01, -6.3011e-02,  3.8776e-01,
         -5.4720e-02],
        [ 2.3518e-01, -3.0276e-01,  6.7430e-02, -2.2552e-01, -4.3555e-01,
         -3.5687e-01, -3.8080e-01, -1.7663e-01, -5.9631e-01, -5.0702e-02,
          1.4196e-01,  1.1395e-01,  3.9395e-01,  1.6953e-01, -1.5548e-01,
          1.4144e-01],
        [ 3.9340e-01, -2.9835e-01,  1.9992e-01, -3.8981e-02, -5.8180e-01,
         -2.2188e-01, -4.7102e-01, -1.9315e-01, -2.4346e-01, -2.1724e-01,
          6.8036e-02,  4.4567e-01,  1.2374e-01,  3.8865e-02, -1.9472e-01,
          1.5900e-01],
        [-4.1465e-02,  2.3986e-01,  1.1865e-01, -1.9321e-01,  3.6604e-01,
         -6.6061e-02,  2.5945e-01,  5.0809e-01,  3.3457e-01, -8.2274e-02,
         -4.5405e-02, -3.4809e-01, -1.5520e-01, -3.8054e-02,  4.8281e-01,
         -1.1630e-01],
        [ 3.3234e-03,  1.7344e-02,  7.1667e-02,  3.0006e-01,  2.7429e-01,
          9.8902e-02,  2.2579e-01,  1.9302e-01,  3.5820e-01,  1.3997e-01,
          3.2021e-01, -5.1250e-01, -2.7051e-01, -2.4225e-01,  2.1434e-01,
          1.4987e-01],
        [ 3.7171e-01, -3.4800e-01, -2.3721e-02, -1.0158e-01, -2.3001e-01,
         -3.6710e-01, -3.9074e-01, -4.2451e-01, -4.3971e-01, -9.2074e-02,
          2.6131e-01,  3.9770e-01,  8.8283e-02,  2.3619e-01, -7.3614e-02,
          1.7014e-01],
        [ 9.3571e-03,  7.4542e-02,  1.0188e-01, -1.8337e-01, -2.8895e-01,
         -8.3446e-02, -1.4979e-02, -4.1351e-01, -5.4646e-01, -9.3336e-02,
         -1.8610e-01,  4.3946e-01,  1.7206e-01, -1.2668e-01, -3.9127e-01,
         -1.9828e-01],
        [ 3.2262e-02, -3.4633e-01, -2.2801e-02,  1.7450e-02, -6.6667e-02,
         -1.9588e-01,  1.5367e-01, -3.4611e-01, -6.7952e-01,  2.4881e-01,
          1.0465e-01,  1.4960e-01, -1.4999e-02,  4.6012e-02, -5.5056e-01,
          1.7027e-01],
        [-1.3436e-01, -1.2201e-01, -1.0987e-01,  2.2276e-01, -3.0736e-01,
         -1.7204e-01,  7.3861e-02, -4.9871e-01, -4.2591e-01, -1.5828e-01,
         -3.6732e-01,  2.0324e-01,  1.1480e-01,  1.2992e-01, -5.9442e-01,
         -8.3740e-02],
        [ 3.5342e-01, -1.9771e-01,  3.0329e-01, -3.4210e-01, -4.3985e-01,
         -1.2285e-01, -5.8007e-01, -2.4679e-01, -5.8442e-01, -3.9478e-03,
          2.1791e-01,  2.8112e-01,  4.7276e-01,  3.0559e-01, -8.8026e-02,
          3.2901e-01],
        [-1.9182e-01,  2.4535e-01,  1.7979e-01,  8.9946e-02,  5.0433e-01,
         -1.6677e-02,  3.0266e-01,  3.6759e-01,  2.0184e-01, -5.3599e-02,
          2.9352e-01, -4.4489e-01, -2.3396e-01, -4.4371e-02,  2.2541e-01,
          1.7066e-02],
        [ 1.5659e-01, -1.2978e-01, -3.3386e-02, -2.1682e-03, -4.5464e-01,
         -2.2157e-01, -6.6632e-02, -5.0896e-01, -2.2574e-01,  4.5859e-02,
         -4.5207e-02,  2.9380e-01,  3.6723e-01,  1.3213e-01, -1.7861e-01,
          1.1851e-01],
        [-3.1751e-01,  3.5686e-01, -2.6861e-01,  2.2143e-01,  1.5556e-01,
          1.4486e-01,  4.7213e-01,  4.9893e-01,  5.1933e-01,  1.9763e-01,
          7.3470e-02, -2.5444e-01, -1.1585e-01,  9.7748e-02,  2.7004e-01,
         -2.1243e-01],
        [-2.6877e-01,  2.1958e-01,  4.5573e-02, -5.5207e-02,  4.2279e-01,
          3.5636e-01,  4.4964e-01,  1.6902e-01,  4.1992e-01,  2.4428e-01,
         -3.1947e-01, -1.9290e-01, -4.8625e-01, -1.7840e-01,  1.9218e-01,
         -1.8100e-01],
        [-1.2907e-01, -5.7174e-02,  5.5889e-02,  8.6424e-02, -1.0995e-01,
         -2.4675e-01, -2.9344e-01, -5.3426e-01, -5.4975e-01, -8.4344e-02,
         -4.9518e-04,  1.2898e-01, -6.3439e-02,  4.8451e-02, -4.9545e-01,
          2.5312e-02]], device='cuda:0', requires_grad=True)

Parameter name: road_linear_0.bias
Shape: torch.Size([32])
Values: Parameter containing:
tensor([-0.1021,  0.1277,  0.1832, -0.1912,  0.1578, -0.1454, -0.0117,  0.1257,
        -0.1111,  0.1190, -0.0357,  0.1085, -0.0190, -0.0754,  0.1287, -0.0238,
        -0.1657, -0.0613,  0.1876,  0.1243,  0.0841, -0.0915,  0.0891, -0.0890,
        -0.2055, -0.0193,  0.2296,  0.0587, -0.0265, -0.2538, -0.0642, -0.0537],
       device='cuda:0', requires_grad=True)

Parameter name: road_linear_1.weight
Shape: torch.Size([1, 32])
Values: Parameter containing:
tensor([[ 0.4874,  0.6561, -0.4138, -0.5582,  0.6305,  0.5831, -0.5603, -0.6306,
         -0.5697,  0.6889,  0.4819,  0.6538, -0.5658, -0.7292,  0.5863, -0.5643,
         -0.5847,  0.5535, -0.3870, -0.4267,  0.7109,  0.4803, -0.5350, -0.6557,
         -0.6184, -0.6611, -0.4919,  0.6178, -0.5671,  0.6057,  0.4412, -0.4903]],
       device='cuda:0', requires_grad=True)

Parameter name: linear_0.weight
Shape: torch.Size([32, 39])
Values: Parameter containing:
tensor([[-0.0206,  0.0964,  0.0530,  ...,  0.1874, -0.4671, -0.1137],
        [-0.1389, -0.0351,  0.1388,  ...,  0.0548, -0.4597,  0.0871],
        [ 0.0273, -0.0405,  0.0239,  ...,  0.0635,  0.4356,  0.0345],
        ...,
        [ 0.1401, -0.1596, -0.0398,  ..., -0.1708,  0.1767, -0.1180],
        [ 0.1138, -0.2160, -0.0745,  ..., -0.2299,  0.3115,  0.1557],
        [-0.2148,  0.1747,  0.0686,  ...,  0.0802, -0.4289, -0.0509]],
       device='cuda:0', requires_grad=True)

Parameter name: linear_0.bias
Shape: torch.Size([32])
Values: Parameter containing:
tensor([ 0.0852,  0.0290, -0.0630, -0.1376, -0.0838,  0.0400, -0.0856,  0.0727,
        -0.0384,  0.0482,  0.0519,  0.0185, -0.0250,  0.1046, -0.0243, -0.0173,
         0.0510, -0.1648, -0.0012,  0.0910, -0.0933,  0.0007,  0.1178,  0.0512,
        -0.1099,  0.1117,  0.0579, -0.1491,  0.0450,  0.1964,  0.1817, -0.1038],
       device='cuda:0', requires_grad=True)

Parameter name: linear_1.weight
Shape: torch.Size([32, 32])
Values: Parameter containing:
tensor([[ 0.0909, -0.2140, -0.0054,  ...,  0.1050, -0.0044,  0.0602],
        [-0.1919, -0.0580,  0.1962,  ...,  0.2009,  0.0101,  0.0336],
        [ 0.1279, -0.0275, -0.2413,  ..., -0.1809, -0.0190,  0.2068],
        ...,
        [ 0.1335,  0.0904,  0.0285,  ...,  0.0406, -0.2258,  0.3150],
        [ 0.0418, -0.2165,  0.1391,  ...,  0.3241,  0.2666, -0.1399],
        [ 0.0136, -0.1335,  0.2812,  ...,  0.2693,  0.1502, -0.0619]],
       device='cuda:0', requires_grad=True)

Parameter name: linear_1.bias
Shape: torch.Size([32])
Values: Parameter containing:
tensor([ 0.1496,  0.1911, -0.0701, -0.1548,  0.0399, -0.0048, -0.0983,  0.0546,
         0.2098, -0.1789,  0.1389, -0.1988,  0.2389,  0.0734, -0.0681,  0.2096,
         0.0062, -0.1930,  0.0664,  0.0676, -0.0815,  0.0626, -0.2382,  0.2285,
         0.0112, -0.1021,  0.0800,  0.0132, -0.1959, -0.0841,  0.1988,  0.0573],
       device='cuda:0', requires_grad=True)

Parameter name: linear_2.weight
Shape: torch.Size([1, 32])
Values: Parameter containing:
tensor([[ 1.0101,  0.9368, -0.9958, -0.9757,  0.8432,  0.8601, -0.9112,  0.8283,
          0.8945, -0.9610, -0.8732,  0.8814,  0.8774,  0.8862,  0.9012,  0.8750,
         -0.9951, -1.0187,  0.8721,  0.8626, -0.9229, -0.9204, -1.0246,  0.8774,
          0.9640,  1.0028, -0.9959,  0.9747, -0.9153, -1.0156,  0.9240,  0.9960]],
       device='cuda:0', requires_grad=True)

Parameter name: linear_2.bias
Shape: torch.Size([1])
Values: Parameter containing:
tensor([0.7514], device='cuda:0', requires_grad=True)

