Parameter name: road_linear_0.weight
Shape: torch.Size([32, 16])
Values: Parameter containing:
tensor([[-3.6191e-01,  5.4463e-01,  3.0549e-03, -1.6009e-02,  3.8288e-01,
          2.5746e-01,  4.8511e-01,  1.5845e-01,  3.3959e-01,  2.0767e-01,
          7.6345e-02, -3.1056e-01, -4.7617e-01, -3.1238e-01,  3.2474e-01,
          6.4534e-02],
        [-9.7688e-02, -1.6423e-01,  8.0769e-02, -1.4407e-01,  1.4201e-01,
          2.2538e-01,  2.4910e-02,  3.7425e-01,  7.5291e-01, -6.4193e-02,
          2.9339e-01, -4.6897e-01,  6.9419e-02,  1.3570e-01,  7.3989e-01,
          8.6407e-02],
        [ 2.4921e-01, -3.1698e-01,  4.6318e-01, -1.8751e-01, -4.2997e-01,
         -4.4285e-01, -3.7229e-01, -6.4866e-01, -1.7419e-01, -1.0614e-01,
          1.7979e-01,  1.7167e-01,  7.7219e-01,  3.6966e-01, -6.8434e-02,
          3.5411e-01],
        [ 3.7507e-02, -9.4126e-02, -1.6038e-01,  1.1077e-01, -1.3362e-01,
         -1.2962e-01,  3.8580e-02, -2.6725e-01, -7.3419e-01, -1.5344e-01,
         -2.2291e-01,  4.9669e-01,  1.7288e-01, -3.7137e-01, -4.9108e-01,
         -7.1414e-02],
        [ 9.8695e-02,  2.4618e-01,  4.8625e-02, -1.8446e-01,  2.6905e-01,
          3.4031e-02, -9.2575e-02,  5.1489e-01,  4.7366e-01,  6.6882e-02,
          3.4061e-01, -2.9714e-01,  4.7399e-02, -2.3157e-02,  5.6894e-01,
          2.9737e-02],
        [-1.8072e-01,  6.0513e-01, -4.4635e-01,  4.6639e-01,  6.1823e-01,
          7.1917e-02,  5.6152e-01,  1.6476e-01,  3.7428e-01,  2.4465e-01,
         -3.5644e-01, -2.5098e-01, -5.1205e-01,  8.4006e-02,  4.0314e-01,
         -1.6931e-01],
        [ 1.6966e-01, -3.8696e-04,  1.8363e-01, -1.7653e-02, -1.8097e-01,
         -1.3736e-01, -5.3125e-02, -4.2062e-01, -5.7311e-01,  1.9563e-01,
         -1.3620e-01,  2.0812e-01, -1.0885e-01, -7.5111e-03, -5.4013e-01,
         -3.9303e-02],
        [-2.3282e-01,  8.2908e-02,  1.4949e-01, -1.9452e-01, -4.6957e-01,
         -2.1616e-01,  1.3366e-02, -4.5092e-01, -4.8358e-01, -1.6299e-02,
         -1.5027e-01,  1.9378e-01,  2.4578e-01, -3.0025e-01, -3.2359e-01,
          1.7963e-01],
        [-1.4227e-01,  1.0039e-01,  1.0086e-01, -9.4956e-02, -2.5938e-01,
         -2.8614e-01, -1.5081e-02, -3.4823e-01, -3.7002e-01, -1.0015e-01,
         -3.1159e-01,  2.9519e-01, -1.3643e-01, -3.4591e-02, -7.1681e-01,
         -8.4005e-02],
        [-1.2178e-01,  7.4329e-02,  9.4573e-02, -1.5565e-01,  2.2090e-01,
          1.1863e-01, -8.0632e-02,  4.6232e-01,  6.4359e-01, -2.0464e-01,
          3.4061e-01, -2.0074e-01, -1.9438e-01,  1.0435e-01,  5.2583e-01,
         -3.0628e-02],
        [-2.8953e-01,  4.6809e-01,  5.5930e-02, -1.2096e-01,  1.3667e-01,
          3.9231e-01,  2.5585e-01,  3.0621e-01,  5.8332e-01,  1.3104e-01,
          5.5452e-02, -1.6851e-01, -2.9315e-01,  2.3760e-01,  1.6822e-01,
         -2.4137e-01],
        [ 6.0770e-02,  7.0992e-02,  1.9120e-01, -7.5993e-02,  3.2393e-01,
          4.1412e-02,  2.1355e-01,  3.6122e-01,  5.1497e-01,  1.3077e-01,
          3.9253e-01, -1.2532e-01, -3.6351e-01, -2.7355e-02,  3.7400e-01,
         -1.8783e-02],
        [ 1.7212e-01,  2.9940e-03, -2.7522e-02, -4.0937e-02, -2.5331e-01,
          5.0452e-02, -2.7142e-03, -5.3656e-01, -6.7260e-01,  7.8584e-02,
         -1.3858e-01,  1.9860e-01, -7.9747e-02, -9.7196e-03, -5.0999e-01,
         -1.1927e-01],
        [ 2.1370e-02,  2.0774e-01,  1.5658e-01,  1.4684e-01, -4.5198e-01,
          1.6887e-02,  1.0524e-01, -2.8945e-01, -5.9730e-01,  5.1146e-02,
         -3.2359e-01,  2.9930e-01,  3.9780e-02, -1.4324e-01, -6.9577e-01,
          5.2231e-02],
        [-1.8263e-01, -1.3077e-01,  1.4157e-01, -1.9863e-01,  5.2272e-01,
          3.4720e-01, -6.3808e-02,  3.3613e-01,  3.4187e-01, -3.4129e-02,
          2.3024e-01, -5.0471e-01, -1.2646e-04,  9.2705e-02,  3.8289e-01,
          2.3614e-02],
        [-1.6766e-01, -3.1022e-01,  6.1327e-02,  1.6452e-01, -4.4103e-01,
         -9.0299e-03, -1.5042e-01, -4.9482e-01, -4.5725e-01,  8.9740e-02,
         -6.6139e-02,  5.5995e-01,  1.4243e-01, -1.8064e-01, -1.3805e-01,
         -8.6756e-03],
        [ 6.3502e-02,  1.3175e-01, -5.7763e-02, -1.4800e-01, -4.4491e-01,
          3.7361e-02,  1.0364e-01, -1.8568e-01, -6.9443e-01,  6.5825e-02,
          7.6678e-03,  4.4371e-01,  2.3926e-01,  1.0750e-02, -4.3683e-01,
         -2.6357e-01],
        [-2.7335e-01,  3.3407e-01, -1.8425e-01,  8.8023e-02,  2.9482e-01,
          3.0478e-01,  3.9919e-01,  4.0750e-01,  2.1622e-01,  1.9978e-01,
         -1.1778e-01, -3.5324e-01, -3.0352e-01, -1.2583e-01,  3.2753e-01,
         -1.1915e-01],
        [ 3.5910e-01, -4.1796e-01,  1.8814e-01, -3.1168e-01, -5.1507e-01,
         -4.4766e-01, -5.5289e-01, -1.9719e-01, -5.8078e-01, -1.2314e-01,
          2.2685e-01,  1.4085e-01,  5.5044e-01,  2.6919e-01, -1.1223e-01,
          2.4459e-01],
        [ 4.9827e-01, -3.8500e-01,  3.1765e-01, -1.2870e-01, -6.8117e-01,
         -3.1871e-01, -6.3681e-01, -2.1803e-01, -2.5425e-01, -2.7100e-01,
          1.3885e-01,  4.6188e-01,  2.5296e-01,  1.2369e-01, -1.5309e-01,
          2.5236e-01],
        [-2.8187e-02,  2.1270e-01,  1.3421e-01, -2.0892e-01,  3.2395e-01,
         -8.1942e-02,  2.3941e-01,  4.9901e-01,  3.4778e-01, -1.0475e-01,
         -2.4560e-02, -3.2762e-01, -1.3738e-01, -2.3443e-02,  4.7738e-01,
         -1.0396e-01],
        [-1.9271e-02,  3.6236e-02,  6.1723e-02,  3.0138e-01,  2.6696e-01,
          1.1870e-01,  2.4761e-01,  1.9938e-01,  3.6269e-01,  1.3910e-01,
          3.1480e-01, -5.2021e-01, -3.0154e-01, -2.5005e-01,  2.1427e-01,
          1.3850e-01],
        [ 4.8376e-01, -4.4682e-01,  9.2428e-02, -1.8754e-01, -3.1542e-01,
         -4.5906e-01, -5.5634e-01, -4.4113e-01, -4.3643e-01, -1.5370e-01,
          3.3961e-01,  4.1603e-01,  2.2817e-01,  3.2645e-01, -3.0102e-02,
          2.6570e-01],
        [-1.5506e-02,  1.1102e-01,  7.4900e-02, -1.5926e-01, -2.7411e-01,
         -7.0161e-02,  2.2370e-02, -4.2920e-01, -6.0357e-01, -6.1210e-02,
         -2.2678e-01,  4.4631e-01,  1.4678e-01, -1.5203e-01, -4.3542e-01,
         -2.2182e-01],
        [ 1.0973e-02, -3.1683e-01, -5.0453e-02,  4.2943e-02, -5.1356e-02,
         -1.7959e-01,  1.8998e-01, -3.6122e-01, -7.3397e-01,  2.7865e-01,
          6.6774e-02,  1.5719e-01, -3.8216e-02,  2.1660e-02, -5.9500e-01,
          1.4783e-01],
        [-1.5591e-01, -8.8488e-02, -1.3557e-01,  2.4429e-01, -2.9184e-01,
         -1.5836e-01,  1.0940e-01, -5.0519e-01, -4.7287e-01, -1.2912e-01,
         -4.0206e-01,  2.0054e-01,  8.9869e-02,  1.0669e-01, -6.3343e-01,
         -1.0408e-01],
        [ 4.6472e-01, -2.9891e-01,  4.2900e-01, -4.3937e-01, -5.5840e-01,
         -2.3243e-01, -7.5472e-01, -2.9625e-01, -6.0843e-01, -7.0243e-02,
          2.8820e-01,  3.2266e-01,  6.3476e-01,  4.0212e-01, -6.8120e-02,
          4.3729e-01],
        [-2.0432e-01,  2.4847e-01,  1.7853e-01,  8.5678e-02,  4.6815e-01,
         -1.5518e-02,  3.0789e-01,  3.6186e-01,  2.0097e-01, -6.0004e-02,
          2.9387e-01, -4.4059e-01, -2.4622e-01, -4.6999e-02,  2.2025e-01,
          1.2340e-02],
        [ 2.0352e-01, -1.7218e-01, -6.0954e-03, -1.6297e-02, -4.3116e-01,
         -2.3885e-01, -1.1008e-01, -5.0025e-01, -2.0092e-01,  2.8933e-02,
         -1.7301e-02,  2.9713e-01,  4.1670e-01,  1.5992e-01, -1.5503e-01,
          1.4708e-01],
        [-4.1860e-01,  4.4076e-01, -3.8335e-01,  3.0778e-01,  2.2966e-01,
          2.3501e-01,  6.3242e-01,  5.0680e-01,  5.1579e-01,  2.5005e-01,
          4.5653e-04, -2.5848e-01, -2.4136e-01,  1.5601e-02,  2.1373e-01,
         -3.0036e-01],
        [-3.8473e-01,  3.2596e-01, -7.3403e-02,  3.1384e-02,  5.1511e-01,
          4.5459e-01,  6.1761e-01,  1.9727e-01,  4.1751e-01,  3.0912e-01,
         -3.9813e-01, -2.1967e-01, -6.3659e-01, -2.7212e-01,  1.5239e-01,
         -2.7978e-01],
        [-1.4963e-01, -2.6732e-02,  3.0406e-02,  1.1024e-01, -8.4499e-02,
         -2.2890e-01, -2.6060e-01, -5.4224e-01, -5.9237e-01, -5.5654e-02,
         -3.6050e-02,  1.2876e-01, -8.6322e-02,  2.5972e-02, -5.2430e-01,
          5.0335e-03]], device='cuda:0', requires_grad=True)

Parameter name: road_linear_0.bias
Shape: torch.Size([32])
Values: Parameter containing:
tensor([-0.1242,  0.1357,  0.2044, -0.2136,  0.1821, -0.1656, -0.0256,  0.1486,
        -0.1368,  0.1299, -0.1002,  0.1055, -0.0507, -0.0850,  0.1567, -0.0316,
        -0.1742, -0.1015,  0.2264,  0.1237,  0.0860, -0.1304,  0.1075, -0.1166,
        -0.2113, -0.0320,  0.2306,  0.0207,  0.0456, -0.2560, -0.0904, -0.0594],
       device='cuda:0', requires_grad=True)

Parameter name: road_linear_1.weight
Shape: torch.Size([1, 32])
Values: Parameter containing:
tensor([[ 0.5790,  0.7362, -0.5465, -0.6415,  0.7095,  0.6959, -0.6588, -0.7196,
         -0.6689,  0.7732,  0.5696,  0.7426, -0.6611, -0.8239,  0.6697, -0.6287,
         -0.6841,  0.6461, -0.5086, -0.5374,  0.7857,  0.5542, -0.6528, -0.7471,
         -0.7168, -0.7385, -0.6291,  0.6824, -0.6505,  0.7162,  0.5615, -0.5763]],
       device='cuda:0', requires_grad=True)

Parameter name: linear_0.weight
Shape: torch.Size([32, 39])
Values: Parameter containing:
tensor([[-0.0316,  0.1218,  0.0546,  ...,  0.2015, -0.7510, -0.1137],
        [-0.1428, -0.0307,  0.1434,  ...,  0.0512, -0.6506,  0.0871],
        [ 0.0307, -0.0430,  0.0190,  ...,  0.0665,  0.6989,  0.0345],
        ...,
        [ 0.1395, -0.1549, -0.0423,  ..., -0.1686,  0.3557, -0.1180],
        [ 0.1124, -0.2161, -0.0735,  ..., -0.2323,  0.5239,  0.1557],
        [-0.2296,  0.2098,  0.0704,  ...,  0.0864, -0.6549, -0.0509]],
       device='cuda:0', requires_grad=True)

Parameter name: linear_0.bias
Shape: torch.Size([32])
Values: Parameter containing:
tensor([ 8.7218e-02,  2.5053e-02, -5.8682e-02, -1.3061e-01, -8.7569e-02,
         4.3864e-02, -8.1965e-02,  6.8504e-02, -4.1972e-02,  4.7699e-02,
         5.0981e-02,  1.0598e-02, -2.3730e-02,  1.0924e-01, -1.8583e-02,
        -1.7793e-02,  5.8703e-02, -1.6726e-01, -1.7079e-04,  9.5225e-02,
        -9.9058e-02, -9.4752e-03,  1.2072e-01,  6.6495e-02, -1.0731e-01,
         1.1436e-01,  6.3886e-02, -1.6462e-01,  4.8201e-02,  1.9886e-01,
         1.8005e-01, -1.0077e-01], device='cuda:0', requires_grad=True)

Parameter name: linear_1.weight
Shape: torch.Size([32, 32])
Values: Parameter containing:
tensor([[ 0.1035, -0.2265,  0.0177,  ...,  0.1196, -0.0059,  0.0830],
        [-0.1818, -0.0681,  0.2182,  ...,  0.2134,  0.0073,  0.0526],
        [ 0.1425, -0.0395, -0.2361,  ..., -0.1702, -0.0042,  0.2229],
        ...,
        [ 0.1560,  0.0831,  0.0267,  ...,  0.0511, -0.2376,  0.3786],
        [ 0.0647, -0.2408,  0.1751,  ...,  0.3500,  0.2761, -0.1051],
        [ 0.0231, -0.1422,  0.2994,  ...,  0.2805,  0.1446, -0.0415]],
       device='cuda:0', requires_grad=True)

Parameter name: linear_1.bias
Shape: torch.Size([32])
Values: Parameter containing:
tensor([ 0.1635,  0.2026, -0.0591, -0.1706,  0.0414,  0.0011, -0.1040,  0.0810,
         0.2331, -0.1690,  0.1370, -0.1166,  0.2593,  0.0690, -0.0478,  0.2334,
         0.0873, -0.1988,  0.0610,  0.0821, -0.1000,  0.0622, -0.2276,  0.2370,
         0.0204, -0.0256,  0.0908, -0.0054, -0.2089, -0.0710,  0.2233,  0.0681],
       device='cuda:0', requires_grad=True)

Parameter name: linear_2.weight
Shape: torch.Size([1, 32])
Values: Parameter containing:
tensor([[ 1.2579,  1.1911, -1.2840, -1.2206,  1.1204,  1.1307, -1.1807,  1.0637,
          1.1326, -1.2517, -1.1424,  1.1196,  1.1243,  1.1702,  1.1381,  1.1093,
         -1.2302, -1.2826,  1.1542,  1.1126, -1.1663, -1.1976, -1.3108,  1.1366,
          1.2230,  1.2575, -1.2770,  1.2651, -1.1657, -1.2929,  1.1581,  1.2535]],
       device='cuda:0', requires_grad=True)

Parameter name: linear_2.bias
Shape: torch.Size([1])
Values: Parameter containing:
tensor([0.9833], device='cuda:0', requires_grad=True)

