Parameter name: road_linear_0.weight
Shape: torch.Size([32, 16])
Values: Parameter containing:
tensor([[-0.3460,  0.5368,  0.0325, -0.0421,  0.3707,  0.2320,  0.4572,  0.1652,
          0.3341,  0.2006,  0.0893, -0.3097, -0.4510, -0.2999,  0.3432,  0.0836],
        [-0.0876, -0.1628,  0.0861, -0.1512,  0.1446,  0.2245,  0.0271,  0.3848,
          0.7473, -0.0705,  0.2982, -0.4571,  0.0745,  0.1406,  0.7292,  0.0978],
        [ 0.2261, -0.2985,  0.4199, -0.1490, -0.3962, -0.4034, -0.3250, -0.6436,
         -0.1582, -0.0948,  0.1616,  0.1605,  0.7242,  0.3470, -0.0817,  0.3257],
        [ 0.0324, -0.1014, -0.1617,  0.1144, -0.1405, -0.1329,  0.0315, -0.2788,
         -0.7276, -0.1508, -0.2238,  0.4880,  0.1730, -0.3722, -0.4803, -0.0790],
        [ 0.1027,  0.2542,  0.0484, -0.1870,  0.2773,  0.0394, -0.0838,  0.5267,
          0.4682,  0.0646,  0.3404, -0.2888,  0.0454, -0.0235,  0.5579,  0.0365],
        [-0.1588,  0.5891, -0.4040,  0.4285,  0.5906,  0.0374,  0.5170,  0.1624,
          0.3620,  0.2338, -0.3401, -0.2452, -0.4721,  0.1053,  0.4214, -0.1419],
        [ 0.1727, -0.0156,  0.1868, -0.0179, -0.1890, -0.1428, -0.0652, -0.4301,
         -0.5580,  0.1925, -0.1308,  0.2040, -0.1027, -0.0028, -0.5312, -0.0412],
        [-0.2295,  0.0673,  0.1529, -0.1953, -0.4805, -0.2229,  0.0011, -0.4611,
         -0.4713, -0.0198, -0.1448,  0.1910,  0.2527, -0.2953, -0.3162,  0.1781],
        [-0.1436,  0.0893,  0.1020, -0.0933, -0.2661, -0.2907, -0.0248, -0.3585,
         -0.3592, -0.0999, -0.3090,  0.2876, -0.1332, -0.0327, -0.7059, -0.0889],
        [-0.1155,  0.0799,  0.0977, -0.1609,  0.2249,  0.1190, -0.0757,  0.4728,
          0.6341, -0.2080,  0.3428, -0.1917, -0.1921,  0.1065,  0.5161, -0.0220],
        [-0.2796,  0.4677,  0.0674, -0.1322,  0.1430,  0.3841,  0.2498,  0.3176,
          0.5814,  0.1269,  0.0627, -0.1660, -0.2813,  0.2429,  0.1750, -0.2297],
        [ 0.0587,  0.0861,  0.1886, -0.0762,  0.3342,  0.0466,  0.2256,  0.3716,
          0.5023,  0.1334,  0.3882, -0.1213, -0.3691, -0.0315,  0.3651, -0.0162],
        [ 0.1720, -0.0090, -0.0260, -0.0396, -0.2605,  0.0458, -0.0130, -0.5468,
         -0.6605,  0.0779, -0.1356,  0.1924, -0.0758, -0.0071, -0.5000, -0.1235],
        [ 0.0153,  0.2021,  0.1548,  0.1510, -0.4569,  0.0142,  0.0990, -0.3001,
         -0.5905,  0.0549, -0.3248,  0.2892,  0.0391, -0.1448, -0.6848,  0.0439],
        [-0.1810, -0.1198,  0.1401, -0.2000,  0.5322,  0.3534, -0.0536,  0.3481,
          0.3343, -0.0346,  0.2283, -0.4981, -0.0040,  0.0909,  0.3727,  0.0287],
        [-0.1653, -0.3260,  0.0639,  0.1647, -0.4548, -0.0154, -0.1623, -0.5071,
         -0.4472,  0.0867, -0.0624,  0.5585,  0.1483, -0.1766, -0.1314, -0.0110],
        [ 0.0627,  0.1202, -0.0570, -0.1463, -0.4507,  0.0341,  0.0941, -0.1950,
         -0.6787,  0.0652,  0.0102,  0.4362,  0.2416,  0.0126, -0.4257, -0.2680],
        [-0.2546,  0.3232, -0.1540,  0.0612,  0.2822,  0.2799,  0.3693,  0.4152,
          0.2117,  0.1906, -0.1030, -0.3510, -0.2756, -0.1109,  0.3449, -0.0980],
        [ 0.3340, -0.3967,  0.1462, -0.2749, -0.4840, -0.4099, -0.5068, -0.1923,
         -0.5674, -0.1100,  0.2079,  0.1277,  0.5018,  0.2457, -0.1247,  0.2158],
        [ 0.4777, -0.3714,  0.2761, -0.0905, -0.6492, -0.2852, -0.5930, -0.2144,
         -0.2395, -0.2615,  0.1237,  0.4542,  0.2168,  0.1037, -0.1688,  0.2249],
        [-0.0323,  0.2290,  0.1300, -0.2077,  0.3384, -0.0732,  0.2526,  0.5107,
          0.3393, -0.1009, -0.0300, -0.3274, -0.1459, -0.0293,  0.4725, -0.1031],
        [-0.0154,  0.0430,  0.0661,  0.2957,  0.2768,  0.1173,  0.2506,  0.2104,
          0.3594,  0.1383,  0.3160, -0.5176, -0.2988, -0.2503,  0.2160,  0.1455],
        [ 0.4605, -0.4291,  0.0507, -0.1502, -0.2831, -0.4230, -0.5111, -0.4377,
         -0.4222, -0.1422,  0.3218,  0.4055,  0.1855,  0.3044, -0.0437,  0.2376],
        [-0.0162,  0.0988,  0.0756, -0.1574, -0.2806, -0.0734,  0.0129, -0.4391,
         -0.5899, -0.0619, -0.2242,  0.4396,  0.1495, -0.1502, -0.4246, -0.2264],
        [ 0.0100, -0.3278, -0.0502,  0.0450, -0.0562, -0.1817,  0.1813, -0.3700,
         -0.7168,  0.2780,  0.0689,  0.1501, -0.0366,  0.0233, -0.5847,  0.1432],
        [-0.1613, -0.0942, -0.1347,  0.2463, -0.3005, -0.1661,  0.1003, -0.5174,
         -0.4715, -0.1252, -0.4022,  0.1905,  0.0924,  0.1064, -0.6215, -0.1115],
        [ 0.4458, -0.2815,  0.3885, -0.4029, -0.5209, -0.1917, -0.7103, -0.2819,
         -0.5885, -0.0620,  0.2762,  0.3066,  0.5864,  0.3830, -0.0760,  0.4114],
        [-0.2025,  0.2587,  0.1797,  0.0826,  0.4835, -0.0119,  0.3149,  0.3747,
          0.1976, -0.0596,  0.2936, -0.4395, -0.2477, -0.0486,  0.2201,  0.0175],
        [ 0.1927, -0.1711, -0.0179, -0.0049, -0.4370, -0.2306, -0.1036, -0.5116,
         -0.1986,  0.0337, -0.0250,  0.2939,  0.4040,  0.1539, -0.1611,  0.1350],
        [-0.3978,  0.4267, -0.3422,  0.2706,  0.2002,  0.2018,  0.5886,  0.5063,
          0.5030,  0.2402,  0.0167, -0.2525, -0.2044,  0.0353,  0.2306, -0.2738],
        [-0.3621,  0.3080, -0.0318, -0.0055,  0.4825,  0.4166,  0.5730,  0.1911,
          0.4020,  0.2983, -0.3813, -0.2080, -0.5913, -0.2504,  0.1654, -0.2523],
        [-0.1470, -0.0421,  0.0327,  0.1107, -0.0922, -0.2329, -0.2721, -0.5516,
         -0.5759, -0.0587, -0.0314,  0.1246, -0.0812,  0.0302, -0.5152,  0.0027]],
       device='cuda:0', requires_grad=True)

Parameter name: road_linear_0.bias
Shape: torch.Size([32])
Values: Parameter containing:
tensor([-0.1330,  0.1500,  0.2179, -0.2252,  0.1960, -0.1789, -0.0201,  0.1518,
        -0.1424,  0.1390, -0.0971,  0.1036, -0.0533, -0.0993,  0.1654, -0.0304,
        -0.1776, -0.1075,  0.2364,  0.1391,  0.0825, -0.1285,  0.1199, -0.1184,
        -0.2140, -0.0545,  0.2460,  0.0244,  0.0418, -0.2700, -0.1036, -0.0537],
       device='cuda:0', requires_grad=True)

Parameter name: road_linear_1.weight
Shape: torch.Size([1, 32])
Values: Parameter containing:
tensor([[ 0.5716,  0.7280, -0.5223, -0.6329,  0.7046,  0.6748, -0.6494, -0.7112,
         -0.6580,  0.7670,  0.5650,  0.7382, -0.6532, -0.8122,  0.6622, -0.6290,
         -0.6718,  0.6362, -0.4853, -0.5179,  0.7849,  0.5499, -0.6321, -0.7377,
         -0.7063, -0.7334, -0.5992,  0.6831, -0.6473,  0.6975,  0.5401, -0.5715]],
       device='cuda:0', requires_grad=True)

Parameter name: linear_0.weight
Shape: torch.Size([32, 39])
Values: Parameter containing:
tensor([[-0.0281,  0.1126,  0.0542,  ...,  0.2001, -0.6979, -0.1137],
        [-0.1410, -0.0333,  0.1422,  ...,  0.0522, -0.6061,  0.0871],
        [ 0.0289, -0.0410,  0.0207,  ...,  0.0652,  0.6424,  0.0345],
        ...,
        [ 0.1384, -0.1540, -0.0414,  ..., -0.1693,  0.3106, -0.1180],
        [ 0.1118, -0.2141, -0.0736,  ..., -0.2319,  0.4874,  0.1557],
        [-0.2265,  0.2000,  0.0711,  ...,  0.0845, -0.6142, -0.0509]],
       device='cuda:0', requires_grad=True)

Parameter name: linear_0.bias
Shape: torch.Size([32])
Values: Parameter containing:
tensor([ 0.0866,  0.0260, -0.0601, -0.1327, -0.0865,  0.0447, -0.0829,  0.0694,
        -0.0410,  0.0481,  0.0514,  0.0128, -0.0239,  0.1076, -0.0202, -0.0179,
         0.0568, -0.1664, -0.0008,  0.0942, -0.0975, -0.0069,  0.1199,  0.0627,
        -0.1080,  0.1137,  0.0622, -0.1604,  0.0467,  0.1981,  0.1805, -0.1026],
       device='cuda:0', requires_grad=True)

Parameter name: linear_1.weight
Shape: torch.Size([32, 32])
Values: Parameter containing:
tensor([[ 0.0989, -0.2231,  0.0133,  ...,  0.1154, -0.0042,  0.0749],
        [-0.1859, -0.0652,  0.2139,  ...,  0.2095,  0.0090,  0.0453],
        [ 0.1397, -0.0361, -0.2397,  ..., -0.1729, -0.0091,  0.2206],
        ...,
        [ 0.1496,  0.0865,  0.0217,  ...,  0.0471, -0.2350,  0.3623],
        [ 0.0586, -0.2356,  0.1683,  ...,  0.3440,  0.2760, -0.1146],
        [ 0.0189, -0.1392,  0.2953,  ...,  0.2766,  0.1466, -0.0490]],
       device='cuda:0', requires_grad=True)

Parameter name: linear_1.bias
Shape: torch.Size([32])
Values: Parameter containing:
tensor([ 0.1596,  0.1991, -0.0620, -0.1664,  0.0405, -0.0012, -0.1019,  0.0750,
         0.2275, -0.1719,  0.1359, -0.1295,  0.2541,  0.0699, -0.0525,  0.2280,
         0.0711, -0.1966,  0.0621,  0.0781, -0.0955,  0.0629, -0.2315,  0.2340,
         0.0173, -0.0267,  0.0863, -0.0003, -0.2054, -0.0751,  0.2177,  0.0645],
       device='cuda:0', requires_grad=True)

Parameter name: linear_2.weight
Shape: torch.Size([1, 32])
Values: Parameter containing:
tensor([[ 1.2181,  1.1494, -1.2324, -1.1816,  1.0717,  1.0841, -1.1343,  1.0272,
          1.0955, -1.1997, -1.0958,  1.0790,  1.0847,  1.1196,  1.1013,  1.0731,
         -1.1923, -1.2377,  1.1041,  1.0721, -1.1277, -1.1487, -1.2601,  1.0935,
          1.1799,  1.2126, -1.2278,  1.2133, -1.1251, -1.2449,  1.1219,  1.2107]],
       device='cuda:0', requires_grad=True)

Parameter name: linear_2.bias
Shape: torch.Size([1])
Values: Parameter containing:
tensor([0.9476], device='cuda:0', requires_grad=True)

