Parameter name: road_linear_0.weight
Shape: torch.Size([32, 16])
Values: Parameter containing:
tensor([[-3.1720e-01,  5.0211e-01,  5.6973e-02, -4.9954e-02,  3.9394e-01,
          2.0665e-01,  4.0983e-01,  1.6607e-01,  3.7534e-01,  1.9686e-01,
          1.1668e-01, -3.3382e-01, -4.0961e-01, -2.8523e-01,  3.8159e-01,
          9.6313e-02],
        [-1.0835e-01, -1.4479e-01,  6.5929e-02, -1.2671e-01,  1.5485e-01,
          2.1593e-01,  4.9454e-02,  3.5558e-01,  7.2177e-01, -3.7573e-02,
          2.7917e-01, -4.6326e-01,  6.8561e-02,  1.1709e-01,  6.9605e-01,
          7.0128e-02],
        [ 1.6825e-01, -2.4122e-01,  3.6270e-01, -1.1263e-01, -3.8784e-01,
         -3.6148e-01, -2.4004e-01, -6.4998e-01, -1.9141e-01, -6.5937e-02,
          1.1125e-01,  1.7936e-01,  6.4968e-01,  3.0155e-01, -1.2436e-01,
          2.8107e-01],
        [ 5.9101e-02, -1.2599e-01, -1.3610e-01,  8.5379e-02, -1.5948e-01,
         -1.2948e-01,  3.3890e-03, -2.5083e-01, -7.0173e-01, -1.8873e-01,
         -2.0076e-01,  4.9846e-01,  1.8447e-01, -3.4427e-01, -4.4700e-01,
         -4.7120e-02],
        [ 7.3956e-02,  2.8116e-01,  2.1623e-02, -1.5726e-01,  2.9872e-01,
          3.7001e-02, -5.4656e-02,  5.0073e-01,  4.4198e-01,  1.0372e-01,
          3.1635e-01, -3.0333e-01,  3.1864e-02, -5.3025e-02,  5.2769e-01,
          3.4825e-03],
        [-1.0150e-01,  5.3681e-01, -3.4588e-01,  3.9073e-01,  5.9316e-01,
         -3.7528e-05,  4.3573e-01,  1.7142e-01,  3.9776e-01,  2.0651e-01,
         -2.9014e-01, -2.7245e-01, -4.0600e-01,  1.5042e-01,  4.7380e-01,
         -9.7711e-02],
        [ 2.0563e-01, -4.6602e-02,  2.1790e-01, -5.1148e-02, -2.2475e-01,
         -1.4894e-01, -9.8105e-02, -4.1418e-01, -5.4369e-01,  1.5087e-01,
         -1.0408e-01,  2.2714e-01, -8.3182e-02,  3.0122e-02, -5.1075e-01,
         -5.8938e-03],
        [-2.0348e-01,  4.2756e-02,  1.7949e-01, -2.2518e-01, -5.2343e-01,
         -2.2915e-01, -2.5930e-02, -4.5103e-01, -4.6864e-01, -5.6538e-02,
         -1.2660e-01,  2.1503e-01,  2.6655e-01, -2.6808e-01, -3.0378e-01,
          2.0817e-01],
        [-1.1169e-01,  5.9056e-02,  1.3130e-01, -1.2494e-01, -2.9017e-01,
         -2.9090e-01, -5.7586e-02, -3.3269e-01, -3.3326e-01, -1.4159e-01,
         -2.8178e-01,  3.0166e-01, -1.1664e-01, -1.2169e-03, -6.7384e-01,
         -5.4087e-02],
        [-1.4046e-01,  1.0267e-01,  7.3101e-02, -1.3277e-01,  2.4393e-01,
          1.1623e-01, -4.8845e-02,  4.4691e-01,  6.1055e-01, -1.7166e-01,
          3.2148e-01, -2.0331e-01, -2.0282e-01,  7.9709e-02,  4.8485e-01,
         -5.2484e-02],
        [-2.7236e-01,  4.5439e-01,  6.5384e-02, -1.2019e-01,  1.8916e-01,
          3.7818e-01,  2.3952e-01,  3.1916e-01,  6.1524e-01,  1.3932e-01,
          7.3443e-02, -1.8891e-01, -2.6201e-01,  2.3968e-01,  1.9172e-01,
         -2.3569e-01],
        [ 3.0132e-02,  1.1388e-01,  1.6067e-01, -4.5293e-02,  3.7305e-01,
          4.9703e-02,  2.5580e-01,  3.5556e-01,  4.8846e-01,  1.7317e-01,
          3.6581e-01, -1.4178e-01, -3.8337e-01, -6.0533e-02,  3.4459e-01,
         -4.8029e-02],
        [ 2.0532e-01, -4.0004e-02,  5.1460e-03, -7.2897e-02, -2.8937e-01,
          4.2707e-02, -4.6408e-02, -5.2463e-01, -6.3902e-01,  3.5903e-02,
         -1.0791e-01,  2.1204e-01, -5.7011e-02,  2.6225e-02, -4.7317e-01,
         -8.7278e-02],
        [ 4.0426e-02,  1.7947e-01,  1.7902e-01,  1.2352e-01, -4.7280e-01,
          1.8865e-02,  7.2398e-02, -2.7263e-01, -5.6516e-01,  1.8371e-02,
         -3.0303e-01,  2.9910e-01,  4.9213e-02, -1.1802e-01, -6.5168e-01,
          7.4299e-02],
        [-2.1231e-01, -8.9708e-02,  1.1141e-01, -1.6890e-01,  5.5878e-01,
          3.5463e-01, -2.1888e-02,  3.2428e-01,  3.1075e-01,  6.4016e-03,
          2.0230e-01, -5.1500e-01, -2.0711e-02,  6.0025e-02,  3.4437e-01,
         -5.6104e-03],
        [-1.3719e-01, -3.5316e-01,  9.1726e-02,  1.3340e-01, -5.0077e-01,
         -2.2226e-02, -1.9037e-01, -4.9392e-01, -4.4243e-01,  4.8622e-02,
         -4.0795e-02,  5.8296e-01,  1.6395e-01, -1.4781e-01, -1.1942e-01,
          2.0885e-02],
        [ 9.4186e-02,  8.9247e-02, -2.7052e-02, -1.7895e-01, -4.7774e-01,
          3.2753e-02,  6.0895e-02, -1.7095e-01, -6.5161e-01,  2.3404e-02,
          3.7276e-02,  4.5120e-01,  2.5848e-01,  4.4433e-02, -3.9443e-01,
         -2.3316e-01],
        [-2.2090e-01,  2.8549e-01, -1.2782e-01,  5.1854e-02,  3.0958e-01,
          2.5765e-01,  3.2043e-01,  4.2075e-01,  2.5405e-01,  1.8354e-01,
         -7.1437e-02, -3.7425e-01, -2.3138e-01, -9.1921e-02,  3.8170e-01,
         -8.1788e-02],
        [ 2.7287e-01, -3.3755e-01,  8.5801e-02, -2.3667e-01, -4.7768e-01,
         -3.6771e-01, -4.2017e-01, -1.9918e-01, -6.0248e-01, -7.8964e-02,
          1.5467e-01,  1.4711e-01,  4.2337e-01,  1.9742e-01, -1.6898e-01,
          1.6852e-01],
        [ 4.2407e-01, -3.2213e-01,  2.1980e-01, -5.3228e-02, -6.3000e-01,
         -2.3938e-01, -5.1031e-01, -2.1362e-01, -2.5971e-01, -2.3953e-01,
          7.7735e-02,  4.7179e-01,  1.5000e-01,  6.1528e-02, -2.0903e-01,
          1.8259e-01],
        [-5.8130e-02,  2.5309e-01,  1.0430e-01, -1.7843e-01,  3.8431e-01,
         -6.5776e-02,  2.7747e-01,  5.0266e-01,  3.4309e-01, -6.5314e-02,
         -4.7584e-02, -3.5704e-01, -1.6131e-01, -5.6568e-02,  4.6968e-01,
         -1.3297e-01],
        [-1.8905e-02,  3.9686e-02,  5.7609e-02,  3.1247e-01,  3.0812e-01,
          1.0453e-01,  2.4986e-01,  2.0105e-01,  3.7273e-01,  1.5973e-01,
          3.1725e-01, -5.3485e-01, -2.8552e-01, -2.6185e-01,  2.1645e-01,
          1.3200e-01],
        [ 4.0449e-01, -3.7468e-01, -3.4039e-03, -1.1586e-01, -2.7429e-01,
         -3.8245e-01, -4.3038e-01, -4.4271e-01, -4.5195e-01, -1.1654e-01,
          2.7316e-01,  4.2391e-01,  1.1560e-01,  2.6124e-01, -8.4432e-02,
          1.9517e-01],
        [ 1.7082e-02,  6.5950e-02,  1.0601e-01, -1.9005e-01, -3.0984e-01,
         -7.6050e-02, -2.1508e-02, -4.1519e-01, -5.6423e-01, -1.0465e-01,
         -1.9629e-01,  4.5558e-01,  1.6802e-01, -1.1775e-01, -3.9391e-01,
         -1.9071e-01],
        [ 4.0509e-02, -3.5688e-01, -1.9791e-02,  1.2061e-02, -8.5784e-02,
         -1.8671e-01,  1.4804e-01, -3.4869e-01, -6.9697e-01,  2.3768e-01,
          9.5013e-02,  1.6768e-01, -1.8592e-02,  5.5084e-02, -5.5577e-01,
          1.7777e-01],
        [-1.3373e-01, -1.2018e-01, -1.0935e-01,  2.1807e-01, -3.1894e-01,
         -1.6300e-01,  7.3110e-02, -4.9399e-01, -4.4360e-01, -1.6300e-01,
         -3.7956e-01,  2.0809e-01,  1.0556e-01,  1.3499e-01, -5.9465e-01,
         -7.9824e-02],
        [ 3.7973e-01, -2.2170e-01,  3.1121e-01, -3.4515e-01, -4.8818e-01,
         -1.3698e-01, -6.0913e-01, -2.8287e-01, -6.0363e-01, -2.2275e-02,
          2.1825e-01,  3.1613e-01,  4.9660e-01,  3.2075e-01, -1.1550e-01,
          3.4778e-01],
        [-2.1171e-01,  2.6378e-01,  1.6493e-01,  1.0399e-01,  5.3059e-01,
         -1.3208e-02,  3.2459e-01,  3.6861e-01,  2.1265e-01, -3.4779e-02,
          2.9031e-01, -4.6040e-01, -2.4493e-01, -6.3734e-02,  2.1941e-01,
         -5.1299e-04],
        [ 1.8485e-01, -1.5780e-01, -1.5719e-02, -1.6942e-02, -4.8400e-01,
         -2.2525e-01, -9.4682e-02, -5.1341e-01, -2.3134e-01,  2.1400e-02,
         -3.6137e-02,  3.1552e-01,  3.8563e-01,  1.5654e-01, -1.7493e-01,
          1.4057e-01],
        [-3.4861e-01,  3.7937e-01, -2.9333e-01,  2.4037e-01,  1.9841e-01,
          1.6446e-01,  5.1329e-01,  5.1148e-01,  5.3359e-01,  2.2066e-01,
          6.0277e-02, -2.7463e-01, -1.4304e-01,  7.2210e-02,  2.7377e-01,
         -2.3806e-01],
        [-3.0415e-01,  2.5211e-01,  2.8555e-02, -4.4837e-02,  4.6627e-01,
          3.6860e-01,  4.8709e-01,  1.9258e-01,  4.2890e-01,  2.7059e-01,
         -3.3102e-01, -2.2565e-01, -5.1489e-01, -2.0427e-01,  2.0777e-01,
         -2.0648e-01],
        [-1.1484e-01, -7.3167e-02,  6.3723e-02,  7.7313e-02, -1.3178e-01,
         -2.3997e-01, -3.0561e-01, -5.3533e-01, -5.6227e-01, -1.0026e-01,
         -4.9146e-03,  1.4725e-01, -6.1615e-02,  6.2573e-02, -4.9494e-01,
          3.7596e-02]], device='cuda:0', requires_grad=True)

Parameter name: road_linear_0.bias
Shape: torch.Size([32])
Values: Parameter containing:
tensor([-0.1000,  0.1585,  0.1974, -0.2283,  0.1936, -0.1601, -0.0250,  0.1271,
        -0.1398,  0.1473, -0.0461,  0.1167, -0.0493, -0.1062,  0.1610, -0.0418,
        -0.1795, -0.0706,  0.2112,  0.1309,  0.0979, -0.0923,  0.1009, -0.1151,
        -0.2220, -0.0477,  0.2407,  0.0664, -0.0111, -0.2550, -0.0857, -0.0614],
       device='cuda:0', requires_grad=True)

Parameter name: road_linear_1.weight
Shape: torch.Size([1, 32])
Values: Parameter containing:
tensor([[ 0.5340,  0.6795, -0.4605, -0.5882,  0.6610,  0.6264, -0.5976, -0.6672,
         -0.6075,  0.7142,  0.5263,  0.6956, -0.6014, -0.7604,  0.6178, -0.5961,
         -0.6216,  0.5985, -0.4317, -0.4705,  0.7467,  0.5247, -0.5811, -0.6916,
         -0.6505, -0.6862, -0.5339,  0.6581, -0.6098,  0.6505,  0.4871, -0.5258]],
       device='cuda:0', requires_grad=True)

Parameter name: linear_0.weight
Shape: torch.Size([32, 39])
Values: Parameter containing:
tensor([[-0.0232,  0.1014,  0.0536,  ...,  0.1948, -0.5495, -0.1137],
        [-0.1392, -0.0360,  0.1405,  ...,  0.0533, -0.5020,  0.0871],
        [ 0.0278, -0.0398,  0.0219,  ...,  0.0647,  0.5056,  0.0345],
        ...,
        [ 0.1394, -0.1562, -0.0415,  ..., -0.1689,  0.2158, -0.1180],
        [ 0.1121, -0.2131, -0.0743,  ..., -0.2304,  0.3661,  0.1557],
        [-0.2181,  0.1827,  0.0687,  ...,  0.0837, -0.4877, -0.0509]],
       device='cuda:0', requires_grad=True)

Parameter name: linear_0.bias
Shape: torch.Size([32])
Values: Parameter containing:
tensor([ 0.0856,  0.0272, -0.0609, -0.1347, -0.0853,  0.0413, -0.0836,  0.0709,
        -0.0393,  0.0476,  0.0510,  0.0160, -0.0248,  0.1066, -0.0215, -0.0167,
         0.0537, -0.1661, -0.0008,  0.0938, -0.0947, -0.0039,  0.1193,  0.0568,
        -0.1095,  0.1131,  0.0606, -0.1547,  0.0460,  0.1985,  0.1817, -0.1024],
       device='cuda:0', requires_grad=True)

Parameter name: linear_1.weight
Shape: torch.Size([32, 32])
Values: Parameter containing:
tensor([[ 0.0952, -0.2194,  0.0042,  ...,  0.1106, -0.0025,  0.0670],
        [-0.1886, -0.0623,  0.2051,  ...,  0.2055,  0.0111,  0.0390],
        [ 0.1328, -0.0307, -0.2418,  ..., -0.1777, -0.0146,  0.2121],
        ...,
        [ 0.1414,  0.0883,  0.0237,  ...,  0.0441, -0.2282,  0.3352],
        [ 0.0510, -0.2271,  0.1534,  ...,  0.3348,  0.2734, -0.1279],
        [ 0.0166, -0.1369,  0.2877,  ...,  0.2732,  0.1496, -0.0557]],
       device='cuda:0', requires_grad=True)

Parameter name: linear_1.bias
Shape: torch.Size([32])
Values: Parameter containing:
tensor([ 0.1554,  0.1959, -0.0673, -0.1614,  0.0409, -0.0025, -0.1007,  0.0656,
         0.2194, -0.1763,  0.1388, -0.1765,  0.2471,  0.0726, -0.0593,  0.2197,
         0.0186, -0.1956,  0.0654,  0.0737, -0.0895,  0.0619, -0.2357,  0.2318,
         0.0149, -0.0706,  0.0822,  0.0083, -0.2015, -0.0795,  0.2092,  0.0616],
       device='cuda:0', requires_grad=True)

Parameter name: linear_2.weight
Shape: torch.Size([1, 32])
Values: Parameter containing:
tensor([[ 1.1040,  1.0312, -1.0910, -1.0693,  0.9384,  0.9551, -1.0060,  0.9209,
          0.9874, -1.0566, -0.9696,  0.9718,  0.9711,  0.9815,  0.9940,  0.9674,
         -1.0857, -1.1133,  0.9673,  0.9565, -1.0164, -1.0153, -1.1205,  0.9720,
          1.0586,  1.0938, -1.0921,  1.0697, -1.0094, -1.1119,  1.0163,  1.0902]],
       device='cuda:0', requires_grad=True)

Parameter name: linear_2.bias
Shape: torch.Size([1])
Values: Parameter containing:
tensor([0.8432], device='cuda:0', requires_grad=True)

