Parameter name: road_linear_0.weight
Shape: torch.Size([32, 16])
Values: Parameter containing:
tensor([[-4.1064e-03,  4.0123e-01,  3.0780e-01, -3.3139e-01, -1.8296e-01,
         -1.4766e-01, -6.4957e-02, -3.7559e-01, -2.3548e-01, -7.2581e-02,
         -3.0557e-02,  1.8112e-01, -2.9968e-01, -6.5964e-02, -1.4063e-02,
          3.8381e-01],
        [-2.4675e-01, -3.9434e-01, -1.0110e-01, -6.1971e-03, -3.1905e-02,
          2.4275e-01,  1.5573e-01,  1.4877e-01,  4.1574e-01,  1.3405e-01,
          3.0043e-01, -2.4983e-01,  3.5688e-01, -3.2628e-02,  3.2454e-01,
         -9.0507e-02],
        [ 8.8814e-02,  3.0015e-01,  3.8954e-01, -1.3378e-01, -9.0885e-02,
         -3.4042e-01, -7.8565e-02, -4.2896e-01, -4.0580e-02, -8.3044e-02,
         -1.5840e-01, -5.2215e-02,  2.8358e-02,  3.5114e-01,  3.1046e-03,
          2.8437e-01],
        [ 2.8297e-01,  1.2612e-01,  9.8574e-02, -9.4278e-02, -6.2565e-02,
         -2.1050e-01, -1.6841e-01, -1.0749e-01, -4.5812e-01, -4.2623e-01,
         -2.2077e-01,  3.7312e-01, -7.3008e-02, -1.0957e-01, -1.9471e-01,
          1.8086e-01],
        [-9.4477e-02,  2.7964e-02, -1.7331e-01, -1.8360e-02,  1.5938e-01,
          8.3695e-02,  3.8781e-02,  3.1438e-01,  1.6829e-01,  3.0132e-01,
          3.4971e-01, -1.5406e-01,  3.1887e-01, -2.3704e-01,  2.7590e-01,
         -1.7358e-01],
        [-1.6977e-02,  5.5281e-02, -3.7401e-01,  4.2025e-01,  3.4892e-01,
         -1.4497e-02,  2.7642e-01, -1.7844e-02,  2.9579e-01,  2.2947e-01,
         -7.4904e-02, -9.5840e-02,  1.1981e-01,  1.1612e-01,  4.0832e-01,
         -1.0357e-01],
        [ 3.6532e-01,  2.5251e-01,  4.0792e-01, -1.8843e-01, -5.2639e-02,
         -2.0542e-01, -1.7943e-01, -2.2890e-01, -2.7977e-01, -2.9530e-02,
         -4.8455e-02,  5.3609e-02, -3.5405e-01,  2.0902e-01, -2.8157e-01,
          1.6275e-01],
        [-5.9786e-02,  3.6765e-01,  3.6273e-01, -3.6397e-01, -3.4183e-01,
         -2.9728e-01, -9.6770e-02, -2.6456e-01, -2.2886e-01, -2.2596e-01,
         -9.5894e-02,  3.0319e-02, -3.5387e-02, -9.2692e-02, -1.0705e-01,
          3.7096e-01],
        [ 3.0374e-02,  3.6074e-01,  3.0260e-01, -2.4777e-01, -4.4177e-02,
         -3.4278e-01, -1.4887e-01, -9.1323e-02,  2.7648e-02, -3.1595e-01,
         -2.8480e-01,  4.4417e-02, -4.1286e-01,  1.6116e-01, -2.7567e-01,
          1.0688e-01],
        [-2.9725e-01, -1.7104e-01, -1.1129e-01,  3.5780e-03,  8.2983e-02,
          1.6427e-01,  6.3803e-02,  2.4386e-01,  3.0335e-01,  1.3608e-02,
          3.6516e-01, -1.0062e-02,  1.1082e-01, -9.5958e-02,  1.8182e-01,
         -2.2643e-01],
        [-3.6758e-01,  8.7011e-03, -7.8788e-02, -1.4281e-02, -3.6684e-02,
          4.3790e-01,  2.5345e-01,  1.3566e-01,  3.9290e-01,  2.7679e-01,
          2.2931e-01, -3.4166e-03,  1.8984e-01,  9.7223e-02,  4.1893e-03,
         -3.6147e-01],
        [-1.3708e-01, -2.0800e-01, -3.8797e-02,  1.0400e-01,  1.8146e-01,
          1.3353e-01,  3.7853e-01,  1.5904e-01,  1.9797e-01,  3.6715e-01,
          4.0944e-01,  5.7277e-02, -6.3975e-02, -2.6677e-01,  2.0108e-02,
         -2.3462e-01],
        [ 3.3265e-01,  2.9807e-01,  1.6893e-01, -1.7805e-01, -9.6568e-02,
          2.8766e-02, -7.7252e-02, -3.1201e-01, -3.4426e-01, -1.1244e-01,
         -1.7969e-01,  2.4665e-02, -4.2926e-01,  1.6033e-01, -2.2717e-01,
          5.1941e-02],
        [ 2.0743e-01,  4.0623e-01,  3.7154e-01, -1.5924e-02, -3.0757e-01,
         -2.0323e-02, -3.2542e-02, -6.7161e-02, -2.3434e-01, -1.7149e-01,
         -2.8273e-01,  1.0284e-01, -1.9692e-01,  6.1701e-02, -3.1206e-01,
          2.5278e-01],
        [-3.7694e-01, -3.6004e-01, -7.4283e-02, -2.9288e-02,  3.6648e-01,
          4.0269e-01,  1.0593e-01,  1.1444e-01, -1.4044e-04,  1.9421e-01,
          1.9506e-01, -3.0389e-01,  2.4968e-01, -1.1841e-01,  5.3355e-02,
         -1.8192e-01],
        [-5.6199e-02,  2.4416e-02,  2.1889e-01,  4.5971e-02, -3.5217e-01,
         -3.0334e-02, -2.1065e-01, -3.1848e-01, -2.7306e-01, -9.0188e-02,
         -1.5510e-01,  4.2749e-01, -2.7900e-01, -9.4456e-03,  3.9031e-02,
          1.2679e-01],
        [ 3.2726e-01,  3.3454e-01,  2.1626e-01, -3.7049e-01, -3.7724e-01,
         -5.5927e-02, -1.1149e-01, -1.8940e-02, -4.0608e-01, -2.1030e-01,
          6.6231e-02,  3.0176e-01,  3.8884e-02,  3.0461e-01, -1.2500e-01,
          2.7800e-03],
        [-3.0021e-01, -6.9068e-02, -2.5510e-01,  1.5369e-01,  1.4098e-01,
          3.0598e-01,  2.9613e-01,  2.7855e-01,  1.7389e-01,  3.0048e-01,
          1.6029e-02, -2.4695e-01,  1.0983e-01, -2.2304e-01,  2.8241e-01,
         -1.9550e-01],
        [ 2.2128e-01,  1.5958e-01,  1.4395e-01, -2.8672e-01, -2.0702e-01,
         -3.6605e-01, -3.1035e-01,  2.4897e-02, -4.8039e-01, -1.1787e-01,
         -1.1835e-01, -7.9022e-02, -1.3577e-01,  2.9587e-01, -3.1067e-02,
          2.0675e-01],
        [ 3.7335e-01,  1.8705e-01,  2.7784e-01, -1.0202e-01, -3.0805e-01,
         -2.2985e-01, -3.5587e-01,  3.3640e-02, -7.4282e-02, -2.9018e-01,
         -1.7656e-01,  2.3945e-01, -3.9831e-01,  1.1390e-01,  4.9462e-02,
          2.1805e-01],
        [-1.8899e-01, -6.0974e-03, -6.0771e-02, -5.4734e-02,  2.8326e-01,
         -2.5260e-02,  3.1429e-01,  3.7425e-01,  2.1732e-01,  9.0260e-02,
          1.3193e-02, -2.8041e-01,  1.2315e-01, -2.1492e-01,  3.7872e-01,
         -2.7989e-01],
        [-7.4430e-02, -4.1058e-01, -5.4115e-02,  3.9555e-01, -2.7534e-02,
          1.1202e-01,  2.5593e-01, -6.4170e-02,  4.9797e-02,  2.7245e-01,
          3.9924e-01, -2.5143e-01,  1.7529e-01, -3.6889e-01, -9.1355e-02,
          3.2401e-02],
        [ 3.6762e-01,  8.5311e-02,  6.1112e-02, -1.7507e-01,  4.1189e-03,
         -3.9536e-01, -3.0047e-01, -2.2377e-01, -2.8116e-01, -1.6960e-01,
          5.1480e-02,  2.0529e-01, -3.8698e-01,  3.2207e-01,  1.0623e-01,
          2.4143e-01],
        [ 2.6226e-01,  2.4180e-01,  3.5146e-01, -3.8152e-01, -2.4083e-01,
         -1.7402e-01, -1.8244e-01, -2.8652e-01, -3.8207e-01, -3.3998e-01,
         -1.4326e-01,  3.4406e-01,  1.6838e-02,  1.3813e-01, -1.7684e-01,
          4.5576e-02],
        [ 2.1923e-01, -3.7032e-02,  1.8435e-01, -1.4226e-01,  4.8966e-02,
         -2.7304e-01,  2.6480e-02, -1.8945e-01, -4.0836e-01,  3.1429e-02,
          4.0868e-02,  9.0377e-03, -3.4830e-01,  2.6505e-01, -3.1402e-01,
          3.7222e-01],
        [ 4.9223e-02,  9.3695e-02,  9.9904e-02,  6.5165e-02, -2.2233e-01,
         -2.1188e-01, -3.1651e-02, -3.3385e-01, -2.0022e-01, -3.6953e-01,
         -3.6845e-01,  1.0915e-01, -1.4748e-01,  3.2523e-01, -3.8482e-01,
          1.0667e-01],
        [ 2.2809e-01,  2.5920e-01,  3.1228e-01, -3.6239e-01, -1.8017e-01,
         -1.0408e-01, -3.6438e-01, -2.5076e-02, -4.1757e-01, -1.3106e-02,
         -6.0957e-02,  8.8102e-02, -8.0242e-02,  3.0812e-01,  1.1726e-01,
          3.1973e-01],
        [-3.2441e-01, -1.0723e-01,  6.2267e-03,  2.1949e-01,  3.0601e-01,
          2.5982e-02,  3.7037e-01,  1.6351e-01, -2.8031e-02,  1.1853e-01,
          3.8093e-01, -2.6498e-01,  1.3564e-01, -2.2408e-01, -2.7697e-02,
         -1.4121e-01],
        [ 3.1579e-01,  2.0011e-01,  1.5350e-01, -1.5031e-01, -3.0876e-01,
         -2.9687e-01, -1.5952e-01, -3.5045e-01, -5.5475e-02, -1.3248e-01,
         -1.0846e-01,  1.4476e-01,  3.5560e-02,  3.3457e-01,  1.3019e-02,
          2.9621e-01],
        [-2.6919e-01, -4.8637e-02, -3.2147e-01,  2.5814e-01, -7.9085e-02,
          1.4420e-01,  3.3485e-01,  2.9795e-01,  3.8071e-01,  2.4137e-01,
          2.3108e-01, -7.4876e-02,  3.2317e-01,  5.7186e-02,  1.2801e-01,
         -2.4054e-01],
        [-2.9961e-01, -2.3991e-01, -6.2472e-02,  4.0385e-02,  2.0658e-01,
          4.0044e-01,  3.9744e-01, -1.2174e-02,  2.6908e-01,  3.4835e-01,
         -8.2786e-02, -2.0457e-02,  2.6443e-02, -3.0005e-01,  1.0637e-02,
         -2.7954e-01],
        [ 4.7309e-02,  2.3985e-01,  2.5034e-01, -5.4271e-02,  1.1708e-02,
         -3.0973e-01, -4.0564e-01, -3.5950e-01, -3.5887e-01, -2.7649e-01,
         -4.2970e-02, -2.2259e-02, -3.5091e-01,  2.7667e-01, -2.4028e-01,
          2.0460e-01]], device='cuda:0', requires_grad=True)

Parameter name: road_linear_0.bias
Shape: torch.Size([32])
Values: Parameter containing:
tensor([-0.0724, -0.0134, -0.0132, -0.0408,  0.0179, -0.2292,  0.0932,  0.1228,
        -0.0569,  0.0002,  0.0496,  0.0811,  0.1282,  0.0716,  0.0654, -0.0280,
        -0.0244, -0.0347,  0.0783, -0.0336, -0.0954, -0.0731, -0.0358,  0.0341,
        -0.0542,  0.1311,  0.1568,  0.0495, -0.1025, -0.1791,  0.0300,  0.0152],
       device='cuda:0', requires_grad=True)

Parameter name: road_linear_1.weight
Shape: torch.Size([1, 32])
Values: Parameter containing:
tensor([[-0.2086,  0.3015, -0.2189, -0.2486,  0.2905,  0.3425, -0.2742, -0.3674,
         -0.3150,  0.3271,  0.2540,  0.3669, -0.2535, -0.3892,  0.2768, -0.2071,
         -0.3113,  0.3246, -0.2200, -0.2303,  0.3863,  0.3092, -0.3639, -0.3692,
         -0.2691, -0.3183, -0.3126,  0.3333, -0.3429,  0.3738,  0.2930, -0.2270]],
       device='cuda:0', requires_grad=True)

Parameter name: linear_0.weight
Shape: torch.Size([32, 39])
Values: Parameter containing:
tensor([[-0.0047,  0.1008,  0.0721,  ...,  0.1955, -0.3073, -0.1137],
        [-0.0764, -0.0675,  0.1185,  ...,  0.1039, -0.2842,  0.0871],
        [-0.1048,  0.1404,  0.0959,  ...,  0.1952,  0.0361,  0.0345],
        ...,
        [ 0.1003, -0.1221, -0.0350,  ..., -0.1736, -0.0279, -0.1180],
        [ 0.0410, -0.1794, -0.0408,  ..., -0.2624,  0.0898,  0.1557],
        [-0.1877,  0.1309,  0.0518,  ...,  0.0708, -0.2401, -0.0509]],
       device='cuda:0', requires_grad=True)

Parameter name: linear_0.bias
Shape: torch.Size([32])
Values: Parameter containing:
tensor([ 0.0522,  0.0332, -0.0973, -0.1534, -0.0797, -0.0004, -0.1040,  0.0402,
        -0.0327,  0.0591,  0.0275, -0.0015,  0.0051,  0.1003, -0.0465, -0.0109,
         0.0471, -0.1648,  0.0019,  0.0796, -0.0624,  0.0201,  0.1098,  0.0207,
        -0.1101,  0.0972,  0.0431, -0.0958,  0.0450,  0.2000,  0.1673, -0.1276],
       device='cuda:0', requires_grad=True)

Parameter name: linear_1.weight
Shape: torch.Size([32, 32])
Values: Parameter containing:
tensor([[ 0.0513, -0.1635, -0.1877,  ...,  0.0348, -0.0462,  0.0646],
        [-0.2195, -0.0139, -0.0200,  ...,  0.1369, -0.0306,  0.0479],
        [ 0.1486, -0.0513, -0.0386,  ..., -0.1396,  0.0050,  0.1865],
        ...,
        [ 0.1386,  0.0619,  0.2018,  ...,  0.1010, -0.1779,  0.2471],
        [-0.0175, -0.1323, -0.0500,  ...,  0.2345,  0.2103, -0.1718],
        [-0.0059, -0.1067,  0.1244,  ...,  0.2186,  0.1239, -0.0444]],
       device='cuda:0', requires_grad=True)

Parameter name: linear_1.bias
Shape: torch.Size([32])
Values: Parameter containing:
tensor([ 0.1002,  0.1465, -0.0451, -0.0969, -0.1086, -0.1736, -0.0596, -0.0308,
         0.1366, -0.1654,  0.1298, -0.1264,  0.1943,  0.0877, -0.1137,  0.1185,
        -0.1378, -0.1757,  0.0736,  0.0090, -0.0123,  0.0851, -0.2072,  0.2135,
        -0.0477, -0.0089,  0.0770, -0.0394, -0.1463, -0.0621,  0.1194,  0.0276],
       device='cuda:0', requires_grad=True)

Parameter name: linear_2.weight
Shape: torch.Size([1, 32])
Values: Parameter containing:
tensor([[ 0.3647,  0.2878, -0.3262, -0.3574, -0.2098, -0.2048, -0.2718,  0.2359,
          0.2664, -0.2829, -0.2345,  0.2504,  0.2594,  0.2160,  0.2746,  0.2573,
         -0.3569, -0.3626,  0.2075,  0.2514, -0.3127, -0.2632, -0.3651,  0.2123,
          0.3275,  0.3811, -0.3365,  0.3520, -0.2718, -0.3612,  0.3249,  0.3658]],
       device='cuda:0', requires_grad=True)

Parameter name: linear_2.bias
Shape: torch.Size([1])
Values: Parameter containing:
tensor([0.1220], device='cuda:0', requires_grad=True)

Parameter name: road_linear_0.weight
Shape: torch.Size([32, 16])
Values: Parameter containing:
tensor([[ 0.0203,  0.3702,  0.3322, -0.3541, -0.0180, -0.1876, -0.0706, -0.3907,
         -0.1832, -0.0924,  0.0244,  0.1787,  0.0589, -0.0577,  0.3152,  0.3721],
        [-0.2803, -0.3551, -0.1334,  0.0178, -0.1736,  0.2904,  0.1891,  0.1639,
          0.4019,  0.1402,  0.2286, -0.2713,  0.0063, -0.0413,  0.0051, -0.0911],
        [ 0.1065,  0.2619,  0.4100, -0.1467,  0.1483, -0.3826, -0.0665, -0.4140,
          0.0485, -0.0886, -0.1005, -0.0576,  0.3934,  0.3047,  0.4321,  0.2725],
        [ 0.3013,  0.0863,  0.1171, -0.1015,  0.1116, -0.2411, -0.1758, -0.0959,
         -0.4147, -0.4129, -0.1145,  0.3694,  0.2846, -0.1273,  0.1424,  0.1701],
        [-0.1243,  0.0935, -0.2002,  0.0043,  0.0249,  0.1321,  0.0687,  0.3321,
          0.1591,  0.3038,  0.2519, -0.1805, -0.0451, -0.2323, -0.0798, -0.1526],
        [-0.0287,  0.1206, -0.3850,  0.4202,  0.1303,  0.0120,  0.2783, -0.0377,
          0.2513,  0.2160, -0.1182, -0.0867, -0.2399,  0.1240,  0.0347, -0.0835],
        [ 0.3984,  0.2149,  0.4383, -0.2079,  0.1365, -0.2563, -0.2119, -0.2387,
         -0.2550, -0.0328, -0.0243,  0.0686, -0.0360,  0.2239, -0.0148,  0.1676],
        [-0.0397,  0.3268,  0.3803, -0.3677, -0.1402, -0.3370, -0.1106, -0.2476,
         -0.1841, -0.2192, -0.0763,  0.0245,  0.2535, -0.0879,  0.1601,  0.3696],
        [ 0.0581,  0.3172,  0.3289, -0.2699,  0.0403, -0.3848, -0.1826, -0.1099,
          0.0417, -0.3165, -0.1177,  0.0738, -0.0877,  0.1345,  0.0069,  0.0995],
        [-0.3112, -0.1058, -0.1242,  0.0080, -0.0634,  0.1954,  0.0677,  0.2424,
          0.2721,  0.0008,  0.2518, -0.0195, -0.2539, -0.0692, -0.1829, -0.1992],
        [-0.3756,  0.0566, -0.0874, -0.0199, -0.1838,  0.4626,  0.2475,  0.1200,
          0.3429,  0.2556,  0.0730,  0.0043, -0.1593,  0.1389, -0.3872, -0.3381],
        [-0.1495, -0.1595, -0.0497,  0.1103,  0.1030,  0.1581,  0.3897,  0.1602,
          0.1719,  0.3502,  0.1619,  0.0468, -0.3969, -0.1990, -0.2562, -0.2071],
        [ 0.3761,  0.2457,  0.2132, -0.2126,  0.0938, -0.0372, -0.1153, -0.3297,
         -0.3436, -0.1324, -0.1332,  0.0425, -0.0301,  0.1938,  0.1667,  0.0493],
        [ 0.2391,  0.3689,  0.4007, -0.0366, -0.1653, -0.0659, -0.0719, -0.0814,
         -0.2223, -0.1761, -0.2227,  0.1244,  0.1252,  0.0680, -0.0403,  0.2560],
        [-0.4011, -0.3182, -0.0972, -0.0214,  0.1938,  0.4523,  0.1221,  0.1197,
         -0.0330,  0.1911,  0.1352, -0.3170, -0.0839, -0.1159, -0.2810, -0.1773],
        [-0.0799, -0.1165,  0.1920,  0.0814, -0.1513, -0.0249, -0.1577, -0.2574,
         -0.1561, -0.0246, -0.0281,  0.3997,  0.0971, -0.0795,  0.4067,  0.0500],
        [ 0.3402,  0.2880,  0.2278, -0.3752, -0.1981, -0.0798, -0.1249, -0.0027,
         -0.3645, -0.1955,  0.1325,  0.2932,  0.3473,  0.2851,  0.1283, -0.0099],
        [-0.3228, -0.0344, -0.2747,  0.1626, -0.0202,  0.3452,  0.3154,  0.2776,
          0.1411,  0.2938, -0.0307, -0.2525, -0.1683, -0.2221,  0.0410, -0.1935],
        [ 0.2583,  0.1433,  0.1843, -0.3196, -0.0041, -0.4208, -0.3107,  0.0250,
         -0.3962, -0.1423, -0.0461, -0.0734,  0.1954,  0.2514,  0.3696,  0.2139],
        [ 0.3956,  0.1515,  0.2992, -0.1126, -0.1655, -0.2724, -0.3759,  0.0302,
         -0.0416, -0.2843, -0.0725,  0.2508, -0.0768,  0.1010,  0.3263,  0.2131],
        [-0.2087,  0.0497, -0.0790, -0.0430,  0.1174,  0.0095,  0.3346,  0.3752,
          0.1897,  0.0862, -0.0450, -0.2888, -0.1937, -0.2181,  0.0453, -0.2684],
        [-0.0832, -0.3523, -0.0630,  0.3923, -0.1621,  0.1420,  0.2522, -0.0714,
          0.0075,  0.2564,  0.2582, -0.2557, -0.1472, -0.3339, -0.4434,  0.0558],
        [ 0.3818,  0.0447,  0.0738, -0.1745,  0.1656, -0.4283, -0.3107, -0.2116,
         -0.2361, -0.1567,  0.1146,  0.2036, -0.1108,  0.3074,  0.3784,  0.2318],
        [ 0.2828,  0.2129,  0.3686, -0.3895, -0.0836, -0.2092, -0.2067, -0.2735,
         -0.3514, -0.3317, -0.1071,  0.3423,  0.2574,  0.1438,  0.0078,  0.0477],
        [ 0.2341, -0.1108,  0.1991, -0.1505,  0.2151, -0.2967,  0.0223, -0.1803,
         -0.3664,  0.0476,  0.1558,  0.0108,  0.0423,  0.2367,  0.0713,  0.3414],
        [ 0.0785,  0.0398,  0.1287,  0.0491, -0.0525, -0.2689, -0.0567, -0.3481,
         -0.1819, -0.3739, -0.3128,  0.1317,  0.1890,  0.3377, -0.0242,  0.0982],
        [ 0.2393,  0.2188,  0.3227, -0.3624,  0.0009, -0.1316, -0.3764, -0.0020,
         -0.3655,  0.0025, -0.0010,  0.0765,  0.1997,  0.2926,  0.3644,  0.3104],
        [-0.3415, -0.0586, -0.0088,  0.2251,  0.1845,  0.0582,  0.3821,  0.1649,
         -0.0557,  0.1068,  0.2314, -0.2736, -0.2058, -0.1906, -0.3424, -0.1214],
        [ 0.3287,  0.1594,  0.1649, -0.1486, -0.1736, -0.3271, -0.1658, -0.3423,
         -0.0171, -0.1179, -0.0048,  0.1449,  0.3133,  0.3071,  0.2998,  0.2826],
        [-0.2919, -0.0135, -0.3415,  0.2669, -0.2446,  0.1847,  0.3548,  0.2927,
          0.3460,  0.2364,  0.1923, -0.0789,  0.0519,  0.0525, -0.1037, -0.2404],
        [-0.3074, -0.1930, -0.0703,  0.0379,  0.0468,  0.4223,  0.4004, -0.0294,
          0.2190,  0.3286, -0.1863, -0.0128, -0.2859, -0.2637, -0.2996, -0.2614],
        [ 0.0921,  0.2224,  0.2943, -0.0964,  0.1861, -0.3675, -0.4387, -0.3791,
         -0.3059, -0.3023,  0.0238,  0.0021, -0.0141,  0.2597,  0.0490,  0.2205]],
       device='cuda:0', requires_grad=True)

Parameter name: road_linear_0.bias
Shape: torch.Size([32])
Values: Parameter containing:
tensor([-0.0915, -0.0607,  0.1850, -0.0288, -0.0682, -0.0188,  0.0745,  0.0640,
        -0.0221, -0.0518, -0.0327,  0.0553,  0.1244,  0.1019, -0.0164, -0.0506,
        -0.1412,  0.0230,  0.1206,  0.0211,  0.0145, -0.1781, -0.0098, -0.0459,
        -0.0441,  0.2105,  0.1270,  0.0237, -0.0491, -0.1487,  0.0126,  0.0317],
       device='cuda:0', requires_grad=True)

Parameter name: road_linear_1.weight
Shape: torch.Size([1, 32])
Values: Parameter containing:
tensor([[-0.1961,  0.2886, -0.2123, -0.2438,  0.2614,  0.3115, -0.2647, -0.3670,
         -0.2909,  0.3056,  0.2490,  0.3597, -0.2236, -0.3667,  0.2862, -0.1276,
         -0.2839,  0.3248, -0.2163, -0.2307,  0.3314,  0.3423, -0.3612, -0.3683,
         -0.2601, -0.2897, -0.3075,  0.3251, -0.3502,  0.3735,  0.2854, -0.2254]],
       device='cuda:0', requires_grad=True)

Parameter name: linear_0.weight
Shape: torch.Size([32, 39])
Values: Parameter containing:
tensor([[-0.0128, -0.0055,  0.0258,  ...,  0.2087, -0.3451, -0.1137],
        [-0.0841, -0.1927,  0.0833,  ...,  0.1447, -0.3239,  0.0871],
        [-0.0518,  0.1605,  0.0904,  ...,  0.0119,  0.2287,  0.0345],
        ...,
        [ 0.0400, -0.1583,  0.0129,  ...,  0.0667, -0.2719, -0.1180],
        [ 0.0374, -0.0670,  0.0049,  ..., -0.3013,  0.1224,  0.1557],
        [-0.0831,  0.1638,  0.0121,  ..., -0.1720,  0.0539, -0.0509]],
       device='cuda:0', requires_grad=True)

Parameter name: linear_0.bias
Shape: torch.Size([32])
Values: Parameter containing:
tensor([ 0.0514,  0.0542, -0.0927, -0.1198, -0.0575,  0.0452, -0.1290,  0.0625,
        -0.0469,  0.0925,  0.0329,  0.0082,  0.0090,  0.0625, -0.0790, -0.0211,
         0.0472, -0.1419, -0.0316, -0.0149, -0.1095,  0.0474,  0.0817, -0.0067,
        -0.0845,  0.0669,  0.0238, -0.0968,  0.0643,  0.1477,  0.1376, -0.0662],
       device='cuda:0', requires_grad=True)

Parameter name: linear_1.weight
Shape: torch.Size([32, 32])
Values: Parameter containing:
tensor([[ 0.0405, -0.1948, -0.0823,  ..., -0.1381, -0.0178,  0.2608],
        [-0.2337, -0.0440,  0.1038,  ..., -0.0691, -0.0038,  0.2699],
        [ 0.1628, -0.0209, -0.1746,  ...,  0.0812, -0.0219, -0.0670],
        ...,
        [ 0.1498,  0.1102,  0.0835,  ...,  0.2612, -0.2195,  0.0569],
        [-0.0505, -0.1719,  0.0746,  ...,  0.0046,  0.2472,  0.0842],
        [-0.0164, -0.1207,  0.2099,  ...,  0.0526,  0.1376,  0.1301]],
       device='cuda:0', requires_grad=True)

Parameter name: linear_1.bias
Shape: torch.Size([32])
Values: Parameter containing:
tensor([ 8.5630e-02,  1.2105e-01, -3.4418e-02, -5.3875e-02, -3.1359e-02,
        -3.5268e-02, -3.1818e-02, -6.2585e-02,  1.0930e-01, -1.7371e-01,
         1.2257e-01, -1.3315e-01,  1.6448e-01, -1.7577e-02, -1.4303e-01,
         1.0408e-01, -1.2633e-01, -1.5304e-01,  1.2741e-02, -2.9691e-02,
         9.1760e-03,  1.0934e-01, -1.8764e-01,  2.0108e-01, -7.0753e-02,
        -2.9360e-02,  8.8336e-02, -3.8724e-02, -1.1153e-01, -5.9161e-02,
         1.0950e-01, -7.7666e-05], device='cuda:0', requires_grad=True)

Parameter name: linear_2.weight
Shape: torch.Size([1, 32])
Values: Parameter containing:
tensor([[ 0.4923,  0.4164, -0.4937, -0.4980,  0.3424,  0.3502, -0.3988,  0.4069,
          0.4079, -0.4295, -0.4203,  0.3816,  0.4036, -0.3442,  0.4245,  0.3721,
         -0.5025, -0.4939,  0.3709,  0.3878, -0.4550, -0.4281, -0.4917,  0.3276,
          0.4665,  0.4936, -0.4670,  0.5347, -0.4026, -0.4847,  0.4685,  0.4847]],
       device='cuda:0', requires_grad=True)

Parameter name: linear_2.bias
Shape: torch.Size([1])
Values: Parameter containing:
tensor([0.2161], device='cuda:0', requires_grad=True)

Parameter name: road_linear_0.weight
Shape: torch.Size([32, 16])
Values: Parameter containing:
tensor([[ 0.0203,  0.3702,  0.3322, -0.3541, -0.0180, -0.1876, -0.0706, -0.3907,
         -0.1832, -0.0924,  0.0244,  0.1787,  0.0589, -0.0577,  0.3152,  0.3721],
        [-0.2803, -0.3551, -0.1334,  0.0178, -0.1736,  0.2904,  0.1891,  0.1639,
          0.4019,  0.1402,  0.2286, -0.2713,  0.0063, -0.0413,  0.0051, -0.0911],
        [ 0.1065,  0.2619,  0.4100, -0.1467,  0.1483, -0.3826, -0.0665, -0.4140,
          0.0485, -0.0886, -0.1005, -0.0576,  0.3934,  0.3047,  0.4321,  0.2725],
        [ 0.3013,  0.0863,  0.1171, -0.1015,  0.1116, -0.2411, -0.1758, -0.0959,
         -0.4147, -0.4129, -0.1145,  0.3694,  0.2846, -0.1273,  0.1424,  0.1701],
        [-0.1243,  0.0935, -0.2002,  0.0043,  0.0249,  0.1321,  0.0687,  0.3321,
          0.1591,  0.3038,  0.2519, -0.1805, -0.0451, -0.2323, -0.0798, -0.1526],
        [-0.0287,  0.1206, -0.3850,  0.4202,  0.1303,  0.0120,  0.2783, -0.0377,
          0.2513,  0.2160, -0.1182, -0.0867, -0.2399,  0.1240,  0.0347, -0.0835],
        [ 0.3984,  0.2149,  0.4383, -0.2079,  0.1365, -0.2563, -0.2119, -0.2387,
         -0.2550, -0.0328, -0.0243,  0.0686, -0.0360,  0.2239, -0.0148,  0.1676],
        [-0.0397,  0.3268,  0.3803, -0.3677, -0.1402, -0.3370, -0.1106, -0.2476,
         -0.1841, -0.2192, -0.0763,  0.0245,  0.2535, -0.0879,  0.1601,  0.3696],
        [ 0.0581,  0.3172,  0.3289, -0.2699,  0.0403, -0.3848, -0.1826, -0.1099,
          0.0417, -0.3165, -0.1177,  0.0738, -0.0877,  0.1345,  0.0069,  0.0995],
        [-0.3112, -0.1058, -0.1242,  0.0080, -0.0634,  0.1954,  0.0677,  0.2424,
          0.2721,  0.0008,  0.2518, -0.0195, -0.2539, -0.0692, -0.1829, -0.1992],
        [-0.3756,  0.0566, -0.0874, -0.0199, -0.1838,  0.4626,  0.2475,  0.1201,
          0.3429,  0.2556,  0.0730,  0.0043, -0.1593,  0.1389, -0.3872, -0.3381],
        [-0.1495, -0.1595, -0.0497,  0.1103,  0.1030,  0.1581,  0.3897,  0.1602,
          0.1719,  0.3502,  0.1619,  0.0468, -0.3969, -0.1990, -0.2562, -0.2071],
        [ 0.3761,  0.2457,  0.2132, -0.2126,  0.0938, -0.0372, -0.1153, -0.3297,
         -0.3436, -0.1324, -0.1332,  0.0425, -0.0301,  0.1938,  0.1667,  0.0493],
        [ 0.2391,  0.3689,  0.4007, -0.0366, -0.1653, -0.0659, -0.0719, -0.0814,
         -0.2223, -0.1761, -0.2227,  0.1244,  0.1252,  0.0680, -0.0403,  0.2560],
        [-0.4011, -0.3182, -0.0972, -0.0214,  0.1938,  0.4523,  0.1221,  0.1197,
         -0.0330,  0.1911,  0.1352, -0.3170, -0.0839, -0.1159, -0.2810, -0.1773],
        [-0.0799, -0.1165,  0.1920,  0.0814, -0.1513, -0.0249, -0.1577, -0.2574,
         -0.1561, -0.0246, -0.0281,  0.3997,  0.0971, -0.0795,  0.4067,  0.0500],
        [ 0.3402,  0.2880,  0.2278, -0.3752, -0.1981, -0.0798, -0.1249, -0.0027,
         -0.3645, -0.1955,  0.1325,  0.2932,  0.3473,  0.2851,  0.1283, -0.0099],
        [-0.3228, -0.0344, -0.2747,  0.1626, -0.0202,  0.3452,  0.3154,  0.2776,
          0.1411,  0.2938, -0.0307, -0.2525, -0.1683, -0.2221,  0.0410, -0.1935],
        [ 0.2583,  0.1433,  0.1843, -0.3196, -0.0041, -0.4208, -0.3107,  0.0250,
         -0.3962, -0.1423, -0.0461, -0.0734,  0.1954,  0.2514,  0.3696,  0.2139],
        [ 0.3956,  0.1515,  0.2992, -0.1126, -0.1655, -0.2724, -0.3759,  0.0302,
         -0.0416, -0.2843, -0.0725,  0.2508, -0.0768,  0.1010,  0.3263,  0.2131],
        [-0.2087,  0.0497, -0.0790, -0.0430,  0.1174,  0.0095,  0.3346,  0.3752,
          0.1897,  0.0862, -0.0450, -0.2888, -0.1937, -0.2181,  0.0453, -0.2684],
        [-0.0832, -0.3523, -0.0630,  0.3923, -0.1621,  0.1420,  0.2522, -0.0714,
          0.0075,  0.2564,  0.2582, -0.2557, -0.1472, -0.3339, -0.4434,  0.0558],
        [ 0.3818,  0.0447,  0.0738, -0.1745,  0.1656, -0.4283, -0.3107, -0.2116,
         -0.2361, -0.1567,  0.1146,  0.2036, -0.1108,  0.3074,  0.3784,  0.2318],
        [ 0.2828,  0.2129,  0.3686, -0.3895, -0.0836, -0.2092, -0.2067, -0.2735,
         -0.3514, -0.3317, -0.1071,  0.3423,  0.2574,  0.1438,  0.0078,  0.0477],
        [ 0.2341, -0.1108,  0.1991, -0.1505,  0.2151, -0.2967,  0.0223, -0.1803,
         -0.3664,  0.0476,  0.1558,  0.0108,  0.0423,  0.2367,  0.0713,  0.3414],
        [ 0.0785,  0.0398,  0.1287,  0.0491, -0.0525, -0.2689, -0.0567, -0.3481,
         -0.1819, -0.3739, -0.3128,  0.1317,  0.1890,  0.3377, -0.0242,  0.0982],
        [ 0.2393,  0.2188,  0.3227, -0.3624,  0.0009, -0.1316, -0.3764, -0.0020,
         -0.3655,  0.0025, -0.0010,  0.0765,  0.1997,  0.2926,  0.3644,  0.3104],
        [-0.3415, -0.0586, -0.0088,  0.2251,  0.1845,  0.0582,  0.3821,  0.1649,
         -0.0557,  0.1068,  0.2314, -0.2736, -0.2058, -0.1906, -0.3424, -0.1214],
        [ 0.3287,  0.1594,  0.1649, -0.1486, -0.1736, -0.3271, -0.1658, -0.3423,
         -0.0171, -0.1179, -0.0048,  0.1449,  0.3133,  0.3071,  0.2998,  0.2826],
        [-0.2919, -0.0135, -0.3415,  0.2669, -0.2446,  0.1847,  0.3548,  0.2927,
          0.3460,  0.2364,  0.1923, -0.0789,  0.0519,  0.0525, -0.1037, -0.2404],
        [-0.3074, -0.1930, -0.0703,  0.0379,  0.0468,  0.4223,  0.4004, -0.0294,
          0.2190,  0.3286, -0.1863, -0.0128, -0.2859, -0.2637, -0.2996, -0.2614],
        [ 0.0921,  0.2224,  0.2943, -0.0964,  0.1861, -0.3675, -0.4387, -0.3791,
         -0.3059, -0.3023,  0.0238,  0.0021, -0.0141,  0.2597,  0.0490,  0.2205]],
       device='cuda:0', requires_grad=True)

Parameter name: road_linear_0.bias
Shape: torch.Size([32])
Values: Parameter containing:
tensor([-0.0915, -0.0607,  0.1850, -0.0288, -0.0682, -0.0188,  0.0745,  0.0640,
        -0.0221, -0.0518, -0.0327,  0.0553,  0.1244,  0.1019, -0.0164, -0.0506,
        -0.1412,  0.0230,  0.1206,  0.0211,  0.0145, -0.1781, -0.0098, -0.0459,
        -0.0441,  0.2105,  0.1270,  0.0237, -0.0491, -0.1487,  0.0126,  0.0317],
       device='cuda:0', requires_grad=True)

Parameter name: road_linear_1.weight
Shape: torch.Size([1, 32])
Values: Parameter containing:
tensor([[-0.1961,  0.2886, -0.2123, -0.2438,  0.2614,  0.3115, -0.2647, -0.3670,
         -0.2909,  0.3056,  0.2490,  0.3597, -0.2236, -0.3667,  0.2862, -0.1276,
         -0.2839,  0.3248, -0.2163, -0.2307,  0.3314,  0.3423, -0.3612, -0.3683,
         -0.2601, -0.2897, -0.3075,  0.3251, -0.3502,  0.3735,  0.2854, -0.2254]],
       device='cuda:0', requires_grad=True)

Parameter name: linear_0.weight
Shape: torch.Size([32, 39])
Values: Parameter containing:
tensor([[-0.0128, -0.0055,  0.0258,  ...,  0.2087, -0.3451, -0.1137],
        [-0.0841, -0.1927,  0.0833,  ...,  0.1447, -0.3239,  0.0871],
        [-0.0518,  0.1605,  0.0904,  ...,  0.0119,  0.2287,  0.0345],
        ...,
        [ 0.0400, -0.1583,  0.0129,  ...,  0.0667, -0.2719, -0.1180],
        [ 0.0374, -0.0670,  0.0049,  ..., -0.3013,  0.1224,  0.1557],
        [-0.0831,  0.1638,  0.0121,  ..., -0.1720,  0.0539, -0.0509]],
       device='cuda:0', requires_grad=True)

Parameter name: linear_0.bias
Shape: torch.Size([32])
Values: Parameter containing:
tensor([ 0.0514,  0.0542, -0.0927, -0.1198, -0.0575,  0.0452, -0.1290,  0.0625,
        -0.0469,  0.0925,  0.0329,  0.0082,  0.0090,  0.0625, -0.0790, -0.0211,
         0.0472, -0.1419, -0.0316, -0.0149, -0.1095,  0.0474,  0.0817, -0.0067,
        -0.0845,  0.0669,  0.0238, -0.0968,  0.0643,  0.1477,  0.1376, -0.0662],
       device='cuda:0', requires_grad=True)

Parameter name: linear_1.weight
Shape: torch.Size([32, 32])
Values: Parameter containing:
tensor([[ 0.0405, -0.1948, -0.0823,  ..., -0.1381, -0.0178,  0.2608],
        [-0.2337, -0.0440,  0.1038,  ..., -0.0691, -0.0038,  0.2699],
        [ 0.1628, -0.0209, -0.1746,  ...,  0.0812, -0.0219, -0.0670],
        ...,
        [ 0.1498,  0.1102,  0.0835,  ...,  0.2612, -0.2195,  0.0569],
        [-0.0505, -0.1719,  0.0746,  ...,  0.0046,  0.2472,  0.0842],
        [-0.0164, -0.1207,  0.2099,  ...,  0.0526,  0.1376,  0.1301]],
       device='cuda:0', requires_grad=True)

Parameter name: linear_1.bias
Shape: torch.Size([32])
Values: Parameter containing:
tensor([ 8.5630e-02,  1.2105e-01, -3.4418e-02, -5.3875e-02, -3.1359e-02,
        -3.5268e-02, -3.1818e-02, -6.2585e-02,  1.0930e-01, -1.7371e-01,
         1.2257e-01, -1.3315e-01,  1.6448e-01, -1.7577e-02, -1.4303e-01,
         1.0408e-01, -1.2633e-01, -1.5304e-01,  1.2741e-02, -2.9691e-02,
         9.1760e-03,  1.0934e-01, -1.8764e-01,  2.0108e-01, -7.0753e-02,
        -2.9360e-02,  8.8336e-02, -3.8724e-02, -1.1153e-01, -5.9161e-02,
         1.0950e-01, -7.7653e-05], device='cuda:0', requires_grad=True)

Parameter name: linear_2.weight
Shape: torch.Size([1, 32])
Values: Parameter containing:
tensor([[ 0.4923,  0.4164, -0.4937, -0.4980,  0.3424,  0.3502, -0.3988,  0.4069,
          0.4079, -0.4295, -0.4203,  0.3816,  0.4036, -0.3442,  0.4245,  0.3721,
         -0.5025, -0.4939,  0.3709,  0.3878, -0.4550, -0.4281, -0.4917,  0.3276,
          0.4665,  0.4936, -0.4670,  0.5347, -0.4026, -0.4847,  0.4685,  0.4847]],
       device='cuda:0', requires_grad=True)

Parameter name: linear_2.bias
Shape: torch.Size([1])
Values: Parameter containing:
tensor([0.2161], device='cuda:0', requires_grad=True)

Parameter name: road_linear_0.weight
Shape: torch.Size([32, 16])
Values: Parameter containing:
tensor([[ 0.0095,  0.3704,  0.3226, -0.3226, -0.2918, -0.1949, -0.0833, -0.4613,
         -0.2416, -0.0858, -0.0294,  0.2385,  0.0956, -0.0276,  0.0210,  0.3740],
        [-0.2614, -0.3458, -0.1160, -0.0058,  0.0402,  0.2798,  0.1909,  0.2158,
          0.4444,  0.1514,  0.2887, -0.3031, -0.0113, -0.0812,  0.2673, -0.0858],
        [ 0.0914,  0.2576,  0.3949, -0.1163, -0.1499, -0.3757, -0.0747, -0.4820,
         -0.0211, -0.0850, -0.1420, -0.0147,  0.4255,  0.3701,  0.1305,  0.2696],
        [ 0.2872,  0.0817,  0.1040, -0.0790, -0.1260, -0.2350, -0.1858, -0.1632,
         -0.4813, -0.4273, -0.1245,  0.4173,  0.3012, -0.0706, -0.1349,  0.1668],
        [-0.1050,  0.0757, -0.1849, -0.0237,  0.2324,  0.1195,  0.0701,  0.3829,
          0.1967,  0.3164,  0.3246, -0.2058, -0.0647, -0.2825,  0.2026, -0.1633],
        [-0.0185,  0.1157, -0.3762,  0.4073,  0.4067,  0.0097,  0.2899,  0.0296,
          0.3063,  0.2345, -0.0908, -0.1323, -0.2635,  0.0874,  0.3152, -0.0862],
        [ 0.3858,  0.1255,  0.4259, -0.1918, -0.1169, -0.2479, -0.2105, -0.2997,
         -0.3107, -0.0490, -0.0592,  0.1093, -0.0412,  0.2726, -0.1965,  0.1656],
        [-0.0500,  0.2746,  0.3702, -0.3586, -0.3815, -0.3269, -0.1104, -0.3130,
         -0.2424, -0.2351, -0.1048,  0.0680,  0.2661, -0.0459, -0.0029,  0.3656],
        [ 0.0472,  0.3132,  0.3191, -0.2483, -0.1164, -0.3830, -0.1951, -0.1632,
         -0.0064, -0.3357, -0.2614,  0.1024, -0.0467,  0.2078, -0.2527,  0.1028],
        [-0.3004, -0.1157, -0.1158, -0.0092,  0.1458,  0.1939,  0.0808,  0.3036,
          0.3248,  0.0225,  0.3335, -0.0542, -0.2888, -0.1293,  0.1008, -0.2085],
        [-0.3726,  0.0382, -0.0854, -0.0268,  0.0352,  0.4684,  0.2663,  0.1926,
          0.4131,  0.2826,  0.1372, -0.0490, -0.1777,  0.0633, -0.0676, -0.3472],
        [-0.1402, -0.1688, -0.0439,  0.0961,  0.2388,  0.1591,  0.4021,  0.2182,
          0.2193,  0.3758,  0.2547,  0.0141, -0.3962, -0.2901, -0.0039, -0.2179],
        [ 0.3529,  0.2607,  0.1917, -0.1812, -0.2153, -0.0299, -0.1279, -0.4175,
         -0.3960, -0.1415, -0.1651,  0.0987, -0.0210,  0.2272, -0.1813,  0.0499],
        [ 0.2216,  0.3417,  0.3846, -0.0178, -0.3674, -0.0547, -0.0691, -0.1277,
         -0.2630, -0.1882, -0.2762,  0.1510,  0.1398,  0.1076, -0.2586,  0.2498],
        [-0.3887, -0.3059, -0.0853, -0.0372,  0.4294,  0.4443,  0.1275,  0.1792,
          0.0218,  0.2063,  0.1894, -0.3557, -0.1063, -0.1637, -0.0399, -0.1749],
        [-0.0557, -0.0544,  0.2216,  0.0760, -0.4163, -0.0795, -0.2324, -0.3999,
         -0.2810, -0.0929, -0.1296,  0.4753,  0.1972,  0.0320,  0.1462,  0.0901],
        [ 0.3297,  0.2771,  0.2186, -0.3609, -0.4259, -0.0762, -0.1345, -0.0656,
         -0.4214, -0.2144,  0.0953,  0.3383,  0.3808,  0.3354, -0.0761, -0.0121],
        [-0.3089, -0.0157, -0.2623,  0.1490,  0.1857,  0.3309,  0.3140,  0.3262,
          0.1895,  0.3078,  0.0042, -0.2840, -0.1784, -0.2731,  0.2174, -0.1893],
        [ 0.2300,  0.1270,  0.1550, -0.2748, -0.2947, -0.4049, -0.3118, -0.0406,
         -0.4674, -0.1236, -0.1128, -0.0345,  0.2493,  0.3214,  0.0835,  0.1939],
        [ 0.3890,  0.1449,  0.2919, -0.0974, -0.3853, -0.2717, -0.3906, -0.0401,
         -0.1078, -0.3044, -0.1544,  0.2997, -0.0389,  0.1660,  0.0838,  0.2142],
        [-0.1920,  0.0455, -0.0640, -0.0626,  0.3298, -0.0061,  0.3322,  0.4137,
          0.2215,  0.0948, -0.0059, -0.3108, -0.2094, -0.2488,  0.3021, -0.2675],
        [-0.0814, -0.3427, -0.0614,  0.3830,  0.0384,  0.1496,  0.2798,  0.0014,
          0.0728,  0.2857,  0.3827, -0.3004, -0.2091, -0.4084, -0.1697,  0.0477],
        [ 0.3787,  0.0399,  0.0710, -0.1707, -0.0521, -0.4293, -0.3253, -0.2798,
         -0.3011, -0.1815,  0.0629,  0.2514, -0.0730,  0.3690,  0.1813,  0.2352],
        [ 0.2705,  0.2088,  0.3577, -0.3795, -0.2783, -0.1949, -0.2080, -0.3303,
         -0.4026, -0.3460, -0.1019,  0.3793,  0.2649,  0.1893, -0.1556,  0.0404],
        [ 0.2220, -0.1008,  0.1891, -0.1274, -0.0045, -0.2958,  0.0109, -0.2379,
         -0.4186,  0.0275,  0.0710,  0.0486,  0.0761,  0.2932, -0.2310,  0.3521],
        [ 0.0541,  0.0393,  0.1057,  0.0750, -0.2771, -0.2440, -0.0446, -0.3817,
         -0.2068, -0.3765, -0.3609,  0.1472,  0.1924,  0.3649, -0.2932,  0.0937],
        [ 0.2351,  0.2041,  0.3185, -0.3566, -0.2290, -0.1312, -0.3888, -0.0746,
         -0.4329, -0.0203, -0.0446,  0.1280,  0.2365,  0.3495,  0.1766,  0.3109],
        [-0.3326, -0.0633, -0.0027,  0.2122,  0.3733,  0.0598,  0.3963,  0.2337,
          0.0005,  0.1315,  0.2989, -0.3168, -0.2345, -0.2567, -0.0828, -0.1290],
        [ 0.3186,  0.1721,  0.1569, -0.1399, -0.3595, -0.3227, -0.1759, -0.3998,
         -0.0696, -0.1369, -0.0088,  0.1854,  0.3085,  0.3665,  0.0656,  0.2821],
        [-0.2848,  0.0147, -0.3347,  0.2606, -0.0279,  0.1773,  0.3599,  0.3535,
          0.4035,  0.2561,  0.2406, -0.1192,  0.0308, -0.0013,  0.0687, -0.2412],
        [-0.3013, -0.1941, -0.0648,  0.0273,  0.2583,  0.4228,  0.4137,  0.0349,
          0.2812,  0.3508, -0.1235, -0.0581, -0.3224, -0.3293, -0.0698, -0.2636],
        [ 0.0710,  0.1874,  0.2731, -0.0564, -0.0549, -0.3545, -0.4366, -0.4363,
         -0.3661, -0.2940, -0.0397,  0.0359,  0.0033,  0.3229, -0.1837,  0.2094]],
       device='cuda:0', requires_grad=True)

Parameter name: road_linear_0.bias
Shape: torch.Size([32])
Values: Parameter containing:
tensor([-0.0546, -0.0105,  0.1060, -0.0347, -0.0573, -0.0921,  0.0718,  0.0820,
        -0.0232, -0.0559, -0.0042,  0.0629,  0.1470,  0.0771,  0.0199, -0.0405,
        -0.0511, -0.0049,  0.0890,  0.0034, -0.0451, -0.1353, -0.0310,  0.0025,
        -0.0100,  0.1623,  0.1164,  0.0227, -0.0663, -0.1389,  0.0330, -0.0456],
       device='cuda:0', requires_grad=True)

Parameter name: road_linear_1.weight
Shape: torch.Size([1, 32])
Values: Parameter containing:
tensor([[-0.2260,  0.3178, -0.2246, -0.2576,  0.3161,  0.3546, -0.2802, -0.3820,
         -0.3132,  0.3399,  0.2596,  0.3701, -0.2577, -0.3961,  0.3001, -0.2654,
         -0.3177,  0.3298, -0.2248, -0.2479,  0.3936,  0.3099, -0.3691, -0.3772,
         -0.3236, -0.3340, -0.3120,  0.3458, -0.3568,  0.3814,  0.2870, -0.2346]],
       device='cuda:0', requires_grad=True)

Parameter name: linear_0.weight
Shape: torch.Size([32, 39])
Values: Parameter containing:
tensor([[-1.0613e-02, -5.4702e-03,  4.1912e-02,  ...,  2.3616e-01,
         -3.6382e-01, -1.1368e-01],
        [-8.3051e-02, -1.8845e-01,  8.5711e-02,  ...,  1.4790e-01,
         -3.4387e-01,  8.7102e-02],
        [-4.3718e-02,  1.7231e-01,  7.5161e-02,  ..., -5.2176e-03,
          2.6176e-01,  3.4476e-02],
        ...,
        [ 2.9107e-02, -1.8711e-01,  4.0514e-02,  ...,  6.6014e-02,
         -2.8690e-01, -1.1801e-01],
        [ 4.7929e-02, -5.2620e-02, -1.7691e-02,  ..., -3.0424e-01,
          1.4941e-01,  1.5567e-01],
        [-2.0084e-01,  5.3813e-02, -2.7180e-04,  ...,  4.1997e-02,
         -2.3060e-01, -5.0854e-02]], device='cuda:0', requires_grad=True)

Parameter name: linear_0.bias
Shape: torch.Size([32])
Values: Parameter containing:
tensor([ 0.0572,  0.0580, -0.0887, -0.1182, -0.0569,  0.0523, -0.1283,  0.0616,
        -0.0493,  0.0822,  0.0317,  0.0087,  0.0252,  0.0728, -0.0787, -0.0171,
         0.0506, -0.1493, -0.0279, -0.0235, -0.0752,  0.0443,  0.0883, -0.0078,
        -0.0866,  0.0863,  0.0329, -0.0874,  0.0490,  0.1389,  0.1473, -0.1043],
       device='cuda:0', requires_grad=True)

Parameter name: linear_1.weight
Shape: torch.Size([32, 32])
Values: Parameter containing:
tensor([[ 0.0136, -0.1885, -0.0789,  ..., -0.1186, -0.0293,  0.0683],
        [-0.2707, -0.0422,  0.1168,  ..., -0.0507, -0.0088,  0.0563],
        [ 0.1872, -0.0322, -0.1764,  ...,  0.0556, -0.0063,  0.1684],
        ...,
        [ 0.1710,  0.0950,  0.0881,  ...,  0.2306, -0.1992,  0.2445],
        [-0.0819, -0.1605,  0.0768,  ...,  0.0315,  0.2333, -0.1662],
        [-0.0538, -0.1238,  0.2174,  ...,  0.0686,  0.1333, -0.0347]],
       device='cuda:0', requires_grad=True)

Parameter name: linear_1.bias
Shape: torch.Size([32])
Values: Parameter containing:
tensor([ 0.0824,  0.1201, -0.0211, -0.0577, -0.0356, -0.0629, -0.0245, -0.0607,
         0.0929, -0.1329,  0.1356, -0.1273,  0.1495,  0.0561, -0.1353,  0.0853,
        -0.1163, -0.1437,  0.0016, -0.0149,  0.0086,  0.1109, -0.1817,  0.1709,
        -0.0650, -0.0320,  0.0918, -0.0432, -0.1075, -0.0520,  0.0927,  0.0021],
       device='cuda:0', requires_grad=True)

Parameter name: linear_2.weight
Shape: torch.Size([1, 32])
Values: Parameter containing:
tensor([[ 0.4860,  0.4075, -0.4845, -0.4880,  0.3521,  0.3431, -0.3993,  0.3938,
          0.4194, -0.4224, -0.3840,  0.3799,  0.3784,  0.3884,  0.4172,  0.3693,
         -0.4865, -0.4918,  0.3566,  0.3818, -0.4410, -0.4195, -0.4851,  0.3464,
          0.4693,  0.4945, -0.4695,  0.5184, -0.3977, -0.4836,  0.4635,  0.4862]],
       device='cuda:0', requires_grad=True)

Parameter name: linear_2.bias
Shape: torch.Size([1])
Values: Parameter containing:
tensor([0.2068], device='cuda:0', requires_grad=True)

Parameter name: road_linear_0.weight
Shape: torch.Size([32, 16])
Values: Parameter containing:
tensor([[ 0.0193,  0.1189,  0.3172, -0.3521, -0.2683, -0.1644, -0.0675, -0.4333,
         -0.1949, -0.0796,  0.1713,  0.2105,  0.0707, -0.0268, -0.1456,  0.3897],
        [-0.2667, -0.1143, -0.1117,  0.0272,  0.0325,  0.2560,  0.1722,  0.1950,
          0.4305,  0.1524,  0.0698, -0.2821, -0.0159, -0.0775,  0.4373, -0.0958],
        [ 0.0940,  0.0504,  0.3846, -0.1398, -0.1193, -0.3480, -0.0433, -0.4433,
          0.0187, -0.0759, -0.0925, -0.0422,  0.4062,  0.3412, -0.0193,  0.2732],
        [ 0.2792, -0.0235,  0.0855, -0.1002, -0.0988, -0.1941, -0.1480, -0.1192,
         -0.4376, -0.4125,  0.0288,  0.3738,  0.3068, -0.0940, -0.2625,  0.1612],
        [-0.1060,  0.2941, -0.1753,  0.0067,  0.2147,  0.0890,  0.0427,  0.3531,
          0.1697,  0.3131,  0.0726, -0.1781, -0.0613, -0.2689,  0.3512, -0.1694],
        [-0.0087,  0.2869, -0.3591,  0.4256,  0.3642, -0.0344,  0.2522, -0.0127,
          0.2721,  0.2208, -0.1070, -0.0972, -0.2394,  0.1071,  0.4167, -0.0831],
        [ 0.3801,  0.0190,  0.4110, -0.2133, -0.1029, -0.2146, -0.1755, -0.2644,
         -0.2745, -0.0398, -0.0011,  0.0785, -0.0532,  0.2033, -0.3320,  0.1632],
        [-0.0547,  0.1604,  0.3591, -0.3802, -0.3726, -0.3017, -0.0850, -0.2898,
         -0.2243, -0.2316, -0.0678,  0.0507,  0.2582, -0.0825, -0.1159,  0.3632],
        [ 0.0532,  0.0656,  0.3156, -0.2844, -0.1100, -0.3566, -0.1751, -0.1412,
          0.0112, -0.3375,  0.0079,  0.0811, -0.0430,  0.2056, -0.4126,  0.1154],
        [-0.3038,  0.1230, -0.1103,  0.0234,  0.1291,  0.1654,  0.0559,  0.2745,
          0.2995,  0.0214,  0.1109, -0.0301, -0.2837, -0.1230,  0.2525, -0.2188],
        [-0.3695,  0.1760, -0.0715, -0.0029,  0.0136,  0.4332,  0.2385,  0.1569,
          0.3810,  0.2725,  0.0098, -0.0160, -0.2201,  0.0649,  0.0600, -0.3476],
        [-0.1322, -0.0152, -0.0273,  0.1198,  0.2038,  0.1232,  0.3577,  0.1709,
          0.1786,  0.3625,  0.0922,  0.0519, -0.4242, -0.2573,  0.1160, -0.2149],
        [ 0.3550,  0.0424,  0.1786, -0.2128, -0.1819,  0.0078, -0.0995, -0.3774,
         -0.3647, -0.1327, -0.0988,  0.0647, -0.0030,  0.2303, -0.3641,  0.0553],
        [ 0.2199,  0.1442,  0.3754, -0.0439, -0.3535, -0.0288, -0.0416, -0.1008,
         -0.2465, -0.1843, -0.1112,  0.1284,  0.1361,  0.0826, -0.4108,  0.2524],
        [-0.3901, -0.1016, -0.0773, -0.0087,  0.4235,  0.4208,  0.1054,  0.1584,
          0.0028,  0.2050,  0.0414, -0.3353, -0.1110, -0.1516,  0.1279, -0.1789],
        [-0.0237, -0.3478,  0.2300,  0.0106, -0.4284, -0.0451, -0.2145, -0.3878,
         -0.2616, -0.1042, -0.0573,  0.4622,  0.2035,  0.0162, -0.0589,  0.1252],
        [ 0.3234,  0.1253,  0.2044, -0.3826, -0.3827, -0.0408, -0.0937, -0.0199,
         -0.3933, -0.2031,  0.1950,  0.3028,  0.3593,  0.2885, -0.1746, -0.0158],
        [-0.2981,  0.0972, -0.2435,  0.1653,  0.1456,  0.2955,  0.2726,  0.2848,
          0.1531,  0.2960, -0.0459, -0.2531, -0.1564, -0.2105,  0.2701, -0.1801],
        [ 0.2445, -0.0489,  0.1580, -0.3106, -0.2352, -0.3847, -0.2820,  0.0023,
         -0.4254, -0.1268,  0.0104, -0.0594,  0.2101,  0.2772, -0.0354,  0.2098],
        [ 0.3850, -0.0229,  0.2763, -0.1224, -0.3666, -0.2388, -0.3579, -0.0071,
         -0.0782, -0.2942,  0.0858,  0.2673, -0.0328,  0.1388, -0.0776,  0.2116],
        [-0.1827,  0.2126, -0.0462, -0.0462,  0.2970, -0.0399,  0.2985,  0.3799,
          0.1944,  0.0837, -0.1027, -0.2814, -0.2017, -0.2187,  0.4017, -0.2617],
        [-0.0944, -0.0382, -0.0648,  0.4266,  0.0431,  0.1295,  0.2650, -0.0144,
          0.0634,  0.2964,  0.2160, -0.2938, -0.2180, -0.4066, -0.0302,  0.0325],
        [ 0.3760, -0.1198,  0.0596, -0.1954, -0.0358, -0.4033, -0.2964, -0.2556,
         -0.2799, -0.1776,  0.2015,  0.2309, -0.0648,  0.3379,  0.0515,  0.2331],
        [ 0.2602,  0.1330,  0.3413, -0.3972, -0.2291, -0.1644, -0.1693, -0.2900,
         -0.3707, -0.3345,  0.0168,  0.3538,  0.2745,  0.1399, -0.2129,  0.0287],
        [ 0.2196, -0.3272,  0.1782, -0.1561,  0.0211, -0.2571,  0.0455, -0.1963,
         -0.3810,  0.0351,  0.1930,  0.0137,  0.0627,  0.2827, -0.3792,  0.3588],
        [ 0.0516, -0.1448,  0.0935,  0.0530, -0.2526, -0.2179, -0.0242, -0.3555,
         -0.1865, -0.3713, -0.2751,  0.1251,  0.2021,  0.3516, -0.4420,  0.0928],
        [ 0.2289,  0.0246,  0.3013, -0.3766, -0.2030, -0.1029, -0.3500, -0.0434,
         -0.4039, -0.0112,  0.0417,  0.0999,  0.2361,  0.2883,  0.0607,  0.3025],
        [-0.3331,  0.1257,  0.0069,  0.2420,  0.3491,  0.0293,  0.3613,  0.1971,
         -0.0344,  0.1264,  0.0773, -0.2865, -0.2356, -0.2304,  0.0488, -0.1339],
        [ 0.3091,  0.0768,  0.1382, -0.1585, -0.3210, -0.2900, -0.1398, -0.3601,
         -0.0377, -0.1237,  0.1060,  0.1524,  0.3611,  0.3382, -0.0280,  0.2730],
        [-0.2784,  0.1304, -0.3215,  0.2811, -0.0416,  0.1513,  0.3302,  0.3269,
          0.3794,  0.2504,  0.1540, -0.1000,  0.0377,  0.0379,  0.1834, -0.2367],
        [-0.2932, -0.0195, -0.0467,  0.0475,  0.2263,  0.3860,  0.3758, -0.0030,
          0.2495,  0.3389, -0.2238, -0.0224, -0.3188, -0.2944,  0.0490, -0.2569],
        [ 0.0708,  0.0225,  0.2606, -0.0837, -0.0288, -0.3230, -0.3973, -0.3862,
         -0.3236, -0.2847,  0.0884, -0.0015, -0.0242,  0.2510, -0.3148,  0.2124]],
       device='cuda:0', requires_grad=True)

Parameter name: road_linear_0.bias
Shape: torch.Size([32])
Values: Parameter containing:
tensor([-0.0656, -0.0631,  0.1098, -0.0731, -0.0501, -0.0241,  0.0841,  0.1297,
        -0.0487, -0.0656,  0.0279,  0.0703,  0.1928,  0.1083, -0.0527,  0.0993,
        -0.1472, -0.0006,  0.0194, -0.0034, -0.0168, -0.1091, -0.0633, -0.0232,
        -0.1590,  0.2538,  0.0998,  0.0276, -0.0880, -0.2235,  0.1663, -0.0325],
       device='cuda:0', requires_grad=True)

Parameter name: road_linear_1.weight
Shape: torch.Size([1, 32])
Values: Parameter containing:
tensor([[-0.2406,  0.3265, -0.2391, -0.2524,  0.3268,  0.3706, -0.2911, -0.3780,
         -0.3242,  0.3698,  0.2567,  0.3838, -0.2703, -0.4144,  0.3136, -0.2899,
         -0.3214,  0.3238, -0.2317, -0.2520,  0.4083,  0.3309, -0.3684, -0.3722,
         -0.3676, -0.3468, -0.3156,  0.3559, -0.3428,  0.3806,  0.2846, -0.2328]],
       device='cuda:0', requires_grad=True)

Parameter name: linear_0.weight
Shape: torch.Size([32, 39])
Values: Parameter containing:
tensor([[-0.0544,  0.1272,  0.0589,  ...,  0.2181, -0.3191, -0.1137],
        [-0.1243, -0.0291,  0.1175,  ...,  0.1546, -0.3221,  0.0871],
        [ 0.0136, -0.0590,  0.0180,  ...,  0.0295,  0.2223,  0.0345],
        ...,
        [-0.0056,  0.0340,  0.0586,  ...,  0.0838, -0.3067, -0.1180],
        [ 0.1005, -0.2295, -0.0545,  ..., -0.3268,  0.1426,  0.1557],
        [-0.2206,  0.1724,  0.0385,  ...,  0.0970, -0.2655, -0.0509]],
       device='cuda:0', requires_grad=True)

Parameter name: linear_0.bias
Shape: torch.Size([32])
Values: Parameter containing:
tensor([ 0.0401,  0.0412, -0.0668, -0.1340, -0.0717,  0.0612, -0.1106,  0.0453,
        -0.0380,  0.0801,  0.0164,  0.0121,  0.0301,  0.0786, -0.0532, -0.0188,
         0.0584, -0.1563,  0.0029,  0.0273, -0.0486,  0.0315,  0.1088,  0.0052,
        -0.0943,  0.1048,  0.0470, -0.0922,  0.0534,  0.1392,  0.1673, -0.1229],
       device='cuda:0', requires_grad=True)

Parameter name: linear_1.weight
Shape: torch.Size([32, 32])
Values: Parameter containing:
tensor([[ 0.0767, -0.1779, -0.1222,  ..., -0.1306, -0.0205,  0.0761],
        [-0.2033, -0.0334,  0.0769,  ..., -0.0629,  0.0025,  0.0510],
        [ 0.1333, -0.0306, -0.1505,  ...,  0.0793, -0.0205,  0.1848],
        ...,
        [ 0.1148,  0.0913,  0.1261,  ...,  0.2522, -0.2194,  0.2444],
        [-0.0038, -0.1444,  0.0298,  ...,  0.0199,  0.2319, -0.1652],
        [-0.0007, -0.1305,  0.1915,  ...,  0.0376,  0.1591, -0.0486]],
       device='cuda:0', requires_grad=True)

Parameter name: linear_1.bias
Shape: torch.Size([32])
Values: Parameter containing:
tensor([ 0.1008,  0.1451, -0.0557, -0.0818, -0.0014, -0.0422, -0.0561, -0.0444,
         0.1221, -0.1672,  0.1250, -0.1180,  0.1707,  0.0865, -0.1239,  0.1212,
        -0.1387, -0.1712, -0.0598, -0.0041, -0.0010,  0.0866, -0.2076,  0.2104,
        -0.0470, -0.0049,  0.0762, -0.0288, -0.1347, -0.0717,  0.1165,  0.0393],
       device='cuda:0', requires_grad=True)

Parameter name: linear_2.weight
Shape: torch.Size([1, 32])
Values: Parameter containing:
tensor([[ 0.4219,  0.3403, -0.4222, -0.4151,  0.2903,  0.2737, -0.3371,  0.3072,
          0.3420, -0.3626, -0.3099,  0.3260,  0.3104,  0.2894,  0.3520,  0.3448,
         -0.4177, -0.4303, -0.2826,  0.3280, -0.3730, -0.3502, -0.4248,  0.2737,
          0.3947,  0.4319, -0.4146,  0.4184, -0.3388, -0.4190,  0.4009,  0.4266]],
       device='cuda:0', requires_grad=True)

Parameter name: linear_2.bias
Shape: torch.Size([1])
Values: Parameter containing:
tensor([0.1878], device='cuda:0', requires_grad=True)

Parameter name: road_linear_0.weight
Shape: torch.Size([32, 16])
Values: Parameter containing:
tensor([[-2.3452e-03,  3.8376e-01,  3.0021e-01, -3.1749e-01, -2.5516e-01,
         -1.4238e-01, -4.7853e-02, -4.2392e-01, -1.8552e-01, -5.7744e-02,
          1.5091e-01,  1.8235e-01,  5.1149e-02, -4.0268e-02, -1.3595e-01,
          3.6664e-01],
        [-2.4828e-01, -3.6710e-01, -9.4962e-02,  1.0887e-03,  1.5927e-02,
          2.4091e-01,  1.6139e-01,  1.8259e-01,  4.1321e-01,  1.3695e-01,
          7.3739e-02, -2.5969e-01, -2.3215e-03, -6.8882e-02,  4.2388e-01,
         -7.6191e-02],
        [ 7.4238e-02,  2.6433e-01,  3.6845e-01, -1.1351e-01, -1.1446e-01,
         -3.3562e-01, -3.5096e-02, -4.3901e-01,  2.4616e-02, -6.0060e-02,
         -9.4846e-02, -6.2109e-02,  3.9656e-01,  3.3965e-01, -1.3244e-02,
          2.5377e-01],
        [ 2.6302e-01,  9.3520e-02,  7.3494e-02, -7.8641e-02, -8.9102e-02,
         -1.8402e-01, -1.4403e-01, -1.1245e-01, -4.2832e-01, -4.0102e-01,
          2.7430e-02,  3.5689e-01,  3.0116e-01, -9.2244e-02, -2.6359e-01,
          1.4474e-01],
        [-9.8169e-02,  6.2738e-02, -1.6784e-01, -1.2387e-02,  2.1927e-01,
          8.1869e-02,  4.6292e-02,  3.6026e-01,  1.7062e-01,  3.0641e-01,
          9.1940e-02, -1.6618e-01, -6.6288e-02, -2.7792e-01,  3.6454e-01,
         -1.5838e-01],
        [-2.1522e-03,  1.0501e-01, -3.5424e-01,  4.1110e-01,  3.6855e-01,
         -3.3942e-02,  2.5495e-01, -1.2990e-02,  2.6884e-01,  2.1672e-01,
         -1.1571e-01, -8.8259e-02, -2.4917e-01,  9.9973e-02,  4.5748e-01,
         -7.5505e-02],
        [ 3.6280e-01,  1.4452e-01,  3.9706e-01, -1.9054e-01, -9.2988e-02,
         -2.0600e-01, -1.7031e-01, -2.5460e-01, -2.5610e-01, -2.7657e-02,
          7.8252e-04,  6.1348e-02, -6.0388e-02,  2.0269e-01, -3.3305e-01,
          1.4674e-01],
        [-7.1516e-02,  2.9217e-01,  3.4527e-01, -3.5762e-01, -3.5437e-01,
         -2.9306e-01, -7.6749e-02, -2.7522e-01, -2.0640e-01, -2.1961e-01,
         -7.7459e-02,  3.2425e-02,  2.4851e-01, -8.5284e-02, -1.0758e-01,
          3.4809e-01],
        [ 3.5525e-02,  3.3775e-01,  2.9923e-01, -2.5929e-01, -9.2629e-02,
         -3.4327e-01, -1.6481e-01, -1.2868e-01,  2.5270e-02, -3.2223e-01,
          7.3543e-03,  6.0260e-02, -5.3882e-02,  1.9737e-01, -4.0389e-01,
          9.5160e-02],
        [-2.9314e-01, -1.3181e-01, -1.0013e-01,  2.8347e-03,  1.2525e-01,
          1.5627e-01,  5.3566e-02,  2.7435e-01,  2.9495e-01,  1.2279e-02,
          1.2993e-01, -1.5102e-02, -2.8178e-01, -1.2361e-01,  2.5476e-01,
         -2.0554e-01],
        [-3.5819e-01,  2.4700e-02, -6.3034e-02, -1.9001e-02,  1.1532e-02,
          4.2624e-01,  2.3599e-01,  1.5626e-01,  3.7764e-01,  2.6455e-01,
         -5.7690e-03, -3.5994e-03, -2.1374e-01,  5.8598e-02,  7.3248e-02,
         -3.3486e-01],
        [-1.1894e-01, -1.7105e-01, -1.5553e-02,  9.9159e-02,  1.9412e-01,
          1.1219e-01,  3.5567e-01,  1.6949e-01,  1.6935e-01,  3.5240e-01,
          1.0874e-01,  6.6750e-02, -4.1662e-01, -2.6202e-01,  1.1047e-01,
         -2.0018e-01],
        [ 3.3614e-01,  2.7720e-01,  1.6215e-01, -1.8432e-01, -1.8017e-01,
          2.6013e-02, -9.1807e-02, -3.7565e-01, -3.5571e-01, -1.1592e-01,
         -1.0106e-01,  4.0161e-02, -1.5195e-02,  2.2604e-01, -3.5994e-01,
          3.6957e-02],
        [ 2.0273e-01,  3.5863e-01,  3.5923e-01, -2.0675e-02, -3.3786e-01,
         -1.6305e-02, -3.3740e-02, -8.8913e-02, -2.2798e-01, -1.7031e-01,
         -1.1262e-01,  1.0933e-01,  1.2488e-01,  7.7455e-02, -4.0026e-01,
          2.3477e-01],
        [-3.7363e-01, -3.2609e-01, -6.3000e-02, -3.1492e-02,  4.0983e-01,
          4.0923e-01,  9.7778e-02,  1.4730e-01, -1.0533e-02,  1.9205e-01,
          4.1098e-02, -3.1660e-01, -1.0085e-01, -1.4731e-01,  1.1670e-01,
         -1.6192e-01],
        [-3.1081e-01, -2.7190e-01, -8.9764e-03,  2.8534e-01,  1.0734e-01,
          1.9943e-01,  1.1260e-01,  5.0862e-02,  1.3964e-01,  1.6601e-01,
          5.1340e-02,  1.3790e-01, -1.5353e-01, -3.3123e-01,  5.4727e-01,
         -1.1959e-01],
        [ 3.0527e-01,  2.6264e-01,  1.9115e-01, -3.5970e-01, -3.6836e-01,
         -2.9741e-02, -8.8882e-02, -5.8910e-03, -3.7658e-01, -1.9079e-01,
          1.8084e-01,  2.8501e-01,  3.4835e-01,  2.9253e-01, -1.5747e-01,
         -3.2240e-02],
        [-2.8308e-01,  1.8361e-02, -2.3248e-01,  1.4415e-01,  1.3880e-01,
          2.9116e-01,  2.7094e-01,  2.7667e-01,  1.4071e-01,  2.8702e-01,
         -4.5760e-02, -2.3832e-01, -1.5749e-01, -2.1116e-01,  2.7176e-01,
         -1.6609e-01],
        [ 2.2626e-01,  1.4061e-01,  1.4486e-01, -2.8623e-01, -2.3044e-01,
         -3.7459e-01, -2.7798e-01,  4.9712e-03, -4.2078e-01, -1.1347e-01,
          2.3053e-02, -7.7135e-02,  2.0447e-01,  2.8026e-01, -2.9992e-02,
          1.9075e-01],
        [ 3.6942e-01,  1.6405e-01,  2.6446e-01, -1.0196e-01, -3.5896e-01,
         -2.2899e-01, -3.5656e-01, -4.5541e-04, -6.8704e-02, -2.8321e-01,
          8.9322e-02,  2.5169e-01, -3.8423e-02,  1.4598e-01, -7.4413e-02,
          1.9491e-01],
        [-1.7232e-01,  4.3724e-02, -3.7331e-02, -6.4058e-02,  2.9566e-01,
         -4.5423e-02,  2.9958e-01,  3.7734e-01,  1.8730e-01,  7.6417e-02,
         -8.6586e-02, -2.6885e-01, -2.0388e-01, -2.2626e-01,  4.2611e-01,
         -2.5073e-01],
        [-8.0651e-02, -3.5718e-01, -5.2750e-02,  4.0229e-01,  2.5890e-02,
          1.1940e-01,  2.5956e-01, -2.1349e-02,  5.3898e-02,  2.8350e-01,
          2.2038e-01, -2.7400e-01, -2.1237e-01, -4.0326e-01, -3.3140e-02,
          4.8466e-02],
        [ 3.6477e-01,  4.1093e-02,  5.1040e-02, -1.7789e-01, -2.9516e-02,
         -3.9772e-01, -2.9748e-01, -2.5041e-01, -2.7179e-01, -1.7068e-01,
          1.8867e-01,  2.1938e-01, -6.5793e-02,  3.4235e-01,  5.6852e-02,
          2.2136e-01],
        [ 2.4044e-01,  2.0242e-01,  3.2692e-01, -3.7236e-01, -2.1130e-01,
         -1.5405e-01, -1.6304e-01, -2.7164e-01, -3.5183e-01, -3.2180e-01,
          9.2089e-03,  3.3370e-01,  2.6459e-01,  1.3966e-01, -1.9158e-01,
          1.2712e-02],
        [ 2.1397e-01, -7.7300e-02,  1.7352e-01, -1.4122e-01,  1.9725e-02,
         -2.5341e-01,  4.2948e-02, -1.9950e-01, -3.8091e-01,  3.9348e-02,
          2.0210e-01,  5.2988e-03,  6.6575e-02,  2.9090e-01, -3.8924e-01,
          3.5108e-01],
        [ 3.9076e-02,  6.0420e-02,  8.2155e-02,  7.2103e-02, -2.4965e-01,
         -2.0985e-01, -1.8054e-02, -3.5228e-01, -1.7880e-01, -3.6180e-01,
         -2.8510e-01,  1.0991e-01,  1.9792e-01,  3.5396e-01, -4.5431e-01,
          8.0086e-02],
        [ 2.1279e-01,  1.8758e-01,  2.8928e-01, -3.5597e-01, -1.9300e-01,
         -9.3394e-02, -3.4991e-01, -3.3221e-02, -3.9110e-01, -7.8534e-04,
          3.0895e-02,  8.5521e-02,  2.2841e-01,  3.0114e-01,  6.8375e-02,
          2.8803e-01],
        [-3.2315e-01, -7.2257e-02,  1.4974e-02,  2.2277e-01,  3.4615e-01,
          2.1094e-02,  3.6276e-01,  1.9891e-01, -3.8745e-02,  1.1922e-01,
          9.3167e-02, -2.7391e-01, -2.3476e-01, -2.4089e-01,  5.5497e-02,
         -1.2187e-01],
        [ 2.9284e-01,  1.7772e-01,  1.2562e-01, -1.3813e-01, -3.0966e-01,
         -2.7833e-01, -1.3701e-01, -3.4954e-01, -2.4680e-02, -1.1282e-01,
          9.1643e-02,  1.3640e-01,  3.5083e-01,  3.4192e-01, -1.7408e-02,
          2.5829e-01],
        [-2.6608e-01, -2.6957e-04, -3.1142e-01,  2.6211e-01, -4.8597e-02,
          1.4635e-01,  3.2935e-01,  3.2140e-01,  3.6915e-01,  2.4255e-01,
          1.5438e-01, -8.6917e-02,  3.8084e-02,  3.2532e-02,  1.9102e-01,
         -2.2482e-01],
        [-2.7767e-01, -1.8505e-01, -3.5261e-02,  2.7012e-02,  2.1583e-01,
          3.7771e-01,  3.7345e-01, -1.3450e-02,  2.3867e-01,  3.2835e-01,
         -2.1904e-01, -7.5496e-03, -3.1394e-01, -2.9636e-01,  3.7729e-02,
         -2.4098e-01],
        [ 4.9806e-02,  1.6227e-01,  2.4493e-01, -5.6185e-02, -1.6875e-02,
         -3.1029e-01, -3.9207e-01, -3.8244e-01, -3.1403e-01, -2.6997e-01,
          8.6605e-02, -2.0922e-02, -3.4799e-02,  2.4888e-01, -2.9814e-01,
          1.9167e-01]], device='cuda:0', requires_grad=True)

Parameter name: road_linear_0.bias
Shape: torch.Size([32])
Values: Parameter containing:
tensor([-0.0802, -0.0402,  0.1128, -0.0668, -0.0559, -0.0340,  0.0919,  0.1339,
        -0.0505, -0.0551,  0.0008,  0.0852,  0.1673,  0.0958, -0.0402, -0.0560,
        -0.1615, -0.0026,  0.0198, -0.0042, -0.0177, -0.1000, -0.0634, -0.0286,
        -0.1231,  0.2619,  0.0908,  0.0361, -0.0990, -0.2306,  0.1773, -0.0400],
       device='cuda:0', requires_grad=True)

Parameter name: road_linear_1.weight
Shape: torch.Size([1, 32])
Values: Parameter containing:
tensor([[-0.2357,  0.3201, -0.2343, -0.2513,  0.3378,  0.3760, -0.2891, -0.3716,
         -0.3324,  0.3655,  0.2576,  0.3763, -0.2704, -0.4126,  0.3074,  0.2661,
         -0.3152,  0.3221, -0.2280, -0.2477,  0.4051,  0.3207, -0.3656, -0.3675,
         -0.3839, -0.3475, -0.3111,  0.3488, -0.3401,  0.3779,  0.2825, -0.2313]],
       device='cuda:0', requires_grad=True)

Parameter name: linear_0.weight
Shape: torch.Size([32, 39])
Values: Parameter containing:
tensor([[-0.0201,  0.1041,  0.0797,  ...,  0.1568, -0.2543, -0.1137],
        [-0.1175, -0.0382,  0.1191,  ...,  0.1301, -0.3064,  0.0871],
        [ 0.0010, -0.0410,  0.0302,  ...,  0.0286,  0.2222,  0.0345],
        ...,
        [ 0.0040,  0.0218,  0.0566,  ...,  0.0644, -0.3037, -0.1180],
        [ 0.0967, -0.2214, -0.0555,  ..., -0.3008,  0.1318,  0.1557],
        [-0.2016,  0.1651,  0.0410,  ...,  0.0652, -0.2613, -0.0509]],
       device='cuda:0', requires_grad=True)

Parameter name: linear_0.bias
Shape: torch.Size([32])
Values: Parameter containing:
tensor([ 0.0460,  0.0414, -0.0708, -0.1358, -0.0731,  0.0537, -0.1111,  0.0494,
        -0.0385,  0.0777,  0.0214,  0.0125,  0.0268,  0.0754, -0.0518, -0.0187,
         0.0569, -0.1589, -0.0608,  0.0363, -0.0531,  0.0296,  0.1063,  0.0060,
        -0.0905,  0.0533,  0.0438, -0.1114,  0.0535,  0.1419,  0.1674, -0.1264],
       device='cuda:0', requires_grad=True)

Parameter name: linear_1.weight
Shape: torch.Size([32, 32])
Values: Parameter containing:
tensor([[ 0.0693, -0.1780, -0.1119,  ..., -0.1181, -0.0295,  0.0766],
        [-0.2097, -0.0330,  0.0988,  ..., -0.0478, -0.0125,  0.0507],
        [ 0.1350, -0.0338, -0.1583,  ...,  0.0634, -0.0062,  0.1790],
        ...,
        [ 0.1078,  0.0771,  0.1272,  ...,  0.2300, -0.1980,  0.2298],
        [-0.0065, -0.1440,  0.0426,  ...,  0.0394,  0.2154, -0.1636],
        [ 0.0029, -0.1200,  0.1900,  ...,  0.0610,  0.1380, -0.0350]],
       device='cuda:0', requires_grad=True)

Parameter name: linear_1.bias
Shape: torch.Size([32])
Values: Parameter containing:
tensor([ 0.1053,  0.1574, -0.0564, -0.0815, -0.0075, -0.0401, -0.0557, -0.0444,
         0.1320, -0.1754,  0.1127, -0.1293,  0.1892,  0.1014, -0.1287,  0.1291,
        -0.1377, -0.1704,  0.0418, -0.0115, -0.0045,  0.0882, -0.1979,  0.2309,
        -0.0444, -0.0082,  0.0794, -0.0268, -0.1333, -0.0683,  0.1234,  0.0338],
       device='cuda:0', requires_grad=True)

Parameter name: linear_2.weight
Shape: torch.Size([1, 32])
Values: Parameter containing:
tensor([[ 0.4421,  0.3653, -0.4406, -0.4203,  0.3036,  0.3048, -0.3525,  0.3167,
          0.3435, -0.3849, -0.3327,  0.3309,  0.3268,  0.3155,  0.3613,  0.3699,
         -0.4288, -0.4414,  0.2917,  0.3377, -0.3870, -0.3666, -0.4368,  0.2860,
          0.4105,  0.4418, -0.4235,  0.4299, -0.3524, -0.4287,  0.4163,  0.4332]],
       device='cuda:0', requires_grad=True)

Parameter name: linear_2.bias
Shape: torch.Size([1])
Values: Parameter containing:
tensor([0.1978], device='cuda:0', requires_grad=True)

