Parameter name: road_linear_0.weight
Shape: torch.Size([32, 16])
Values: Parameter containing:
tensor([[ 7.9453e-03,  3.8651e-01,  3.0130e-01, -3.0484e-01, -1.9540e-01,
         -1.5592e-01, -1.0041e-01, -4.1543e-01, -3.3110e-01, -7.9463e-02,
         -1.5895e-02,  2.2019e-01, -3.4692e-01, -7.9242e-02, -6.9834e-02,
          3.9338e-01],
        [-2.5068e-01, -3.7556e-01, -9.1521e-02, -3.2873e-02, -2.5422e-02,
          2.5129e-01,  1.7588e-01,  1.8076e-01,  4.9051e-01,  1.3646e-01,
          2.8504e-01, -2.8142e-01,  3.9147e-01, -1.3779e-02,  3.7014e-01,
         -9.1533e-02],
        [ 1.0997e-01,  2.9173e-01,  3.9015e-01, -1.1723e-01, -1.1816e-01,
         -3.5158e-01, -1.2495e-01, -4.8370e-01, -1.4605e-01, -9.9843e-02,
         -1.5208e-01,  7.0903e-04, -3.2152e-02,  3.4689e-01, -6.7210e-02,
          3.0132e-01],
        [ 2.8720e-01,  1.0402e-01,  8.6516e-02, -6.1854e-02, -6.9515e-02,
         -2.2142e-01, -1.9124e-01, -1.4626e-01, -5.4049e-01, -4.2842e-01,
         -2.0271e-01,  4.1053e-01, -1.1164e-01, -1.3097e-01, -2.4289e-01,
          1.8129e-01],
        [-1.0307e-01,  4.5439e-02, -1.6632e-01, -4.3332e-02,  1.7425e-01,
          9.8252e-02,  6.5500e-02,  3.5814e-01,  2.4999e-01,  3.0853e-01,
          3.3796e-01, -1.9637e-01,  3.6235e-01, -2.2204e-01,  3.2941e-01,
         -1.7794e-01],
        [-3.4797e-02,  6.5506e-02, -3.7487e-01,  4.0297e-01,  3.7608e-01,
          3.5291e-03,  3.1772e-01,  3.2978e-02,  3.9303e-01,  2.4548e-01,
         -7.8161e-02, -1.4682e-01,  1.7373e-01,  1.1899e-01,  4.8462e-01,
         -1.1678e-01],
        [ 3.6872e-01,  2.3527e-01,  3.9817e-01, -1.6414e-01, -5.6790e-02,
         -2.0809e-01, -2.0011e-01, -2.5607e-01, -3.5758e-01, -3.0762e-02,
         -3.2226e-02,  8.0870e-02, -3.8734e-01,  1.8927e-01, -3.2963e-01,
          1.6423e-01],
        [-5.2263e-02,  3.5735e-01,  3.5894e-01, -3.4883e-01, -3.5441e-01,
         -3.0125e-01, -1.2178e-01, -2.9355e-01, -3.0363e-01, -2.3248e-01,
         -8.7425e-02,  6.0776e-02, -7.1647e-02, -1.0380e-01, -1.5945e-01,
          3.7667e-01],
        [ 4.1110e-02,  3.5460e-01,  3.0210e-01, -2.3402e-01, -5.7552e-02,
         -3.4778e-01, -1.8034e-01, -1.1762e-01, -5.0736e-02, -3.2356e-01,
         -2.7793e-01,  7.2478e-02, -4.4849e-01,  1.5624e-01, -3.3095e-01,
          1.1675e-01],
        [-3.1379e-01, -1.6246e-01, -1.1250e-01, -1.2142e-02,  1.0727e-01,
          1.8146e-01,  1.0174e-01,  2.9031e-01,  3.9321e-01,  2.7989e-02,
          3.6199e-01, -5.6054e-02,  1.6026e-01, -9.3608e-02,  2.4847e-01,
         -2.3905e-01],
        [-3.7726e-01,  2.5266e-02, -7.2288e-02, -3.9367e-02, -2.1445e-02,
          4.5250e-01,  2.8302e-01,  1.7996e-01,  4.7914e-01,  2.8491e-01,
          2.1812e-01, -4.6185e-02,  2.3495e-01,  1.1130e-01,  5.9066e-02,
         -3.6729e-01],
        [-1.5258e-01, -2.0537e-01, -4.2570e-02,  9.3745e-02,  2.0156e-01,
          1.4432e-01,  4.1712e-01,  1.9188e-01,  2.7949e-01,  3.7873e-01,
          4.0799e-01,  2.4166e-02, -2.5488e-02, -2.6846e-01,  8.2248e-02,
         -2.4854e-01],
        [ 3.4067e-01,  2.7823e-01,  1.5905e-01, -1.4988e-01, -1.0878e-01,
          1.7176e-02, -1.0552e-01, -3.5653e-01, -4.3280e-01, -1.1840e-01,
         -1.6434e-01,  6.6795e-02, -4.7547e-01,  1.4149e-01, -2.8126e-01,
          5.6001e-02],
        [ 2.1531e-01,  3.9769e-01,  3.6903e-01, -1.3137e-03, -3.1833e-01,
         -2.4929e-02, -5.7496e-02, -9.1801e-02, -3.0621e-01, -1.7705e-01,
         -2.7451e-01,  1.2896e-01, -2.2894e-01,  5.4090e-02, -3.6482e-01,
          2.5929e-01],
        [-3.8312e-01, -3.4605e-01, -6.7420e-02, -4.9003e-02,  3.7673e-01,
          4.0840e-01,  1.2872e-01,  1.4831e-01,  7.3796e-02,  1.9891e-01,
          1.8282e-01, -3.3849e-01,  2.8773e-01, -1.0257e-01,  9.9829e-02,
         -1.8573e-01],
        [-3.8669e-02, -2.3007e-02,  1.9405e-01,  1.1123e-01, -3.8237e-01,
         -7.1827e-02, -2.5888e-01, -4.1621e-01, -4.2053e-01, -1.0617e-01,
         -1.2572e-01,  5.1894e-01, -3.9099e-01, -4.2018e-02, -3.4949e-02,
          1.3143e-01],
        [ 3.3855e-01,  3.2787e-01,  2.1553e-01, -3.5640e-01, -3.8980e-01,
         -6.1734e-02, -1.4155e-01, -4.5955e-02, -4.8791e-01, -2.1720e-01,
          7.4818e-02,  3.3150e-01,  4.2427e-03,  3.0155e-01, -1.8644e-01,
          1.2726e-02],
        [-3.0085e-01, -4.9517e-02, -2.4375e-01,  1.2796e-01,  1.4321e-01,
          3.0950e-01,  3.1192e-01,  3.0527e-01,  2.4403e-01,  2.9999e-01,
         -1.6236e-03, -2.7367e-01,  1.3904e-01, -1.9983e-01,  3.2465e-01,
         -1.9377e-01],
        [ 2.3672e-01,  1.4264e-01,  1.3702e-01, -2.5858e-01, -2.2445e-01,
         -3.7662e-01, -3.5151e-01, -2.4289e-02, -5.8840e-01, -1.2810e-01,
         -1.0371e-01, -3.2267e-02, -1.9218e-01,  2.8241e-01, -9.6589e-02,
          2.1835e-01],
        [ 3.7717e-01,  1.7194e-01,  2.6865e-01, -7.7744e-02, -3.1114e-01,
         -2.3040e-01, -3.7949e-01,  8.7458e-03, -1.5055e-01, -2.9083e-01,
         -1.5987e-01,  2.6426e-01, -4.3123e-01,  9.5119e-02,  6.4066e-03,
          2.2086e-01],
        [-1.9528e-01,  1.2390e-02, -5.3387e-02, -7.9292e-02,  2.9620e-01,
         -1.2770e-02,  3.3723e-01,  4.1195e-01,  2.9307e-01,  9.5971e-02,
          1.6297e-03, -3.1748e-01,  1.6063e-01, -1.9940e-01,  4.3564e-01,
         -2.8197e-01],
        [-9.4806e-02, -4.1164e-01, -6.1367e-02,  3.9041e-01,  2.9293e-04,
          1.2393e-01,  2.9918e-01, -2.3937e-02,  1.3973e-01,  2.9004e-01,
          4.0175e-01, -2.9401e-01,  2.2538e-01, -3.7574e-01, -2.1763e-02,
          1.4116e-02],
        [ 3.7089e-01,  7.0210e-02,  5.3353e-02, -1.5447e-01, -1.4703e-03,
         -4.0093e-01, -3.1756e-01, -2.5039e-01, -3.4863e-01, -1.7174e-01,
          6.4679e-02,  2.3286e-01, -4.1781e-01,  3.0524e-01,  6.4079e-02,
          2.4267e-01],
        [ 2.6129e-01,  2.2414e-01,  3.4015e-01, -3.5689e-01, -2.3822e-01,
         -1.7294e-01, -1.9629e-01, -3.0461e-01, -4.4757e-01, -3.3722e-01,
         -1.2380e-01,  3.6291e-01, -6.4101e-03,  1.1511e-01, -2.1167e-01,
          4.3418e-02],
        [ 2.4032e-01, -5.1464e-02,  1.8326e-01, -1.1705e-01,  2.2446e-02,
         -2.9827e-01, -1.6130e-02, -2.4791e-01, -5.2147e-01,  1.4684e-02,
          4.9023e-02,  6.7699e-02, -4.1278e-01,  2.6027e-01, -3.8800e-01,
          3.8741e-01],
        [ 5.6667e-02,  7.4198e-02,  9.1368e-02,  8.9559e-02, -2.3845e-01,
         -2.2485e-01, -5.6778e-02, -3.8016e-01, -2.8155e-01, -3.7730e-01,
         -3.5635e-01,  1.5464e-01, -1.9445e-01,  3.0628e-01, -4.3705e-01,
          1.0967e-01],
        [ 2.3740e-01,  2.5087e-01,  3.0983e-01, -3.4751e-01, -1.9173e-01,
         -1.0672e-01, -3.9402e-01, -5.0747e-02, -4.9978e-01, -1.9515e-02,
         -5.2086e-02,  1.1502e-01, -1.1556e-01,  3.0098e-01,  5.8361e-02,
          3.2807e-01],
        [-3.3697e-01, -1.0059e-01,  5.8833e-03,  2.0557e-01,  3.2375e-01,
          3.4976e-02,  4.0502e-01,  1.9694e-01,  5.0459e-02,  1.2806e-01,
          3.7617e-01, -2.9827e-01,  1.7350e-01, -2.2038e-01,  3.2345e-02,
         -1.5164e-01],
        [ 3.2422e-01,  1.9150e-01,  1.5075e-01, -1.3540e-01, -3.2067e-01,
         -3.0125e-01, -1.8713e-01, -3.7834e-01, -1.3068e-01, -1.3835e-01,
         -9.9683e-02,  1.7388e-01,  2.8168e-03,  3.2664e-01, -4.1893e-02,
          3.0307e-01],
        [-2.7010e-01, -2.9720e-02, -3.1104e-01,  2.3379e-01, -7.5645e-02,
          1.4857e-01,  3.5035e-01,  3.2428e-01,  4.4864e-01,  2.4207e-01,
          2.1553e-01, -1.0076e-01,  3.5348e-01,  8.0083e-02,  1.6671e-01,
         -2.3929e-01],
        [-3.1139e-01, -2.3099e-01, -6.1052e-02,  2.4083e-02,  2.2204e-01,
          4.0962e-01,  4.2921e-01,  2.1590e-02,  3.5361e-01,  3.5703e-01,
         -9.0261e-02, -5.5311e-02,  6.5783e-02, -2.9466e-01,  7.2980e-02,
         -2.8910e-01],
        [ 4.7345e-02,  2.1343e-01,  2.3376e-01, -1.6818e-02,  1.1428e-02,
         -3.1656e-01, -4.2425e-01, -3.9368e-01, -4.4289e-01, -2.7465e-01,
         -1.9879e-02,  9.1717e-03, -3.8674e-01,  2.4769e-01, -2.8313e-01,
          2.0119e-01]], device='cuda:0', requires_grad=True)

Parameter name: road_linear_0.bias
Shape: torch.Size([32])
Values: Parameter containing:
tensor([-0.0751, -0.0287, -0.0359, -0.0207, -0.0020, -0.2348,  0.0918,  0.1115,
        -0.0679, -0.0074,  0.0339,  0.0830,  0.1365,  0.0646,  0.0679,  0.0130,
        -0.0319, -0.0419,  0.0724, -0.0396, -0.1209, -0.0452, -0.0292,  0.0333,
        -0.0295,  0.1397,  0.1408,  0.0534, -0.1115, -0.1866,  0.0317,  0.0312],
       device='cuda:0', requires_grad=True)

Parameter name: road_linear_1.weight
Shape: torch.Size([1, 32])
Values: Parameter containing:
tensor([[-0.2651,  0.3603, -0.2770, -0.3094,  0.3595,  0.4306, -0.3193, -0.4073,
         -0.3589,  0.4068,  0.3174,  0.4254, -0.3180, -0.4361,  0.3237, -0.3572,
         -0.3659,  0.3689, -0.2850, -0.2711,  0.4683,  0.3644, -0.4124, -0.4068,
         -0.3732, -0.3864, -0.3570,  0.3911, -0.3885,  0.4170,  0.3485, -0.2794]],
       device='cuda:0', requires_grad=True)

Parameter name: linear_0.weight
Shape: torch.Size([32, 39])
Values: Parameter containing:
tensor([[-0.0146,  0.1693,  0.0610,  ...,  0.2062, -0.3337, -0.1137],
        [-0.0612, -0.0644,  0.1183,  ...,  0.1026, -0.3033,  0.0871],
        [-0.1297,  0.2416,  0.0831,  ...,  0.2120, -0.0331,  0.0345],
        ...,
        [ 0.0883, -0.1255, -0.0379,  ..., -0.1684, -0.0050, -0.1180],
        [ 0.0300, -0.1981, -0.0378,  ..., -0.2634,  0.1086,  0.1557],
        [-0.1721,  0.1456,  0.0453,  ...,  0.0755, -0.2712, -0.0509]],
       device='cuda:0', requires_grad=True)

Parameter name: linear_0.bias
Shape: torch.Size([32])
Values: Parameter containing:
tensor([ 0.0593,  0.0284, -0.0878, -0.1558, -0.0822, -0.0084, -0.1004,  0.0450,
        -0.0359,  0.0581,  0.0330, -0.0090,  0.0184,  0.1032, -0.0414, -0.0196,
         0.0530, -0.1673,  0.0081,  0.0835, -0.0647,  0.0157,  0.1111,  0.0256,
        -0.1085,  0.0986,  0.0449, -0.1060,  0.0504,  0.2082,  0.1696, -0.1265],
       device='cuda:0', requires_grad=True)

Parameter name: linear_1.weight
Shape: torch.Size([32, 32])
Values: Parameter containing:
tensor([[ 0.0427, -0.1659, -0.1945,  ...,  0.0364, -0.0409,  0.0651],
        [-0.2230, -0.0205, -0.0200,  ...,  0.1424, -0.0223,  0.0485],
        [ 0.1575, -0.0448, -0.0328,  ..., -0.1445, -0.0038,  0.1899],
        ...,
        [ 0.1719,  0.0504,  0.2407,  ...,  0.1132, -0.1757,  0.2516],
        [-0.0139, -0.1508, -0.0390,  ...,  0.2517,  0.2271, -0.1786],
        [-0.0027, -0.1190,  0.1318,  ...,  0.2303,  0.1357, -0.0460]],
       device='cuda:0', requires_grad=True)

Parameter name: linear_1.bias
Shape: torch.Size([32])
Values: Parameter containing:
tensor([ 0.1005,  0.1505, -0.0482, -0.1080, -0.0992, -0.1806, -0.0737, -0.0181,
         0.1504, -0.1804,  0.1398, -0.1334,  0.2072,  0.1040, -0.0996,  0.1351,
        -0.1307, -0.1873,  0.0832,  0.0139, -0.0225,  0.0713, -0.2063,  0.2273,
        -0.0399, -0.0159,  0.0756, -0.0474, -0.1616, -0.0501,  0.1331,  0.0368],
       device='cuda:0', requires_grad=True)

Parameter name: linear_2.weight
Shape: torch.Size([1, 32])
Values: Parameter containing:
tensor([[ 0.4501,  0.3750, -0.4185, -0.4459, -0.3096, -0.2991, -0.3563,  0.3337,
          0.3430, -0.3603, -0.3257,  0.3388,  0.3419,  0.2952,  0.3609,  0.3403,
         -0.4417, -0.4423,  0.2975,  0.3499, -0.4048, -0.3510, -0.4568,  0.2897,
          0.4186,  0.4675, -0.4224,  0.4466, -0.3564, -0.4486,  0.4090,  0.4488]],
       device='cuda:0', requires_grad=True)

Parameter name: linear_2.bias
Shape: torch.Size([1])
Values: Parameter containing:
tensor([0.1849], device='cuda:0', requires_grad=True)

Parameter name: road_linear_0.weight
Shape: torch.Size([32, 16])
Values: Parameter containing:
tensor([[ 0.0195,  0.3067,  0.3183, -0.3455, -0.0698, -0.1889, -0.0981, -0.4461,
         -0.1944, -0.0585,  0.0378,  0.2060,  0.0956, -0.0710,  0.3774,  0.3309],
        [-0.2929, -0.2970, -0.1336,  0.0239, -0.1144,  0.3065,  0.2261,  0.2287,
          0.4281,  0.1227,  0.2141, -0.3102, -0.0440, -0.0383, -0.0667, -0.0618],
        [ 0.0963,  0.2008,  0.3907, -0.1295,  0.1014, -0.3750, -0.0871, -0.4586,
          0.0449, -0.0504, -0.0824, -0.0383,  0.4241,  0.2868,  0.4803,  0.2295],
        [ 0.2955,  0.0221,  0.1003, -0.0896,  0.0526, -0.2384, -0.1962, -0.1518,
         -0.4267, -0.3770, -0.0906,  0.3980,  0.3211, -0.1489,  0.1910,  0.1260],
        [-0.1433,  0.1697, -0.2008,  0.0147,  0.1128,  0.1574,  0.1152,  0.4248,
          0.2024,  0.2804,  0.2135, -0.2437, -0.1090, -0.2266, -0.1723, -0.1104],
        [-0.0412,  0.1927, -0.3837,  0.4287,  0.2195,  0.0322,  0.3109,  0.0484,
          0.2969,  0.1960, -0.1625, -0.1524, -0.3061,  0.1302, -0.0373, -0.0468],
        [ 0.3989,  0.1589,  0.4295, -0.2021,  0.0874, -0.2598, -0.2377, -0.2902,
         -0.2682, -0.0065, -0.0088,  0.0952,  0.0011,  0.2114,  0.0390,  0.1350],
        [-0.0430,  0.2761,  0.3702, -0.3596, -0.1840, -0.3361, -0.1283, -0.2918,
         -0.1930, -0.1941, -0.0613,  0.0462,  0.2838, -0.1016,  0.1998,  0.3416],
        [ 0.0744,  0.2635,  0.3317, -0.2795, -0.0158, -0.4029, -0.2193, -0.1714,
          0.0150, -0.3002, -0.1082,  0.1147, -0.0389,  0.1249,  0.0825,  0.0733],
        [-0.3253, -0.0403, -0.1239,  0.0152,  0.0104,  0.2138,  0.1072,  0.3179,
          0.3048, -0.0195,  0.2257, -0.0676, -0.3093, -0.0625, -0.2597, -0.1646],
        [-0.3703,  0.1163, -0.0718, -0.0321, -0.1354,  0.4592,  0.2698,  0.1664,
          0.3497,  0.2222,  0.0577, -0.0175, -0.1931,  0.1556, -0.4379, -0.2975],
        [-0.1539, -0.1006, -0.0419,  0.1058,  0.1597,  0.1645,  0.4223,  0.2183,
          0.1901,  0.3204,  0.1437,  0.0141, -0.4390, -0.1737, -0.3174, -0.1683],
        [ 0.3863,  0.1706,  0.2063, -0.2134,  0.0235, -0.0537, -0.1577, -0.4062,
         -0.3726, -0.1019, -0.1076,  0.0884,  0.0233,  0.1889,  0.2529,  0.0029],
        [ 0.2552,  0.3165,  0.4056, -0.0473, -0.2249, -0.0858, -0.1096, -0.1469,
         -0.2534, -0.1653, -0.2091,  0.1665,  0.1790,  0.0676,  0.0308,  0.2340],
        [-0.4021, -0.2626, -0.0887, -0.0262,  0.2453,  0.4554,  0.1462,  0.1709,
         -0.0202,  0.1658,  0.1191, -0.3441, -0.1202, -0.1035, -0.3337, -0.1451],
        [-0.0526, -0.2260,  0.1867,  0.0580, -0.2825, -0.0621, -0.2030, -0.3900,
         -0.2353,  0.0013,  0.0428,  0.5175,  0.2056, -0.0725,  0.5392, -0.0054],
        [ 0.3341,  0.2256,  0.2127, -0.3633, -0.2608, -0.0777, -0.1432, -0.0621,
         -0.3795, -0.1594,  0.1603,  0.3252,  0.3824,  0.2536,  0.1700, -0.0510],
        [-0.3152,  0.0203, -0.2601,  0.1498,  0.0290,  0.3398,  0.3308,  0.3227,
          0.1473,  0.2625, -0.0506, -0.2735, -0.1971, -0.2009,  0.0044, -0.1590],
        [ 0.2451,  0.0839,  0.1618, -0.2988, -0.0470, -0.4095, -0.3279, -0.0157,
         -0.3960, -0.1014, -0.0308, -0.0567,  0.2224,  0.2302,  0.4134,  0.1707],
        [ 0.3915,  0.0959,  0.2846, -0.1010, -0.2078, -0.2691, -0.3973, -0.0122,
         -0.0459, -0.2519, -0.0609,  0.2710, -0.0466,  0.0862,  0.3780,  0.1763],
        [-0.2212,  0.1218, -0.0765, -0.0335,  0.2073,  0.0279,  0.3638,  0.4592,
          0.2354,  0.0676, -0.0909, -0.3557, -0.2619, -0.2133, -0.0271, -0.2329],
        [-0.0902, -0.2986, -0.0594,  0.3927, -0.1092,  0.1509,  0.2811, -0.0169,
          0.0254,  0.2337,  0.2440, -0.2882, -0.1862, -0.3187, -0.5051,  0.0860],
        [ 0.3748, -0.0052,  0.0598, -0.1619,  0.1245, -0.4219, -0.3248, -0.2493,
         -0.2373, -0.1276,  0.1273,  0.2196, -0.0867,  0.2891,  0.4146,  0.2008],
        [ 0.2707,  0.1625,  0.3499, -0.3723, -0.1226, -0.1977, -0.2149, -0.3077,
         -0.3494, -0.2988, -0.0932,  0.3551,  0.2788,  0.1237,  0.0355,  0.0155],
        [ 0.2510, -0.1876,  0.1990, -0.1590,  0.1228, -0.3213, -0.0233, -0.2759,
         -0.4099,  0.0739,  0.1934,  0.0732,  0.1054,  0.2196,  0.1582,  0.2972],
        [ 0.0961, -0.0288,  0.1319,  0.0372, -0.1334, -0.2933, -0.0987, -0.4335,
         -0.2246, -0.3570, -0.2794,  0.1912,  0.2522,  0.3371,  0.0587,  0.0642],
        [ 0.2290,  0.1669,  0.3056, -0.3462, -0.0391, -0.1225, -0.3891, -0.0381,
         -0.3651,  0.0352,  0.0137,  0.0912,  0.2233,  0.2737,  0.3994,  0.2763],
        [-0.3421,  0.0030,  0.0015,  0.2190,  0.2460,  0.0611,  0.4084,  0.2230,
         -0.0396,  0.0769,  0.2064, -0.3057, -0.2457, -0.1712, -0.3977, -0.0816],
        [ 0.3216,  0.1060,  0.1502, -0.1360, -0.2220, -0.3214, -0.1815, -0.3851,
         -0.0218, -0.0871,  0.0134,  0.1645,  0.3415,  0.2849,  0.3377,  0.2471],
        [-0.2872,  0.0358, -0.3302,  0.2575, -0.2040,  0.1815,  0.3710,  0.3309,
          0.3509,  0.2116,  0.1788, -0.0962,  0.0234,  0.0632, -0.1421, -0.2123],
        [-0.3021, -0.1373, -0.0561,  0.0252,  0.0949,  0.4192,  0.4218,  0.0177,
          0.2264,  0.2952, -0.2037, -0.0356, -0.3170, -0.2399, -0.3453, -0.2238],
        [ 0.0883,  0.1628,  0.2798, -0.0846,  0.1375, -0.3667, -0.4653, -0.4290,
         -0.3159, -0.2680,  0.0409,  0.0268,  0.0221,  0.2419,  0.1039,  0.1800]],
       device='cuda:0', requires_grad=True)

Parameter name: road_linear_0.bias
Shape: torch.Size([32])
Values: Parameter containing:
tensor([-0.0712, -0.0854,  0.2128,  0.0039, -0.1349, -0.0854,  0.1012,  0.0889,
        -0.0003, -0.0956, -0.0538,  0.0236,  0.1610,  0.1290, -0.0426,  0.0017,
        -0.0956, -0.0075,  0.1441,  0.0394, -0.0544, -0.2068,  0.0112, -0.0279,
         0.0273,  0.2690,  0.1501, -0.0129, -0.0223, -0.1691, -0.0176,  0.0596],
       device='cuda:0', requires_grad=True)

Parameter name: road_linear_1.weight
Shape: torch.Size([1, 32])
Values: Parameter containing:
tensor([[-0.2314,  0.3283, -0.2466, -0.2835,  0.3521,  0.3845, -0.2927, -0.3928,
         -0.3171,  0.3771,  0.2887,  0.4080, -0.2828, -0.3979,  0.3250, -0.2860,
         -0.3203,  0.3556, -0.2465, -0.2607,  0.4317,  0.3819, -0.3931, -0.3928,
         -0.3294, -0.3646, -0.3348,  0.3897, -0.3882,  0.4011,  0.3172, -0.2545]],
       device='cuda:0', requires_grad=True)

Parameter name: linear_0.weight
Shape: torch.Size([32, 39])
Values: Parameter containing:
tensor([[-0.0105,  0.0008,  0.0248,  ...,  0.2108, -0.3888, -0.1137],
        [-0.0804, -0.1848,  0.0810,  ...,  0.1480, -0.3550,  0.0871],
        [-0.0557,  0.1523,  0.0938,  ...,  0.0063,  0.2699,  0.0345],
        ...,
        [ 0.0427, -0.1516,  0.0113,  ...,  0.0698, -0.3197, -0.1180],
        [ 0.0304, -0.0783,  0.0117,  ..., -0.3100,  0.1528,  0.1557],
        [-0.0858,  0.1570,  0.0138,  ..., -0.1752,  0.1064, -0.0509]],
       device='cuda:0', requires_grad=True)

Parameter name: linear_0.bias
Shape: torch.Size([32])
Values: Parameter containing:
tensor([ 0.0507,  0.0548, -0.0945, -0.1207, -0.0565,  0.0464, -0.1306,  0.0619,
        -0.0454,  0.0927,  0.0358,  0.0053,  0.0099,  0.0635, -0.0779, -0.0194,
         0.0457, -0.1418, -0.0330, -0.0145, -0.1082,  0.0517,  0.0813, -0.0070,
        -0.0854,  0.0672,  0.0246, -0.0953,  0.0639,  0.1476,  0.1320, -0.0661],
       device='cuda:0', requires_grad=True)

Parameter name: linear_1.weight
Shape: torch.Size([32, 32])
Values: Parameter containing:
tensor([[ 0.0233, -0.2063, -0.0725,  ..., -0.1559, -0.0052,  0.2733],
        [-0.2536, -0.0532,  0.1097,  ..., -0.0859,  0.0037,  0.2804],
        [ 0.1786, -0.0089, -0.1856,  ...,  0.0972, -0.0349, -0.0786],
        ...,
        [ 0.1660,  0.1211,  0.0734,  ...,  0.2789, -0.2348,  0.0463],
        [-0.0693, -0.1854,  0.0862,  ..., -0.0135,  0.2595,  0.0980],
        [-0.0326, -0.1302,  0.2181,  ...,  0.0361,  0.1502,  0.1404]],
       device='cuda:0', requires_grad=True)

Parameter name: linear_1.bias
Shape: torch.Size([32])
Values: Parameter containing:
tensor([ 0.0906,  0.1265, -0.0375, -0.0577, -0.0321, -0.0375, -0.0337, -0.0632,
         0.1112, -0.1794,  0.1239, -0.1332,  0.1661, -0.0207, -0.1438,  0.1090,
        -0.1291, -0.1554,  0.0148, -0.0301,  0.0076,  0.1069, -0.1932,  0.2058,
        -0.0668, -0.0277,  0.0882, -0.0336, -0.1134, -0.0616,  0.1152,  0.0033],
       device='cuda:0', requires_grad=True)

Parameter name: linear_2.weight
Shape: torch.Size([1, 32])
Values: Parameter containing:
tensor([[ 0.6164,  0.5408, -0.6217, -0.6222,  0.4685,  0.4781, -0.5246,  0.5350,
          0.5317, -0.5574, -0.5469,  0.5065,  0.5283, -0.4703,  0.5503,  0.4995,
         -0.6271, -0.6176,  0.4944,  0.5130, -0.5823, -0.5547, -0.6175,  0.4516,
          0.5926,  0.6173, -0.5929,  0.6616, -0.5278, -0.6091,  0.5959,  0.6082]],
       device='cuda:0', requires_grad=True)

Parameter name: linear_2.bias
Shape: torch.Size([1])
Values: Parameter containing:
tensor([0.3285], device='cuda:0', requires_grad=True)

Parameter name: road_linear_0.weight
Shape: torch.Size([32, 16])
Values: Parameter containing:
tensor([[ 0.0195,  0.3066,  0.3182, -0.3454, -0.0699, -0.1889, -0.0981, -0.4462,
         -0.1944, -0.0584,  0.0379,  0.2061,  0.0957, -0.0711,  0.3776,  0.3307],
        [-0.2929, -0.2968, -0.1335,  0.0239, -0.1143,  0.3065,  0.2261,  0.2288,
          0.4281,  0.1226,  0.2140, -0.3103, -0.0441, -0.0383, -0.0667, -0.0617],
        [ 0.0962,  0.2006,  0.3906, -0.1295,  0.1013, -0.3750, -0.0871, -0.4587,
          0.0449, -0.0503, -0.0824, -0.0382,  0.4242,  0.2867,  0.4804,  0.2294],
        [ 0.2955,  0.0219,  0.1002, -0.0896,  0.0525, -0.2385, -0.1962, -0.1519,
         -0.4267, -0.3769, -0.0906,  0.3981,  0.3212, -0.1489,  0.1911,  0.1259],
        [-0.1433,  0.1699, -0.2007,  0.0147,  0.1129,  0.1574,  0.1152,  0.4250,
          0.2024,  0.2803,  0.2135, -0.2438, -0.1091, -0.2265, -0.1724, -0.1103],
        [-0.0412,  0.1928, -0.3836,  0.4287,  0.2196,  0.0322,  0.3109,  0.0485,
          0.2969,  0.1959, -0.1626, -0.1524, -0.3062,  0.1303, -0.0374, -0.0467],
        [ 0.3988,  0.1588,  0.4294, -0.2021,  0.0872, -0.2598, -0.2377, -0.2904,
         -0.2682, -0.0064, -0.0088,  0.0953,  0.0013,  0.2113,  0.0391,  0.1349],
        [-0.0430,  0.2760,  0.3701, -0.3596, -0.1841, -0.3361, -0.1283, -0.2919,
         -0.1931, -0.1940, -0.0612,  0.0463,  0.2839, -0.1017,  0.1998,  0.3415],
        [ 0.0744,  0.2633,  0.3316, -0.2794, -0.0159, -0.4029, -0.2193, -0.1715,
          0.0150, -0.3001, -0.1082,  0.1148, -0.0388,  0.1249,  0.0826,  0.0732],
        [-0.3253, -0.0401, -0.1238,  0.0151,  0.0106,  0.2138,  0.1072,  0.3181,
          0.3048, -0.0196,  0.2257, -0.0677, -0.3095, -0.0624, -0.2598, -0.1645],
        [-0.3703,  0.1164, -0.0717, -0.0322, -0.1353,  0.4592,  0.2698,  0.1665,
          0.3497,  0.2221,  0.0577, -0.0176, -0.1933,  0.1557, -0.4380, -0.2974],
        [-0.1539, -0.1004, -0.0418,  0.1057,  0.1599,  0.1646,  0.4223,  0.2185,
          0.1901,  0.3203,  0.1437,  0.0140, -0.4391, -0.1736, -0.3175, -0.1682],
        [ 0.3862,  0.1704,  0.2061, -0.2133,  0.0233, -0.0537, -0.1577, -0.4064,
         -0.3727, -0.1018, -0.1075,  0.0885,  0.0234,  0.1888,  0.2530,  0.0027],
        [ 0.2552,  0.3163,  0.4056, -0.0473, -0.2250, -0.0858, -0.1096, -0.1470,
         -0.2534, -0.1652, -0.2090,  0.1666,  0.1791,  0.0675,  0.0309,  0.2339],
        [-0.4021, -0.2625, -0.0887, -0.0262,  0.2455,  0.4554,  0.1462,  0.1710,
         -0.0202,  0.1657,  0.1191, -0.3442, -0.1204, -0.1034, -0.3338, -0.1450],
        [-0.0526, -0.2262,  0.1866,  0.0580, -0.2826, -0.0621, -0.2029, -0.3901,
         -0.2352,  0.0015,  0.0428,  0.5176,  0.2058, -0.0725,  0.5394, -0.0056],
        [ 0.3341,  0.2255,  0.2127, -0.3632, -0.2609, -0.0777, -0.1432, -0.0622,
         -0.3795, -0.1593,  0.1604,  0.3253,  0.3825,  0.2535,  0.1701, -0.0511],
        [-0.3152,  0.0204, -0.2600,  0.1497,  0.0291,  0.3399,  0.3308,  0.3228,
          0.1473,  0.2625, -0.0507, -0.2736, -0.1972, -0.2008,  0.0043, -0.1589],
        [ 0.2451,  0.0838,  0.1617, -0.2987, -0.0471, -0.4095, -0.3279, -0.0158,
         -0.3960, -0.1013, -0.0308, -0.0566,  0.2226,  0.2301,  0.4135,  0.1706],
        [ 0.3915,  0.0957,  0.2845, -0.1009, -0.2079, -0.2691, -0.3973, -0.0124,
         -0.0460, -0.2518, -0.0609,  0.2711, -0.0464,  0.0861,  0.3781,  0.1762],
        [-0.2212,  0.1220, -0.0765, -0.0336,  0.2074,  0.0279,  0.3638,  0.4593,
          0.2354,  0.0675, -0.0909, -0.3557, -0.2620, -0.2133, -0.0272, -0.2328],
        [-0.0902, -0.2985, -0.0593,  0.3927, -0.1091,  0.1509,  0.2811, -0.0168,
          0.0255,  0.2336,  0.2440, -0.2883, -0.1863, -0.3186, -0.5052,  0.0861],
        [ 0.3748, -0.0054,  0.0597, -0.1618,  0.1244, -0.4219, -0.3248, -0.2494,
         -0.2374, -0.1275,  0.1274,  0.2197, -0.0865,  0.2891,  0.4147,  0.2007],
        [ 0.2707,  0.1624,  0.3499, -0.3723, -0.1227, -0.1977, -0.2149, -0.3078,
         -0.3494, -0.2988, -0.0932,  0.3551,  0.2789,  0.1237,  0.0356,  0.0154],
        [ 0.2510, -0.1877,  0.1989, -0.1589,  0.1227, -0.3213, -0.0233, -0.2760,
         -0.4099,  0.0740,  0.1935,  0.0733,  0.1056,  0.2195,  0.1583,  0.2971],
        [ 0.0961, -0.0289,  0.1318,  0.0372, -0.1335, -0.2933, -0.0986, -0.4336,
         -0.2247, -0.3569, -0.2793,  0.1913,  0.2523,  0.3371,  0.0588,  0.0641],
        [ 0.2290,  0.1667,  0.3056, -0.3462, -0.0392, -0.1225, -0.3892, -0.0382,
         -0.3651,  0.0353,  0.0137,  0.0913,  0.2235,  0.2736,  0.3995,  0.2762],
        [-0.3421,  0.0031,  0.0016,  0.2190,  0.2462,  0.0611,  0.4084,  0.2232,
         -0.0395,  0.0768,  0.2064, -0.3058, -0.2458, -0.1712, -0.3978, -0.0814],
        [ 0.3216,  0.1059,  0.1502, -0.1359, -0.2221, -0.3214, -0.1815, -0.3852,
         -0.0218, -0.0870,  0.0134,  0.1646,  0.3416,  0.2848,  0.3378,  0.2470],
        [-0.2872,  0.0359, -0.3301,  0.2575, -0.2038,  0.1815,  0.3710,  0.3310,
          0.3509,  0.2115,  0.1787, -0.0963,  0.0233,  0.0632, -0.1422, -0.2122],
        [-0.3021, -0.1372, -0.0560,  0.0251,  0.0950,  0.4192,  0.4218,  0.0178,
          0.2265,  0.2951, -0.2037, -0.0357, -0.3172, -0.2398, -0.3454, -0.2237],
        [ 0.0883,  0.1626,  0.2797, -0.0846,  0.1374, -0.3667, -0.4653, -0.4292,
         -0.3159, -0.2679,  0.0409,  0.0269,  0.0222,  0.2419,  0.1040,  0.1799]],
       device='cuda:0', requires_grad=True)

Parameter name: road_linear_0.bias
Shape: torch.Size([32])
Values: Parameter containing:
tensor([-0.0712, -0.0854,  0.2127,  0.0039, -0.1348, -0.0853,  0.1012,  0.0889,
        -0.0003, -0.0955, -0.0537,  0.0236,  0.1610,  0.1290, -0.0426,  0.0013,
        -0.0957, -0.0075,  0.1441,  0.0394, -0.0542, -0.2067,  0.0112, -0.0280,
         0.0273,  0.2689,  0.1500, -0.0128, -0.0224, -0.1690, -0.0175,  0.0595],
       device='cuda:0', requires_grad=True)

Parameter name: road_linear_1.weight
Shape: torch.Size([1, 32])
Values: Parameter containing:
tensor([[-0.2314,  0.3282, -0.2466, -0.2835,  0.3521,  0.3846, -0.2927, -0.3928,
         -0.3170,  0.3772,  0.2888,  0.4080, -0.2828, -0.3979,  0.3250, -0.2861,
         -0.3203,  0.3556, -0.2465, -0.2607,  0.4317,  0.3819, -0.3931, -0.3928,
         -0.3294, -0.3646, -0.3348,  0.3897, -0.3882,  0.4011,  0.3172, -0.2544]],
       device='cuda:0', requires_grad=True)

Parameter name: linear_0.weight
Shape: torch.Size([32, 39])
Values: Parameter containing:
tensor([[-0.0105,  0.0008,  0.0248,  ...,  0.2108, -0.3888, -0.1137],
        [-0.0804, -0.1848,  0.0810,  ...,  0.1480, -0.3550,  0.0871],
        [-0.0557,  0.1523,  0.0938,  ...,  0.0063,  0.2699,  0.0345],
        ...,
        [ 0.0427, -0.1516,  0.0113,  ...,  0.0698, -0.3197, -0.1180],
        [ 0.0304, -0.0783,  0.0117,  ..., -0.3100,  0.1528,  0.1557],
        [-0.0858,  0.1570,  0.0138,  ..., -0.1752,  0.1064, -0.0509]],
       device='cuda:0', requires_grad=True)

Parameter name: linear_0.bias
Shape: torch.Size([32])
Values: Parameter containing:
tensor([ 0.0507,  0.0548, -0.0945, -0.1207, -0.0565,  0.0464, -0.1306,  0.0619,
        -0.0454,  0.0927,  0.0358,  0.0053,  0.0099,  0.0635, -0.0779, -0.0194,
         0.0457, -0.1418, -0.0330, -0.0145, -0.1082,  0.0517,  0.0813, -0.0070,
        -0.0854,  0.0672,  0.0246, -0.0953,  0.0639,  0.1476,  0.1320, -0.0661],
       device='cuda:0', requires_grad=True)

Parameter name: linear_1.weight
Shape: torch.Size([32, 32])
Values: Parameter containing:
tensor([[ 0.0233, -0.2063, -0.0725,  ..., -0.1559, -0.0052,  0.2733],
        [-0.2536, -0.0532,  0.1097,  ..., -0.0859,  0.0037,  0.2804],
        [ 0.1786, -0.0089, -0.1856,  ...,  0.0972, -0.0349, -0.0786],
        ...,
        [ 0.1660,  0.1211,  0.0734,  ...,  0.2789, -0.2348,  0.0463],
        [-0.0693, -0.1854,  0.0862,  ..., -0.0135,  0.2595,  0.0980],
        [-0.0326, -0.1302,  0.2181,  ...,  0.0361,  0.1502,  0.1404]],
       device='cuda:0', requires_grad=True)

Parameter name: linear_1.bias
Shape: torch.Size([32])
Values: Parameter containing:
tensor([ 0.0906,  0.1265, -0.0375, -0.0577, -0.0321, -0.0375, -0.0337, -0.0632,
         0.1112, -0.1794,  0.1239, -0.1332,  0.1661, -0.0207, -0.1438,  0.1090,
        -0.1291, -0.1554,  0.0148, -0.0301,  0.0076,  0.1069, -0.1932,  0.2058,
        -0.0668, -0.0277,  0.0882, -0.0336, -0.1134, -0.0616,  0.1152,  0.0033],
       device='cuda:0', requires_grad=True)

Parameter name: linear_2.weight
Shape: torch.Size([1, 32])
Values: Parameter containing:
tensor([[ 0.6164,  0.5408, -0.6217, -0.6222,  0.4685,  0.4781, -0.5246,  0.5350,
          0.5317, -0.5574, -0.5469,  0.5065,  0.5283, -0.4703,  0.5503,  0.4995,
         -0.6271, -0.6176,  0.4944,  0.5130, -0.5823, -0.5547, -0.6175,  0.4516,
          0.5926,  0.6173, -0.5929,  0.6616, -0.5278, -0.6091,  0.5959,  0.6082]],
       device='cuda:0', requires_grad=True)

Parameter name: linear_2.bias
Shape: torch.Size([1])
Values: Parameter containing:
tensor([0.3285], device='cuda:0', requires_grad=True)

Parameter name: road_linear_0.weight
Shape: torch.Size([32, 16])
Values: Parameter containing:
tensor([[-2.3240e-02,  2.9666e-01,  2.8769e-01, -2.6948e-01, -4.1804e-01,
         -2.1416e-01, -8.5199e-02, -5.3248e-01, -2.9442e-01, -5.8750e-02,
          1.1851e-02,  2.8144e-01,  1.3739e-01, -6.7600e-02,  1.1855e-01,
          3.2534e-01],
        [-2.4116e-01, -2.8492e-01, -9.4047e-02, -4.4742e-02,  1.5217e-01,
          2.9613e-01,  1.9525e-01,  2.7194e-01,  4.8913e-01,  1.3399e-01,
          2.5173e-01, -3.4031e-01, -5.0451e-02, -5.0151e-02,  1.7851e-01,
         -5.3524e-02],
        [ 5.7204e-02,  1.8657e-01,  3.5929e-01, -6.6353e-02, -2.7044e-01,
         -3.8671e-01, -7.1002e-02, -5.4381e-01, -6.1858e-02, -5.4729e-02,
         -1.0056e-01,  1.8738e-02,  4.5692e-01,  3.2493e-01,  2.4099e-01,
          2.2402e-01],
        [ 2.5591e-01,  1.6449e-02,  7.0873e-02, -3.0680e-02, -2.3922e-01,
         -2.4396e-01, -1.7978e-01, -2.1887e-01, -5.2094e-01, -3.9965e-01,
         -8.1687e-02,  4.4985e-01,  3.3147e-01, -1.1112e-01, -4.1031e-02,
          1.2382e-01],
        [-7.6809e-02,  1.4571e-01, -1.5467e-01, -7.1545e-02,  3.5400e-01,
          1.3582e-01,  7.2074e-02,  4.4824e-01,  2.4203e-01,  2.9170e-01,
          2.8179e-01, -2.4512e-01, -1.0534e-01, -2.4095e-01,  1.0510e-01,
         -1.2159e-01],
        [ 3.8311e-03,  1.7991e-01, -3.5233e-01,  3.6564e-01,  5.2680e-01,
          2.6593e-02,  2.9635e-01,  8.9625e-02,  3.5093e-01,  2.1504e-01,
         -1.2547e-01, -1.6896e-01, -3.0362e-01,  1.1899e-01,  2.3019e-01,
         -5.2995e-02],
        [ 3.6291e-01,  6.5441e-02,  4.0227e-01, -1.5278e-01, -2.3000e-01,
         -2.6081e-01, -2.1078e-01, -3.5153e-01, -3.5240e-01, -2.8485e-02,
         -2.4393e-02,  1.4248e-01, -1.3501e-02,  2.3947e-01, -1.0420e-01,
          1.3258e-01],
        [-7.2879e-02,  2.1998e-01,  3.4724e-01, -3.2234e-01, -4.8263e-01,
         -3.3240e-01, -1.0636e-01, -3.5123e-01, -2.7021e-01, -2.1327e-01,
         -7.1823e-02,  9.0187e-02,  2.8311e-01, -7.9398e-02,  8.2365e-02,
          3.3634e-01],
        [ 3.6676e-02,  2.6052e-01,  3.0740e-01, -2.1717e-01, -2.2197e-01,
         -4.0524e-01, -2.0813e-01, -2.1820e-01, -5.5873e-02, -3.2861e-01,
         -2.3355e-01,  1.4288e-01,  1.1750e-03,  1.8970e-01, -1.7547e-01,
          7.9447e-02],
        [-2.7658e-01, -4.8688e-02, -8.9865e-02, -5.2995e-02,  2.6517e-01,
          2.1275e-01,  8.7443e-02,  3.6787e-01,  3.7298e-01,  2.0753e-03,
          2.9476e-01, -9.3991e-02, -3.3416e-01, -9.3401e-02,  8.5024e-03,
         -1.7133e-01],
        [-3.4439e-01,  1.0318e-01, -5.5338e-02, -7.2434e-02,  1.4953e-01,
          4.8114e-01,  2.6567e-01,  2.5070e-01,  4.5411e-01,  2.5777e-01,
          9.6148e-02, -8.3440e-02, -2.1446e-01,  1.0326e-01, -1.6479e-01,
         -3.0670e-01],
        [-1.1785e-01, -1.1203e-01, -2.0112e-02,  5.6115e-02,  3.3878e-01,
          1.7234e-01,  4.0247e-01,  2.6832e-01,  2.5958e-01,  3.5657e-01,
          2.1235e-01, -1.9336e-02, -4.3489e-01, -2.5407e-01, -9.4213e-02,
         -1.8283e-01],
        [ 3.1523e-01,  1.8118e-01,  1.5135e-01, -1.2411e-01, -3.4995e-01,
         -5.0300e-02, -1.2993e-01, -4.9992e-01, -4.5002e-01, -1.0972e-01,
         -1.2274e-01,  1.4377e-01,  2.2426e-02,  1.8112e-01, -7.7501e-02,
         -3.1134e-03],
        [ 2.0477e-01,  2.8679e-01,  3.6681e-01,  1.5524e-02, -4.6995e-01,
         -6.8304e-02, -7.3102e-02, -1.7409e-01, -3.0215e-01, -1.7325e-01,
         -2.4159e-01,  1.8257e-01,  1.7307e-01,  7.9760e-02, -1.7184e-01,
          2.2333e-01],
        [-3.6298e-01, -2.4445e-01, -5.8301e-02, -7.9394e-02,  5.3909e-01,
          4.5372e-01,  1.2452e-01,  2.2934e-01,  5.6796e-02,  1.8284e-01,
          1.5000e-01, -3.8595e-01, -1.3362e-01, -1.2619e-01, -1.3465e-01,
         -1.3921e-01],
        [-1.0932e-01, -1.4845e-01,  1.6586e-01,  1.5058e-01, -5.5884e-01,
         -9.6189e-02, -2.2941e-01, -4.9339e-01, -3.3343e-01, -5.0037e-02,
         -8.1431e-02,  5.1722e-01,  2.4009e-01, -2.1343e-02,  2.3599e-01,
          2.0190e-02],
        [ 3.0695e-01,  2.2021e-01,  1.9494e-01, -3.2206e-01, -5.2887e-01,
         -8.6224e-02, -1.3143e-01, -1.0986e-01, -4.6087e-01, -1.9393e-01,
          1.3495e-01,  3.6839e-01,  4.1247e-01,  3.0381e-01,  9.1635e-03,
         -4.3898e-02],
        [-2.8423e-01,  3.9595e-02, -2.3685e-01,  1.1029e-01,  2.8823e-01,
          3.3582e-01,  3.0563e-01,  3.6693e-01,  2.2063e-01,  2.8421e-01,
         -3.4896e-02, -3.0960e-01, -1.9792e-01, -2.3751e-01,  1.2995e-01,
         -1.5747e-01],
        [ 1.9173e-01,  5.2918e-02,  1.1548e-01, -2.2104e-01, -4.1199e-01,
         -4.1412e-01, -3.0462e-01, -9.9641e-02, -5.0944e-01, -9.0032e-02,
         -6.6626e-02, -2.2876e-03,  2.8112e-01,  2.7238e-01,  1.9857e-01,
          1.4316e-01],
        [ 3.6117e-01,  8.0629e-02,  2.6298e-01, -5.2847e-02, -4.9574e-01,
         -2.8203e-01, -3.8675e-01, -9.2222e-02, -1.4570e-01, -2.7924e-01,
         -1.1200e-01,  3.3198e-01, -9.6016e-03,  1.2509e-01,  1.8952e-01,
          1.7480e-01],
        [-1.6656e-01,  1.0655e-01, -3.6997e-02, -1.0430e-01,  4.3665e-01,
          1.3257e-03,  3.2822e-01,  4.6084e-01,  2.5318e-01,  7.0723e-02,
         -4.5824e-02, -3.3796e-01, -2.3590e-01, -2.1191e-01,  2.1900e-01,
         -2.3331e-01],
        [-6.9373e-02, -2.8405e-01, -4.7558e-02,  3.4949e-01,  1.5820e-01,
          1.7606e-01,  2.9761e-01,  6.6146e-02,  1.2719e-01,  2.7709e-01,
          3.5616e-01, -3.4527e-01, -2.6177e-01, -3.8650e-01, -2.5443e-01,
          7.2617e-02],
        [ 3.5933e-01, -1.3489e-02,  5.0628e-02, -1.3585e-01, -1.5569e-01,
         -4.3993e-01, -3.2508e-01, -3.2426e-01, -3.3649e-01, -1.6349e-01,
          9.7629e-02,  2.8089e-01, -4.4079e-02,  3.3811e-01,  2.6532e-01,
          2.0742e-01],
        [ 2.4714e-01,  1.5901e-01,  3.3354e-01, -3.4310e-01, -3.7086e-01,
         -1.9696e-01, -1.9717e-01, -3.6394e-01, -4.3040e-01, -3.2330e-01,
         -6.4827e-02,  4.0081e-01,  2.7935e-01,  1.5729e-01, -7.9948e-02,
          1.1357e-02],
        [ 2.0474e-01, -1.6723e-01,  1.6939e-01, -8.6590e-02, -1.3187e-01,
         -3.2431e-01, -4.0215e-03, -3.0970e-01, -4.8054e-01,  4.0777e-02,
          1.0665e-01,  9.8510e-02,  1.3673e-01,  2.6558e-01, -1.4858e-01,
          3.1961e-01],
        [ 2.5558e-02, -2.6277e-02,  7.5796e-02,  1.1973e-01, -3.9116e-01,
         -2.5191e-01, -4.0424e-02, -4.3439e-01, -2.4014e-01, -3.4989e-01,
         -3.2063e-01,  1.7624e-01,  2.1827e-01,  3.2372e-01, -1.9626e-01,
          5.5902e-02],
        [ 2.1141e-01,  1.4706e-01,  2.9430e-01, -3.1899e-01, -3.2979e-01,
         -1.3883e-01, -3.8537e-01, -1.1564e-01, -4.6626e-01,  2.1281e-03,
         -6.9811e-03,  1.5318e-01,  2.6169e-01,  3.1353e-01,  2.7442e-01,
          2.7941e-01],
        [-3.0551e-01,  3.8332e-04,  2.6073e-02,  1.6726e-01,  4.8422e-01,
          7.2635e-02,  3.9600e-01,  2.9048e-01,  4.0169e-02,  1.0740e-01,
          2.5559e-01, -3.5124e-01, -2.7054e-01, -2.1477e-01, -1.8226e-01,
         -8.9119e-02],
        [ 2.9538e-01,  1.1964e-01,  1.3208e-01, -1.0162e-01, -4.5817e-01,
         -3.2990e-01, -1.7003e-01, -4.4299e-01, -1.0253e-01, -1.1504e-01,
          3.1376e-02,  2.1325e-01,  3.3600e-01,  3.3031e-01,  1.4669e-01,
          2.5003e-01],
        [-2.6415e-01,  6.7921e-02, -3.1344e-01,  2.2606e-01,  7.4153e-02,
          1.8504e-01,  3.5836e-01,  3.9502e-01,  4.3346e-01,  2.3622e-01,
          2.0734e-01, -1.4440e-01,  9.0765e-03,  3.2150e-02, -1.9695e-02,
         -2.1334e-01],
        [-2.7589e-01, -1.3366e-01, -3.8409e-02, -1.3601e-02,  3.6362e-01,
          4.3246e-01,  4.0943e-01,  8.1420e-02,  3.1914e-01,  3.2786e-01,
         -1.6561e-01, -8.8367e-02, -3.5396e-01, -2.9216e-01, -1.6672e-01,
         -2.2836e-01],
        [ 4.2118e-02,  1.2115e-01,  2.4286e-01, -1.0746e-02, -1.6853e-01,
         -3.6673e-01, -4.3183e-01, -4.9271e-01, -4.1005e-01, -2.6913e-01,
          4.0831e-03,  7.1717e-02,  3.6271e-02,  2.8353e-01, -8.2568e-02,
          1.6784e-01]], device='cuda:0', requires_grad=True)

Parameter name: road_linear_0.bias
Shape: torch.Size([32])
Values: Parameter containing:
tensor([-0.0353, -0.0265,  0.1312, -0.0271, -0.0937, -0.1299,  0.0838,  0.0991,
        -0.0136, -0.0932, -0.0321,  0.0455,  0.1769,  0.0943,  0.0011, -0.0193,
        -0.0471, -0.0033,  0.1141,  0.0181, -0.0737, -0.1631, -0.0124, -0.0114,
         0.0316,  0.1900,  0.1357, -0.0114, -0.0571, -0.1593,  0.0186, -0.0420],
       device='cuda:0', requires_grad=True)

Parameter name: road_linear_1.weight
Shape: torch.Size([1, 32])
Values: Parameter containing:
tensor([[-0.2731,  0.3571, -0.2620, -0.2995,  0.3768,  0.4186, -0.3075, -0.4128,
         -0.3382,  0.4014,  0.3033,  0.4108, -0.3145, -0.4280,  0.3407, -0.4019,
         -0.3539,  0.3566, -0.2655, -0.2781,  0.4546,  0.3457, -0.4014, -0.4007,
         -0.3856, -0.3859, -0.3390,  0.3985, -0.3914,  0.4065,  0.3210, -0.2654]],
       device='cuda:0', requires_grad=True)

Parameter name: linear_0.weight
Shape: torch.Size([32, 39])
Values: Parameter containing:
tensor([[-0.0072, -0.0059,  0.0454,  ...,  0.2366, -0.3904, -0.1137],
        [-0.0808, -0.1898,  0.0904,  ...,  0.1471, -0.3746,  0.0871],
        [-0.0453,  0.1744,  0.0704,  ..., -0.0056,  0.3041,  0.0345],
        ...,
        [ 0.0314, -0.1886,  0.0446,  ...,  0.0668, -0.3306, -0.1180],
        [ 0.0438, -0.0529, -0.0203,  ..., -0.3062,  0.1804,  0.1557],
        [-0.2014,  0.0498,  0.0061,  ...,  0.0403, -0.2816, -0.0509]],
       device='cuda:0', requires_grad=True)

Parameter name: linear_0.bias
Shape: torch.Size([32])
Values: Parameter containing:
tensor([ 0.0557,  0.0550, -0.0859, -0.1213, -0.0598,  0.0543, -0.1259,  0.0587,
        -0.0476,  0.0814,  0.0293,  0.0116,  0.0276,  0.0751, -0.0761, -0.0176,
         0.0465, -0.1515, -0.0315, -0.0252, -0.0735,  0.0500,  0.0903, -0.0049,
        -0.0885,  0.0884,  0.0328, -0.0875,  0.0477,  0.1371,  0.1478, -0.1087],
       device='cuda:0', requires_grad=True)

Parameter name: linear_1.weight
Shape: torch.Size([32, 32])
Values: Parameter containing:
tensor([[ 0.0272, -0.1917, -0.0813,  ..., -0.1116, -0.0210,  0.0740],
        [-0.2552, -0.0462,  0.1149,  ..., -0.0436,  0.0009,  0.0619],
        [ 0.1778, -0.0255, -0.1784,  ...,  0.0505, -0.0160,  0.1669],
        ...,
        [ 0.1550,  0.0966,  0.0925,  ...,  0.2216, -0.2049,  0.2382],
        [-0.0742, -0.1705,  0.0826,  ...,  0.0351,  0.2456, -0.1676],
        [-0.0382, -0.1247,  0.2121,  ...,  0.0772,  0.1392, -0.0272]],
       device='cuda:0', requires_grad=True)

Parameter name: linear_1.bias
Shape: torch.Size([32])
Values: Parameter containing:
tensor([ 0.0870,  0.1251, -0.0279, -0.0611, -0.0318, -0.0628, -0.0295, -0.0594,
         0.0980, -0.1409,  0.1363, -0.1252,  0.1543,  0.0606, -0.1338,  0.0920,
        -0.1216, -0.1503,  0.0049, -0.0125,  0.0038,  0.1070, -0.1883,  0.1776,
        -0.0621, -0.0293,  0.0880, -0.0405, -0.1125, -0.0567,  0.1012,  0.0056],
       device='cuda:0', requires_grad=True)

Parameter name: linear_2.weight
Shape: torch.Size([1, 32])
Values: Parameter containing:
tensor([[ 0.6678,  0.5918, -0.6677, -0.6692,  0.5354,  0.5270, -0.5822,  0.5759,
          0.5995, -0.6078, -0.5607,  0.5597,  0.5583,  0.5703,  0.5973,  0.5555,
         -0.6681, -0.6732,  0.5355,  0.5628, -0.6241, -0.6014, -0.6699,  0.5286,
          0.6535,  0.6736, -0.6515,  0.7012, -0.5807, -0.6640,  0.6490,  0.6668]],
       device='cuda:0', requires_grad=True)

Parameter name: linear_2.bias
Shape: torch.Size([1])
Values: Parameter containing:
tensor([0.3750], device='cuda:0', requires_grad=True)

Parameter name: road_linear_0.weight
Shape: torch.Size([32, 16])
Values: Parameter containing:
tensor([[ 6.3740e-03, -4.5732e-02,  2.5433e-01, -2.8964e-01, -3.4570e-01,
         -1.0692e-01, -4.5461e-02, -4.8543e-01, -2.7155e-01, -9.7191e-03,
          1.6295e-01,  1.6823e-01,  2.9772e-03, -1.0478e-01, -2.2401e-01,
          3.0619e-01],
        [-2.6815e-01,  1.9387e-02, -8.2215e-02, -6.8698e-03,  8.4217e-02,
          2.2476e-01,  1.5705e-01,  2.3099e-01,  4.9181e-01,  1.1211e-01,
          9.7855e-02, -2.6524e-01,  2.3007e-02, -2.8108e-02,  5.0288e-01,
         -4.6257e-02],
        [ 7.4444e-02, -9.9919e-02,  3.4099e-01, -9.8182e-02, -1.8969e-01,
         -3.1926e-01, -4.6914e-02, -4.8239e-01, -6.6345e-03, -3.9266e-02,
         -6.1599e-02, -7.6392e-02,  3.7936e-01,  3.0430e-01, -9.8968e-02,
          2.3225e-01],
        [ 2.7782e-01, -1.3058e-01,  4.7501e-02, -5.5048e-02, -1.4520e-01,
         -1.4910e-01, -1.1666e-01, -1.5792e-01, -5.1000e-01, -3.5643e-01,
          2.1272e-03,  3.4917e-01,  2.4948e-01, -1.5674e-01, -3.3024e-01,
          9.7481e-02],
        [-8.7773e-02,  4.4923e-01, -1.2862e-01, -4.0192e-02,  2.6489e-01,
          4.7788e-02,  2.5293e-02,  3.7718e-01,  2.0141e-01,  2.6460e-01,
          6.1619e-02, -1.3695e-01, -5.5568e-03, -2.0831e-01,  4.0346e-01,
         -1.1312e-01],
        [ 7.5536e-03,  4.0080e-01, -3.2320e-01,  3.8647e-01,  4.0557e-01,
         -7.0198e-02,  2.4285e-01,  6.7621e-03,  2.9298e-01,  1.8487e-01,
         -1.1765e-01, -6.4663e-02, -1.9469e-01,  1.4245e-01,  4.7370e-01,
         -4.4278e-02],
        [ 3.6670e-01, -8.0889e-02,  3.7152e-01, -1.6893e-01, -1.3861e-01,
         -1.7435e-01, -1.5205e-01, -2.8707e-01, -3.1375e-01,  8.0664e-03,
         -1.0886e-02,  4.5270e-02, -1.0399e-01,  1.4520e-01, -3.8334e-01,
          1.0996e-01],
        [-7.3832e-02,  6.8158e-02,  3.2477e-01, -3.4297e-01, -4.0891e-01,
         -2.7341e-01, -7.6453e-02, -3.0600e-01, -2.3398e-01, -1.9789e-01,
         -4.5058e-02,  1.7344e-02,  2.2757e-01, -1.1749e-01, -1.6304e-01,
          3.2950e-01],
        [ 4.8885e-02, -9.3426e-02,  2.8360e-01, -2.5113e-01, -1.7288e-01,
         -3.3689e-01, -1.7239e-01, -1.8464e-01, -3.2791e-02, -3.0308e-01,
          2.3867e-02,  6.3860e-02, -6.1859e-02,  1.6532e-01, -4.8740e-01,
          7.5733e-02],
        [-3.0316e-01,  2.7220e-01, -8.1839e-02, -7.5604e-03,  1.8644e-01,
          1.3822e-01,  4.9288e-02,  3.1035e-01,  3.5161e-01, -1.2362e-02,
          1.2529e-01, -1.2994e-02, -2.5019e-01, -8.3505e-02,  3.2096e-01,
         -1.7637e-01],
        [-3.6209e-01,  3.0900e-01, -3.2935e-02, -4.4465e-02,  6.9329e-02,
          3.9780e-01,  2.2166e-01,  1.9528e-01,  4.3245e-01,  2.2636e-01,
          1.0469e-02,  1.0588e-02, -1.7717e-01,  1.1677e-01,  1.3239e-01,
         -2.9502e-01],
        [-1.2418e-01,  1.1933e-01,  7.1402e-03,  8.4521e-02,  2.5733e-01,
          1.0329e-01,  3.4754e-01,  2.0811e-01,  2.1473e-01,  3.2357e-01,
          7.3047e-02,  7.3804e-02, -4.0485e-01, -2.0950e-01,  1.7594e-01,
         -1.7263e-01],
        [ 3.3669e-01, -1.1792e-01,  1.1737e-01, -1.5103e-01, -2.4248e-01,
          7.2087e-02, -6.8776e-02, -4.1381e-01, -4.2548e-01, -6.5033e-02,
         -1.1583e-01,  1.6498e-02, -9.0237e-02,  1.5082e-01, -4.3262e-01,
         -2.4030e-02],
        [ 2.1489e-01,  1.8772e-02,  3.4768e-01, -1.2738e-02, -3.9638e-01,
         -5.5187e-03, -3.1298e-02, -1.2825e-01, -2.8423e-01, -1.5102e-01,
         -1.1586e-01,  1.0930e-01,  1.0916e-01,  4.0231e-02, -4.6676e-01,
          2.1423e-01],
        [-3.7914e-01,  3.5213e-02, -4.2788e-02, -4.4935e-02,  4.7451e-01,
          3.9355e-01,  9.7601e-02,  1.8844e-01,  3.5027e-02,  1.6918e-01,
          2.9428e-02, -3.0879e-01, -7.9999e-02, -1.0983e-01,  1.9202e-01,
         -1.3851e-01],
        [-6.8117e-02, -5.4876e-01,  1.2208e-01,  1.0430e-01, -5.1468e-01,
          5.2518e-02, -1.6897e-01, -4.3390e-01, -3.2539e-01,  3.9715e-03,
         -4.6019e-02,  3.7538e-01,  7.5634e-02, -1.0169e-01, -1.3902e-01,
          1.4186e-02],
        [ 3.2030e-01,  3.3175e-02,  1.7072e-01, -3.4093e-01, -4.1765e-01,
         -4.7471e-03, -6.4059e-02, -5.3104e-02, -4.5300e-01, -1.5219e-01,
          1.7089e-01,  2.8111e-01,  3.1555e-01,  2.2610e-01, -2.3738e-01,
         -7.0635e-02],
        [-2.6921e-01,  1.7080e-01, -1.9631e-01,  1.1266e-01,  1.5705e-01,
          2.4943e-01,  2.4394e-01,  2.8650e-01,  1.5881e-01,  2.4247e-01,
         -5.7898e-02, -2.0092e-01, -9.9421e-02, -1.5378e-01,  2.8927e-01,
         -1.2822e-01],
        [ 2.2555e-01, -1.8691e-01,  1.0630e-01, -2.5747e-01, -2.9224e-01,
         -3.4420e-01, -2.5922e-01, -3.7968e-02, -4.6639e-01, -7.0361e-02,
          2.4024e-02, -9.8763e-02,  1.6346e-01,  2.1031e-01, -1.1129e-01,
          1.4849e-01],
        [ 3.6615e-01, -1.6663e-01,  2.2682e-01, -7.3154e-02, -4.2340e-01,
         -2.0748e-01, -3.4111e-01, -4.5344e-02, -1.0977e-01, -2.4333e-01,
          1.0822e-01,  2.2989e-01, -6.7242e-02,  7.4467e-02, -1.4471e-01,
          1.5676e-01],
        [-1.5864e-01,  3.1416e-01, -6.2827e-03, -8.8498e-02,  3.1588e-01,
         -7.9127e-02,  2.8185e-01,  3.7779e-01,  1.9622e-01,  4.4017e-02,
         -1.1534e-01, -2.3673e-01, -1.4775e-01, -1.7202e-01,  4.1391e-01,
         -2.1870e-01],
        [-1.0538e-01,  1.4821e-01, -3.8554e-02,  3.9954e-01,  1.4039e-01,
          1.2457e-01,  2.7926e-01,  6.2961e-02,  1.3709e-01,  2.6830e-01,
          1.9555e-01, -2.9810e-01, -2.2416e-01, -3.7913e-01,  8.6125e-02,
          6.3686e-02],
        [ 3.6413e-01, -2.3026e-01,  2.5751e-02, -1.5857e-01, -7.6827e-02,
         -3.7766e-01, -2.8320e-01, -2.8125e-01, -3.0748e-01, -1.3987e-01,
          2.1154e-01,  2.0386e-01, -9.4340e-02,  2.9111e-01, -3.2341e-03,
          1.9365e-01],
        [ 2.4226e-01,  7.8496e-02,  2.9768e-01, -3.4220e-01, -2.2360e-01,
         -1.1445e-01, -1.2357e-01, -2.9707e-01, -4.0738e-01, -2.7126e-01,
         -2.1930e-03,  3.0928e-01,  2.0995e-01,  6.9061e-02, -2.3118e-01,
         -3.3127e-02],
        [ 2.2190e-01, -4.6498e-01,  1.5311e-01, -1.2731e-01, -3.3525e-02,
         -2.3058e-01,  5.3373e-02, -2.3203e-01, -4.3623e-01,  6.7878e-02,
          1.7172e-01,  2.4248e-04,  2.9432e-02,  2.4550e-01, -4.5015e-01,
          3.1781e-01],
        [ 2.4866e-02, -2.7113e-01,  5.0102e-02,  9.6790e-02, -2.8404e-01,
         -1.7844e-01, -1.2159e-02, -3.6002e-01, -1.8718e-01, -3.3205e-01,
         -2.4879e-01,  7.8448e-02,  1.4887e-01,  3.0663e-01, -4.7089e-01,
          4.9638e-02],
        [ 2.1111e-01, -9.3002e-02,  2.5995e-01, -3.3374e-01, -2.4847e-01,
         -7.7295e-02, -3.3665e-01, -7.2661e-02, -4.2567e-01,  3.1377e-02,
          6.2043e-02,  6.7217e-02,  2.1028e-01,  2.3371e-01,  2.0005e-03,
          2.5916e-01],
        [-3.2474e-01,  2.7648e-01,  4.4994e-02,  2.0379e-01,  4.1002e-01,
          5.6668e-03,  3.5188e-01,  2.3808e-01,  7.4680e-03,  8.5022e-02,
          6.1023e-02, -2.6224e-01, -2.1080e-01, -1.7826e-01,  1.1518e-01,
         -8.6664e-02],
        [ 2.9123e-01, -2.3732e-02,  9.9149e-02, -1.1645e-01, -3.5338e-01,
         -2.5880e-01, -1.2174e-01, -3.7802e-01, -5.7359e-02, -8.0548e-02,
          1.1899e-01,  1.1576e-01,  3.2423e-01,  2.8795e-01, -6.8832e-02,
          2.2843e-01],
        [-2.5933e-01,  2.2151e-01, -2.8356e-01,  2.3898e-01, -1.4646e-02,
          1.1739e-01,  3.1150e-01,  3.3962e-01,  3.9486e-01,  2.0870e-01,
          1.4409e-01, -6.2565e-02,  8.0218e-02,  8.6866e-02,  2.2029e-01,
         -1.9421e-01],
        [-2.7646e-01,  1.0232e-01, -5.4958e-03,  4.6211e-03,  2.7651e-01,
          3.5689e-01,  3.6133e-01,  2.9377e-02,  2.7643e-01,  2.9475e-01,
         -2.4843e-01,  1.0563e-02, -2.8760e-01, -2.4358e-01,  1.1781e-01,
         -2.1204e-01],
        [ 4.3901e-02, -9.9044e-02,  2.0466e-01, -2.6854e-02, -6.9421e-02,
         -2.7397e-01, -3.6767e-01, -4.0647e-01, -3.5101e-01, -2.2378e-01,
          9.9537e-02, -5.4143e-02, -8.7274e-02,  1.7706e-01, -3.6115e-01,
          1.4546e-01]], device='cuda:0', requires_grad=True)

Parameter name: road_linear_0.bias
Shape: torch.Size([32])
Values: Parameter containing:
tensor([-0.0867, -0.0200,  0.1371, -0.1191, -0.0499, -0.0284,  0.0585,  0.1476,
        -0.0411, -0.0402,  0.0420,  0.0590,  0.1599,  0.0914, -0.0551,  0.0972,
        -0.1915, -0.0016,  0.0199,  0.0090, -0.0216, -0.1242, -0.0638, -0.0634,
        -0.1931,  0.2745,  0.1114,  0.0198, -0.0852, -0.2223,  0.1512, -0.0336],
       device='cuda:0', requires_grad=True)

Parameter name: road_linear_1.weight
Shape: torch.Size([1, 32])
Values: Parameter containing:
tensor([[-0.3325,  0.4190, -0.3037, -0.3199,  0.4315,  0.4569, -0.3518, -0.4274,
         -0.3996,  0.4791,  0.3259,  0.4548, -0.3796, -0.4882,  0.3829, -0.4469,
         -0.3803,  0.3703, -0.2924, -0.3088,  0.4898,  0.4292, -0.4228, -0.4140,
         -0.4699, -0.4337, -0.3642,  0.4408, -0.3939,  0.4330,  0.3384, -0.2943]],
       device='cuda:0', requires_grad=True)

Parameter name: linear_0.weight
Shape: torch.Size([32, 39])
Values: Parameter containing:
tensor([[-3.2162e-02,  9.8570e-02,  5.1859e-02,  ...,  2.2474e-01,
         -3.8098e-01, -1.1368e-01],
        [-9.7917e-02, -6.4722e-02,  1.1182e-01,  ...,  1.5880e-01,
         -3.6568e-01,  8.7102e-02],
        [-1.3604e-02, -2.1805e-02,  2.4016e-02,  ...,  2.2759e-02,
          2.8457e-01,  3.4476e-02],
        ...,
        [ 1.9701e-02,  2.0267e-04,  5.2500e-02,  ...,  8.8724e-02,
         -3.7827e-01, -1.1801e-01],
        [ 7.5159e-02, -1.9554e-01, -4.8296e-02,  ..., -3.3220e-01,
          1.9652e-01,  1.5567e-01],
        [-1.9332e-01,  1.3580e-01,  3.2251e-02,  ...,  1.0123e-01,
         -3.3310e-01, -5.0854e-02]], device='cuda:0', requires_grad=True)

Parameter name: linear_0.bias
Shape: torch.Size([32])
Values: Parameter containing:
tensor([ 0.0426,  0.0410, -0.0670, -0.1335, -0.0718,  0.0586, -0.1109,  0.0466,
        -0.0396,  0.0814,  0.0191,  0.0113,  0.0291,  0.0778, -0.0530, -0.0197,
         0.0594, -0.1526,  0.0012,  0.0275, -0.0524,  0.0348,  0.1080,  0.0057,
        -0.0930,  0.1033,  0.0471, -0.0958,  0.0550,  0.1399,  0.1666, -0.1225],
       device='cuda:0', requires_grad=True)

Parameter name: linear_1.weight
Shape: torch.Size([32, 32])
Values: Parameter containing:
tensor([[ 0.0674, -0.1996, -0.1003,  ..., -0.1625, -0.0074,  0.0705],
        [-0.2139, -0.0561,  0.1020,  ..., -0.0956,  0.0163,  0.0447],
        [ 0.1472, -0.0073, -0.1793,  ...,  0.1122, -0.0406,  0.1956],
        ...,
        [ 0.1268,  0.1115,  0.1070,  ...,  0.2845, -0.2350,  0.2498],
        [-0.0135, -0.1685,  0.0582,  ..., -0.0131,  0.2472, -0.1742],
        [-0.0112, -0.1520,  0.2156,  ...,  0.0066,  0.1743, -0.0560]],
       device='cuda:0', requires_grad=True)

Parameter name: linear_1.bias
Shape: torch.Size([32])
Values: Parameter containing:
tensor([ 0.1055,  0.1499, -0.0627, -0.0858,  0.0008, -0.0452, -0.0597, -0.0426,
         0.1256, -0.1711,  0.1299, -0.1160,  0.1743,  0.0872, -0.1208,  0.1298,
        -0.1388, -0.1748, -0.0546, -0.0020, -0.0049,  0.0828, -0.2136,  0.2160,
        -0.0448, -0.0040,  0.0727, -0.0275, -0.1371, -0.0738,  0.1254,  0.0453],
       device='cuda:0', requires_grad=True)

Parameter name: linear_2.weight
Shape: torch.Size([1, 32])
Values: Parameter containing:
tensor([[ 0.6354,  0.5594, -0.6525, -0.6345,  0.5191,  0.4984, -0.5610,  0.5392,
          0.5522, -0.5822, -0.5258,  0.5462,  0.5243,  0.5067,  0.5756,  0.5736,
         -0.6313, -0.6448, -0.5059,  0.5527, -0.5961, -0.5777, -0.6491,  0.4868,
          0.6198,  0.6454, -0.6314,  0.6413, -0.5630, -0.6325,  0.6215,  0.6478]],
       device='cuda:0', requires_grad=True)

Parameter name: linear_2.bias
Shape: torch.Size([1])
Values: Parameter containing:
tensor([0.3708], device='cuda:0', requires_grad=True)

Parameter name: road_linear_0.weight
Shape: torch.Size([32, 16])
Values: Parameter containing:
tensor([[-3.2222e-02,  2.6366e-01,  2.2599e-01, -2.5533e-01, -3.8963e-01,
         -8.0528e-02,  6.9614e-03, -4.8300e-01, -2.6896e-01,  3.0092e-02,
          1.7464e-01,  1.7261e-01, -2.7256e-03, -1.5195e-01, -2.4948e-01,
          2.7402e-01],
        [-2.2952e-01, -2.6659e-01, -4.3960e-02, -4.4234e-02,  1.1896e-01,
          1.9667e-01,  1.1843e-01,  2.1177e-01,  4.7359e-01,  7.0644e-02,
          6.6924e-02, -2.5116e-01,  4.6940e-02,  2.2385e-02,  5.1761e-01,
         -9.3516e-03],
        [ 6.4919e-02,  2.0159e-01,  3.1937e-01, -8.2642e-02, -2.3542e-01,
         -3.2525e-01, -3.9126e-02, -5.1896e-01, -1.4687e-02, -1.8384e-02,
         -3.0269e-02, -5.6677e-02,  4.2113e-01,  2.9741e-01, -1.3954e-01,
          2.2941e-01],
        [ 2.3638e-01, -2.1082e-02,  1.2324e-02, -2.1875e-02, -2.0442e-01,
         -1.2119e-01, -7.8701e-02, -1.3685e-01, -5.0496e-01, -3.1746e-01,
          2.5369e-02,  3.4255e-01,  2.2187e-01, -2.0461e-01, -3.5443e-01,
          5.6560e-02],
        [-7.8113e-02,  1.7142e-01, -1.0941e-01, -6.2670e-02,  3.4403e-01,
          3.2084e-02, -6.1058e-04,  4.0370e-01,  2.4430e-01,  2.3173e-01,
          7.7718e-02, -1.5977e-01, -1.5729e-02, -1.7874e-01,  4.7747e-01,
         -8.3258e-02],
        [ 1.4127e-02,  2.0343e-01, -3.1050e-01,  3.6876e-01,  4.6678e-01,
         -7.8481e-02,  2.1680e-01,  1.2680e-02,  3.2284e-01,  1.5730e-01,
         -1.1549e-01, -8.0057e-02, -1.9751e-01,  1.7599e-01,  5.5752e-01,
         -1.8391e-02],
        [ 3.3963e-01,  5.1487e-02,  3.4402e-01, -1.4453e-01, -1.8790e-01,
         -1.6378e-01, -1.3100e-01, -2.8398e-01, -2.9988e-01,  3.6173e-02,
          2.2575e-02,  4.6718e-02, -1.0282e-01,  1.1438e-01, -4.2192e-01,
          8.6735e-02],
        [-8.9824e-02,  2.2992e-01,  3.0352e-01, -3.2322e-01, -4.3020e-01,
         -2.6903e-01, -5.9645e-02, -3.0750e-01, -2.2136e-01, -1.7603e-01,
         -3.0807e-02,  1.8703e-02,  2.3585e-01, -1.3740e-01, -1.9201e-01,
          3.1683e-01],
        [ 2.9212e-02,  2.5883e-01,  2.5520e-01, -2.2762e-01, -2.0280e-01,
         -3.2502e-01, -1.5020e-01, -1.8463e-01, -3.1097e-02, -2.7225e-01,
          4.9743e-02,  7.0183e-02, -5.6317e-02,  1.3514e-01, -5.1786e-01,
          5.3589e-02],
        [-2.8194e-01, -3.5770e-02, -5.4017e-02, -3.6577e-02,  2.4220e-01,
          1.1954e-01,  2.0357e-02,  3.1834e-01,  3.6423e-01, -4.7997e-02,
          1.1817e-01, -1.7071e-02, -2.4671e-01, -4.3853e-02,  3.6820e-01,
         -1.4613e-01],
        [-3.4438e-01,  1.1771e-01, -1.1964e-02, -6.0518e-02,  1.3301e-01,
          3.8941e-01,  2.0196e-01,  2.0699e-01,  4.4553e-01,  2.0136e-01,
         -3.2404e-02, -5.2011e-03, -1.8208e-01,  1.3997e-01,  1.8750e-01,
         -2.7371e-01],
        [-1.0791e-01, -9.4556e-02,  3.0682e-02,  6.4661e-02,  2.9885e-01,
          8.9099e-02,  3.3298e-01,  2.1698e-01,  2.2035e-01,  2.9808e-01,
          7.0113e-02,  6.3457e-02, -4.0409e-01, -1.9268e-01,  2.1200e-01,
         -1.5257e-01],
        [ 2.9880e-01,  1.4788e-01,  8.5177e-02, -1.1514e-01, -3.1060e-01,
          1.0214e-01, -2.5014e-02, -4.1991e-01, -4.3434e-01, -2.2960e-02,
         -9.3538e-02,  1.7596e-02, -9.5319e-02,  1.0685e-01, -4.6732e-01,
         -6.0380e-02],
        [ 1.8779e-01,  2.7622e-01,  3.1674e-01,  1.5437e-02, -4.2143e-01,
          1.3016e-02, -6.4550e-03, -1.1631e-01, -2.6701e-01, -1.1841e-01,
         -9.0007e-02,  1.0181e-01,  9.7373e-02,  4.3375e-03, -4.8541e-01,
          1.8792e-01],
        [-3.5871e-01, -2.4838e-01, -1.8236e-02, -6.7649e-02,  5.0625e-01,
          3.8121e-01,  7.5383e-02,  1.8747e-01,  2.9726e-02,  1.4165e-01,
          5.9349e-03, -3.1072e-01, -8.0439e-02, -8.1941e-02,  2.1506e-01,
         -1.1828e-01],
        [-2.7108e-01, -1.1928e-01,  8.6986e-02,  2.0055e-01,  2.8347e-01,
          1.0786e-01,  5.5514e-02,  1.4888e-01,  2.6373e-01,  5.0200e-02,
          2.1139e-02,  1.4795e-01, -1.0232e-01, -2.0119e-01,  6.8733e-01,
         -8.3264e-03],
        [ 2.8213e-01,  1.5625e-01,  1.3826e-01, -3.0874e-01, -4.6492e-01,
          2.2509e-02, -3.3898e-02, -2.2595e-02, -4.3976e-01, -1.1636e-01,
          1.7566e-01,  2.7166e-01,  2.8332e-01,  1.8683e-01, -2.3460e-01,
         -1.0679e-01],
        [-2.5269e-01,  1.0307e-01, -1.7718e-01,  9.4424e-02,  2.0959e-01,
          2.4706e-01,  2.2961e-01,  2.9268e-01,  1.5886e-01,  2.2209e-01,
         -7.8345e-02, -2.0998e-01, -1.1244e-01, -1.2608e-01,  3.3688e-01,
         -1.1079e-01],
        [ 2.0447e-01,  4.0257e-02,  8.2805e-02, -2.3625e-01, -3.5189e-01,
         -3.3149e-01, -2.3683e-01, -4.8649e-02, -4.8700e-01, -4.0713e-02,
          5.2938e-02, -8.1800e-02,  1.6861e-01,  1.8225e-01, -1.3810e-01,
          1.2024e-01],
        [ 3.5125e-01,  6.9866e-02,  2.0648e-01, -5.6793e-02, -4.7387e-01,
         -1.9449e-01, -3.2319e-01, -5.2499e-02, -1.2830e-01, -2.1628e-01,
          1.2282e-01,  2.4987e-01, -6.2464e-02,  5.5720e-02, -1.7988e-01,
          1.3256e-01],
        [-1.4697e-01,  1.3451e-01,  1.0928e-02, -1.1012e-01,  3.6145e-01,
         -8.7637e-02,  2.6278e-01,  3.8828e-01,  2.0910e-01,  1.8013e-02,
         -1.0537e-01, -2.4435e-01, -1.5631e-01, -1.4843e-01,  4.9795e-01,
         -1.9831e-01],
        [-9.0382e-02, -2.7935e-01, -1.5658e-02,  3.7944e-01,  1.6522e-01,
          1.1606e-01,  2.6232e-01,  6.4536e-02,  1.3861e-01,  2.4055e-01,
          1.7689e-01, -3.0982e-01, -2.3740e-01, -3.5752e-01,  1.1219e-01,
          7.8897e-02],
        [ 3.5410e-01, -3.3538e-02,  1.0626e-02, -1.4541e-01, -1.2813e-01,
         -3.7467e-01, -2.7666e-01, -2.9120e-01, -3.1796e-01, -1.2208e-01,
          2.1989e-01,  2.2034e-01, -8.0792e-02,  2.7715e-01, -4.3147e-02,
          1.8039e-01],
        [ 2.0384e-01,  1.0208e-01,  2.6560e-01, -3.1167e-01, -2.6999e-01,
         -9.6520e-02, -1.0086e-01, -2.7110e-01, -3.7832e-01, -2.4223e-01,
          2.1623e-02,  2.9605e-01,  1.9537e-01,  3.4334e-02, -2.3313e-01,
         -5.9121e-02],
        [ 2.0785e-01, -1.7209e-01,  1.3339e-01, -1.0615e-01, -9.8776e-02,
         -2.1963e-01,  7.4352e-02, -2.4268e-01, -4.5623e-01,  9.6101e-02,
          2.0417e-01,  1.3489e-02,  3.2887e-02,  2.1542e-01, -5.0709e-01,
          2.9395e-01],
        [ 1.6053e-02, -2.0224e-02,  3.2716e-02,  1.1442e-01, -3.3123e-01,
         -1.7475e-01,  9.1481e-03, -3.8181e-01, -2.0043e-01, -3.0875e-01,
         -2.4454e-01,  9.0171e-02,  1.6651e-01,  2.8574e-01, -5.4540e-01,
          3.5631e-02],
        [ 1.9621e-01,  1.1056e-01,  2.3996e-01, -3.1781e-01, -2.8914e-01,
         -6.8698e-02, -3.2843e-01, -7.7919e-02, -4.2808e-01,  5.3024e-02,
          7.2545e-02,  8.0530e-02,  2.1674e-01,  2.2806e-01, -2.8376e-02,
          2.4519e-01],
        [-3.1352e-01,  1.5171e-02,  6.1366e-02,  1.8646e-01,  4.6251e-01,
         -8.5871e-03,  3.3453e-01,  2.4820e-01,  2.8137e-02,  6.0908e-02,
          6.9400e-02, -2.7963e-01, -2.1153e-01, -1.6356e-01,  1.6474e-01,
         -6.5402e-02],
        [ 2.7172e-01,  1.0431e-01,  7.6724e-02, -9.7850e-02, -3.9192e-01,
         -2.4796e-01, -1.0935e-01, -3.8061e-01, -4.9127e-02, -5.8602e-02,
          1.3245e-01,  1.2076e-01,  3.2565e-01,  2.7251e-01, -9.8073e-02,
          2.1373e-01],
        [-2.4853e-01,  7.4476e-02, -2.6796e-01,  2.2520e-01,  3.4204e-02,
          1.1748e-01,  3.0381e-01,  3.5072e-01,  3.9905e-01,  1.9211e-01,
          1.2084e-01, -7.5745e-02,  6.1840e-02,  9.9336e-02,  2.7606e-01,
         -1.8318e-01],
        [-2.6074e-01, -1.0529e-01,  1.5630e-02, -1.3043e-02,  3.2237e-01,
          3.4887e-01,  3.4703e-01,  3.4247e-02,  2.8383e-01,  2.7025e-01,
         -2.6312e-01, -3.7220e-03, -2.9623e-01, -2.2122e-01,  1.4280e-01,
         -1.9205e-01],
        [ 1.8262e-02,  6.4776e-02,  1.7755e-01, -1.6101e-03, -1.2549e-01,
         -2.6148e-01, -3.4453e-01, -4.2393e-01, -3.5962e-01, -1.9402e-01,
          1.2506e-01, -4.1047e-02, -8.0171e-02,  1.4717e-01, -3.9397e-01,
          1.1982e-01]], device='cuda:0', requires_grad=True)

Parameter name: road_linear_0.bias
Shape: torch.Size([32])
Values: Parameter containing:
tensor([-0.0947, -0.0023,  0.1777, -0.1202, -0.0248,  0.0101,  0.0815,  0.1725,
        -0.0270, -0.0243,  0.0083,  0.0670,  0.1270,  0.0876, -0.0524, -0.0478,
        -0.2138, -0.0118,  0.0186,  0.0028, -0.0012, -0.1314, -0.0557, -0.0502,
        -0.1694,  0.2789,  0.1151,  0.0428, -0.0767, -0.2421,  0.1542, -0.0293],
       device='cuda:0', requires_grad=True)

Parameter name: road_linear_1.weight
Shape: torch.Size([1, 32])
Values: Parameter containing:
tensor([[-0.3342,  0.4177, -0.3047, -0.3331,  0.4737,  0.4928, -0.3592, -0.4268,
         -0.4068,  0.4951,  0.3393,  0.4500, -0.3964, -0.4935,  0.3821,  0.4429,
         -0.3830,  0.3775, -0.2947, -0.3101,  0.5085,  0.4017, -0.4252, -0.4146,
         -0.5181, -0.4501, -0.3627,  0.4459, -0.3977,  0.4373,  0.3393, -0.2989]],
       device='cuda:0', requires_grad=True)

Parameter name: linear_0.weight
Shape: torch.Size([32, 39])
Values: Parameter containing:
tensor([[-0.0099,  0.0999,  0.0753,  ...,  0.1623, -0.3541, -0.1137],
        [-0.1056, -0.0474,  0.1158,  ...,  0.1333, -0.3645,  0.0871],
        [-0.0097, -0.0349,  0.0332,  ...,  0.0234,  0.3099,  0.0345],
        ...,
        [ 0.0116,  0.0223,  0.0523,  ...,  0.0714, -0.4017, -0.1180],
        [ 0.0860, -0.2159, -0.0509,  ..., -0.3072,  0.2113,  0.1557],
        [-0.1873,  0.1521,  0.0375,  ...,  0.0677, -0.3527, -0.0509]],
       device='cuda:0', requires_grad=True)

Parameter name: linear_0.bias
Shape: torch.Size([32])
Values: Parameter containing:
tensor([ 0.0465,  0.0400, -0.0696, -0.1356, -0.0738,  0.0496, -0.1102,  0.0502,
        -0.0413,  0.0785,  0.0247,  0.0117,  0.0242,  0.0757, -0.0505, -0.0207,
         0.0575, -0.1561, -0.0641,  0.0378, -0.0577,  0.0319,  0.1051,  0.0080,
        -0.0877,  0.0525,  0.0436, -0.1172,  0.0551,  0.1431,  0.1667, -0.1279],
       device='cuda:0', requires_grad=True)

Parameter name: linear_1.weight
Shape: torch.Size([32, 32])
Values: Parameter containing:
tensor([[ 0.0436, -0.1937, -0.0939,  ..., -0.1369,  0.0077,  0.0643],
        [-0.2320, -0.0497,  0.1212,  ..., -0.0634,  0.0179,  0.0377],
        [ 0.1572, -0.0137, -0.1855,  ...,  0.0801, -0.0333,  0.1949],
        ...,
        [ 0.1322,  0.0888,  0.1135,  ...,  0.2473, -0.2354,  0.2390],
        [-0.0246, -0.1652,  0.0708,  ...,  0.0263,  0.2390, -0.1800],
        [-0.0173, -0.1360,  0.2100,  ...,  0.0467,  0.1665, -0.0471]],
       device='cuda:0', requires_grad=True)

Parameter name: linear_1.bias
Shape: torch.Size([32])
Values: Parameter containing:
tensor([ 0.1095,  0.1639, -0.0662, -0.0847, -0.0031, -0.0436, -0.0601, -0.0402,
         0.1379, -0.1817,  0.1171, -0.1274,  0.1965,  0.1062, -0.1219,  0.1415,
        -0.1386, -0.1753,  0.0486, -0.0108, -0.0087,  0.0844, -0.2034,  0.2439,
        -0.0412, -0.0058,  0.0714, -0.0269, -0.1379, -0.0699,  0.1351,  0.0403],
       device='cuda:0', requires_grad=True)

Parameter name: linear_2.weight
Shape: torch.Size([1, 32])
Values: Parameter containing:
tensor([[ 0.6694,  0.6002, -0.6783, -0.6510,  0.5404,  0.5499, -0.5864,  0.5587,
          0.5654, -0.6189, -0.5644,  0.5578,  0.5537,  0.5450,  0.5898,  0.6069,
         -0.6533, -0.6644,  0.5153,  0.5697, -0.6237, -0.6046, -0.6658,  0.5060,
          0.6504,  0.6643, -0.6462,  0.6647, -0.5847, -0.6518,  0.6464,  0.6612]],
       device='cuda:0', requires_grad=True)

Parameter name: linear_2.bias
Shape: torch.Size([1])
Values: Parameter containing:
tensor([0.3849], device='cuda:0', requires_grad=True)

Parameter name: road_linear_0.weight
Shape: torch.Size([32, 16])
Values: Parameter containing:
tensor([[-0.5250,  0.7091, -0.1793, -0.3295,  0.2732, -0.2971,  0.5988,  0.0595,
          0.2750,  0.1616,  0.1916, -0.2488, -0.1923,  0.0619,  0.3086, -0.1381],
        [-0.3755,  0.1255, -0.2134, -0.2963,  0.1651, -0.1700,  0.3431,  0.3067,
          0.5318,  0.0388,  0.1415, -0.3943,  0.1232,  0.3335,  0.5081, -0.1931],
        [-0.3636,  0.4218, -0.0603, -0.0688,  0.4137, -0.3604,  0.5146,  0.0724,
          0.5072,  0.1203,  0.0334, -0.5347,  0.1368,  0.3437,  0.4485, -0.1754],
        [ 0.3962, -0.3882,  0.1770,  0.1861, -0.1815,  0.1599, -0.3332, -0.1951,
         -0.4988, -0.2971, -0.0299,  0.4400,  0.1339, -0.4237, -0.2857,  0.2648],
        [-0.2398,  0.5389, -0.2700, -0.3156,  0.2868, -0.2940,  0.1900,  0.4103,
          0.2222,  0.1935,  0.1872, -0.2462,  0.1044,  0.1015,  0.3811, -0.2700],
        [-0.1362,  0.5667, -0.4483,  0.0748,  0.4247, -0.4173,  0.3914,  0.0328,
          0.3041,  0.0254, -0.1469, -0.1609, -0.1988,  0.4704,  0.4191, -0.1851],
        [ 0.4194, -0.2956,  0.5247,  0.1820, -0.2149,  0.2656, -0.3792, -0.3520,
         -0.3516,  0.2137, -0.0488,  0.1525, -0.0628, -0.1788, -0.3159,  0.2918],
        [ 0.0574, -0.1282,  0.4595, -0.0211, -0.4959,  0.1075, -0.2550, -0.3854,
         -0.2937, -0.0258, -0.0833,  0.1443,  0.2768, -0.4327, -0.1932,  0.4801],
        [ 0.1964, -0.2302,  0.4725,  0.1117, -0.3281,  0.1773, -0.4392, -0.3308,
         -0.1797, -0.2175, -0.2023,  0.2481, -0.1345, -0.3084, -0.5698,  0.2631],
        [-0.4705,  0.3625, -0.2305, -0.2508,  0.2149, -0.1905,  0.2249,  0.3426,
          0.3677,  0.0130,  0.1112, -0.1091, -0.0182,  0.2467,  0.2955, -0.3498],
        [-0.5790,  0.6111, -0.2081, -0.3407,  0.0574,  0.0191,  0.4455,  0.1971,
          0.4284,  0.2104,  0.0552, -0.0759, -0.0117,  0.4824,  0.0437, -0.5188],
        [-0.3294,  0.2962, -0.1624, -0.1423,  0.3223, -0.2070,  0.5403,  0.2644,
          0.2752,  0.3753,  0.1654, -0.0459, -0.1715,  0.0785,  0.2363, -0.3609],
        [ 0.4725, -0.2940,  0.2829,  0.1878, -0.2502,  0.5048, -0.2619, -0.4293,
         -0.4134,  0.0678, -0.1377,  0.1413, -0.0991, -0.2637, -0.3089,  0.1651],
        [ 0.3403, -0.0853,  0.4690,  0.2504, -0.4316,  0.3378, -0.1914, -0.1626,
         -0.2894, -0.0612, -0.1526,  0.1883,  0.0217, -0.2552, -0.4331,  0.3558],
        [-0.5473,  0.2280, -0.2025, -0.3513,  0.5335, -0.0298,  0.3105,  0.2536,
          0.0864,  0.0890,  0.0934, -0.4232,  0.0012,  0.2961,  0.1650, -0.3187],
        [ 0.0970, -0.3920,  0.3459,  0.2928, -0.4225,  0.2634, -0.3223, -0.3879,
         -0.2849,  0.0113,  0.0637,  0.5230, -0.0529, -0.2735, -0.0290,  0.2268],
        [ 0.4531, -0.1840,  0.3503, -0.0614, -0.6201,  0.3541, -0.3261, -0.2175,
         -0.5737, -0.0913,  0.1942,  0.4854,  0.2696, -0.1084, -0.3753,  0.1275],
        [-0.3284,  0.3835, -0.3279, -0.1532,  0.2943, -0.0727,  0.4533,  0.3964,
          0.2247,  0.0834,  0.0055, -0.3387, -0.1707,  0.0878,  0.3035, -0.2851],
        [-0.2494,  0.3240, -0.2944, -0.2478,  0.2664, -0.4134,  0.2588,  0.4925,
          0.0454,  0.0934,  0.0213, -0.5333, -0.0073,  0.3103,  0.4125, -0.2457],
        [ 0.5549, -0.4149,  0.4000,  0.2218, -0.4234,  0.1806, -0.5619, -0.0532,
         -0.1136, -0.1609, -0.1020,  0.3098, -0.1384, -0.2734, -0.0395,  0.3710],
        [-0.2483,  0.3530, -0.1119, -0.2823,  0.3811, -0.2993,  0.4162,  0.4499,
          0.2490, -0.0404, -0.1579, -0.3524, -0.0767, -0.0015,  0.4446, -0.3196],
        [ 0.3691, -0.3643,  0.2593,  0.3131, -0.2933,  0.1096, -0.0335, -0.2961,
         -0.3305, -0.0975,  0.2395,  0.1391,  0.0189, -0.3372, -0.5994,  0.2941],
        [ 0.4972, -0.4690,  0.1788,  0.1757, -0.1628,  0.0474, -0.4883, -0.3524,
         -0.3558, -0.0174,  0.0477,  0.3183, -0.1029, -0.0966,  0.0310,  0.3813],
        [ 0.2999, -0.1668,  0.4363, -0.1100, -0.4510,  0.1609, -0.3593, -0.4511,
         -0.4936, -0.1717, -0.0969,  0.4889,  0.2624, -0.1357, -0.3050,  0.1404],
        [ 0.3742, -0.6446,  0.3072,  0.1951, -0.1104,  0.1939, -0.1660, -0.3084,
         -0.4895,  0.1180,  0.2033,  0.1223, -0.1091, -0.2073, -0.4333,  0.4967],
        [ 0.1618, -0.4081,  0.1826,  0.3866, -0.3714,  0.1885, -0.1805, -0.4536,
         -0.2592, -0.2181, -0.2907,  0.2168,  0.1401, -0.0232, -0.4944,  0.1874],
        [ 0.3907, -0.2949,  0.4371, -0.0528, -0.3182,  0.2948, -0.5577, -0.1275,
         -0.4772,  0.1015, -0.0011,  0.1848,  0.1673, -0.0631,  0.0083,  0.4653],
        [-0.5243,  0.4059, -0.1263, -0.0267,  0.4372, -0.3066,  0.5287,  0.2659,
          0.0490,  0.1166,  0.1444, -0.3699,  0.0132,  0.1069,  0.1424, -0.2710],
        [ 0.4661, -0.2991,  0.2617,  0.1185, -0.4695,  0.0501, -0.3266, -0.4801,
         -0.1380, -0.0662,  0.0390,  0.2595,  0.2242, -0.0120, -0.1409,  0.4059],
        [-0.3666,  0.4271, -0.4101, -0.0668,  0.0243, -0.2397,  0.4855,  0.3708,
          0.3963,  0.0451,  0.2349, -0.1446,  0.0338,  0.3526,  0.1191, -0.3604],
        [-0.4705,  0.3584, -0.1824, -0.2824,  0.3601, -0.0343,  0.5955,  0.1047,
          0.3384,  0.2538, -0.1734, -0.1193, -0.2108,  0.1501,  0.1353, -0.4158],
        [ 0.1312, -0.2807,  0.3581,  0.2826, -0.1678,  0.0947, -0.6156, -0.5252,
         -0.4192, -0.0841, -0.0073,  0.1208, -0.0449, -0.1232, -0.3592,  0.3218]],
       device='cuda:0', requires_grad=True)

Parameter name: road_linear_0.bias
Shape: torch.Size([32])
Values: Parameter containing:
tensor([-0.2406,  0.0754,  0.1764, -0.0864, -0.0013, -0.1018,  0.0641,  0.1069,
        -0.2141, -0.0756,  0.0275,  0.0568,  0.1147,  0.0878,  0.0097,  0.0877,
        -0.1166,  0.0662, -0.0426, -0.0951, -0.0391, -0.0005, -0.1293, -0.1310,
        -0.1255,  0.1857,  0.1145,  0.0426, -0.0785, -0.1274,  0.1399, -0.1649],
       device='cuda:0', requires_grad=True)

Parameter name: road_linear_1.weight
Shape: torch.Size([1, 32])
Values: Parameter containing:
tensor([[ 0.5332,  0.5609,  0.4902, -0.5182,  0.6183,  0.6550, -0.5081, -0.6246,
         -0.5656,  0.6661,  0.5434,  0.6765, -0.5643, -0.6286,  0.5582, -0.5465,
         -0.5392,  0.5749,  0.4982, -0.5145,  0.6179, -0.4334, -0.6269, -0.5965,
         -0.5720, -0.6424, -0.5374,  0.6277, -0.6160,  0.6245,  0.5631, -0.4792]],
       device='cuda:0', requires_grad=True)

Parameter name: linear_0.weight
Shape: torch.Size([32, 39])
Values: Parameter containing:
tensor([[ 0.2363,  0.1665, -0.0120,  ...,  0.0822, -0.1016, -0.1137],
        [-0.1293, -0.2114,  0.1758,  ..., -0.0079, -0.3832,  0.0871],
        [-0.0317,  0.1289,  0.0858,  ...,  0.1339,  0.1793,  0.0345],
        ...,
        [-0.0275, -0.1709,  0.0649,  ..., -0.1249, -0.2033, -0.1180],
        [ 0.0084, -0.1041, -0.0177,  ..., -0.1625,  0.0434,  0.1557],
        [-0.0936,  0.1318, -0.0244,  ..., -0.0623,  0.0438, -0.0509]],
       device='cuda:0', requires_grad=True)

Parameter name: linear_0.bias
Shape: torch.Size([32])
Values: Parameter containing:
tensor([ 0.0542,  0.0641, -0.1573, -0.0568, -0.0557,  0.0372, -0.1274,  0.1080,
        -0.0584,  0.1532,  0.0216, -0.0491, -0.0483,  0.0590, -0.0728, -0.0419,
         0.1028, -0.1372, -0.0461,  0.0460, -0.0807,  0.1325,  0.0995, -0.0566,
        -0.0056,  0.1160,  0.0191, -0.1333,  0.0844,  0.1808,  0.0937, -0.1366],
       device='cuda:0', requires_grad=True)

Parameter name: linear_1.weight
Shape: torch.Size([32, 32])
Values: Parameter containing:
tensor([[ 0.2008, -0.1900, -0.1076,  ..., -0.0550, -0.1178,  0.1660],
        [ 0.0181,  0.0016,  0.1438,  ..., -0.0340, -0.0394,  0.2449],
        [-0.0681, -0.0918, -0.1820,  ...,  0.0205,  0.0436,  0.0060],
        ...,
        [-0.0450,  0.0341,  0.0807,  ...,  0.1911, -0.1480,  0.1345],
        [ 0.2012, -0.1046,  0.0856,  ...,  0.0624,  0.1861,  0.0191],
        [ 0.1854, -0.0602,  0.2472,  ...,  0.0833,  0.1026,  0.1065]],
       device='cuda:0', requires_grad=True)

Parameter name: linear_1.bias
Shape: torch.Size([32])
Values: Parameter containing:
tensor([ 0.0581,  0.0245,  0.0598,  0.0216, -0.0768, -0.1290,  0.0600, -0.1820,
         0.0264, -0.0636,  0.2328, -0.1833,  0.0778,  0.1016, -0.2206, -0.0184,
        -0.0539, -0.1144, -0.0660, -0.1097,  0.0995,  0.1996, -0.1061,  0.2087,
        -0.1483, -0.0623,  0.1426, -0.1456, -0.0472, -0.0043, -0.0003, -0.0603],
       device='cuda:0', requires_grad=True)

Parameter name: linear_2.weight
Shape: torch.Size([1, 32])
Values: Parameter containing:
tensor([[ 0.3355,  0.2464, -0.3463, -0.3040,  0.2088,  0.2030, -0.2374,  0.2690,
          0.2418, -0.2463, -0.2283,  0.2249,  0.2318, -0.2031,  0.2701,  0.2193,
         -0.3260, -0.3356,  0.1943,  0.2267, -0.2906, -0.2708, -0.3409, -0.1588,
          0.3056,  0.3365, -0.3195,  0.3198, -0.2435, -0.3171,  0.3157,  0.3134]],
       device='cuda:0', requires_grad=True)

Parameter name: linear_2.bias
Shape: torch.Size([1])
Values: Parameter containing:
tensor([-0.1461], device='cuda:0', requires_grad=True)

