Parameter name: road_linear_0.weight
Shape: torch.Size([32, 16])
Values: Parameter containing:
tensor([[-3.3641e-01,  4.5425e-01, -9.1971e-03,  1.9036e-02,  2.0292e-01,
          1.7340e-01,  3.4523e-01, -7.4658e-03,  2.2332e-01,  2.6880e-01,
         -2.2216e-02, -1.7670e-01, -3.4593e-01, -3.7660e-01,  2.7610e-01,
          3.4740e-02],
        [-2.7481e-01, -1.6235e-02, -1.1668e-01,  3.2473e-02,  5.7084e-02,
          2.5332e-01,  2.1367e-01,  1.8901e-01,  4.5718e-01,  1.4510e-01,
         -6.4717e-03, -2.9868e-01, -4.1499e-02, -7.6266e-02,  4.2299e-01,
         -1.0923e-01],
        [ 9.2554e-02, -8.9360e-02,  3.8069e-01, -1.5336e-01, -1.2544e-01,
         -3.4904e-01, -7.8052e-02, -4.3963e-01, -7.4150e-03, -7.8983e-02,
          1.2011e-01, -3.0676e-02,  4.4495e-01,  3.3205e-01,  3.9935e-02,
          2.8231e-01],
        [ 2.5924e-01, -2.5064e-01,  6.7932e-02, -8.8618e-02, -8.4790e-02,
         -1.8535e-01, -1.5939e-01, -9.3712e-02, -4.3306e-01, -3.9377e-01,
          9.2743e-02,  3.6564e-01,  3.1941e-01, -1.2264e-01, -2.1386e-01,
          1.5285e-01],
        [-1.0984e-01,  4.1801e-01, -1.7251e-01,  8.6286e-03,  2.2439e-01,
          7.4706e-02,  8.0373e-02,  3.4378e-01,  1.9294e-01,  3.0112e-01,
          2.8127e-02, -1.8568e-01, -8.5527e-02, -2.6055e-01,  3.1432e-01,
         -1.8350e-01],
        [-9.6517e-04,  4.2730e-01, -3.4001e-01,  4.1523e-01,  3.6210e-01,
         -4.9235e-02,  2.6761e-01, -2.3918e-02,  2.7168e-01,  2.0559e-01,
         -3.4348e-01, -8.7321e-02, -2.6178e-01,  1.3438e-01,  3.7257e-01,
         -8.7032e-02],
        [ 3.6313e-01, -8.3734e-02,  3.9326e-01, -1.9973e-01, -9.3719e-02,
         -2.0423e-01, -1.9378e-01, -2.4783e-01, -2.8536e-01, -1.7753e-02,
          1.3101e-01,  7.1510e-02, -2.9626e-02,  2.2186e-01, -3.1628e-01,
          1.5771e-01],
        [-6.5917e-02,  5.2491e-02,  3.4477e-01, -3.6849e-01, -3.7511e-01,
         -2.9553e-01, -1.0419e-01, -2.8194e-01, -2.3160e-01, -2.1252e-01,
          7.5638e-02,  4.8335e-02,  2.8687e-01, -8.9638e-02, -1.1565e-01,
          3.5864e-01],
        [ 6.1703e-02, -1.9944e-02,  3.2090e-01, -2.9017e-01, -1.3852e-01,
         -3.5398e-01, -2.1890e-01, -1.3873e-01, -1.6056e-02, -3.2933e-01,
          1.2270e-02,  9.8315e-02, -1.9394e-02,  2.0423e-01, -4.1325e-01,
          1.2904e-01],
        [-3.1345e-01,  2.3250e-01, -1.1362e-01,  2.8763e-02,  1.4879e-01,
          1.5769e-01,  9.7486e-02,  2.7327e-01,  3.2979e-01,  1.3465e-02,
          2.7115e-02, -4.6537e-02, -3.1396e-01, -1.1904e-01,  2.3539e-01,
         -2.3522e-01],
        [-3.6206e-01,  4.0590e-01, -6.0140e-02, -5.3097e-03,  1.0369e-02,
          4.1935e-01,  2.6495e-01,  1.4320e-01,  4.0053e-01,  2.6000e-01,
         -9.1791e-02, -1.4677e-02, -2.3107e-01,  9.5781e-02,  2.1841e-02,
         -3.4934e-01],
        [-1.2642e-01,  1.5220e-01, -1.7848e-02,  1.1176e-01,  2.1337e-01,
          1.1209e-01,  3.8400e-01,  1.6513e-01,  1.9908e-01,  3.4749e-01,
          9.9854e-02,  4.9002e-02, -4.4383e-01, -2.5744e-01,  1.1279e-01,
         -2.1786e-01],
        [ 3.6090e-01, -1.3399e-01,  1.7906e-01, -2.2066e-01, -1.8655e-01,
          1.0710e-02, -1.3761e-01, -3.6798e-01, -3.9782e-01, -1.3418e-01,
          1.5273e-01,  8.3971e-02,  2.2798e-02,  2.1386e-01, -2.9223e-01,
          7.7234e-02],
        [ 2.2318e-01,  5.4304e-02,  3.7312e-01, -4.4674e-02, -3.7610e-01,
         -2.2985e-02, -8.0283e-02, -1.0069e-01, -2.8034e-01, -1.7491e-01,
         -5.5265e-03,  1.4127e-01,  1.6610e-01,  9.1051e-02, -4.0556e-01,
          2.6510e-01],
        [-3.9658e-01,  8.1213e-03, -8.1278e-02, -5.0372e-03,  4.4593e-01,
          4.1982e-01,  1.4423e-01,  1.5369e-01,  3.0001e-02,  1.9639e-01,
         -8.5717e-02, -3.4984e-01, -1.3775e-01, -1.4981e-01,  1.0444e-01,
         -1.8981e-01],
        [-2.4569e-02, -4.2280e-01,  2.3168e-01,  1.3735e-02, -3.8738e-01,
         -3.1840e-02, -2.3720e-01, -3.4630e-01, -2.5349e-01, -8.8629e-02,
          1.8801e-01,  4.6217e-01,  2.1307e-01,  5.0994e-03,  1.6492e-02,
          1.4842e-01],
        [ 2.8760e-01,  1.8905e-02,  1.7312e-01, -3.5396e-01, -3.6361e-01,
         -3.2976e-02, -8.7147e-02,  4.1016e-03, -3.5850e-01, -1.7656e-01,
          3.1752e-01,  2.8486e-01,  3.5999e-01,  2.7088e-01, -1.6400e-01,
         -4.2051e-02],
        [-2.5847e-01,  2.0262e-01, -2.1425e-01,  1.3754e-01,  1.3440e-01,
          2.8017e-01,  2.7661e-01,  2.6150e-01,  1.2208e-01,  2.6769e-01,
         -1.7123e-01, -2.2329e-01, -1.6457e-01, -1.9322e-01,  2.6504e-01,
         -1.5495e-01],
        [ 2.2086e-01, -1.8400e-01,  1.3550e-01, -3.0865e-01, -2.2582e-01,
         -3.7571e-01, -2.9588e-01,  1.8010e-02, -4.1268e-01, -1.1840e-01,
          1.7558e-01, -6.9127e-02,  2.2750e-01,  2.5961e-01,  1.2665e-02,
          1.9766e-01],
        [ 3.7055e-01, -1.8494e-01,  2.6106e-01, -1.1125e-01, -3.5578e-01,
         -2.3047e-01, -3.7441e-01,  7.8080e-03, -7.4954e-02, -2.7751e-01,
          1.0947e-01,  2.6325e-01, -2.1889e-02,  1.2255e-01, -3.0240e-02,
          2.0890e-01],
        [-1.6765e-01,  3.3572e-01, -2.6253e-02, -5.9858e-02,  3.0163e-01,
         -6.0522e-02,  3.1786e-01,  3.7625e-01,  1.9110e-01,  6.5171e-02,
         -2.8004e-01, -2.7092e-01, -2.2729e-01, -2.0358e-01,  3.7360e-01,
         -2.5854e-01],
        [-1.0533e-01, -2.0646e-04, -7.3021e-02,  4.3579e-01,  6.4315e-02,
          1.2732e-01,  3.0315e-01, -1.7340e-02,  8.2565e-02,  2.8829e-01,
          1.0198e-01, -3.1175e-01, -2.3964e-01, -4.1169e-01, -1.3670e-02,
          1.2144e-02],
        [ 3.5933e-01, -2.3270e-01,  4.1815e-02, -1.7839e-01, -2.3807e-02,
         -3.9079e-01, -3.0566e-01, -2.3657e-01, -2.7610e-01, -1.5478e-01,
          2.9699e-01,  2.2304e-01, -5.7935e-02,  3.2184e-01,  8.4295e-02,
          2.2306e-01],
        [ 2.1601e-01,  3.4112e-03,  3.0912e-01, -3.6263e-01, -2.2105e-01,
         -1.5635e-01, -1.6344e-01, -2.6358e-01, -3.2739e-01, -3.0708e-01,
          5.0897e-02,  3.2399e-01,  2.7066e-01,  1.0359e-01, -1.9301e-01,
         -9.5782e-04],
        [ 2.1026e-01, -4.4001e-01,  1.6259e-01, -1.4538e-01,  2.5693e-02,
         -2.3631e-01,  2.6501e-02, -1.7847e-01, -4.0103e-01,  5.8424e-02,
          3.7469e-01,  9.0107e-03,  7.3520e-02,  2.5615e-01, -3.3460e-01,
          3.5585e-01],
        [ 6.0819e-02, -2.7736e-01,  9.4047e-02,  4.4537e-02, -2.8494e-01,
         -2.0489e-01, -6.7122e-02, -3.6277e-01, -2.2556e-01, -3.6746e-01,
         -8.7437e-02,  1.3951e-01,  2.4222e-01,  3.4907e-01, -3.9935e-01,
          1.1407e-01],
        [ 2.0322e-01, -7.0100e-02,  2.7546e-01, -3.5271e-01, -1.9008e-01,
         -8.9212e-02, -3.5900e-01, -3.0360e-02, -3.8312e-01,  1.1367e-02,
          1.7437e-01,  8.7511e-02,  2.4401e-01,  2.9201e-01,  7.3758e-02,
          2.8915e-01],
        [-3.2582e-01,  2.7254e-01,  1.9839e-02,  2.3280e-01,  3.5506e-01,
          1.4864e-02,  3.8931e-01,  1.8800e-01, -1.5287e-02,  1.0800e-01,
          7.0282e-02, -2.8735e-01, -2.5686e-01, -2.2637e-01,  3.5235e-02,
         -1.3605e-01],
        [ 2.8734e-01, -1.0572e-01,  1.2121e-01, -1.4203e-01, -3.1328e-01,
         -2.8136e-01, -1.4409e-01, -3.4124e-01, -2.4844e-02, -1.0707e-01,
          1.3295e-01,  1.4389e-01,  3.6523e-01,  3.1289e-01,  9.9295e-04,
          2.6208e-01],
        [-2.7143e-01,  2.5961e-01, -3.0758e-01,  2.7245e-01, -4.1131e-02,
          1.3597e-01,  3.5576e-01,  3.2223e-01,  3.8589e-01,  2.3489e-01,
          2.7807e-02, -9.2204e-02,  1.1805e-02,  4.4531e-02,  1.5307e-01,
         -2.4227e-01],
        [-2.6937e-01,  1.0327e-01, -2.4412e-02,  2.7927e-02,  2.1235e-01,
          3.7712e-01,  3.7981e-01, -2.5358e-02,  2.3638e-01,  3.1631e-01,
         -3.6146e-01, -1.2631e-02, -3.2660e-01, -2.7460e-01,  2.3556e-02,
         -2.4095e-01],
        [ 4.6883e-02, -9.8688e-02,  2.4363e-01, -7.7231e-02, -6.7503e-03,
         -3.1389e-01, -4.1196e-01, -3.6579e-01, -3.0747e-01, -2.7451e-01,
          2.2285e-01, -1.3065e-02, -5.3943e-03,  2.5902e-01, -2.9280e-01,
          2.0328e-01]], device='cuda:0', requires_grad=True)

Parameter name: road_linear_0.bias
Shape: torch.Size([32])
Values: Parameter containing:
tensor([-0.1191, -0.0113,  0.0786, -0.0543, -0.0071, -0.1002,  0.0779,  0.1363,
        -0.0294, -0.0357, -0.0131,  0.0638,  0.1408,  0.0720,  0.0199,  0.1054,
        -0.0755, -0.0026,  0.0765,  0.0286, -0.0621, -0.0745, -0.0191, -0.0107,
        -0.0761,  0.1661,  0.1445,  0.0227, -0.0719, -0.1899,  0.0478, -0.0051],
       device='cuda:0', requires_grad=True)

Parameter name: road_linear_1.weight
Shape: torch.Size([1, 32])
Values: Parameter containing:
tensor([[ 0.2668,  0.3468, -0.2638, -0.2829,  0.3471,  0.3996, -0.3188, -0.4192,
         -0.3268,  0.3958,  0.2850,  0.4175, -0.2884, -0.4350,  0.3326, -0.3044,
         -0.3390,  0.3607, -0.2581, -0.2857,  0.4396,  0.3148, -0.3965, -0.4100,
         -0.3658, -0.3747, -0.3524,  0.3869, -0.3772,  0.4209,  0.3159, -0.2626]],
       device='cuda:0', requires_grad=True)

Parameter name: linear_0.weight
Shape: torch.Size([32, 39])
Values: Parameter containing:
tensor([[-0.0658,  0.1420,  0.0921,  ...,  0.1413, -0.2769, -0.1137],
        [-0.1591, -0.0058,  0.1389,  ...,  0.0721, -0.3126,  0.0871],
        [ 0.0502, -0.0720,  0.0192,  ...,  0.0516,  0.2593,  0.0345],
        ...,
        [ 0.1604, -0.1930, -0.0342,  ..., -0.1971,  0.0227, -0.1180],
        [ 0.1402, -0.2521, -0.0799,  ..., -0.2413,  0.1396,  0.1557],
        [-0.2376,  0.1951,  0.0885,  ...,  0.0642, -0.2675, -0.0509]],
       device='cuda:0', requires_grad=True)

Parameter name: linear_0.bias
Shape: torch.Size([32])
Values: Parameter containing:
tensor([ 0.0530,  0.0413, -0.0698, -0.1421, -0.0757,  0.0608, -0.1003,  0.0434,
        -0.0403,  0.0557,  0.0069,  0.0143, -0.0236,  0.0915, -0.0427,  0.0004,
         0.0476, -0.1602, -0.0326,  0.0726, -0.0656,  0.0242,  0.1166,  0.0169,
        -0.0965,  0.1089,  0.0573, -0.1218,  0.0387,  0.1764,  0.1742, -0.1183],
       device='cuda:0', requires_grad=True)

Parameter name: linear_1.weight
Shape: torch.Size([32, 32])
Values: Parameter containing:
tensor([[ 0.0765, -0.1776, -0.0917,  ...,  0.0714, -0.0215,  0.0481],
        [-0.2026, -0.0288,  0.1088,  ...,  0.1722, -0.0033,  0.0269],
        [ 0.1292, -0.0431, -0.1742,  ..., -0.1641, -0.0143,  0.2024],
        ...,
        [ 0.1297,  0.0854,  0.0801,  ...,  0.0487, -0.2168,  0.2897],
        [ 0.0135, -0.1484,  0.0441,  ...,  0.2651,  0.2260, -0.1693],
        [ 0.0039, -0.1124,  0.2165,  ...,  0.2486,  0.1469, -0.0722]],
       device='cuda:0', requires_grad=True)

Parameter name: linear_1.bias
Shape: torch.Size([32])
Values: Parameter containing:
tensor([ 0.1167,  0.1646, -0.0555, -0.1190,  0.0220, -0.0215, -0.0768, -0.0042,
         0.1612, -0.1658,  0.1144, -0.1122,  0.2005,  0.0659, -0.1150,  0.1497,
        -0.1391, -0.1730,  0.0489,  0.0360, -0.0412,  0.0794, -0.2241,  0.2036,
        -0.0131, -0.0200,  0.0730, -0.0018, -0.1645, -0.0832,  0.1413,  0.0350],
       device='cuda:0', requires_grad=True)

Parameter name: linear_2.weight
Shape: torch.Size([1, 32])
Values: Parameter containing:
tensor([[ 0.3769,  0.2955, -0.3491, -0.3511,  0.1933,  0.2126, -0.2658,  0.2267,
          0.2868, -0.3106, -0.2408,  0.2583,  0.2585,  0.2398,  0.2921,  0.2756,
         -0.3758, -0.3786,  0.2261,  0.2312, -0.3004, -0.2763, -0.3701,  0.2351,
          0.3184,  0.3796, -0.3513,  0.3392, -0.2778, -0.3673,  0.3269,  0.3596]],
       device='cuda:0', requires_grad=True)

Parameter name: linear_2.bias
Shape: torch.Size([1])
Values: Parameter containing:
tensor([0.1748], device='cuda:0', requires_grad=True)

