Parameter name: road_linear_0.weight
Shape: torch.Size([32, 16])
Values: Parameter containing:
tensor([[-3.5733e-01,  5.3643e-01,  9.9776e-03, -2.0717e-02,  3.7510e-01,
          2.5043e-01,  4.7519e-01,  1.5520e-01,  3.4174e-01,  2.0479e-01,
          7.5987e-02, -3.0577e-01, -4.7050e-01, -3.1262e-01,  3.3198e-01,
          6.6748e-02],
        [-9.6653e-02, -1.6649e-01,  8.1386e-02, -1.4439e-01,  1.3995e-01,
          2.2511e-01,  2.4681e-02,  3.7091e-01,  7.5702e-01, -6.6115e-02,
          2.8950e-01, -4.6352e-01,  6.6980e-02,  1.3197e-01,  7.4169e-01,
          8.6285e-02],
        [ 2.4560e-01, -3.0927e-01,  4.5289e-01, -1.7925e-01, -4.1462e-01,
         -4.2967e-01, -3.5857e-01, -6.4137e-01, -1.6881e-01, -1.0502e-01,
          1.8013e-01,  1.6509e-01,  7.5963e-01,  3.6893e-01, -7.2642e-02,
          3.5130e-01],
        [ 3.7373e-02, -9.2821e-02, -1.5959e-01,  1.0978e-01, -1.3412e-01,
         -1.3148e-01,  3.7278e-02, -2.6492e-01, -7.3992e-01, -1.5239e-01,
         -2.1851e-01,  4.9230e-01,  1.7673e-01, -3.6682e-01, -4.9263e-01,
         -7.0424e-02],
        [ 9.8925e-02,  2.4472e-01,  4.7794e-02, -1.8346e-01,  2.6921e-01,
          3.6013e-02, -9.1321e-02,  5.1249e-01,  4.7923e-01,  6.5524e-02,
          3.3604e-01, -2.9235e-01,  4.3366e-02, -2.7731e-02,  5.7070e-01,
          2.8822e-02],
        [-1.7644e-01,  5.9706e-01, -4.3566e-01,  4.5775e-01,  6.0500e-01,
          6.0593e-02,  5.4766e-01,  1.5911e-01,  3.7071e-01,  2.4260e-01,
         -3.5661e-01, -2.4574e-01, -5.0124e-01,  8.5432e-02,  4.0926e-01,
         -1.6592e-01],
        [ 1.6980e-01,  6.7771e-04,  1.8415e-01, -1.8514e-02, -1.8160e-01,
         -1.3823e-01, -5.4086e-02, -4.1866e-01, -5.7774e-01,  1.9625e-01,
         -1.3201e-01,  2.0458e-01, -1.0546e-01, -3.0092e-03, -5.4291e-01,
         -3.8242e-02],
        [-2.3299e-01,  8.4241e-02,  1.5022e-01, -1.9563e-01, -4.7227e-01,
         -2.1805e-01,  1.2250e-02, -4.4990e-01, -4.8946e-01, -1.5600e-02,
         -1.4652e-01,  1.9079e-01,  2.4932e-01, -2.9597e-01, -3.2672e-01,
          1.8060e-01],
        [-1.4207e-01,  1.0130e-01,  1.0174e-01, -9.5969e-02, -2.5949e-01,
         -2.8765e-01, -1.6506e-02, -3.4576e-01, -3.7458e-01, -9.9320e-02,
         -3.0684e-01,  2.9077e-01, -1.3247e-01, -2.9912e-02, -7.1849e-01,
         -8.2890e-02],
        [-1.2114e-01,  7.2363e-02,  9.4952e-02, -1.5568e-01,  2.1947e-01,
          1.1844e-01, -8.0650e-02,  4.5943e-01,  6.4795e-01, -2.0603e-01,
          3.3687e-01, -1.9618e-01, -1.9681e-01,  1.0036e-01,  5.2815e-01,
         -3.1070e-02],
        [-2.8534e-01,  4.6119e-01,  5.8866e-02, -1.2253e-01,  1.3737e-01,
          3.9060e-01,  2.5176e-01,  3.0533e-01,  5.8997e-01,  1.2806e-01,
          5.5034e-02, -1.6419e-01, -2.9116e-01,  2.3632e-01,  1.7405e-01,
         -2.3987e-01],
        [ 6.0791e-02,  6.9878e-02,  1.9040e-01, -7.4895e-02,  3.2601e-01,
          4.3132e-02,  2.1489e-01,  3.5985e-01,  5.2042e-01,  1.3008e-01,
          3.8857e-01, -1.2200e-01, -3.6709e-01, -3.1764e-02,  3.7666e-01,
         -1.9846e-02],
        [ 1.7222e-01,  4.0990e-03, -2.6933e-02, -4.1778e-02, -2.5336e-01,
          4.9338e-02, -3.7687e-03, -5.3423e-01, -6.7743e-01,  7.9477e-02,
         -1.3413e-01,  1.9450e-01, -7.6058e-02, -5.1116e-03, -5.1236e-01,
         -1.1823e-01],
        [ 2.0630e-02,  2.0975e-01,  1.5641e-01,  1.4673e-01, -4.5044e-01,
          1.6695e-02,  1.0503e-01, -2.8633e-01, -6.0177e-01,  5.2810e-02,
         -3.1943e-01,  2.9399e-01,  4.2659e-02, -1.3921e-01, -6.9765e-01,
          5.2631e-02],
        [-1.8272e-01, -1.3176e-01,  1.4046e-01, -1.9736e-01,  5.2400e-01,
          3.4962e-01, -6.2171e-02,  3.3423e-01,  3.4769e-01, -3.5078e-02,
          2.2568e-01, -5.0062e-01, -4.4192e-03,  8.8037e-02,  3.8479e-01,
          2.2482e-02],
        [-1.6737e-01, -3.0974e-01,  6.2988e-02,  1.6268e-01, -4.4680e-01,
         -1.2894e-02, -1.5270e-01, -4.9501e-01, -4.6441e-01,  9.0123e-02,
         -6.2335e-02,  5.5799e-01,  1.4700e-01, -1.7609e-01, -1.4113e-01,
         -7.3188e-03],
        [ 6.3877e-02,  1.3264e-01, -5.7436e-02, -1.4864e-01, -4.4448e-01,
          3.7026e-02,  1.0272e-01, -1.8301e-01, -6.9848e-01,  6.6227e-02,
          1.2176e-02,  4.3997e-01,  2.4255e-01,  1.5323e-02, -4.3889e-01,
         -2.6234e-01],
        [-2.6831e-01,  3.2543e-01, -1.7710e-01,  8.3067e-02,  2.8722e-01,
          2.9778e-01,  3.8886e-01,  4.0461e-01,  2.1848e-01,  1.9665e-01,
         -1.1769e-01, -3.4861e-01, -2.9720e-01, -1.2559e-01,  3.3473e-01,
         -1.1654e-01],
        [ 3.5400e-01, -4.0877e-01,  1.7693e-01, -3.0276e-01, -5.0002e-01,
         -4.3435e-01, -5.3805e-01, -1.9017e-01, -5.7613e-01, -1.2068e-01,
          2.2635e-01,  1.3350e-01,  5.3677e-01,  2.6717e-01, -1.1689e-01,
          2.4073e-01],
        [ 4.9489e-01, -3.7795e-01,  3.0853e-01, -1.2119e-01, -6.6785e-01,
         -3.0878e-01, -6.2459e-01, -2.1205e-01, -2.5062e-01, -2.6963e-01,
          1.3994e-01,  4.5614e-01,  2.4432e-01,  1.2351e-01, -1.5790e-01,
          2.4971e-01],
        [-2.7916e-02,  2.1125e-01,  1.3332e-01, -2.0764e-01,  3.2745e-01,
         -7.9313e-02,  2.4058e-01,  4.9835e-01,  3.5457e-01, -1.0570e-01,
         -2.8162e-02, -3.2483e-01, -1.4123e-01, -2.7743e-02,  4.8123e-01,
         -1.0491e-01],
        [-1.6123e-02,  3.0563e-02,  6.3506e-02,  3.0058e-01,  2.6742e-01,
          1.1786e-01,  2.4498e-01,  1.9841e-01,  3.6890e-01,  1.3650e-01,
          3.1340e-01, -5.1566e-01, -3.0105e-01, -2.5247e-01,  2.1935e-01,
          1.3941e-01],
        [ 4.7953e-01, -4.3876e-01,  8.2476e-02, -1.7958e-01, -3.0115e-01,
         -4.4749e-01, -5.4297e-01, -4.3477e-01, -4.3245e-01, -1.5186e-01,
          3.3976e-01,  4.0961e-01,  2.1730e-01,  3.2540e-01, -3.4746e-02,
          2.6251e-01],
        [-1.4844e-02,  1.1126e-01,  7.6067e-02, -1.6055e-01, -2.7544e-01,
         -7.2140e-02,  2.0465e-02, -4.2724e-01, -6.0838e-01, -6.0946e-02,
         -2.2201e-01,  4.4287e-01,  1.5108e-01, -1.4720e-01, -4.3711e-01,
         -2.2037e-01],
        [ 1.0906e-02, -3.1528e-01, -5.0697e-02,  4.2731e-02, -5.0090e-02,
         -1.7889e-01,  1.8979e-01, -3.5823e-01, -7.3781e-01,  2.7934e-01,
          7.0792e-02,  1.5313e-01, -3.5787e-02,  2.5938e-02, -5.9741e-01,
          1.4873e-01],
        [-1.5704e-01, -8.6051e-02, -1.3581e-01,  2.4422e-01, -2.9059e-01,
         -1.5925e-01,  1.0935e-01, -5.0253e-01, -4.7806e-01, -1.2675e-01,
         -3.9785e-01,  1.9491e-01,  9.3117e-02,  1.1053e-01, -6.3586e-01,
         -1.0396e-01],
        [ 4.6273e-01, -2.9255e-01,  4.1827e-01, -4.3012e-01, -5.4129e-01,
         -2.1770e-01, -7.4103e-01, -2.8681e-01, -5.9996e-01, -7.0904e-02,
          2.8964e-01,  3.1531e-01,  6.2008e-01,  4.0218e-01, -7.0405e-02,
          4.3493e-01],
        [-2.0206e-01,  2.4450e-01,  1.7875e-01,  8.6077e-02,  4.7319e-01,
         -1.3360e-02,  3.0753e-01,  3.6226e-01,  2.0881e-01, -6.2107e-02,
          2.9206e-01, -4.3740e-01, -2.4796e-01, -4.9906e-02,  2.2497e-01,
          1.2618e-02],
        [ 1.9874e-01, -1.6466e-01, -9.5208e-03, -1.4266e-02, -4.3199e-01,
         -2.3682e-01, -1.0544e-01, -4.9975e-01, -2.0786e-01,  3.2324e-02,
         -1.7535e-02,  2.9292e-01,  4.1399e-01,  1.6065e-01, -1.6114e-01,
          1.4508e-01],
        [-4.1495e-01,  4.3335e-01, -3.7430e-01,  3.0063e-01,  2.1674e-01,
          2.2508e-01,  6.1991e-01,  5.0139e-01,  5.1303e-01,  2.4839e-01,
         -2.2304e-04, -2.5316e-01, -2.3268e-01,  1.5786e-02,  2.1918e-01,
         -2.9778e-01],
        [-3.8026e-01,  3.1747e-01, -6.2563e-02,  2.2704e-02,  5.0001e-01,
          4.4166e-01,  6.0346e-01,  1.9001e-01,  4.1253e-01,  3.0718e-01,
         -3.9831e-01, -2.1257e-01, -6.2400e-01, -2.7062e-01,  1.5697e-01,
         -2.7632e-01],
        [-1.4942e-01, -2.5844e-02,  3.1053e-02,  1.0927e-01, -8.5761e-02,
         -2.3002e-01, -2.6179e-01, -5.4051e-01, -5.9718e-01, -5.5176e-02,
         -3.1949e-02,  1.2551e-01, -8.2846e-02,  3.0487e-02, -5.2699e-01,
          6.1586e-03]], device='cuda:0', requires_grad=True)

Parameter name: road_linear_0.bias
Shape: torch.Size([32])
Values: Parameter containing:
tensor([-0.1253,  0.1362,  0.2105, -0.2164,  0.1849, -0.1712, -0.0263,  0.1444,
        -0.1384,  0.1301, -0.0951,  0.1088, -0.0516, -0.0858,  0.1600, -0.0377,
        -0.1739, -0.1024,  0.2318,  0.1290,  0.0915, -0.1250,  0.1127, -0.1183,
        -0.2104, -0.0337,  0.2384,  0.0294,  0.0404, -0.2608, -0.0963, -0.0607],
       device='cuda:0', requires_grad=True)

Parameter name: road_linear_1.weight
Shape: torch.Size([1, 32])
Values: Parameter containing:
tensor([[ 0.5734,  0.7345, -0.5376, -0.6386,  0.7068,  0.6880, -0.6572, -0.7165,
         -0.6661,  0.7717,  0.5641,  0.7405, -0.6595, -0.8221,  0.6664, -0.6252,
         -0.6833,  0.6400, -0.5005, -0.5294,  0.7839,  0.5501, -0.6448, -0.7442,
         -0.7167, -0.7368, -0.6197,  0.6778, -0.6458,  0.7083,  0.5539, -0.5752]],
       device='cuda:0', requires_grad=True)

Parameter name: linear_0.weight
Shape: torch.Size([32, 39])
Values: Parameter containing:
tensor([[-0.0293,  0.1168,  0.0537,  ...,  0.2018, -0.7360, -0.1137],
        [-0.1423, -0.0320,  0.1433,  ...,  0.0511, -0.6340,  0.0871],
        [ 0.0304, -0.0420,  0.0191,  ...,  0.0666,  0.6808,  0.0345],
        ...,
        [ 0.1396, -0.1546, -0.0427,  ..., -0.1681,  0.3364, -0.1180],
        [ 0.1121, -0.2147, -0.0736,  ..., -0.2320,  0.5113,  0.1557],
        [-0.2274,  0.2047,  0.0697,  ...,  0.0866, -0.6425, -0.0509]],
       device='cuda:0', requires_grad=True)

Parameter name: linear_0.bias
Shape: torch.Size([32])
Values: Parameter containing:
tensor([ 0.0877,  0.0250, -0.0586, -0.1309, -0.0876,  0.0434, -0.0817,  0.0696,
        -0.0417,  0.0475,  0.0521,  0.0110, -0.0240,  0.1092, -0.0185, -0.0179,
         0.0583, -0.1674,  0.0004,  0.0956, -0.0991, -0.0093,  0.1208,  0.0660,
        -0.1076,  0.1144,  0.0639, -0.1640,  0.0481,  0.1994,  0.1804, -0.1006],
       device='cuda:0', requires_grad=True)

Parameter name: linear_1.weight
Shape: torch.Size([32, 32])
Values: Parameter containing:
tensor([[ 0.1031, -0.2261,  0.0164,  ...,  0.1190, -0.0051,  0.0817],
        [-0.1821, -0.0679,  0.2169,  ...,  0.2129,  0.0080,  0.0517],
        [ 0.1412, -0.0384, -0.2366,  ..., -0.1711, -0.0052,  0.2212],
        ...,
        [ 0.1547,  0.0828,  0.0269,  ...,  0.0511, -0.2348,  0.3730],
        [ 0.0640, -0.2401,  0.1733,  ...,  0.3491,  0.2765, -0.1066],
        [ 0.0228, -0.1419,  0.2981,  ...,  0.2800,  0.1454, -0.0426]],
       device='cuda:0', requires_grad=True)

Parameter name: linear_1.bias
Shape: torch.Size([32])
Values: Parameter containing:
tensor([ 0.1631,  0.2024, -0.0602, -0.1702,  0.0416,  0.0010, -0.1040,  0.0802,
         0.2323, -0.1699,  0.1386, -0.1223,  0.2586,  0.0697, -0.0483,  0.2328,
         0.0824, -0.1989,  0.0617,  0.0818, -0.0995,  0.0619, -0.2284,  0.2368,
         0.0202, -0.0273,  0.0901, -0.0039, -0.2087, -0.0712,  0.2226,  0.0678],
       device='cuda:0', requires_grad=True)

Parameter name: linear_2.weight
Shape: torch.Size([1, 32])
Values: Parameter containing:
tensor([[ 1.2462,  1.1787, -1.2677, -1.2092,  1.1054,  1.1165, -1.1666,  1.0531,
          1.1218, -1.2352, -1.1277,  1.1069,  1.1126,  1.1544,  1.1274,  1.0988,
         -1.2196, -1.2690,  1.1386,  1.1006, -1.1550, -1.1824, -1.2948,  1.1237,
          1.2101,  1.2433, -1.2615,  1.2487, -1.1538, -1.2778,  1.1476,  1.2407]],
       device='cuda:0', requires_grad=True)

Parameter name: linear_2.bias
Shape: torch.Size([1])
Values: Parameter containing:
tensor([0.9730], device='cuda:0', requires_grad=True)

