Parameter name: road_linear_0.weight
Shape: torch.Size([32, 16])
Values: Parameter containing:
tensor([[-2.8252e-01,  4.5560e-01,  6.7494e-02, -5.1362e-02,  2.5279e-01,
          1.6062e-01,  3.5739e-01,  5.6425e-02,  2.9456e-01,  1.8800e-01,
          5.1540e-02, -2.1449e-01, -3.8222e-01, -3.1695e-01,  3.4778e-01,
          1.0403e-01],
        [-1.7251e-01, -7.5396e-02, -1.3427e-02, -6.0227e-02,  5.6901e-02,
          2.2418e-01,  1.4008e-01,  2.0080e-01,  4.7928e-01,  3.8676e-02,
          1.3290e-01, -2.7783e-01,  1.9699e-03,  2.5167e-02,  5.0313e-01,
         -4.3199e-03],
        [ 3.8082e-02, -1.1705e-01,  3.0937e-01, -8.9895e-02, -1.9011e-01,
         -3.1512e-01, -9.9112e-02, -5.0641e-01, -9.3374e-02, -5.8973e-03,
          7.8702e-02,  1.6841e-02,  4.9261e-01,  2.7238e-01, -4.0244e-02,
          2.1939e-01],
        [ 1.5948e-01, -2.3079e-01, -3.3241e-02,  4.9508e-04, -1.0819e-01,
         -1.5349e-01, -1.1276e-01, -1.3045e-01, -4.7802e-01, -2.9004e-01,
         -1.7034e-02,  3.6871e-01,  3.0652e-01, -2.1956e-01, -2.8558e-01,
          5.1377e-02],
        [-2.9549e-02,  3.9671e-01, -8.0703e-02, -7.4997e-02,  2.5682e-01,
          5.4672e-02,  5.6844e-02,  3.9511e-01,  2.4431e-01,  2.0632e-01,
          1.3279e-01, -2.0151e-01, -9.0832e-02, -1.8091e-01,  3.8713e-01,
         -9.4820e-02],
        [ 1.3028e-02,  4.3787e-01, -2.8924e-01,  3.6164e-01,  4.2244e-01,
         -4.9736e-02,  3.0719e-01,  4.4819e-02,  3.4865e-01,  1.4683e-01,
         -2.9284e-01, -1.3809e-01, -3.1113e-01,  1.6599e-01,  4.3913e-01,
         -4.2380e-02],
        [ 2.8405e-01, -8.8744e-02,  3.0528e-01, -1.2293e-01, -1.3908e-01,
         -1.7491e-01, -1.8307e-01, -3.0141e-01, -3.5364e-01,  7.1854e-02,
          5.4801e-02,  9.9721e-02, -7.1348e-03,  1.4436e-01, -3.8933e-01,
          7.4309e-02],
        [-1.4337e-01,  4.0191e-02,  2.5897e-01, -2.9297e-01, -4.2700e-01,
         -2.6399e-01, -9.7215e-02, -3.3802e-01, -3.0365e-01, -1.2350e-01,
          8.4014e-03,  8.0290e-02,  3.1370e-01, -1.6544e-01, -1.9009e-01,
          2.7713e-01],
        [-2.8501e-02,  1.2331e-04,  2.2818e-01, -2.0693e-01, -1.8022e-01,
         -3.2100e-01, -1.6611e-01, -1.8228e-01, -8.2063e-02, -2.3243e-01,
         -1.0941e-01,  1.1890e-01, -2.9751e-02,  1.1274e-01, -4.9755e-01,
          3.4293e-02],
        [-2.2529e-01,  1.9584e-01, -1.9555e-02, -5.5984e-02,  1.7277e-01,
          1.3325e-01,  5.4086e-02,  3.1244e-01,  3.7999e-01, -8.2949e-02,
          1.5377e-01, -5.4725e-02, -3.0244e-01, -3.1205e-02,  3.1443e-01,
         -1.4019e-01],
        [-2.8901e-01,  4.2132e-01,  2.1193e-02, -7.8092e-02,  6.7857e-02,
          3.8631e-01,  2.6111e-01,  2.0300e-01,  4.7927e-01,  1.7523e-01,
         -2.3062e-02, -5.1877e-02, -2.6290e-01,  1.6961e-01,  1.0085e-01,
         -2.7113e-01],
        [-3.9075e-02,  1.4515e-01,  7.3874e-02,  2.9066e-02,  2.6379e-01,
          8.0623e-02,  3.4607e-01,  2.1752e-01,  2.7240e-01,  2.5273e-01,
          2.0873e-01,  2.1668e-02, -4.5066e-01, -1.6743e-01,  1.9515e-01,
         -1.2480e-01],
        [ 3.0024e-01, -1.2710e-01,  9.9924e-02, -1.4822e-01, -2.3016e-01,
          2.3826e-02, -1.4011e-01, -4.2737e-01, -4.6194e-01, -5.2689e-02,
          6.8797e-02,  1.1452e-01,  4.9177e-02,  1.5165e-01, -3.6194e-01,
          3.8986e-03],
        [ 1.2966e-01,  8.7061e-02,  2.7539e-01,  4.3171e-02, -3.9742e-01,
          2.9563e-03, -3.5327e-02, -1.3763e-01, -3.2858e-01, -7.4096e-02,
         -1.2811e-01,  1.4585e-01,  1.5241e-01, -1.6798e-03, -4.7956e-01,
          1.6591e-01],
        [-2.9735e-01, -1.5483e-02,  1.7437e-02, -9.1228e-02,  4.7514e-01,
          3.8437e-01,  8.3563e-02,  1.9081e-01,  8.2357e-02,  9.5602e-02,
          3.3958e-02, -3.5844e-01, -1.1848e-01, -5.2188e-02,  1.8473e-01,
         -9.1908e-02],
        [-7.6301e-02, -4.1369e-01,  1.5714e-01,  8.2327e-02, -4.3651e-01,
         -2.6459e-02, -2.4569e-01, -4.1244e-01, -3.1952e-01, -1.0821e-02,
          1.0546e-01,  4.9926e-01,  2.4500e-01, -5.0489e-02, -5.6083e-02,
          8.2980e-02],
        [ 1.9281e-01,  2.1936e-02,  7.9511e-02, -2.6893e-01, -4.0093e-01,
          1.7128e-04, -5.3395e-02, -4.0648e-02, -4.1762e-01, -7.7609e-02,
          2.2313e-01,  3.0318e-01,  3.6241e-01,  1.7492e-01, -2.3628e-01,
         -1.3420e-01],
        [-1.8941e-01,  2.2034e-01, -1.3189e-01,  6.5217e-02,  1.8359e-01,
          2.4803e-01,  2.8142e-01,  3.1923e-01,  1.8630e-01,  1.8226e-01,
         -1.2258e-01, -2.5481e-01, -1.9549e-01, -1.2621e-01,  3.3553e-01,
         -8.2140e-02],
        [ 1.6322e-01, -2.1154e-01,  6.1432e-02, -2.3998e-01, -2.8868e-01,
         -3.4066e-01, -3.1283e-01, -4.6612e-02, -4.9693e-01, -4.1291e-02,
          1.3284e-01, -2.3587e-02,  2.6993e-01,  1.9143e-01, -6.6248e-02,
          1.2767e-01],
        [ 3.1486e-01, -2.1124e-01,  1.8543e-01, -4.3225e-02, -4.2141e-01,
         -1.9941e-01, -3.9349e-01, -5.8490e-02, -1.5612e-01, -1.9795e-01,
          6.5661e-02,  3.0866e-01,  2.0310e-02,  6.0526e-02, -1.0875e-01,
          1.3894e-01],
        [-1.1919e-01,  3.2129e-01,  4.3423e-02, -1.3095e-01,  3.4122e-01,
         -6.1070e-02,  3.2814e-01,  4.4010e-01,  2.4791e-01, -9.4586e-03,
         -1.9242e-01, -3.0046e-01, -2.5407e-01, -1.5047e-01,  4.3808e-01,
         -1.9378e-01],
        [-4.1079e-02,  3.2398e-03,  2.0755e-03,  3.6510e-01,  1.3580e-01,
          1.0123e-01,  2.8590e-01,  4.7024e-02,  1.7332e-01,  2.0638e-01,
          2.0063e-01, -3.5866e-01, -2.6792e-01, -3.4250e-01,  7.7238e-02,
          8.7870e-02],
        [ 3.0318e-01, -2.6206e-01, -3.0781e-02, -1.1245e-01, -8.7820e-02,
         -3.5558e-01, -3.2435e-01, -3.0178e-01, -3.5831e-01, -7.9753e-02,
          2.5856e-01,  2.6812e-01, -1.4710e-02,  2.5922e-01,  5.1457e-03,
          1.5674e-01],
        [ 1.2088e-01, -1.9110e-03,  2.1326e-01, -2.7847e-01, -2.5551e-01,
         -1.1917e-01, -1.3633e-01, -3.0752e-01, -3.7437e-01, -2.0691e-01,
         -1.8779e-02,  3.3778e-01,  2.7699e-01,  1.4247e-02, -2.5996e-01,
         -9.0658e-02],
        [ 1.3408e-01, -4.3562e-01,  7.8480e-02, -6.9436e-02, -1.6917e-02,
         -2.1039e-01,  4.3050e-02, -2.2893e-01, -4.7109e-01,  1.4465e-01,
          2.7623e-01,  3.6053e-02,  8.7948e-02,  1.7835e-01, -4.0938e-01,
          2.7102e-01],
        [-1.8771e-02, -2.5206e-01,  1.5704e-03,  1.2957e-01, -3.0933e-01,
         -1.8733e-01, -4.6676e-02, -4.1255e-01, -2.6783e-01, -2.7425e-01,
         -1.9169e-01,  1.4927e-01,  2.4455e-01,  2.7070e-01, -4.6736e-01,
          2.6826e-02],
        [ 1.8683e-01, -1.0385e-01,  2.2148e-01, -2.9880e-01, -2.5709e-01,
         -6.3450e-02, -4.0606e-01, -1.0070e-01, -4.7113e-01,  6.9756e-02,
          1.5324e-01,  1.4080e-01,  2.9990e-01,  2.5536e-01, -1.8831e-03,
          2.4440e-01],
        [-2.4994e-01,  2.6774e-01,  1.0708e-01,  1.5410e-01,  4.0818e-01,
         -7.8172e-03,  3.7141e-01,  2.4647e-01,  5.6650e-02,  1.6137e-02,
          1.6393e-01, -3.1889e-01, -2.7788e-01, -1.4921e-01,  1.1430e-01,
         -5.0191e-02],
        [ 2.0072e-01, -1.1730e-01,  3.2885e-02, -6.3775e-02, -3.6337e-01,
         -2.4370e-01, -1.2327e-01, -3.9516e-01, -9.3279e-02, -1.6177e-02,
          5.9130e-02,  1.7247e-01,  3.8396e-01,  2.2651e-01, -7.6075e-02,
          1.7764e-01],
        [-2.4468e-01,  2.8078e-01, -2.4715e-01,  2.1643e-01,  2.1846e-02,
          1.2004e-01,  3.9334e-01,  3.9070e-01,  4.6705e-01,  1.6989e-01,
          6.4433e-02, -1.4007e-01, -3.9898e-02,  8.1454e-02,  2.2547e-01,
         -1.9106e-01],
        [-2.0031e-01,  1.3003e-01,  5.4674e-02, -4.3753e-02,  2.7348e-01,
          3.3719e-01,  3.8438e-01,  3.7697e-02,  3.1729e-01,  2.3562e-01,
         -3.1261e-01, -5.4799e-02, -3.6256e-01, -1.9728e-01,  1.0365e-01,
         -1.6544e-01],
        [-3.8160e-02, -1.0754e-01,  1.5390e-01,  1.9478e-03, -5.2533e-02,
         -2.7851e-01, -3.9579e-01, -4.2017e-01, -3.7266e-01, -1.8186e-01,
          1.4968e-01,  1.3711e-02,  1.3850e-02,  1.7599e-01, -3.6737e-01,
          1.1863e-01]], device='cuda:0', requires_grad=True)

Parameter name: road_linear_0.bias
Shape: torch.Size([32])
Values: Parameter containing:
tensor([-0.1115,  0.0306,  0.1005, -0.0639,  0.0117, -0.0940,  0.0828,  0.1473,
        -0.0368, -0.0085, -0.0267,  0.0646,  0.1274,  0.0505,  0.0289,  0.0843,
        -0.0737, -0.0178,  0.0992,  0.0481, -0.0373, -0.0761,  0.0050, -0.0012,
        -0.0786,  0.1418,  0.1677,  0.0285, -0.0581, -0.1983,  0.0231,  0.0060],
       device='cuda:0', requires_grad=True)

Parameter name: road_linear_1.weight
Shape: torch.Size([1, 32])
Values: Parameter containing:
tensor([[ 0.3034,  0.4089, -0.2679, -0.3142,  0.3897,  0.4262, -0.3393, -0.4310,
         -0.3413,  0.4437,  0.2964,  0.4408, -0.3248, -0.4745,  0.3537, -0.3455,
         -0.3573,  0.3800, -0.2593, -0.2879,  0.4913,  0.3189, -0.3962, -0.4290,
         -0.3887, -0.4262, -0.3568,  0.4156, -0.3883,  0.4407,  0.3156, -0.2824]],
       device='cuda:0', requires_grad=True)

Parameter name: linear_0.weight
Shape: torch.Size([32, 39])
Values: Parameter containing:
tensor([[-0.0449,  0.1200,  0.0750,  ...,  0.1384, -0.2030, -0.1137],
        [-0.1445, -0.0240,  0.1357,  ...,  0.0584, -0.2460,  0.0871],
        [ 0.0342, -0.0531,  0.0260,  ...,  0.0638,  0.1874,  0.0345],
        ...,
        [ 0.1442, -0.1726, -0.0322,  ..., -0.1813, -0.0393, -0.1180],
        [ 0.1247, -0.2329, -0.0760,  ..., -0.2284,  0.0776,  0.1557],
        [-0.2223,  0.1787,  0.0770,  ...,  0.0575, -0.1944, -0.0509]],
       device='cuda:0', requires_grad=True)

Parameter name: linear_0.bias
Shape: torch.Size([32])
Values: Parameter containing:
tensor([ 0.0660,  0.0359, -0.0690, -0.1402, -0.0772,  0.0521, -0.0933,  0.0585,
        -0.0390,  0.0498,  0.0276,  0.0157, -0.0198,  0.0984, -0.0340, -0.0103,
         0.0477, -0.1605, -0.0180,  0.0781, -0.0784,  0.0140,  0.1127,  0.0311,
        -0.1021,  0.1060,  0.0523, -0.1285,  0.0416,  0.1845,  0.1790, -0.1110],
       device='cuda:0', requires_grad=True)

Parameter name: linear_1.weight
Shape: torch.Size([32, 32])
Values: Parameter containing:
tensor([[ 0.0854, -0.1901, -0.0841,  ...,  0.0857, -0.0216,  0.0583],
        [-0.1998, -0.0352,  0.1222,  ...,  0.1820, -0.0064,  0.0299],
        [ 0.1290, -0.0407, -0.1887,  ..., -0.1714, -0.0093,  0.2024],
        ...,
        [ 0.1392,  0.0736,  0.0687,  ...,  0.0524, -0.2025,  0.2999],
        [ 0.0308, -0.1762,  0.0432,  ...,  0.2907,  0.2354, -0.1495],
        [ 0.0093, -0.1191,  0.2263,  ...,  0.2580,  0.1436, -0.0665]],
       device='cuda:0', requires_grad=True)

Parameter name: linear_1.bias
Shape: torch.Size([32])
Values: Parameter containing:
tensor([ 0.1318,  0.1737, -0.0615, -0.1379,  0.0260, -0.0218, -0.0847,  0.0232,
         0.1852, -0.1664,  0.1380, -0.1498,  0.2189,  0.0587, -0.0937,  0.1786,
        -0.0901, -0.1788,  0.0571,  0.0511, -0.0606,  0.0736, -0.2247,  0.2128,
        -0.0055, -0.0575,  0.0864,  0.0102, -0.1770, -0.0771,  0.1678,  0.0449],
       device='cuda:0', requires_grad=True)

Parameter name: linear_2.weight
Shape: torch.Size([1, 32])
Values: Parameter containing:
tensor([[ 0.5648,  0.4852, -0.5404, -0.5363,  0.3849,  0.4019, -0.4566,  0.4019,
          0.4642, -0.5007, -0.4226,  0.4413,  0.4395,  0.4270,  0.4705,  0.4502,
         -0.5577, -0.5668,  0.4169,  0.4186, -0.4847, -0.4669, -0.5624,  0.4248,
          0.5096,  0.5617, -0.5376,  0.5269, -0.4665, -0.5550,  0.5004,  0.5484]],
       device='cuda:0', requires_grad=True)

Parameter name: linear_2.bias
Shape: torch.Size([1])
Values: Parameter containing:
tensor([0.3358], device='cuda:0', requires_grad=True)

