Parameter name: road_linear_0.weight
Shape: torch.Size([32, 16])
Values: Parameter containing:
tensor([[-0.2891,  0.4657,  0.0611, -0.0442,  0.2461,  0.1528,  0.3577,  0.0504,
          0.2786,  0.1985,  0.0292, -0.2104, -0.3824, -0.3231,  0.3389,  0.0991],
        [-0.1837, -0.0529, -0.0228, -0.0529,  0.0561,  0.2232,  0.1507,  0.2019,
          0.4643,  0.0499,  0.1084, -0.2780, -0.0120,  0.0150,  0.4868, -0.0137],
        [ 0.0380, -0.1202,  0.3106, -0.0911, -0.1784, -0.3113, -0.0911, -0.4987,
         -0.0739, -0.0084,  0.0948,  0.0089,  0.4886,  0.2740, -0.0310,  0.2187],
        [ 0.1729, -0.2479, -0.0233, -0.0072, -0.1083, -0.1518, -0.1239, -0.1303,
         -0.4658, -0.3030,  0.0120,  0.3702,  0.3220, -0.2082, -0.2765,  0.0607],
        [-0.0424,  0.4147, -0.0909, -0.0658,  0.2571,  0.0502,  0.0666,  0.3935,
          0.2331,  0.2201,  0.1047, -0.2030, -0.1017, -0.1919,  0.3780, -0.1044],
        [ 0.0130,  0.4476, -0.2895,  0.3652,  0.4149, -0.0633,  0.3010,  0.0391,
          0.3323,  0.1514, -0.3124, -0.1341, -0.3069,  0.1653,  0.4322, -0.0422],
        [ 0.2952, -0.0989,  0.3126, -0.1289, -0.1331, -0.1712, -0.1885, -0.2975,
         -0.3385,  0.0615,  0.0805,  0.0966, -0.0017,  0.1533, -0.3811,  0.0807],
        [-0.1339,  0.0316,  0.2645, -0.2971, -0.4196, -0.2600, -0.1003, -0.3338,
         -0.2874, -0.1320,  0.0327,  0.0763,  0.3171, -0.1581, -0.1823,  0.2817],
        [-0.0190, -0.0153,  0.2349, -0.2112, -0.1697, -0.3192, -0.1743, -0.1784,
         -0.0571, -0.2408, -0.0798,  0.1126, -0.0165,  0.1214, -0.4854,  0.0407],
        [-0.2360,  0.2145, -0.0284, -0.0484,  0.1687,  0.1307,  0.0628,  0.3091,
          0.3624, -0.0718,  0.1269, -0.0521, -0.3139, -0.0409,  0.3011, -0.1490],
        [-0.2946,  0.4277,  0.0170, -0.0749,  0.0574,  0.3832,  0.2606,  0.1967,
          0.4597,  0.1815, -0.0452, -0.0452, -0.2635,  0.1644,  0.0915, -0.2742],
        [-0.0470,  0.1567,  0.0680,  0.0330,  0.2520,  0.0783,  0.3511,  0.2120,
          0.2483,  0.2604,  0.1802,  0.0285, -0.4586, -0.1750,  0.1839, -0.1300],
        [ 0.3113, -0.1409,  0.1080, -0.1567, -0.2265,  0.0316, -0.1449, -0.4236,
         -0.4488, -0.0647,  0.0952,  0.1132,  0.0536,  0.1602, -0.3538,  0.0115],
        [ 0.1427,  0.0668,  0.2851,  0.0353, -0.3971,  0.0060, -0.0465, -0.1373,
         -0.3140, -0.0866, -0.0979,  0.1470,  0.1678,  0.0096, -0.4689,  0.1754],
        [-0.3072, -0.0008,  0.0100, -0.0861,  0.4677,  0.3833,  0.0918,  0.1872,
          0.0604,  0.1049,  0.0069, -0.3535, -0.1309, -0.0610,  0.1728, -0.0989],
        [-0.0686, -0.4276,  0.1641,  0.0737, -0.4315, -0.0157, -0.2477, -0.4068,
         -0.3045, -0.0222,  0.1300,  0.4964,  0.2460, -0.0438, -0.0468,  0.0892],
        [ 0.2064,  0.0094,  0.0884, -0.2753, -0.3963,  0.0026, -0.0629, -0.0383,
         -0.4028, -0.0893,  0.2530,  0.3015,  0.3742,  0.1864, -0.2281, -0.1263],
        [-0.1976,  0.2272, -0.1378,  0.0701,  0.1777,  0.2449,  0.2826,  0.3147,
          0.1736,  0.1917, -0.1423, -0.2515, -0.1977, -0.1327,  0.3287, -0.0863],
        [ 0.1652, -0.2155,  0.0631, -0.2410, -0.2779, -0.3370, -0.3063, -0.0399,
         -0.4790, -0.0439,  0.1506, -0.0305,  0.2681,  0.1948, -0.0578,  0.1276],
        [ 0.3165, -0.2170,  0.1861, -0.0436, -0.4116, -0.1933, -0.3873, -0.0528,
         -0.1385, -0.2009,  0.0844,  0.3029,  0.0183,  0.0627, -0.1011,  0.1383],
        [-0.1280,  0.3348,  0.0352, -0.1207,  0.3385, -0.0697,  0.3307,  0.4352,
          0.2363,  0.0025, -0.2154, -0.2994, -0.2564, -0.1577,  0.4304, -0.2016],
        [-0.0451,  0.0126, -0.0010,  0.3671,  0.1184,  0.0960,  0.2852,  0.0389,
          0.1444,  0.2110,  0.1718, -0.3483, -0.2679, -0.3469,  0.0647,  0.0852],
        [ 0.3040, -0.2659, -0.0298, -0.1132, -0.0773, -0.3516, -0.3172, -0.2951,
         -0.3407, -0.0821,  0.2751,  0.2613, -0.0173,  0.2613,  0.0133,  0.1561],
        [ 0.1358, -0.0127,  0.2228, -0.2852, -0.2539, -0.1179, -0.1464, -0.3063,
         -0.3655, -0.2201,  0.0070,  0.3381,  0.2873,  0.0258, -0.2542, -0.0826],
        [ 0.1447, -0.4477,  0.0860, -0.0758, -0.0101, -0.2071,  0.0370, -0.2247,
         -0.4538,  0.1346,  0.3041,  0.0322,  0.0964,  0.1874, -0.3996,  0.2781],
        [-0.0046, -0.2696,  0.0137,  0.1178, -0.3116, -0.1840, -0.0569, -0.4109,
         -0.2601, -0.2900, -0.1651,  0.1521,  0.2555,  0.2829, -0.4588,  0.0384],
        [ 0.1804, -0.1079,  0.2173, -0.2975, -0.2468, -0.0549, -0.3934, -0.0938,
         -0.4536,  0.0722,  0.1669,  0.1343,  0.2945,  0.2517,  0.0056,  0.2388],
        [-0.2577,  0.2804,  0.1015,  0.1589,  0.3995, -0.0140,  0.3753,  0.2415,
          0.0366,  0.0251,  0.1364, -0.3142, -0.2818, -0.1561,  0.1042, -0.0552],
        [ 0.2088, -0.1241,  0.0385, -0.0674, -0.3543, -0.2422, -0.1262, -0.3898,
         -0.0755, -0.0237,  0.0823,  0.1669,  0.3879,  0.2339, -0.0673,  0.1819],
        [-0.2448,  0.2881, -0.2469,  0.2184,  0.0131,  0.1095,  0.3861,  0.3848,
          0.4501,  0.1733,  0.0463, -0.1350, -0.0354,  0.0809,  0.2181, -0.1901],
        [-0.2035,  0.1333,  0.0519, -0.0425,  0.2624,  0.3357,  0.3799,  0.0308,
          0.2994,  0.2389, -0.3305, -0.0475, -0.3622, -0.2020,  0.0951, -0.1663],
        [-0.0272, -0.1163,  0.1614, -0.0035, -0.0466, -0.2772, -0.4020, -0.4163,
         -0.3586, -0.1921,  0.1739,  0.0105,  0.0206,  0.1853, -0.3593,  0.1247]],
       device='cuda:0', requires_grad=True)

Parameter name: road_linear_0.bias
Shape: torch.Size([32])
Values: Parameter containing:
tensor([-0.1252,  0.0087,  0.1079, -0.0474, -0.0066, -0.1093,  0.0954,  0.1589,
        -0.0213, -0.0275, -0.0364,  0.0514,  0.1447,  0.0701,  0.0143,  0.1031,
        -0.0598, -0.0271,  0.1074,  0.0583, -0.0532, -0.0899,  0.0129,  0.0104,
        -0.0645,  0.1592,  0.1771,  0.0127, -0.0489, -0.2113,  0.0164,  0.0163],
       device='cuda:0', requires_grad=True)

Parameter name: road_linear_1.weight
Shape: torch.Size([1, 32])
Values: Parameter containing:
tensor([[ 0.2815,  0.3747, -0.2524, -0.2896,  0.3638,  0.4080, -0.3193, -0.4130,
         -0.3210,  0.4159,  0.2787,  0.4193, -0.3026, -0.4478,  0.3318, -0.3240,
         -0.3369,  0.3601, -0.2445, -0.2717,  0.4689,  0.3023, -0.3807, -0.4079,
         -0.3684, -0.3999, -0.3413,  0.3933, -0.3702,  0.4220,  0.3009, -0.2620]],
       device='cuda:0', requires_grad=True)

Parameter name: linear_0.weight
Shape: torch.Size([32, 39])
Values: Parameter containing:
tensor([[-0.0551,  0.1314,  0.0817,  ...,  0.1371, -0.2225, -0.1137],
        [-0.1506, -0.0156,  0.1366,  ...,  0.0620, -0.2674,  0.0871],
        [ 0.0413, -0.0622,  0.0238,  ...,  0.0612,  0.2071,  0.0345],
        ...,
        [ 0.1495, -0.1804, -0.0316,  ..., -0.1863, -0.0193, -0.1180],
        [ 0.1311, -0.2416, -0.0770,  ..., -0.2319,  0.0974,  0.1557],
        [-0.2310,  0.1886,  0.0823,  ...,  0.0573, -0.2158, -0.0509]],
       device='cuda:0', requires_grad=True)

Parameter name: linear_0.bias
Shape: torch.Size([32])
Values: Parameter containing:
tensor([ 0.0612,  0.0378, -0.0696, -0.1406, -0.0763,  0.0556, -0.0960,  0.0530,
        -0.0399,  0.0524,  0.0190,  0.0149, -0.0200,  0.0957, -0.0370, -0.0066,
         0.0487, -0.1598, -0.0232,  0.0751, -0.0741,  0.0186,  0.1133,  0.0258,
        -0.0996,  0.1067,  0.0535, -0.1251,  0.0403,  0.1809,  0.1771, -0.1144],
       device='cuda:0', requires_grad=True)

Parameter name: linear_1.weight
Shape: torch.Size([32, 32])
Values: Parameter containing:
tensor([[ 0.0808, -0.1891, -0.0797,  ...,  0.0843, -0.0203,  0.0512],
        [-0.2037, -0.0358,  0.1274,  ...,  0.1819, -0.0041,  0.0231],
        [ 0.1326, -0.0387, -0.1953,  ..., -0.1724, -0.0128,  0.2091],
        ...,
        [ 0.1408,  0.0812,  0.0555,  ...,  0.0469, -0.2105,  0.3054],
        [ 0.0253, -0.1715,  0.0465,  ...,  0.2865,  0.2335, -0.1568],
        [ 0.0046, -0.1187,  0.2319,  ...,  0.2570,  0.1451, -0.0739]],
       device='cuda:0', requires_grad=True)

Parameter name: linear_1.bias
Shape: torch.Size([32])
Values: Parameter containing:
tensor([ 0.1280,  0.1710, -0.0598, -0.1335,  0.0251, -0.0220, -0.0827,  0.0169,
         0.1797, -0.1663,  0.1280, -0.1337,  0.2140,  0.0593, -0.0990,  0.1723,
        -0.1107, -0.1765,  0.0546,  0.0471, -0.0560,  0.0759, -0.2257,  0.2101,
        -0.0076, -0.0416,  0.0809,  0.0069, -0.1739, -0.0797,  0.1618,  0.0415],
       device='cuda:0', requires_grad=True)

Parameter name: linear_2.weight
Shape: torch.Size([1, 32])
Values: Parameter containing:
tensor([[ 0.5174,  0.4365, -0.4911, -0.4909,  0.3348,  0.3522, -0.4073,  0.3609,
          0.4219, -0.4508, -0.3754,  0.3936,  0.3953,  0.3777,  0.4278,  0.4096,
         -0.5105, -0.5185,  0.3673,  0.3719, -0.4397, -0.4178, -0.5116,  0.3758,
          0.4603,  0.5142, -0.4886,  0.4801, -0.4185, -0.5056,  0.4601,  0.5005]],
       device='cuda:0', requires_grad=True)

Parameter name: linear_2.bias
Shape: torch.Size([1])
Values: Parameter containing:
tensor([0.2983], device='cuda:0', requires_grad=True)

