Parameter name: road_linear_0.weight
Shape: torch.Size([32, 16])
Values: Parameter containing:
tensor([[-0.3363,  0.4297, -0.0222,  0.0103,  0.1617,  0.1897,  0.3080, -0.0396,
          0.1792,  0.2743, -0.0290, -0.1629, -0.3176, -0.3806,  0.2290,  0.0439],
        [-0.2798, -0.0365, -0.1280,  0.0272,  0.0153,  0.2706,  0.1821,  0.1706,
          0.4304,  0.1514, -0.0161, -0.2946, -0.0274, -0.0804,  0.3756, -0.1075],
        [ 0.0959, -0.0668,  0.3935, -0.1469, -0.0852, -0.3663, -0.0427, -0.4132,
          0.0331, -0.0854,  0.1288, -0.0404,  0.4225,  0.3371,  0.0863,  0.2778],
        [ 0.2700, -0.2302,  0.0854, -0.0866, -0.0474, -0.2050, -0.1303, -0.0754,
         -0.4005, -0.4037,  0.1032,  0.3650,  0.3061, -0.1124, -0.1699,  0.1541],
        [-0.1117,  0.3929, -0.1846,  0.0011,  0.1809,  0.0913,  0.0428,  0.3155,
          0.1576,  0.3067,  0.0206, -0.1760, -0.0635, -0.2644,  0.2679, -0.1772],
        [ 0.0030,  0.4038, -0.3505,  0.4043,  0.3212, -0.0367,  0.2314, -0.0557,
          0.2288,  0.2091, -0.3519, -0.0691, -0.2343,  0.1325,  0.3284, -0.0736],
        [ 0.3697, -0.0624,  0.4091, -0.1951, -0.0562, -0.2221, -0.1622, -0.2239,
         -0.2455, -0.0259,  0.1405,  0.0644, -0.0494,  0.2303, -0.2719,  0.1551],
        [-0.0582,  0.0742,  0.3611, -0.3645, -0.3373, -0.3136, -0.0730, -0.2594,
         -0.1943, -0.2212,  0.0856,  0.0427,  0.2697, -0.0805, -0.0720,  0.3570],
        [ 0.0674,  0.0013,  0.3328, -0.2857, -0.0960, -0.3708, -0.1886, -0.1217,
          0.0094, -0.3366,  0.0251,  0.0935, -0.0314,  0.2095, -0.3675,  0.1281],
        [-0.3141,  0.2086, -0.1229,  0.0207,  0.1055,  0.1738,  0.0612,  0.2475,
          0.2970,  0.0176,  0.0196, -0.0367, -0.2928, -0.1206,  0.1870, -0.2293],
        [-0.3678,  0.3817, -0.0745, -0.0105, -0.0312,  0.4378,  0.2293,  0.1190,
          0.3638,  0.2675, -0.1009, -0.0081, -0.2125,  0.0892, -0.0242, -0.3466],
        [-0.1349,  0.1306, -0.0335,  0.1088,  0.1727,  0.1305,  0.3514,  0.1453,
          0.1668,  0.3565,  0.0887,  0.0520, -0.4290, -0.2660,  0.0669, -0.2179],
        [ 0.3593, -0.1096,  0.1902, -0.2106, -0.1447, -0.0046, -0.1000, -0.3361,
         -0.3567, -0.1381,  0.1603,  0.0680, -0.0047,  0.2164, -0.2464,  0.0674],
        [ 0.2280,  0.0759,  0.3864, -0.0388, -0.3354, -0.0397, -0.0469, -0.0780,
         -0.2449, -0.1816,  0.0045,  0.1340,  0.1475,  0.0968, -0.3596,  0.2617],
        [-0.4027, -0.0114, -0.0934, -0.0093,  0.4042,  0.4370,  0.1124,  0.1353,
          0.0024,  0.2035, -0.0972, -0.3458, -0.1246, -0.1552,  0.0583, -0.1891],
        [-0.0298, -0.3965,  0.2397,  0.0256, -0.3428, -0.0460, -0.1966, -0.3104,
         -0.2145, -0.0906,  0.1938,  0.4442,  0.1842,  0.0042,  0.0636,  0.1361],
        [ 0.3004,  0.0357,  0.1926, -0.3541, -0.3324, -0.0521, -0.0648,  0.0196,
         -0.3271, -0.1882,  0.3300,  0.2846,  0.3484,  0.2841, -0.1229, -0.0387],
        [-0.2697,  0.1821, -0.2335,  0.1368,  0.1021,  0.3002,  0.2510,  0.2410,
          0.0925,  0.2784, -0.1782, -0.2227, -0.1499, -0.2053,  0.2244, -0.1563],
        [ 0.2296, -0.1631,  0.1534, -0.3057, -0.1898, -0.3941, -0.2667,  0.0399,
         -0.3739, -0.1283,  0.1870, -0.0754,  0.2102,  0.2706,  0.0562,  0.1969],
        [ 0.3788, -0.1626,  0.2782, -0.1078, -0.3173, -0.2486, -0.3427,  0.0308,
         -0.0395, -0.2869,  0.1204,  0.2574, -0.0382,  0.1326,  0.0132,  0.2076],
        [-0.1642,  0.3120, -0.0362, -0.0698,  0.2602, -0.0466,  0.2797,  0.3413,
          0.1480,  0.0684, -0.2860, -0.2546, -0.1958, -0.2052,  0.3274, -0.2474],
        [-0.1053, -0.0240, -0.0805,  0.4275,  0.0224,  0.1410,  0.2723, -0.0381,
          0.0556,  0.2923,  0.0899, -0.3010, -0.2238, -0.4127, -0.0595,  0.0178],
        [ 0.3672, -0.2126,  0.0575, -0.1752,  0.0127, -0.4082, -0.2759, -0.2155,
         -0.2402, -0.1636,  0.3085,  0.2173, -0.0738,  0.3310,  0.1271,  0.2225],
        [ 0.2315,  0.0191,  0.3305, -0.3652, -0.1946, -0.1764, -0.1453, -0.2505,
         -0.3064, -0.3199,  0.0612,  0.3284,  0.2634,  0.1191, -0.1565,  0.0048],
        [ 0.2138, -0.4161,  0.1751, -0.1386,  0.0669, -0.2536,  0.0607, -0.1550,
         -0.3624,  0.0522,  0.3832,  0.0005,  0.0534,  0.2606, -0.2875,  0.3513],
        [ 0.0594, -0.2531,  0.1043,  0.0540, -0.2430, -0.2202, -0.0292, -0.3306,
         -0.1867, -0.3712, -0.0816,  0.1258,  0.2149,  0.3509, -0.3529,  0.1051],
        [ 0.2097, -0.0482,  0.2930, -0.3486, -0.1547, -0.1071, -0.3297, -0.0056,
         -0.3452,  0.0022,  0.1831,  0.0790,  0.2243,  0.3021,  0.1168,  0.2857],
        [-0.3312,  0.2490,  0.0054,  0.2278,  0.3122,  0.0324,  0.3530,  0.1626,
         -0.0498,  0.1157,  0.0604, -0.2807, -0.2378, -0.2331, -0.0112, -0.1329],
        [ 0.2978, -0.0873,  0.1380, -0.1406, -0.2790, -0.3002, -0.1172, -0.3232,
          0.0072, -0.1168,  0.1435,  0.1426,  0.3517,  0.3232,  0.0432,  0.2638],
        [-0.2741,  0.2352, -0.3225,  0.2653, -0.0803,  0.1528,  0.3211,  0.2928,
          0.3473,  0.2416,  0.0211, -0.0811,  0.0346,  0.0378,  0.1097, -0.2351],
        [-0.2791,  0.0835, -0.0416,  0.0259,  0.1772,  0.3957,  0.3518, -0.0448,
          0.1998,  0.3262, -0.3727, -0.0089, -0.3114, -0.2851, -0.0193, -0.2418],
        [ 0.0564, -0.0772,  0.2612, -0.0747,  0.0298, -0.3335, -0.3819, -0.3439,
         -0.2716, -0.2841,  0.2318, -0.0161, -0.0222,  0.2693, -0.2491,  0.2033]],
       device='cuda:0', requires_grad=True)

Parameter name: road_linear_0.bias
Shape: torch.Size([32])
Values: Parameter containing:
tensor([-0.1137, -0.0042,  0.0710, -0.0635, -0.0002, -0.0992,  0.0709,  0.1287,
        -0.0358, -0.0293, -0.0039,  0.0719,  0.1368,  0.0664,  0.0270,  0.1015,
        -0.0821,  0.0075,  0.0697,  0.0210, -0.0587, -0.0725, -0.0263, -0.0190,
        -0.0836,  0.1608,  0.1379,  0.0298, -0.0803, -0.1831,  0.0558, -0.0144],
       device='cuda:0', requires_grad=True)

Parameter name: road_linear_1.weight
Shape: torch.Size([1, 32])
Values: Parameter containing:
tensor([[ 0.2414,  0.3260, -0.2494, -0.2632,  0.3223,  0.3719, -0.2995, -0.4003,
         -0.3099,  0.3725,  0.2678,  0.3959, -0.2635, -0.4119,  0.3170, -0.2782,
         -0.3202,  0.3415, -0.2413, -0.2684,  0.4096,  0.2975, -0.3829, -0.3916,
         -0.3463, -0.3486, -0.3333,  0.3628, -0.3611,  0.3986,  0.3010, -0.2439]],
       device='cuda:0', requires_grad=True)

Parameter name: linear_0.weight
Shape: torch.Size([32, 39])
Values: Parameter containing:
tensor([[-0.0550,  0.1295,  0.0894,  ...,  0.1359, -0.2634, -0.1137],
        [-0.1453, -0.0212,  0.1327,  ...,  0.0707, -0.2977,  0.0871],
        [ 0.0366, -0.0568,  0.0254,  ...,  0.0538,  0.2434,  0.0345],
        ...,
        [ 0.1466, -0.1776, -0.0277,  ..., -0.1959,  0.0074, -0.1180],
        [ 0.1261, -0.2363, -0.0733,  ..., -0.2395,  0.1227,  0.1557],
        [-0.2243,  0.1803,  0.0827,  ...,  0.0612, -0.2509, -0.0509]],
       device='cuda:0', requires_grad=True)

Parameter name: linear_0.bias
Shape: torch.Size([32])
Values: Parameter containing:
tensor([ 0.0514,  0.0434, -0.0718, -0.1411, -0.0744,  0.0608, -0.1030,  0.0420,
        -0.0407,  0.0586,  0.0062,  0.0116, -0.0243,  0.0872, -0.0462,  0.0005,
         0.0491, -0.1593, -0.0349,  0.0686, -0.0630,  0.0260,  0.1165,  0.0149,
        -0.0948,  0.1088,  0.0578, -0.1161,  0.0401,  0.1738,  0.1719, -0.1168],
       device='cuda:0', requires_grad=True)

Parameter name: linear_1.weight
Shape: torch.Size([32, 32])
Values: Parameter containing:
tensor([[ 0.0771, -0.1622, -0.0959,  ...,  0.0580, -0.0412,  0.0554],
        [-0.1987, -0.0139,  0.1013,  ...,  0.1594, -0.0236,  0.0376],
        [ 0.1225, -0.0581, -0.1637,  ..., -0.1510,  0.0061,  0.1894],
        ...,
        [ 0.1195,  0.0729,  0.0929,  ...,  0.0591, -0.1969,  0.2728],
        [ 0.0086, -0.1280,  0.0442,  ...,  0.2464,  0.2062, -0.1676],
        [ 0.0085, -0.1006,  0.2093,  ...,  0.2384,  0.1286, -0.0607]],
       device='cuda:0', requires_grad=True)

Parameter name: linear_1.bias
Shape: torch.Size([32])
Values: Parameter containing:
tensor([ 0.1097,  0.1591, -0.0504, -0.1101,  0.0168, -0.0235, -0.0713, -0.0167,
         0.1510, -0.1635,  0.1114, -0.1098,  0.1921,  0.0689, -0.1238,  0.1364,
        -0.1422, -0.1696,  0.0469,  0.0279, -0.0306,  0.0825, -0.2184,  0.1999,
        -0.0199, -0.0160,  0.0724, -0.0092, -0.1566, -0.0817,  0.1290,  0.0317],
       device='cuda:0', requires_grad=True)

Parameter name: linear_2.weight
Shape: torch.Size([1, 32])
Values: Parameter containing:
tensor([[ 0.3308,  0.2494, -0.3029, -0.3046,  0.1470,  0.1667, -0.2196,  0.1798,
          0.2404, -0.2648, -0.1953,  0.2126,  0.2124,  0.1944,  0.2459,  0.2285,
         -0.3302, -0.3329,  0.1805,  0.1845, -0.2535, -0.2302, -0.3237,  0.1895,
          0.2717,  0.3342, -0.3055,  0.2928, -0.2314, -0.3215,  0.2800,  0.3138]],
       device='cuda:0', requires_grad=True)

Parameter name: linear_2.bias
Shape: torch.Size([1])
Values: Parameter containing:
tensor([0.1305], device='cuda:0', requires_grad=True)

