Parameter name: road_linear_0.weight
Shape: torch.Size([32, 16])
Values: Parameter containing:
tensor([[-0.3161,  0.4976,  0.0590, -0.0514,  0.3800,  0.2027,  0.4053,  0.1570,
          0.3748,  0.1911,  0.1097, -0.3225, -0.4120, -0.2883,  0.3822,  0.0964],
        [-0.1158, -0.1420,  0.0588, -0.1209,  0.1543,  0.2251,  0.0565,  0.3539,
          0.7226, -0.0368,  0.2657, -0.4602,  0.0552,  0.1086,  0.6958,  0.0634],
        [ 0.1640, -0.2339,  0.3592, -0.1099, -0.3665, -0.3570, -0.2317, -0.6369,
         -0.1876, -0.0561,  0.1200,  0.1644,  0.6513,  0.3034, -0.1213,  0.2787],
        [ 0.0648, -0.1271, -0.1305,  0.0808, -0.1573, -0.1374, -0.0018, -0.2483,
         -0.7029, -0.1881, -0.1887,  0.4936,  0.1963, -0.3371, -0.4473, -0.0417],
        [ 0.0685,  0.2830,  0.0171, -0.1537,  0.2961,  0.0433, -0.0506,  0.4989,
          0.4424,  0.1032,  0.3054, -0.2996,  0.0212, -0.0594,  0.5293, -0.0013],
        [-0.0974,  0.5303, -0.3418,  0.3876,  0.5745, -0.0045,  0.4279,  0.1601,
          0.3950,  0.1976, -0.2974, -0.2590, -0.4070,  0.1489,  0.4719, -0.0954],
        [ 0.2083, -0.0429,  0.2222, -0.0548, -0.2202, -0.1569, -0.1011, -0.4093,
         -0.5471,  0.1544, -0.0933,  0.2179, -0.0730,  0.0358, -0.5114, -0.0022],
        [-0.2026,  0.0486,  0.1827, -0.2282, -0.5176, -0.2363, -0.0275, -0.4453,
         -0.4727, -0.0516, -0.1169,  0.2045,  0.2752, -0.2636, -0.3045,  0.2107],
        [-0.1074,  0.0611,  0.1367, -0.1296, -0.2857, -0.2991, -0.0621, -0.3278,
         -0.3341, -0.1394, -0.2695,  0.2931, -0.1053,  0.0055, -0.6723, -0.0492],
        [-0.1463,  0.1035,  0.0669, -0.1275,  0.2425,  0.1249, -0.0431,  0.4442,
          0.6119, -0.1719,  0.3095, -0.1985, -0.2147,  0.0723,  0.4844, -0.0583],
        [-0.2713,  0.4482,  0.0650, -0.1195,  0.1787,  0.3796,  0.2374,  0.3114,
          0.6178,  0.1333,  0.0658, -0.1774, -0.2668,  0.2364,  0.1930, -0.2364],
        [ 0.0275,  0.1105,  0.1568, -0.0419,  0.3677,  0.0565,  0.2584,  0.3506,
          0.4908,  0.1698,  0.3552, -0.1329, -0.3930, -0.0659,  0.3449, -0.0516],
        [ 0.2096, -0.0390,  0.0101, -0.0770, -0.2864,  0.0347, -0.0505, -0.5213,
         -0.6417,  0.0379, -0.0968,  0.2055, -0.0461,  0.0326, -0.4743, -0.0828],
        [ 0.0460,  0.1793,  0.1851,  0.1183, -0.4703,  0.0105,  0.0668, -0.2691,
         -0.5658,  0.0190, -0.2908,  0.2930,  0.0609, -0.1107, -0.6503,  0.0800],
        [-0.2167, -0.0908,  0.1065, -0.1648,  0.5554,  0.3624, -0.0178,  0.3208,
          0.3124,  0.0045,  0.1910, -0.5083, -0.0316,  0.0537,  0.3445, -0.0102],
        [-0.1355, -0.3502,  0.0939,  0.1315, -0.4960, -0.0274, -0.1913, -0.4901,
         -0.4465,  0.0525, -0.0322,  0.5756,  0.1719, -0.1435, -0.1232,  0.0232],
        [ 0.0986,  0.0914, -0.0213, -0.1839, -0.4739,  0.0234,  0.0561, -0.1664,
         -0.6537,  0.0257,  0.0500,  0.4426,  0.2709,  0.0515, -0.3937, -0.2280],
        [-0.2182,  0.2788, -0.1260,  0.0507,  0.2958,  0.2558,  0.3155,  0.4117,
          0.2550,  0.1762, -0.0781, -0.3621, -0.2339, -0.0942,  0.3823, -0.0810],
        [ 0.2677, -0.3293,  0.0817, -0.2336, -0.4565, -0.3635, -0.4110, -0.1860,
         -0.5989, -0.0682,  0.1635,  0.1318,  0.4246,  0.1984, -0.1668,  0.1655],
        [ 0.4209, -0.3166,  0.2159, -0.0501, -0.6090, -0.2343, -0.5021, -0.2018,
         -0.2557, -0.2310,  0.0858,  0.4588,  0.1510,  0.0637, -0.2064,  0.1807],
        [-0.0598,  0.2501,  0.1019, -0.1763,  0.3800, -0.0607,  0.2786,  0.4987,
          0.3474, -0.0689, -0.0558, -0.3497, -0.1689, -0.0610,  0.4732, -0.1354],
        [-0.0191,  0.0341,  0.0558,  0.3143,  0.2972,  0.1068,  0.2491,  0.1929,
          0.3735,  0.1544,  0.3079, -0.5230, -0.2915, -0.2662,  0.2159,  0.1302],
        [ 0.4010, -0.3686, -0.0071, -0.1130, -0.2542, -0.3778, -0.4225, -0.4311,
         -0.4485, -0.1078,  0.2810,  0.4108,  0.1168,  0.2632, -0.0824,  0.1932],
        [ 0.0211,  0.0679,  0.1110, -0.1942, -0.3063, -0.0846, -0.0257, -0.4114,
         -0.5668, -0.1021, -0.1847,  0.4479,  0.1795, -0.1115, -0.3942, -0.1863],
        [ 0.0450, -0.3553, -0.0139,  0.0070, -0.0831, -0.1961,  0.1430, -0.3446,
         -0.6995,  0.2395,  0.1070,  0.1599, -0.0067,  0.0621, -0.5552,  0.1829],
        [-0.1275, -0.1233, -0.1041,  0.2139, -0.3179, -0.1698,  0.0683, -0.4935,
         -0.4441, -0.1635, -0.3686,  0.2065,  0.1165,  0.1418, -0.5970, -0.0744],
        [ 0.3748, -0.2153,  0.3062, -0.3405, -0.4647, -0.1318, -0.5988, -0.2676,
         -0.5958, -0.0108,  0.2293,  0.3013,  0.4975,  0.3218, -0.1111,  0.3437],
        [-0.2123,  0.2592,  0.1635,  0.1054,  0.5223, -0.0103,  0.3241,  0.3624,
          0.2148, -0.0395,  0.2819, -0.4506, -0.2512, -0.0676,  0.2209, -0.0022],
        [ 0.1831, -0.1503, -0.0149, -0.0181, -0.4740, -0.2282, -0.0928, -0.5056,
         -0.2346,  0.0281, -0.0284,  0.3034,  0.3907,  0.1595, -0.1757,  0.1411],
        [-0.3461,  0.3751, -0.2887,  0.2366,  0.1798,  0.1585,  0.5054,  0.5015,
          0.5305,  0.2132,  0.0533, -0.2633, -0.1440,  0.0702,  0.2735, -0.2363],
        [-0.2996,  0.2443,  0.0318, -0.0472,  0.4454,  0.3647,  0.4790,  0.1793,
          0.4252,  0.2606, -0.3400, -0.2106, -0.5165, -0.2060,  0.2049, -0.2041],
        [-0.1124, -0.0692,  0.0678,  0.0738, -0.1272, -0.2483, -0.3084, -0.5307,
         -0.5663, -0.0964,  0.0059,  0.1382, -0.0512,  0.0680, -0.4962,  0.0410]],
       device='cuda:0', requires_grad=True)

Parameter name: road_linear_0.bias
Shape: torch.Size([32])
Values: Parameter containing:
tensor([-0.1126,  0.1412,  0.2042, -0.2098,  0.1750, -0.1676, -0.0153,  0.1322,
        -0.1243,  0.1324, -0.0537,  0.1054, -0.0354, -0.0898,  0.1450, -0.0316,
        -0.1669, -0.0777,  0.2169,  0.1395,  0.0891, -0.1009,  0.1087, -0.1022,
        -0.2104, -0.0318,  0.2469,  0.0565, -0.0076, -0.2664, -0.0912, -0.0525],
       device='cuda:0', requires_grad=True)

Parameter name: road_linear_1.weight
Shape: torch.Size([1, 32])
Values: Parameter containing:
tensor([[ 0.5261,  0.6696, -0.4547, -0.5754,  0.6476,  0.6201, -0.5887, -0.6584,
         -0.5939,  0.7043,  0.5170,  0.6832, -0.5903, -0.7488,  0.6051, -0.5845,
         -0.6116,  0.5901, -0.4270, -0.4628,  0.7363,  0.5145, -0.5742, -0.6794,
         -0.6426, -0.6749, -0.5289,  0.6462, -0.6009,  0.6430,  0.4818, -0.5164]],
       device='cuda:0', requires_grad=True)

Parameter name: linear_0.weight
Shape: torch.Size([32, 39])
Values: Parameter containing:
tensor([[-0.0233,  0.1013,  0.0539,  ...,  0.1935, -0.5377, -0.1137],
        [-0.1392, -0.0352,  0.1400,  ...,  0.0538, -0.4947,  0.0871],
        [ 0.0280, -0.0407,  0.0223,  ...,  0.0643,  0.4932,  0.0345],
        ...,
        [ 0.1397, -0.1575, -0.0410,  ..., -0.1695,  0.2068, -0.1180],
        [ 0.1127, -0.2144, -0.0743,  ..., -0.2305,  0.3575,  0.1557],
        [-0.2187,  0.1825,  0.0696,  ...,  0.0823, -0.4799, -0.0509]],
       device='cuda:0', requires_grad=True)

Parameter name: linear_0.bias
Shape: torch.Size([32])
Values: Parameter containing:
tensor([ 0.0852,  0.0278, -0.0615, -0.1359, -0.0848,  0.0418, -0.0841,  0.0708,
        -0.0390,  0.0479,  0.0506,  0.0168, -0.0249,  0.1059, -0.0224, -0.0169,
         0.0529, -0.1658, -0.0012,  0.0929, -0.0940, -0.0025,  0.1189,  0.0552,
        -0.1097,  0.1129,  0.0599, -0.1529,  0.0455,  0.1978,  0.1815, -0.1036],
       device='cuda:0', requires_grad=True)

Parameter name: linear_1.weight
Shape: torch.Size([32, 32])
Values: Parameter containing:
tensor([[ 0.0938, -0.2180,  0.0022,  ...,  0.1091, -0.0028,  0.0642],
        [-0.1897, -0.0612,  0.2033,  ...,  0.2043,  0.0111,  0.0365],
        [ 0.1318, -0.0297, -0.2421,  ..., -0.1786, -0.0163,  0.2120],
        ...,
        [ 0.1388,  0.0901,  0.0234,  ...,  0.0422, -0.2295,  0.3310],
        [ 0.0486, -0.2245,  0.1501,  ...,  0.3321,  0.2718, -0.1313],
        [ 0.0154, -0.1359,  0.2861,  ...,  0.2719,  0.1498, -0.0584]],
       device='cuda:0', requires_grad=True)

Parameter name: linear_1.bias
Shape: torch.Size([32])
Values: Parameter containing:
tensor([ 0.1538,  0.1946, -0.0680, -0.1596,  0.0407, -0.0030, -0.1000,  0.0628,
         0.2169, -0.1772,  0.1357, -0.1833,  0.2447,  0.0728, -0.0615,  0.2172,
         0.0143, -0.1948,  0.0655,  0.0720, -0.0874,  0.0622, -0.2368,  0.2308,
         0.0139, -0.0806,  0.0807,  0.0094, -0.2000, -0.0815,  0.2066,  0.0603],
       device='cuda:0', requires_grad=True)

Parameter name: linear_2.weight
Shape: torch.Size([1, 32])
Values: Parameter containing:
tensor([[ 1.0844,  1.0115, -1.0711, -1.0497,  0.9186,  0.9352, -0.9863,  0.9015,
          0.9680, -1.0367, -0.9494,  0.9528,  0.9515,  0.9616,  0.9746,  0.9481,
         -1.0667, -1.0936,  0.9474,  0.9369, -0.9969, -0.9955, -1.1005,  0.9522,
          1.0389,  1.0746, -1.0720,  1.0499, -0.9898, -1.0918,  0.9970,  1.0705]],
       device='cuda:0', requires_grad=True)

Parameter name: linear_2.bias
Shape: torch.Size([1])
Values: Parameter containing:
tensor([0.8241], device='cuda:0', requires_grad=True)

