Parameter name: road_linear_0.weight
Shape: torch.Size([32, 16])
Values: Parameter containing:
tensor([[-5.6405e-01,  7.5875e-01, -2.2364e-01, -3.4535e-01,  2.7007e-01,
         -3.4362e-01,  6.5133e-01,  6.2925e-02,  2.9774e-01,  1.9480e-01,
          1.8807e-01, -2.6855e-01, -2.1897e-01,  6.6719e-02,  3.2325e-01,
         -1.7660e-01],
        [-3.6536e-01,  1.1768e-01, -2.1053e-01, -2.9379e-01,  1.9986e-01,
         -1.8593e-01,  3.5491e-01,  3.4851e-01,  5.8525e-01,  4.3868e-02,
          1.1751e-01, -4.5351e-01,  1.0266e-01,  3.3045e-01,  5.6592e-01,
         -1.7962e-01],
        [-3.5632e-01,  4.1558e-01, -5.9210e-02, -6.5849e-02,  4.4515e-01,
         -3.7343e-01,  5.2934e-01,  1.1115e-01,  5.5850e-01,  1.2670e-01,
          1.0103e-02, -5.8922e-01,  1.2302e-01,  3.4078e-01,  5.0350e-01,
         -1.6352e-01],
        [ 4.0268e-01, -4.0078e-01,  1.8443e-01,  1.8330e-01, -1.9112e-01,
          1.7772e-01, -3.5679e-01, -2.1295e-01, -5.2956e-01, -3.0593e-01,
         -1.9713e-02,  4.6452e-01,  1.4430e-01, -4.2449e-01, -3.1796e-01,
          2.6479e-01],
        [-2.4883e-01,  5.5594e-01, -2.7832e-01, -3.1515e-01,  2.9829e-01,
         -3.1393e-01,  2.1567e-01,  4.2862e-01,  2.4979e-01,  2.0923e-01,
          1.8050e-01, -2.6952e-01,  9.3634e-02,  1.0508e-01,  4.1135e-01,
         -2.7255e-01],
        [-1.5456e-01,  5.9083e-01, -4.6528e-01,  7.4819e-02,  4.2903e-01,
         -4.3901e-01,  4.2100e-01,  4.3726e-02,  3.2782e-01,  4.3367e-02,
         -1.5240e-01, -1.8045e-01, -2.0851e-01,  4.7423e-01,  4.4357e-01,
         -1.9702e-01],
        [ 4.4292e-01, -3.2562e-01,  5.4905e-01,  1.8224e-01, -2.1252e-01,
          2.9195e-01, -4.1301e-01, -3.5738e-01, -3.7073e-01,  1.9657e-01,
         -4.6660e-02,  1.7119e-01, -4.9590e-02, -1.8485e-01, -3.3364e-01,
          3.0905e-01],
        [ 6.4079e-02, -1.3963e-01,  4.6784e-01, -2.1394e-02, -5.1296e-01,
          1.2798e-01, -2.7653e-01, -4.0937e-01, -3.2759e-01, -3.9144e-02,
         -7.1718e-02,  1.7828e-01,  2.9226e-01, -4.3542e-01, -2.3005e-01,
          4.8118e-01],
        [ 1.9412e-01, -2.3041e-01,  4.7553e-01,  1.0981e-01, -3.5713e-01,
          1.9355e-01, -4.5962e-01, -3.6772e-01, -2.2854e-01, -2.2737e-01,
         -1.8179e-01,  2.9657e-01, -1.2020e-01, -3.0790e-01, -6.2061e-01,
          2.5584e-01],
        [-4.9632e-01,  3.9636e-01, -2.5501e-01, -2.5487e-01,  2.1573e-01,
         -2.2018e-01,  2.6020e-01,  3.5004e-01,  3.8863e-01,  3.7300e-02,
          1.0952e-01, -1.2831e-01, -3.3396e-02,  2.5471e-01,  3.1501e-01,
         -3.7023e-01],
        [-6.3241e-01,  6.6437e-01, -2.6552e-01, -3.6269e-01,  5.3006e-02,
         -3.0456e-02,  4.9250e-01,  2.0017e-01,  4.5971e-01,  2.4407e-01,
          4.3406e-02, -1.0221e-01, -4.1833e-02,  4.8929e-01,  6.2115e-02,
         -5.7457e-01],
        [-3.5513e-01,  3.2947e-01, -1.8241e-01, -1.4836e-01,  3.2543e-01,
         -2.3332e-01,  5.7657e-01,  2.7340e-01,  2.9520e-01,  4.0315e-01,
          1.6205e-01, -6.0805e-02, -1.8014e-01,  8.6711e-02,  2.5746e-01,
         -3.8035e-01],
        [ 4.8320e-01, -3.1379e-01,  2.9579e-01,  1.8623e-01, -2.5806e-01,
          5.2821e-01, -2.8978e-01, -4.4441e-01, -4.3843e-01,  5.2923e-02,
         -1.3326e-01,  1.6671e-01, -8.4532e-02, -2.6783e-01, -3.3528e-01,
          1.6940e-01],
        [ 3.5216e-01, -1.0483e-01,  4.8114e-01,  2.4900e-01, -4.3656e-01,
          3.5992e-01, -2.1590e-01, -1.7480e-01, -3.1389e-01, -7.3346e-02,
         -1.4732e-01,  2.0812e-01,  3.5604e-02, -2.5800e-01, -4.5863e-01,
          3.6153e-01],
        [-5.6673e-01,  2.5729e-01, -2.1961e-01, -3.5313e-01,  5.3456e-01,
         -5.6105e-02,  3.4445e-01,  2.6344e-01,  1.0749e-01,  1.0567e-01,
          9.1413e-02, -4.3699e-01, -1.1790e-02,  3.0088e-01,  1.8485e-01,
         -3.3172e-01],
        [ 1.0084e-01, -4.0212e-01,  3.5172e-01,  2.9048e-01, -4.3977e-01,
          2.8158e-01, -3.4493e-01, -4.1291e-01, -3.1895e-01,  2.3420e-04,
          7.3832e-02,  5.5509e-01, -3.9712e-02, -2.7557e-01, -6.5403e-02,
          2.2457e-01],
        [ 4.3743e-01, -1.6456e-01,  3.4387e-01, -6.3725e-02, -6.7501e-01,
          3.6044e-01, -3.3385e-01, -2.7846e-01, -6.5005e-01, -9.9206e-02,
          2.3246e-01,  5.6654e-01,  2.8504e-01, -1.0067e-01, -4.5220e-01,
          1.1180e-01],
        [-3.3350e-01,  3.9271e-01, -3.3428e-01, -1.5080e-01,  3.0849e-01,
         -8.8752e-02,  4.7364e-01,  4.1763e-01,  2.5719e-01,  9.3756e-02,
         -6.4637e-03, -3.6834e-01, -1.8086e-01,  8.8827e-02,  3.3906e-01,
         -2.8392e-01],
        [-2.4408e-01,  3.2478e-01, -2.9296e-01, -2.4289e-01,  2.8731e-01,
         -4.2951e-01,  2.7522e-01,  5.2174e-01,  8.4310e-02,  9.6664e-02,
          7.2656e-03, -5.7039e-01, -2.2473e-02,  3.0796e-01,  4.5423e-01,
         -2.3378e-01],
        [ 6.0400e-01, -4.6699e-01,  4.4930e-01,  2.3808e-01, -4.1693e-01,
          2.2195e-01, -6.1197e-01, -5.5121e-02, -1.3832e-01, -1.9217e-01,
         -9.4244e-02,  3.2636e-01, -1.1912e-01, -2.8090e-01, -5.4160e-02,
          4.2030e-01],
        [-2.3236e-01,  3.4080e-01, -1.0351e-01, -2.7936e-01,  4.1472e-01,
         -3.1326e-01,  4.1987e-01,  4.8919e-01,  2.9879e-01, -4.1312e-02,
         -1.8209e-01, -4.0959e-01, -9.9315e-02, -7.7483e-03,  5.0096e-01,
         -3.0120e-01],
        [ 3.5585e-01, -3.5792e-01,  2.5671e-01,  3.0861e-01, -3.2841e-01,
          1.3116e-01, -4.7598e-02, -3.3920e-01, -3.8402e-01, -9.8173e-02,
          2.5917e-01,  2.0228e-01,  4.6764e-02, -3.3516e-01, -6.5625e-01,
          2.7752e-01],
        [ 5.3520e-01, -5.0920e-01,  2.1175e-01,  1.8359e-01, -1.6229e-01,
          7.7187e-02, -5.2976e-01, -3.5860e-01, -3.7781e-01, -4.8346e-02,
          5.1905e-02,  3.3667e-01, -9.2536e-02, -1.0704e-01,  1.1568e-02,
          4.1453e-01],
        [ 2.9246e-01, -1.5363e-01,  4.3482e-01, -1.1129e-01, -4.9506e-01,
          1.6677e-01, -3.6970e-01, -5.0039e-01, -5.5880e-01, -1.8385e-01,
         -6.3382e-02,  5.5931e-01,  2.7377e-01, -1.3028e-01, -3.7393e-01,
          1.3088e-01],
        [ 3.8730e-01, -6.6186e-01,  3.2179e-01,  1.9114e-01, -1.1901e-01,
          2.1145e-01, -1.9380e-01, -3.2414e-01, -5.1872e-01,  1.0241e-01,
          2.1033e-01,  1.5020e-01, -1.0144e-01, -2.1286e-01, -4.6366e-01,
          5.0409e-01],
        [ 1.5823e-01, -4.1211e-01,  1.8003e-01,  3.8484e-01, -3.9281e-01,
          2.0694e-01, -1.9546e-01, -4.8073e-01, -2.9265e-01, -2.2704e-01,
         -2.7985e-01,  2.5224e-01,  1.5694e-01, -2.3367e-02, -5.3416e-01,
          1.7781e-01],
        [ 4.3828e-01, -3.4437e-01,  4.8395e-01, -4.1060e-02, -3.0833e-01,
          3.3420e-01, -6.0258e-01, -1.2458e-01, -4.9475e-01,  7.1401e-02,
          1.2716e-03,  2.0238e-01,  1.8504e-01, -7.4354e-02, -2.7689e-03,
          5.1058e-01],
        [-5.5402e-01,  4.4334e-01, -1.5227e-01, -3.4696e-02,  4.4060e-01,
         -3.3719e-01,  5.7021e-01,  2.7628e-01,  7.1645e-02,  1.4540e-01,
          1.3975e-01, -3.8656e-01,  9.8370e-04,  1.1442e-01,  1.6352e-01,
         -2.9561e-01],
        [ 4.7515e-01, -3.1232e-01,  2.7006e-01,  1.1666e-01, -4.8237e-01,
          6.6809e-02, -3.4924e-01, -4.9983e-01, -1.6830e-01, -8.0092e-02,
          4.8841e-02,  2.8660e-01,  2.3312e-01, -1.5364e-02, -1.7440e-01,
          4.0843e-01],
        [-4.0851e-01,  4.7143e-01, -4.5639e-01, -8.4448e-02,  2.7220e-02,
         -2.8472e-01,  5.3021e-01,  3.8010e-01,  4.2602e-01,  7.6856e-02,
          2.2501e-01, -1.7455e-01,  6.0567e-03,  3.5981e-01,  1.4128e-01,
         -4.0192e-01],
        [-5.0449e-01,  3.9818e-01, -2.0908e-01, -2.8567e-01,  3.5077e-01,
         -5.8454e-02,  6.3370e-01,  1.0239e-01,  3.5154e-01,  2.7772e-01,
         -1.7264e-01, -1.2544e-01, -2.1548e-01,  1.5903e-01,  1.4681e-01,
         -4.4318e-01],
        [ 1.2660e-01, -2.7681e-01,  3.5881e-01,  2.7957e-01, -1.9705e-01,
          1.0783e-01, -6.2991e-01, -5.6073e-01, -4.6707e-01, -9.2457e-02,
          1.3969e-02,  1.7319e-01, -3.1250e-02, -1.2218e-01, -4.1081e-01,
          3.1190e-01]], device='cuda:0', requires_grad=True)

Parameter name: road_linear_0.bias
Shape: torch.Size([32])
Values: Parameter containing:
tensor([-0.2384,  0.1116,  0.2033, -0.0954,  0.0050, -0.1017,  0.0630,  0.0931,
        -0.2341, -0.0758,  0.0290,  0.0479,  0.1048,  0.0795,  0.0091,  0.0739,
        -0.1529,  0.0769, -0.0189, -0.0871,  0.0043, -0.0465, -0.1176, -0.1578,
        -0.1309,  0.1613,  0.1229,  0.0341, -0.0851, -0.1246,  0.1261, -0.1915],
       device='cuda:0', requires_grad=True)

Parameter name: road_linear_1.weight
Shape: torch.Size([1, 32])
Values: Parameter containing:
tensor([[ 0.6673,  0.7125,  0.6357, -0.6649,  0.7665,  0.8018, -0.6527, -0.7702,
         -0.7153,  0.8163,  0.6661,  0.8182, -0.7149, -0.7783,  0.7025, -0.6904,
         -0.6796,  0.7191,  0.6426, -0.6326,  0.7574, -0.5917, -0.7619, -0.7315,
         -0.7245, -0.7882, -0.6662,  0.7604, -0.7631,  0.7475,  0.7067, -0.6222]],
       device='cuda:0', requires_grad=True)

Parameter name: linear_0.weight
Shape: torch.Size([32, 39])
Values: Parameter containing:
tensor([[ 0.2857,  0.2079, -0.0168,  ...,  0.1030, -0.1851, -0.1137],
        [-0.1104, -0.2112,  0.1731,  ...,  0.0034, -0.4090,  0.0871],
        [ 0.0208,  0.1779,  0.0753,  ...,  0.1517,  0.1407,  0.0345],
        ...,
        [-0.0471, -0.2039,  0.0702,  ..., -0.1360, -0.1846, -0.1180],
        [ 0.0260, -0.0786, -0.0121,  ..., -0.1635,  0.0217,  0.1557],
        [-0.0704,  0.1681, -0.0320,  ..., -0.0523,  0.0327, -0.0509]],
       device='cuda:0', requires_grad=True)

Parameter name: linear_0.bias
Shape: torch.Size([32])
Values: Parameter containing:
tensor([ 0.0493,  0.0643, -0.1551, -0.0518, -0.0556,  0.0396, -0.1265,  0.1101,
        -0.0441,  0.1500,  0.0218, -0.0463, -0.0596,  0.0679, -0.0749, -0.0457,
         0.1091, -0.1393, -0.0467,  0.0512, -0.0810,  0.1444,  0.0979, -0.0603,
         0.0090,  0.1186,  0.0156, -0.1367,  0.0863,  0.1814,  0.0836, -0.1346],
       device='cuda:0', requires_grad=True)

Parameter name: linear_1.weight
Shape: torch.Size([32, 32])
Values: Parameter containing:
tensor([[ 0.1873, -0.2006, -0.1096,  ..., -0.0536, -0.1191,  0.1657],
        [ 0.0541,  0.0046,  0.1480,  ..., -0.0373, -0.0368,  0.2479],
        [-0.1146, -0.0886, -0.1826,  ...,  0.0203,  0.0453,  0.0069],
        ...,
        [-0.0807,  0.0276,  0.0746,  ...,  0.1964, -0.1525,  0.1296],
        [ 0.2460, -0.1067,  0.0868,  ...,  0.0620,  0.1850,  0.0192],
        [ 0.2194, -0.0584,  0.2505,  ...,  0.0805,  0.1033,  0.1093]],
       device='cuda:0', requires_grad=True)

Parameter name: linear_1.bias
Shape: torch.Size([32])
Values: Parameter containing:
tensor([ 5.9205e-02,  2.1247e-02,  5.9002e-02,  2.3131e-02, -7.4189e-02,
        -1.2803e-01,  6.2495e-02, -1.8187e-01,  2.2962e-02, -6.6372e-02,
         2.3251e-01, -1.8690e-01,  7.8467e-02,  1.0207e-01, -2.2393e-01,
        -2.4255e-02, -4.8960e-02, -1.0644e-01, -6.6251e-02, -1.0772e-01,
         1.0139e-01,  2.0044e-01, -1.0485e-01,  2.0872e-01, -1.5087e-01,
        -5.6883e-02,  1.4077e-01, -1.4651e-01, -4.2482e-02,  4.9018e-04,
         7.4590e-05, -6.1342e-02], device='cuda:0', requires_grad=True)

Parameter name: linear_2.weight
Shape: torch.Size([1, 32])
Values: Parameter containing:
tensor([[ 0.3423,  0.2454, -0.3471, -0.3037,  0.2148,  0.2108, -0.2367,  0.2696,
          0.2399, -0.2535, -0.2288,  0.2231,  0.2322, -0.2040,  0.2693,  0.2223,
         -0.3241, -0.3331,  0.1954,  0.2269, -0.2904, -0.2708, -0.3412, -0.1592,
          0.3046,  0.3417, -0.3270,  0.3201, -0.2433, -0.3149,  0.3184,  0.3130]],
       device='cuda:0', requires_grad=True)

Parameter name: linear_2.bias
Shape: torch.Size([1])
Values: Parameter containing:
tensor([-0.1461], device='cuda:0', requires_grad=True)

