Parameter name: road_linear_0.weight
Shape: torch.Size([32, 16])
Values: Parameter containing:
tensor([[-2.8282e-01,  4.5615e-01,  6.7712e-02, -5.1395e-02,  2.5272e-01,
          1.5996e-01,  3.5668e-01,  5.6720e-02,  2.9461e-01,  1.8788e-01,
          5.0106e-02, -2.1500e-01, -3.8256e-01, -3.1698e-01,  3.4816e-01,
          1.0386e-01],
        [-1.7329e-01, -7.4104e-02, -1.3984e-02, -5.9666e-02,  5.7718e-02,
          2.2412e-01,  1.4063e-01,  2.0153e-01,  4.7987e-01,  3.9334e-02,
          1.3146e-01, -2.7933e-01,  7.9293e-04,  2.4422e-02,  5.0321e-01,
         -4.9503e-03],
        [ 3.7876e-02, -1.1725e-01,  3.0895e-01, -8.9678e-02, -1.8977e-01,
         -3.1461e-01, -9.7919e-02, -5.0647e-01, -9.3092e-02, -5.4170e-03,
          7.9638e-02,  1.6929e-02,  4.9257e-01,  2.7224e-01, -4.0397e-02,
          2.1928e-01],
        [ 1.6011e-01, -2.3169e-01, -3.2986e-02,  2.0416e-04, -1.0852e-01,
         -1.5312e-01, -1.1286e-01, -1.3091e-01, -4.7834e-01, -2.9041e-01,
         -1.5450e-02,  3.6958e-01,  3.0744e-01, -2.1905e-01, -2.8586e-01,
          5.1806e-02],
        [-3.0377e-02,  3.9765e-01, -8.1107e-02, -7.4554e-02,  2.5734e-01,
          5.4456e-02,  5.7096e-02,  3.9558e-01,  2.4493e-01,  2.0685e-01,
          1.3111e-01, -2.0249e-01, -9.1934e-02, -1.8153e-01,  3.8747e-01,
         -9.5411e-02],
        [ 1.3332e-02,  4.3833e-01, -2.8844e-01,  3.6123e-01,  4.2223e-01,
         -5.0753e-02,  3.0594e-01,  4.5092e-02,  3.4847e-01,  1.4615e-01,
         -2.9410e-01, -1.3848e-01, -3.1111e-01,  1.6647e-01,  4.3957e-01,
         -4.2178e-02],
        [ 2.8458e-01, -8.9242e-02,  3.0533e-01, -1.2305e-01, -1.3907e-01,
         -1.7453e-01, -1.8276e-01, -3.0165e-01, -3.5380e-01,  7.1727e-02,
          5.6265e-02,  1.0016e-01, -6.5592e-03,  1.4471e-01, -3.8957e-01,
          7.4607e-02],
        [-1.4300e-01,  3.9765e-02,  2.5890e-01, -2.9300e-01, -4.2689e-01,
         -2.6354e-01, -9.6700e-02, -3.3821e-01, -3.0362e-01, -1.2349e-01,
          9.7608e-03,  8.0620e-02,  3.1408e-01, -1.6519e-01, -1.9031e-01,
          2.7732e-01],
        [-2.8033e-02, -5.4581e-04,  2.2842e-01, -2.0719e-01, -1.8015e-01,
         -3.2076e-01, -1.6622e-01, -1.8242e-01, -8.1892e-02, -2.3273e-01,
         -1.0800e-01,  1.1928e-01, -2.8970e-02,  1.1323e-01, -4.9753e-01,
          3.4632e-02],
        [-2.2611e-01,  1.9696e-01, -2.0059e-02, -5.5468e-02,  1.7343e-01,
          1.3315e-01,  5.4526e-02,  3.1294e-01,  3.8062e-01, -8.2331e-02,
          1.5213e-01, -5.5813e-02, -3.0369e-01, -3.1925e-02,  3.1460e-01,
         -1.4081e-01],
        [-2.8928e-01,  4.2172e-01,  2.1307e-02, -7.8103e-02,  6.7662e-02,
          3.8583e-01,  2.6048e-01,  2.0318e-01,  4.7911e-01,  1.7515e-01,
         -2.4392e-02, -5.2148e-02, -2.6316e-01,  1.6941e-01,  1.0104e-01,
         -2.7127e-01],
        [-3.9475e-02,  1.4569e-01,  7.3734e-02,  2.9254e-02,  2.6359e-01,
          8.0310e-02,  3.4597e-01,  2.1762e-01,  2.7216e-01,  2.5293e-01,
          2.0731e-01,  2.1394e-02, -4.5122e-01, -1.6786e-01,  1.9518e-01,
         -1.2507e-01],
        [ 3.0105e-01, -1.2783e-01,  1.0015e-01, -1.4853e-01, -2.3044e-01,
          2.4184e-02, -1.4005e-01, -4.2776e-01, -4.6245e-01, -5.3059e-02,
          7.0500e-02,  1.1528e-01,  5.0066e-02,  1.5211e-01, -3.6233e-01,
          4.4259e-03],
        [ 1.3046e-01,  8.6051e-02,  2.7584e-01,  4.2706e-02, -3.9801e-01,
          3.1170e-03, -3.5713e-02, -1.3808e-01, -3.2919e-01, -7.4666e-02,
         -1.2646e-01,  1.4683e-01,  1.5363e-01, -9.9115e-04, -4.7974e-01,
          1.6649e-01],
        [-2.9791e-01, -1.4699e-02,  1.7167e-02, -9.0939e-02,  4.7531e-01,
          3.8411e-01,  8.3717e-02,  1.9112e-01,  8.2462e-02,  9.5953e-02,
          3.2478e-02, -3.5906e-01, -1.1938e-01, -5.2711e-02,  1.8482e-01,
         -9.2299e-02],
        [-7.5584e-02, -4.1454e-01,  1.5726e-01,  8.2082e-02, -4.3678e-01,
         -2.5930e-02, -2.4550e-01, -4.1290e-01, -3.1991e-01, -1.1109e-02,
          1.0719e-01,  5.0010e-01,  2.4577e-01, -5.0174e-02, -5.6541e-02,
          8.3463e-02],
        [ 1.9315e-01,  2.1424e-02,  7.9508e-02, -2.6901e-01, -4.0079e-01,
          6.4504e-04, -5.3029e-02, -4.0854e-02, -4.1745e-01, -7.7671e-02,
          2.2451e-01,  3.0354e-01,  3.6281e-01,  1.7521e-01, -2.3645e-01,
         -1.3399e-01],
        [-1.8944e-01,  2.2071e-01, -1.3153e-01,  6.5039e-02,  1.8339e-01,
          2.4741e-01,  2.8050e-01,  3.1944e-01,  1.8618e-01,  1.8191e-01,
         -1.2375e-01, -2.5512e-01, -1.9563e-01, -1.2615e-01,  3.3585e-01,
         -8.2132e-02],
        [ 1.6298e-01, -2.1170e-01,  6.1054e-02, -2.3979e-01, -2.8832e-01,
         -3.4018e-01, -3.1164e-01, -4.6623e-02, -4.9658e-01, -4.0845e-02,
          1.3367e-01, -2.3562e-02,  2.6984e-01,  1.9138e-01, -6.6343e-02,
          1.2757e-01],
        [ 3.1465e-01, -2.1147e-01,  1.8500e-01, -4.3017e-02, -4.2109e-01,
         -1.9885e-01, -3.9227e-01, -5.8543e-02, -1.5582e-01, -1.9748e-01,
          6.6604e-02,  3.0875e-01,  2.0287e-02,  6.0415e-02, -1.0890e-01,
          1.3883e-01],
        [-1.1996e-01,  3.2217e-01,  4.3284e-02, -1.3068e-01,  3.4157e-01,
         -6.1589e-02,  3.2796e-01,  4.4064e-01,  2.4844e-01, -9.1524e-03,
         -1.9414e-01, -3.0144e-01, -2.5490e-01, -1.5076e-01,  4.3867e-01,
         -1.9432e-01],
        [-4.1285e-02,  3.5655e-03,  2.0545e-03,  3.6521e-01,  1.3535e-01,
          1.0089e-01,  2.8550e-01,  4.6962e-02,  1.7285e-01,  2.0643e-01,
          1.9931e-01, -3.5870e-01, -2.6814e-01, -3.4278e-01,  7.7178e-02,
          8.7705e-02],
        [ 3.0287e-01, -2.6224e-01, -3.1246e-02, -1.1220e-01, -8.7466e-02,
         -3.5505e-01, -3.2308e-01, -3.0182e-01, -3.5799e-01, -7.9207e-02,
          2.5942e-01,  2.6817e-01, -1.4799e-02,  2.5906e-01,  5.0010e-03,
          1.5659e-01],
        [ 1.2122e-01, -2.3837e-03,  2.1320e-01, -2.7849e-01, -2.5545e-01,
         -1.1870e-01, -1.3589e-01, -3.0777e-01, -3.7437e-01, -2.0691e-01,
         -1.7481e-02,  3.3818e-01,  2.7739e-01,  1.4496e-02, -2.6023e-01,
         -9.0479e-02],
        [ 1.3464e-01, -4.3625e-01,  7.8612e-02, -6.9629e-02, -1.6975e-02,
         -2.1000e-01,  4.3205e-02, -2.2923e-01, -4.7125e-01,  1.4443e-01,
          2.7782e-01,  3.6595e-02,  8.8660e-02,  1.7876e-01, -4.0961e-01,
          2.7137e-01],
        [-1.7736e-02, -2.5308e-01,  2.1578e-03,  1.2896e-01, -3.1005e-01,
         -1.8727e-01, -4.7099e-02, -4.1315e-01, -2.6874e-01, -2.7497e-01,
         -1.8996e-01,  1.5046e-01,  2.4582e-01,  2.7145e-01, -4.6780e-01,
          2.7599e-02],
        [ 1.8602e-01, -1.0399e-01,  2.2058e-01, -2.9834e-01, -2.5674e-01,
         -6.2751e-02, -4.0457e-01, -1.0072e-01, -4.7079e-01,  7.0752e-02,
          1.5391e-01,  1.4083e-01,  2.9968e-01,  2.5474e-01, -2.0547e-03,
          2.4398e-01],
        [-2.5037e-01,  2.6832e-01,  1.0702e-01,  1.5426e-01,  4.0810e-01,
         -8.2392e-03,  3.7115e-01,  2.4665e-01,  5.6613e-02,  1.6292e-02,
          1.6243e-01, -3.1930e-01, -2.7842e-01, -1.4954e-01,  1.1446e-01,
         -5.0468e-02],
        [ 2.0093e-01, -1.1765e-01,  3.2788e-02, -6.3772e-02, -3.6312e-01,
         -2.4328e-01, -1.2267e-01, -3.9528e-01, -9.3056e-02, -1.6099e-02,
          6.0342e-02,  1.7267e-01,  3.8418e-01,  2.2672e-01, -7.6215e-02,
          1.7775e-01],
        [-2.4462e-01,  2.8116e-01, -2.4658e-01,  2.1615e-01,  2.1680e-02,
          1.1931e-01,  3.9224e-01,  3.9091e-01,  4.6698e-01,  1.6935e-01,
          6.3231e-02, -1.4039e-01, -4.0033e-02,  8.1704e-02,  2.2581e-01,
         -1.9099e-01],
        [-2.0010e-01,  1.3019e-01,  5.4996e-02, -4.3917e-02,  2.7309e-01,
          3.3674e-01,  3.8325e-01,  3.7702e-02,  3.1689e-01,  2.3523e-01,
         -3.1343e-01, -5.4810e-02, -3.6244e-01, -1.9729e-01,  1.0373e-01,
         -1.6535e-01],
        [-3.7746e-02, -1.0799e-01,  1.5390e-01,  1.8736e-03, -5.2441e-02,
         -2.7812e-01, -3.9540e-01, -4.2039e-01, -3.7269e-01, -1.8191e-01,
          1.5104e-01,  1.4071e-02,  1.4300e-02,  1.7631e-01, -3.6759e-01,
          1.1886e-01]], device='cuda:0', requires_grad=True)

Parameter name: road_linear_0.bias
Shape: torch.Size([32])
Values: Parameter containing:
tensor([-0.1124,  0.0296,  0.1011, -0.0629,  0.0107, -0.0950,  0.0835,  0.1479,
        -0.0361, -0.0094, -0.0274,  0.0640,  0.1283,  0.0514,  0.0281,  0.0854,
        -0.0729, -0.0186,  0.0997,  0.0487, -0.0384, -0.0767,  0.0055, -0.0004,
        -0.0778,  0.1427,  0.1683,  0.0277, -0.0575, -0.1991,  0.0226,  0.0067],
       device='cuda:0', requires_grad=True)

Parameter name: road_linear_1.weight
Shape: torch.Size([1, 32])
Values: Parameter containing:
tensor([[ 0.3035,  0.4083, -0.2679, -0.3140,  0.3897,  0.4265, -0.3393, -0.4310,
         -0.3411,  0.4435,  0.2964,  0.4406, -0.3250, -0.4743,  0.3535, -0.3457,
         -0.3573,  0.3800, -0.2593, -0.2879,  0.4916,  0.3188, -0.3962, -0.4289,
         -0.3888, -0.4262, -0.3569,  0.4155, -0.3882,  0.4407,  0.3155, -0.2823]],
       device='cuda:0', requires_grad=True)

Parameter name: linear_0.weight
Shape: torch.Size([32, 39])
Values: Parameter containing:
tensor([[-0.0450,  0.1200,  0.0751,  ...,  0.1383, -0.2027, -0.1137],
        [-0.1444, -0.0240,  0.1357,  ...,  0.0583, -0.2457,  0.0871],
        [ 0.0342, -0.0531,  0.0260,  ...,  0.0639,  0.1872,  0.0345],
        ...,
        [ 0.1442, -0.1725, -0.0322,  ..., -0.1813, -0.0395, -0.1180],
        [ 0.1247, -0.2329, -0.0761,  ..., -0.2283,  0.0773,  0.1557],
        [-0.2223,  0.1786,  0.0770,  ...,  0.0574, -0.1941, -0.0509]],
       device='cuda:0', requires_grad=True)

Parameter name: linear_0.bias
Shape: torch.Size([32])
Values: Parameter containing:
tensor([ 0.0659,  0.0358, -0.0690, -0.1403, -0.0772,  0.0521, -0.0933,  0.0584,
        -0.0389,  0.0498,  0.0275,  0.0157, -0.0198,  0.0984, -0.0340, -0.0102,
         0.0476, -0.1605, -0.0180,  0.0781, -0.0783,  0.0140,  0.1127,  0.0312,
        -0.1022,  0.1060,  0.0523, -0.1285,  0.0416,  0.1845,  0.1791, -0.1110],
       device='cuda:0', requires_grad=True)

Parameter name: linear_1.weight
Shape: torch.Size([32, 32])
Values: Parameter containing:
tensor([[ 0.0854, -0.1900, -0.0843,  ...,  0.0856, -0.0217,  0.0584],
        [-0.1997, -0.0351,  0.1220,  ...,  0.1820, -0.0065,  0.0300],
        [ 0.1290, -0.0407, -0.1886,  ..., -0.1713, -0.0092,  0.2024],
        ...,
        [ 0.1393,  0.0735,  0.0687,  ...,  0.0525, -0.2024,  0.3000],
        [ 0.0309, -0.1761,  0.0430,  ...,  0.2907,  0.2353, -0.1493],
        [ 0.0093, -0.1191,  0.2261,  ...,  0.2579,  0.1435, -0.0664]],
       device='cuda:0', requires_grad=True)

Parameter name: linear_1.bias
Shape: torch.Size([32])
Values: Parameter containing:
tensor([ 0.1318,  0.1737, -0.0615, -0.1379,  0.0260, -0.0218, -0.0847,  0.0233,
         0.1852, -0.1663,  0.1378, -0.1495,  0.2189,  0.0586, -0.0936,  0.1787,
        -0.0905, -0.1788,  0.0571,  0.0511, -0.0606,  0.0736, -0.2247,  0.2128,
        -0.0055, -0.0573,  0.0863,  0.0103, -0.1770, -0.0771,  0.1679,  0.0449],
       device='cuda:0', requires_grad=True)

Parameter name: linear_2.weight
Shape: torch.Size([1, 32])
Values: Parameter containing:
tensor([[ 0.5632,  0.4836, -0.5387, -0.5349,  0.3833,  0.4002, -0.4550,  0.4006,
          0.4628, -0.4990, -0.4210,  0.4397,  0.4381,  0.4253,  0.4691,  0.4489,
         -0.5562, -0.5652,  0.4152,  0.4170, -0.4833, -0.4652, -0.5607,  0.4231,
          0.5080,  0.5602, -0.5359,  0.5253, -0.4649, -0.5533,  0.4991,  0.5468]],
       device='cuda:0', requires_grad=True)

Parameter name: linear_2.bias
Shape: torch.Size([1])
Values: Parameter containing:
tensor([0.3346], device='cuda:0', requires_grad=True)

