Parameter name: road_linear_0.weight
Shape: torch.Size([32, 16])
Values: Parameter containing:
tensor([[-0.2600,  0.4502,  0.0978, -0.0792,  0.2840,  0.1600,  0.3417,  0.0898,
          0.3237,  0.1593,  0.0982, -0.2501, -0.3735, -0.2640,  0.3768,  0.1367],
        [-0.1296, -0.1285,  0.0290, -0.0986,  0.0603,  0.2172,  0.0946,  0.2372,
          0.5371, -0.0058,  0.1960, -0.3184,  0.0424,  0.0793,  0.5627,  0.0399],
        [ 0.0428, -0.1343,  0.2879, -0.0685, -0.2322, -0.3080, -0.1014, -0.5452,
         -0.1294,  0.0091,  0.0660,  0.0607,  0.5153,  0.2323, -0.0755,  0.2002],
        [ 0.1034, -0.1790, -0.0850,  0.0471, -0.1005, -0.1417, -0.0577, -0.1546,
         -0.5222, -0.2349, -0.0975,  0.3910,  0.2469, -0.2887, -0.3294, -0.0033],
        [ 0.0224,  0.3489, -0.0312, -0.1199,  0.2542,  0.0460,  0.0082,  0.4191,
          0.2776,  0.1546,  0.2088, -0.2214, -0.0400, -0.1129,  0.4253, -0.0419],
        [ 0.0063,  0.4486, -0.2733,  0.3443,  0.4606, -0.0492,  0.3155,  0.0800,
          0.3702,  0.1367, -0.2687, -0.1758, -0.3197,  0.2044,  0.4633, -0.0252],
        [ 0.2397, -0.0740,  0.2618, -0.0841, -0.1584, -0.1649, -0.1432, -0.3316,
         -0.3913,  0.1166, -0.0060,  0.1323, -0.0330,  0.0793, -0.4255,  0.0284],
        [-0.1845,  0.0457,  0.2171, -0.2555, -0.4509, -0.2521, -0.0598, -0.3697,
         -0.3389, -0.0808, -0.0431,  0.1152,  0.2982, -0.2284, -0.2260,  0.2338],
        [-0.0740,  0.0331,  0.1841, -0.1670, -0.2030, -0.3095, -0.1172, -0.2209,
         -0.1468, -0.1855, -0.1801,  0.1660, -0.0697,  0.0527, -0.5475, -0.0113],
        [-0.1767,  0.1439,  0.0271, -0.0984,  0.1760,  0.1251,  0.0055,  0.3440,
          0.4337, -0.1320,  0.2269, -0.0863, -0.2535,  0.0309,  0.3640, -0.0908],
        [-0.2542,  0.4204,  0.0600, -0.1133,  0.0981,  0.3747,  0.2285,  0.2386,
          0.5181,  0.1365,  0.0245, -0.0920, -0.2549,  0.2288,  0.1390, -0.2314],
        [ 0.0027,  0.1276,  0.1161, -0.0094,  0.2943,  0.0692,  0.3014,  0.2575,
          0.3307,  0.2083,  0.2745, -0.0257, -0.4245, -0.1071,  0.2420, -0.0812],
        [ 0.2541, -0.0994,  0.0548, -0.1075, -0.2418,  0.0297, -0.1025, -0.4536,
         -0.4904, -0.0071,  0.0012,  0.1389,  0.0133,  0.0846, -0.3932, -0.0454],
        [ 0.0782,  0.1391,  0.2272,  0.0867, -0.3980,  0.0113,  0.0159, -0.1655,
         -0.3818, -0.0230, -0.2048,  0.1737,  0.0998, -0.0667, -0.5261,  0.1148],
        [-0.2510, -0.0528,  0.0621, -0.1315,  0.4886,  0.3728,  0.0353,  0.2259,
          0.1381,  0.0484,  0.1036, -0.3993, -0.0741,  0.0080,  0.2320, -0.0457],
        [-0.1146, -0.3877,  0.1171,  0.1187, -0.4529, -0.0254, -0.2164, -0.4400,
         -0.3448,  0.0288,  0.0430,  0.5245,  0.2159, -0.1118, -0.0838,  0.0390],
        [ 0.1392,  0.0491,  0.0304, -0.2246, -0.4113,  0.0113, -0.0019, -0.0700,
         -0.4658, -0.0248,  0.1474,  0.3341,  0.3196,  0.1045, -0.2774, -0.1864],
        [-0.1638,  0.2220, -0.0986,  0.0349,  0.2103,  0.2389,  0.2606,  0.3506,
          0.2101,  0.1500, -0.0848, -0.2890, -0.1903, -0.0728,  0.3651, -0.0478],
        [ 0.1582, -0.2291,  0.0322, -0.2116, -0.3281, -0.3294, -0.3050, -0.0861,
         -0.5331, -0.0176,  0.1199,  0.0203,  0.2919,  0.1419, -0.1046,  0.1009],
        [ 0.3187, -0.2297,  0.1613, -0.0197, -0.4642, -0.1902, -0.3924, -0.0982,
         -0.1883, -0.1802,  0.0536,  0.3536,  0.0401,  0.0177, -0.1445,  0.1185],
        [-0.0802,  0.2914,  0.0824, -0.1665,  0.3479, -0.0625,  0.3001,  0.4610,
          0.2629, -0.0481, -0.1298, -0.3157, -0.2184, -0.0909,  0.4576, -0.1496],
        [-0.0128,  0.0057,  0.0371,  0.3323,  0.1839,  0.0934,  0.2543,  0.0917,
          0.2330,  0.1713,  0.2507, -0.4110, -0.2731, -0.2880,  0.1237,  0.1232],
        [ 0.3011, -0.2792, -0.0573, -0.0867, -0.1268, -0.3450, -0.3194, -0.3399,
         -0.3901, -0.0589,  0.2456,  0.3110,  0.0046,  0.2141, -0.0305,  0.1329],
        [ 0.0669,  0.0202,  0.1634, -0.2341, -0.2607, -0.1046, -0.0858, -0.3327,
         -0.4026, -0.1538, -0.0862,  0.3631,  0.2375, -0.0560, -0.2949, -0.1429],
        [ 0.0839, -0.4042,  0.0320, -0.0275, -0.0267, -0.2017,  0.0894, -0.2566,
         -0.5184,  0.1938,  0.2013,  0.0644,  0.0437,  0.1113, -0.4487,  0.2208],
        [-0.0736, -0.1997, -0.0507,  0.1770, -0.2961, -0.1778,  0.0029, -0.4284,
         -0.2888, -0.2205, -0.2682,  0.1548,  0.1886,  0.2008, -0.4995, -0.0290],
        [ 0.2289, -0.1283,  0.2128, -0.2849, -0.3009, -0.0578, -0.4333, -0.1412,
         -0.5003,  0.0649,  0.1581,  0.1852,  0.3302,  0.2301, -0.0358,  0.2414],
        [-0.2146,  0.2565,  0.1456,  0.1191,  0.4423, -0.0151,  0.3366,  0.2846,
          0.1011, -0.0232,  0.2213, -0.3627, -0.2618, -0.0907,  0.1548, -0.0104],
        [ 0.1658, -0.1162, -0.0055, -0.0290, -0.3930, -0.2318, -0.0886, -0.4304,
         -0.1333,  0.0228,  0.0119,  0.2126,  0.3759,  0.1684, -0.1144,  0.1387],
        [-0.2513,  0.2951, -0.2283,  0.1977,  0.0618,  0.1159,  0.3999,  0.4263,
          0.4919,  0.1585,  0.0818, -0.1802, -0.0536,  0.1201,  0.2541, -0.1733],
        [-0.1904,  0.1460,  0.0840, -0.0721,  0.3121,  0.3258,  0.3717,  0.0768,
          0.3551,  0.2101, -0.2963, -0.0985, -0.3830, -0.1485,  0.1419, -0.1381],
        [-0.0838, -0.0938,  0.1088,  0.0423, -0.0705, -0.2653, -0.3522, -0.4517,
         -0.4099, -0.1350,  0.0893,  0.0483, -0.0127,  0.1102, -0.4057,  0.0716]],
       device='cuda:0', requires_grad=True)

Parameter name: road_linear_0.bias
Shape: torch.Size([32])
Values: Parameter containing:
tensor([-0.0991,  0.0871,  0.1111, -0.1062,  0.0553, -0.0955,  0.0697,  0.1431,
        -0.0588,  0.0417, -0.0256,  0.0758,  0.0994,  0.0040,  0.0567,  0.0544,
        -0.0934, -0.0173,  0.1130,  0.0612, -0.0052, -0.0761,  0.0178, -0.0157,
        -0.1051,  0.0905,  0.1853,  0.0397, -0.0584, -0.2041,  0.0102, -0.0035],
       device='cuda:0', requires_grad=True)

Parameter name: road_linear_1.weight
Shape: torch.Size([1, 32])
Values: Parameter containing:
tensor([[ 0.3486,  0.4927, -0.2904, -0.3801,  0.4551,  0.4661, -0.3778, -0.4637,
         -0.3801,  0.5147,  0.3289,  0.4774, -0.3766, -0.5405,  0.4041, -0.4015,
         -0.3972,  0.4178, -0.2745, -0.3122,  0.5459,  0.3406, -0.4173, -0.4726,
         -0.4322, -0.4932, -0.3764,  0.4606, -0.4183,  0.4781,  0.3315, -0.3189]],
       device='cuda:0', requires_grad=True)

Parameter name: linear_0.weight
Shape: torch.Size([32, 39])
Values: Parameter containing:
tensor([[-0.0344,  0.1093,  0.0657,  ...,  0.1514, -0.2317, -0.1137],
        [-0.1426, -0.0277,  0.1369,  ...,  0.0559, -0.2542,  0.0871],
        [ 0.0311, -0.0482,  0.0260,  ...,  0.0645,  0.2010,  0.0345],
        ...,
        [ 0.1443, -0.1704, -0.0357,  ..., -0.1762, -0.0380, -0.1180],
        [ 0.1219, -0.2283, -0.0763,  ..., -0.2271,  0.0890,  0.1557],
        [-0.2157,  0.1715,  0.0718,  ...,  0.0644, -0.2148, -0.0509]],
       device='cuda:0', requires_grad=True)

Parameter name: linear_0.bias
Shape: torch.Size([32])
Values: Parameter containing:
tensor([ 0.0738,  0.0328, -0.0671, -0.1407, -0.0802,  0.0467, -0.0902,  0.0672,
        -0.0374,  0.0482,  0.0402,  0.0186, -0.0221,  0.1015, -0.0301, -0.0141,
         0.0468, -0.1623, -0.0103,  0.0827, -0.0850,  0.0099,  0.1141,  0.0362,
        -0.1067,  0.1071,  0.0528, -0.1350,  0.0425,  0.1897,  0.1812, -0.1073],
       device='cuda:0', requires_grad=True)

Parameter name: linear_1.weight
Shape: torch.Size([32, 32])
Values: Parameter containing:
tensor([[ 8.9879e-02, -1.9771e-01, -7.6709e-02,  ...,  9.2120e-02,
         -1.5374e-02,  6.2423e-02],
        [-1.9378e-01, -4.3046e-02,  1.2994e-01,  ...,  1.8899e-01,
          6.9874e-05,  3.5472e-02],
        [ 1.2284e-01, -3.4239e-02, -1.9426e-01,  ..., -1.7720e-01,
         -1.4651e-02,  1.9642e-01],
        ...,
        [ 1.3194e-01,  7.6102e-02,  7.4826e-02,  ...,  5.0021e-02,
         -2.0522e-01,  2.9247e-01],
        [ 3.3340e-02, -1.8609e-01,  5.1516e-02,  ...,  2.9850e-01,
          2.4407e-01, -1.4756e-01],
        [ 1.4182e-02, -1.2474e-01,  2.3027e-01,  ...,  2.6287e-01,
          1.4778e-01, -6.1530e-02]], device='cuda:0', requires_grad=True)

Parameter name: linear_1.bias
Shape: torch.Size([32])
Values: Parameter containing:
tensor([ 0.1376,  0.1801, -0.0671, -0.1428,  0.0318, -0.0155, -0.0904,  0.0295,
         0.1908, -0.1720,  0.1507, -0.1735,  0.2246,  0.0651, -0.0880,  0.1850,
        -0.0589, -0.1848,  0.0627,  0.0565, -0.0661,  0.0679, -0.2296,  0.2192,
         0.0009, -0.0810,  0.0885,  0.0146, -0.1833, -0.0797,  0.1739,  0.0499],
       device='cuda:0', requires_grad=True)

Parameter name: linear_2.weight
Shape: torch.Size([1, 32])
Values: Parameter containing:
tensor([[ 0.6821,  0.6061, -0.6623, -0.6498,  0.5084,  0.5254, -0.5784,  0.5080,
          0.5724, -0.6244, -0.5411,  0.5570,  0.5518,  0.5503,  0.5792,  0.5554,
         -0.6717, -0.6875,  0.5386,  0.5350, -0.5977, -0.5881, -0.6868,  0.5459,
          0.6319,  0.6780, -0.6591,  0.6442, -0.5857, -0.6778,  0.6048,  0.6669]],
       device='cuda:0', requires_grad=True)

Parameter name: linear_2.bias
Shape: torch.Size([1])
Values: Parameter containing:
tensor([0.4352], device='cuda:0', requires_grad=True)

