Parameter name: road_linear_0.weight
Shape: torch.Size([32, 16])
Values: Parameter containing:
tensor([[ 1.1389e-01,  6.1836e-01, -1.6035e-01,  1.1739e-01,  6.6194e-02,
         -3.6532e-01,  4.7451e-01,  4.1766e-02,  2.5768e-03, -7.4198e-02,
          5.0509e-01, -9.4542e-02,  1.5831e-01, -1.5167e-03, -2.0174e-01,
          5.3749e-01],
        [-3.3271e-02, -2.0302e-01, -1.5352e-01, -6.6326e-02, -4.3867e-01,
          3.6840e-02,  3.2004e-02,  7.3684e-03,  2.3359e-01, -7.9321e-02,
          3.0134e-01, -1.0064e-01,  3.3805e-01, -5.5923e-03,  8.5381e-03,
          9.5704e-02],
        [-2.4577e-01,  1.0154e-01,  3.5587e-01, -1.1389e-01, -2.2246e-01,
         -1.4084e-01,  8.5717e-02, -3.9580e-01,  4.3360e-01,  3.8481e-01,
         -5.1423e-02, -6.9757e-01,  5.3704e-02,  1.3481e-01,  3.5530e-01,
          4.9474e-03],
        [-4.3970e-02, -2.8054e-01,  5.2658e-02,  1.0411e-02,  4.1237e-01,
          1.9845e-01, -1.5816e-01, -5.0050e-02, -4.7208e-01, -1.6530e-01,
         -2.2998e-01,  3.4315e-01, -1.1680e-02, -6.3103e-02,  9.0081e-02,
         -1.7638e-01],
        [ 3.5284e-02,  1.0722e-01, -1.6082e-01, -1.2106e-01, -1.1642e-01,
         -2.1476e-02, -1.8685e-01,  7.9983e-02, -7.9789e-02,  1.2281e-01,
          2.6997e-01,  8.6648e-03,  2.1701e-01, -6.1690e-02, -1.1369e-02,
         -9.4167e-02],
        [ 7.2919e-02,  8.8292e-02, -3.3035e-01,  3.1516e-01,  1.6021e-01,
         -7.3939e-02, -3.1492e-02, -3.0324e-01, -2.7250e-02,  1.3836e-01,
         -2.0734e-01,  1.2483e-01, -5.6213e-03,  2.5525e-01,  1.3131e-01,
         -3.2642e-02],
        [ 2.7019e-01,  3.0452e-01,  2.3010e-01, -5.1361e-02, -2.6732e-01,
         -2.2241e-01,  1.4195e-01,  2.0737e-03,  2.4664e-01,  1.6603e-01,
          1.9646e-01, -3.5468e-01, -1.7032e-01, -1.3702e-01, -2.5063e-01,
          1.3340e-01],
        [-5.2614e-01,  1.6100e-01,  6.7008e-01, -5.4334e-01, -6.7112e-01,
         -9.9024e-02, -2.7463e-02, -3.2126e-01,  6.0827e-01,  3.7181e-01,
         -2.8489e-01, -8.6427e-01, -2.4843e-01, -5.0465e-01,  4.4619e-01,
          6.3049e-02],
        [-7.0976e-02,  4.8706e-01,  2.6972e-01, -1.6043e-01, -1.4477e-01,
         -4.0145e-01,  2.1502e-01,  1.4834e-01,  5.1655e-01, -7.4892e-02,
         -8.4761e-02, -3.9682e-01, -3.0006e-01, -8.4447e-02, -1.0123e-01,
          1.5370e-01],
        [-3.0211e-01, -3.0466e-01,  8.6182e-02, -2.2216e-01, -1.2816e-01,
          2.6575e-01, -3.7568e-01, -1.4987e-01, -4.5695e-02, -4.3515e-02,
          7.1807e-02,  3.4860e-01, -1.7602e-01, -5.7316e-02,  5.9661e-02,
         -2.8244e-01],
        [-1.8251e-01,  7.9853e-02,  9.5388e-02, -1.4471e-01,  1.4409e-01,
          3.2610e-01, -2.4828e-02, -5.4776e-02, -1.5553e-01,  1.6979e-02,
          3.0066e-02,  4.5324e-01, -1.7865e-02,  4.1278e-01, -1.8039e-01,
         -2.0468e-01],
        [-1.4300e-01, -3.7131e-01,  8.8480e-02, -9.4552e-02, -5.1720e-03,
          2.3210e-01, -4.2698e-02, -1.9601e-01, -1.6961e-01,  2.2592e-01,
          1.1664e-01,  4.1509e-01, -2.9301e-01, -1.1840e-01, -7.3408e-02,
         -3.5900e-01],
        [ 1.6145e-01,  1.5911e-01,  4.7661e-02, -6.8811e-02, -3.7395e-02,
          1.7586e-01,  1.4962e-01, -1.0068e-01,  1.6697e-02,  1.8186e-02,
         -7.0491e-02, -2.5197e-01, -2.7273e-01, -1.5353e-02, -1.1182e-02,
         -1.3347e-01],
        [ 4.3036e-01,  8.5238e-01,  7.2288e-02,  3.7970e-01,  1.8024e-02,
         -4.1318e-01,  6.3146e-01,  4.9690e-01,  8.0904e-02, -2.4289e-01,
          1.9141e-01, -1.6061e-01,  2.1069e-01,  9.3547e-02, -4.1022e-01,
          6.3241e-01],
        [-4.8410e-01, -6.4134e-01,  2.3801e-01, -3.7039e-01,  2.1143e-01,
          6.4039e-01, -4.3566e-01, -3.2247e-01, -3.7668e-01,  1.9553e-01,
         -2.3512e-01,  8.1418e-02, -1.2632e-01, -1.0721e-01,  9.2742e-02,
         -3.6561e-01],
        [-2.0990e-01, -1.0784e-01,  1.2385e-01,  1.8351e-01, -1.2658e-01,
          9.7832e-02,  4.6483e-02, -5.9194e-02,  8.8235e-02,  6.1234e-02,
         -3.0929e-02,  1.8907e-01, -7.5405e-02, -1.8865e-01,  3.1611e-01,
         -2.3683e-02],
        [ 2.6081e-01,  2.8534e-01,  1.6584e-01, -2.1538e-01, -4.7218e-02,
          1.4823e-02,  1.4528e-01,  2.5967e-01, -1.2503e-01, -1.4691e-01,
          1.6796e-01,  2.3702e-01,  1.8148e-01,  7.9265e-02,  4.3586e-02,
         -3.2926e-02],
        [-1.9663e-01, -5.5136e-03, -2.8257e-01,  4.8689e-02, -2.1860e-01,
          2.2218e-01,  9.5628e-02,  7.7779e-02,  8.0030e-03,  1.3138e-01,
         -3.7598e-02, -1.6860e-01,  5.8297e-02, -1.1790e-01,  5.4927e-02,
         -1.5026e-01],
        [ 1.1495e-01,  1.3736e-01, -5.2819e-02, -1.3686e-01, -3.9508e-01,
         -3.4190e-01, -1.0426e-02,  2.2347e-01,  8.3267e-02,  8.6284e-02,
          1.3951e-01, -4.7310e-01,  1.0965e-01, -1.4829e-01,  1.1145e-01,
          1.3956e-01],
        [ 4.5272e-01,  4.2825e-01, -8.6230e-02,  2.9922e-01, -9.5525e-02,
         -4.3136e-01,  1.8184e-01,  4.5975e-01,  1.7938e-01, -2.2294e-01,
          2.7410e-01, -5.1905e-02,  1.2828e-02,  1.3048e-01, -8.5876e-02,
          3.9738e-01],
        [-1.4830e-01,  2.2004e-03, -1.0278e-01, -1.3155e-01, -9.5904e-02,
         -8.8016e-02,  6.1735e-02,  1.2319e-01,  3.5104e-03, -1.7710e-04,
         -7.3212e-02, -1.8972e-01,  8.6212e-02, -1.1009e-01,  7.2809e-02,
         -2.7226e-01],
        [ 8.8732e-02, -4.0002e-01, -1.9661e-01,  4.5369e-01, -4.5340e-02,
         -1.2735e-02,  5.0643e-02, -1.8304e-01, -5.1947e-01, -3.6601e-02,
          2.8071e-01,  2.0991e-01,  2.3208e-01,  2.1364e-02, -5.2016e-01,
          4.2375e-02],
        [ 2.9511e-01,  2.0163e-01,  8.4348e-02, -1.3679e-01, -1.7293e-01,
         -4.6653e-01,  2.9478e-02,  8.5855e-04,  3.7492e-01,  3.1880e-02,
          1.5645e-01, -2.8786e-01, -3.3532e-01, -9.2060e-02,  3.5417e-01,
          2.8360e-01],
        [ 1.8521e-01,  2.9807e-01,  4.2624e-01, -3.1421e-01, -6.8393e-02,
         -1.9959e-01,  8.2991e-02, -7.4379e-02,  1.3964e-03, -1.1958e-01,
         -8.7863e-02,  6.8920e-02,  3.4404e-02, -1.2244e-01,  4.3964e-02,
          9.6695e-02],
        [ 1.8188e-02, -2.1201e-01,  1.5118e-01, -3.6962e-02,  3.4603e-01,
         -8.4079e-02,  2.4532e-01,  4.3315e-02, -1.1817e-01,  1.9854e-01,
          9.8988e-02, -1.9275e-01, -2.3684e-01,  1.2772e-01,  2.0495e-03,
          1.8379e-01],
        [-4.0360e-02,  4.6134e-02,  1.3302e-01,  1.8488e-01,  1.8216e-01,
         -1.4305e-01,  2.3128e-01, -7.9542e-02,  4.4517e-03, -2.1152e-01,
         -2.9917e-01,  3.3494e-02, -7.8507e-02,  1.7456e-01, -6.1059e-02,
          7.6273e-02],
        [ 6.7811e-02,  2.9238e-01,  3.4375e-01, -3.0836e-01, -2.4836e-01,
         -9.3491e-02, -9.4666e-02,  1.5300e-01,  6.0301e-02,  2.6508e-01,
          5.4046e-02, -2.8967e-01, -2.9372e-02,  1.0492e-02,  3.6231e-01,
          3.0563e-01],
        [-3.0802e-01, -2.1802e-01,  1.4936e-01,  9.0429e-03,  1.3702e-01,
          1.0780e-01, -4.6070e-02, -1.9671e-01, -3.7464e-01,  1.4868e-02,
          1.3297e-01,  7.7527e-02, -1.2034e-01, -9.9638e-02, -1.5276e-01,
         -2.0217e-01],
        [ 1.9800e-02,  1.1034e-01,  3.2916e-01, -2.7895e-01, -4.7151e-01,
         -1.4723e-01, -2.2128e-02, -3.2745e-01,  4.3535e-01,  2.7519e-01,
         -1.4277e-01, -4.7610e-01, -4.1591e-02,  1.2513e-01,  4.3394e-01,
          1.3440e-01],
        [-6.8150e-02, -4.4238e-02, -4.5477e-01,  2.5211e-01, -1.2214e-01,
          1.1703e-01,  1.0913e-01,  1.4580e-01, -1.1576e-01, -4.8030e-02,
          2.0715e-01,  3.2313e-01,  3.4563e-01,  3.4737e-01, -2.0417e-01,
         -2.1958e-01],
        [-1.7932e-01, -1.9070e-01, -1.0059e-03, -1.1377e-01,  1.9960e-02,
          3.2412e-01,  1.3097e-01, -2.5332e-01, -5.5120e-02,  1.7624e-01,
         -1.9863e-01,  2.1780e-01, -1.1064e-01, -1.0308e-01, -2.0527e-01,
         -2.0702e-01],
        [-1.7670e-01, -1.2604e-01,  1.3769e-01,  8.5877e-02,  4.6787e-01,
          4.9358e-03, -3.7809e-01, -2.6211e-01, -4.0917e-01, -1.2613e-01,
         -4.9157e-03,  3.2310e-02, -2.3792e-01,  2.8499e-01, -9.9385e-02,
         -7.6559e-02]], device='cuda:0', requires_grad=True)

Parameter name: road_linear_0.bias
Shape: torch.Size([32])
Values: Parameter containing:
tensor([-5.8662e-01, -2.0805e-02,  1.8011e-01,  9.5686e-05,  7.6520e-02,
        -1.4859e-01,  9.2227e-04,  2.8233e-01, -3.6358e-01,  3.1011e-01,
         2.3914e-01,  4.3635e-01,  2.1290e-01, -4.3299e-01,  3.7125e-01,
         4.2911e-02, -1.4212e-01, -7.3515e-02, -1.3552e-01, -5.2973e-01,
        -1.0646e-01, -1.7492e-01, -2.1648e-01, -1.5743e-01, -1.8452e-01,
         2.8421e-01,  2.3737e-02,  3.7801e-01, -1.4653e-01, -1.8831e-01,
         2.2687e-01,  1.1025e-01], device='cuda:0', requires_grad=True)

Parameter name: road_linear_1.weight
Shape: torch.Size([1, 32])
Values: Parameter containing:
tensor([[-0.3672, -0.4036, -0.5488,  0.5917, -0.0520,  0.1916, -0.4679, -0.6457,
         -0.6285,  0.2629,  0.3742,  0.2366, -0.0881, -0.4904,  0.4279, -0.1132,
          0.2332, -0.2776, -0.4499, -0.3066, -0.1419,  0.3390, -0.3487, -0.0827,
          0.2792,  0.1961, -0.3991,  0.2832, -0.5768,  0.3774,  0.0098,  0.5668]],
       device='cuda:0', requires_grad=True)

Parameter name: linear_0.weight
Shape: torch.Size([32, 39])
Values: Parameter containing:
tensor([[ 0.2319,  0.0948,  0.1338,  ...,  0.0370,  0.0296, -0.1137],
        [ 0.1929, -0.1867, -0.0061,  ..., -0.0255, -0.0656,  0.0871],
        [ 0.0550, -0.0049,  0.0346,  ...,  0.1516,  0.0043,  0.0345],
        ...,
        [-0.1154, -0.3357, -0.2357,  ..., -0.1147, -0.2591, -0.1180],
        [ 0.1520, -0.1954, -0.0705,  ..., -0.1376, -0.0925,  0.1557],
        [-0.3879,  0.2498,  0.2201,  ..., -0.0287, -0.1122, -0.0509]],
       device='cuda:0', requires_grad=True)

Parameter name: linear_0.bias
Shape: torch.Size([32])
Values: Parameter containing:
tensor([ 0.2463,  0.1578, -0.1724,  0.0693, -0.1874,  0.1274, -0.2208, -0.1213,
        -0.2010,  0.3455,  0.0364, -0.2255,  0.2870,  0.1435,  0.0368, -0.1409,
         0.2973, -0.0165, -0.1743, -0.1608, -0.2404, -0.1280,  0.0503,  0.2095,
        -0.2766, -0.1131, -0.0940, -0.1132,  0.0511, -0.0318,  0.0794, -0.0564],
       device='cuda:0', requires_grad=True)

Parameter name: linear_1.weight
Shape: torch.Size([32, 32])
Values: Parameter containing:
tensor([[ 0.1596,  0.0349, -0.3185,  ...,  0.2053, -0.3098,  0.1786],
        [ 0.0586,  0.3027, -0.0898,  ...,  0.1838, -0.2062, -0.0012],
        [ 0.0837, -0.2169,  0.0804,  ..., -0.3029,  0.3332,  0.0114],
        ...,
        [-0.0023, -0.1562,  0.3163,  ..., -0.1241,  0.0990,  0.1828],
        [ 0.1197,  0.1204, -0.1727,  ...,  0.4298, -0.1057, -0.0946],
        [ 0.0154,  0.0009, -0.0154,  ...,  0.4012, -0.1927,  0.1296]],
       device='cuda:0', requires_grad=True)

Parameter name: linear_1.bias
Shape: torch.Size([32])
Values: Parameter containing:
tensor([ 0.1132,  0.2158,  0.0259, -0.1193,  0.0577, -0.2128, -0.0452, -0.0807,
         0.4020, -0.1524,  0.1905, -0.3089,  0.0744,  0.2976, -0.1011, -0.0144,
        -0.0027, -0.2427, -0.1731,  0.0733,  0.1004,  0.1968, -0.2589, -0.2764,
        -0.1432, -0.0144,  0.2953, -0.1393, -0.2309, -0.1061,  0.1149, -0.0680],
       device='cuda:0', requires_grad=True)

Parameter name: linear_2.weight
Shape: torch.Size([1, 32])
Values: Parameter containing:
tensor([[-0.1291, -0.1427,  0.0297,  0.0475, -0.1754,  0.3556,  0.1602,  0.0096,
         -0.2402, -0.0792, -0.0612, -0.1013, -0.0370,  0.0416, -0.1019, -0.0131,
          0.0226,  0.0643, -0.2107, -0.1510,  0.0394,  0.1104,  0.1402,  0.2306,
         -0.0863, -0.1474,  0.0319,  0.1308,  0.1380,  0.0788,  0.0205, -0.0572]],
       device='cuda:0', requires_grad=True)

Parameter name: linear_2.bias
Shape: torch.Size([1])
Values: Parameter containing:
tensor([-0.0803], device='cuda:0', requires_grad=True)

