Parameter name: road_linear_0.weight
Shape: torch.Size([32, 16])
Values: Parameter containing:
tensor([[-3.6074e-01,  5.4293e-01,  1.5531e-02, -2.5192e-02,  3.6837e-01,
          2.3866e-01,  4.7120e-01,  1.5315e-01,  3.3247e-01,  2.1072e-01,
          7.7378e-02, -3.0868e-01, -4.6127e-01, -3.1432e-01,  3.3461e-01,
          6.6631e-02],
        [-9.8269e-02, -1.6190e-01,  7.6136e-02, -1.4021e-01,  1.4516e-01,
          2.3162e-01,  3.2717e-02,  3.7411e-01,  7.5475e-01, -6.3730e-02,
          2.8878e-01, -4.5836e-01,  6.6917e-02,  1.2989e-01,  7.2944e-01,
          8.5181e-02],
        [ 2.3986e-01, -3.0435e-01,  4.3564e-01, -1.6548e-01, -3.9618e-01,
         -4.0859e-01, -3.3794e-01, -6.3366e-01, -1.5713e-01, -1.0537e-01,
          1.7273e-01,  1.6037e-01,  7.3472e-01,  3.6264e-01, -7.5772e-02,
          3.4339e-01],
        [ 4.1803e-02, -1.0043e-01, -1.5285e-01,  1.0442e-01, -1.3965e-01,
         -1.3906e-01,  2.7228e-02, -2.6739e-01, -7.3599e-01, -1.5675e-01,
         -2.1534e-01,  4.8802e-01,  1.7923e-01, -3.6248e-01, -4.8032e-01,
         -6.7257e-02],
        [ 9.3784e-02,  2.5306e-01,  4.0114e-02, -1.7739e-01,  2.7568e-01,
          4.4634e-02, -8.0218e-02,  5.1540e-01,  4.7576e-01,  7.0299e-02,
          3.3235e-01, -2.8876e-01,  3.9882e-02, -3.2681e-02,  5.5830e-01,
          2.5115e-02],
        [-1.7241e-01,  5.9452e-01, -4.1862e-01,  4.4413e-01,  5.8885e-01,
          4.1222e-02,  5.2843e-01,  1.5222e-01,  3.5997e-01,  2.4403e-01,
         -3.5052e-01, -2.4441e-01, -4.8030e-01,  9.0726e-02,  4.1499e-01,
         -1.5914e-01],
        [ 1.8072e-01, -1.3055e-02,  1.9464e-01, -2.7057e-02, -1.8610e-01,
         -1.4848e-01, -6.8257e-02, -4.1856e-01, -5.6794e-01,  1.8741e-01,
         -1.2305e-01,  2.0228e-01, -9.7112e-02,  6.2461e-03, -5.3064e-01,
         -3.0255e-02],
        [-2.2098e-01,  6.9343e-02,  1.6088e-01, -2.0439e-01, -4.7633e-01,
         -2.2816e-01, -2.2327e-03, -4.4901e-01, -4.7940e-01, -2.5247e-02,
         -1.3660e-01,  1.8889e-01,  2.5852e-01, -2.8594e-01, -3.1526e-01,
          1.8938e-01],
        [-1.3525e-01,  9.1533e-02,  1.1005e-01, -1.0263e-01, -2.6438e-01,
         -2.9637e-01, -2.8156e-02, -3.4717e-01, -3.6860e-01, -1.0516e-01,
         -3.0136e-01,  2.8681e-01, -1.2775e-01, -2.3729e-02, -7.0582e-01,
         -7.7941e-02],
        [-1.2533e-01,  7.9541e-02,  8.8225e-02, -1.5032e-01,  2.2488e-01,
          1.2607e-01, -7.0749e-02,  4.6200e-01,  6.4361e-01, -2.0182e-01,
          3.3393e-01, -1.9202e-01, -1.9917e-01,  9.6268e-02,  5.1599e-01,
         -3.4077e-02],
        [-2.9341e-01,  4.7237e-01,  5.4483e-02, -1.1887e-01,  1.3759e-01,
          3.9013e-01,  2.5926e-01,  3.0419e-01,  5.8145e-01,  1.3627e-01,
          5.0961e-02, -1.6479e-01, -2.9113e-01,  2.2973e-01,  1.6968e-01,
         -2.4503e-01],
        [ 5.0310e-02,  8.3719e-02,  1.8053e-01, -6.6902e-02,  3.3101e-01,
          5.2233e-02,  2.2895e-01,  3.5990e-01,  5.1155e-01,  1.3878e-01,
          3.8028e-01, -1.1971e-01, -3.7468e-01, -4.0797e-02,  3.6452e-01,
         -2.7420e-02],
        [ 1.8037e-01, -7.0574e-03, -1.7797e-02, -4.9113e-02, -2.5873e-01,
          3.9884e-02, -1.6448e-02, -5.3561e-01, -6.7027e-01,  7.2611e-02,
         -1.2772e-01,  1.9161e-01, -7.0136e-02,  2.0383e-03, -4.9993e-01,
         -1.1234e-01],
        [ 2.4893e-02,  2.0249e-01,  1.6380e-01,  1.4085e-01, -4.5629e-01,
          7.9583e-03,  9.4625e-02, -2.8921e-01, -5.9856e-01,  4.8748e-02,
         -3.1630e-01,  2.8966e-01,  4.5523e-02, -1.3500e-01, -6.8513e-01,
          5.5738e-02],
        [-1.8922e-01, -1.2204e-01,  1.3230e-01, -1.9087e-01,  5.3012e-01,
          3.5869e-01, -5.0519e-02,  3.3656e-01,  3.4306e-01, -2.9436e-02,
          2.2068e-01, -4.9730e-01, -9.1396e-03,  8.2113e-02,  3.7270e-01,
          1.7811e-02],
        [-1.5688e-01, -3.2373e-01,  7.1772e-02,  1.5563e-01, -4.5104e-01,
         -2.0605e-02, -1.6564e-01, -4.9488e-01, -4.5530e-01,  8.1363e-02,
         -5.4453e-02,  5.5652e-01,  1.5384e-01, -1.6747e-01, -1.3048e-01,
          1.9433e-05],
        [ 7.1490e-02,  1.2224e-01, -4.8673e-02, -1.5587e-01, -4.4901e-01,
          2.7695e-02,  9.0580e-02, -1.8380e-01, -6.9056e-01,  5.9632e-02,
          1.8439e-02,  4.3558e-01,  2.4796e-01,  2.2271e-02, -4.2585e-01,
         -2.5662e-01],
        [-2.7011e-01,  3.3005e-01, -1.7059e-01,  7.7887e-02,  2.7861e-01,
          2.8570e-01,  3.8316e-01,  4.0233e-01,  2.0935e-01,  2.0139e-01,
         -1.1557e-01, -3.4987e-01, -2.8636e-01, -1.2607e-01,  3.3694e-01,
         -1.1555e-01],
        [ 3.4806e-01, -4.0304e-01,  1.6099e-01, -2.9047e-01, -4.8303e-01,
         -4.1441e-01, -5.1863e-01, -1.8235e-01, -5.6567e-01, -1.2085e-01,
          2.1925e-01,  1.2802e-01,  5.1203e-01,  2.6133e-01, -1.1945e-01,
          2.3343e-01],
        [ 4.9173e-01, -3.7697e-01,  2.9085e-01, -1.0646e-01, -6.4862e-01,
         -2.8918e-01, -6.0492e-01, -2.0412e-01, -2.3808e-01, -2.7192e-01,
          1.3405e-01,  4.5400e-01,  2.2459e-01,  1.1847e-01, -1.6261e-01,
          2.4273e-01],
        [-4.0653e-02,  2.2730e-01,  1.2203e-01, -1.9851e-01,  3.3403e-01,
         -6.8279e-02,  2.5600e-01,  4.9882e-01,  3.4594e-01, -9.5483e-02,
         -3.7874e-02, -3.2539e-01, -1.5126e-01, -3.8189e-02,  4.7103e-01,
         -1.1411e-01],
        [-2.8044e-02,  4.6067e-02,  5.4308e-02,  3.0806e-01,  2.7126e-01,
          1.2293e-01,  2.5837e-01,  1.9739e-01,  3.6068e-01,  1.4673e-01,
          3.0526e-01, -5.1616e-01, -3.0722e-01, -2.6256e-01,  2.1171e-01,
          1.3113e-01],
        [ 4.7481e-01, -4.3535e-01,  6.5946e-02, -1.6626e-01, -2.8246e-01,
         -4.2758e-01, -5.2360e-01, -4.2721e-01, -4.2070e-01, -1.5299e-01,
          3.3300e-01,  4.0558e-01,  1.9511e-01,  3.1988e-01, -3.7867e-02,
          2.5534e-01],
        [-8.0424e-03,  1.0159e-01,  8.3634e-02, -1.6670e-01, -2.7914e-01,
         -7.9555e-02,  9.4766e-03, -4.2771e-01, -6.0093e-01, -6.6973e-02,
         -2.1650e-01,  4.3848e-01,  1.5522e-01, -1.4100e-01, -4.2446e-01,
         -2.1542e-01],
        [ 1.9407e-02, -3.2658e-01, -4.1388e-02,  3.5012e-02, -5.4889e-02,
         -1.8859e-01,  1.7711e-01, -3.5889e-01, -7.2871e-01,  2.7206e-01,
          7.7661e-02,  1.4964e-01, -2.9577e-02,  3.3444e-02, -5.8459e-01,
          1.5508e-01],
        [-1.5210e-01, -9.4095e-02, -1.2688e-01,  2.3709e-01, -2.9799e-01,
         -1.6977e-01,  9.7365e-02, -5.0634e-01, -4.7641e-01, -1.3115e-01,
         -3.9418e-01,  1.9145e-01,  9.7352e-02,  1.1543e-01, -6.2327e-01,
         -1.0020e-01],
        [ 4.5609e-01, -2.8510e-01,  3.9992e-01, -4.1559e-01, -5.2183e-01,
         -1.9584e-01, -7.1887e-01, -2.7506e-01, -5.8836e-01, -7.0439e-02,
          2.8371e-01,  3.0732e-01,  5.9357e-01,  3.9584e-01, -7.2694e-02,
          4.2641e-01],
        [-2.1440e-01,  2.6083e-01,  1.6931e-01,  9.3734e-02,  4.7784e-01,
         -6.6841e-03,  3.2137e-01,  3.6158e-01,  2.0008e-01, -5.1775e-02,
          2.8352e-01, -4.3810e-01, -2.5520e-01, -5.9943e-02,  2.1689e-01,
          4.0636e-03],
        [ 2.0705e-01, -1.7611e-01, -4.7787e-03, -1.8280e-02, -4.3177e-01,
         -2.3703e-01, -1.1339e-01, -4.9816e-01, -1.9891e-01,  2.4036e-02,
         -1.2869e-02,  2.9283e-01,  4.1461e-01,  1.6759e-01, -1.5617e-01,
          1.5052e-01],
        [-4.1187e-01,  4.3254e-01, -3.5810e-01,  2.8728e-01,  1.9921e-01,
          2.0622e-01,  6.0181e-01,  4.9538e-01,  5.0142e-01,  2.5056e-01,
          5.8176e-03, -2.5168e-01, -2.1335e-01,  2.0396e-02,  2.2352e-01,
         -2.9143e-01],
        [-3.7589e-01,  3.1372e-01, -4.6252e-02,  9.8231e-03,  4.8186e-01,
          4.2108e-01,  5.8431e-01,  1.8139e-01,  4.0053e-01,  3.0868e-01,
         -3.9212e-01, -2.0834e-01, -6.0062e-01, -2.6556e-01,  1.6024e-01,
         -2.6965e-01],
        [-1.3870e-01, -3.9598e-02,  4.0909e-02,  1.0128e-01, -8.9680e-02,
         -2.3916e-01, -2.7559e-01, -5.4011e-01, -5.8668e-01, -6.3993e-02,
         -2.3266e-02,  1.2299e-01, -7.5093e-02,  3.9595e-02, -5.1474e-01,
          1.3892e-02]], device='cuda:0', requires_grad=True)

Parameter name: road_linear_0.bias
Shape: torch.Size([32])
Values: Parameter containing:
tensor([-0.1351,  0.1492,  0.2192, -0.2266,  0.1964, -0.1809, -0.0243,  0.1504,
        -0.1459,  0.1405, -0.1020,  0.1070, -0.0564, -0.0993,  0.1682, -0.0326,
        -0.1803, -0.1110,  0.2389,  0.1407,  0.0832, -0.1333,  0.1220, -0.1230,
        -0.2156, -0.0488,  0.2467,  0.0194,  0.0471, -0.2715, -0.1056, -0.0579],
       device='cuda:0', requires_grad=True)

Parameter name: road_linear_1.weight
Shape: torch.Size([1, 32])
Values: Parameter containing:
tensor([[ 0.5822,  0.7234, -0.5384, -0.6280,  0.6978,  0.6905, -0.6487, -0.7111,
         -0.6546,  0.7617,  0.5723,  0.7343, -0.6494, -0.8091,  0.6565, -0.6215,
         -0.6711,  0.6481, -0.5019, -0.5330,  0.7802,  0.5557, -0.6479, -0.7337,
         -0.7061, -0.7268, -0.6168,  0.6814, -0.6533,  0.7126,  0.5560, -0.5688]],
       device='cuda:0', requires_grad=True)

Parameter name: linear_0.weight
Shape: torch.Size([32, 39])
Values: Parameter containing:
tensor([[-0.0283,  0.1142,  0.0537,  ...,  0.2011, -0.7131, -0.1137],
        [-0.1419, -0.0324,  0.1430,  ...,  0.0514, -0.6197,  0.0871],
        [ 0.0298, -0.0418,  0.0197,  ...,  0.0661,  0.6590,  0.0345],
        ...,
        [ 0.1393, -0.1547, -0.0424,  ..., -0.1684,  0.3245, -0.1180],
        [ 0.1121, -0.2146, -0.0738,  ..., -0.2317,  0.4992,  0.1557],
        [-0.2270,  0.2023,  0.0705,  ...,  0.0854, -0.6265, -0.0509]],
       device='cuda:0', requires_grad=True)

Parameter name: linear_0.bias
Shape: torch.Size([32])
Values: Parameter containing:
tensor([ 8.7345e-02,  2.5280e-02, -5.9155e-02, -1.3201e-01, -8.7235e-02,
         4.4187e-02, -8.2040e-02,  6.9739e-02, -4.1100e-02,  4.7592e-02,
         5.2088e-02,  1.2162e-02, -2.4185e-02,  1.0864e-01, -1.9128e-02,
        -1.8016e-02,  5.7268e-02, -1.6712e-01, -1.0328e-04,  9.5181e-02,
        -9.8455e-02, -8.3369e-03,  1.2059e-01,  6.4522e-02, -1.0800e-01,
         1.1426e-01,  6.3210e-02, -1.6222e-01,  4.7203e-02,  1.9905e-01,
         1.8059e-01, -1.0173e-01], device='cuda:0', requires_grad=True)

Parameter name: linear_1.weight
Shape: torch.Size([32, 32])
Values: Parameter containing:
tensor([[ 0.1011, -0.2247,  0.0146,  ...,  0.1173, -0.0043,  0.0783],
        [-0.1838, -0.0667,  0.2152,  ...,  0.2112,  0.0089,  0.0485],
        [ 0.1401, -0.0370, -0.2381,  ..., -0.1722, -0.0075,  0.2208],
        ...,
        [ 0.1517,  0.0849,  0.0244,  ...,  0.0489, -0.2347,  0.3669],
        [ 0.0616, -0.2380,  0.1705,  ...,  0.3467,  0.2765, -0.1104],
        [ 0.0210, -0.1407,  0.2964,  ...,  0.2783,  0.1464, -0.0459]],
       device='cuda:0', requires_grad=True)

Parameter name: linear_1.bias
Shape: torch.Size([32])
Values: Parameter containing:
tensor([ 1.6151e-01,  2.0093e-01, -6.1384e-02, -1.6848e-01,  4.1171e-02,
         4.0781e-05, -1.0305e-01,  7.7747e-02,  2.3004e-01, -1.7120e-01,
         1.3718e-01, -1.2611e-01,  2.5638e-01,  6.9937e-02, -5.0171e-02,
         2.3061e-01,  8.0084e-02, -1.9784e-01,  6.2068e-02,  8.0091e-02,
        -9.7699e-02,  6.2257e-02, -2.3025e-01,  2.3547e-01,  1.8944e-02,
        -2.6921e-02,  8.7864e-02, -1.7299e-03, -2.0720e-01, -7.3390e-02,
         2.2036e-01,  6.6309e-02], device='cuda:0', requires_grad=True)

Parameter name: linear_2.weight
Shape: torch.Size([1, 32])
Values: Parameter containing:
tensor([[ 1.2290,  1.1606, -1.2452, -1.1923,  1.0841,  1.0961, -1.1463,  1.0374,
          1.1058, -1.2126, -1.1080,  1.0894,  1.0955,  1.1322,  1.1115,  1.0832,
         -1.2039, -1.2495,  1.1167,  1.0831, -1.1383, -1.1611, -1.2728,  1.1049,
          1.1913,  1.2242, -1.2403,  1.2262, -1.1362, -1.2572,  1.1320,  1.2221]],
       device='cuda:0', requires_grad=True)

Parameter name: linear_2.bias
Shape: torch.Size([1])
Values: Parameter containing:
tensor([0.9576], device='cuda:0', requires_grad=True)

