Parameter name: road_linear_0.weight
Shape: torch.Size([32, 16])
Values: Parameter containing:
tensor([[-9.5853e-02,  2.8864e-01,  2.1150e-01, -2.2769e-01,  2.8631e-02,
         -5.9148e-02,  1.2614e-01, -1.6167e-01, -1.3079e-02,  2.4890e-02,
          7.8384e-02, -3.4706e-02, -1.4628e-01, -1.6261e-01,  1.4641e-01,
          2.8141e-01],
        [-1.7333e-01, -3.3183e-01, -4.1680e-02, -7.8565e-02, -2.3534e-01,
          1.8737e-01,  3.0148e-03, -1.2676e-01,  1.5146e-01,  7.0986e-02,
          2.6015e-01,  4.0260e-02,  1.4974e-01, -3.7395e-02,  1.3992e-01,
         -2.6412e-02],
        [ 2.2630e-02,  2.1524e-01,  3.2095e-01, -5.9192e-02,  2.0951e-01,
         -2.8658e-01,  2.0009e-01, -1.3234e-01,  1.6606e-01, -9.3038e-03,
          5.4961e-02, -3.4008e-01,  1.5613e-01,  2.8616e-01,  1.9784e-01,
          2.0697e-01],
        [-3.7840e-02, -1.8625e-01, -2.2322e-01,  2.1507e-01, -2.2755e-02,
          1.1572e-01, -3.3103e-03, -3.3471e-02, -3.0326e-01, -1.0055e-01,
          1.5491e-02,  2.8968e-01,  1.5891e-01, -3.7293e-01, -1.6340e-01,
         -1.4793e-01],
        [-1.9282e-02,  1.0009e-01, -1.0166e-01, -9.8898e-02, -5.6273e-02,
          1.6405e-02, -1.8781e-01,  3.4467e-02, -7.2912e-02,  2.3124e-01,
          2.7434e-01,  1.3655e-01,  1.7751e-01, -2.2609e-01,  8.5496e-02,
         -9.6641e-02],
        [ 6.8150e-02,  1.3441e-01, -2.9805e-01,  3.3279e-01,  1.2088e-01,
         -8.5938e-02,  8.4118e-02, -3.0693e-01,  8.7998e-03,  1.5112e-01,
         -1.4068e-01,  2.0597e-01, -8.6835e-02,  1.3285e-01,  1.6008e-01,
         -2.2656e-02],
        [ 1.9892e-01,  1.9249e-01,  3.6151e-01, -5.9750e-02,  1.0157e-01,
         -1.6774e-01, -1.0306e-01,  4.6288e-02,  9.7470e-03,  9.0239e-02,
         -1.7304e-02, -2.3664e-01, -1.1754e-01,  2.3317e-01, -1.1713e-01,
          1.1102e-01],
        [-1.3379e-01,  3.1472e-01,  3.1670e-01, -2.9885e-01, -1.5051e-01,
         -2.6536e-01,  6.7266e-02, -1.4027e-02, -1.1810e-02, -1.5935e-01,
         -2.8051e-02, -2.3445e-01,  1.2438e-01, -7.3918e-02,  3.5815e-02,
          3.2163e-01],
        [-3.1775e-02,  3.0259e-01,  2.4365e-01, -1.8544e-01,  1.7442e-01,
         -2.8794e-01,  8.2919e-02,  1.8155e-01,  2.4314e-01, -2.5474e-01,
         -1.9484e-01, -2.4139e-01, -2.9303e-01,  1.6186e-01, -1.6495e-01,
          4.6306e-02],
        [-2.2161e-01, -9.6218e-02, -3.7358e-02, -7.7261e-02, -1.5704e-01,
          9.4153e-02, -2.1859e-01, -5.1852e-02,  6.7702e-02, -5.8912e-02,
          2.5930e-01,  2.9346e-01,  3.3525e-03, -7.3790e-02, -1.7523e-02,
         -1.4683e-01],
        [-2.9559e-01,  7.6278e-02, -6.6820e-03, -8.3403e-02, -3.0890e-01,
          3.7152e-01, -6.6904e-02, -1.8530e-01,  1.7425e-01,  2.0468e-01,
          7.4182e-02,  3.2644e-01,  9.1489e-02,  1.1460e-01, -2.0727e-01,
         -2.8167e-01],
        [-7.7934e-02, -1.4499e-01,  2.8629e-02,  4.5868e-02, -6.1766e-02,
          6.8456e-02,  6.3818e-02, -1.2759e-01,  6.0376e-02,  3.0792e-01,
          1.6901e-01,  3.5050e-01, -1.2333e-01, -2.5299e-01, -1.2760e-03,
         -1.6538e-01],
        [ 2.3102e-01,  2.1165e-01,  8.4592e-02, -7.9295e-02,  1.0931e-01,
          1.0437e-01,  1.0374e-01, -2.8409e-02, -5.4724e-02, -2.8889e-02,
         -1.0755e-01, -2.7120e-01, -2.0826e-01,  1.5033e-01,  5.5592e-03,
         -4.1085e-02],
        [ 1.4208e-01,  3.5300e-01,  3.2187e-01,  4.4020e-02, -1.0671e-01,
          2.3666e-02,  1.1576e-01,  1.9543e-01,  1.6021e-04, -1.1382e-01,
         -2.3309e-01, -1.7366e-01, -1.5179e-02,  7.3562e-02, -1.7494e-01,
          2.0182e-01],
        [-3.1851e-01, -3.0446e-01, -1.7785e-02, -9.3416e-02,  1.4176e-01,
          3.6349e-01, -1.6039e-01, -1.6050e-01, -2.0808e-01,  1.3682e-01,
          9.0746e-02, -1.5809e-02,  1.4684e-01, -1.2274e-01, -1.1396e-01,
         -1.1989e-01],
        [-2.6693e-01, -1.4685e-01,  8.5428e-02,  2.4103e-01, -1.2876e-01,
          1.1097e-01, -1.5633e-02, -6.4013e-02,  4.8069e-02,  1.1502e-01,
         -2.5809e-02,  1.6445e-01, -5.4975e-04, -1.1829e-01,  2.6907e-01,
         -2.5931e-02],
        [ 2.4807e-01,  2.7037e-01,  1.5859e-01, -2.9824e-01, -1.7059e-01,
         -6.8381e-05,  7.2148e-02,  2.5375e-01, -1.6836e-01, -1.4461e-01,
          1.1690e-01,  1.3628e-02,  2.0825e-01,  3.1267e-01,  8.7676e-04,
         -5.7582e-02],
        [-2.3089e-01, -2.0454e-02, -2.1439e-01,  9.0641e-02, -3.6377e-02,
          2.7453e-01,  1.4798e-01,  3.2529e-02, -5.0690e-02,  2.4405e-01,
         -1.2949e-02,  1.8551e-02, -5.9612e-02, -2.5780e-01,  1.5208e-01,
         -1.5182e-01],
        [ 1.7694e-01,  9.1928e-02,  9.9358e-02, -2.3293e-01,  7.0454e-02,
         -3.2893e-01, -5.2444e-02,  2.9274e-01, -2.3872e-01, -6.5034e-02,
          2.1414e-02, -3.4360e-01, -1.4371e-02,  2.4323e-01,  2.0116e-01,
          1.5001e-01],
        [ 3.2146e-01,  1.3706e-01,  2.2268e-01, -4.9198e-02, -7.1698e-02,
         -1.8662e-01, -6.9056e-02,  3.2040e-01,  1.1024e-01, -2.3599e-01,
         -4.5180e-02, -6.0635e-02, -3.2401e-01,  1.2653e-01,  1.3223e-01,
          1.5869e-01],
        [-1.1708e-01,  6.4348e-02,  1.0524e-02, -1.3347e-01,  8.1912e-02,
         -9.2033e-02,  9.1841e-02,  1.1578e-01, -7.0780e-03,  2.0893e-02,
         -6.0213e-02, -6.0594e-03,  4.2703e-03, -2.0723e-01,  2.0550e-01,
         -2.0625e-01],
        [-5.8896e-03, -3.4101e-01,  1.6085e-02,  3.1790e-01, -2.6850e-01,
          5.3279e-02, -3.3535e-02, -3.4628e-01, -1.4164e-01,  2.0318e-01,
          1.8418e-01,  3.9771e-02,  9.2198e-02, -3.5463e-01, -2.3210e-01,
          1.0667e-01],
        [ 3.0149e-01,  2.9788e-02,  1.3281e-02, -1.0969e-01,  1.9479e-01,
         -3.5873e-01, -1.1708e-01,  2.7044e-02, -6.5944e-02, -1.1202e-01,
          1.0455e-01, -6.1151e-02, -2.2948e-01,  3.4050e-01,  2.5097e-01,
          1.9012e-01],
        [ 2.0303e-01,  1.9639e-01,  3.1648e-01, -3.2813e-01, -8.0505e-02,
         -1.4800e-01, -2.9770e-02, -5.8496e-02, -1.9924e-01, -2.9376e-01,
         -1.1112e-01,  9.6676e-02,  1.6441e-01,  1.8208e-01, -1.0816e-01,
          9.6650e-03],
        [ 1.1957e-01, -1.1951e-01,  1.0542e-01, -4.6723e-02,  2.9755e-01,
         -1.8707e-01,  1.9750e-01,  1.3268e-01, -8.5014e-02,  1.2210e-01,
          9.7898e-02, -3.1757e-01, -8.3045e-02,  2.3284e-01, -5.8658e-02,
          2.8606e-01],
        [-2.3015e-02,  2.6566e-02,  3.7368e-02,  1.4372e-01, -1.4855e-02,
         -1.6375e-01,  1.3816e-01, -6.7757e-02,  6.8412e-02, -3.0365e-01,
         -3.2201e-01, -1.7140e-01,  4.8761e-02,  3.2901e-01, -1.5786e-01,
          3.7212e-02],
        [ 1.7369e-01,  2.0639e-01,  2.6016e-01, -3.0687e-01,  2.8111e-02,
         -6.1640e-02, -1.2309e-01,  2.3801e-01, -2.2152e-01,  3.9851e-02,
          4.3351e-02, -1.8743e-01,  2.3360e-02,  3.2128e-01,  2.1230e-01,
          2.6542e-01],
        [-2.1340e-01, -1.0927e-02,  1.0156e-01,  1.1065e-01,  1.1707e-01,
         -6.2344e-02,  1.7219e-01, -9.4463e-02, -2.5699e-01,  2.4353e-02,
          2.7055e-01,  7.0645e-03, -5.2120e-02, -1.9338e-01, -1.7044e-01,
         -4.1775e-02],
        [ 2.6923e-01,  1.4572e-01,  9.9918e-02, -9.8711e-02, -8.7437e-02,
         -2.5283e-01,  1.2788e-01, -8.6347e-02,  7.9778e-02, -8.4933e-02,
          7.3726e-02, -1.3132e-01,  9.5151e-02,  3.4048e-01,  8.3233e-02,
          2.3959e-01],
        [-1.9039e-01, -2.5912e-03, -2.8197e-01,  1.9034e-01, -2.4107e-01,
          1.1605e-01,  2.3269e-01,  5.6028e-02,  1.4204e-01,  1.8552e-01,
          2.0640e-01,  1.8441e-01,  1.1922e-01,  2.2649e-02, -1.1226e-02,
         -1.9908e-01],
        [-2.3794e-01, -1.7943e-01,  1.2612e-03, -2.2212e-02, -3.3863e-02,
          3.4220e-01,  1.0346e-01, -2.9995e-01,  9.7601e-02,  2.8598e-01,
         -2.5496e-01,  2.7777e-01, -5.4317e-02, -2.9396e-01, -8.6051e-02,
         -2.1208e-01],
        [ 1.4635e-03,  1.8797e-01,  2.1272e-01, -9.5049e-03,  2.7756e-01,
         -2.7771e-01, -2.2666e-01, -8.5471e-02, -9.0869e-02, -2.2479e-01,
          1.6006e-02, -2.9616e-01, -1.7882e-01,  2.6757e-01, -8.6737e-02,
          1.6405e-01]], device='cuda:0', requires_grad=True)

Parameter name: road_linear_0.bias
Shape: torch.Size([32])
Values: Parameter containing:
tensor([-0.1677,  0.1679,  0.2218, -0.2180,  0.1173, -0.0965,  0.0364,  0.1820,
        -0.1925,  0.0317,  0.0558,  0.1187,  0.1482, -0.0256,  0.0106, -0.0137,
        -0.1674, -0.0016,  0.0452, -0.0441, -0.0741, -0.1370, -0.1285, -0.0982,
        -0.3578,  0.1967,  0.1285,  0.2112, -0.0862, -0.1441,  0.0890, -0.0783],
       device='cuda:0', requires_grad=True)

Parameter name: road_linear_1.weight
Shape: torch.Size([1, 32])
Values: Parameter containing:
tensor([[-0.0655,  0.1780, -0.1044,  0.1182,  0.1381,  0.1819, -0.1785, -0.2726,
         -0.2142,  0.2117,  0.1399,  0.2596, -0.1011, -0.2998,  0.1809,  0.0282,
         -0.1887,  0.2135, -0.1105, -0.1376,  0.1109,  0.2634, -0.2669, -0.2643,
         -0.2047, -0.1841, -0.2139,  0.0892, -0.2472,  0.2833,  0.1845, -0.1314]],
       device='cuda:0', requires_grad=True)

Parameter name: linear_0.weight
Shape: torch.Size([32, 39])
Values: Parameter containing:
tensor([[-1.5887e-02,  7.4310e-02,  3.6903e-05,  ...,  1.8970e-03,
         -1.5798e-01, -1.1368e-01],
        [ 8.1830e-03, -1.5947e-01,  1.3372e-01,  ...,  1.0937e-02,
         -1.5416e-01,  8.7102e-02],
        [-1.3859e-01,  1.0967e-01,  6.8503e-02,  ...,  1.1476e-01,
          6.9363e-02,  3.4476e-02],
        ...,
        [ 1.3485e-01, -1.2576e-01,  5.6512e-02,  ..., -7.3233e-02,
         -6.9748e-02, -1.1801e-01],
        [-2.9900e-02, -9.4353e-02, -4.5309e-02,  ..., -1.6650e-01,
         -3.4822e-02,  1.5567e-01],
        [-2.0016e-01,  1.1465e-01, -2.1167e-02,  ..., -7.4266e-02,
         -1.4418e-01, -5.0854e-02]], device='cuda:0', requires_grad=True)

Parameter name: linear_0.bias
Shape: torch.Size([32])
Values: Parameter containing:
tensor([ 0.0237,  0.1057, -0.1442, -0.0710, -0.0091, -0.0294, -0.1785,  0.1131,
        -0.0537,  0.1358,  0.0871, -0.0539, -0.0522,  0.0871, -0.1270, -0.0740,
         0.0974, -0.1648,  0.0030,  0.0451, -0.1268,  0.1066,  0.0514, -0.0608,
        -0.0173,  0.1227, -0.0185, -0.1538,  0.0511,  0.1991,  0.1082, -0.1339],
       device='cuda:0', requires_grad=True)

Parameter name: linear_1.weight
Shape: torch.Size([32, 32])
Values: Parameter containing:
tensor([[ 0.2091, -0.1206, -0.0888,  ..., -0.0652, -0.0925,  0.1747],
        [-0.0231,  0.0178,  0.1136,  ..., -0.0075, -0.0648,  0.2081],
        [-0.0370, -0.1036, -0.1610,  ...,  0.0017,  0.0602,  0.0334],
        ...,
        [-0.0225,  0.0339,  0.0909,  ...,  0.1859, -0.1425,  0.1429],
        [ 0.1650, -0.0884,  0.0611,  ...,  0.0845,  0.1659, -0.0143],
        [ 0.1498, -0.0645,  0.2164,  ...,  0.1091,  0.0779,  0.0722]],
       device='cuda:0', requires_grad=True)

Parameter name: linear_1.bias
Shape: torch.Size([32])
Values: Parameter containing:
tensor([ 0.0362,  0.0453,  0.0476,  0.0017, -0.1145, -0.1669,  0.0429, -0.1598,
         0.0468, -0.0658,  0.2112, -0.1903,  0.0973,  0.0866, -0.2062, -0.0040,
        -0.0698, -0.1042, -0.0469, -0.0909,  0.0836,  0.1819, -0.1200,  0.1698,
        -0.1406, -0.0746,  0.1536, -0.1264, -0.0460, -0.0089,  0.0156, -0.0420],
       device='cuda:0', requires_grad=True)

Parameter name: linear_2.weight
Shape: torch.Size([1, 32])
Values: Parameter containing:
tensor([[ 0.2414,  0.1394, -0.2522, -0.2094,  0.1083,  0.0939, -0.1456,  0.1585,
          0.1386, -0.1268, -0.1292,  0.1451,  0.1303, -0.1025,  0.1803,  0.1082,
         -0.2348, -0.2512,  0.1025,  0.1430, -0.2008, -0.1799, -0.2513, -0.0551,
          0.2130,  0.2464, -0.2270,  0.2098, -0.1569, -0.2386,  0.2132,  0.2314]],
       device='cuda:0', requires_grad=True)

Parameter name: linear_2.bias
Shape: torch.Size([1])
Values: Parameter containing:
tensor([-0.0779], device='cuda:0', requires_grad=True)

