Parameter name: road_linear_0.weight
Shape: torch.Size([32, 16])
Values: Parameter containing:
tensor([[-2.8816e-01,  4.5777e-01,  5.0761e-02, -4.0524e-02,  2.3377e-01,
          1.5634e-01,  3.4959e-01,  3.5725e-02,  2.5289e-01,  2.0681e-01,
          2.8142e-02, -1.9029e-01, -3.6328e-01, -3.2233e-01,  3.2049e-01,
          9.3104e-02],
        [-2.0355e-01, -5.1499e-02, -4.5685e-02, -3.6481e-02,  5.9044e-02,
          2.3692e-01,  1.6257e-01,  1.9839e-01,  4.5794e-01,  6.9414e-02,
          8.9179e-02, -2.7747e-01, -1.7038e-02, -1.4359e-03,  4.6594e-01,
         -3.5158e-02],
        [ 3.9144e-02, -1.0276e-01,  3.2006e-01, -9.7774e-02, -1.5902e-01,
         -3.2287e-01, -7.7490e-02, -4.8046e-01, -4.4045e-02, -1.6621e-02,
          8.2502e-02, -1.4205e-02,  4.6517e-01,  2.7259e-01, -9.8395e-03,
          2.2426e-01],
        [ 1.8845e-01, -2.4198e-01, -2.7574e-03, -2.0321e-02, -1.0133e-01,
         -1.6356e-01, -1.2754e-01, -1.1803e-01, -4.4694e-01, -3.1907e-01,
          2.2797e-02,  3.5679e-01,  3.1410e-01, -1.9669e-01, -2.5657e-01,
          7.9910e-02],
        [-5.3150e-02,  4.1005e-01, -1.0892e-01, -5.4537e-02,  2.4883e-01,
          5.7932e-02,  6.6804e-02,  3.7931e-01,  2.1289e-01,  2.3433e-01,
          9.3224e-02, -1.8702e-01, -9.0308e-02, -2.0012e-01,  3.5843e-01,
         -1.1969e-01],
        [ 2.5220e-02,  4.3611e-01, -2.9409e-01,  3.6495e-01,  3.9863e-01,
         -6.1337e-02,  2.8798e-01,  2.2913e-02,  3.0564e-01,  1.5619e-01,
         -3.0537e-01, -1.1074e-01, -2.8696e-01,  1.7095e-01,  4.1393e-01,
         -4.1405e-02],
        [ 3.0389e-01, -8.7206e-02,  3.2899e-01, -1.3812e-01, -1.2004e-01,
         -1.8225e-01, -1.8468e-01, -2.8234e-01, -3.1284e-01,  4.9538e-02,
          7.9940e-02,  7.7893e-02, -1.8871e-02,  1.5824e-01, -3.6093e-01,
          9.3330e-02],
        [-1.2575e-01,  4.6950e-02,  2.8050e-01, -3.0693e-01, -4.0280e-01,
         -2.7217e-01, -9.4181e-02, -3.1629e-01, -2.6005e-01, -1.4424e-01,
          2.7200e-02,  5.5774e-02,  2.9832e-01, -1.5388e-01, -1.6109e-01,
          2.9358e-01],
        [-5.1045e-04, -6.9461e-03,  2.5600e-01, -2.2657e-01, -1.5915e-01,
         -3.3336e-01, -1.8065e-01, -1.6248e-01, -3.5840e-02, -2.5835e-01,
         -6.6963e-02,  9.6577e-02, -2.3676e-02,  1.3518e-01, -4.6266e-01,
          6.0598e-02],
        [-2.5252e-01,  2.1339e-01, -4.9314e-02, -3.4255e-02,  1.6608e-01,
          1.4208e-01,  6.8812e-02,  2.9913e-01,  3.4593e-01, -5.4842e-02,
          1.1007e-01, -4.1519e-02, -3.0827e-01, -5.3667e-02,  2.8030e-01,
         -1.6890e-01],
        [-3.0312e-01,  4.1333e-01,  3.1999e-03, -6.5468e-02,  4.0701e-02,
          3.9458e-01,  2.5413e-01,  1.7994e-01,  4.3180e-01,  1.9327e-01,
         -4.1460e-02, -2.4322e-02, -2.4415e-01,  1.6012e-01,  7.0506e-02,
         -2.8518e-01],
        [-6.2860e-02,  1.4589e-01,  4.8555e-02,  4.6625e-02,  2.3798e-01,
          9.0194e-02,  3.5330e-01,  1.9586e-01,  2.2275e-01,  2.7657e-01,
          1.7153e-01,  4.7403e-02, -4.4499e-01, -1.8567e-01,  1.6209e-01,
         -1.4822e-01],
        [ 3.1494e-01, -1.3363e-01,  1.2169e-01, -1.6362e-01, -2.1555e-01,
          2.5760e-02, -1.4036e-01, -4.0842e-01, -4.2450e-01, -7.4732e-02,
          9.8832e-02,  9.4621e-02,  3.6546e-02,  1.6308e-01, -3.3468e-01,
          2.1368e-02],
        [ 1.5914e-01,  6.9807e-02,  3.0642e-01,  2.1157e-02, -3.9301e-01,
         -6.2508e-03, -5.1846e-02, -1.2541e-01, -2.9601e-01, -1.0358e-01,
         -8.3240e-02,  1.3516e-01,  1.6148e-01,  2.2260e-02, -4.4815e-01,
          1.9559e-01],
        [-3.2546e-01, -6.4669e-03, -1.0772e-02, -7.1477e-02,  4.6031e-01,
          3.9677e-01,  9.7958e-02,  1.7397e-01,  4.1465e-02,  1.2176e-01,
         -5.9208e-03, -3.3945e-01, -1.2479e-01, -7.4443e-02,  1.5116e-01,
         -1.1785e-01],
        [-6.7208e-02, -4.2180e-01,  1.7585e-01,  6.8507e-02, -4.1904e-01,
         -1.7857e-02, -2.4188e-01, -3.9082e-01, -2.8042e-01, -3.1355e-02,
          1.3531e-01,  4.7492e-01,  2.2843e-01, -4.2456e-02, -2.7842e-02,
          9.6459e-02],
        [ 2.2111e-01,  2.2007e-02,  1.0501e-01, -2.8792e-01, -3.8287e-01,
         -1.0721e-02, -6.3056e-02, -2.2118e-02, -3.7858e-01, -1.0432e-01,
          2.5620e-01,  2.8333e-01,  3.6057e-01,  1.9593e-01, -2.0705e-01,
         -1.1294e-01],
        [-1.9973e-01,  2.1290e-01, -1.4914e-01,  7.5954e-02,  1.6175e-01,
          2.5442e-01,  2.7314e-01,  2.9866e-01,  1.4850e-01,  2.0071e-01,
         -1.3554e-01, -2.3109e-01, -1.7902e-01, -1.3308e-01,  3.0951e-01,
         -9.1618e-02],
        [ 1.6689e-01, -1.9644e-01,  7.3798e-02, -2.4969e-01, -2.5792e-01,
         -3.4983e-01, -2.9352e-01, -2.0354e-02, -4.4938e-01, -5.3113e-02,
          1.3692e-01, -5.3251e-02,  2.4609e-01,  1.9458e-01, -3.6048e-02,
          1.3470e-01],
        [ 3.1570e-01, -1.9788e-01,  1.9824e-01, -5.1330e-02, -3.8986e-01,
         -2.0419e-01, -3.7207e-01, -3.1970e-02, -1.0961e-01, -2.1049e-01,
          7.2073e-02,  2.7872e-01, -3.1551e-03,  6.1246e-02, -7.9244e-02,
          1.4650e-01],
        [-1.2887e-01,  3.3098e-01,  2.5293e-02, -1.1399e-01,  3.3012e-01,
         -6.8888e-02,  3.2681e-01,  4.2074e-01,  2.1431e-01,  1.3031e-02,
         -2.2404e-01, -2.8197e-01, -2.4045e-01, -1.5924e-01,  4.1287e-01,
         -2.0737e-01],
        [-5.9397e-02, -3.3647e-03, -1.8323e-02,  3.8102e-01,  9.8573e-02,
          1.0854e-01,  2.8505e-01,  1.7948e-02,  1.1657e-01,  2.2691e-01,
          1.6949e-01, -3.2690e-01, -2.5113e-01, -3.5632e-01,  4.0823e-02,
          6.9243e-02],
        [ 3.0465e-01, -2.4685e-01, -1.9776e-02, -1.2077e-01, -5.6719e-02,
         -3.6352e-01, -3.0287e-01, -2.7555e-01, -3.1149e-01, -9.0755e-02,
          2.6198e-01,  2.3811e-01, -3.9488e-02,  2.6003e-01,  3.4800e-02,
          1.6226e-01],
        [ 1.4629e-01,  9.9013e-04,  2.3767e-01, -2.9537e-01, -2.3970e-01,
         -1.3004e-01, -1.4307e-01, -2.9076e-01, -3.4275e-01, -2.3312e-01,
          4.9835e-03,  3.1975e-01,  2.7239e-01,  3.1894e-02, -2.3437e-01,
         -7.1904e-02],
        [ 1.5719e-01, -4.3876e-01,  1.0412e-01, -8.6782e-02, -1.6081e-04,
         -2.1869e-01,  3.6895e-02, -2.1112e-01, -4.2937e-01,  1.2106e-01,
          3.1074e-01,  1.5949e-02,  8.2440e-02,  1.9568e-01, -3.7929e-01,
          2.9388e-01],
        [ 4.9015e-03, -2.6693e-01,  3.0477e-02,  1.0681e-01, -3.0600e-01,
         -1.9061e-01, -5.7521e-02, -3.9793e-01, -2.4198e-01, -3.0274e-01,
         -1.5249e-01,  1.3851e-01,  2.4467e-01,  2.9057e-01, -4.4023e-01,
          5.2060e-02],
        [ 1.6609e-01, -8.8556e-02,  2.2182e-01, -3.0046e-01, -2.2663e-01,
         -6.4881e-02, -3.7313e-01, -7.4164e-02, -4.2449e-01,  6.8465e-02,
          1.5139e-01,  1.1150e-01,  2.7173e-01,  2.4311e-01,  2.6264e-02,
          2.3698e-01],
        [-2.6769e-01,  2.6994e-01,  8.4030e-02,  1.6965e-01,  3.8435e-01,
         -5.5374e-03,  3.7191e-01,  2.2457e-01,  1.0786e-02,  3.9511e-02,
          1.3204e-01, -2.9370e-01, -2.6532e-01, -1.6232e-01,  8.3149e-02,
         -7.1087e-02],
        [ 2.2026e-01, -1.0903e-01,  5.2906e-02, -7.8340e-02, -3.3737e-01,
         -2.5497e-01, -1.2168e-01, -3.7259e-01, -4.8378e-02, -3.6498e-02,
          7.9653e-02,  1.4602e-01,  3.6958e-01,  2.4022e-01, -4.6030e-02,
          1.9367e-01],
        [-2.3340e-01,  2.7379e-01, -2.5342e-01,  2.1928e-01, -4.8145e-03,
          1.1498e-01,  3.7046e-01,  3.6764e-01,  4.2213e-01,  1.7829e-01,
          5.7572e-02, -1.1244e-01, -1.3675e-02,  8.7731e-02,  1.9897e-01,
         -1.9158e-01],
        [-2.0957e-01,  1.1417e-01,  3.9754e-02, -3.2246e-02,  2.4225e-01,
          3.4975e-01,  3.6963e-01,  1.0988e-02,  2.7007e-01,  2.4952e-01,
         -3.1870e-01, -2.4713e-02, -3.4093e-01, -2.0502e-01,  7.3076e-02,
         -1.7569e-01],
        [-1.7691e-02, -1.0391e-01,  1.7576e-01, -1.2943e-02, -3.2630e-02,
         -2.8845e-01, -3.9773e-01, -4.0093e-01, -3.3309e-01, -2.0410e-01,
          1.7324e-01, -8.8755e-03,  3.4355e-03,  1.9054e-01, -3.3922e-01,
          1.3539e-01]], device='cuda:0', requires_grad=True)

Parameter name: road_linear_0.bias
Shape: torch.Size([32])
Values: Parameter containing:
tensor([-0.1214,  0.0092,  0.0930, -0.0551, -0.0033, -0.1036,  0.0840,  0.1447,
        -0.0329, -0.0241, -0.0235,  0.0627,  0.1399,  0.0637,  0.0234,  0.1026,
        -0.0729, -0.0154,  0.0904,  0.0429, -0.0544, -0.0749, -0.0032, -0.0024,
        -0.0748,  0.1584,  0.1613,  0.0211, -0.0629, -0.2018,  0.0338,  0.0046],
       device='cuda:0', requires_grad=True)

Parameter name: road_linear_1.weight
Shape: torch.Size([1, 32])
Values: Parameter containing:
tensor([[ 0.2824,  0.3719, -0.2621, -0.2944,  0.3656,  0.4105, -0.3255, -0.4224,
         -0.3310,  0.4171,  0.2875,  0.4270, -0.3043, -0.4513,  0.3404, -0.3243,
         -0.3442,  0.3662, -0.2547, -0.2830,  0.4651,  0.3141, -0.3916, -0.4151,
         -0.3734, -0.3982, -0.3499,  0.3997, -0.3796,  0.4276,  0.3117, -0.2688]],
       device='cuda:0', requires_grad=True)

Parameter name: linear_0.weight
Shape: torch.Size([32, 39])
Values: Parameter containing:
tensor([[-0.0574,  0.1337,  0.0843,  ...,  0.1382, -0.2378, -0.1137],
        [-0.1510, -0.0149,  0.1366,  ...,  0.0641, -0.2790,  0.0871],
        [ 0.0420, -0.0632,  0.0233,  ...,  0.0588,  0.2215,  0.0345],
        ...,
        [ 0.1502, -0.1814, -0.0317,  ..., -0.1882, -0.0096, -0.1180],
        [ 0.1319, -0.2428, -0.0773,  ..., -0.2337,  0.1081,  0.1557],
        [-0.2317,  0.1894,  0.0834,  ...,  0.0595, -0.2309, -0.0509]],
       device='cuda:0', requires_grad=True)

Parameter name: linear_0.bias
Shape: torch.Size([32])
Values: Parameter containing:
tensor([ 0.0589,  0.0384, -0.0696, -0.1406, -0.0758,  0.0567, -0.0963,  0.0504,
        -0.0403,  0.0519,  0.0151,  0.0145, -0.0202,  0.0959, -0.0375, -0.0049,
         0.0482, -0.1596, -0.0254,  0.0758, -0.0721,  0.0186,  0.1135,  0.0256,
        -0.0985,  0.1067,  0.0544, -0.1262,  0.0404,  0.1803,  0.1768, -0.1152],
       device='cuda:0', requires_grad=True)

Parameter name: linear_1.weight
Shape: torch.Size([32, 32])
Values: Parameter containing:
tensor([[ 0.0805, -0.1853, -0.0857,  ...,  0.0804, -0.0234,  0.0523],
        [-0.2048, -0.0323,  0.1218,  ...,  0.1779, -0.0071,  0.0238],
        [ 0.1344, -0.0414, -0.1909,  ..., -0.1687, -0.0103,  0.2091],
        ...,
        [ 0.1433,  0.0814,  0.0561,  ...,  0.0486, -0.2104,  0.3066],
        [ 0.0276, -0.1675,  0.0398,  ...,  0.2836,  0.2308, -0.1543],
        [ 0.0031, -0.1152,  0.2272,  ...,  0.2532,  0.1422, -0.0737]],
       device='cuda:0', requires_grad=True)

Parameter name: linear_1.bias
Shape: torch.Size([32])
Values: Parameter containing:
tensor([ 0.1264,  0.1692, -0.0580, -0.1324,  0.0235, -0.0237, -0.0809,  0.0162,
         0.1790, -0.1647,  0.1259, -0.1263,  0.2134,  0.0580, -0.0995,  0.1712,
        -0.1218, -0.1749,  0.0527,  0.0455, -0.0550,  0.0779, -0.2247,  0.2084,
        -0.0096, -0.0349,  0.0802,  0.0054, -0.1721, -0.0789,  0.1612,  0.0396],
       device='cuda:0', requires_grad=True)

Parameter name: linear_2.weight
Shape: torch.Size([1, 32])
Values: Parameter containing:
tensor([[ 0.4724,  0.3904, -0.4447, -0.4474,  0.2887,  0.3070, -0.3612,  0.3217,
          0.3819, -0.4054, -0.3339,  0.3526,  0.3530,  0.3331,  0.3871,  0.3709,
         -0.4700, -0.4726,  0.3211,  0.3267, -0.3967, -0.3715, -0.4659,  0.3298,
          0.4141,  0.4732, -0.4454,  0.4346, -0.3730, -0.4615,  0.4220,  0.4546]],
       device='cuda:0', requires_grad=True)

Parameter name: linear_2.bias
Shape: torch.Size([1])
Values: Parameter containing:
tensor([0.2642], device='cuda:0', requires_grad=True)

