Parameter name: road_linear_0.weight
Shape: torch.Size([32, 16])
Values: Parameter containing:
tensor([[-0.1525,  0.2385,  0.1617, -0.1821,  0.0027, -0.0076,  0.1222, -0.2112,
          0.0068,  0.0805,  0.1243,  0.0231, -0.1269, -0.2427,  0.1375,  0.2254],
        [-0.0786, -0.2203,  0.0713, -0.1784, -0.1603,  0.0653, -0.0206, -0.0139,
          0.2274, -0.0469,  0.1491, -0.0809,  0.1829,  0.0733,  0.2258,  0.0842],
        [-0.0911,  0.1119,  0.2125,  0.0449,  0.1173, -0.1774,  0.1382, -0.2338,
          0.2238,  0.1009,  0.0140, -0.2368,  0.2245,  0.1573,  0.2319,  0.0959],
        [ 0.0865, -0.0675, -0.1021,  0.1013,  0.0850, -0.0069,  0.0374,  0.0838,
         -0.2442, -0.2192, -0.0642,  0.1729,  0.1245, -0.2368, -0.0768, -0.0245],
        [ 0.0790,  0.2077,  0.0040, -0.1977,  0.0184, -0.0995, -0.1496,  0.1416,
         -0.0304,  0.1151,  0.1915,  0.0214,  0.1377, -0.1211,  0.1426,  0.0069],
        [ 0.1630,  0.2422, -0.1906,  0.2342,  0.1939, -0.2043,  0.0765, -0.2004,
          0.0843,  0.0356, -0.2418,  0.0876, -0.0718,  0.2462,  0.2468,  0.0832],
        [ 0.2000,  0.0872,  0.2371, -0.0201,  0.0590, -0.0388, -0.0074, -0.0784,
         -0.1020,  0.1475,  0.1103, -0.1073, -0.2173,  0.1250, -0.2327, -0.0082],
        [-0.2120,  0.2062,  0.2054, -0.2023, -0.2355, -0.1448,  0.0658, -0.1282,
         -0.0627, -0.0603,  0.0490, -0.1151,  0.1168, -0.1758, -0.0254,  0.2127],
        [-0.1350,  0.1886,  0.1314, -0.0776,  0.0837, -0.1660,  0.0170,  0.0677,
          0.2131, -0.1368, -0.1391, -0.1216, -0.2404,  0.0536, -0.2098, -0.0640],
        [-0.1147,  0.0171,  0.0744, -0.1848, -0.0707, -0.0270, -0.1414,  0.0609,
          0.0957, -0.1812,  0.1934,  0.1745, -0.0782,  0.0341,  0.0335, -0.0376],
        [-0.1705,  0.2089,  0.1220, -0.2115, -0.1916,  0.2359,  0.0425, -0.0550,
          0.1723,  0.0695,  0.0869,  0.1954, -0.0223,  0.2359, -0.1732, -0.1546],
        [ 0.0393, -0.0272,  0.1425, -0.0711,  0.0423, -0.0548,  0.1908, -0.0133,
          0.0070,  0.1801,  0.2399,  0.2361, -0.2476, -0.1443, -0.0513, -0.0547],
        [ 0.1477,  0.1098, -0.0186,  0.0089,  0.0507,  0.2182,  0.1265, -0.1291,
         -0.1312,  0.0819, -0.0222, -0.1573, -0.2389,  0.0387, -0.0760, -0.1425],
        [ 0.0502,  0.2403,  0.2099,  0.1457, -0.1916,  0.1457,  0.1261,  0.0803,
         -0.0654, -0.0013, -0.1325, -0.0531, -0.0380, -0.0323, -0.2519,  0.0913],
        [-0.2076, -0.1838,  0.1002, -0.2077,  0.2414,  0.2367, -0.0764, -0.0401,
         -0.1881,  0.0125,  0.0427, -0.1403,  0.0753, -0.0125, -0.0708, -0.0038],
        [-0.2392, -0.1793,  0.0345,  0.2445, -0.1512,  0.1631,  0.0198, -0.1106,
         -0.0029,  0.1228,  0.0329,  0.2244, -0.0442, -0.1640,  0.2229, -0.0684],
        [ 0.1617,  0.1617,  0.0447, -0.2021, -0.2485,  0.1215,  0.0580,  0.1423,
         -0.2235, -0.0314,  0.2191,  0.1345,  0.2109,  0.1993, -0.0638, -0.1672],
        [-0.1522,  0.0881, -0.0999, -0.0021,  0.0429,  0.1523,  0.1426,  0.1458,
          0.0133,  0.1380, -0.1201, -0.1032, -0.0427, -0.1482,  0.2257, -0.0414],
        [ 0.0701, -0.0049, -0.0041, -0.1357, -0.0163, -0.2252, -0.1169,  0.1949,
         -0.2317,  0.0389,  0.0372, -0.2421,  0.0461,  0.1139,  0.1831,  0.0444],
        [ 0.1981,  0.0065,  0.0960,  0.0764, -0.1865, -0.0531, -0.1788,  0.1916,
          0.1164, -0.1036, -0.0431,  0.0696, -0.2152,  0.0094,  0.1172,  0.0338],
        [-0.0261,  0.1639,  0.1070, -0.2254,  0.1502, -0.2002,  0.1436,  0.2137,
          0.0262, -0.0876, -0.1323, -0.1142, -0.0492, -0.1067,  0.2512, -0.1110],
        [ 0.1007, -0.2287,  0.1257,  0.2096, -0.1761, -0.0667,  0.0628, -0.2361,
         -0.1550,  0.0838,  0.2323, -0.0779, -0.0054, -0.2444, -0.2398,  0.2143],
        [ 0.2153, -0.0794, -0.0971, -0.0130,  0.1129, -0.2386, -0.1417, -0.0856,
         -0.1120, -0.0035,  0.1855,  0.0578, -0.2231,  0.2343,  0.1982,  0.0818],
        [ 0.1255,  0.0903,  0.2063, -0.2373, -0.1587, -0.0287, -0.0507, -0.1692,
         -0.2429, -0.1878, -0.0357,  0.2154,  0.1689,  0.0751, -0.1566, -0.0975],
        [ 0.0272, -0.2349, -0.0101,  0.0539,  0.2230, -0.0628,  0.2423,  0.0157,
         -0.1766,  0.2393,  0.2198, -0.1944, -0.1419,  0.1225, -0.1567,  0.1730],
        [-0.1162, -0.0808, -0.0695,  0.2416, -0.0876, -0.0457,  0.1481, -0.1742,
         -0.0044, -0.1900, -0.2276, -0.0539,  0.0308,  0.2162, -0.2428, -0.0688],
        [ 0.0689,  0.0912,  0.1476, -0.1979, -0.0641,  0.0607, -0.2035,  0.1229,
         -0.2417,  0.1590,  0.0844, -0.0679,  0.0842,  0.2148,  0.1809,  0.1547],
        [-0.1486,  0.0750,  0.1862,  0.0410,  0.1685, -0.1579,  0.1788, -0.0052,
         -0.2211, -0.0678,  0.2178, -0.0905, -0.0464, -0.1030, -0.1329,  0.0403],
        [ 0.1548,  0.0264, -0.0132,  0.0176, -0.1905, -0.1288,  0.0094, -0.2029,
          0.1207,  0.0411,  0.0058, -0.0129,  0.2143,  0.2312,  0.1190,  0.1272],
        [-0.1244,  0.1054, -0.1702,  0.1049, -0.1744, -0.0044,  0.1844,  0.1692,
          0.2242,  0.0822,  0.0939,  0.0639,  0.1794,  0.1281,  0.0768, -0.0903],
        [-0.1240, -0.0587,  0.1176, -0.1391,  0.0712,  0.2160,  0.2148, -0.1810,
          0.0744,  0.1605, -0.2302,  0.1567, -0.1589, -0.1837, -0.1030, -0.0970],
        [-0.1057,  0.0748,  0.0964,  0.0949,  0.1744, -0.1596, -0.2349, -0.1983,
         -0.1347, -0.1164,  0.1074, -0.1836, -0.1854,  0.1319, -0.1573,  0.0448]],
       device='cuda:0', requires_grad=True)

Parameter name: road_linear_0.bias
Shape: torch.Size([32])
Values: Parameter containing:
tensor([-0.1883,  0.0930,  0.1581, -0.2098,  0.0868, -0.1280,  0.1580,  0.2278,
        -0.2138,  0.0924,  0.1668,  0.2299,  0.1917,  0.0522,  0.0127,  0.0541,
        -0.1521, -0.0459, -0.0037, -0.1592, -0.0080, -0.0301, -0.0893, -0.0798,
        -0.2517,  0.2360,  0.1212,  0.1781, -0.2098, -0.2419,  0.1834, -0.0439],
       device='cuda:0', requires_grad=True)

Parameter name: road_linear_1.weight
Shape: torch.Size([1, 32])
Values: Parameter containing:
tensor([[ 0.0307,  0.0855,  0.0145, -0.0090,  0.1063,  0.1444, -0.0503, -0.1478,
         -0.0937,  0.1293,  0.0185,  0.1484, -0.0587, -0.1643,  0.0517, -0.0785,
         -0.1089,  0.1134,  0.0099, -0.0120,  0.1754,  0.1508, -0.1476, -0.1657,
         -0.0906, -0.1364, -0.0961,  0.1224, -0.1208,  0.1653,  0.0583,  0.0081]],
       device='cuda:0', requires_grad=True)

Parameter name: linear_0.weight
Shape: torch.Size([32, 39])
Values: Parameter containing:
tensor([[ 0.0301,  0.0310,  0.0527,  ...,  0.0398, -0.1577, -0.1137],
        [-0.0380, -0.1259,  0.0870,  ..., -0.0223, -0.1524,  0.0871],
        [-0.0948,  0.0759,  0.1110,  ...,  0.1484,  0.0676,  0.0345],
        ...,
        [ 0.0866, -0.0850,  0.0103,  ..., -0.1115, -0.0686, -0.1180],
        [ 0.0054, -0.1183, -0.0094,  ..., -0.1408, -0.0367,  0.1557],
        [-0.1401,  0.0692,  0.0389,  ..., -0.0319, -0.1460, -0.0509]],
       device='cuda:0', requires_grad=True)

Parameter name: linear_0.bias
Shape: torch.Size([32])
Values: Parameter containing:
tensor([ 0.0616,  0.0724, -0.1106, -0.1096, -0.0424,  0.0134, -0.1348,  0.0769,
        -0.0332,  0.0963,  0.0509, -0.0287, -0.0174,  0.0524, -0.0864, -0.0447,
         0.0765, -0.1398, -0.0287,  0.0302, -0.0858,  0.0727,  0.0761, -0.0264,
        -0.0545,  0.0807,  0.0058, -0.1270,  0.0891,  0.1608,  0.1339, -0.0915],
       device='cuda:0', requires_grad=True)

Parameter name: linear_1.weight
Shape: torch.Size([32, 32])
Values: Parameter containing:
tensor([[ 0.1673, -0.0769, -0.1307,  ..., -0.0224, -0.1297,  0.1668],
        [-0.0925,  0.0893,  0.0440,  ...,  0.0631, -0.1291,  0.1639],
        [ 0.0188, -0.1611, -0.1053,  ..., -0.0551,  0.1107,  0.0616],
        ...,
        [ 0.0198, -0.0112,  0.1338,  ...,  0.1424, -0.1050,  0.1521],
        [ 0.1016, -0.0234, -0.0023,  ...,  0.1489,  0.1073, -0.0525],
        [ 0.1042, -0.0163,  0.1705,  ...,  0.1559,  0.0379,  0.0585]],
       device='cuda:0', requires_grad=True)

Parameter name: linear_1.bias
Shape: torch.Size([32])
Values: Parameter containing:
tensor([ 0.0659,  0.0998,  0.0059, -0.0423, -0.0641, -0.1104, -0.0036, -0.1024,
         0.1023, -0.1234,  0.1569, -0.1593,  0.1440,  0.0232, -0.1698,  0.0498,
        -0.1106, -0.1369,  0.0061, -0.0535,  0.0468,  0.1430, -0.1589,  0.1727,
        -0.1012, -0.0381,  0.1178, -0.0770, -0.0859, -0.0382,  0.0659, -0.0108],
       device='cuda:0', requires_grad=True)

Parameter name: linear_2.weight
Shape: torch.Size([1, 32])
Values: Parameter containing:
tensor([[ 0.1595,  0.0732, -0.1586, -0.1241,  0.0158, -0.0036, -0.0567,  0.0613,
          0.0710, -0.0994, -0.0384,  0.0665,  0.0609, -0.0127,  0.0921,  0.0600,
         -0.1628, -0.1721,  0.0091,  0.0637, -0.1229, -0.0901, -0.1665,  0.0303,
          0.1258,  0.1581, -0.1471,  0.1333, -0.0740, -0.1589,  0.1167,  0.1518]],
       device='cuda:0', requires_grad=True)

Parameter name: linear_2.bias
Shape: torch.Size([1])
Values: Parameter containing:
tensor([-0.0123], device='cuda:0', requires_grad=True)

