Parameter name: road_linear_0.weight
Shape: torch.Size([32, 16])
Values: Parameter containing:
tensor([[-0.3465,  0.4239, -0.0364,  0.0172,  0.1557,  0.1957,  0.3124, -0.0379,
          0.1831,  0.2881, -0.0225, -0.1719, -0.3086, -0.3873,  0.2228,  0.0339],
        [-0.2644, -0.0385, -0.1183,  0.0156, -0.0127,  0.2605,  0.1596,  0.1546,
          0.3946,  0.1521, -0.0108, -0.2711,  0.0048, -0.0655,  0.3417, -0.0986],
        [ 0.0961, -0.0693,  0.3986, -0.1473, -0.0761, -0.3645, -0.0424, -0.4105,
          0.0519, -0.0956,  0.1291, -0.0468,  0.4046,  0.3380,  0.0970,  0.2821],
        [ 0.2801, -0.2415,  0.0967, -0.0954, -0.0495, -0.2035, -0.1417, -0.0799,
         -0.4038, -0.4198,  0.1099,  0.3646,  0.2991, -0.1034, -0.1675,  0.1698],
        [-0.1008,  0.3823, -0.1806, -0.0082,  0.1570,  0.0888,  0.0239,  0.3040,
          0.1288,  0.3087,  0.0318, -0.1622, -0.0369, -0.2524,  0.2456, -0.1690],
        [-0.0029,  0.3902, -0.3615,  0.4092,  0.3103, -0.0286,  0.2305, -0.0569,
          0.2279,  0.2176, -0.3372, -0.0784, -0.2215,  0.1328,  0.3211, -0.0790],
        [ 0.3787, -0.0664,  0.4205, -0.2024, -0.0551, -0.2222, -0.1695, -0.2268,
         -0.2486, -0.0402,  0.1417,  0.0664, -0.0592,  0.2372, -0.2686,  0.1678],
        [-0.0510,  0.0709,  0.3712, -0.3713, -0.3346, -0.3135, -0.0792, -0.2613,
         -0.1947, -0.2348,  0.0857,  0.0431,  0.2592, -0.0750, -0.0676,  0.3692],
        [ 0.0506,  0.0069,  0.3211, -0.2718, -0.0642, -0.3622, -0.1634, -0.1046,
          0.0449, -0.3358,  0.0173,  0.0699, -0.0615,  0.1928, -0.3321,  0.1172],
        [-0.2963,  0.1980, -0.1113,  0.0053,  0.0744,  0.1652,  0.0344,  0.2292,
          0.2596,  0.0148,  0.0315, -0.0134, -0.2579, -0.1019,  0.1528, -0.2152],
        [-0.3640,  0.3796, -0.0759, -0.0125, -0.0460,  0.4365,  0.2227,  0.1128,
          0.3414,  0.2753, -0.0965,  0.0009, -0.1923,  0.0931, -0.0391, -0.3482],
        [-0.1342,  0.1341, -0.0373,  0.1100,  0.1614,  0.1286,  0.3498,  0.1419,
          0.1516,  0.3669,  0.0890,  0.0597, -0.4123, -0.2653,  0.0533, -0.2240],
        [ 0.3523, -0.0986,  0.1900, -0.2035, -0.1258, -0.0033, -0.0865, -0.3275,
         -0.3307, -0.1407,  0.1484,  0.0592, -0.0311,  0.2064, -0.2289,  0.0600],
        [ 0.2202,  0.0788,  0.3841, -0.0327, -0.3170, -0.0346, -0.0343, -0.0696,
         -0.2153, -0.1862, -0.0012,  0.1197,  0.1215,  0.0878, -0.3394,  0.2579],
        [-0.3922, -0.0074, -0.0883, -0.0162,  0.3831,  0.4294,  0.0980,  0.1238,
         -0.0281,  0.2082, -0.0966, -0.3264, -0.0981, -0.1462,  0.0329, -0.1859],
        [-0.0445, -0.3807,  0.2327,  0.0397, -0.3151, -0.0420, -0.1721, -0.2948,
         -0.1819, -0.0881,  0.1786,  0.4276,  0.1523, -0.0125,  0.0883,  0.1207],
        [ 0.3257,  0.0190,  0.2150, -0.3755, -0.3473, -0.0529, -0.0879,  0.0061,
         -0.3569, -0.2124,  0.3424,  0.2974,  0.3567,  0.3063, -0.1312, -0.0087],
        [-0.3027,  0.1961, -0.2597,  0.1609,  0.1174,  0.3039,  0.2756,  0.2571,
          0.1290,  0.3042, -0.1889, -0.2422, -0.1668, -0.2322,  0.2353, -0.1899],
        [ 0.2430, -0.1666,  0.1686, -0.3181, -0.1908, -0.3971, -0.2778,  0.0347,
         -0.3855, -0.1458,  0.1889, -0.0682,  0.2072,  0.2818,  0.0569,  0.2156],
        [ 0.3859, -0.1649,  0.2880, -0.1146, -0.3145, -0.2493, -0.3492,  0.0290,
         -0.0404, -0.3011,  0.1203,  0.2580, -0.0461,  0.1384,  0.0177,  0.2195],
        [-0.1791,  0.3046, -0.0522, -0.0602,  0.2570, -0.0380,  0.2844,  0.3441,
          0.1569,  0.0819, -0.2761, -0.2677, -0.1884, -0.2117,  0.3238, -0.2602],
        [-0.0790, -0.0433, -0.0583,  0.4012, -0.0199,  0.1261,  0.2356, -0.0650,
          0.0136,  0.2801,  0.1073, -0.2694, -0.1858, -0.3852, -0.1045,  0.0418],
        [ 0.3746, -0.2186,  0.0674, -0.1825,  0.0139, -0.4078, -0.2843, -0.2180,
         -0.2410, -0.1780,  0.3121,  0.2169, -0.0811,  0.3384,  0.1300,  0.2358],
        [ 0.2691, -0.0028,  0.3600, -0.3945, -0.2164, -0.1766, -0.1764, -0.2713,
         -0.3489, -0.3495,  0.0799,  0.3489,  0.2843,  0.1516, -0.1723,  0.0442],
        [ 0.2064, -0.4094,  0.1733, -0.1330,  0.0874, -0.2520,  0.0731, -0.1459,
         -0.3327,  0.0478,  0.3746, -0.0111,  0.0286,  0.2520, -0.2658,  0.3483],
        [ 0.0504, -0.2424,  0.1027,  0.0624, -0.2224, -0.2182, -0.0143, -0.3209,
         -0.1598, -0.3735, -0.0927,  0.1150,  0.1879,  0.3404, -0.3335,  0.0965],
        [ 0.2309, -0.0489,  0.3140, -0.3671, -0.1597, -0.1139, -0.3439, -0.0140,
         -0.3712, -0.0182,  0.1823,  0.0956,  0.2290,  0.3181,  0.1135,  0.3104],
        [-0.3276,  0.2467,  0.0031,  0.2261,  0.2971,  0.0308,  0.3461,  0.1568,
         -0.0675,  0.1239,  0.0651, -0.2723, -0.2179, -0.2293, -0.0271, -0.1344],
        [ 0.3146, -0.1029,  0.1537, -0.1540, -0.2888, -0.2989, -0.1359, -0.3320,
         -0.0083, -0.1361,  0.1550,  0.1469,  0.3521,  0.3387,  0.0396,  0.2850],
        [-0.2804,  0.2285, -0.3332,  0.2706, -0.0863,  0.1570,  0.3239,  0.2932,
          0.3489,  0.2524,  0.0294, -0.0870,  0.0445,  0.0350,  0.1048, -0.2430],
        [-0.2940,  0.0930, -0.0567,  0.0388,  0.1816,  0.3969,  0.3662, -0.0385,
          0.2124,  0.3445, -0.3796, -0.0142, -0.3101, -0.2986, -0.0182, -0.2623],
        [ 0.0733, -0.0861,  0.2775, -0.0880,  0.0238, -0.3351, -0.3970, -0.3513,
         -0.2873, -0.3029,  0.2377, -0.0086, -0.0223,  0.2835, -0.2511,  0.2238]],
       device='cuda:0', requires_grad=True)

Parameter name: road_linear_0.bias
Shape: torch.Size([32])
Values: Parameter containing:
tensor([-0.1090, -0.0115,  0.0735, -0.0586,  0.0018, -0.0909,  0.0733,  0.1308,
        -0.0324, -0.0321, -0.0036,  0.0703,  0.1359,  0.0703,  0.0203,  0.1006,
        -0.0758,  0.0050,  0.0697,  0.0215, -0.0515, -0.0764, -0.0241, -0.0104,
        -0.0852,  0.1597,  0.1351,  0.0297, -0.0742, -0.1792,  0.0534, -0.0124],
       device='cuda:0', requires_grad=True)

Parameter name: road_linear_1.weight
Shape: torch.Size([1, 32])
Values: Parameter containing:
tensor([[ 0.1928,  0.2779, -0.2059, -0.2180,  0.2743,  0.3221, -0.2542, -0.3550,
         -0.2654,  0.3231,  0.2239,  0.3490, -0.2147, -0.3634,  0.2725, -0.2284,
         -0.2748,  0.2980, -0.1971, -0.2249,  0.3589,  0.2505, -0.3411, -0.3482,
         -0.3005, -0.2996, -0.2876,  0.3143, -0.3175,  0.3526,  0.2584, -0.1998]],
       device='cuda:0', requires_grad=True)

Parameter name: linear_0.weight
Shape: torch.Size([32, 39])
Values: Parameter containing:
tensor([[-0.0390,  0.1086,  0.0867,  ...,  0.1249, -0.2484, -0.1137],
        [-0.1267, -0.0442,  0.1266,  ...,  0.0636, -0.2806,  0.0871],
        [ 0.0157, -0.0315,  0.0340,  ...,  0.0615,  0.2230,  0.0345],
        ...,
        [ 0.1292, -0.1556, -0.0226,  ..., -0.1880, -0.0102, -0.1180],
        [ 0.1069, -0.2126, -0.0666,  ..., -0.2317,  0.1037,  0.1557],
        [-0.2055,  0.1570,  0.0762,  ...,  0.0523, -0.2321, -0.0509]],
       device='cuda:0', requires_grad=True)

Parameter name: linear_0.bias
Shape: torch.Size([32])
Values: Parameter containing:
tensor([ 0.0466,  0.0422, -0.0730, -0.1427, -0.0756,  0.0632, -0.1024,  0.0390,
        -0.0370,  0.0593,  0.0040,  0.0107, -0.0294,  0.0855, -0.0468,  0.0003,
         0.0481, -0.1615, -0.0392,  0.0666, -0.0579,  0.0237,  0.1174,  0.0144,
        -0.0958,  0.1116,  0.0595, -0.1119,  0.0394,  0.1753,  0.1724, -0.1177],
       device='cuda:0', requires_grad=True)

Parameter name: linear_1.weight
Shape: torch.Size([32, 32])
Values: Parameter containing:
tensor([[ 0.0905, -0.1416, -0.1096,  ...,  0.0392, -0.0678,  0.0744],
        [-0.1809,  0.0087,  0.0832,  ...,  0.1383, -0.0530,  0.0610],
        [ 0.1017, -0.0821, -0.1423,  ..., -0.1281,  0.0369,  0.1632],
        ...,
        [ 0.0990,  0.0532,  0.1133,  ...,  0.0775, -0.1674,  0.2452],
        [ 0.0189, -0.1018,  0.0329,  ...,  0.2226,  0.1798, -0.1534],
        [ 0.0265, -0.0814,  0.1913,  ...,  0.2206,  0.1003, -0.0359]],
       device='cuda:0', requires_grad=True)

Parameter name: linear_1.bias
Shape: torch.Size([32])
Values: Parameter containing:
tensor([ 0.1045,  0.1535, -0.0437, -0.0990,  0.0079, -0.0257, -0.0637, -0.0308,
         0.1446, -0.1620,  0.1077, -0.1089,  0.1888,  0.0764, -0.1284,  0.1200,
        -0.1464, -0.1699,  0.0500,  0.0144, -0.0158,  0.0873, -0.2094,  0.2022,
        -0.0349, -0.0094,  0.0724, -0.0202, -0.1461, -0.0802,  0.1172,  0.0297],
       device='cuda:0', requires_grad=True)

Parameter name: linear_2.weight
Shape: torch.Size([1, 32])
Values: Parameter containing:
tensor([[ 0.2768,  0.1953, -0.2487, -0.2503,  0.0926,  0.1130, -0.1653,  0.1248,
          0.1864, -0.2112, -0.1417,  0.1592,  0.1584,  0.1413,  0.1920,  0.1734,
         -0.2767, -0.2792,  0.1273,  0.1298, -0.1986, -0.1763, -0.2693,  0.1361,
          0.2167,  0.2809, -0.2518,  0.2383, -0.1768, -0.2676,  0.2254,  0.2602]],
       device='cuda:0', requires_grad=True)

Parameter name: linear_2.bias
Shape: torch.Size([1])
Values: Parameter containing:
tensor([0.0775], device='cuda:0', requires_grad=True)

