Parameter name: road_linear_0.weight
Shape: torch.Size([32, 16])
Values: Parameter containing:
tensor([[-0.3603,  0.5495,  0.0103, -0.0229,  0.3833,  0.2505,  0.4801,  0.1639,
          0.3335,  0.2091,  0.0831, -0.3202, -0.4692, -0.3053,  0.3290,  0.0700],
        [-0.0988, -0.1570,  0.0810, -0.1442,  0.1500,  0.2230,  0.0272,  0.3814,
          0.7505, -0.0594,  0.2988, -0.4806,  0.0719,  0.1365,  0.7407,  0.0876],
        [ 0.2496, -0.3223,  0.4582, -0.1822, -0.4326, -0.4405, -0.3697, -0.6551,
         -0.1711, -0.1075,  0.1752,  0.1817,  0.7693,  0.3635, -0.0739,  0.3503],
        [ 0.0389, -0.1021, -0.1608,  0.1110, -0.1421, -0.1263,  0.0363, -0.2744,
         -0.7308, -0.1585, -0.2283,  0.5089,  0.1700, -0.3721, -0.4922, -0.0725],
        [ 0.0970,  0.2542,  0.0482, -0.1840,  0.2783,  0.0318, -0.0895,  0.5218,
          0.4710,  0.0720,  0.3455, -0.3090,  0.0495, -0.0229,  0.5695,  0.0305],
        [-0.1805,  0.6101, -0.4408,  0.4605,  0.6202,  0.0691,  0.5584,  0.1709,
          0.3710,  0.2457, -0.3512, -0.2606, -0.5083,  0.0908,  0.4083, -0.1648],
        [ 0.1719, -0.0090,  0.1843, -0.0185, -0.1904, -0.1344, -0.0564, -0.4269,
         -0.5692,  0.1901, -0.1409,  0.2207, -0.1112, -0.0074, -0.5403, -0.0396],
        [-0.2307,  0.0743,  0.1498, -0.1951, -0.4791, -0.2126,  0.0103, -0.4570,
         -0.4794, -0.0217, -0.1550,  0.2065,  0.2431, -0.3003, -0.3238,  0.1792],
        [-0.1401,  0.0918,  0.1012, -0.0954, -0.2685, -0.2834, -0.0181, -0.3552,
         -0.3664, -0.1057, -0.3164,  0.3079, -0.1387, -0.0346, -0.7176, -0.0845],
        [-0.1233,  0.0821,  0.0945, -0.1555,  0.2293,  0.1161, -0.0780,  0.4694,
          0.6406, -0.1995,  0.3458, -0.2126, -0.1919,  0.1048,  0.5265, -0.0297],
        [-0.2897,  0.4752,  0.0595, -0.1244,  0.1408,  0.3851,  0.2551,  0.3114,
          0.5771,  0.1344,  0.0613, -0.1795, -0.2874,  0.2412,  0.1702, -0.2383],
        [ 0.0590,  0.0794,  0.1914, -0.0760,  0.3327,  0.0372,  0.2161,  0.3674,
          0.5101,  0.1359,  0.3975, -0.1376, -0.3604, -0.0268,  0.3748, -0.0179],
        [ 0.1741, -0.0055, -0.0269, -0.0417, -0.2627,  0.0530, -0.0060, -0.5432,
         -0.6691,  0.0731, -0.1433,  0.2109, -0.0819, -0.0097, -0.5103, -0.1197],
        [ 0.0232,  0.1997,  0.1570,  0.1463, -0.4607,  0.0188,  0.1022, -0.2965,
         -0.5946,  0.0459, -0.3285,  0.3113,  0.0378, -0.1434, -0.6964,  0.0516],
        [-0.1844, -0.1225,  0.1414, -0.1983,  0.5318,  0.3443, -0.0610,  0.3430,
          0.3385, -0.0289,  0.2353, -0.5169,  0.0024,  0.0930,  0.3836,  0.0243],
        [-0.1660, -0.3186,  0.0608,  0.1648, -0.4492, -0.0043, -0.1527, -0.5009,
         -0.4520,  0.0846, -0.0711,  0.5722,  0.1390, -0.1812, -0.1389, -0.0096],
        [ 0.0654,  0.1232, -0.0576, -0.1484, -0.4539,  0.0407,  0.1008, -0.1923,
         -0.6901,  0.0604,  0.0028,  0.4564,  0.2367,  0.0105, -0.4376, -0.2642],
        [-0.2720,  0.3392, -0.1773,  0.0814,  0.2955,  0.2979,  0.3944,  0.4130,
          0.2103,  0.2014, -0.1112, -0.3632, -0.2968, -0.1190,  0.3319, -0.1139],
        [ 0.3594, -0.4233,  0.1835, -0.3066, -0.5180, -0.4457, -0.5507, -0.2036,
         -0.5779, -0.1243,  0.2221,  0.1508,  0.5478,  0.2630, -0.1172,  0.2408],
        [ 0.4972, -0.3896,  0.3111, -0.1220, -0.6830, -0.3155, -0.6325, -0.2247,
         -0.2510, -0.2716,  0.1330,  0.4717,  0.2490,  0.1160, -0.1593,  0.2468],
        [-0.0302,  0.2211,  0.1338, -0.2084,  0.3332, -0.0853,  0.2426,  0.5049,
          0.3435, -0.0995, -0.0201, -0.3397, -0.1349, -0.0234,  0.4773, -0.1035],
        [-0.0187,  0.0428,  0.0650,  0.2985,  0.2736,  0.1125,  0.2472,  0.2051,
          0.3580,  0.1423,  0.3214, -0.5317, -0.2959, -0.2465,  0.2162,  0.1418],
        [ 0.4833, -0.4517,  0.0867, -0.1816, -0.3175, -0.4560, -0.5529, -0.4474,
         -0.4330, -0.1547,  0.3343,  0.4258,  0.2245,  0.3196, -0.0356,  0.2610],
        [-0.0137,  0.1025,  0.0746, -0.1592, -0.2827, -0.0662,  0.0199, -0.4361,
         -0.5989, -0.0667, -0.2319,  0.4590,  0.1438, -0.1525, -0.4365, -0.2226],
        [ 0.0128, -0.3252, -0.0500,  0.0422, -0.0604, -0.1770,  0.1869, -0.3677,
         -0.7305,  0.2733,  0.0619,  0.1695, -0.0406,  0.0215, -0.5952,  0.1473],
        [-0.1545, -0.0957, -0.1346,  0.2431, -0.3012, -0.1573,  0.1060, -0.5117,
         -0.4719, -0.1338, -0.4069,  0.2114,  0.0883,  0.1066, -0.6332, -0.1047],
        [ 0.4664, -0.3046,  0.4252, -0.4347, -0.5626, -0.2326, -0.7535, -0.3042,
         -0.6074, -0.0715,  0.2846,  0.3336,  0.6349,  0.3967, -0.0749,  0.4345],
        [-0.2048,  0.2559,  0.1806,  0.0839,  0.4753, -0.0213,  0.3087,  0.3675,
          0.1960, -0.0560,  0.2996, -0.4523, -0.2416, -0.0448,  0.2216,  0.0146],
        [ 0.2033, -0.1789, -0.0098, -0.0128, -0.4354, -0.2315, -0.1090, -0.5055,
         -0.1949,  0.0258, -0.0235,  0.3083,  0.4104,  0.1561, -0.1571,  0.1438],
        [-0.4177,  0.4455, -0.3769,  0.3013,  0.2316,  0.2314,  0.6282,  0.5131,
          0.5121,  0.2511,  0.0062, -0.2683, -0.2370,  0.0228,  0.2194, -0.2952],
        [-0.3849,  0.3312, -0.0686,  0.0261,  0.5178,  0.4526,  0.6152,  0.2037,
          0.4146,  0.3102, -0.3932, -0.2295, -0.6337, -0.2656,  0.1575, -0.2757],
        [-0.1477, -0.0352,  0.0306,  0.1098, -0.0936, -0.2252, -0.2635, -0.5484,
         -0.5878, -0.0610, -0.0410,  0.1412, -0.0892,  0.0257, -0.5246,  0.0044]],
       device='cuda:0', requires_grad=True)

Parameter name: road_linear_0.bias
Shape: torch.Size([32])
Values: Parameter containing:
tensor([-0.1299,  0.1363,  0.2084, -0.2123,  0.1823, -0.1696, -0.0239,  0.1516,
        -0.1347,  0.1300, -0.1062,  0.1005, -0.0502, -0.0852,  0.1554, -0.0262,
        -0.1725, -0.1073,  0.2300,  0.1280,  0.0830, -0.1349,  0.1117, -0.1134,
        -0.2116, -0.0362,  0.2343,  0.0155,  0.0512, -0.2603, -0.0942, -0.0568],
       device='cuda:0', requires_grad=True)

Parameter name: road_linear_1.weight
Shape: torch.Size([1, 32])
Values: Parameter containing:
tensor([[ 0.5842,  0.7399, -0.5475, -0.6475,  0.7162,  0.6974, -0.6631, -0.7253,
         -0.6757,  0.7763,  0.5762,  0.7500, -0.6660, -0.8275,  0.6761, -0.6377,
         -0.6881,  0.6509, -0.5087, -0.5396,  0.7929,  0.5635, -0.6544, -0.7540,
         -0.7182, -0.7431, -0.6286,  0.6938, -0.6571,  0.7189,  0.5620, -0.5813]],
       device='cuda:0', requires_grad=True)

Parameter name: linear_0.weight
Shape: torch.Size([32, 39])
Values: Parameter containing:
tensor([[-0.0324,  0.1242,  0.0545,  ...,  0.2020, -0.7573, -0.1137],
        [-0.1433, -0.0297,  0.1438,  ...,  0.0509, -0.6571,  0.0871],
        [ 0.0313, -0.0438,  0.0186,  ...,  0.0669,  0.7069,  0.0345],
        ...,
        [ 0.1398, -0.1554, -0.0426,  ..., -0.1684,  0.3629, -0.1180],
        [ 0.1129, -0.2171, -0.0736,  ..., -0.2322,  0.5274,  0.1557],
        [-0.2306,  0.2126,  0.0703,  ...,  0.0868, -0.6587, -0.0509]],
       device='cuda:0', requires_grad=True)

Parameter name: linear_0.bias
Shape: torch.Size([32])
Values: Parameter containing:
tensor([ 8.7613e-02,  2.4773e-02, -5.8336e-02, -1.3032e-01, -8.7873e-02,
         4.3441e-02, -8.1769e-02,  6.8455e-02, -4.2016e-02,  4.7494e-02,
         5.1079e-02,  1.0334e-02, -2.3809e-02,  1.0966e-01, -1.8206e-02,
        -1.7815e-02,  5.8914e-02, -1.6745e-01,  1.1228e-04,  9.5473e-02,
        -9.9468e-02, -9.9439e-03,  1.2097e-01,  6.7247e-02, -1.0737e-01,
         1.1457e-01,  6.4386e-02, -1.6548e-01,  4.8380e-02,  1.9901e-01,
         1.8011e-01, -1.0040e-01], device='cuda:0', requires_grad=True)

Parameter name: linear_1.weight
Shape: torch.Size([32, 32])
Values: Parameter containing:
tensor([[ 0.1044, -0.2271,  0.0188,  ...,  0.1205, -0.0063,  0.0847],
        [-0.1809, -0.0687,  0.2193,  ...,  0.2142,  0.0068,  0.0543],
        [ 0.1428, -0.0398, -0.2360,  ..., -0.1700, -0.0036,  0.2230],
        ...,
        [ 0.1569,  0.0829,  0.0266,  ...,  0.0513, -0.2386,  0.3812],
        [ 0.0658, -0.2417,  0.1764,  ...,  0.3511,  0.2760, -0.1032],
        [ 0.0240, -0.1428,  0.3005,  ...,  0.2814,  0.1443, -0.0399]],
       device='cuda:0', requires_grad=True)

Parameter name: linear_1.bias
Shape: torch.Size([32])
Values: Parameter containing:
tensor([ 0.1642,  0.2033, -0.0587, -0.1714,  0.0417,  0.0016, -0.1046,  0.0821,
         0.2341, -0.1687,  0.1373, -0.1144,  0.2603,  0.0690, -0.0471,  0.2343,
         0.0968, -0.1994,  0.0610,  0.0828, -0.1008,  0.0619, -0.2271,  0.2377,
         0.0210, -0.0255,  0.0913, -0.0061, -0.2096, -0.0705,  0.2242,  0.0688],
       device='cuda:0', requires_grad=True)

Parameter name: linear_2.weight
Shape: torch.Size([1, 32])
Values: Parameter containing:
tensor([[ 1.2633,  1.1968, -1.2911, -1.2259,  1.1270,  1.1371, -1.1870,  1.0686,
          1.1377, -1.2587, -1.1488,  1.1252,  1.1296,  1.1772,  1.1431,  1.1143,
         -1.2367, -1.2886,  1.1610,  1.1181, -1.1716, -1.2042, -1.3175,  1.1424,
          1.2288,  1.2637, -1.2836,  1.2721, -1.1713, -1.2993,  1.1630,  1.2593]],
       device='cuda:0', requires_grad=True)

Parameter name: linear_2.bias
Shape: torch.Size([1])
Values: Parameter containing:
tensor([0.9881], device='cuda:0', requires_grad=True)

