Parameter name: road_linear_0.weight
Shape: torch.Size([32, 16])
Values: Parameter containing:
tensor([[-3.4410e-01,  4.1241e-01, -3.3830e-02,  1.2347e-02,  1.4913e-01,
          2.0120e-01,  3.0690e-01, -3.8088e-02,  1.8422e-01,  2.8604e-01,
         -6.2396e-03, -1.7359e-01, -3.0624e-01, -3.8529e-01,  2.2114e-01,
          3.8442e-02],
        [-2.6094e-01, -4.8524e-02, -1.1462e-01,  1.0143e-02, -2.1058e-02,
          2.6179e-01,  1.5356e-01,  1.5202e-01,  3.9218e-01,  1.4869e-01,
          3.4044e-03, -2.6921e-01,  9.2177e-03, -6.1196e-02,  3.3617e-01,
         -9.3534e-02],
        [ 9.3350e-02, -5.9080e-02,  3.9577e-01, -1.4256e-01, -6.8746e-02,
         -3.6779e-01, -3.6729e-02, -4.0932e-01,  5.2284e-02, -9.3155e-02,
          1.1469e-01, -4.6677e-02,  4.0144e-01,  3.3514e-01,  9.9825e-02,
          2.7756e-01],
        [ 2.7835e-01, -2.3340e-01,  9.4656e-02, -9.1643e-02, -4.4254e-02,
         -2.0728e-01, -1.3773e-01, -8.0118e-02, -4.0456e-01, -4.1823e-01,
          9.8745e-02,  3.6573e-01,  2.9769e-01, -1.0502e-01, -1.6685e-01,
          1.6642e-01],
        [-9.7868e-02,  3.7253e-01, -1.7741e-01, -1.3312e-02,  1.4939e-01,
          9.0884e-02,  1.8303e-02,  3.0208e-01,  1.2743e-01,  3.0580e-01,
          4.5523e-02, -1.6127e-01, -3.3237e-02, -2.4903e-01,  2.4137e-01,
         -1.6439e-01],
        [-1.5454e-03,  3.8362e-01, -3.6010e-01,  4.0612e-01,  3.0589e-01,
         -2.5701e-02,  2.2726e-01, -5.7042e-02,  2.2855e-01,  2.1644e-01,
         -3.2470e-01, -7.9569e-02, -2.2006e-01,  1.3384e-01,  3.1998e-01,
         -7.6329e-02],
        [ 3.7706e-01, -5.9171e-02,  4.1872e-01, -1.9910e-01, -5.0175e-02,
         -2.2540e-01, -1.6607e-01, -2.2670e-01, -2.4914e-01, -3.8630e-02,
          1.2984e-01,  6.7291e-02, -6.0738e-02,  2.3572e-01, -2.6773e-01,
          1.6486e-01],
        [-5.2352e-02,  7.6879e-02,  3.6972e-01, -3.6839e-01, -3.3037e-01,
         -3.1622e-01, -7.6367e-02, -2.6126e-01, -1.9524e-01, -2.3349e-01,
          7.4580e-02,  4.3983e-02,  2.5798e-01, -7.6188e-02, -6.6941e-02,
          3.6670e-01],
        [ 4.7163e-02,  1.6655e-02,  3.1753e-01, -2.6616e-01, -5.5810e-02,
         -3.6378e-01, -1.5702e-01, -1.0216e-01,  4.7152e-02, -3.3258e-01,
          3.5483e-03,  6.8364e-02, -6.5731e-02,  1.8874e-01, -3.2713e-01,
          1.1205e-01],
        [-2.9273e-01,  1.8792e-01, -1.0761e-01, -4.1239e-04,  6.5670e-02,
          1.6589e-01,  2.8122e-02,  2.2616e-01,  2.5682e-01,  1.1260e-02,
          4.5974e-02, -1.1201e-02, -2.5312e-01, -9.7556e-02,  1.4679e-01,
         -2.0993e-01],
        [-3.6169e-01,  3.7064e-01, -7.3374e-02, -1.6892e-02, -5.2654e-02,
          4.3959e-01,  2.1764e-01,  1.1207e-01,  3.4114e-01,  2.7319e-01,
         -8.3897e-02,  5.9162e-04, -1.8977e-01,  9.5517e-02, -4.1303e-02,
         -3.4408e-01],
        [-1.3240e-01,  1.2709e-01, -3.5331e-02,  1.0626e-01,  1.5629e-01,
          1.3090e-01,  3.4586e-01,  1.4148e-01,  1.5154e-01,  3.6527e-01,
          9.8013e-02,  5.9310e-02, -4.1049e-01, -2.6355e-01,  5.1906e-02,
         -2.2074e-01],
        [ 3.4761e-01, -8.5096e-02,  1.8525e-01, -1.9632e-01, -1.1548e-01,
         -5.1704e-03, -7.7677e-02, -3.2400e-01, -3.2811e-01, -1.3645e-01,
          1.3103e-01,  5.7362e-02, -3.7260e-02,  2.0126e-01, -2.2147e-01,
          5.2932e-02],
        [ 2.1779e-01,  8.6709e-02,  3.8161e-01, -2.8538e-02, -3.1048e-01,
         -3.5785e-02, -2.9912e-02, -6.7971e-02, -2.1397e-01, -1.8376e-01,
         -1.3631e-02,  1.1874e-01,  1.1835e-01,  8.4954e-02, -3.3578e-01,
          2.5418e-01],
        [-3.8943e-01, -1.6452e-02, -8.5398e-02, -2.0846e-02,  3.7580e-01,
          4.3159e-01,  9.2968e-02,  1.2226e-01, -2.9427e-02,  2.0559e-01,
         -8.3050e-02, -3.2557e-01, -9.4722e-02, -1.4293e-01,  2.9145e-02,
         -1.8164e-01],
        [-4.9453e-02, -3.6770e-01,  2.2762e-01,  4.7382e-02, -3.0412e-01,
         -4.3181e-02, -1.6311e-01, -2.9077e-01, -1.7861e-01, -8.3360e-02,
          1.6100e-01,  4.2508e-01,  1.4590e-01, -1.8061e-02,  9.5933e-02,
          1.1340e-01],
        [ 3.2494e-01,  2.4133e-02,  2.1395e-01, -3.7295e-01, -3.4464e-01,
         -5.6254e-02, -8.5693e-02,  5.0686e-03, -3.5851e-01, -2.1171e-01,
          3.3304e-01,  2.9916e-01,  3.5659e-01,  3.0594e-01, -1.3212e-01,
         -1.0718e-02],
        [-3.0231e-01,  1.9134e-01, -2.5901e-01,  1.5899e-01,  1.1561e-01,
          3.0797e-01,  2.7417e-01,  2.5846e-01,  1.3112e-01,  3.0381e-01,
         -1.7981e-01, -2.4463e-01, -1.6739e-01, -2.3245e-01,  2.3681e-01,
         -1.8838e-01],
        [ 2.4146e-01, -1.5888e-01,  1.6683e-01, -3.1443e-01, -1.8607e-01,
         -4.0120e-01, -2.7365e-01,  3.4082e-02, -3.8711e-01, -1.4464e-01,
          1.7633e-01, -6.6405e-02,  2.0611e-01,  2.8086e-01,  5.6868e-02,
          2.1220e-01],
        [ 3.8429e-01, -1.5762e-01,  2.8616e-01, -1.1104e-01, -3.0965e-01,
         -2.5252e-01, -3.4526e-01,  2.8783e-02, -4.1362e-02, -2.9965e-01,
          1.0894e-01,  2.5922e-01, -4.7386e-02,  1.3712e-01,  1.8177e-02,
          2.1622e-01],
        [-1.7808e-01,  2.9857e-01, -5.1048e-02, -6.2968e-02,  2.5357e-01,
         -3.4765e-02,  2.8191e-01,  3.4441e-01,  1.5792e-01,  8.1002e-02,
         -2.6431e-01, -2.6923e-01, -1.8759e-01, -2.1105e-01,  3.2364e-01,
         -2.5794e-01],
        [-7.3336e-02, -5.5411e-02, -5.2558e-02,  3.9289e-01, -3.1837e-02,
          1.2446e-01,  2.2690e-01, -7.0494e-02,  7.9693e-03,  2.7434e-01,
          1.2419e-01, -2.6444e-01, -1.7819e-01, -3.7809e-01, -1.1426e-01,
          4.9312e-02],
        [ 3.7330e-01, -2.1267e-01,  6.5878e-02, -1.7949e-01,  1.8012e-02,
         -4.1067e-01, -2.8147e-01, -2.1811e-01, -2.4165e-01, -1.7680e-01,
          3.0171e-01,  2.1780e-01, -8.2111e-02,  3.3720e-01,  1.3046e-01,
          2.3330e-01],
        [ 2.6874e-01,  1.3287e-03,  3.5933e-01, -3.9273e-01, -2.1522e-01,
         -1.7997e-01, -1.7526e-01, -2.7280e-01, -3.5095e-01, -3.4908e-01,
          7.3561e-02,  3.5106e-01,  2.8502e-01,  1.5185e-01, -1.7377e-01,
          4.2944e-02],
        [ 2.0400e-01, -4.0133e-01,  1.7071e-01, -1.2859e-01,  9.3911e-02,
         -2.5415e-01,  7.7965e-02, -1.4462e-01, -3.3177e-01,  5.0039e-02,
          3.6194e-01, -1.1493e-02,  2.5716e-02,  2.4937e-01, -2.6272e-01,
          3.4427e-01],
        [ 4.7522e-02, -2.3309e-01,  9.9710e-02,  6.7362e-02, -2.1562e-01,
         -2.2024e-01, -9.6383e-03, -3.1921e-01, -1.5866e-01, -3.7054e-01,
         -1.0868e-01,  1.1400e-01,  1.8447e-01,  3.3717e-01, -3.2910e-01,
          9.2268e-02],
        [ 2.3016e-01, -4.3883e-02,  3.1312e-01, -3.6448e-01, -1.5686e-01,
         -1.1709e-01, -3.4148e-01, -1.4903e-02, -3.7294e-01, -1.7693e-02,
          1.7210e-01,  9.7512e-02,  2.2871e-01,  3.1793e-01,  1.1301e-01,
          3.0817e-01],
        [-3.2549e-01,  2.3875e-01,  5.4385e-03,  2.2200e-01,  2.9097e-01,
          3.2945e-02,  3.4147e-01,  1.5584e-01, -6.7939e-02,  1.2184e-01,
          7.6347e-02, -2.7226e-01, -2.1543e-01, -2.2704e-01, -2.9350e-02,
         -1.3059e-01],
        [ 3.1361e-01, -9.6894e-02,  1.5237e-01, -1.5130e-01, -2.8548e-01,
         -3.0212e-01, -1.3342e-01, -3.3265e-01, -9.4513e-03, -1.3513e-01,
          1.4668e-01,  1.4831e-01,  3.5155e-01,  3.3790e-01,  3.9251e-02,
          2.8276e-01],
        [-2.7915e-01,  2.2218e-01, -3.3182e-01,  2.6779e-01, -9.0464e-02,
          1.5976e-01,  3.2107e-01,  2.9316e-01,  3.4958e-01,  2.5117e-01,
          4.0390e-02, -8.7976e-02,  4.5659e-02,  3.6115e-02,  1.0423e-01,
         -2.4054e-01],
        [-2.9292e-01,  8.7132e-02, -5.5436e-02,  3.5881e-02,  1.7808e-01,
          4.0042e-01,  3.6345e-01, -3.7715e-02,  2.1375e-01,  3.4367e-01,
         -3.6870e-01, -1.5826e-02, -3.0956e-01, -2.9795e-01, -1.7821e-02,
         -2.5985e-01],
        [ 7.1926e-02, -7.8409e-02,  2.7587e-01, -8.4703e-02,  2.8145e-02,
         -3.3934e-01, -3.9357e-01, -3.5218e-01, -2.8900e-01, -3.0171e-01,
          2.2623e-01, -6.6633e-03, -2.2937e-02,  2.8251e-01, -2.5156e-01,
          2.2085e-01]], device='cuda:0', requires_grad=True)

Parameter name: road_linear_0.bias
Shape: torch.Size([32])
Values: Parameter containing:
tensor([-0.0894,  0.0155,  0.0519, -0.0774,  0.0259, -0.0738,  0.0573,  0.1153,
        -0.0585, -0.0046,  0.0181,  0.0845,  0.1135,  0.0504,  0.0438,  0.0731,
        -0.0898,  0.0163,  0.0514,  0.0048, -0.0350, -0.0502, -0.0399, -0.0190,
        -0.1091,  0.1447,  0.1225,  0.0476, -0.0879, -0.1660,  0.0695, -0.0302],
       device='cuda:0', requires_grad=True)

Parameter name: road_linear_1.weight
Shape: torch.Size([1, 32])
Values: Parameter containing:
tensor([[ 0.1820,  0.2679, -0.1971, -0.2107,  0.2635,  0.3118, -0.2467, -0.3477,
         -0.2558,  0.3112,  0.2160,  0.3403, -0.2004, -0.3540,  0.2641, -0.2127,
         -0.2678,  0.2923, -0.1891, -0.2173,  0.3501,  0.2369, -0.3346, -0.3430,
         -0.2903, -0.2893, -0.2804,  0.3043, -0.3111,  0.3457,  0.2515, -0.1928]],
       device='cuda:0', requires_grad=True)

Parameter name: linear_0.weight
Shape: torch.Size([32, 39])
Values: Parameter containing:
tensor([[-0.0210,  0.0867,  0.0761,  ...,  0.1010, -0.2141, -0.1137],
        [-0.1157, -0.0595,  0.1233,  ...,  0.0369, -0.2574,  0.0871],
        [-0.0131,  0.0011,  0.0579,  ...,  0.0817,  0.1844,  0.0345],
        ...,
        [ 0.1197, -0.1411, -0.0232,  ..., -0.1537, -0.0437, -0.1180],
        [ 0.0915, -0.1936, -0.0564,  ..., -0.2087,  0.0778,  0.1557],
        [-0.1865,  0.1337,  0.0648,  ...,  0.0262, -0.1942, -0.0509]],
       device='cuda:0', requires_grad=True)

Parameter name: linear_0.bias
Shape: torch.Size([32])
Values: Parameter containing:
tensor([ 0.0480,  0.0383, -0.0863, -0.1408, -0.0736,  0.0526, -0.0970,  0.0585,
        -0.0278,  0.0620,  0.0277,  0.0070, -0.0401,  0.0878, -0.0463, -0.0198,
         0.0478, -0.1636, -0.0345,  0.0683, -0.0634,  0.0175,  0.1111,  0.0131,
        -0.0935,  0.1095,  0.0443, -0.1094,  0.0424,  0.1837,  0.1705, -0.1155],
       device='cuda:0', requires_grad=True)

Parameter name: linear_1.weight
Shape: torch.Size([32, 32])
Values: Parameter containing:
tensor([[ 0.1075, -0.1289, -0.1356,  ...,  0.0276, -0.0852,  0.0960],
        [-0.1634,  0.0228,  0.0541,  ...,  0.1252, -0.0699,  0.0808],
        [ 0.0856, -0.0955, -0.1155,  ..., -0.1157,  0.0533,  0.1437],
        ...,
        [ 0.0809,  0.0386,  0.1417,  ...,  0.0910, -0.1476,  0.2217],
        [ 0.0325, -0.0912,  0.0090,  ...,  0.2128,  0.1664, -0.1370],
        [ 0.0437, -0.0683,  0.1638,  ...,  0.2085,  0.0815, -0.0127]],
       device='cuda:0', requires_grad=True)

Parameter name: linear_1.bias
Shape: torch.Size([32])
Values: Parameter containing:
tensor([ 0.1020,  0.1472, -0.0384, -0.0930, -0.0119, -0.0368, -0.0539, -0.0395,
         0.1448, -0.1607,  0.1123, -0.1191,  0.1885,  0.0829, -0.1286,  0.1124,
        -0.1422, -0.1705,  0.0529,  0.0020, -0.0076,  0.0942, -0.2017,  0.2096,
        -0.0464, -0.0084,  0.0782, -0.0270, -0.1380, -0.0762,  0.1136,  0.0276],
       device='cuda:0', requires_grad=True)

Parameter name: linear_2.weight
Shape: torch.Size([1, 32])
Values: Parameter containing:
tensor([[ 0.2593,  0.1770, -0.2307, -0.2321,  0.0715,  0.0940, -0.1467,  0.1056,
          0.1694, -0.1936, -0.1225,  0.1403,  0.1404,  0.1233,  0.1744,  0.1553,
         -0.2580, -0.2615,  0.1088,  0.1103, -0.1795, -0.1574, -0.2508,  0.1188,
          0.1979,  0.2628, -0.2337,  0.2200, -0.1582, -0.2496,  0.2080,  0.2425]],
       device='cuda:0', requires_grad=True)

Parameter name: linear_2.bias
Shape: torch.Size([1])
Values: Parameter containing:
tensor([0.0629], device='cuda:0', requires_grad=True)

