Parameter name: road_linear_0.weight
Shape: torch.Size([32, 16])
Values: Parameter containing:
tensor([[-2.2084e-01,  2.8874e-01,  8.9767e-02, -1.2056e-01,  2.4883e-02,
          6.9864e-02,  1.9538e-01, -1.4786e-01,  7.5547e-02,  1.5214e-01,
          1.0937e-01, -4.4284e-02, -1.9019e-01, -2.7371e-01,  1.6250e-01,
          1.6138e-01],
        [-1.5699e-01, -1.5569e-01, -9.7340e-03, -1.0857e-01, -1.2998e-01,
          1.5388e-01,  6.1267e-02,  6.0413e-02,  3.0097e-01,  3.2918e-02,
          1.1548e-01, -1.6071e-01,  1.0670e-01,  3.3987e-02,  2.5745e-01,
          9.0992e-03],
        [-2.1786e-02,  4.7165e-02,  2.8164e-01, -1.8425e-02,  4.2370e-02,
         -2.4622e-01,  6.5075e-02, -3.0862e-01,  1.5023e-01,  3.2503e-02,
          2.1798e-02, -1.6649e-01,  2.9922e-01,  2.3518e-01,  1.5833e-01,
          1.6370e-01],
        [ 1.7676e-01, -1.4174e-01, -9.0153e-03,  2.4815e-02,  4.3510e-02,
         -1.0399e-01, -5.3076e-02,  1.3510e-04, -3.2416e-01, -3.0494e-01,
          5.2305e-03,  2.6405e-01,  2.1013e-01, -1.8813e-01, -1.2295e-01,
          6.5080e-02],
        [ 3.5111e-03,  2.6791e-01, -7.4182e-02, -1.3108e-01,  4.4746e-02,
         -1.3751e-02, -7.1017e-02,  2.1444e-01,  3.9393e-02,  1.9200e-01,
          1.5748e-01, -5.5811e-02,  6.1703e-02, -1.5701e-01,  1.6874e-01,
         -6.4196e-02],
        [ 8.4506e-02,  3.0944e-01, -2.7214e-01,  3.0454e-01,  2.2619e-01,
         -1.1588e-01,  1.5841e-01, -1.2403e-01,  1.5956e-01,  1.1650e-01,
         -2.2889e-01,  7.4855e-03, -1.4877e-01,  2.0598e-01,  2.8054e-01,
          8.0789e-03],
        [ 2.8569e-01,  8.4505e-03,  3.2578e-01, -9.2743e-02,  2.6029e-02,
         -1.3219e-01, -9.4127e-02, -1.6132e-01, -1.7840e-01,  6.6719e-02,
          4.3490e-02, -2.1208e-02, -1.3113e-01,  1.6383e-01, -2.3967e-01,
          7.4683e-02],
        [-1.3315e-01,  1.3537e-01,  2.8675e-01, -2.7061e-01, -2.6417e-01,
         -2.3301e-01, -1.5348e-02, -2.0492e-01, -1.3393e-01, -1.3760e-01,
          1.0130e-03, -3.4342e-02,  1.9746e-01, -1.3975e-01, -4.2407e-02,
          2.8808e-01],
        [-6.0392e-02,  1.2882e-01,  2.0916e-01, -1.4399e-01,  5.6797e-02,
         -2.5114e-01, -6.0893e-02, -4.0939e-03,  1.4292e-01, -2.1326e-01,
         -1.0976e-01, -4.4921e-02, -1.6802e-01,  8.9698e-02, -2.3758e-01,
          6.5046e-03],
        [-1.9229e-01,  8.1221e-02, -6.0095e-03, -1.1596e-01, -4.1197e-02,
          6.0667e-02, -6.0566e-02,  1.3600e-01,  1.6731e-01, -1.0171e-01,
          1.5440e-01,  9.5102e-02, -1.5757e-01, -4.4486e-03,  6.4710e-02,
         -1.1135e-01],
        [-2.5822e-01,  2.6844e-01,  3.1310e-02, -1.3397e-01, -1.4806e-01,
          3.3224e-01,  1.2937e-01,  2.3900e-02,  2.5600e-01,  1.5846e-01,
          9.6430e-03,  1.0683e-01, -9.6936e-02,  1.8422e-01, -1.0734e-01,
         -2.4154e-01],
        [-4.2441e-02,  3.1308e-02,  5.7384e-02,  3.7459e-04,  7.5987e-02,
          3.6499e-02,  2.7410e-01,  6.4679e-02,  7.9487e-02,  2.6219e-01,
          1.7676e-01,  1.5360e-01, -3.2767e-01, -1.8668e-01, -1.1023e-02,
         -1.3286e-01],
        [ 2.1189e-01,  6.1458e-02,  4.9097e-02, -4.9467e-02,  2.9982e-02,
          1.4178e-01,  5.3708e-02, -1.8961e-01, -1.9846e-01,  1.1456e-02,
          1.0709e-02, -9.0592e-02, -1.7406e-01,  7.1298e-02, -1.1354e-01,
         -8.1531e-02],
        [ 1.2925e-01,  1.7146e-01,  2.9115e-01,  7.5872e-02, -2.2255e-01,
          5.6420e-02,  4.3411e-02,  5.4058e-03, -1.3931e-01, -8.1450e-02,
         -1.1675e-01,  2.7308e-02,  4.0337e-02,  6.8915e-03, -2.8121e-01,
          1.6733e-01],
        [-2.9006e-01, -1.1332e-01,  1.4566e-02, -1.3482e-01,  2.7606e-01,
          3.2875e-01,  8.2949e-03,  3.9322e-02, -1.1260e-01,  9.4421e-02,
          1.6234e-02, -2.2387e-01, -5.3610e-03, -5.5135e-02, -3.6323e-02,
         -8.3915e-02],
        [-1.6807e-01, -2.3857e-01,  1.0827e-01,  1.8234e-01, -1.7274e-01,
          8.2508e-02, -5.5213e-02, -1.7997e-01, -6.9319e-02,  4.9342e-02,
          2.6082e-02,  2.9759e-01,  2.9286e-02, -1.3231e-01,  2.0517e-01,
         -2.1771e-03],
        [ 2.4071e-01,  9.3881e-02,  1.2717e-01, -2.7185e-01, -2.8009e-01,
          3.2653e-02, -2.4455e-02,  6.5899e-02, -2.9853e-01, -1.1231e-01,
          2.3602e-01,  2.1447e-01,  2.8857e-01,  2.3878e-01, -9.4989e-02,
         -9.1705e-02],
        [-2.3060e-01,  1.5647e-01, -1.8122e-01,  6.5427e-02,  7.2848e-02,
          2.4030e-01,  2.2267e-01,  2.2169e-01,  8.4234e-02,  2.1512e-01,
         -1.0579e-01, -1.8362e-01, -1.2193e-01, -1.8466e-01,  2.4761e-01,
         -1.1600e-01],
        [ 1.3230e-01, -6.4051e-02,  5.7049e-02, -1.9608e-01, -9.2337e-02,
         -2.8582e-01, -1.8232e-01,  1.2657e-01, -3.0094e-01, -2.4089e-02,
          6.9623e-02, -1.7849e-01,  1.1392e-01,  1.9191e-01,  1.0731e-01,
          1.0466e-01],
        [ 2.8537e-01, -6.8248e-02,  1.8634e-01,  1.2016e-03, -2.2571e-01,
         -1.4850e-01, -2.6703e-01,  1.1092e-01,  3.7125e-02, -1.8803e-01,
          1.4460e-02,  1.5809e-01, -1.3186e-01,  5.5574e-02,  7.5448e-02,
          1.1982e-01],
        [-1.0366e-01,  2.2925e-01,  2.6873e-02, -1.5635e-01,  1.8190e-01,
         -1.1211e-01,  2.2410e-01,  2.8739e-01,  9.8797e-02, -8.7449e-03,
         -1.6082e-01, -1.9401e-01, -1.2447e-01, -1.4601e-01,  2.8371e-01,
         -1.8527e-01],
        [ 2.9398e-02, -1.7003e-01,  5.1002e-02,  2.7241e-01, -1.5300e-01,
          1.4657e-02,  1.3635e-01, -1.6707e-01, -8.8318e-02,  1.5587e-01,
          2.4287e-01, -1.5163e-01, -7.7115e-02, -2.7566e-01, -2.2005e-01,
          1.4758e-01],
        [ 2.9298e-01, -1.4569e-01, -1.6961e-02, -8.0984e-02,  8.2885e-02,
         -3.2662e-01, -2.2222e-01, -1.6060e-01, -1.8325e-01, -8.1581e-02,
          2.1500e-01,  1.3765e-01, -1.4699e-01,  2.7214e-01,  1.6899e-01,
          1.5618e-01],
        [ 2.0155e-01,  2.9455e-02,  2.8431e-01, -3.0309e-01, -1.8821e-01,
         -1.1547e-01, -1.2956e-01, -2.4241e-01, -3.1223e-01, -2.6439e-01,
          1.8695e-02,  2.9370e-01,  2.4267e-01,  1.1200e-01, -1.8805e-01,
         -2.5441e-02],
        [ 1.0684e-01, -3.0212e-01,  7.2438e-02, -1.6039e-02,  1.9187e-01,
         -1.5234e-01,  1.6007e-01, -6.0910e-02, -2.4975e-01,  1.5968e-01,
          2.5418e-01, -1.1297e-01, -6.3965e-02,  1.6205e-01, -1.8746e-01,
          2.4950e-01],
        [-3.9947e-02, -1.4448e-01,  9.5008e-03,  1.7289e-01, -1.1834e-01,
         -1.3309e-01,  6.7721e-02, -2.4525e-01, -8.0848e-02, -2.6894e-01,
         -2.1257e-01,  2.4567e-02,  1.0465e-01,  2.5547e-01, -2.7696e-01,
          4.5316e-03],
        [ 1.4815e-01,  2.1729e-02,  2.2940e-01, -2.6684e-01, -9.5234e-02,
         -2.8268e-02, -2.8525e-01,  4.6018e-02, -3.1376e-01,  8.0241e-02,
          8.2531e-02,  1.3421e-02,  1.6459e-01,  2.5308e-01,  1.5341e-01,
          2.3069e-01],
        [-2.3005e-01,  1.4011e-01,  1.0262e-01,  1.1166e-01,  1.9996e-01,
         -6.7310e-02,  2.6279e-01,  7.2986e-02, -1.4762e-01,  1.3580e-02,
          1.6832e-01, -1.7255e-01, -1.2782e-01, -1.4354e-01, -9.8978e-02,
         -3.7271e-02],
        [ 2.3388e-01, -2.3461e-02,  6.7944e-02, -5.2784e-02, -2.2548e-01,
         -2.1919e-01, -7.3446e-02, -2.7566e-01,  4.7460e-02, -4.0785e-02,
          7.9048e-02,  6.8371e-02,  2.8502e-01,  2.7501e-01,  7.0571e-02,
          2.0394e-01],
        [-2.0238e-01,  1.7352e-01, -2.5102e-01,  1.7227e-01, -1.4594e-01,
          8.3093e-02,  2.6398e-01,  2.4476e-01,  2.9384e-01,  1.5848e-01,
          1.1975e-01, -1.6221e-02,  1.0050e-01,  9.2550e-02,  9.6486e-02,
         -1.6445e-01],
        [-2.0547e-01,  1.0518e-02,  3.3588e-02, -6.7534e-02,  1.0586e-01,
          3.0740e-01,  2.9856e-01, -1.0452e-01,  1.4888e-01,  2.4195e-01,
         -2.7148e-01,  7.3176e-02, -2.3756e-01, -2.2594e-01, -6.5737e-02,
         -1.7612e-01],
        [-2.8836e-02,  2.4329e-03,  1.7331e-01,  2.9880e-02,  1.0715e-01,
         -2.3678e-01, -3.1303e-01, -2.7682e-01, -2.1268e-01, -1.8827e-01,
          1.1530e-01, -1.0614e-01, -1.0478e-01,  2.0401e-01, -2.2008e-01,
          1.2066e-01]], device='cuda:0', requires_grad=True)

Parameter name: road_linear_0.bias
Shape: torch.Size([32])
Values: Parameter containing:
tensor([-0.1790,  0.0410,  0.1162, -0.1158,  0.0604, -0.0999,  0.0875,  0.1473,
        -0.1597,  0.0522,  0.0817,  0.1566,  0.2197,  0.0415,  0.0365,  0.0214,
        -0.1419, -0.0053,  0.0021, -0.0696, -0.0223,  0.0164, -0.0927, -0.0151,
        -0.2120,  0.2261,  0.0715,  0.1278, -0.1257, -0.1944,  0.1317, -0.0671],
       device='cuda:0', requires_grad=True)

Parameter name: road_linear_1.weight
Shape: torch.Size([1, 32])
Values: Parameter containing:
tensor([[ 0.0472,  0.1304, -0.0702, -0.0949,  0.1259,  0.1862, -0.1379, -0.2397,
         -0.1108,  0.1693,  0.0986,  0.2231, -0.0295, -0.2297,  0.1345, -0.0529,
         -0.1588,  0.1991, -0.0711, -0.1021,  0.2464,  0.1001, -0.2311, -0.2510,
         -0.1542, -0.1670, -0.1790,  0.1742, -0.2085,  0.2478,  0.1452, -0.0863]],
       device='cuda:0', requires_grad=True)

Parameter name: linear_0.weight
Shape: torch.Size([32, 39])
Values: Parameter containing:
tensor([[ 0.0271,  0.0299,  0.0528,  ...,  0.0263, -0.1358, -0.1137],
        [-0.0739, -0.1040,  0.0906,  ..., -0.0107, -0.2013,  0.0871],
        [-0.0696,  0.0630,  0.1020,  ...,  0.1323,  0.1122,  0.0345],
        ...,
        [ 0.0691, -0.0783,  0.0185,  ..., -0.0960, -0.1050, -0.1180],
        [ 0.0398, -0.1379, -0.0137,  ..., -0.1543,  0.0114,  0.1557],
        [-0.1376,  0.0767,  0.0288,  ..., -0.0503, -0.1206, -0.0509]],
       device='cuda:0', requires_grad=True)

Parameter name: linear_0.bias
Shape: torch.Size([32])
Values: Parameter containing:
tensor([ 0.0608,  0.0601, -0.1068, -0.1155, -0.0551,  0.0369, -0.1210,  0.0680,
        -0.0287,  0.0908,  0.0359, -0.0150, -0.0177,  0.0489, -0.0734, -0.0335,
         0.0659, -0.1491, -0.0380,  0.0297, -0.0739,  0.0569,  0.0938, -0.0197,
        -0.0666,  0.0815,  0.0223, -0.1112,  0.0586,  0.1607,  0.1444, -0.1003],
       device='cuda:0', requires_grad=True)

Parameter name: linear_1.weight
Shape: torch.Size([32, 32])
Values: Parameter containing:
tensor([[ 0.1562, -0.0860, -0.1388,  ..., -0.0130, -0.1278,  0.1452],
        [-0.1026,  0.0792,  0.0372,  ...,  0.0714, -0.1262,  0.1419],
        [ 0.0280, -0.1506, -0.0995,  ..., -0.0623,  0.1071,  0.0829],
        ...,
        [ 0.0327, -0.0037,  0.1442,  ...,  0.1305, -0.1048,  0.1737],
        [ 0.0918, -0.0336, -0.0085,  ...,  0.1565,  0.1106, -0.0742],
        [ 0.0919, -0.0249,  0.1613,  ...,  0.1666,  0.0389,  0.0366]],
       device='cuda:0', requires_grad=True)

Parameter name: linear_1.bias
Shape: torch.Size([32])
Values: Parameter containing:
tensor([ 0.0735,  0.1063,  0.0003, -0.0480, -0.0590, -0.0878, -0.0103, -0.0989,
         0.1079, -0.1289,  0.1507, -0.1509,  0.1492,  0.0510, -0.1640,  0.0562,
        -0.1171, -0.1459,  0.0111, -0.0469,  0.0407,  0.1370, -0.1650,  0.1789,
        -0.0940, -0.0307,  0.1092, -0.0706, -0.0933, -0.0480,  0.0719, -0.0023],
       device='cuda:0', requires_grad=True)

Parameter name: linear_2.weight
Shape: torch.Size([1, 32])
Values: Parameter containing:
tensor([[ 0.1713,  0.0849, -0.1493, -0.1256,  0.0121,  0.0061, -0.0594,  0.0333,
          0.0837, -0.1106, -0.0377,  0.0658,  0.0489,  0.0372,  0.0892,  0.0650,
         -0.1677, -0.1785,  0.0167,  0.0601, -0.1074, -0.0850, -0.1614,  0.0376,
          0.1282,  0.1788, -0.1512,  0.1316, -0.0753, -0.1660,  0.1185,  0.1582]],
       device='cuda:0', requires_grad=True)

Parameter name: linear_2.bias
Shape: torch.Size([1])
Values: Parameter containing:
tensor([-0.0062], device='cuda:0', requires_grad=True)

Parameter name: road_linear_0.weight
Shape: torch.Size([32, 16])
Values: Parameter containing:
tensor([[-0.2211,  0.2919,  0.0895, -0.1188,  0.0276,  0.0700,  0.1954, -0.1470,
          0.0771,  0.1523,  0.1120, -0.0445, -0.1909, -0.2739,  0.1666,  0.1614],
        [-0.1579, -0.1536, -0.0104, -0.1060, -0.1271,  0.1543,  0.0620,  0.0616,
          0.3042,  0.0340,  0.1109, -0.1614,  0.1062,  0.0341,  0.2618,  0.0088],
        [-0.0216,  0.0473,  0.2815, -0.0195,  0.0404, -0.2457,  0.0650, -0.3088,
          0.1493,  0.0322,  0.0257, -0.1663,  0.2978,  0.2345,  0.1573,  0.1636],
        [ 0.1781, -0.1437, -0.0081,  0.0221,  0.0412, -0.1045, -0.0539, -0.0011,
         -0.3279, -0.3064,  0.0055,  0.2649,  0.2102, -0.1885, -0.1262,  0.0659],
        [ 0.0023,  0.2708, -0.0752, -0.1281,  0.0480, -0.0131, -0.0701,  0.2157,
          0.0432,  0.1933,  0.1549, -0.0568,  0.0609, -0.1571,  0.1731, -0.0647],
        [ 0.0835,  0.3114, -0.2730,  0.3070,  0.2282, -0.1154,  0.1592, -0.1229,
          0.1624,  0.1172, -0.2270,  0.0068, -0.1496,  0.2067,  0.2839,  0.0075],
        [ 0.2867,  0.0067,  0.3266, -0.0952,  0.0240, -0.1326, -0.0951, -0.1624,
         -0.1819,  0.0657,  0.0464, -0.0205, -0.1302,  0.1624, -0.2487,  0.0753],
        [-0.1320,  0.1341,  0.2877, -0.2734, -0.2663, -0.2335, -0.0162, -0.2060,
         -0.1377, -0.1387,  0.0028, -0.0337,  0.1981, -0.1405, -0.0475,  0.2887],
        [-0.0592,  0.1264,  0.2101, -0.1469,  0.0536, -0.2517, -0.0617, -0.0053,
          0.1393, -0.2144, -0.1060, -0.0441, -0.1674,  0.0898, -0.2423,  0.0070],
        [-0.1932,  0.0836, -0.0067, -0.1134, -0.0386,  0.0610, -0.0598,  0.1370,
          0.1708, -0.1007,  0.1519,  0.0944, -0.1582, -0.0041,  0.0682, -0.1116],
        [-0.2594,  0.2727,  0.0305, -0.1314, -0.1457,  0.3327,  0.1305,  0.0251,
          0.2592,  0.1597,  0.0094,  0.1060, -0.0973,  0.1837, -0.1011, -0.2423],
        [-0.0437,  0.0370,  0.0565,  0.0032,  0.0789,  0.0371,  0.2751,  0.0660,
          0.0834,  0.2638,  0.1741,  0.1525, -0.3285, -0.1866, -0.0081, -0.1334],
        [ 0.2133,  0.0580,  0.0505, -0.0527,  0.0268,  0.1407,  0.0525, -0.1911,
         -0.2019,  0.0101,  0.0113, -0.0894, -0.1727,  0.0722, -0.1198, -0.0807],
        [ 0.1303,  0.1695,  0.2920,  0.0732, -0.2252,  0.0559,  0.0425,  0.0041,
         -0.1427, -0.0826, -0.1080,  0.0281,  0.0411,  0.0065, -0.2852,  0.1679],
        [-0.2913, -0.1116,  0.0137, -0.1321,  0.2787,  0.3292,  0.0092,  0.0406,
         -0.1091,  0.0956,  0.0121, -0.2246, -0.0060, -0.0549, -0.0325, -0.0846],
        [-0.1674, -0.2405,  0.1089,  0.1797, -0.1752,  0.0822, -0.0558, -0.1808,
         -0.0727,  0.0486,  0.0338,  0.2981,  0.0301, -0.1327,  0.2009, -0.0020],
        [ 0.2417,  0.0914,  0.1281, -0.2744, -0.2823,  0.0321, -0.0255,  0.0647,
         -0.3015, -0.1133,  0.2398,  0.2153,  0.2899,  0.2380, -0.0984, -0.0912],
        [-0.2317,  0.1582, -0.1822,  0.0681,  0.0743,  0.2408,  0.2234,  0.2227,
          0.0878,  0.2161, -0.1050, -0.1844, -0.1226, -0.1837,  0.2508, -0.1165],
        [ 0.1335, -0.0653,  0.0584, -0.1969, -0.0944, -0.2872, -0.1838,  0.1247,
         -0.3013, -0.0251,  0.0734, -0.1770,  0.1139,  0.1909,  0.1069,  0.1055],
        [ 0.2867, -0.0699,  0.1873, -0.0015, -0.2279, -0.1490, -0.2679,  0.1097,
          0.0334, -0.1894,  0.0148,  0.1589, -0.1314,  0.0551,  0.0725,  0.1206],
        [-0.1046,  0.2307,  0.0260, -0.1538,  0.1837, -0.1117,  0.2246,  0.2884,
          0.1019, -0.0079, -0.1609, -0.1946, -0.1246, -0.1455,  0.2875, -0.1857],
        [ 0.0283, -0.1682,  0.0500,  0.2754, -0.1501,  0.0152,  0.1371, -0.1660,
         -0.0846,  0.1570,  0.2380, -0.1524, -0.0777, -0.2756, -0.2150,  0.1471],
        [ 0.2942, -0.1475, -0.0160, -0.0838,  0.0807, -0.3272, -0.2230, -0.1617,
         -0.1869, -0.0828,  0.2142,  0.1385, -0.1464,  0.2717,  0.1656,  0.1568],
        [ 0.2027,  0.0270,  0.2854, -0.3059, -0.1898, -0.1161, -0.1302, -0.2434,
         -0.3158, -0.2656,  0.0159,  0.2947,  0.2432,  0.1115, -0.1902, -0.0250],
        [ 0.1081, -0.3043,  0.0734, -0.0189,  0.1889, -0.1530,  0.1591, -0.0622,
         -0.2535,  0.1583,  0.2588, -0.1120, -0.0630,  0.1618, -0.1915,  0.2502],
        [-0.0390, -0.1463,  0.0103,  0.1703, -0.1208, -0.1335,  0.0670, -0.2463,
         -0.0840, -0.2699, -0.2126,  0.0251,  0.1052,  0.2554, -0.2820,  0.0049],
        [ 0.1493,  0.0203,  0.2304, -0.2697, -0.0972, -0.0288, -0.2861,  0.0449,
         -0.3174,  0.0791,  0.0847,  0.0142,  0.1652,  0.2524,  0.1500,  0.2313],
        [-0.2313,  0.1437,  0.1017,  0.1145,  0.2033, -0.0667,  0.2637,  0.0743,
         -0.1437,  0.0151,  0.1679, -0.1736, -0.1288, -0.1435, -0.0957, -0.0379],
        [ 0.2352, -0.0301,  0.0690, -0.0556, -0.2278, -0.2198, -0.0741, -0.2769,
          0.0440, -0.0421,  0.0789,  0.0693,  0.2856,  0.2754,  0.0654,  0.2046],
        [-0.2035,  0.1749, -0.2520,  0.1751, -0.1440,  0.0836,  0.2647,  0.2458,
          0.2976,  0.1595,  0.1171, -0.0169,  0.1000,  0.0932,  0.1008, -0.1650],
        [-0.2067,  0.0122,  0.0326, -0.0648,  0.1079,  0.3080,  0.2994, -0.1033,
          0.1524,  0.2432, -0.2725,  0.0724, -0.2380, -0.2255, -0.0623, -0.1768],
        [-0.0273,  0.0016,  0.1744,  0.0274,  0.1062, -0.2373, -0.3144, -0.2779,
         -0.2161, -0.1899,  0.1245, -0.1051, -0.1043,  0.2024, -0.2208,  0.1219]],
       device='cuda:0', requires_grad=True)

Parameter name: road_linear_0.bias
Shape: torch.Size([32])
Values: Parameter containing:
tensor([-0.1695,  0.0369,  0.1093, -0.1152,  0.0599, -0.0945,  0.0870,  0.1458,
        -0.1584,  0.0550,  0.0818,  0.1565,  0.2182,  0.0454,  0.0467,  0.0212,
        -0.1420, -0.0038,  0.0009, -0.0698, -0.0253,  0.0146, -0.0953, -0.0171,
        -0.2073,  0.2199,  0.0716,  0.1264, -0.1257, -0.1930,  0.1356, -0.0639],
       device='cuda:0', requires_grad=True)

Parameter name: road_linear_1.weight
Shape: torch.Size([1, 32])
Values: Parameter containing:
tensor([[ 0.0489,  0.1301, -0.0701, -0.0963,  0.1272,  0.1898, -0.1393, -0.2406,
         -0.1112,  0.1674,  0.0990,  0.2235, -0.0328, -0.2311,  0.1356, -0.0540,
         -0.1608,  0.2002, -0.0725, -0.1032,  0.2477,  0.0997, -0.2321, -0.2524,
         -0.1570, -0.1677, -0.1804,  0.1765, -0.2093,  0.2488,  0.1463, -0.0872]],
       device='cuda:0', requires_grad=True)

Parameter name: linear_0.weight
Shape: torch.Size([32, 39])
Values: Parameter containing:
tensor([[ 0.0075,  0.0484,  0.0602,  ...,  0.0169, -0.1457, -0.1137],
        [-0.0790, -0.1026,  0.0930,  ..., -0.0074, -0.2087,  0.0871],
        [-0.0668,  0.0641,  0.1011,  ...,  0.1294,  0.1164,  0.0345],
        ...,
        [ 0.0712, -0.0846,  0.0168,  ..., -0.0915, -0.1056, -0.1180],
        [ 0.0446, -0.1390, -0.0155,  ..., -0.1571,  0.0184,  0.1557],
        [-0.1416,  0.0792,  0.0308,  ..., -0.0524, -0.1200, -0.0509]],
       device='cuda:0', requires_grad=True)

Parameter name: linear_0.bias
Shape: torch.Size([32])
Values: Parameter containing:
tensor([ 0.0509,  0.0563, -0.1050, -0.1184, -0.0584,  0.0419, -0.1155,  0.0657,
        -0.0265,  0.0862,  0.0322, -0.0124, -0.0213,  0.0562, -0.0691, -0.0316,
         0.0633, -0.1526, -0.0380,  0.0347, -0.0718,  0.0494,  0.0982, -0.0167,
        -0.0725,  0.0925,  0.0258, -0.1086,  0.0560,  0.1617,  0.1481, -0.1017],
       device='cuda:0', requires_grad=True)

Parameter name: linear_1.weight
Shape: torch.Size([32, 32])
Values: Parameter containing:
tensor([[ 0.1508, -0.0899, -0.1415,  ..., -0.0105, -0.1263,  0.1441],
        [-0.1082,  0.0752,  0.0343,  ...,  0.0743, -0.1247,  0.1406],
        [ 0.0331, -0.1471, -0.0970,  ..., -0.0647,  0.1058,  0.0838],
        ...,
        [ 0.0384,  0.0007,  0.1471,  ...,  0.1277, -0.1065,  0.1748],
        [ 0.0865, -0.0371, -0.0112,  ...,  0.1591,  0.1118, -0.0753],
        [ 0.0861, -0.0287,  0.1581,  ...,  0.1696,  0.0401,  0.0356]],
       device='cuda:0', requires_grad=True)

Parameter name: linear_1.bias
Shape: torch.Size([32])
Values: Parameter containing:
tensor([ 0.0763,  0.1093, -0.0023, -0.0514, -0.0576, -0.0835, -0.0132, -0.0967,
         0.1107, -0.1317,  0.1475, -0.1479,  0.1522,  0.0530, -0.1610,  0.0592,
        -0.1199, -0.1489,  0.0158, -0.0439,  0.0380,  0.1344, -0.1677,  0.1819,
        -0.0911, -0.0278,  0.1062, -0.0675, -0.0961, -0.0510,  0.0747,  0.0010],
       device='cuda:0', requires_grad=True)

Parameter name: linear_2.weight
Shape: torch.Size([1, 32])
Values: Parameter containing:
tensor([[ 0.1771,  0.0892, -0.1475, -0.1439,  0.0091,  0.0088, -0.0601,  0.0311,
          0.0915, -0.1135, -0.0398,  0.0647,  0.0559,  0.0436,  0.0920,  0.0673,
         -0.1746, -0.1818,  0.0235,  0.0585, -0.1058, -0.0823, -0.1614,  0.0422,
          0.1275,  0.1847, -0.1527,  0.1369, -0.0755, -0.1681,  0.1217,  0.1614]],
       device='cuda:0', requires_grad=True)

Parameter name: linear_2.bias
Shape: torch.Size([1])
Values: Parameter containing:
tensor([-0.0034], device='cuda:0', requires_grad=True)

