Parameter name: road_linear_0.weight
Shape: torch.Size([32, 16])
Values: Parameter containing:
tensor([[-2.7188e-01,  4.5584e-01,  8.4350e-02, -6.7625e-02,  2.7907e-01,
          1.6022e-01,  3.5474e-01,  8.1962e-02,  3.1738e-01,  1.7296e-01,
          7.2914e-02, -2.3682e-01, -3.8091e-01, -2.8908e-01,  3.6627e-01,
          1.2201e-01],
        [-1.5456e-01, -1.0071e-01,  5.3023e-03, -7.6309e-02,  7.0642e-02,
          2.2422e-01,  1.2146e-01,  2.2392e-01,  5.1795e-01,  1.8545e-02,
          1.6051e-01, -3.0438e-01,  1.6112e-02,  4.7946e-02,  5.3511e-01,
          1.4453e-02],
        [ 3.6668e-02, -1.2474e-01,  2.9520e-01, -7.6304e-02, -2.1563e-01,
         -3.1120e-01, -1.0290e-01, -5.3054e-01, -1.2042e-01,  5.4866e-03,
          7.1757e-02,  3.9968e-02,  5.0306e-01,  2.4792e-01, -6.0269e-02,
          2.0620e-01],
        [ 1.3622e-01, -2.1180e-01, -5.6036e-02,  2.0214e-02, -1.2061e-01,
         -1.4955e-01, -9.0942e-02, -1.4847e-01, -5.0750e-01, -2.6565e-01,
         -5.0814e-02,  3.8529e-01,  2.8571e-01, -2.4944e-01, -3.0803e-01,
          2.8428e-02],
        [-1.0575e-02,  3.8147e-01, -6.0620e-02, -9.3336e-02,  2.7568e-01,
          5.4468e-02,  4.1695e-02,  4.1699e-01,  2.7110e-01,  1.8538e-01,
          1.6302e-01, -2.2018e-01, -7.7751e-02, -1.5303e-01,  4.0826e-01,
         -7.3432e-02],
        [ 1.3103e-02,  4.4280e-01, -2.7685e-01,  3.4839e-01,  4.4844e-01,
         -4.9388e-02,  3.1471e-01,  6.9578e-02,  3.6806e-01,  1.3858e-01,
         -2.7950e-01, -1.5960e-01, -3.1502e-01,  1.9006e-01,  4.5485e-01,
         -2.8766e-02],
        [ 2.6529e-01, -8.5302e-02,  2.8499e-01, -1.0500e-01, -1.6007e-01,
         -1.7141e-01, -1.6945e-01, -3.2231e-01, -3.8125e-01,  9.2594e-02,
          2.9785e-02,  1.1872e-01, -1.2397e-02,  1.1415e-01, -4.0880e-01,
          5.3540e-02],
        [-1.6110e-01,  4.0386e-02,  2.3913e-01, -2.7554e-01, -4.4835e-01,
         -2.5927e-01, -8.4607e-02, -3.5883e-01, -3.3037e-01, -1.0325e-01,
         -1.2625e-02,  9.9787e-02,  3.1205e-01, -1.9511e-01, -2.0936e-01,
          2.5732e-01],
        [-4.6864e-02,  1.1342e-02,  2.0871e-01, -1.9011e-01, -2.0944e-01,
         -3.1699e-01, -1.4652e-01, -2.0621e-01, -1.2687e-01, -2.1145e-01,
         -1.3853e-01,  1.4629e-01, -3.9627e-02,  8.7210e-02, -5.2422e-01,
          1.5363e-02],
        [-2.0662e-01,  1.7581e-01, -1.0285e-04, -7.3209e-02,  1.9276e-01,
          1.3327e-01,  3.6722e-02,  3.3586e-01,  4.1857e-01, -1.0364e-01,
          1.8413e-01, -7.8083e-02, -2.8860e-01, -5.7507e-03,  3.4092e-01,
         -1.2010e-01],
        [-2.7407e-01,  4.2341e-01,  4.0002e-02, -9.4819e-02,  9.2187e-02,
          3.8093e-01,  2.5039e-01,  2.2613e-01,  5.0812e-01,  1.5660e-01,
         -3.9265e-03, -7.4239e-02, -2.6421e-01,  1.9779e-01,  1.2168e-01,
         -2.5275e-01],
        [-2.2041e-02,  1.4082e-01,  9.3047e-02,  1.2291e-02,  2.9347e-01,
          7.6011e-02,  3.2867e-01,  2.4230e-01,  3.1292e-01,  2.3242e-01,
          2.3570e-01, -4.8374e-03, -4.4656e-01, -1.4078e-01,  2.2014e-01,
         -1.0620e-01],
        [ 2.8334e-01, -1.2010e-01,  8.0819e-02, -1.3033e-01, -2.5236e-01,
          2.2961e-02, -1.3132e-01, -4.4957e-01, -4.8607e-01, -3.3974e-02,
          4.1426e-02,  1.3262e-01,  4.2069e-02,  1.2228e-01, -3.7962e-01,
         -1.7397e-02],
        [ 1.0904e-01,  1.0765e-01,  2.5487e-01,  6.1146e-02, -4.1553e-01,
          3.0891e-03, -1.6103e-02, -1.5763e-01, -3.6680e-01, -5.1933e-02,
         -1.6083e-01,  1.6538e-01,  1.3623e-01, -2.9117e-02, -5.0390e-01,
          1.4468e-01],
        [-2.7906e-01, -2.7617e-02,  3.6933e-02, -1.0822e-01,  5.0037e-01,
          3.8033e-01,  6.4981e-02,  2.1475e-01,  1.2160e-01,  7.4902e-02,
          6.1950e-02, -3.8473e-01, -1.0673e-01, -2.6841e-02,  2.1049e-01,
         -7.2789e-02],
        [-8.8209e-02, -4.0841e-01,  1.4093e-01,  9.8532e-02, -4.6257e-01,
         -2.9802e-02, -2.4218e-01, -4.3780e-01, -3.4242e-01,  4.1804e-03,
          8.0509e-02,  5.2020e-01,  2.4094e-01, -7.6622e-02, -7.3839e-02,
          6.4275e-02],
        [ 1.6828e-01,  3.1753e-02,  5.6126e-02, -2.4887e-01, -4.1682e-01,
          4.7941e-03, -3.1438e-02, -5.8652e-02, -4.4862e-01, -5.2255e-02,
          1.9006e-01,  3.1970e-01,  3.4787e-01,  1.4186e-01, -2.5693e-01,
         -1.5755e-01],
        [-1.7583e-01,  2.2276e-01, -1.1323e-01,  4.8261e-02,  2.0390e-01,
          2.4238e-01,  2.7442e-01,  3.4077e-01,  2.0473e-01,  1.6446e-01,
         -1.0584e-01, -2.7408e-01, -1.9403e-01, -9.7736e-02,  3.5257e-01,
         -6.3574e-02],
        [ 1.5662e-01, -2.1854e-01,  4.4003e-02, -2.2409e-01, -3.1182e-01,
         -3.3524e-01, -3.1163e-01, -6.9468e-02, -5.2415e-01, -2.5648e-02,
          1.2535e-01, -1.8169e-03,  2.7956e-01,  1.6238e-01, -8.6682e-02,
          1.1158e-01],
        [ 3.1265e-01, -2.1945e-01,  1.7001e-01, -2.8687e-02, -4.4781e-01,
         -1.9473e-01, -3.9594e-01, -8.3216e-02, -1.8191e-01, -1.8505e-01,
          5.8918e-02,  3.3249e-01,  2.9872e-02,  3.4658e-02, -1.2917e-01,
          1.2502e-01],
        [-1.0519e-01,  3.1369e-01,  6.0241e-02, -1.4786e-01,  3.6066e-01,
         -5.8933e-02,  3.2378e-01,  4.6211e-01,  2.6356e-01, -2.4990e-02,
         -1.6634e-01, -3.1623e-01, -2.4481e-01, -1.2401e-01,  4.5159e-01,
         -1.7361e-01],
        [-3.0776e-02,  5.8830e-03,  1.7752e-02,  3.5057e-01,  1.7184e-01,
          9.9706e-02,  2.7681e-01,  7.4802e-02,  2.1771e-01,  1.9047e-01,
          2.2177e-01, -3.8778e-01, -2.7864e-01, -3.1829e-01,  1.0303e-01,
          1.0324e-01],
        [ 2.9835e-01, -2.6958e-01, -4.7010e-02, -9.7426e-02, -1.1137e-01,
         -3.5002e-01, -3.2458e-01, -3.2482e-01, -3.8279e-01, -6.5678e-02,
          2.5163e-01,  2.9017e-01, -6.0473e-03,  2.3261e-01, -1.4416e-02,
          1.4183e-01],
        [ 9.6775e-02,  4.1493e-03,  1.8950e-01, -2.5810e-01, -2.6853e-01,
         -1.1176e-01, -1.1564e-01, -3.2471e-01, -3.9303e-01, -1.8170e-01,
         -4.6194e-02,  3.5264e-01,  2.6386e-01, -1.8604e-02, -2.7776e-01,
         -1.1404e-01],
        [ 1.1279e-01, -4.2490e-01,  5.7569e-02, -5.1127e-02, -3.5158e-02,
         -2.0834e-01,  6.0267e-02, -2.4787e-01, -5.0399e-01,  1.6682e-01,
          2.4402e-01,  5.3191e-02,  7.4954e-02,  1.4820e-01, -4.2964e-01,
          2.4920e-01],
        [-3.8712e-02, -2.3452e-01, -1.9267e-02,  1.4897e-01, -3.2177e-01,
         -1.8783e-01, -3.2014e-02, -4.3187e-01, -2.8773e-01, -2.5292e-01,
         -2.2219e-01,  1.6203e-01,  2.2887e-01,  2.4226e-01, -4.8551e-01,
          4.1129e-03],
        [ 2.0072e-01, -1.1369e-01,  2.1075e-01, -2.8692e-01, -2.8166e-01,
         -6.0819e-02, -4.2044e-01, -1.2462e-01, -4.9476e-01,  7.3926e-02,
          1.5285e-01,  1.6317e-01,  3.1282e-01,  2.3364e-01, -2.0817e-02,
          2.3556e-01],
        [-2.3670e-01,  2.6638e-01,  1.2442e-01,  1.3817e-01,  4.4032e-01,
         -9.4591e-03,  3.6113e-01,  2.7306e-01,  9.0755e-02, -1.3846e-03,
          1.8749e-01, -3.4546e-01, -2.7826e-01, -1.2294e-01,  1.3752e-01,
         -3.2683e-02],
        [ 1.8454e-01, -1.1849e-01,  1.3653e-02, -4.6838e-02, -3.8618e-01,
         -2.3775e-01, -1.0983e-01, -4.1735e-01, -1.2199e-01,  3.4631e-03,
          3.9284e-02,  1.9416e-01,  3.8367e-01,  1.9819e-01, -9.6828e-02,
          1.5912e-01],
        [-2.4540e-01,  2.8762e-01, -2.3415e-01,  2.0326e-01,  4.8186e-02,
          1.1842e-01,  4.0104e-01,  4.1517e-01,  4.8851e-01,  1.6124e-01,
          7.3737e-02, -1.6242e-01, -4.6858e-02,  1.0496e-01,  2.4297e-01,
         -1.7778e-01],
        [-1.9121e-01,  1.3653e-01,  7.2142e-02, -5.9571e-02,  2.9619e-01,
          3.3108e-01,  3.7959e-01,  6.0277e-02,  3.4496e-01,  2.1900e-01,
         -3.0379e-01, -7.6636e-02, -3.7130e-01, -1.6917e-01,  1.2414e-01,
         -1.4935e-01],
        [-5.8211e-02, -1.0500e-01,  1.3228e-01,  2.0686e-02, -7.1719e-02,
         -2.7181e-01, -3.7874e-01, -4.4084e-01, -3.9769e-01, -1.5955e-01,
          1.2563e-01,  3.2999e-02,  6.8300e-03,  1.4515e-01, -3.8736e-01,
          9.7439e-02]], device='cuda:0', requires_grad=True)

Parameter name: road_linear_0.bias
Shape: torch.Size([32])
Values: Parameter containing:
tensor([-0.1081,  0.0587,  0.1056, -0.0795,  0.0283, -0.0946,  0.0785,  0.1464,
        -0.0450,  0.0131, -0.0279,  0.0678,  0.1166,  0.0299,  0.0383,  0.0734,
        -0.0813, -0.0197,  0.1046,  0.0539, -0.0259, -0.0753,  0.0108, -0.0044,
        -0.0893,  0.1214,  0.1743,  0.0322, -0.0567, -0.2011,  0.0175,  0.0048],
       device='cuda:0', requires_grad=True)

Parameter name: road_linear_1.weight
Shape: torch.Size([1, 32])
Values: Parameter containing:
tensor([[ 0.3460,  0.4616, -0.2934, -0.3598,  0.4383,  0.4651, -0.3740, -0.4617,
         -0.3714,  0.4926,  0.3273,  0.4730, -0.3693, -0.5203,  0.3910, -0.3935,
         -0.3909,  0.4160, -0.2797, -0.3137,  0.5390,  0.3419, -0.4205, -0.4653,
         -0.4247, -0.4761, -0.3802,  0.4549, -0.4175,  0.4774,  0.3361, -0.3161]],
       device='cuda:0', requires_grad=True)

Parameter name: linear_0.weight
Shape: torch.Size([32, 39])
Values: Parameter containing:
tensor([[-0.0404,  0.1161,  0.0700,  ...,  0.1456, -0.2161, -0.1137],
        [-0.1469, -0.0216,  0.1379,  ...,  0.0562, -0.2472,  0.0871],
        [ 0.0359, -0.0548,  0.0245,  ...,  0.0650,  0.1923,  0.0345],
        ...,
        [ 0.1477, -0.1758, -0.0354,  ..., -0.1779, -0.0418, -0.1180],
        [ 0.1263, -0.2346, -0.0773,  ..., -0.2272,  0.0806,  0.1557],
        [-0.2211,  0.1779,  0.0751,  ...,  0.0605, -0.2021, -0.0509]],
       device='cuda:0', requires_grad=True)

Parameter name: linear_0.bias
Shape: torch.Size([32])
Values: Parameter containing:
tensor([ 0.0707,  0.0336, -0.0674, -0.1410, -0.0794,  0.0494, -0.0908,  0.0636,
        -0.0376,  0.0487,  0.0349,  0.0177, -0.0215,  0.1010, -0.0313, -0.0125,
         0.0468, -0.1619, -0.0134,  0.0809, -0.0826,  0.0124,  0.1138,  0.0334,
        -0.1053,  0.1069,  0.0519, -0.1317,  0.0416,  0.1877,  0.1805, -0.1093],
       device='cuda:0', requires_grad=True)

Parameter name: linear_1.weight
Shape: torch.Size([32, 32])
Values: Parameter containing:
tensor([[ 0.0895, -0.1958, -0.0822,  ...,  0.0909, -0.0159,  0.0616],
        [-0.1947, -0.0409,  0.1239,  ...,  0.1875, -0.0006,  0.0341],
        [ 0.1238, -0.0360, -0.1891,  ..., -0.1761, -0.0143,  0.1980],
        ...,
        [ 0.1339,  0.0751,  0.0752,  ...,  0.0505, -0.2049,  0.2949],
        [ 0.0331, -0.1827,  0.0463,  ...,  0.2961,  0.2418, -0.1478],
        [ 0.0138, -0.1235,  0.2259,  ...,  0.2622,  0.1480, -0.0626]],
       device='cuda:0', requires_grad=True)

Parameter name: linear_1.bias
Shape: torch.Size([32])
Values: Parameter containing:
tensor([ 0.1361,  0.1783, -0.0655, -0.1416,  0.0301, -0.0176, -0.0888,  0.0271,
         0.1890, -0.1702,  0.1455, -0.1630,  0.2226,  0.0630, -0.0899,  0.1828,
        -0.0731, -0.1830,  0.0612,  0.0550, -0.0645,  0.0695, -0.2279,  0.2174,
        -0.0009, -0.0709,  0.0880,  0.0133, -0.1815, -0.0788,  0.1719,  0.0486],
       device='cuda:0', requires_grad=True)

Parameter name: linear_2.weight
Shape: torch.Size([1, 32])
Values: Parameter containing:
tensor([[ 0.6383,  0.5612, -0.6170, -0.6072,  0.4625,  0.4793, -0.5331,  0.4678,
          0.5315, -0.5782, -0.4962,  0.5129,  0.5097,  0.5043,  0.5381,  0.5154,
         -0.6281, -0.6427,  0.4933,  0.4915, -0.5552, -0.5430, -0.6403,  0.5008,
          0.5864,  0.6337, -0.6133,  0.6005, -0.5413, -0.6317,  0.5651,  0.6227]],
       device='cuda:0', requires_grad=True)

Parameter name: linear_2.bias
Shape: torch.Size([1])
Values: Parameter containing:
tensor([0.3970], device='cuda:0', requires_grad=True)

