Parameter name: road_linear_0.weight
Shape: torch.Size([32, 16])
Values: Parameter containing:
tensor([[-3.4107e-01,  4.0859e-01, -3.0976e-02,  8.5951e-03,  1.4442e-01,
          2.0016e-01,  3.0319e-01, -4.0288e-02,  1.8319e-01,  2.8355e-01,
          9.2297e-04, -1.7123e-01, -3.0323e-01, -3.8299e-01,  2.1908e-01,
          4.1705e-02],
        [-2.5814e-01, -5.2397e-02, -1.1192e-01,  6.4102e-03, -2.6372e-02,
          2.6101e-01,  1.4955e-01,  1.4980e-01,  3.9056e-01,  1.4649e-01,
          1.0305e-02, -2.6691e-01,  1.2469e-02, -5.8808e-02,  3.3252e-01,
         -9.0231e-02],
        [ 9.0551e-02, -5.5201e-02,  3.9317e-01, -1.3913e-01, -6.3611e-02,
         -3.6679e-01, -3.2851e-02, -4.0698e-01,  5.3688e-02, -9.0864e-02,
          1.0805e-01, -4.9001e-02,  3.9832e-01,  3.3278e-01,  1.0244e-01,
          2.7441e-01],
        [ 2.7578e-01, -2.3016e-01,  9.2168e-02, -8.8134e-02, -3.9308e-02,
         -2.0697e-01, -1.3398e-01, -7.8453e-02, -4.0356e-01, -4.1636e-01,
          9.2671e-02,  3.6394e-01,  2.9489e-01, -1.0699e-01, -1.6483e-01,
          1.6337e-01],
        [-9.5184e-02,  3.6897e-01, -1.7479e-01, -1.7067e-02,  1.4433e-01,
          9.0392e-02,  1.4403e-02,  3.0018e-01,  1.2612e-01,  3.0379e-01,
          5.2273e-02, -1.5928e-01, -3.0221e-02, -2.4689e-01,  2.3820e-01,
         -1.6116e-01],
        [-1.8711e-04,  3.8151e-01, -3.5884e-01,  4.0429e-01,  3.0317e-01,
         -2.6344e-02,  2.2555e-01, -5.8211e-02,  2.2816e-01,  2.1506e-01,
         -3.2026e-01, -7.8417e-02, -2.1881e-01,  1.3479e-01,  3.1918e-01,
         -7.4799e-02],
        [ 3.7516e-01, -5.6562e-02,  4.1696e-01, -1.9676e-01, -4.6579e-02,
         -2.2450e-01, -1.6381e-01, -2.2510e-01, -2.4836e-01, -3.6828e-02,
          1.2484e-01,  6.5589e-02, -6.2569e-02,  2.3412e-01, -2.6663e-01,
          1.6288e-01],
        [-5.3862e-02,  7.9051e-02,  3.6832e-01, -3.6646e-01, -3.2738e-01,
         -3.1543e-01, -7.4602e-02, -2.5997e-01, -1.9465e-01, -2.3195e-01,
          7.0158e-02,  4.2587e-02,  2.5656e-01, -7.7430e-02, -6.6074e-02,
          3.6511e-01],
        [ 4.4369e-02,  2.0424e-02,  3.1480e-01, -2.6238e-01, -5.0502e-02,
         -3.6299e-01, -1.5282e-01, -9.9918e-02,  4.8780e-02, -3.3038e-01,
         -3.0357e-03,  6.6158e-02, -6.8903e-02,  1.8642e-01, -3.2382e-01,
          1.0866e-01],
        [-2.9009e-01,  1.8409e-01, -1.0506e-01, -3.8960e-03,  6.0595e-02,
          1.6486e-01,  2.4396e-02,  2.2385e-01,  2.5513e-01,  9.0255e-03,
          5.2494e-02, -8.8794e-03, -2.5006e-01, -9.5204e-02,  1.4333e-01,
         -2.0684e-01],
        [-3.5913e-01,  3.6731e-01, -7.0896e-02, -2.0393e-02, -5.7566e-02,
          4.3914e-01,  2.1378e-01,  1.1025e-01,  3.4004e-01,  2.7126e-01,
         -7.7675e-02,  2.4073e-03, -1.8698e-01,  9.7482e-02, -4.3507e-02,
         -3.4097e-01],
        [-1.3044e-01,  1.2448e-01, -3.3351e-02,  1.0341e-01,  1.5244e-01,
          1.3043e-01,  3.4293e-01,  1.4000e-01,  1.5068e-01,  3.6366e-01,
          1.0228e-01,  6.0736e-02, -4.0846e-01, -2.6206e-01,  5.0462e-02,
         -2.1832e-01],
        [ 3.4400e-01, -8.0065e-02,  1.8186e-01, -1.9208e-01, -1.0947e-01,
         -3.3533e-03, -7.2788e-02, -3.2056e-01, -3.2592e-01, -1.3334e-01,
          1.2380e-01,  5.4147e-02, -4.1279e-02,  1.9812e-01, -2.1713e-01,
          4.8961e-02],
        [ 2.1584e-01,  8.9731e-02,  3.7976e-01, -2.6016e-02, -3.0654e-01,
         -3.4795e-02, -2.7384e-02, -6.6166e-02, -2.1281e-01, -1.8192e-01,
         -1.8884e-02,  1.1688e-01,  1.1620e-01,  8.3183e-02, -3.3357e-01,
          2.5201e-01],
        [-3.8687e-01, -1.9849e-02, -8.2954e-02, -2.4366e-02,  3.7081e-01,
          4.3120e-01,  8.9285e-02,  1.2051e-01, -3.0634e-02,  2.0370e-01,
         -7.6244e-02, -3.2368e-01, -9.1806e-02, -1.4091e-01,  2.6212e-02,
         -1.7857e-01],
        [-5.3066e-02, -3.6304e-01,  2.2412e-01,  5.2067e-02, -2.9794e-01,
         -4.1854e-02, -1.5804e-01, -2.8779e-01, -1.7652e-01, -8.0408e-02,
          1.5330e-01,  4.2216e-01,  1.4197e-01, -2.1028e-02,  1.0007e-01,
          1.0918e-01],
        [ 3.2326e-01,  2.6178e-02,  2.1228e-01, -3.7067e-01, -3.4163e-01,
         -5.5627e-02, -8.3687e-02,  6.2845e-03, -3.5796e-01, -2.1013e-01,
          3.2851e-01,  2.9781e-01,  3.5508e-01,  3.0457e-01, -1.3157e-01,
         -1.2551e-02],
        [-3.0073e-01,  1.8965e-01, -2.5748e-01,  1.5687e-01,  1.1298e-01,
          3.0741e-01,  2.7257e-01,  2.5752e-01,  1.3078e-01,  3.0226e-01,
         -1.7548e-01, -2.4339e-01, -1.6613e-01, -2.3118e-01,  2.3665e-01,
         -1.8680e-01],
        [ 2.3927e-01, -1.5601e-01,  1.6473e-01, -3.1169e-01, -1.8216e-01,
         -4.0027e-01, -2.7071e-01,  3.5940e-02, -3.8630e-01, -1.4264e-01,
          1.7093e-01, -6.8177e-02,  2.0404e-01,  2.7914e-01,  5.7775e-02,
          2.0976e-01],
        [ 3.8230e-01, -1.5511e-01,  2.8422e-01, -1.0837e-01, -3.0598e-01,
         -2.5185e-01, -3.4249e-01,  3.0337e-02, -4.0670e-02, -2.9789e-01,
          1.0402e-01,  2.5772e-01, -4.9235e-02,  1.3567e-01,  1.9091e-02,
          2.1389e-01],
        [-1.7669e-01,  2.9685e-01, -4.9644e-02, -6.5084e-02,  2.5118e-01,
         -3.5198e-02,  2.8032e-01,  3.4352e-01,  1.5765e-01,  7.9664e-02,
         -2.5968e-01, -2.6821e-01, -1.8645e-01, -2.1011e-01,  3.2316e-01,
         -2.5637e-01],
        [-6.9775e-02, -6.0691e-02, -4.9088e-02,  3.8848e-01, -3.8454e-02,
          1.2219e-01,  2.2221e-01, -7.4113e-02,  4.9184e-03,  2.7095e-01,
          1.3162e-01, -2.6080e-01, -1.7392e-01, -3.7444e-01, -1.1957e-01,
          5.3263e-02],
        [ 3.7144e-01, -2.1034e-01,  6.4054e-02, -1.7677e-01,  2.1686e-02,
         -4.1037e-01, -2.7895e-01, -2.1697e-01, -2.4097e-01, -1.7531e-01,
          2.9626e-01,  2.1650e-01, -8.4014e-02,  3.3574e-01,  1.3175e-01,
          2.3111e-01],
        [ 2.6730e-01,  2.9203e-03,  3.5789e-01, -3.9083e-01, -2.1291e-01,
         -1.7933e-01, -1.7381e-01, -2.7183e-01, -3.5056e-01, -3.4756e-01,
          7.0484e-02,  3.4981e-01,  2.8385e-01,  1.5062e-01, -1.7371e-01,
          4.1538e-02],
        [ 2.0160e-01, -3.9811e-01,  1.6836e-01, -1.2526e-01,  9.8513e-02,
         -2.5357e-01,  8.1426e-02, -1.4284e-01, -3.3054e-01,  5.1932e-02,
          3.5563e-01, -1.3320e-02,  2.3053e-02,  2.4739e-01, -2.6018e-01,
          3.4138e-01],
        [ 4.5057e-02, -2.2984e-01,  9.7320e-02,  7.0817e-02, -2.1142e-01,
         -2.1952e-01, -6.6630e-03, -3.1756e-01, -1.5758e-01, -3.6848e-01,
         -1.1617e-01,  1.1200e-01,  1.8184e-01,  3.3518e-01, -3.2618e-01,
          8.9507e-02],
        [ 2.2895e-01, -4.2150e-02,  3.1194e-01, -3.6286e-01, -1.5461e-01,
         -1.1639e-01, -3.4006e-01, -1.3793e-02, -3.7266e-01, -1.6316e-02,
          1.6859e-01,  9.6477e-02,  2.2777e-01,  3.1707e-01,  1.1315e-01,
          3.0685e-01],
        [-3.2346e-01,  2.3593e-01,  7.4335e-03,  2.1918e-01,  2.8698e-01,
          3.2280e-02,  3.3851e-01,  1.5416e-01, -6.8895e-02,  1.2009e-01,
          8.1175e-02, -2.7067e-01, -2.1333e-01, -2.2547e-01, -3.1020e-02,
         -1.2814e-01],
        [ 3.1185e-01, -9.4614e-02,  1.5060e-01, -1.4874e-01, -2.8212e-01,
         -3.0177e-01, -1.3106e-01, -3.3152e-01, -8.8845e-03, -1.3366e-01,
          1.4249e-01,  1.4704e-01,  3.4977e-01,  3.3654e-01,  4.0142e-02,
          2.8070e-01],
        [-2.7772e-01,  2.2010e-01, -3.3050e-01,  2.6597e-01, -9.3248e-02,
          1.5899e-01,  3.1945e-01,  2.9191e-01,  3.4909e-01,  2.4965e-01,
          4.4525e-02, -8.6655e-02,  4.6938e-02,  3.7260e-02,  1.0366e-01,
         -2.3907e-01],
        [-2.9108e-01,  8.4912e-02, -5.3608e-02,  3.3280e-02,  1.7469e-01,
          3.9995e-01,  3.6105e-01, -3.8923e-02,  2.1318e-01,  3.4208e-01,
         -3.6335e-01, -1.4500e-02, -3.0782e-01, -2.9653e-01, -1.8630e-02,
         -2.5771e-01],
        [ 6.9566e-02, -7.5505e-02,  2.7360e-01, -8.1591e-02,  3.2530e-02,
         -3.3881e-01, -3.9034e-01, -3.5055e-01, -2.8819e-01, -2.9983e-01,
          2.2053e-01, -8.3690e-03, -2.5264e-02,  2.8069e-01, -2.5033e-01,
          2.1817e-01]], device='cuda:0', requires_grad=True)

Parameter name: road_linear_0.bias
Shape: torch.Size([32])
Values: Parameter containing:
tensor([-0.0838,  0.0286,  0.0449, -0.0851,  0.0375, -0.0706,  0.0535,  0.1122,
        -0.0698,  0.0075,  0.0267,  0.0893,  0.1068,  0.0446,  0.0547,  0.0612,
        -0.0934,  0.0190,  0.0473,  0.0005, -0.0310, -0.0413, -0.0458, -0.0210,
        -0.1193,  0.1386,  0.1208,  0.0531, -0.0924, -0.1635,  0.0743, -0.0359],
       device='cuda:0', requires_grad=True)

Parameter name: road_linear_1.weight
Shape: torch.Size([1, 32])
Values: Parameter containing:
tensor([[ 0.1766,  0.2627, -0.1925, -0.2068,  0.2584,  0.3070, -0.2429, -0.3440,
         -0.2508,  0.3053,  0.2119,  0.3359, -0.1934, -0.3492,  0.2597, -0.2052,
         -0.2640,  0.2891, -0.1849, -0.2133,  0.3458,  0.2304, -0.3311, -0.3400,
         -0.2853, -0.2842, -0.2768,  0.2991, -0.3076,  0.3422,  0.2477, -0.1890]],
       device='cuda:0', requires_grad=True)

Parameter name: linear_0.weight
Shape: torch.Size([32, 39])
Values: Parameter containing:
tensor([[-0.0148,  0.0787,  0.0732,  ...,  0.0874, -0.2003, -0.1137],
        [-0.1132, -0.0636,  0.1234,  ...,  0.0245, -0.2516,  0.0871],
        [-0.0209,  0.0101,  0.0639,  ...,  0.0883,  0.1755,  0.0345],
        ...,
        [ 0.1160, -0.1354, -0.0233,  ..., -0.1371, -0.0537, -0.1180],
        [ 0.0863, -0.1869, -0.0534,  ..., -0.1974,  0.0698,  0.1557],
        [-0.1828,  0.1279,  0.0650,  ...,  0.0112, -0.1827, -0.0509]],
       device='cuda:0', requires_grad=True)

Parameter name: linear_0.bias
Shape: torch.Size([32])
Values: Parameter containing:
tensor([ 0.0461,  0.0357, -0.0886, -0.1422, -0.0752,  0.0488, -0.0944,  0.0676,
        -0.0220,  0.0626,  0.0371,  0.0080, -0.0444,  0.0881, -0.0453, -0.0248,
         0.0461, -0.1674, -0.0377,  0.0686, -0.0621,  0.0147,  0.1120,  0.0124,
        -0.0942,  0.1104,  0.0392, -0.1078,  0.0399,  0.1875,  0.1711, -0.1200],
       device='cuda:0', requires_grad=True)

Parameter name: linear_1.weight
Shape: torch.Size([32, 32])
Values: Parameter containing:
tensor([[ 0.1121, -0.1269, -0.1422,  ...,  0.0260, -0.0887,  0.1009],
        [-0.1586,  0.0257,  0.0464,  ...,  0.1228, -0.0734,  0.0857],
        [ 0.0818, -0.0977, -0.1093,  ..., -0.1139,  0.0563,  0.1396],
        ...,
        [ 0.0762,  0.0367,  0.1488,  ...,  0.0925, -0.1440,  0.2167],
        [ 0.0357, -0.0894,  0.0037,  ...,  0.2112,  0.1639, -0.1335],
        [ 0.0479, -0.0667,  0.1575,  ...,  0.2071,  0.0782, -0.0081]],
       device='cuda:0', requires_grad=True)

Parameter name: linear_1.bias
Shape: torch.Size([32])
Values: Parameter containing:
tensor([ 0.1020,  0.1460, -0.0379, -0.0920, -0.0168, -0.0385, -0.0521, -0.0411,
         0.1451, -0.1618,  0.1128, -0.1214,  0.1884,  0.0854, -0.1285,  0.1113,
        -0.1423, -0.1716,  0.0536, -0.0003, -0.0063,  0.0954, -0.2006,  0.2115,
        -0.0483, -0.0069,  0.0787, -0.0276, -0.1371, -0.0764,  0.1130,  0.0279],
       device='cuda:0', requires_grad=True)

Parameter name: linear_2.weight
Shape: torch.Size([1, 32])
Values: Parameter containing:
tensor([[ 0.2567,  0.1742, -0.2280, -0.2294,  0.0685,  0.0911, -0.1440,  0.1029,
          0.1670, -0.1909, -0.1195,  0.1373,  0.1377,  0.1207,  0.1719,  0.1528,
         -0.2549, -0.2589,  0.1060,  0.1074, -0.1767, -0.1546, -0.2479,  0.1163,
          0.1950,  0.2600, -0.2309,  0.2173, -0.1554, -0.2467,  0.2055,  0.2399]],
       device='cuda:0', requires_grad=True)

Parameter name: linear_2.bias
Shape: torch.Size([1])
Values: Parameter containing:
tensor([0.0608], device='cuda:0', requires_grad=True)

