Parameter name: road_linear_0.weight
Shape: torch.Size([32, 16])
Values: Parameter containing:
tensor([[-3.3968e-01,  4.2954e-01, -2.5972e-02,  1.3472e-02,  1.6089e-01,
          1.9152e-01,  3.0815e-01, -4.0065e-02,  1.8097e-01,  2.7778e-01,
         -3.0228e-02, -1.6553e-01, -3.1789e-01, -3.8326e-01,  2.2672e-01,
          4.0318e-02],
        [-2.8148e-01, -3.4848e-02, -1.3013e-01,  2.9073e-02,  1.4371e-02,
          2.7120e-01,  1.8242e-01,  1.6978e-01,  4.2964e-01,  1.5413e-01,
         -1.8482e-02, -2.9487e-01, -2.6615e-02, -8.1557e-02,  3.7169e-01,
         -1.0990e-01],
        [ 9.8822e-02, -6.7540e-02,  3.9675e-01, -1.4962e-01, -8.4572e-02,
         -3.6767e-01, -4.3393e-02, -4.1301e-01,  3.2458e-02, -8.8660e-02,
          1.3108e-01, -3.8497e-02,  4.2276e-01,  3.3946e-01,  8.9055e-02,
          2.8102e-01],
        [ 2.7299e-01, -2.3155e-01,  8.8719e-02, -8.9480e-02, -4.7118e-02,
         -2.0619e-01, -1.3157e-01, -7.5516e-02, -4.0138e-01, -4.0721e-01,
          1.0593e-01,  3.6676e-01,  3.0643e-01, -1.0986e-01, -1.6705e-01,
          1.5756e-01],
        [-1.1397e-01,  3.9308e-01, -1.8740e-01,  3.4312e-03,  1.7976e-01,
          9.2674e-02,  4.2606e-02,  3.1465e-01,  1.5762e-01,  3.0963e-01,
          1.9359e-02, -1.7750e-01, -6.2988e-02, -2.6596e-01,  2.6498e-01,
         -1.8002e-01],
        [ 4.2978e-04,  4.0283e-01, -3.5348e-01,  4.0713e-01,  3.2009e-01,
         -3.4966e-02,  2.3083e-01, -5.6598e-02,  2.2986e-01,  2.1172e-01,
         -3.5186e-01, -7.1188e-02, -2.3394e-01,  1.3111e-01,  3.2649e-01,
         -7.6886e-02],
        [ 3.7287e-01, -6.3137e-02,  4.1251e-01, -1.9807e-01, -5.5772e-02,
         -2.2339e-01, -1.6287e-01, -2.2377e-01, -2.4677e-01, -2.9293e-02,
          1.4264e-01,  6.6402e-02, -4.9175e-02,  2.3280e-01, -2.6951e-01,
          1.5867e-01],
        [-5.5285e-02,  7.3495e-02,  3.6431e-01, -3.6734e-01, -3.3676e-01,
         -3.1488e-01, -7.3537e-02, -2.5917e-01, -1.9505e-01, -2.2444e-01,
          8.7497e-02,  4.4490e-02,  2.6972e-01, -7.8371e-02, -6.9524e-02,
          3.6034e-01],
        [ 6.8837e-02, -1.4837e-04,  3.3484e-01, -2.8741e-01, -9.4765e-02,
         -3.7160e-01, -1.8869e-01, -1.2099e-01,  1.0224e-02, -3.3923e-01,
          2.7172e-02,  9.3900e-02, -3.2156e-02,  2.1056e-01, -3.6370e-01,
          1.3032e-01],
        [-3.1570e-01,  2.0932e-01, -1.2508e-01,  2.2511e-02,  1.0429e-01,
          1.7466e-01,  6.0822e-02,  2.4638e-01,  2.9638e-01,  2.0119e-02,
          1.8089e-02, -3.7276e-02, -2.9189e-01, -1.2156e-01,  1.8358e-01,
         -2.3162e-01],
        [-3.7023e-01,  3.8219e-01, -7.7397e-02, -8.0098e-03, -3.2199e-02,
          4.3914e-01,  2.2954e-01,  1.1855e-01,  3.6393e-01,  2.7065e-01,
         -1.0268e-01, -9.6915e-03, -2.1231e-01,  8.7343e-02, -2.7245e-02,
         -3.4956e-01],
        [-1.3741e-01,  1.3166e-01, -3.6440e-02,  1.1134e-01,  1.7199e-01,
          1.3174e-01,  3.5209e-01,  1.4503e-01,  1.6708e-01,  3.5964e-01,
          8.6554e-02,  5.0542e-02, -4.2894e-01, -2.6795e-01,  6.3741e-02,
         -2.2097e-01],
        [ 3.6181e-01, -1.0951e-01,  1.9321e-01, -2.1328e-01, -1.4376e-01,
         -5.9579e-03, -9.9694e-02, -3.3521e-01, -3.5718e-01, -1.4096e-01,
          1.6129e-01,  6.9737e-02, -5.1710e-03,  2.1800e-01, -2.4405e-01,
          7.0432e-02],
        [ 2.3016e-01,  7.4992e-02,  3.8903e-01, -4.1096e-02, -3.3461e-01,
         -4.0645e-02, -4.7041e-02, -7.7290e-02, -2.4468e-01, -1.8448e-01,
          6.2907e-03,  1.3497e-01,  1.4690e-01,  9.8249e-02, -3.5657e-01,
          2.6456e-01],
        [-4.0471e-01, -9.6191e-03, -9.5831e-02, -7.2014e-03,  4.0349e-01,
          4.3776e-01,  1.1320e-01,  1.3481e-01,  1.9704e-03,  2.0642e-01,
         -9.9834e-02, -3.4644e-01, -1.2413e-01, -1.5677e-01,  5.4552e-02,
         -1.9167e-01],
        [-2.7734e-02, -3.9599e-01,  2.4248e-01,  2.3412e-02, -3.4140e-01,
         -4.7557e-02, -1.9588e-01, -3.0909e-01, -2.1449e-01, -9.3348e-02,
          1.9434e-01,  4.4576e-01,  1.8349e-01,  5.4920e-03,  6.6262e-02,
          1.3858e-01],
        [ 3.0392e-01,  3.4203e-02,  1.9637e-01, -3.5743e-01, -3.3262e-01,
         -5.3277e-02, -6.6330e-02,  1.8982e-02, -3.2930e-01, -1.9188e-01,
          3.3286e-01,  2.8689e-01,  3.4942e-01,  2.8729e-01, -1.2077e-01,
         -3.4867e-02],
        [-2.7354e-01,  1.8300e-01, -2.3751e-01,  1.4032e-01,  1.0220e-01,
          3.0181e-01,  2.5233e-01,  2.4168e-01,  9.4966e-02,  2.8230e-01,
         -1.8063e-01, -2.2559e-01, -1.5112e-01, -2.0874e-01,  2.2252e-01,
         -1.6027e-01],
        [ 2.3272e-01, -1.6358e-01,  1.5684e-01, -3.0872e-01, -1.8926e-01,
         -3.9565e-01, -2.6730e-01,  3.9878e-02, -3.7530e-01, -1.3174e-01,
          1.8883e-01, -7.3155e-02,  2.1066e-01,  2.7312e-01,  5.8446e-02,
          2.0047e-01],
        [ 3.8162e-01, -1.6302e-01,  2.8145e-01, -1.1060e-01, -3.1655e-01,
         -2.5008e-01, -3.4310e-01,  3.0987e-02, -4.0240e-02, -2.9027e-01,
          1.2204e-01,  2.5947e-01, -3.8021e-02,  1.3477e-01,  1.5683e-02,
          2.1081e-01],
        [-1.6756e-01,  3.1181e-01, -3.9851e-02, -6.6462e-02,  2.5947e-01,
         -4.4918e-02,  2.7987e-01,  3.4057e-01,  1.5010e-01,  7.1706e-02,
         -2.8707e-01, -2.5702e-01, -1.9596e-01, -2.0759e-01,  3.2531e-01,
         -2.5114e-01],
        [-1.0605e-01, -2.3559e-02, -8.1849e-02,  4.2853e-01,  2.0519e-02,
          1.4180e-01,  2.7134e-01, -3.9395e-02,  5.4449e-02,  2.9434e-01,
          8.8918e-02, -3.0093e-01, -2.2263e-01, -4.1302e-01, -6.3028e-02,
          1.6435e-02],
        [ 3.7014e-01, -2.1351e-01,  6.0775e-02, -1.7807e-01,  1.3139e-02,
         -4.0952e-01, -2.7674e-01, -2.1561e-01, -2.4115e-01, -1.6701e-01,
          3.1072e-01,  2.1930e-01, -7.3335e-02,  3.3348e-01,  1.2964e-01,
          2.2585e-01],
        [ 2.3542e-01,  1.7514e-02,  3.3453e-01, -3.6880e-01, -1.9513e-01,
         -1.7761e-01, -1.4718e-01, -2.5158e-01, -3.0893e-01, -3.2384e-01,
          6.4224e-02,  3.3111e-01,  2.6498e-01,  1.2271e-01, -1.5492e-01,
          8.8052e-03],
        [ 2.1599e-01, -4.1668e-01,  1.7780e-01, -1.4098e-01,  6.7871e-02,
         -2.5481e-01,  6.0619e-02, -1.5446e-01, -3.6243e-01,  4.9339e-02,
          3.8490e-01,  1.7047e-03,  5.3042e-02,  2.6220e-01, -2.8446e-01,
          3.5425e-01],
        [ 6.2016e-02, -2.5325e-01,  1.0746e-01,  5.1366e-02, -2.4204e-01,
         -2.2169e-01, -2.9167e-02, -3.2972e-01, -1.8718e-01, -3.7424e-01,
         -8.0318e-02,  1.2759e-01,  2.1455e-01,  3.5273e-01, -3.5027e-01,
          1.0810e-01],
        [ 2.1302e-01, -4.8192e-02,  2.9660e-01, -3.5180e-01, -1.5416e-01,
         -1.0883e-01, -3.3006e-01, -5.6388e-03, -3.4708e-01, -1.1912e-03,
          1.8434e-01,  8.1586e-02,  2.2481e-01,  3.0464e-01,  1.1862e-01,
          2.8938e-01],
        [-3.3366e-01,  2.4951e-01,  2.4346e-03,  2.3029e-01,  3.1123e-01,
          3.3725e-02,  3.5317e-01,  1.6201e-01, -4.9532e-02,  1.1877e-01,
          5.8822e-02, -2.8225e-01, -2.3751e-01, -2.3490e-01, -1.4218e-02,
         -1.3584e-01],
        [ 3.0110e-01, -8.8779e-02,  1.4156e-01, -1.4361e-01, -2.7906e-01,
         -3.0134e-01, -1.1874e-01, -3.2366e-01,  5.6923e-03, -1.2033e-01,
          1.4643e-01,  1.4461e-01,  3.5255e-01,  3.2613e-01,  4.5629e-02,
          2.6738e-01],
        [-2.7709e-01,  2.3476e-01, -3.2584e-01,  2.6826e-01, -8.1184e-02,
          1.5451e-01,  3.2092e-01,  2.9221e-01,  3.4839e-01,  2.4473e-01,
          2.0461e-02, -8.3441e-02,  3.4700e-02,  3.5819e-02,  1.0762e-01,
         -2.3842e-01],
        [-2.8228e-01,  8.4483e-02, -4.5081e-02,  2.8895e-02,  1.7691e-01,
          3.9715e-01,  3.5282e-01, -4.4533e-02,  2.0118e-01,  3.2964e-01,
         -3.7505e-01, -1.1030e-02, -3.1203e-01, -2.8783e-01, -2.1721e-02,
         -2.4536e-01],
        [ 5.9826e-02, -7.8220e-02,  2.6485e-01, -7.7870e-02,  3.0049e-02,
         -3.3489e-01, -3.8304e-01, -3.4413e-01, -2.7341e-01, -2.8773e-01,
          2.3427e-01, -1.3770e-02, -2.1504e-02,  2.7228e-01, -2.4676e-01,
          2.0702e-01]], device='cuda:0', requires_grad=True)

Parameter name: road_linear_0.bias
Shape: torch.Size([32])
Values: Parameter containing:
tensor([-0.1128, -0.0051,  0.0707, -0.0633,  0.0003, -0.0981,  0.0707,  0.1285,
        -0.0353, -0.0294, -0.0035,  0.0720,  0.1363,  0.0666,  0.0263,  0.1006,
        -0.0818,  0.0078,  0.0692,  0.0205, -0.0579, -0.0725, -0.0265, -0.0187,
        -0.0838,  0.1603,  0.1371,  0.0302, -0.0800, -0.1821,  0.0560, -0.0146],
       device='cuda:0', requires_grad=True)

Parameter name: road_linear_1.weight
Shape: torch.Size([1, 32])
Values: Parameter containing:
tensor([[ 0.2394,  0.3241, -0.2481, -0.2617,  0.3205,  0.3699, -0.2980, -0.3988,
         -0.3084,  0.3705,  0.2665,  0.3943, -0.2615, -0.4100,  0.3155, -0.2762,
         -0.3187,  0.3401, -0.2400, -0.2672,  0.4073,  0.2960, -0.3818, -0.3903,
         -0.3447, -0.3466, -0.3318,  0.3609, -0.3597,  0.3971,  0.2998, -0.2424]],
       device='cuda:0', requires_grad=True)

Parameter name: linear_0.weight
Shape: torch.Size([32, 39])
Values: Parameter containing:
tensor([[-0.0538,  0.1279,  0.0893,  ...,  0.1357, -0.2639, -0.1137],
        [-0.1436, -0.0232,  0.1318,  ...,  0.0712, -0.2982,  0.0871],
        [ 0.0350, -0.0549,  0.0260,  ...,  0.0536,  0.2438,  0.0345],
        ...,
        [ 0.1449, -0.1756, -0.0268,  ..., -0.1965,  0.0079, -0.1180],
        [ 0.1244, -0.2343, -0.0726,  ..., -0.2399,  0.1231,  0.1557],
        [-0.2228,  0.1784,  0.0822,  ...,  0.0613, -0.2513, -0.0509]],
       device='cuda:0', requires_grad=True)

Parameter name: linear_0.bias
Shape: torch.Size([32])
Values: Parameter containing:
tensor([ 0.0511,  0.0437, -0.0719, -0.1411, -0.0742,  0.0610, -0.1034,  0.0416,
        -0.0407,  0.0591,  0.0057,  0.0113, -0.0244,  0.0865, -0.0467,  0.0007,
         0.0493, -0.1591, -0.0354,  0.0678, -0.0625,  0.0263,  0.1165,  0.0143,
        -0.0946,  0.1088,  0.0581, -0.1152,  0.0401,  0.1734,  0.1716, -0.1168],
       device='cuda:0', requires_grad=True)

Parameter name: linear_1.weight
Shape: torch.Size([32, 32])
Values: Parameter containing:
tensor([[ 0.0758, -0.1623, -0.0947,  ...,  0.0579, -0.0412,  0.0549],
        [-0.1997, -0.0140,  0.1021,  ...,  0.1593, -0.0238,  0.0373],
        [ 0.1232, -0.0580, -0.1643,  ..., -0.1509,  0.0064,  0.1894],
        ...,
        [ 0.1199,  0.0731,  0.0926,  ...,  0.0591, -0.1965,  0.2724],
        [ 0.0067, -0.1278,  0.0459,  ...,  0.2463,  0.2065, -0.1689],
        [ 0.0078, -0.1008,  0.2100,  ...,  0.2384,  0.1284, -0.0606]],
       device='cuda:0', requires_grad=True)

Parameter name: linear_1.bias
Shape: torch.Size([32])
Values: Parameter containing:
tensor([ 0.1089,  0.1585, -0.0501, -0.1091,  0.0164, -0.0235, -0.0708, -0.0181,
         0.1497, -0.1634,  0.1106, -0.1091,  0.1913,  0.0693, -0.1247,  0.1348,
        -0.1429, -0.1693,  0.0468,  0.0271, -0.0294,  0.0826, -0.2178,  0.1995,
        -0.0205, -0.0152,  0.0721, -0.0097, -0.1558, -0.0818,  0.1274,  0.0315],
       device='cuda:0', requires_grad=True)

Parameter name: linear_2.weight
Shape: torch.Size([1, 32])
Values: Parameter containing:
tensor([[ 0.3291,  0.2477, -0.3013, -0.3029,  0.1453,  0.1651, -0.2179,  0.1780,
          0.2387, -0.2632, -0.1936,  0.2110,  0.2107,  0.1929,  0.2443,  0.2267,
         -0.3286, -0.3313,  0.1789,  0.1828, -0.2518, -0.2286, -0.3220,  0.1879,
          0.2700,  0.3326, -0.3039,  0.2911, -0.2297, -0.3198,  0.2782,  0.3122]],
       device='cuda:0', requires_grad=True)

Parameter name: linear_2.bias
Shape: torch.Size([1])
Values: Parameter containing:
tensor([0.1283], device='cuda:0', requires_grad=True)

