Parameter name: road_linear_0.weight
Shape: torch.Size([32, 16])
Values: Parameter containing:
tensor([[-3.2227e-01,  3.7862e-01, -1.3277e-02, -9.7438e-03,  1.2035e-01,
          1.7374e-01,  2.8594e-01, -6.2515e-02,  1.6417e-01,  2.6175e-01,
          2.7776e-02, -1.4631e-01, -2.8218e-01, -3.6084e-01,  2.0275e-01,
          5.9824e-02],
        [-2.4205e-01, -7.8278e-02, -9.6618e-02, -1.0945e-02, -5.0314e-02,
          2.4153e-01,  1.3253e-01,  1.3181e-01,  3.7433e-01,  1.2862e-01,
          3.7573e-02, -2.4695e-01,  3.1519e-02, -3.9943e-02,  3.1064e-01,
         -7.3569e-02],
        [ 7.3406e-02, -2.7391e-02,  3.7723e-01, -1.2225e-01, -3.8200e-02,
         -3.4436e-01, -1.5214e-02, -3.8572e-01,  7.2482e-02, -7.1365e-02,
          8.2950e-02, -7.1461e-02,  3.7818e-01,  3.1206e-01,  1.1976e-01,
          2.5723e-01],
        [ 2.6072e-01, -2.0598e-01,  7.7782e-02, -7.2093e-02, -1.7754e-02,
         -1.8847e-01, -1.1872e-01, -6.1930e-02, -3.8870e-01, -3.9913e-01,
          6.9362e-02,  3.4538e-01,  2.7791e-01, -1.2494e-01, -1.5258e-01,
          1.4783e-01],
        [-7.9365e-02,  3.4349e-01, -1.5955e-01, -3.4545e-02,  1.2114e-01,
          7.1445e-02, -2.1778e-03,  2.8291e-01,  1.1044e-01,  2.8607e-01,
          7.8940e-02, -1.3995e-01, -1.1812e-02, -2.2839e-01,  2.1820e-01,
         -1.4470e-01],
        [ 1.0886e-02,  3.6372e-01, -3.4822e-01,  3.9240e-01,  2.8633e-01,
         -4.1352e-02,  2.1531e-01, -7.0978e-02,  2.1635e-01,  2.0109e-01,
         -3.0049e-01, -6.3692e-02, -2.0693e-01,  1.4809e-01,  3.1011e-01,
         -6.3652e-02],
        [ 3.6248e-01, -3.6933e-02,  4.0507e-01, -1.8378e-01, -2.7851e-02,
         -2.0710e-01, -1.5236e-01, -2.1059e-01, -2.3506e-01, -2.1057e-02,
          1.0478e-01,  4.8592e-02, -7.5827e-02,  2.1851e-01, -2.5838e-01,
          1.5053e-01],
        [-6.4518e-02,  9.5382e-02,  3.5823e-01, -3.5515e-01, -3.1133e-01,
         -3.0064e-01, -6.5265e-02, -2.4809e-01, -1.8356e-01, -2.1815e-01,
          5.1840e-02,  2.8181e-02,  2.4562e-01, -9.0545e-02, -5.9190e-02,
          3.5469e-01],
        [ 2.7971e-02,  4.6007e-02,  2.9900e-01, -2.4457e-01, -2.5983e-02,
         -3.4397e-01, -1.3461e-01, -8.1131e-02,  6.6177e-02, -3.1234e-01,
         -2.9115e-02,  4.6531e-02, -8.8151e-02,  1.6736e-01, -3.0301e-01,
          9.1213e-02],
        [-2.7477e-01,  1.5925e-01, -9.0322e-02, -2.0694e-02,  3.7149e-02,
          1.4658e-01,  7.9039e-03,  2.0638e-01,  2.3911e-01, -8.2042e-03,
          7.8350e-02,  1.0086e-02, -2.3187e-01, -7.7191e-02,  1.2246e-01,
         -1.9080e-01],
        [-3.4389e-01,  3.4315e-01, -5.6251e-02, -3.6747e-02, -8.0232e-02,
          4.2106e-01,  1.9738e-01,  9.2836e-02,  3.2416e-01,  2.5405e-01,
         -5.4269e-02,  2.0904e-02, -1.6955e-01,  1.1531e-01, -5.7871e-02,
         -3.2483e-01],
        [-1.1761e-01,  1.0376e-01, -2.0501e-02,  8.8455e-02,  1.3306e-01,
          1.1628e-01,  3.2877e-01,  1.2572e-01,  1.3721e-01,  3.4890e-01,
          1.2011e-01,  7.5510e-02, -3.9393e-01, -2.4714e-01,  3.8587e-02,
         -2.0415e-01],
        [ 3.2181e-01, -4.5436e-02,  1.6097e-01, -1.7042e-01, -7.8932e-02,
          2.4500e-02, -4.9330e-02, -2.9251e-01, -3.0134e-01, -1.0905e-01,
          9.5292e-02,  2.6235e-02, -6.7407e-02,  1.7212e-01, -1.8757e-01,
          2.6777e-02],
        [ 2.0346e-01,  1.1035e-01,  3.6790e-01, -1.2564e-02, -2.8712e-01,
         -1.8985e-02, -1.5103e-02, -5.1842e-02, -1.9966e-01, -1.6705e-01,
         -4.0742e-02,  1.0077e-01,  1.0201e-01,  6.8183e-02, -3.1930e-01,
          2.3942e-01],
        [-3.7182e-01, -4.4121e-02, -6.8795e-02, -4.0433e-02,  3.4825e-01,
          4.1243e-01,  7.4006e-02,  1.0404e-01, -4.5427e-02,  1.8671e-01,
         -4.9636e-02, -3.0475e-01, -7.4106e-02, -1.2305e-01,  7.7353e-03,
         -1.6312e-01],
        [-7.4589e-02, -3.3094e-01,  2.0338e-01,  7.4747e-02, -2.6779e-01,
         -1.6813e-02, -1.3507e-01, -2.6322e-01, -1.5391e-01, -5.6900e-02,
          1.2270e-01,  3.9656e-01,  1.1723e-01, -4.5644e-02,  1.2811e-01,
          8.6919e-02],
        [ 3.1148e-01,  4.3903e-02,  2.0069e-01, -3.5747e-01, -3.2523e-01,
         -4.0964e-02, -7.2900e-02,  1.8512e-02, -3.4628e-01, -1.9545e-01,
          3.0866e-01,  2.8345e-01,  3.4307e-01,  2.9015e-01, -1.2471e-01,
         -2.4641e-02],
        [-2.9094e-01,  1.7695e-01, -2.4779e-01,  1.4610e-01,  1.0167e-01,
          2.9329e-01,  2.6560e-01,  2.4853e-01,  1.2207e-01,  2.8839e-01,
         -1.5930e-01, -2.3066e-01, -1.5797e-01, -2.1915e-01,  2.3686e-01,
         -1.7758e-01],
        [ 2.2393e-01, -1.3281e-01,  1.4999e-01, -2.9602e-01, -1.6008e-01,
         -3.8119e-01, -2.5491e-01,  5.4461e-02, -3.6899e-01, -1.2464e-01,
          1.4888e-01, -8.7193e-02,  1.8760e-01,  2.6094e-01,  6.7161e-02,
          1.9386e-01],
        [ 3.6837e-01, -1.3418e-01,  2.7064e-01, -9.3425e-02, -2.8591e-01,
         -2.3525e-01, -3.2811e-01,  4.6359e-02, -2.5551e-02, -2.8149e-01,
          8.3222e-02,  2.4110e-01, -6.4077e-02,  1.1941e-01,  2.8807e-02,
          1.9909e-01],
        [-1.6661e-01,  2.8160e-01, -3.9404e-02, -7.7242e-02,  2.3768e-01,
         -4.8369e-02,  2.7176e-01,  3.3358e-01,  1.4841e-01,  6.6476e-02,
         -2.4030e-01, -2.5571e-01, -1.7649e-01, -1.9842e-01,  3.1645e-01,
         -2.4611e-01],
        [-5.1282e-02, -8.8850e-02, -3.1108e-02,  3.6807e-01, -6.6547e-02,
          1.0080e-01,  2.0252e-01, -9.5169e-02, -1.5215e-02,  2.5012e-01,
          1.6052e-01, -2.3827e-01, -1.5217e-01, -3.5268e-01, -1.4593e-01,
          7.2409e-02],
        [ 3.6006e-01, -1.9280e-01,  5.2992e-02, -1.6380e-01,  3.8544e-02,
         -3.9633e-01, -2.6823e-01, -2.0527e-01, -2.2990e-01, -1.6128e-01,
          2.7555e-01,  2.0246e-01, -9.6161e-02,  3.2186e-01,  1.4050e-01,
          2.1942e-01],
        [ 2.5810e-01,  1.5126e-02,  3.4856e-01, -3.8052e-01, -2.0296e-01,
         -1.6655e-01, -1.6711e-01, -2.6321e-01, -3.4207e-01, -3.3427e-01,
          5.8354e-02,  3.3795e-01,  2.7600e-01,  1.3923e-01, -1.7424e-01,
          3.2734e-02],
        [ 1.8719e-01, -3.7520e-01,  1.5437e-01, -1.0907e-01,  1.2042e-01,
         -2.3677e-01,  9.6874e-02, -1.2712e-01, -3.1599e-01,  6.8223e-02,
          3.3070e-01, -3.0634e-02,  6.3913e-03,  2.3046e-01, -2.4308e-01,
          3.2605e-01],
        [ 3.1293e-02, -2.0831e-01,  8.3999e-02,  8.6090e-02, -1.9295e-01,
         -2.0050e-01,  5.3943e-03, -3.0336e-01, -1.4492e-01, -3.5150e-01,
         -1.4327e-01,  9.3799e-02,  1.6676e-01,  3.1928e-01, -3.1034e-01,
          7.6039e-02],
        [ 2.1826e-01, -2.6894e-02,  3.0124e-01, -3.5082e-01, -1.3926e-01,
         -1.0327e-01, -3.3018e-01, -1.9251e-03, -3.6082e-01, -2.4963e-03,
          1.5241e-01,  8.3453e-02,  2.1753e-01,  3.0439e-01,  1.1741e-01,
          2.9564e-01],
        [-3.0971e-01,  2.1385e-01,  2.0902e-02,  2.0382e-01,  2.6609e-01,
          1.6504e-02,  3.2359e-01,  1.3842e-01, -8.3591e-02,  1.0435e-01,
          1.0208e-01, -2.5440e-01, -1.9772e-01, -2.0946e-01, -4.5241e-02,
         -1.1331e-01],
        [ 3.0063e-01, -7.6298e-02,  1.3945e-01, -1.3591e-01, -2.6635e-01,
         -2.8776e-01, -1.2051e-01, -3.1979e-01,  1.9736e-03, -1.1967e-01,
          1.2609e-01,  1.3308e-01,  3.3766e-01,  3.2292e-01,  4.6886e-02,
          2.6906e-01],
        [-2.6746e-01,  2.0436e-01, -3.2070e-01,  2.5510e-01, -1.0842e-01,
          1.4471e-01,  3.1071e-01,  2.8031e-01,  3.3822e-01,  2.3595e-01,
          6.1270e-02, -7.2596e-02,  5.7149e-02,  4.9902e-02,  9.9033e-02,
         -2.2919e-01],
        [-2.7896e-01,  6.6831e-02, -4.1700e-02,  1.9703e-02,  1.5744e-01,
          3.8504e-01,  3.4954e-01, -5.1582e-02,  2.0114e-01,  3.2724e-01,
         -3.4204e-01,  1.8404e-04, -2.9522e-01, -2.8199e-01, -2.6156e-02,
         -2.4505e-01],
        [ 5.5075e-02, -5.3129e-02,  2.5968e-01, -6.6393e-02,  5.3015e-02,
         -3.2071e-01, -3.7617e-01, -3.3420e-01, -2.7319e-01, -2.8267e-01,
          1.9878e-01, -2.6377e-02, -4.0535e-02,  2.6326e-01, -2.4209e-01,
          2.0340e-01]], device='cuda:0', requires_grad=True)

Parameter name: road_linear_0.bias
Shape: torch.Size([32])
Values: Parameter containing:
tensor([-0.0973,  0.0431,  0.0554, -0.0914,  0.0494, -0.0871,  0.0651,  0.1260,
        -0.0797,  0.0149,  0.0298,  0.0935,  0.1256,  0.0541,  0.0662,  0.0587,
        -0.0923,  0.0115,  0.0597,  0.0054, -0.0376, -0.0497, -0.0476, -0.0152,
        -0.1307,  0.1459,  0.1343,  0.0557, -0.0933, -0.1781,  0.0726, -0.0327],
       device='cuda:0', requires_grad=True)

Parameter name: road_linear_1.weight
Shape: torch.Size([1, 32])
Values: Parameter containing:
tensor([[ 0.1494,  0.2356, -0.1692, -0.1854,  0.2311,  0.2845, -0.2234, -0.3253,
         -0.2250,  0.2763,  0.1900,  0.3131, -0.1601, -0.3266,  0.2357, -0.1691,
         -0.2441,  0.2720, -0.1635, -0.1929,  0.3248,  0.2004, -0.3121, -0.3236,
         -0.2590, -0.2584, -0.2590,  0.2743, -0.2885,  0.3252,  0.2279, -0.1688]],
       device='cuda:0', requires_grad=True)

Parameter name: linear_0.weight
Shape: torch.Size([32, 39])
Values: Parameter containing:
tensor([[-0.0343,  0.0915,  0.1068,  ...,  0.0173, -0.1895, -0.1137],
        [-0.1197, -0.0605,  0.1377,  ..., -0.0086, -0.2481,  0.0871],
        [-0.0093,  0.0034,  0.0465,  ...,  0.1218,  0.1658,  0.0345],
        ...,
        [ 0.1191, -0.1341, -0.0346,  ..., -0.0941, -0.0603, -0.1180],
        [ 0.0937, -0.1899, -0.0689,  ..., -0.1556,  0.0639,  0.1557],
        [-0.1958,  0.1346,  0.0888,  ..., -0.0467, -0.1732, -0.0509]],
       device='cuda:0', requires_grad=True)

Parameter name: linear_0.bias
Shape: torch.Size([32])
Values: Parameter containing:
tensor([ 0.0167,  0.0254, -0.0740, -0.1578, -0.0889,  0.0806, -0.0855,  0.0392,
        -0.0055,  0.0515,  0.0069,  0.0188, -0.0566,  0.0999, -0.0358, -0.0104,
         0.0365, -0.1838, -0.0738,  0.0748, -0.0362, -0.0005,  0.1294,  0.0148,
        -0.1199,  0.1331,  0.0572, -0.1108,  0.0198,  0.1998,  0.1842, -0.1437],
       device='cuda:0', requires_grad=True)

Parameter name: linear_1.weight
Shape: torch.Size([32, 32])
Values: Parameter containing:
tensor([[ 0.1067, -0.1390, -0.1338,  ...,  0.0384, -0.0784,  0.0897],
        [-0.1641,  0.0148,  0.0566,  ...,  0.1341, -0.0642,  0.0759],
        [ 0.0842, -0.0915, -0.1134,  ..., -0.1203,  0.0512,  0.1448],
        ...,
        [ 0.0810,  0.0484,  0.1409,  ...,  0.0806, -0.1539,  0.2274],
        [ 0.0338, -0.0941,  0.0072,  ...,  0.2161,  0.1680, -0.1375],
        [ 0.0447, -0.0749,  0.1628,  ...,  0.2155,  0.0854, -0.0156]],
       device='cuda:0', requires_grad=True)

Parameter name: linear_1.bias
Shape: torch.Size([32])
Values: Parameter containing:
tensor([ 0.1100,  0.1551, -0.0426, -0.0977,  0.0026, -0.0184, -0.0627, -0.0374,
         0.1494, -0.1680,  0.1058, -0.1090,  0.1943,  0.0920, -0.1247,  0.1160,
        -0.1511, -0.1774,  0.0625,  0.0096, -0.0141,  0.0889, -0.2107,  0.2193,
        -0.0393, -0.0010,  0.0717, -0.0228, -0.1463, -0.0841,  0.1167,  0.0331],
       device='cuda:0', requires_grad=True)

Parameter name: linear_2.weight
Shape: torch.Size([1, 32])
Values: Parameter containing:
tensor([[ 0.2626,  0.1802, -0.2347, -0.2360,  0.0751,  0.0972, -0.1499,  0.1112,
          0.1737, -0.1973, -0.1261,  0.1425,  0.1445,  0.1273,  0.1788,  0.1603,
         -0.2603, -0.2651,  0.1127,  0.1136, -0.1830, -0.1612, -0.2529,  0.1228,
          0.2006,  0.2662, -0.2370,  0.2242, -0.1615, -0.2526,  0.2126,  0.2464]],
       device='cuda:0', requires_grad=True)

Parameter name: linear_2.bias
Shape: torch.Size([1])
Values: Parameter containing:
tensor([0.0673], device='cuda:0', requires_grad=True)

