Parameter name: road_linear_0.weight
Shape: torch.Size([32, 16])
Values: Parameter containing:
tensor([[ 1.4073e-03,  3.9423e-01,  3.0582e-01, -3.2272e-01, -1.9200e-01,
         -1.5264e-01, -8.4174e-02, -3.9657e-01, -2.8008e-01, -7.7936e-02,
         -2.4283e-02,  2.0087e-01, -3.1796e-01, -6.7486e-02, -4.9955e-02,
          3.8999e-01],
        [-2.4899e-01, -3.8599e-01, -9.7775e-02, -1.5386e-02, -2.5752e-02,
          2.4743e-01,  1.6765e-01,  1.6553e-01,  4.5088e-01,  1.3709e-01,
          2.9367e-01, -2.6618e-01,  3.7017e-01, -2.8366e-02,  3.5543e-01,
         -9.2579e-02],
        [ 9.7465e-02,  2.9545e-01,  3.9020e-01, -1.2904e-01, -1.0542e-01,
         -3.4686e-01, -1.0088e-01, -4.5601e-01, -8.7437e-02, -9.1830e-02,
         -1.5511e-01, -2.6897e-02,  6.0304e-03,  3.5388e-01, -3.6986e-02,
          2.9306e-01],
        [ 2.8553e-01,  1.1621e-01,  9.4359e-02, -8.2649e-02, -6.9703e-02,
         -2.1685e-01, -1.8226e-01, -1.2843e-01, -4.9733e-01, -4.2964e-01,
         -2.1311e-01,  3.9268e-01, -8.8191e-02, -1.1471e-01, -2.2735e-01,
          1.8301e-01],
        [-9.8503e-02,  3.5834e-02, -1.7108e-01, -2.6765e-02,  1.6931e-01,
          9.0984e-02,  5.3426e-02,  3.3647e-01,  2.0557e-01,  3.0631e-01,
          3.4461e-01, -1.7488e-01,  3.3530e-01, -2.3447e-01,  3.0958e-01,
         -1.7695e-01],
        [-2.4204e-02,  6.0264e-02, -3.7476e-01,  4.1518e-01,  3.6272e-01,
         -6.1992e-03,  2.9636e-01,  5.6980e-03,  3.3832e-01,  2.3747e-01,
         -7.6767e-02, -1.1873e-01,  1.3963e-01,  1.1373e-01,  4.5102e-01,
         -1.1036e-01],
        [ 3.6697e-01,  2.4442e-01,  4.0424e-01, -1.7981e-01, -5.7216e-02,
         -2.0785e-01, -1.9058e-01, -2.4330e-01, -3.1548e-01, -3.1761e-02,
         -4.1000e-02,  6.7898e-02, -3.6642e-01,  2.0424e-01, -3.1197e-01,
          1.6471e-01],
        [-5.6829e-02,  3.6226e-01,  3.6112e-01, -3.5864e-01, -3.4894e-01,
         -2.9930e-01, -1.0914e-01, -2.7862e-01, -2.6219e-01, -2.2947e-01,
         -9.1248e-02,  4.4645e-02, -4.8364e-02, -9.4251e-02, -1.3816e-01,
          3.7413e-01],
        [ 3.4922e-02,  3.5778e-01,  3.0276e-01, -2.4412e-01, -5.1707e-02,
         -3.4505e-01, -1.6478e-01, -1.0366e-01, -7.4884e-03, -3.2038e-01,
         -2.8161e-01,  5.7304e-02, -4.2623e-01,  1.6231e-01, -3.0982e-01,
          1.1232e-01],
        [-3.0429e-01, -1.6697e-01, -1.1236e-01, -6.7902e-04,  9.5949e-02,
          1.7234e-01,  8.2571e-02,  2.6592e-01,  3.4327e-01,  2.1285e-02,
          3.6362e-01, -3.1474e-02,  1.2945e-01, -9.8541e-02,  2.2082e-01,
         -2.3314e-01],
        [-3.7246e-01,  1.5933e-02, -7.7083e-02, -2.2237e-02, -2.6338e-02,
          4.4539e-01,  2.6984e-01,  1.5827e-01,  4.3308e-01,  2.8249e-01,
          2.2448e-01, -2.4903e-02,  2.0713e-01,  9.8585e-02,  3.9737e-02,
         -3.6595e-01],
        [-1.4321e-01, -2.0616e-01, -4.0429e-02,  1.0145e-01,  1.9155e-01,
          1.3864e-01,  3.9664e-01,  1.7427e-01,  2.3347e-01,  3.7316e-01,
          4.0864e-01,  4.2223e-02, -4.9384e-02, -2.6958e-01,  5.6349e-02,
         -2.4126e-01],
        [ 3.3657e-01,  2.8920e-01,  1.6567e-01, -1.6871e-01, -1.0557e-01,
          2.2556e-02, -9.2828e-02, -3.3482e-01, -3.8502e-01, -1.1722e-01,
         -1.7279e-01,  4.5943e-02, -4.4646e-01,  1.5687e-01, -2.6162e-01,
          5.5610e-02],
        [ 2.1068e-01,  4.0203e-01,  3.7069e-01, -1.1347e-02, -3.1395e-01,
         -2.2727e-02, -4.5029e-02, -7.9042e-02, -2.6635e-01, -1.7500e-01,
         -2.7883e-01,  1.1521e-01, -2.0888e-01,  6.1166e-02, -3.4406e-01,
          2.5648e-01],
        [-3.8001e-01, -3.5353e-01, -7.1971e-02, -3.5960e-02,  3.7428e-01,
          4.0618e-01,  1.1853e-01,  1.3230e-01,  3.4135e-02,  1.9795e-01,
          1.8958e-01, -3.2159e-01,  2.6420e-01, -1.1567e-01,  8.3059e-02,
         -1.8496e-01],
        [-4.3183e-02,  5.0630e-03,  2.1448e-01,  6.6390e-02, -3.7970e-01,
         -5.3777e-02, -2.4318e-01, -3.7367e-01, -3.4824e-01, -1.0654e-01,
         -1.4588e-01,  4.7826e-01, -3.2663e-01, -1.3069e-02, -1.1741e-02,
          1.3647e-01],
        [ 3.3165e-01,  3.3078e-01,  2.1597e-01, -3.6582e-01, -3.8429e-01,
         -5.9619e-02, -1.2584e-01, -3.2336e-02, -4.4224e-01, -2.1456e-01,
          6.9979e-02,  3.1576e-01,  2.5439e-02,  3.0541e-01, -1.5991e-01,
          7.8339e-03],
        [-3.0063e-01, -5.9715e-02, -2.5052e-01,  1.4372e-01,  1.4493e-01,
          3.0904e-01,  3.0508e-01,  2.9333e-01,  2.0643e-01,  3.0179e-01,
          7.8809e-03, -2.6137e-01,  1.2080e-01, -2.1610e-01,  3.0930e-01,
         -1.9574e-01],
        [ 2.2793e-01,  1.5157e-01,  1.4186e-01, -2.7777e-01, -2.1791e-01,
         -3.7250e-01, -3.3119e-01,  2.5132e-05, -5.2965e-01, -1.2467e-01,
         -1.1162e-01, -5.5755e-02, -1.5668e-01,  2.9509e-01, -7.0762e-02,
          2.1386e-01],
        [ 3.7558e-01,  1.8023e-01,  2.7471e-01, -9.3960e-02, -3.1287e-01,
         -2.3116e-01, -3.6942e-01,  1.9943e-02, -1.1027e-01, -2.9262e-01,
         -1.6938e-01,  2.5295e-01, -4.1109e-01,  1.0988e-01,  1.9903e-02,
          2.2105e-01],
        [-1.9196e-01,  2.2808e-03, -5.8267e-02, -6.3390e-02,  2.9212e-01,
         -1.8326e-02,  3.2674e-01,  3.9361e-01,  2.5162e-01,  9.4516e-02,
          8.3062e-03, -2.9896e-01,  1.3756e-01, -2.1143e-01,  4.1265e-01,
         -2.8200e-01],
        [-8.2640e-02, -4.1059e-01, -5.7411e-02,  3.9565e-01, -1.4433e-02,
          1.1672e-01,  2.7629e-01, -4.6556e-02,  8.8690e-02,  2.8067e-01,
          3.9979e-01, -2.6964e-01,  1.9366e-01, -3.7528e-01, -5.2198e-02,
          2.3579e-02],
        [ 3.6946e-01,  7.8351e-02,  5.8342e-02, -1.6776e-01, -1.2777e-03,
         -3.9905e-01, -3.1023e-01, -2.3817e-01, -3.1281e-01, -1.7216e-01,
          5.7429e-02,  2.1992e-01, -3.9891e-01,  3.1842e-01,  7.8812e-02,
          2.4321e-01],
        [ 2.6194e-01,  2.3314e-01,  3.4674e-01, -3.7174e-01, -2.4242e-01,
         -1.7487e-01, -1.9054e-01, -2.9720e-01, -4.1295e-01, -3.4024e-01,
         -1.3426e-01,  3.5487e-01,  7.9519e-03,  1.3083e-01, -1.9984e-01,
          4.5532e-02],
        [ 2.2891e-01, -4.3010e-02,  1.8542e-01, -1.3537e-01,  3.3580e-02,
         -2.8601e-01,  4.4840e-03, -2.1827e-01, -4.6024e-01,  2.1288e-02,
          4.3821e-02,  3.7318e-02, -3.7346e-01,  2.6835e-01, -3.5833e-01,
          3.8139e-01],
        [ 5.2738e-02,  8.4981e-02,  9.7072e-02,  7.3403e-02, -2.3278e-01,
         -2.1818e-01, -4.5392e-02, -3.5689e-01, -2.3698e-01, -3.7447e-01,
         -3.6285e-01,  1.3121e-01, -1.6456e-01,  3.2182e-01, -4.1643e-01,
          1.0945e-01],
        [ 2.3175e-01,  2.5481e-01,  3.1138e-01, -3.5773e-01, -1.8661e-01,
         -1.0596e-01, -3.7840e-01, -3.7384e-02, -4.5373e-01, -1.6913e-02,
         -5.6476e-02,  1.0085e-01, -9.3099e-02,  3.0811e-01,  8.3228e-02,
          3.2420e-01],
        [-3.2951e-01, -1.0358e-01,  5.9433e-03,  2.1520e-01,  3.1569e-01,
          3.0506e-02,  3.8731e-01,  1.7977e-01,  6.6265e-03,  1.2380e-01,
          3.7873e-01, -2.8062e-01,  1.5001e-01, -2.2487e-01,  7.9558e-03,
         -1.4648e-01],
        [ 3.1918e-01,  1.9542e-01,  1.5238e-01, -1.4501e-01, -3.1597e-01,
         -3.0002e-01, -1.7301e-01, -3.6484e-01, -8.9045e-02, -1.3618e-01,
         -1.0435e-01,  1.5914e-01,  2.3061e-02,  3.3359e-01, -1.9051e-02,
          2.9988e-01],
        [-2.6983e-01, -3.9762e-02, -3.1736e-01,  2.4911e-01, -7.4807e-02,
          1.4675e-01,  3.4388e-01,  3.1186e-01,  4.1244e-01,  2.4296e-01,
          2.2349e-01, -8.8530e-02,  3.3414e-01,  6.3525e-02,  1.5408e-01,
         -2.4105e-01],
        [-3.0447e-01, -2.3534e-01, -6.2128e-02,  3.5161e-02,  2.1533e-01,
          4.0568e-01,  4.1281e-01,  4.4802e-03,  3.0677e-01,  3.5352e-01,
         -8.6258e-02, -3.7213e-02,  4.1419e-02, -3.0078e-01,  4.7140e-02,
         -2.8466e-01],
        [ 4.7765e-02,  2.2756e-01,  2.4391e-01, -4.0195e-02,  7.5731e-03,
         -3.1470e-01, -4.1678e-01, -3.7856e-01, -3.9845e-01, -2.7815e-01,
         -3.2557e-02, -4.7795e-03, -3.6435e-01,  2.6801e-01, -2.6975e-01,
          2.0478e-01]], device='cuda:0', requires_grad=True)

Parameter name: road_linear_0.bias
Shape: torch.Size([32])
Values: Parameter containing:
tensor([-0.0745, -0.0181, -0.0235, -0.0324,  0.0102, -0.2315,  0.0920,  0.1165,
        -0.0640, -0.0022,  0.0444,  0.0817,  0.1297,  0.0670,  0.0683, -0.0118,
        -0.0259, -0.0385,  0.0752, -0.0381, -0.1085, -0.0571, -0.0334,  0.0338,
        -0.0409,  0.1323,  0.1495,  0.0512, -0.1051, -0.1804,  0.0293,  0.0225],
       device='cuda:0', requires_grad=True)

Parameter name: road_linear_1.weight
Shape: torch.Size([1, 32])
Values: Parameter containing:
tensor([[-0.2299,  0.3238, -0.2404, -0.2720,  0.3169,  0.3766, -0.2912, -0.3823,
         -0.3313,  0.3570,  0.2779,  0.3890, -0.2777, -0.4066,  0.2942, -0.2678,
         -0.3320,  0.3417, -0.2445, -0.2455,  0.4188,  0.3290, -0.3823, -0.3836,
         -0.3097, -0.3444, -0.3291,  0.3550, -0.3601,  0.3901,  0.3140, -0.2472]],
       device='cuda:0', requires_grad=True)

Parameter name: linear_0.weight
Shape: torch.Size([32, 39])
Values: Parameter containing:
tensor([[-0.0101,  0.1341,  0.0673,  ...,  0.2005, -0.3184, -0.1137],
        [-0.0739, -0.0599,  0.1194,  ...,  0.1023, -0.2914,  0.0871],
        [-0.1142,  0.1835,  0.0902,  ...,  0.2032,  0.0076,  0.0345],
        ...,
        [ 0.0968, -0.1242, -0.0379,  ..., -0.1695, -0.0189, -0.1180],
        [ 0.0398, -0.1936, -0.0401,  ..., -0.2624,  0.0972,  0.1557],
        [-0.1845,  0.1436,  0.0493,  ...,  0.0726, -0.2529, -0.0509]],
       device='cuda:0', requires_grad=True)

Parameter name: linear_0.bias
Shape: torch.Size([32])
Values: Parameter containing:
tensor([ 0.0554,  0.0300, -0.0927, -0.1553, -0.0814, -0.0117, -0.1015,  0.0422,
        -0.0339,  0.0579,  0.0296, -0.0048,  0.0118,  0.1024, -0.0430, -0.0143,
         0.0496, -0.1663,  0.0052,  0.0831, -0.0633,  0.0176,  0.1109,  0.0244,
        -0.1097,  0.0983,  0.0442, -0.1007,  0.0473,  0.2055,  0.1689, -0.1277],
       device='cuda:0', requires_grad=True)

Parameter name: linear_1.weight
Shape: torch.Size([32, 32])
Values: Parameter containing:
tensor([[ 0.0500, -0.1640, -0.1895,  ...,  0.0356, -0.0441,  0.0653],
        [-0.2187, -0.0163, -0.0187,  ...,  0.1396, -0.0270,  0.0485],
        [ 0.1500, -0.0486, -0.0375,  ..., -0.1423,  0.0010,  0.1877],
        ...,
        [ 0.1493,  0.0555,  0.2167,  ...,  0.1076, -0.1754,  0.2461],
        [-0.0135, -0.1407, -0.0428,  ...,  0.2434,  0.2182, -0.1747],
        [-0.0019, -0.1121,  0.1298,  ...,  0.2247,  0.1296, -0.0451]],
       device='cuda:0', requires_grad=True)

Parameter name: linear_1.bias
Shape: torch.Size([32])
Values: Parameter containing:
tensor([ 0.1007,  0.1488, -0.0472, -0.1028, -0.1049, -0.1777, -0.0668, -0.0243,
         0.1440, -0.1731,  0.1362, -0.1296,  0.2009,  0.0961, -0.1061,  0.1271,
        -0.1350, -0.1813,  0.0791,  0.0116, -0.0175,  0.0780, -0.2076,  0.2207,
        -0.0440, -0.0121,  0.0761, -0.0440, -0.1540, -0.0562,  0.1266,  0.0326],
       device='cuda:0', requires_grad=True)

Parameter name: linear_2.weight
Shape: torch.Size([1, 32])
Values: Parameter containing:
tensor([[ 0.3951,  0.3194, -0.3596, -0.3897, -0.2459, -0.2395, -0.3033,  0.2731,
          0.2946, -0.3116, -0.2673,  0.2816,  0.2899,  0.2456,  0.3068,  0.2892,
         -0.3870, -0.3921,  0.2402,  0.2873, -0.3465, -0.2960, -0.3982,  0.2406,
          0.3607,  0.4118, -0.3674,  0.3861, -0.3038, -0.3922,  0.3564,  0.3959]],
       device='cuda:0', requires_grad=True)

Parameter name: linear_2.bias
Shape: torch.Size([1])
Values: Parameter containing:
tensor([0.1461], device='cuda:0', requires_grad=True)

Parameter name: road_linear_0.weight
Shape: torch.Size([32, 16])
Values: Parameter containing:
tensor([[ 0.0168,  0.3467,  0.3274, -0.3480, -0.0360, -0.1861, -0.0816, -0.4002,
         -0.1863, -0.0831,  0.0371,  0.1799,  0.0723, -0.0465,  0.3306,  0.3607],
        [-0.2829, -0.3340, -0.1342,  0.0184, -0.1512,  0.2950,  0.2037,  0.1796,
          0.4120,  0.1371,  0.2146, -0.2792, -0.0142, -0.0563, -0.0156, -0.0842],
        [ 0.0994,  0.2380,  0.4028, -0.1374,  0.1302, -0.3780, -0.0742, -0.4228,
          0.0458, -0.0757, -0.0848, -0.0569,  0.4064,  0.3095,  0.4413,  0.2584],
        [ 0.2968,  0.0641,  0.1115, -0.0942,  0.0926, -0.2379, -0.1852, -0.1053,
         -0.4159, -0.4030, -0.1007,  0.3690,  0.2954, -0.1190,  0.1546,  0.1586],
        [-0.1305,  0.1224, -0.2026,  0.0071,  0.0603,  0.1407,  0.0898,  0.3590,
          0.1759,  0.3002,  0.2264, -0.1969, -0.0709, -0.2488, -0.1094, -0.1426],
        [-0.0326,  0.1457, -0.3860,  0.4217,  0.1627,  0.0179,  0.2934, -0.0132,
          0.2650,  0.2129, -0.1383, -0.1020, -0.2627,  0.1116,  0.0114, -0.0757],
        [ 0.3960,  0.1945,  0.4354, -0.2037,  0.1185, -0.2560, -0.2216, -0.2495,
         -0.2602, -0.0255, -0.0111,  0.0718, -0.0213,  0.2318, -0.0018,  0.1584],
        [-0.0427,  0.3097,  0.3770, -0.3629, -0.1547, -0.3353, -0.1176, -0.2551,
         -0.1864, -0.2126, -0.0659,  0.0252,  0.2639, -0.0812,  0.1694,  0.3625],
        [ 0.0606,  0.2973,  0.3297, -0.2718,  0.0189, -0.3893, -0.1948, -0.1235,
          0.0296, -0.3130, -0.1023,  0.0840, -0.0662,  0.1448,  0.0268,  0.0926],
        [-0.3150, -0.0817, -0.1253,  0.0092, -0.0349,  0.2012,  0.0845,  0.2623,
          0.2849, -0.0028,  0.2322, -0.0303, -0.2769, -0.0847, -0.2061, -0.1913],
        [-0.3708,  0.0790, -0.0817, -0.0271, -0.1658,  0.4597,  0.2564,  0.1289,
          0.3458,  0.2453,  0.0588,  0.0033, -0.1726,  0.1318, -0.3986, -0.3259],
        [-0.1477, -0.1371, -0.0464,  0.1065,  0.1245,  0.1582,  0.4006,  0.1727,
          0.1804,  0.3413,  0.1442,  0.0408, -0.4156, -0.2037, -0.2702, -0.1954],
        [ 0.3778,  0.2156,  0.2122, -0.2106,  0.0657, -0.0420, -0.1343, -0.3504,
         -0.3544, -0.1250, -0.1146,  0.0518, -0.0087,  0.2099,  0.1928,  0.0359],
        [ 0.2432,  0.3504,  0.4031, -0.0394, -0.1877, -0.0721, -0.0862, -0.0978,
         -0.2347, -0.1752, -0.2094,  0.1347,  0.1476,  0.0830, -0.0193,  0.2514],
        [-0.3991, -0.2979, -0.0942, -0.0253,  0.2137,  0.4518,  0.1313,  0.1306,
         -0.0278,  0.1840,  0.1202, -0.3207, -0.0977, -0.1237, -0.2939, -0.1683],
        [-0.0662, -0.1551,  0.1981,  0.0702, -0.2006, -0.0426, -0.1861, -0.3049,
         -0.1932, -0.0237,  0.0071,  0.4419,  0.1426, -0.0617,  0.4556,  0.0404],
        [ 0.3358,  0.2684,  0.2229, -0.3684, -0.2150, -0.0765, -0.1325, -0.0106,
         -0.3650, -0.1865,  0.1445,  0.2923,  0.3561,  0.2911,  0.1383, -0.0192],
        [-0.3179, -0.0158, -0.2695,  0.1555, -0.0041,  0.3414,  0.3216,  0.2848,
          0.1415,  0.2846, -0.0432, -0.2516, -0.1769, -0.2269,  0.0332, -0.1843],
        [ 0.2500,  0.1214,  0.1761, -0.3091, -0.0185, -0.4147, -0.3168,  0.0195,
         -0.3963, -0.1293, -0.0338, -0.0749,  0.2059,  0.2559,  0.3771,  0.2007],
        [ 0.3904,  0.1301,  0.2935, -0.1056, -0.1825, -0.2691, -0.3830,  0.0222,
         -0.0448, -0.2738, -0.0583,  0.2529, -0.0644,  0.1056,  0.3364,  0.2011],
        [-0.2129,  0.0746, -0.0801, -0.0408,  0.1505,  0.0154,  0.3491,  0.4001,
          0.2056,  0.0834, -0.0677, -0.3064, -0.2185, -0.2288,  0.0217, -0.2610],
        [-0.0824, -0.3321, -0.0613,  0.3903, -0.1415,  0.1431,  0.2615, -0.0599,
          0.0161,  0.2499,  0.2416, -0.2625, -0.1642, -0.3406, -0.4578,  0.0648],
        [ 0.3767,  0.0267,  0.0684, -0.1675,  0.1506, -0.4242, -0.3156, -0.2176,
         -0.2367, -0.1476,  0.1268,  0.2033, -0.1021,  0.3111,  0.3849,  0.2226],
        [ 0.2767,  0.1972,  0.3624, -0.3811, -0.0941, -0.2035, -0.2109, -0.2757,
         -0.3477, -0.3226, -0.0991,  0.3372,  0.2621,  0.1492,  0.0130,  0.0399],
        [ 0.2390, -0.1384,  0.2009, -0.1523,  0.1824, -0.3042,  0.0027, -0.2044,
         -0.3806,  0.0515,  0.1757,  0.0236,  0.0664,  0.2530,  0.0989,  0.3320],
        [ 0.0843,  0.0150,  0.1317,  0.0459, -0.0840, -0.2770, -0.0755, -0.3730,
         -0.1975, -0.3721, -0.2926,  0.1468,  0.2139,  0.3541,  0.0025,  0.0910],
        [ 0.2330,  0.2004,  0.3165, -0.3542, -0.0125, -0.1267, -0.3810, -0.0067,
         -0.3651,  0.0126,  0.0103,  0.0749,  0.2084,  0.2968,  0.3701,  0.3004],
        [-0.3393, -0.0356, -0.0052,  0.2204,  0.2087,  0.0576,  0.3926,  0.1780,
         -0.0492,  0.0981,  0.2107, -0.2786, -0.2213, -0.1975, -0.3560, -0.1098],
        [ 0.3238,  0.1408,  0.1595, -0.1416, -0.1902, -0.3233, -0.1720, -0.3492,
         -0.0181, -0.1086,  0.0089,  0.1445,  0.3229,  0.3117,  0.3075,  0.2727],
        [-0.2882,  0.0044, -0.3375,  0.2614, -0.2287,  0.1824,  0.3613,  0.3005,
          0.3483,  0.2288,  0.1798, -0.0799,  0.0411,  0.0469, -0.1120, -0.2320],
        [-0.3023, -0.1730, -0.0648,  0.0309,  0.0631,  0.4189,  0.4074, -0.0215,
          0.2218,  0.3184, -0.1996, -0.0138, -0.2980, -0.2675, -0.3085, -0.2505],
        [ 0.0873,  0.1996,  0.2889, -0.0895,  0.1677, -0.3651, -0.4481, -0.3893,
         -0.3106, -0.2915,  0.0388,  0.0048,  0.0011,  0.2652,  0.0607,  0.2077]],
       device='cuda:0', requires_grad=True)

Parameter name: road_linear_0.bias
Shape: torch.Size([32])
Values: Parameter containing:
tensor([-0.0797, -0.0759,  0.2015, -0.0140, -0.1068, -0.0496,  0.0893,  0.0763,
        -0.0097, -0.0765, -0.0459,  0.0396,  0.1460,  0.1169, -0.0331,  0.0030,
        -0.1268,  0.0085,  0.1320,  0.0338, -0.0277, -0.1938,  0.0026, -0.0381,
        -0.0167,  0.2438,  0.1384,  0.0017, -0.0351, -0.1631, -0.0006,  0.0469],
       device='cuda:0', requires_grad=True)

Parameter name: road_linear_1.weight
Shape: torch.Size([1, 32])
Values: Parameter containing:
tensor([[-0.2068,  0.3012, -0.2240, -0.2558,  0.2917,  0.3362, -0.2744, -0.3754,
         -0.2998,  0.3285,  0.2617,  0.3764, -0.2436, -0.3776,  0.2984, -0.1823,
         -0.2961,  0.3350, -0.2271, -0.2405,  0.3664,  0.3560, -0.3719, -0.3755,
         -0.2851, -0.3158, -0.3174,  0.3453, -0.3626,  0.3823,  0.2976, -0.2359]],
       device='cuda:0', requires_grad=True)

Parameter name: linear_0.weight
Shape: torch.Size([32, 39])
Values: Parameter containing:
tensor([[-0.0098, -0.0016,  0.0253,  ...,  0.2096, -0.3597, -0.1137],
        [-0.0805, -0.1880,  0.0822,  ...,  0.1460, -0.3340,  0.0871],
        [-0.0553,  0.1558,  0.0919,  ...,  0.0096,  0.2421,  0.0345],
        ...,
        [ 0.0430, -0.1543,  0.0122,  ...,  0.0679, -0.2877, -0.1180],
        [ 0.0328, -0.0726,  0.0077,  ..., -0.3047,  0.1323,  0.1557],
        [-0.0862,  0.1597,  0.0130,  ..., -0.1734,  0.0715, -0.0509]],
       device='cuda:0', requires_grad=True)

Parameter name: linear_0.bias
Shape: torch.Size([32])
Values: Parameter containing:
tensor([ 0.0510,  0.0543, -0.0934, -0.1202, -0.0574,  0.0458, -0.1294,  0.0621,
        -0.0461,  0.0925,  0.0335,  0.0077,  0.0094,  0.0629, -0.0784, -0.0203,
         0.0465, -0.1419, -0.0324, -0.0149, -0.1088,  0.0486,  0.0817, -0.0067,
        -0.0851,  0.0670,  0.0241, -0.0958,  0.0641,  0.1475,  0.1356, -0.0662],
       device='cuda:0', requires_grad=True)

Parameter name: linear_1.weight
Shape: torch.Size([32, 32])
Values: Parameter containing:
tensor([[ 0.0328, -0.1998, -0.0772,  ..., -0.1462, -0.0115,  0.2670],
        [-0.2426, -0.0481,  0.1074,  ..., -0.0768,  0.0007,  0.2747],
        [ 0.1697, -0.0161, -0.1797,  ...,  0.0879, -0.0274, -0.0727],
        ...,
        [ 0.1577,  0.1153,  0.0782,  ...,  0.2696, -0.2267,  0.0511],
        [-0.0585, -0.1774,  0.0801,  ..., -0.0030,  0.2529,  0.0906],
        [-0.0242, -0.1251,  0.2143,  ...,  0.0448,  0.1438,  0.1355]],
       device='cuda:0', requires_grad=True)

Parameter name: linear_1.bias
Shape: torch.Size([32])
Values: Parameter containing:
tensor([ 0.0876,  0.1228, -0.0359, -0.0553, -0.0315, -0.0352, -0.0326, -0.0625,
         0.1101, -0.1759,  0.1221, -0.1327,  0.1648, -0.0184, -0.1426,  0.1058,
        -0.1275, -0.1542,  0.0134, -0.0297,  0.0083,  0.1082, -0.1898,  0.2026,
        -0.0691, -0.0282,  0.0877, -0.0363, -0.1123, -0.0605,  0.1117,  0.0014],
       device='cuda:0', requires_grad=True)

Parameter name: linear_2.weight
Shape: torch.Size([1, 32])
Values: Parameter containing:
tensor([[ 0.5360,  0.4603, -0.5390, -0.5417,  0.3869,  0.3953, -0.4431,  0.4521,
          0.4514, -0.4749, -0.4648,  0.4255,  0.4476, -0.3889,  0.4686,  0.4173,
         -0.5463, -0.5373,  0.4144,  0.4318, -0.4999, -0.4728, -0.5362,  0.3714,
          0.5109,  0.5369, -0.5112,  0.5795, -0.4467, -0.5284,  0.5136,  0.5281]],
       device='cuda:0', requires_grad=True)

Parameter name: linear_2.bias
Shape: torch.Size([1])
Values: Parameter containing:
tensor([0.2558], device='cuda:0', requires_grad=True)

Parameter name: road_linear_0.weight
Shape: torch.Size([32, 16])
Values: Parameter containing:
tensor([[ 0.0168,  0.3467,  0.3274, -0.3480, -0.0360, -0.1861, -0.0816, -0.4002,
         -0.1863, -0.0831,  0.0371,  0.1799,  0.0723, -0.0465,  0.3306,  0.3607],
        [-0.2829, -0.3340, -0.1342,  0.0184, -0.1511,  0.2950,  0.2037,  0.1796,
          0.4120,  0.1371,  0.2146, -0.2792, -0.0142, -0.0563, -0.0156, -0.0842],
        [ 0.0994,  0.2380,  0.4028, -0.1374,  0.1301, -0.3780, -0.0742, -0.4228,
          0.0458, -0.0757, -0.0848, -0.0569,  0.4064,  0.3095,  0.4413,  0.2584],
        [ 0.2968,  0.0641,  0.1115, -0.0942,  0.0926, -0.2379, -0.1852, -0.1053,
         -0.4159, -0.4030, -0.1007,  0.3690,  0.2955, -0.1190,  0.1546,  0.1586],
        [-0.1305,  0.1224, -0.2026,  0.0071,  0.0603,  0.1407,  0.0898,  0.3590,
          0.1759,  0.3002,  0.2264, -0.1969, -0.0709, -0.2488, -0.1094, -0.1426],
        [-0.0326,  0.1457, -0.3860,  0.4217,  0.1627,  0.0179,  0.2934, -0.0132,
          0.2650,  0.2129, -0.1383, -0.1020, -0.2627,  0.1116,  0.0114, -0.0757],
        [ 0.3960,  0.1945,  0.4354, -0.2037,  0.1185, -0.2560, -0.2216, -0.2495,
         -0.2602, -0.0255, -0.0111,  0.0718, -0.0213,  0.2318, -0.0018,  0.1584],
        [-0.0427,  0.3097,  0.3770, -0.3629, -0.1547, -0.3353, -0.1176, -0.2551,
         -0.1864, -0.2126, -0.0658,  0.0252,  0.2639, -0.0812,  0.1694,  0.3625],
        [ 0.0606,  0.2973,  0.3297, -0.2718,  0.0189, -0.3893, -0.1948, -0.1235,
          0.0296, -0.3130, -0.1023,  0.0840, -0.0662,  0.1448,  0.0268,  0.0926],
        [-0.3150, -0.0817, -0.1253,  0.0092, -0.0349,  0.2012,  0.0845,  0.2623,
          0.2849, -0.0028,  0.2322, -0.0303, -0.2769, -0.0847, -0.2061, -0.1913],
        [-0.3708,  0.0790, -0.0817, -0.0271, -0.1658,  0.4597,  0.2564,  0.1289,
          0.3458,  0.2453,  0.0587,  0.0033, -0.1726,  0.1318, -0.3986, -0.3259],
        [-0.1477, -0.1371, -0.0464,  0.1065,  0.1245,  0.1582,  0.4006,  0.1727,
          0.1804,  0.3412,  0.1442,  0.0408, -0.4156, -0.2037, -0.2702, -0.1954],
        [ 0.3778,  0.2156,  0.2122, -0.2106,  0.0657, -0.0420, -0.1343, -0.3504,
         -0.3544, -0.1250, -0.1146,  0.0518, -0.0087,  0.2099,  0.1928,  0.0359],
        [ 0.2432,  0.3504,  0.4031, -0.0394, -0.1877, -0.0721, -0.0862, -0.0978,
         -0.2347, -0.1752, -0.2094,  0.1347,  0.1476,  0.0830, -0.0193,  0.2514],
        [-0.3991, -0.2979, -0.0942, -0.0253,  0.2137,  0.4518,  0.1313,  0.1306,
         -0.0278,  0.1840,  0.1202, -0.3207, -0.0977, -0.1237, -0.2939, -0.1683],
        [-0.0662, -0.1551,  0.1981,  0.0702, -0.2006, -0.0426, -0.1861, -0.3049,
         -0.1932, -0.0237,  0.0071,  0.4419,  0.1426, -0.0617,  0.4556,  0.0404],
        [ 0.3358,  0.2684,  0.2229, -0.3684, -0.2150, -0.0765, -0.1325, -0.0106,
         -0.3650, -0.1864,  0.1445,  0.2923,  0.3561,  0.2911,  0.1383, -0.0192],
        [-0.3179, -0.0158, -0.2695,  0.1555, -0.0041,  0.3414,  0.3216,  0.2848,
          0.1415,  0.2846, -0.0432, -0.2516, -0.1769, -0.2269,  0.0332, -0.1843],
        [ 0.2500,  0.1214,  0.1761, -0.3091, -0.0185, -0.4147, -0.3168,  0.0195,
         -0.3963, -0.1293, -0.0338, -0.0749,  0.2059,  0.2559,  0.3771,  0.2007],
        [ 0.3904,  0.1301,  0.2935, -0.1056, -0.1825, -0.2691, -0.3830,  0.0222,
         -0.0448, -0.2738, -0.0583,  0.2529, -0.0644,  0.1056,  0.3364,  0.2011],
        [-0.2129,  0.0746, -0.0801, -0.0408,  0.1505,  0.0154,  0.3491,  0.4001,
          0.2056,  0.0834, -0.0677, -0.3064, -0.2185, -0.2288,  0.0217, -0.2609],
        [-0.0824, -0.3321, -0.0613,  0.3903, -0.1415,  0.1431,  0.2615, -0.0599,
          0.0161,  0.2499,  0.2416, -0.2625, -0.1642, -0.3406, -0.4578,  0.0648],
        [ 0.3767,  0.0267,  0.0684, -0.1675,  0.1506, -0.4242, -0.3156, -0.2176,
         -0.2367, -0.1476,  0.1268,  0.2033, -0.1021,  0.3111,  0.3849,  0.2226],
        [ 0.2767,  0.1972,  0.3624, -0.3811, -0.0941, -0.2035, -0.2109, -0.2757,
         -0.3477, -0.3226, -0.0991,  0.3372,  0.2621,  0.1492,  0.0130,  0.0399],
        [ 0.2390, -0.1384,  0.2009, -0.1523,  0.1824, -0.3041,  0.0027, -0.2044,
         -0.3806,  0.0515,  0.1757,  0.0236,  0.0664,  0.2530,  0.0989,  0.3320],
        [ 0.0843,  0.0150,  0.1316,  0.0459, -0.0840, -0.2770, -0.0755, -0.3730,
         -0.1975, -0.3721, -0.2926,  0.1468,  0.2139,  0.3541,  0.0025,  0.0910],
        [ 0.2330,  0.2004,  0.3165, -0.3542, -0.0125, -0.1267, -0.3810, -0.0067,
         -0.3651,  0.0126,  0.0103,  0.0749,  0.2084,  0.2968,  0.3701,  0.3004],
        [-0.3393, -0.0356, -0.0052,  0.2204,  0.2087,  0.0576,  0.3926,  0.1780,
         -0.0492,  0.0980,  0.2107, -0.2786, -0.2213, -0.1975, -0.3560, -0.1098],
        [ 0.3238,  0.1408,  0.1595, -0.1416, -0.1902, -0.3233, -0.1720, -0.3492,
         -0.0181, -0.1086,  0.0089,  0.1445,  0.3229,  0.3117,  0.3075,  0.2727],
        [-0.2882,  0.0044, -0.3375,  0.2614, -0.2287,  0.1824,  0.3613,  0.3005,
          0.3483,  0.2288,  0.1798, -0.0799,  0.0411,  0.0469, -0.1120, -0.2320],
        [-0.3023, -0.1730, -0.0648,  0.0309,  0.0632,  0.4189,  0.4074, -0.0215,
          0.2218,  0.3184, -0.1996, -0.0138, -0.2980, -0.2675, -0.3085, -0.2505],
        [ 0.0873,  0.1996,  0.2889, -0.0895,  0.1677, -0.3651, -0.4481, -0.3893,
         -0.3106, -0.2915,  0.0388,  0.0048,  0.0011,  0.2652,  0.0607,  0.2077]],
       device='cuda:0', requires_grad=True)

Parameter name: road_linear_0.bias
Shape: torch.Size([32])
Values: Parameter containing:
tensor([-0.0797, -0.0759,  0.2015, -0.0140, -0.1068, -0.0496,  0.0893,  0.0763,
        -0.0097, -0.0765, -0.0459,  0.0396,  0.1460,  0.1169, -0.0331,  0.0030,
        -0.1268,  0.0085,  0.1320,  0.0338, -0.0277, -0.1938,  0.0026, -0.0381,
        -0.0167,  0.2438,  0.1384,  0.0017, -0.0351, -0.1631, -0.0006,  0.0469],
       device='cuda:0', requires_grad=True)

Parameter name: road_linear_1.weight
Shape: torch.Size([1, 32])
Values: Parameter containing:
tensor([[-0.2068,  0.3012, -0.2240, -0.2558,  0.2917,  0.3362, -0.2744, -0.3754,
         -0.2998,  0.3285,  0.2617,  0.3764, -0.2436, -0.3776,  0.2984, -0.1823,
         -0.2961,  0.3350, -0.2271, -0.2405,  0.3664,  0.3560, -0.3719, -0.3755,
         -0.2851, -0.3158, -0.3174,  0.3453, -0.3626,  0.3823,  0.2976, -0.2359]],
       device='cuda:0', requires_grad=True)

Parameter name: linear_0.weight
Shape: torch.Size([32, 39])
Values: Parameter containing:
tensor([[-0.0098, -0.0016,  0.0253,  ...,  0.2096, -0.3597, -0.1137],
        [-0.0805, -0.1880,  0.0822,  ...,  0.1460, -0.3340,  0.0871],
        [-0.0553,  0.1558,  0.0919,  ...,  0.0096,  0.2421,  0.0345],
        ...,
        [ 0.0430, -0.1543,  0.0122,  ...,  0.0679, -0.2877, -0.1180],
        [ 0.0328, -0.0726,  0.0077,  ..., -0.3047,  0.1323,  0.1557],
        [-0.0862,  0.1597,  0.0130,  ..., -0.1734,  0.0715, -0.0509]],
       device='cuda:0', requires_grad=True)

Parameter name: linear_0.bias
Shape: torch.Size([32])
Values: Parameter containing:
tensor([ 0.0510,  0.0543, -0.0934, -0.1202, -0.0574,  0.0458, -0.1294,  0.0621,
        -0.0461,  0.0925,  0.0335,  0.0077,  0.0094,  0.0629, -0.0784, -0.0203,
         0.0465, -0.1419, -0.0324, -0.0149, -0.1088,  0.0486,  0.0817, -0.0067,
        -0.0851,  0.0670,  0.0241, -0.0958,  0.0641,  0.1475,  0.1356, -0.0662],
       device='cuda:0', requires_grad=True)

Parameter name: linear_1.weight
Shape: torch.Size([32, 32])
Values: Parameter containing:
tensor([[ 0.0328, -0.1998, -0.0772,  ..., -0.1462, -0.0115,  0.2670],
        [-0.2426, -0.0481,  0.1074,  ..., -0.0768,  0.0007,  0.2747],
        [ 0.1697, -0.0161, -0.1797,  ...,  0.0879, -0.0274, -0.0727],
        ...,
        [ 0.1577,  0.1153,  0.0782,  ...,  0.2696, -0.2267,  0.0511],
        [-0.0585, -0.1774,  0.0801,  ..., -0.0030,  0.2529,  0.0906],
        [-0.0242, -0.1251,  0.2143,  ...,  0.0448,  0.1438,  0.1355]],
       device='cuda:0', requires_grad=True)

Parameter name: linear_1.bias
Shape: torch.Size([32])
Values: Parameter containing:
tensor([ 0.0876,  0.1228, -0.0359, -0.0553, -0.0315, -0.0352, -0.0326, -0.0625,
         0.1101, -0.1759,  0.1221, -0.1327,  0.1648, -0.0184, -0.1426,  0.1058,
        -0.1275, -0.1542,  0.0134, -0.0297,  0.0083,  0.1082, -0.1898,  0.2026,
        -0.0691, -0.0282,  0.0877, -0.0363, -0.1123, -0.0605,  0.1117,  0.0014],
       device='cuda:0', requires_grad=True)

Parameter name: linear_2.weight
Shape: torch.Size([1, 32])
Values: Parameter containing:
tensor([[ 0.5360,  0.4603, -0.5390, -0.5417,  0.3869,  0.3953, -0.4431,  0.4521,
          0.4514, -0.4749, -0.4648,  0.4255,  0.4476, -0.3889,  0.4686,  0.4173,
         -0.5463, -0.5373,  0.4144,  0.4318, -0.4999, -0.4728, -0.5362,  0.3714,
          0.5109,  0.5369, -0.5112,  0.5795, -0.4467, -0.5284,  0.5136,  0.5281]],
       device='cuda:0', requires_grad=True)

Parameter name: linear_2.bias
Shape: torch.Size([1])
Values: Parameter containing:
tensor([0.2558], device='cuda:0', requires_grad=True)

Parameter name: road_linear_0.weight
Shape: torch.Size([32, 16])
Values: Parameter containing:
tensor([[-4.2628e-03,  3.3644e-01,  3.0710e-01, -2.9964e-01, -3.5328e-01,
         -2.0483e-01, -8.3869e-02, -4.9676e-01, -2.7390e-01, -7.2530e-02,
         -1.3130e-05,  2.6186e-01,  1.2024e-01, -4.3573e-02,  5.8494e-02,
          3.5553e-01],
        [-2.5321e-01, -3.1899e-01, -1.0657e-01, -2.1786e-02,  9.3595e-02,
          2.8801e-01,  1.9277e-01,  2.4312e-01,  4.7110e-01,  1.4292e-01,
          2.6188e-01, -3.2263e-01, -3.3730e-02, -7.0018e-02,  2.3514e-01,
         -7.4341e-02],
        [ 7.8957e-02,  2.2630e-01,  3.8092e-01, -9.6087e-02, -2.1224e-01,
         -3.8444e-01, -7.5122e-02, -5.1644e-01, -5.1274e-02, -7.2409e-02,
         -1.1483e-01,  7.3105e-03,  4.4880e-01,  3.5487e-01,  1.6926e-01,
          2.5396e-01],
        [ 2.7384e-01,  5.2041e-02,  8.9201e-02, -5.7942e-02, -1.8136e-01,
         -2.4041e-01, -1.8323e-01, -1.9154e-01, -5.0666e-01, -4.1373e-01,
         -9.4800e-02,  4.3551e-01,  3.2124e-01, -8.7536e-02, -9.7316e-02,
          1.5014e-01],
        [-9.3224e-02,  1.0766e-01, -1.7154e-01, -4.4083e-02,  2.9233e-01,
          1.2831e-01,  7.0366e-02,  4.1571e-01,  2.2531e-01,  3.0443e-01,
          2.9417e-01, -2.2809e-01, -8.8844e-02, -2.6610e-01,  1.6661e-01,
         -1.4753e-01],
        [-8.5284e-03,  1.4617e-01, -3.6492e-01,  3.8895e-01,  4.6552e-01,
          1.8007e-02,  2.9105e-01,  5.9399e-02,  3.3244e-01,  2.2448e-01,
         -1.1597e-01, -1.5309e-01, -2.8519e-01,  1.0047e-01,  2.8514e-01,
         -7.2963e-02],
        [ 3.7705e-01,  9.9683e-02,  4.1631e-01, -1.7618e-01, -1.7188e-01,
         -2.5512e-01, -2.1147e-01, -3.2568e-01, -3.3706e-01, -3.9694e-02,
         -3.5658e-02,  1.2734e-01, -2.4044e-02,  2.6171e-01, -1.6406e-01,
          1.5443e-01],
        [-5.9055e-02,  2.5023e-01,  3.6056e-01, -3.4334e-01, -4.3221e-01,
         -3.3113e-01, -1.0933e-01, -3.3378e-01, -2.6204e-01, -2.2519e-01,
         -8.3255e-02,  8.1910e-02,  2.7840e-01, -5.8054e-02,  2.6934e-02,
          3.5495e-01],
        [ 4.3473e-02,  2.9158e-01,  3.1448e-01, -2.3715e-01, -1.6525e-01,
         -3.9348e-01, -2.0036e-01, -1.8851e-01, -3.4757e-02, -3.3214e-01,
         -2.3781e-01,  1.2260e-01, -2.1434e-02,  2.0412e-01, -2.2899e-01,
          9.6083e-02],
        [-2.9094e-01, -8.5319e-02, -1.0469e-01, -2.7432e-02,  2.0440e-01,
          2.0398e-01,  8.3494e-02,  3.3611e-01,  3.5452e-01,  1.3009e-02,
          3.0584e-01, -7.6877e-02, -3.1483e-01, -1.1595e-01,  6.8493e-02,
         -1.9496e-01],
        [-3.6162e-01,  6.7163e-02, -7.2840e-02, -4.5762e-02,  9.2205e-02,
          4.7642e-01,  2.6680e-01,  2.2321e-01,  4.4044e-01,  2.7145e-01,
          1.0915e-01, -6.9638e-02, -2.0135e-01,  7.8135e-02, -1.0283e-01,
         -3.3258e-01],
        [-1.3199e-01, -1.4534e-01, -3.4576e-02,  8.0720e-02,  2.8660e-01,
          1.6673e-01,  4.0315e-01,  2.4332e-01,  2.4534e-01,  3.6736e-01,
          2.2537e-01, -4.3177e-03, -4.2041e-01, -2.7859e-01, -3.4634e-02,
         -2.0635e-01],
        [ 3.3801e-01,  2.2372e-01,  1.7458e-01, -1.5676e-01, -2.8427e-01,
         -4.2522e-02, -1.2961e-01, -4.6120e-01, -4.3222e-01, -1.2723e-01,
         -1.3597e-01,  1.2621e-01,  6.7210e-03,  2.0968e-01, -1.4341e-01,
          3.0186e-02],
        [ 2.1521e-01,  3.1815e-01,  3.7736e-01, -4.6762e-03, -4.1630e-01,
         -6.1903e-02, -7.1152e-02, -1.5064e-01, -2.8700e-01, -1.8135e-01,
         -2.5169e-01,  1.6800e-01,  1.5919e-01,  9.8840e-02, -2.2962e-01,
          2.4096e-01],
        [-3.7816e-01, -2.7838e-01, -7.3553e-02, -5.4981e-02,  4.8360e-01,
          4.5013e-01,  1.2638e-01,  2.0504e-01,  4.4977e-02,  1.9516e-01,
          1.6225e-01, -3.7320e-01, -1.2433e-01, -1.4925e-01, -7.5398e-02,
         -1.6165e-01],
        [-8.1669e-02, -1.0426e-01,  1.9339e-01,  1.1293e-01, -4.9294e-01,
         -9.1731e-02, -2.2724e-01, -4.5202e-01, -3.2019e-01, -6.9987e-02,
         -9.2704e-02,  5.0648e-01,  2.2737e-01,  5.3901e-03,  1.8314e-01,
          5.8649e-02],
        [ 3.1995e-01,  2.5211e-01,  2.0817e-01, -3.4442e-01, -4.7357e-01,
         -8.0996e-02, -1.3306e-01, -8.6692e-02, -4.4384e-01, -2.0429e-01,
          1.2213e-01,  3.5325e-01,  3.9903e-01,  3.2323e-01, -4.3747e-02,
         -2.3995e-02],
        [-2.9865e-01,  8.3628e-03, -2.5133e-01,  1.3260e-01,  2.3515e-01,
          3.3422e-01,  3.1101e-01,  3.4678e-01,  2.0987e-01,  2.9642e-01,
         -2.1772e-02, -2.9775e-01, -1.9281e-01, -2.5952e-01,  1.8361e-01,
         -1.7755e-01],
        [ 2.1586e-01,  9.4356e-02,  1.3943e-01, -2.5283e-01, -3.5446e-01,
         -4.1271e-01, -3.1086e-01, -7.3265e-02, -4.9802e-01, -1.0962e-01,
         -8.3182e-02, -1.3643e-02,  2.7269e-01,  3.0447e-01,  1.2511e-01,
          1.7619e-01],
        [ 3.7862e-01,  1.1763e-01,  2.8044e-01, -7.9754e-02, -4.3979e-01,
         -2.7850e-01, -3.9025e-01, -6.7052e-02, -1.3402e-01, -2.9336e-01,
         -1.2564e-01,  3.1827e-01, -1.8348e-02,  1.5240e-01,  1.2203e-01,
          2.0095e-01],
        [-1.8069e-01,  7.4223e-02, -5.1551e-02, -8.1147e-02,  3.8256e-01,
         -1.7182e-03,  3.2965e-01,  4.3774e-01,  2.4148e-01,  8.2851e-02,
         -3.3331e-02, -3.2669e-01, -2.2557e-01, -2.3298e-01,  2.7007e-01,
         -2.5375e-01],
        [-7.7787e-02, -3.1754e-01, -5.6255e-02,  3.7048e-01,  9.6315e-02,
          1.6295e-01,  2.8770e-01,  3.3412e-02,  1.0522e-01,  2.8218e-01,
          3.6131e-01, -3.2492e-01, -2.3782e-01, -4.0364e-01, -1.9374e-01,
          5.5012e-02],
        [ 3.7083e-01,  1.6548e-02,  6.2246e-02, -1.5624e-01, -1.0160e-01,
         -4.3495e-01, -3.2542e-01, -3.0188e-01, -3.2270e-01, -1.7290e-01,
          8.6554e-02,  2.6714e-01, -5.5943e-02,  3.5775e-01,  2.1154e-01,
          2.2522e-01],
        [ 2.6064e-01,  1.8738e-01,  3.4721e-01, -3.6391e-01, -3.2174e-01,
         -1.9661e-01, -2.0412e-01, -3.4709e-01, -4.2064e-01, -3.3486e-01,
         -7.7384e-02,  3.9027e-01,  2.7737e-01,  1.7703e-01, -1.2614e-01,
          2.9653e-02],
        [ 2.1409e-01, -1.3140e-01,  1.7965e-01, -1.0997e-01, -6.3686e-02,
         -3.0790e-01,  6.3982e-03, -2.7108e-01, -4.5093e-01,  3.4954e-02,
          9.7744e-02,  7.3245e-02,  1.0529e-01,  2.8230e-01, -2.0238e-01,
          3.3973e-01],
        [ 4.2335e-02,  9.1253e-03,  9.2700e-02,  9.4249e-02, -3.3536e-01,
         -2.4972e-01, -4.2971e-02, -4.0999e-01, -2.3022e-01, -3.6407e-01,
         -3.3356e-01,  1.6557e-01,  2.1027e-01,  3.4865e-01, -2.5732e-01,
          7.9321e-02],
        [ 2.2684e-01,  1.8004e-01,  3.0940e-01, -3.4196e-01, -2.7903e-01,
         -1.3694e-01, -3.8915e-01, -9.6968e-02, -4.5646e-01, -1.1279e-02,
         -2.0923e-02,  1.4358e-01,  2.5448e-01,  3.3874e-01,  2.0884e-01,
          3.0074e-01],
        [-3.2196e-01, -3.5399e-02,  9.3479e-03,  1.9380e-01,  4.2792e-01,
          6.7527e-02,  3.9656e-01,  2.6287e-01,  2.6965e-02,  1.2050e-01,
          2.6887e-01, -3.3688e-01, -2.5741e-01, -2.4131e-01, -1.1876e-01,
         -1.1475e-01],
        [ 3.0896e-01,  1.4927e-01,  1.4615e-01, -1.2378e-01, -4.0655e-01,
         -3.2693e-01, -1.7372e-01, -4.2150e-01, -9.0413e-02, -1.2642e-01,
          1.8048e-02,  2.0038e-01,  3.2665e-01,  3.5253e-01,  9.5816e-02,
          2.7019e-01],
        [-2.7724e-01,  3.7648e-02, -3.2626e-01,  2.4676e-01,  2.3378e-02,
          1.8287e-01,  3.6049e-01,  3.7597e-01,  4.2499e-01,  2.4755e-01,
          2.1853e-01, -1.3478e-01,  1.5214e-02,  9.7501e-03,  3.8804e-02,
         -2.3183e-01],
        [-2.9154e-01, -1.6829e-01, -5.4140e-02,  1.0856e-02,  3.0922e-01,
          4.2879e-01,  4.1298e-01,  5.8697e-02,  3.0569e-01,  3.4068e-01,
         -1.5108e-01, -7.4966e-02, -3.4288e-01, -3.1662e-01, -1.0461e-01,
         -2.5137e-01],
        [ 5.9625e-02,  1.5916e-01,  2.6063e-01, -3.7910e-02, -1.0963e-01,
         -3.6145e-01, -4.3554e-01, -4.6415e-01, -3.9431e-01, -2.8235e-01,
         -9.5034e-03,  5.4762e-02,  2.5087e-02,  3.0896e-01, -1.4457e-01,
          1.9498e-01]], device='cuda:0', requires_grad=True)

Parameter name: road_linear_0.bias
Shape: torch.Size([32])
Values: Parameter containing:
tensor([-0.0445, -0.0182,  0.1148, -0.0278, -0.0759, -0.1093,  0.0765,  0.0883,
        -0.0219, -0.0726, -0.0170,  0.0553,  0.1598,  0.0829,  0.0099, -0.0224,
        -0.0475, -0.0070,  0.0979,  0.0094, -0.0620, -0.1405, -0.0225, -0.0007,
         0.0090,  0.1763,  0.1211,  0.0072, -0.0600, -0.1462,  0.0264, -0.0414],
       device='cuda:0', requires_grad=True)

Parameter name: road_linear_1.weight
Shape: torch.Size([1, 32])
Values: Parameter containing:
tensor([[-0.2420,  0.3300, -0.2362, -0.2718,  0.3359,  0.3770, -0.2887, -0.3920,
         -0.3189,  0.3598,  0.2738,  0.3825, -0.2763, -0.4054,  0.3132, -0.3210,
         -0.3303,  0.3387, -0.2380, -0.2568,  0.4163,  0.3178, -0.3799, -0.3850,
         -0.3454, -0.3511, -0.3205,  0.3624, -0.3686,  0.3888,  0.2984, -0.2446]],
       device='cuda:0', requires_grad=True)

Parameter name: linear_0.weight
Shape: torch.Size([32, 39])
Values: Parameter containing:
tensor([[-0.0145, -0.0106,  0.0452,  ...,  0.2365, -0.3762, -0.1137],
        [-0.0871, -0.1938,  0.0893,  ...,  0.1480, -0.3572,  0.0871],
        [-0.0392,  0.1781,  0.0712,  ..., -0.0056,  0.2800,  0.0345],
        ...,
        [ 0.0246, -0.1929,  0.0443,  ...,  0.0664, -0.3069, -0.1180],
        [ 0.0513, -0.0480, -0.0205,  ..., -0.3052,  0.1623,  0.1557],
        [-0.2059,  0.0475,  0.0040,  ...,  0.0418, -0.2537, -0.0509]],
       device='cuda:0', requires_grad=True)

Parameter name: linear_0.bias
Shape: torch.Size([32])
Values: Parameter containing:
tensor([ 0.0564,  0.0569, -0.0873, -0.1196, -0.0581,  0.0534, -0.1272,  0.0602,
        -0.0483,  0.0817,  0.0305,  0.0100,  0.0266,  0.0740, -0.0774, -0.0171,
         0.0488, -0.1504, -0.0295, -0.0242, -0.0746,  0.0465,  0.0893, -0.0065,
        -0.0875,  0.0873,  0.0331, -0.0870,  0.0482,  0.1378,  0.1476, -0.1060],
       device='cuda:0', requires_grad=True)

Parameter name: linear_1.weight
Shape: torch.Size([32, 32])
Values: Parameter containing:
tensor([[ 0.0138, -0.1954, -0.0741,  ..., -0.1211, -0.0212,  0.0680],
        [-0.2704, -0.0498,  0.1225,  ..., -0.0534,  0.0006,  0.0558],
        [ 0.1887, -0.0244, -0.1827,  ...,  0.0588, -0.0146,  0.1704],
        ...,
        [ 0.1698,  0.1007,  0.0847,  ...,  0.2318, -0.2058,  0.2442],
        [-0.0845, -0.1699,  0.0848,  ...,  0.0273,  0.2433, -0.1696],
        [-0.0528, -0.1296,  0.2207,  ...,  0.0671,  0.1401, -0.0343]],
       device='cuda:0', requires_grad=True)

Parameter name: linear_1.bias
Shape: torch.Size([32])
Values: Parameter containing:
tensor([ 0.0846,  0.1226, -0.0240, -0.0599, -0.0337, -0.0620, -0.0270, -0.0593,
         0.0951, -0.1362,  0.1352, -0.1259,  0.1515,  0.0580, -0.1341,  0.0881,
        -0.1188, -0.1461,  0.0031, -0.0131,  0.0060,  0.1087, -0.1847,  0.1735,
        -0.0629, -0.0305,  0.0899, -0.0411, -0.1098, -0.0542,  0.0962,  0.0040],
       device='cuda:0', requires_grad=True)

Parameter name: linear_2.weight
Shape: torch.Size([1, 32])
Values: Parameter containing:
tensor([[ 0.5768,  0.4996, -0.5763, -0.5785,  0.4441,  0.4351, -0.4908,  0.4851,
          0.5093, -0.5151, -0.4725,  0.4696,  0.4685,  0.4793,  0.5074,  0.4628,
         -0.5771, -0.5825,  0.4460,  0.4723, -0.5327, -0.5106, -0.5776,  0.4375,
          0.5614,  0.5839, -0.5604,  0.6100, -0.4892, -0.5736,  0.5566,  0.5763]],
       device='cuda:0', requires_grad=True)

Parameter name: linear_2.bias
Shape: torch.Size([1])
Values: Parameter containing:
tensor([0.2909], device='cuda:0', requires_grad=True)

Parameter name: road_linear_0.weight
Shape: torch.Size([32, 16])
Values: Parameter containing:
tensor([[ 0.0135,  0.0449,  0.2917, -0.3287, -0.2906, -0.1410, -0.0508, -0.4557,
         -0.2232, -0.0468,  0.1664,  0.1967,  0.0528, -0.0685, -0.1913,  0.3578],
        [-0.2649, -0.0570, -0.0997,  0.0141,  0.0466,  0.2425,  0.1631,  0.2079,
          0.4499,  0.1343,  0.0826, -0.2753, -0.0053, -0.0537,  0.4704, -0.0776],
        [ 0.0905, -0.0133,  0.3690, -0.1249, -0.1422, -0.3358, -0.0374, -0.4629,
          0.0014, -0.0577, -0.0885, -0.0502,  0.3992,  0.3184, -0.0665,  0.2563],
        [ 0.2734, -0.0680,  0.0689, -0.0810, -0.1075, -0.1732, -0.1318, -0.1300,
         -0.4571, -0.3872,  0.0177,  0.3609,  0.2866, -0.1236, -0.2936,  0.1363],
        [-0.1020,  0.3575, -0.1599, -0.0082,  0.2296,  0.0743,  0.0327,  0.3657,
          0.1858,  0.2930,  0.0764, -0.1682, -0.0490, -0.2413,  0.3852, -0.1501],
        [-0.0047,  0.3308, -0.3462,  0.4123,  0.3763, -0.0482,  0.2447, -0.0025,
          0.2835,  0.2046, -0.1063, -0.0885, -0.2279,  0.1250,  0.4540, -0.0689],
        [ 0.3739, -0.0207,  0.3956, -0.1966, -0.1111, -0.1980, -0.1632, -0.2728,
         -0.2871, -0.0190, -0.0067,  0.0664, -0.0687,  0.1763, -0.3607,  0.1435],
        [-0.0603,  0.1241,  0.3461, -0.3664, -0.3834, -0.2899, -0.0775, -0.2984,
         -0.2317, -0.2159, -0.0631,  0.0406,  0.2483, -0.1015, -0.1454,  0.3496],
        [ 0.0539, -0.0018,  0.3054, -0.2735, -0.1319, -0.3487, -0.1712, -0.1604,
         -0.0097, -0.3228,  0.0056,  0.0786, -0.0462,  0.1861, -0.4509,  0.1009],
        [-0.3037,  0.1876, -0.0999,  0.0128,  0.1475,  0.1548,  0.0503,  0.2902,
          0.3194,  0.0064,  0.1204, -0.0259, -0.2770, -0.1036,  0.2910, -0.2040],
        [-0.3663,  0.2328, -0.0572, -0.0180,  0.0309,  0.4189,  0.2290,  0.1728,
          0.3999,  0.2528,  0.0131, -0.0075, -0.2088,  0.0890,  0.0991, -0.3285],
        [-0.1308,  0.0383, -0.0160,  0.1072,  0.2214,  0.1144,  0.3512,  0.1864,
          0.1963,  0.3461,  0.0937,  0.0570, -0.4189, -0.2353,  0.1442, -0.1984],
        [ 0.3476, -0.0240,  0.1557, -0.1913, -0.1963,  0.0325, -0.0824, -0.3918,
         -0.3854, -0.1034, -0.1087,  0.0494, -0.0257,  0.1930, -0.4045,  0.0274],
        [ 0.2179,  0.0926,  0.3650, -0.0325, -0.3662, -0.0189, -0.0347, -0.1118,
         -0.2610, -0.1694, -0.1177,  0.1224,  0.1286,  0.0620, -0.4397,  0.2380],
        [-0.3875, -0.0440, -0.0651, -0.0211,  0.4402,  0.4102,  0.0993,  0.1723,
          0.0176,  0.1895,  0.0417, -0.3285, -0.1037, -0.1312,  0.1645, -0.1643],
        [-0.0351, -0.4270,  0.1911,  0.0420, -0.4503, -0.0090, -0.1896, -0.4092,
         -0.2933, -0.0566, -0.0640,  0.4385,  0.1724, -0.0403, -0.1085,  0.0854],
        [ 0.3182,  0.0893,  0.1904, -0.3651, -0.3886, -0.0237, -0.0798, -0.0287,
         -0.4100, -0.1809,  0.1825,  0.2917,  0.3432,  0.2607, -0.2005, -0.0374],
        [-0.2876,  0.1258, -0.2256,  0.1455,  0.1457,  0.2771,  0.2582,  0.2867,
          0.1561,  0.2732, -0.0477, -0.2350, -0.1375, -0.1844,  0.2854, -0.1603],
        [ 0.2385, -0.1059,  0.1394, -0.2913, -0.2522, -0.3681, -0.2693, -0.0144,
         -0.4429, -0.1029,  0.0098, -0.0714,  0.1963,  0.2462, -0.0751,  0.1867],
        [ 0.3803, -0.0814,  0.2593, -0.1054, -0.3845, -0.2262, -0.3479, -0.0235,
         -0.0941, -0.2731,  0.0875,  0.2572, -0.0421,  0.1090, -0.1117,  0.1912],
        [-0.1757,  0.2517, -0.0316, -0.0608,  0.3005, -0.0543,  0.2884,  0.3823,
          0.1986,  0.0660, -0.1031, -0.2682, -0.1871, -0.1957,  0.4204, -0.2461],
        [-0.1028,  0.0397, -0.0592,  0.4196,  0.0798,  0.1272,  0.2690,  0.0185,
          0.0991,  0.2856,  0.2216, -0.3017, -0.2244, -0.3949,  0.0241,  0.0431],
        [ 0.3724, -0.1641,  0.0475, -0.1824, -0.0489, -0.3931, -0.2892, -0.2667,
         -0.2919, -0.1618,  0.2011,  0.2229, -0.0728,  0.3167,  0.0225,  0.2188],
        [ 0.2494,  0.1118,  0.3234, -0.3746, -0.2204, -0.1428, -0.1500, -0.2890,
         -0.3773, -0.3081,  0.0091,  0.3337,  0.2509,  0.1101, -0.2204,  0.0050],
        [ 0.2197, -0.3867,  0.1686, -0.1459,  0.0037, -0.2464,  0.0513, -0.2112,
         -0.4007,  0.0499,  0.1827,  0.0099,  0.0556,  0.2645, -0.4185,  0.3444],
        [ 0.0452, -0.1941,  0.0785,  0.0674, -0.2610, -0.2038, -0.0152, -0.3616,
         -0.1929, -0.3539, -0.2721,  0.1129,  0.1889,  0.3291, -0.4696,  0.0772],
        [ 0.2237, -0.0218,  0.2863, -0.3608, -0.2166, -0.0918, -0.3411, -0.0557,
         -0.4154,  0.0074,  0.0437,  0.0899,  0.2276,  0.2617,  0.0318,  0.2854],
        [-0.3318,  0.1877,  0.0195,  0.2289,  0.3690,  0.0196,  0.3546,  0.2146,
         -0.0148,  0.1089,  0.0792, -0.2810, -0.2297, -0.2059,  0.0817, -0.1163],
        [ 0.3029,  0.0363,  0.1235, -0.1426, -0.3296, -0.2769, -0.1293, -0.3682,
         -0.0468, -0.1047,  0.1065,  0.1402,  0.3490,  0.3139, -0.0512,  0.2555],
        [-0.2719,  0.1660, -0.3073,  0.2658, -0.0348,  0.1379,  0.3201,  0.3330,
          0.3864,  0.2325,  0.1529, -0.0878,  0.0506,  0.0608,  0.2064, -0.2209],
        [-0.2888,  0.0290, -0.0324,  0.0321,  0.2424,  0.3738,  0.3672,  0.0112,
          0.2637,  0.3203, -0.2256, -0.0132, -0.3095, -0.2708,  0.0849, -0.2397],
        [ 0.0618, -0.0259,  0.2402, -0.0630, -0.0378, -0.3035, -0.3810, -0.3954,
         -0.3359, -0.2584,  0.0870, -0.0182, -0.0430,  0.2159, -0.3431,  0.1871]],
       device='cuda:0', requires_grad=True)

Parameter name: road_linear_0.bias
Shape: torch.Size([32])
Values: Parameter containing:
tensor([-0.0794, -0.0415,  0.1077, -0.0941, -0.0379, -0.0162,  0.0696,  0.1288,
        -0.0575, -0.0481,  0.0392,  0.0779,  0.1729,  0.0941, -0.0454,  0.0828,
        -0.1694,  0.0043,  0.0108, -0.0085, -0.0097, -0.0985, -0.0701, -0.0402,
        -0.1780,  0.2496,  0.0957,  0.0358, -0.0942, -0.2176,  0.1711, -0.0419],
       device='cuda:0', requires_grad=True)

Parameter name: road_linear_1.weight
Shape: torch.Size([1, 32])
Values: Parameter containing:
tensor([[-0.2725,  0.3592, -0.2601, -0.2756,  0.3636,  0.4008, -0.3117, -0.3943,
         -0.3496,  0.4093,  0.2802,  0.4079, -0.3086, -0.4401,  0.3368, -0.3463,
         -0.3415,  0.3392, -0.2516, -0.2703,  0.4369,  0.3632, -0.3862, -0.3859,
         -0.4046, -0.3765, -0.3312,  0.3849, -0.3598,  0.3981,  0.3021, -0.2532]],
       device='cuda:0', requires_grad=True)

Parameter name: linear_0.weight
Shape: torch.Size([32, 39])
Values: Parameter containing:
tensor([[-0.0457,  0.1181,  0.0542,  ...,  0.2231, -0.3472, -0.1137],
        [-0.1141, -0.0414,  0.1144,  ...,  0.1574, -0.3415,  0.0871],
        [ 0.0032, -0.0466,  0.0214,  ...,  0.0250,  0.2484,  0.0345],
        ...,
        [ 0.0038,  0.0230,  0.0552,  ...,  0.0872, -0.3392, -0.1180],
        [ 0.0905, -0.2179, -0.0507,  ..., -0.3307,  0.1669,  0.1557],
        [-0.2098,  0.1595,  0.0350,  ...,  0.0998, -0.2973, -0.0509]],
       device='cuda:0', requires_grad=True)

Parameter name: linear_0.bias
Shape: torch.Size([32])
Values: Parameter containing:
tensor([ 0.0426,  0.0413, -0.0672, -0.1332, -0.0716,  0.0585, -0.1111,  0.0464,
        -0.0397,  0.0809,  0.0187,  0.0110,  0.0292,  0.0779, -0.0531, -0.0188,
         0.0593, -0.1535,  0.0012,  0.0276, -0.0511,  0.0341,  0.1085,  0.0054,
        -0.0924,  0.1036,  0.0469, -0.0953,  0.0549,  0.1400,  0.1663, -0.1224],
       device='cuda:0', requires_grad=True)

Parameter name: linear_1.weight
Shape: torch.Size([32, 32])
Values: Parameter containing:
tensor([[ 0.0748, -0.1865, -0.1121,  ..., -0.1386, -0.0159,  0.0744],
        [-0.2060, -0.0426,  0.0893,  ..., -0.0716,  0.0079,  0.0489],
        [ 0.1384, -0.0207, -0.1652,  ...,  0.0900, -0.0299,  0.1894],
        ...,
        [ 0.1181,  0.0992,  0.1172,  ...,  0.2602, -0.2258,  0.2458],
        [-0.0061, -0.1544,  0.0444,  ...,  0.0101,  0.2380, -0.1687],
        [-0.0034, -0.1391,  0.2034,  ...,  0.0292,  0.1652, -0.0512]],
       device='cuda:0', requires_grad=True)

Parameter name: linear_1.bias
Shape: torch.Size([32])
Values: Parameter containing:
tensor([ 0.1037,  0.1480, -0.0595, -0.0834, -0.0006, -0.0450, -0.0579, -0.0444,
         0.1239, -0.1696,  0.1303, -0.1174,  0.1723,  0.0865, -0.1233,  0.1265,
        -0.1383, -0.1730, -0.0563, -0.0037, -0.0027,  0.0851, -0.2112,  0.2139,
        -0.0460, -0.0052,  0.0744, -0.0297, -0.1357, -0.0729,  0.1219,  0.0427],
       device='cuda:0', requires_grad=True)

Parameter name: linear_2.weight
Shape: torch.Size([1, 32])
Values: Parameter containing:
tensor([[ 0.5079,  0.4292, -0.5168, -0.5037,  0.3838,  0.3649, -0.4281,  0.4025,
          0.4264, -0.4515, -0.3972,  0.4149,  0.3967,  0.3772,  0.4428,  0.4390,
         -0.5035, -0.5170, -0.3732,  0.4193, -0.4635, -0.4430, -0.5162,  0.3599,
          0.4861,  0.5177, -0.5023,  0.5088, -0.4300, -0.5048,  0.4913,  0.5165]],
       device='cuda:0', requires_grad=True)

Parameter name: linear_2.bias
Shape: torch.Size([1])
Values: Parameter containing:
tensor([0.2633], device='cuda:0', requires_grad=True)

Parameter name: road_linear_0.weight
Shape: torch.Size([32, 16])
Values: Parameter containing:
tensor([[-1.1042e-02,  3.3365e-01,  2.7471e-01, -2.9489e-01, -2.9923e-01,
         -1.1953e-01, -2.9404e-02, -4.4937e-01, -2.1540e-01, -2.2289e-02,
          1.5398e-01,  1.7475e-01,  3.6580e-02, -8.7636e-02, -1.9363e-01,
          3.3295e-01],
        [-2.4307e-01, -3.2937e-01, -7.9564e-02, -1.3721e-02,  4.5877e-02,
          2.2617e-01,  1.4956e-01,  1.9632e-01,  4.3276e-01,  1.1330e-01,
          7.5612e-02, -2.5439e-01,  8.5764e-03, -3.5898e-02,  4.7073e-01,
         -5.5154e-02],
        [ 6.9029e-02,  2.2923e-01,  3.4910e-01, -9.7554e-02, -1.5558e-01,
         -3.2332e-01, -2.7621e-02, -4.6679e-01,  6.8582e-03, -3.7194e-02,
         -7.9163e-02, -6.6828e-02,  3.9597e-01,  3.0996e-01, -7.5313e-02,
          2.3671e-01],
        [ 2.5364e-01,  4.9420e-02,  5.4133e-02, -5.8599e-02, -1.1966e-01,
         -1.6165e-01, -1.2387e-01, -1.2221e-01, -4.5012e-01, -3.6997e-01,
          2.1319e-02,  3.4633e-01,  2.7813e-01, -1.3471e-01, -3.0597e-01,
          1.1503e-01],
        [-9.6633e-02,  1.0138e-01, -1.5298e-01, -2.5431e-02,  2.6164e-01,
          6.9000e-02,  3.7581e-02,  3.8368e-01,  1.9954e-01,  2.8259e-01,
          9.2194e-02, -1.6603e-01, -6.1815e-02, -2.4622e-01,  4.2458e-01,
         -1.3789e-01],
        [ 6.5371e-04,  1.3978e-01, -3.4253e-01,  3.9918e-01,  3.9941e-01,
         -4.6743e-02,  2.4661e-01,  1.4703e-03,  2.8832e-01,  1.9751e-01,
         -1.1196e-01, -8.5842e-02, -2.4138e-01,  1.2352e-01,  5.1195e-01,
         -5.9703e-02],
        [ 3.5416e-01,  1.0670e-01,  3.7922e-01, -1.7315e-01, -1.1809e-01,
         -1.8890e-01, -1.5609e-01, -2.6493e-01, -2.6932e-01, -2.5815e-03,
          2.5362e-03,  5.1562e-02, -7.4521e-02,  1.6648e-01, -3.7515e-01,
          1.2492e-01],
        [-7.9949e-02,  2.6189e-01,  3.2919e-01, -3.4169e-01, -3.7403e-01,
         -2.7902e-01, -6.5739e-02, -2.8467e-01, -2.1139e-01, -1.9901e-01,
         -6.6030e-02,  2.1870e-02,  2.3858e-01, -1.1283e-01, -1.4671e-01,
          3.3267e-01],
        [ 3.4886e-02,  3.0511e-01,  2.8810e-01, -2.4914e-01, -1.2567e-01,
         -3.3474e-01, -1.5967e-01, -1.4718e-01,  3.4540e-03, -3.0408e-01,
          8.3648e-03,  6.0829e-02, -5.6370e-02,  1.7206e-01, -4.5224e-01,
          7.9913e-02],
        [-2.9351e-01, -9.7848e-02, -8.8982e-02, -7.0801e-03,  1.6466e-01,
          1.4662e-01,  4.7840e-02,  2.9638e-01,  3.2187e-01, -6.8252e-03,
          1.3170e-01, -1.7115e-02, -2.7988e-01, -9.8653e-02,  3.1369e-01,
         -1.8959e-01],
        [-3.5565e-01,  6.0912e-02, -4.8944e-02, -3.2162e-02,  5.0509e-02,
          4.1323e-01,  2.2661e-01,  1.7693e-01,  4.0286e-01,  2.4190e-01,
         -6.3290e-03, -2.0253e-03, -2.0672e-01,  8.8775e-02,  1.2869e-01,
         -3.1480e-01],
        [-1.1646e-01, -1.3955e-01, -3.5873e-03,  8.7733e-02,  2.2488e-01,
          1.0204e-01,  3.4783e-01,  1.8481e-01,  1.8924e-01,  3.3252e-01,
          1.0799e-01,  6.8683e-02, -4.1063e-01, -2.3439e-01,  1.5249e-01,
         -1.8248e-01],
        [ 3.2633e-01,  2.2712e-01,  1.3659e-01, -1.6126e-01, -2.2235e-01,
          5.0291e-02, -7.3029e-02, -3.9928e-01, -3.8255e-01, -8.1508e-02,
         -1.0007e-01,  3.0785e-02, -3.1386e-02,  1.8149e-01, -4.1847e-01,
          5.9359e-03],
        [ 1.9780e-01,  3.2609e-01,  3.4583e-01, -7.8619e-03, -3.6080e-01,
         -4.8513e-03, -2.4643e-02, -9.9445e-02, -2.4101e-01, -1.5075e-01,
         -1.1064e-01,  1.0386e-01,  1.1700e-01,  4.8947e-02, -4.3988e-01,
          2.1848e-01],
        [-3.6876e-01, -2.9324e-01, -4.8173e-02, -4.5222e-02,  4.3976e-01,
          3.9720e-01,  8.9021e-02,  1.6322e-01,  4.6947e-03,  1.7161e-01,
          3.4141e-02, -3.1150e-01, -9.4426e-02, -1.1938e-01,  1.6579e-01,
         -1.4541e-01],
        [-3.0290e-01, -2.0127e-01,  2.8044e-02,  2.5201e-01,  1.7785e-01,
          1.6474e-01,  9.3389e-02,  1.0126e-01,  1.9543e-01,  1.1308e-01,
          4.1687e-02,  1.4255e-01, -1.4805e-01, -2.7272e-01,  6.2600e-01,
         -7.7036e-02],
        [ 2.9609e-01,  2.2124e-01,  1.7503e-01, -3.4125e-01, -3.8875e-01,
         -9.5202e-03, -7.0789e-02, -8.8214e-03, -3.9298e-01, -1.6331e-01,
          1.6959e-01,  2.7381e-01,  3.2571e-01,  2.5201e-01, -1.8694e-01,
         -5.8129e-02],
        [-2.7019e-01,  5.5925e-02, -2.1188e-01,  1.2288e-01,  1.5360e-01,
          2.7095e-01,  2.5292e-01,  2.8038e-01,  1.4439e-01,  2.5901e-01,
         -5.2524e-02, -2.2168e-01, -1.3840e-01, -1.7270e-01,  3.0143e-01,
         -1.4318e-01],
        [ 2.1834e-01,  9.7805e-02,  1.2522e-01, -2.6731e-01, -2.6571e-01,
         -3.5568e-01, -2.6212e-01, -1.1635e-02, -4.4313e-01, -8.4530e-02,
          2.2004e-02, -8.5218e-02,  1.8881e-01,  2.3797e-01, -7.7640e-02,
          1.6345e-01],
        [ 3.6362e-01,  1.2474e-01,  2.4753e-01, -8.5887e-02, -3.9161e-01,
         -2.1400e-01, -3.4438e-01, -1.6286e-02, -8.9615e-02, -2.5785e-01,
          8.8063e-02,  2.4593e-01, -4.9521e-02,  1.0801e-01, -1.1873e-01,
          1.7147e-01],
        [-1.6649e-01,  7.6162e-02, -2.2808e-02, -7.7619e-02,  3.1715e-01,
         -5.7756e-02,  2.9045e-01,  3.8734e-01,  1.9746e-01,  5.6804e-02,
         -9.2555e-02, -2.6217e-01, -1.9633e-01, -2.0072e-01,  4.7139e-01,
         -2.3568e-01],
        [-8.8655e-02, -3.2574e-01, -4.9418e-02,  3.9874e-01,  7.1659e-02,
          1.1688e-01,  2.6240e-01,  7.0396e-03,  8.9846e-02,  2.7124e-01,
          2.3028e-01, -2.8553e-01, -2.1832e-01, -3.8741e-01,  2.6668e-02,
          5.8047e-02],
        [ 3.6158e-01,  1.0452e-02,  3.9693e-02, -1.6647e-01, -5.7695e-02,
         -3.8743e-01, -2.8989e-01, -2.6368e-01, -2.8862e-01, -1.5251e-01,
          1.8824e-01,  2.1628e-01, -7.2521e-02,  3.1581e-01,  1.3748e-02,
          2.0624e-01],
        [ 2.2431e-01,  1.6049e-01,  3.0542e-01, -3.4729e-01, -2.1437e-01,
         -1.2883e-01, -1.3824e-01, -2.6492e-01, -3.5367e-01, -2.8966e-01,
          5.7098e-03,  3.1064e-01,  2.3460e-01,  9.5243e-02, -2.0162e-01,
         -1.5453e-02],
        [ 2.1661e-01, -1.0865e-01,  1.6549e-01, -1.3402e-01, -2.0208e-02,
         -2.4597e-01,  4.6616e-02, -2.2162e-01, -4.0950e-01,  5.5683e-02,
          1.9666e-01,  1.0163e-02,  6.6790e-02,  2.7006e-01, -4.4973e-01,
          3.3747e-01],
        [ 3.2939e-02,  2.8417e-02,  6.5666e-02,  8.6528e-02, -2.7668e-01,
         -1.9756e-01, -9.4113e-03, -3.6754e-01, -1.8949e-01, -3.4159e-01,
         -2.7219e-01,  1.0308e-01,  1.9278e-01,  3.2784e-01, -5.0662e-01,
          6.5128e-02],
        [ 2.0555e-01,  1.5235e-01,  2.7323e-01, -3.4017e-01, -2.1716e-01,
         -7.9388e-02, -3.3837e-01, -4.3970e-02, -4.0336e-01,  2.1848e-02,
          3.3224e-02,  7.7130e-02,  2.1734e-01,  2.6598e-01,  3.0331e-02,
          2.6883e-01],
        [-3.2248e-01, -3.8473e-02,  2.6570e-02,  2.1199e-01,  3.8367e-01,
          1.0865e-02,  3.5572e-01,  2.1880e-01, -1.2820e-02,  9.8918e-02,
          9.5151e-02, -2.7455e-01, -2.3029e-01, -2.1282e-01,  1.0680e-01,
         -1.0363e-01],
        [ 2.8404e-01,  1.4416e-01,  1.0811e-01, -1.2094e-01, -3.3115e-01,
         -2.6312e-01, -1.2360e-01, -3.5877e-01, -3.2979e-02, -8.9122e-02,
          9.9223e-02,  1.2520e-01,  3.3790e-01,  3.0917e-01, -5.3757e-02,
          2.3885e-01],
        [-2.5908e-01,  3.1555e-02, -2.9675e-01,  2.4739e-01, -2.7577e-02,
          1.3292e-01,  3.1843e-01,  3.3026e-01,  3.7873e-01,  2.2198e-01,
          1.5021e-01, -7.8318e-02,  4.8717e-02,  6.1706e-02,  2.2870e-01,
         -2.0825e-01],
        [-2.7184e-01, -1.5026e-01, -2.0139e-02,  1.1942e-02,  2.4622e-01,
          3.6369e-01,  3.6224e-01,  4.7222e-04,  2.5558e-01,  3.0544e-01,
         -2.2176e-01, -1.2637e-03, -3.0321e-01, -2.6355e-01,  8.2627e-02,
         -2.2113e-01],
        [ 3.7924e-02,  1.1991e-01,  2.2118e-01, -3.4351e-02, -4.7943e-02,
         -2.8924e-01, -3.7289e-01, -3.9659e-01, -3.2911e-01, -2.3822e-01,
          9.3408e-02, -3.4128e-02, -5.2306e-02,  2.0328e-01, -3.4384e-01,
          1.6301e-01]], device='cuda:0', requires_grad=True)

Parameter name: road_linear_0.bias
Shape: torch.Size([32])
Values: Parameter containing:
tensor([-0.0910, -0.0238,  0.1226, -0.0894, -0.0432, -0.0167,  0.0809,  0.1383,
        -0.0584, -0.0408,  0.0125,  0.0928,  0.1532,  0.0864, -0.0369, -0.0528,
        -0.1889,  0.0012,  0.0055, -0.0168, -0.0130, -0.0819, -0.0738, -0.0456,
        -0.1414,  0.2658,  0.0832,  0.0482, -0.1008, -0.2243,  0.1850, -0.0449],
       device='cuda:0', requires_grad=True)

Parameter name: road_linear_1.weight
Shape: torch.Size([1, 32])
Values: Parameter containing:
tensor([[-0.2785,  0.3626, -0.2651, -0.2859,  0.3972,  0.4267, -0.3198, -0.3956,
         -0.3665,  0.4232,  0.2935,  0.4098, -0.3248, -0.4484,  0.3396,  0.3464,
         -0.3439,  0.3462, -0.2571, -0.2749,  0.4500,  0.3599, -0.3918, -0.3878,
         -0.4434, -0.3926, -0.3340,  0.3915, -0.3651,  0.4043,  0.3075, -0.2608]],
       device='cuda:0', requires_grad=True)

Parameter name: linear_0.weight
Shape: torch.Size([32, 39])
Values: Parameter containing:
tensor([[-0.0143,  0.1031,  0.0765,  ...,  0.1587, -0.2713, -0.1137],
        [-0.1114, -0.0411,  0.1171,  ...,  0.1307, -0.3168,  0.0871],
        [-0.0044, -0.0402,  0.0322,  ...,  0.0270,  0.2400,  0.0345],
        ...,
        [ 0.0091,  0.0224,  0.0529,  ...,  0.0674, -0.3201, -0.1180],
        [ 0.0914, -0.2206, -0.0527,  ..., -0.3030,  0.1463,  0.1557],
        [-0.1947,  0.1612,  0.0391,  ...,  0.0653, -0.2800, -0.0509]],
       device='cuda:0', requires_grad=True)

Parameter name: linear_0.bias
Shape: torch.Size([32])
Values: Parameter containing:
tensor([ 0.0468,  0.0405, -0.0701, -0.1355, -0.0733,  0.0502, -0.1106,  0.0503,
        -0.0411,  0.0780,  0.0247,  0.0119,  0.0241,  0.0749, -0.0510, -0.0211,
         0.0575, -0.1573, -0.0628,  0.0368, -0.0575,  0.0304,  0.1053,  0.0071,
        -0.0878,  0.0531,  0.0425, -0.1138,  0.0546,  0.1436,  0.1670, -0.1275],
       device='cuda:0', requires_grad=True)

Parameter name: linear_1.weight
Shape: torch.Size([32, 32])
Values: Parameter containing:
tensor([[ 0.0632, -0.1816, -0.1049,  ..., -0.1209, -0.0224,  0.0736],
        [-0.2148, -0.0384,  0.1100,  ..., -0.0494, -0.0068,  0.0462],
        [ 0.1407, -0.0264, -0.1719,  ...,  0.0660, -0.0127,  0.1853],
        ...,
        [ 0.1137,  0.0791,  0.1221,  ...,  0.2324, -0.2058,  0.2316],
        [-0.0099, -0.1520,  0.0568,  ...,  0.0388,  0.2196, -0.1701],
        [-0.0013, -0.1253,  0.1995,  ...,  0.0599,  0.1435, -0.0393]],
       device='cuda:0', requires_grad=True)

Parameter name: linear_1.bias
Shape: torch.Size([32])
Values: Parameter containing:
tensor([ 0.1064,  0.1604, -0.0613, -0.0822, -0.0058, -0.0442, -0.0574, -0.0423,
         0.1349, -0.1781,  0.1157, -0.1298,  0.1930,  0.1036, -0.1252,  0.1358,
        -0.1373, -0.1725,  0.0452, -0.0123, -0.0057,  0.0869, -0.1998,  0.2381,
        -0.0439, -0.0074,  0.0755, -0.0287, -0.1351, -0.0680,  0.1295,  0.0369],
       device='cuda:0', requires_grad=True)

Parameter name: linear_2.weight
Shape: torch.Size([1, 32])
Values: Parameter containing:
tensor([[ 0.5164,  0.4435, -0.5210, -0.4960,  0.3824,  0.3871, -0.4300,  0.3984,
          0.4163, -0.4625, -0.4098,  0.4050,  0.4023,  0.3916,  0.4373,  0.4506,
         -0.5022, -0.5147,  0.3652,  0.4141, -0.4655, -0.4457, -0.5121,  0.3601,
          0.4901,  0.5145, -0.4973,  0.5084, -0.4293, -0.5013,  0.4940,  0.5083]],
       device='cuda:0', requires_grad=True)

Parameter name: linear_2.bias
Shape: torch.Size([1])
Values: Parameter containing:
tensor([0.2617], device='cuda:0', requires_grad=True)

