Parameter name: road_linear_0.weight
Shape: torch.Size([32, 16])
Values: Parameter containing:
tensor([[-2.9896e-01,  4.7654e-01,  7.0617e-02, -5.8422e-02,  3.5450e-01,
          1.9911e-01,  3.7946e-01,  1.4772e-01,  3.7351e-01,  1.7539e-01,
          1.1200e-01, -3.1023e-01, -4.0130e-01, -2.7281e-01,  3.8820e-01,
          1.0851e-01],
        [-1.1148e-01, -1.5309e-01,  5.9960e-02, -1.2194e-01,  1.3861e-01,
          2.3346e-01,  4.8931e-02,  3.4622e-01,  7.1672e-01, -4.4644e-02,
          2.5487e-01, -4.5034e-01,  5.0714e-02,  1.1335e-01,  6.9586e-01,
          6.5608e-02],
        [ 1.4813e-01, -2.1117e-01,  3.5743e-01, -1.1306e-01, -3.3879e-01,
         -3.5780e-01, -2.0987e-01, -6.1793e-01, -1.8781e-01, -4.2767e-02,
          1.2030e-01,  1.4452e-01,  6.4067e-01,  2.9323e-01, -1.1069e-01,
          2.7169e-01],
        [ 6.1189e-02, -1.1689e-01, -1.3168e-01,  8.1760e-02, -1.4118e-01,
         -1.4595e-01,  6.1021e-03, -2.4117e-01, -6.9765e-01, -1.8049e-01,
         -1.7760e-01,  4.8470e-01,  2.0134e-01, -3.4130e-01, -4.4981e-01,
         -4.3587e-02],
        [ 7.1116e-02,  2.7479e-01,  1.7945e-02, -1.5452e-01,  2.8166e-01,
          5.1809e-02, -5.7914e-02,  4.9305e-01,  4.3766e-01,  9.6544e-02,
          2.9416e-01, -2.9298e-01,  1.5405e-02, -5.5785e-02,  5.3368e-01,
          2.0214e-04],
        [-8.1732e-02,  5.0865e-01, -3.3899e-01,  3.8938e-01,  5.5181e-01,
         -3.2113e-03,  4.0795e-01,  1.4452e-01,  3.9724e-01,  1.8452e-01,
         -2.9712e-01, -2.4172e-01, -3.9837e-01,  1.5900e-01,  4.6440e-01,
         -8.7852e-02],
        [ 2.0178e-01, -2.8275e-02,  2.1992e-01, -5.3955e-02, -2.0100e-01,
         -1.6465e-01, -8.9600e-02, -4.0063e-01, -5.4367e-01,  1.6388e-01,
         -8.4524e-02,  2.0663e-01, -7.1360e-02,  2.9592e-02, -5.1405e-01,
         -5.5923e-03],
        [-2.1118e-01,  6.5691e-02,  1.7953e-01, -2.2695e-01, -4.9786e-01,
         -2.4351e-01, -1.4240e-02, -4.3646e-01, -4.7146e-01, -4.0778e-02,
         -1.1020e-01,  1.9223e-01,  2.7472e-01, -2.7110e-01, -3.0726e-01,
          2.0624e-01],
        [-1.1157e-01,  7.4041e-02,  1.3610e-01, -1.2960e-01, -2.6675e-01,
         -3.0782e-01, -5.3536e-02, -3.1842e-01, -3.2847e-01, -1.3148e-01,
         -2.5809e-01,  2.8121e-01, -1.0136e-01,  1.4114e-03, -6.7229e-01,
         -5.0685e-02],
        [-1.4220e-01,  9.2554e-02,  6.7919e-02, -1.2829e-01,  2.2692e-01,
          1.3353e-01, -5.0846e-02,  4.3669e-01,  6.0689e-01, -1.7961e-01,
          2.9907e-01, -1.8888e-01, -2.1907e-01,  7.6795e-02,  4.8581e-01,
         -5.6170e-02],
        [-2.5685e-01,  4.2682e-01,  7.2753e-02, -1.2358e-01,  1.5580e-01,
          3.8207e-01,  2.1667e-01,  3.0250e-01,  6.1903e-01,  1.1861e-01,
          6.5143e-02, -1.6444e-01, -2.5973e-01,  2.4907e-01,  1.9819e-01,
         -2.2721e-01],
        [ 3.3150e-02,  9.5950e-02,  1.5761e-01, -4.1532e-02,  3.5036e-01,
          6.5782e-02,  2.4881e-01,  3.4190e-01,  4.8945e-01,  1.6103e-01,
          3.4602e-01, -1.2163e-01, -3.9608e-01, -6.1175e-02,  3.4684e-01,
         -4.9191e-02],
        [ 2.0547e-01, -2.8365e-02,  8.5267e-03, -7.6039e-02, -2.6967e-01,
          2.6474e-02, -4.1045e-02, -5.1447e-01, -6.3739e-01,  4.5773e-02,
         -8.6323e-02,  1.9731e-01, -4.1756e-02,  2.7793e-02, -4.7895e-01,
         -8.5069e-02],
        [ 4.2055e-02,  1.9064e-01,  1.8428e-01,  1.1883e-01, -4.5359e-01,
          2.2146e-03,  7.4577e-02, -2.6067e-01, -5.5976e-01,  2.6570e-02,
         -2.7996e-01,  2.8239e-01,  6.5114e-02, -1.1492e-01, -6.5055e-01,
          7.8211e-02],
        [-2.1214e-01, -1.0254e-01,  1.0798e-01, -1.6569e-01,  5.3822e-01,
          3.7071e-01, -2.6696e-02,  3.1318e-01,  3.0781e-01, -3.6168e-03,
          1.8074e-01, -4.9860e-01, -3.5438e-02,  5.8512e-02,  3.4695e-01,
         -7.8801e-03],
        [-1.4283e-01, -3.3770e-01,  8.8770e-02,  1.3525e-01, -4.7965e-01,
         -3.3110e-02, -1.7753e-01, -4.8609e-01, -4.4571e-01,  6.2813e-02,
         -2.5889e-02,  5.6987e-01,  1.7308e-01, -1.5174e-01, -1.3402e-01,
          1.7738e-02],
        [ 9.4543e-02,  1.0465e-01, -2.1382e-02, -1.8457e-01, -4.5561e-01,
          1.3381e-02,  6.4199e-02, -1.5629e-01, -6.4882e-01,  3.3571e-02,
          6.2003e-02,  4.2992e-01,  2.7572e-01,  4.7938e-02, -3.9356e-01,
         -2.2917e-01],
        [-2.0088e-01,  2.5677e-01, -1.1644e-01,  4.5919e-02,  2.7137e-01,
          2.5557e-01,  2.9066e-01,  4.0195e-01,  2.5666e-01,  1.6030e-01,
         -7.5993e-02, -3.4886e-01, -2.2380e-01, -7.9515e-02,  3.8608e-01,
         -7.0000e-02],
        [ 2.5072e-01, -3.0401e-01,  8.1415e-02, -2.3896e-01, -4.3113e-01,
         -3.6678e-01, -3.9046e-01, -1.6578e-01, -6.0285e-01, -5.4195e-02,
          1.6348e-01,  1.1002e-01,  4.1382e-01,  1.8838e-01, -1.5595e-01,
          1.5883e-01],
        [ 4.0713e-01, -2.9660e-01,  2.1544e-01, -5.3871e-02, -5.8143e-01,
         -2.3464e-01, -4.8262e-01, -1.8333e-01, -2.5431e-01, -2.1929e-01,
          8.7818e-02,  4.4021e-01,  1.4263e-01,  5.5768e-02, -1.9446e-01,
          1.7516e-01],
        [-5.1378e-02,  2.3708e-01,  1.0805e-01, -1.8073e-01,  3.6370e-01,
         -5.6122e-02,  2.6389e-01,  4.9465e-01,  3.4669e-01, -7.9848e-02,
         -6.0856e-02, -3.4375e-01, -1.6883e-01, -5.1728e-02,  4.8500e-01,
         -1.2898e-01],
        [-8.1651e-03,  1.4608e-02,  5.9972e-02,  3.1311e-01,  2.7339e-01,
          1.1061e-01,  2.3192e-01,  1.8176e-01,  3.7216e-01,  1.4238e-01,
          3.0314e-01, -5.0902e-01, -2.8721e-01, -2.5723e-01,  2.1683e-01,
          1.3602e-01],
        [ 3.8583e-01, -3.4725e-01, -8.8945e-03, -1.1582e-01, -2.2776e-01,
         -3.7883e-01, -4.0167e-01, -4.1370e-01, -4.4899e-01, -9.4817e-02,
          2.8147e-01,  3.9236e-01,  1.0738e-01,  2.5355e-01, -7.2908e-02,
          1.8643e-01],
        [ 1.7269e-02,  7.9304e-02,  1.1025e-01, -1.9405e-01, -2.8872e-01,
         -9.3449e-02, -1.7307e-02, -4.0321e-01, -5.6245e-01, -9.4468e-02,
         -1.7360e-01,  4.3795e-01,  1.8408e-01, -1.1531e-01, -3.9621e-01,
         -1.8774e-01],
        [ 4.0267e-02, -3.4234e-01, -1.4941e-02,  7.2515e-03, -6.5567e-02,
         -2.0498e-01,  1.5185e-01, -3.3558e-01, -6.9456e-01,  2.4769e-01,
          1.1753e-01,  1.4837e-01, -2.9729e-03,  5.7474e-02, -5.5623e-01,
          1.8082e-01],
        [-1.2897e-01, -1.1670e-01, -1.0370e-01,  2.1381e-01, -3.0590e-01,
         -1.7954e-01,  7.3758e-02, -4.8829e-01, -4.4035e-01, -1.5792e-01,
         -3.5693e-01,  2.0111e-01,  1.2373e-01,  1.3926e-01, -6.0146e-01,
         -7.5135e-02],
        [ 3.6624e-01, -1.9737e-01,  3.1639e-01, -3.5511e-01, -4.4021e-01,
         -1.3299e-01, -5.8950e-01, -2.4083e-01, -5.9329e-01, -5.0136e-03,
          2.3600e-01,  2.7865e-01,  4.9032e-01,  3.2254e-01, -9.0394e-02,
          3.4547e-01],
        [-2.0307e-01,  2.4307e-01,  1.6832e-01,  1.0279e-01,  5.0294e-01,
         -5.5442e-03,  3.0853e-01,  3.5549e-01,  2.1458e-01, -5.0737e-02,
          2.7690e-01, -4.4121e-01, -2.4962e-01, -5.8949e-02,  2.2738e-01,
          3.5888e-03],
        [ 1.6935e-01, -1.2877e-01, -2.1113e-02, -1.5412e-02, -4.5194e-01,
         -2.3253e-01, -7.3646e-02, -4.9615e-01, -2.3684e-01,  4.2275e-02,
         -2.6922e-02,  2.8981e-01,  3.8463e-01,  1.4797e-01, -1.7927e-01,
          1.3310e-01],
        [-3.3060e-01,  3.5484e-01, -2.8341e-01,  2.3568e-01,  1.5370e-01,
          1.5744e-01,  4.8286e-01,  4.8728e-01,  5.2947e-01,  1.9986e-01,
          5.3906e-02, -2.4743e-01, -1.3432e-01,  8.1483e-02,  2.6800e-01,
         -2.2777e-01],
        [-2.8400e-01,  2.2064e-01,  3.1633e-02, -4.1851e-02,  4.1936e-01,
          3.6697e-01,  4.5951e-01,  1.5888e-01,  4.2729e-01,  2.4754e-01,
         -3.4079e-01, -1.8926e-01, -5.0634e-01, -1.9684e-01,  1.9318e-01,
         -1.9807e-01],
        [-1.1936e-01, -5.3751e-02,  6.5516e-02,  7.4625e-02, -1.0857e-01,
         -2.5693e-01, -2.9695e-01, -5.2212e-01, -5.6431e-01, -8.6502e-02,
          1.4369e-02,  1.2672e-01, -4.9361e-02,  6.1682e-02, -4.9916e-01,
          3.7518e-02]], device='cuda:0', requires_grad=True)

Parameter name: road_linear_0.bias
Shape: torch.Size([32])
Values: Parameter containing:
tensor([-0.1054,  0.1339,  0.1863, -0.1968,  0.1608, -0.1492, -0.0126,  0.1275,
        -0.1150,  0.1243, -0.0413,  0.1077, -0.0233, -0.0799,  0.1344, -0.0235,
        -0.1621, -0.0644,  0.1946,  0.1240,  0.0829, -0.0917,  0.0914, -0.0931,
        -0.2048, -0.0216,  0.2317,  0.0573, -0.0219, -0.2532, -0.0707, -0.0533],
       device='cuda:0', requires_grad=True)

Parameter name: road_linear_1.weight
Shape: torch.Size([1, 32])
Values: Parameter containing:
tensor([[ 0.4994,  0.6596, -0.4319, -0.5611,  0.6302,  0.5984, -0.5718, -0.6420,
         -0.5765,  0.6924,  0.4934,  0.6600, -0.5726, -0.7352,  0.5894, -0.5650,
         -0.5970,  0.5662, -0.4060, -0.4399,  0.7161,  0.4915, -0.5510, -0.6623,
         -0.6307, -0.6609, -0.5107,  0.6221, -0.5789,  0.6190,  0.4599, -0.4985]],
       device='cuda:0', requires_grad=True)

Parameter name: linear_0.weight
Shape: torch.Size([32, 39])
Values: Parameter containing:
tensor([[-0.0222,  0.0985,  0.0540,  ...,  0.1892, -0.4968, -0.1137],
        [-0.1383, -0.0362,  0.1388,  ...,  0.0546, -0.4723,  0.0871],
        [ 0.0269, -0.0395,  0.0237,  ...,  0.0636,  0.4569,  0.0345],
        ...,
        [ 0.1396, -0.1582, -0.0401,  ..., -0.1703,  0.1849, -0.1180],
        [ 0.1129, -0.2145, -0.0743,  ..., -0.2302,  0.3296,  0.1557],
        [-0.2152,  0.1758,  0.0685,  ...,  0.0813, -0.4507, -0.0509]],
       device='cuda:0', requires_grad=True)

Parameter name: linear_0.bias
Shape: torch.Size([32])
Values: Parameter containing:
tensor([ 0.0844,  0.0288, -0.0626, -0.1369, -0.0839,  0.0405, -0.0852,  0.0713,
        -0.0388,  0.0482,  0.0502,  0.0178, -0.0248,  0.1049, -0.0237, -0.0167,
         0.0517, -0.1651, -0.0018,  0.0916, -0.0932, -0.0004,  0.1180,  0.0525,
        -0.1096,  0.1119,  0.0584, -0.1502,  0.0454,  0.1970,  0.1816, -0.1035],
       device='cuda:0', requires_grad=True)

Parameter name: linear_1.weight
Shape: torch.Size([32, 32])
Values: Parameter containing:
tensor([[ 0.0918, -0.2152, -0.0034,  ...,  0.1062, -0.0041,  0.0617],
        [-0.1912, -0.0588,  0.1978,  ...,  0.2018,  0.0101,  0.0348],
        [ 0.1292, -0.0284, -0.2407,  ..., -0.1799, -0.0177,  0.2080],
        ...,
        [ 0.1358,  0.0895,  0.0280,  ...,  0.0419, -0.2259,  0.3197],
        [ 0.0442, -0.2191,  0.1426,  ...,  0.3268,  0.2682, -0.1369],
        [ 0.0142, -0.1341,  0.2820,  ...,  0.2700,  0.1497, -0.0605]],
       device='cuda:0', requires_grad=True)

Parameter name: linear_1.bias
Shape: torch.Size([32])
Values: Parameter containing:
tensor([ 0.1509,  0.1922, -0.0694, -0.1563,  0.0399, -0.0044, -0.0986,  0.0574,
         0.2122, -0.1781,  0.1387, -0.1928,  0.2408,  0.0730, -0.0659,  0.2122,
         0.0026, -0.1936,  0.0660,  0.0690, -0.0834,  0.0626, -0.2374,  0.2292,
         0.0120, -0.0961,  0.0809,  0.0121, -0.1972, -0.0827,  0.2015,  0.0582],
       device='cuda:0', requires_grad=True)

Parameter name: linear_2.weight
Shape: torch.Size([1, 32])
Values: Parameter containing:
tensor([[ 1.0347,  0.9615, -1.0206, -1.0002,  0.8681,  0.8849, -0.9360,  0.8525,
          0.9188, -0.9860, -0.8984,  0.9054,  0.9019,  0.9111,  0.9255,  0.8992,
         -1.0188, -1.0434,  0.8970,  0.8872, -0.9474, -0.9452, -1.0497,  0.9021,
          0.9887,  1.0269, -1.0210,  0.9995, -0.9399, -1.0408,  0.9481,  1.0206]],
       device='cuda:0', requires_grad=True)

Parameter name: linear_2.bias
Shape: torch.Size([1])
Values: Parameter containing:
tensor([0.7754], device='cuda:0', requires_grad=True)

