Parameter name: road_linear_0.weight
Shape: torch.Size([32, 16])
Values: Parameter containing:
tensor([[-3.1714e-01,  5.1075e-01,  5.3126e-02, -5.6395e-02,  3.9261e-01,
          2.2154e-01,  4.3303e-01,  1.8154e-01,  3.5885e-01,  1.8960e-01,
          1.2189e-01, -3.1651e-01, -4.1872e-01, -2.8273e-01,  3.5858e-01,
          1.0251e-01],
        [-8.6871e-02, -1.5984e-01,  8.2579e-02, -1.4773e-01,  1.4917e-01,
          2.1477e-01,  3.4373e-02,  3.8079e-01,  7.3879e-01, -6.1355e-02,
          3.0790e-01, -4.5424e-01,  8.6222e-02,  1.3525e-01,  7.1038e-01,
          9.4567e-02],
        [ 1.8795e-01, -2.6310e-01,  3.8918e-01, -1.2485e-01, -4.0338e-01,
         -3.9143e-01, -2.8853e-01, -6.6109e-01, -1.7794e-01, -7.2801e-02,
          1.2200e-01,  1.6253e-01,  6.8054e-01,  3.1597e-01, -9.6489e-02,
          2.9326e-01],
        [ 3.6478e-02, -1.1049e-01, -1.5348e-01,  1.0720e-01, -1.5264e-01,
         -1.2846e-01,  1.8817e-02, -2.7708e-01, -7.1899e-01, -1.6390e-01,
         -2.3041e-01,  4.8952e-01,  1.6593e-01, -3.6333e-01, -4.6160e-01,
         -7.2405e-02],
        [ 9.7765e-02,  2.6419e-01,  3.9950e-02, -1.7966e-01,  2.8918e-01,
          3.4225e-02, -7.0602e-02,  5.2457e-01,  4.5817e-01,  7.8179e-02,
          3.4628e-01, -2.9091e-01,  5.1759e-02, -3.3150e-02,  5.3971e-01,
          2.9365e-02],
        [-1.2181e-01,  5.5711e-01, -3.7346e-01,  4.0394e-01,  6.0191e-01,
          2.6718e-02,  4.8249e-01,  1.8114e-01,  3.8238e-01,  2.1346e-01,
         -3.0141e-01, -2.5250e-01, -4.3357e-01,  1.3453e-01,  4.4149e-01,
         -1.1039e-01],
        [ 1.8091e-01, -3.0883e-02,  1.9867e-01, -2.8250e-02, -2.1169e-01,
         -1.4335e-01, -8.2251e-02, -4.3261e-01, -5.4987e-01,  1.7590e-01,
         -1.3492e-01,  2.1285e-01, -1.0493e-01,  8.9669e-03, -5.1577e-01,
         -3.2065e-02],
        [-2.2297e-01,  5.2898e-02,  1.6446e-01, -2.0541e-01, -5.1048e-01,
         -2.2666e-01, -1.5638e-02, -4.6791e-01, -4.7022e-01, -3.5342e-02,
         -1.5078e-01,  2.0246e-01,  2.5035e-01, -2.8498e-01, -3.0399e-01,
          1.8603e-01],
        [-1.3620e-01,  7.5584e-02,  1.1267e-01, -1.0243e-01, -2.8206e-01,
         -2.8842e-01, -4.0614e-02, -3.5769e-01, -3.4801e-01, -1.1560e-01,
         -3.1313e-01,  2.9215e-01, -1.3685e-01, -2.1618e-02, -6.8707e-01,
         -8.0373e-02],
        [-1.1771e-01,  8.6346e-02,  9.1558e-02, -1.5523e-01,  2.3389e-01,
          1.1182e-01, -6.5517e-02,  4.7012e-01,  6.2456e-01, -1.9642e-01,
          3.5079e-01, -1.9206e-01, -1.8282e-01,  9.9011e-02,  4.9823e-01,
         -2.7220e-02],
        [-2.6416e-01,  4.5695e-01,  7.1370e-02, -1.3398e-01,  1.7906e-01,
          3.8362e-01,  2.4691e-01,  3.3475e-01,  6.0394e-01,  1.2640e-01,
          8.6220e-02, -1.7592e-01, -2.6122e-01,  2.4856e-01,  1.7815e-01,
         -2.2212e-01],
        [ 5.1087e-02,  1.0151e-01,  1.7766e-01, -6.6727e-02,  3.5971e-01,
          4.6796e-02,  2.4220e-01,  3.7548e-01,  4.9453e-01,  1.4998e-01,
          3.9338e-01, -1.3088e-01, -3.6566e-01, -4.2306e-02,  3.5079e-01,
         -2.4515e-02],
        [ 1.7901e-01, -2.2046e-02, -1.5655e-02, -4.8615e-02, -2.7669e-01,
          4.8864e-02, -2.8332e-02, -5.4611e-01, -6.4928e-01,  6.2483e-02,
         -1.4011e-01,  1.9749e-01, -8.0123e-02,  3.9566e-03, -4.8239e-01,
         -1.1503e-01],
        [ 1.7898e-02,  1.9502e-01,  1.6122e-01,  1.4533e-01, -4.6510e-01,
          2.1645e-02,  8.8364e-02, -2.9690e-01, -5.7997e-01,  4.3120e-02,
         -3.3212e-01,  2.8908e-01,  3.0506e-02, -1.3689e-01, -6.6611e-01,
          4.9388e-02],
        [-1.8810e-01, -1.0660e-01,  1.2947e-01, -1.9081e-01,  5.4908e-01,
          3.5162e-01, -3.7931e-02,  3.4759e-01,  3.2502e-01, -1.9243e-02,
          2.3267e-01, -5.0284e-01, -3.7064e-04,  7.9827e-02,  3.5472e-01,
          2.0139e-02],
        [-1.5699e-01, -3.4263e-01,  7.6387e-02,  1.5367e-01, -4.8858e-01,
         -1.9926e-02, -1.8053e-01, -5.1371e-01, -4.4547e-01,  6.9813e-02,
         -6.6978e-02,  5.7040e-01,  1.4775e-01, -1.6501e-01, -1.1857e-01,
         -1.8056e-03],
        [ 7.0018e-02,  1.0629e-01, -4.5545e-02, -1.5632e-01, -4.6881e-01,
          3.4853e-02,  7.7675e-02, -1.9510e-01, -6.6623e-01,  4.9046e-02,
          5.8476e-03,  4.4126e-01,  2.3759e-01,  2.3704e-02, -4.0709e-01,
         -2.5933e-01],
        [-2.2365e-01,  2.9569e-01, -1.3439e-01,  4.7690e-02,  3.0812e-01,
          2.7285e-01,  3.4590e-01,  4.3442e-01,  2.3833e-01,  1.7820e-01,
         -6.8787e-02, -3.5794e-01, -2.4254e-01, -9.2231e-02,  3.5865e-01,
         -7.7742e-02],
        [ 2.9503e-01, -3.6126e-01,  1.1434e-01, -2.4947e-01, -4.9160e-01,
         -3.9763e-01, -4.6965e-01, -2.1028e-01, -5.8746e-01, -8.7198e-02,
          1.6669e-01,  1.3022e-01,  4.5589e-01,  2.1355e-01, -1.4058e-01,
          1.8216e-01],
        [ 4.4038e-01, -3.3956e-01,  2.4505e-01, -6.5187e-02, -6.5348e-01,
         -2.7068e-01, -5.5736e-01, -2.2966e-01, -2.5504e-01, -2.4225e-01,
          8.6110e-02,  4.5701e-01,  1.7868e-01,  7.4682e-02, -1.8448e-01,
          1.9278e-01],
        [-3.8103e-02,  2.4211e-01,  1.1991e-01, -1.9874e-01,  3.6810e-01,
         -7.1072e-02,  2.6797e-01,  5.1715e-01,  3.4040e-01, -8.6405e-02,
         -2.3584e-02, -3.3933e-01, -1.4357e-01, -3.9294e-02,  4.6347e-01,
         -1.1051e-01],
        [-5.2946e-03,  3.7704e-02,  6.7522e-02,  2.9570e-01,  3.0552e-01,
          1.1254e-01,  2.5105e-01,  2.2187e-01,  3.7264e-01,  1.4209e-01,
          3.3526e-01, -5.2549e-01, -2.8071e-01, -2.4858e-01,  2.1338e-01,
          1.4967e-01],
        [ 4.2167e-01, -3.9446e-01,  2.0234e-02, -1.2603e-01, -2.9089e-01,
         -4.1044e-01, -4.7522e-01, -4.5540e-01, -4.4150e-01, -1.2101e-01,
          2.8205e-01,  4.0800e-01,  1.4370e-01,  2.7399e-01, -5.8559e-02,
          2.0509e-01],
        [-7.2140e-03,  8.2666e-02,  8.7794e-02, -1.6795e-01, -3.0074e-01,
         -7.3565e-02, -4.8221e-03, -4.3942e-01, -5.7844e-01, -7.9132e-02,
         -2.2733e-01,  4.4575e-01,  1.4727e-01, -1.3815e-01, -4.0544e-01,
         -2.1673e-01],
        [ 1.5491e-02, -3.3911e-01, -4.0110e-02,  3.5988e-02, -7.2544e-02,
         -1.7975e-01,  1.6644e-01, -3.6988e-01, -7.0634e-01,  2.6344e-01,
          6.3201e-02,  1.5428e-01, -4.2022e-02,  3.3361e-02, -5.6665e-01,
          1.5087e-01],
        [-1.5891e-01, -1.0112e-01, -1.2877e-01,  2.4115e-01, -3.0791e-01,
         -1.5767e-01,  9.0027e-02, -5.1429e-01, -4.6108e-01, -1.3655e-01,
         -4.0980e-01,  1.9077e-01,  8.3760e-02,  1.1442e-01, -6.0421e-01,
         -1.0637e-01],
        [ 4.1115e-01, -2.4907e-01,  3.5647e-01, -3.7514e-01, -5.1738e-01,
         -1.7556e-01, -6.7295e-01, -2.9358e-01, -5.9965e-01, -3.8418e-02,
          2.3974e-01,  3.0470e-01,  5.4152e-01,  3.4930e-01, -8.8012e-02,
          3.7582e-01],
        [-1.9810e-01,  2.6069e-01,  1.7571e-01,  8.6946e-02,  5.2013e-01,
         -1.0633e-02,  3.2273e-01,  3.8683e-01,  2.0989e-01, -5.1921e-02,
          3.0834e-01, -4.4990e-01, -2.3711e-01, -5.1177e-02,  2.1504e-01,
          1.7224e-02],
        [ 1.7734e-01, -1.6052e-01, -2.1257e-02, -3.6277e-03, -4.7370e-01,
         -2.3062e-01, -1.0141e-01, -5.2873e-01, -2.2064e-01,  3.3939e-02,
         -4.8512e-02,  3.0357e-01,  3.8360e-01,  1.4819e-01, -1.6276e-01,
          1.2745e-01],
        [-3.6100e-01,  3.9460e-01, -3.1290e-01,  2.4784e-01,  2.1094e-01,
          1.8995e-01,  5.5389e-01,  5.2408e-01,  5.2277e-01,  2.2184e-01,
          5.4382e-02, -2.5727e-01, -1.6645e-01,  6.2755e-02,  2.4744e-01,
         -2.4428e-01],
        [-3.2504e-01,  2.7455e-01, -3.3967e-04, -3.1059e-02,  4.8608e-01,
          4.0156e-01,  5.3685e-01,  2.0603e-01,  4.1842e-01,  2.7745e-01,
         -3.4224e-01, -2.0956e-01, -5.4765e-01, -2.2008e-01,  1.8025e-01,
         -2.1989e-01],
        [-1.3854e-01, -5.8396e-02,  4.4806e-02,  1.0014e-01, -1.1694e-01,
         -2.3408e-01, -2.8983e-01, -5.5478e-01, -5.6725e-01, -7.5850e-02,
         -3.5487e-02,  1.3402e-01, -8.3370e-02,  4.1910e-02, -4.9949e-01,
          1.1867e-02]], device='cuda:0', requires_grad=True)

Parameter name: road_linear_0.bias
Shape: torch.Size([32])
Values: Parameter containing:
tensor([-0.1040,  0.1655,  0.1978, -0.2399,  0.2086, -0.1609, -0.0365,  0.1278,
        -0.1552,  0.1544, -0.0588,  0.1180, -0.0663, -0.1147,  0.1788, -0.0483,
        -0.1931, -0.0758,  0.2166,  0.1235,  0.1035, -0.0920,  0.0998, -0.1304,
        -0.2328, -0.0663,  0.2353,  0.0614,  0.0025, -0.2500, -0.0871, -0.0686],
       device='cuda:0', requires_grad=True)

Parameter name: road_linear_1.weight
Shape: torch.Size([1, 32])
Values: Parameter containing:
tensor([[ 0.5504,  0.7109, -0.4867, -0.6167,  0.6930,  0.6430, -0.6290, -0.6950,
         -0.6421,  0.7490,  0.5479,  0.7268, -0.6350, -0.7937,  0.6475, -0.6218,
         -0.6491,  0.6148, -0.4523, -0.4886,  0.7722,  0.5419, -0.6013, -0.7215,
         -0.6811, -0.7204, -0.5603,  0.6781, -0.6329,  0.6697,  0.5067, -0.5557]],
       device='cuda:0', requires_grad=True)

Parameter name: linear_0.weight
Shape: torch.Size([32, 39])
Values: Parameter containing:
tensor([[-0.0254,  0.1067,  0.0535,  ...,  0.1991, -0.6352, -0.1137],
        [-0.1400, -0.0349,  0.1414,  ...,  0.0527, -0.5520,  0.0871],
        [ 0.0282, -0.0400,  0.0213,  ...,  0.0648,  0.5792,  0.0345],
        ...,
        [ 0.1386, -0.1544, -0.0415,  ..., -0.1690,  0.2619, -0.1180],
        [ 0.1115, -0.2130, -0.0736,  ..., -0.2315,  0.4317,  0.1557],
        [-0.2234,  0.1928,  0.0704,  ...,  0.0841, -0.5573, -0.0509]],
       device='cuda:0', requires_grad=True)

Parameter name: linear_0.bias
Shape: torch.Size([32])
Values: Parameter containing:
tensor([ 0.0866,  0.0266, -0.0605, -0.1335, -0.0859,  0.0443, -0.0831,  0.0705,
        -0.0405,  0.0482,  0.0521,  0.0138, -0.0242,  0.1069, -0.0208, -0.0182,
         0.0557, -0.1663, -0.0005,  0.0938, -0.0968, -0.0056,  0.1197,  0.0598,
        -0.1083,  0.1135,  0.0614, -0.1574,  0.0463,  0.1984,  0.1807, -0.1028],
       device='cuda:0', requires_grad=True)

Parameter name: linear_1.weight
Shape: torch.Size([32, 32])
Values: Parameter containing:
tensor([[ 0.0971, -0.2215,  0.0096,  ...,  0.1132, -0.0028,  0.0707],
        [-0.1872, -0.0640,  0.2105,  ...,  0.2077,  0.0106,  0.0417],
        [ 0.1377, -0.0344, -0.2398,  ..., -0.1741, -0.0114,  0.2191],
        ...,
        [ 0.1464,  0.0875,  0.0220,  ...,  0.0459, -0.2323,  0.3526],
        [ 0.0554, -0.2322,  0.1624,  ...,  0.3401,  0.2757, -0.1205],
        [ 0.0175, -0.1381,  0.2921,  ...,  0.2748,  0.1483, -0.0528]],
       device='cuda:0', requires_grad=True)

Parameter name: linear_1.bias
Shape: torch.Size([32])
Values: Parameter containing:
tensor([ 0.1578,  0.1978, -0.0636, -0.1644,  0.0404, -0.0019, -0.1012,  0.0710,
         0.2241, -0.1734,  0.1357, -0.1454,  0.2511,  0.0706, -0.0552,  0.2246,
         0.0538, -0.1960,  0.0629,  0.0763, -0.0932,  0.0628, -0.2331,  0.2328,
         0.0163, -0.0316,  0.0844,  0.0025, -0.2039, -0.0769,  0.2142,  0.0632],
       device='cuda:0', requires_grad=True)

Parameter name: linear_2.weight
Shape: torch.Size([1, 32])
Values: Parameter containing:
tensor([[ 1.1671,  1.0960, -1.1674, -1.1316,  1.0102,  1.0248, -1.0753,  0.9807,
          1.0480, -1.1343, -1.0384,  1.0310,  1.0340,  1.0559,  1.0543,  1.0270,
         -1.1463, -1.1808,  1.0410,  1.0202, -1.0783, -1.0870, -1.1957,  1.0382,
          1.1248,  1.1580, -1.1652,  1.1477, -1.0732, -1.1838,  1.0758,  1.1560]],
       device='cuda:0', requires_grad=True)

Parameter name: linear_2.bias
Shape: torch.Size([1])
Values: Parameter containing:
tensor([0.9022], device='cuda:0', requires_grad=True)

