Parameter name: road_linear_0.weight
Shape: torch.Size([32, 16])
Values: Parameter containing:
tensor([[-3.2034e-01,  4.6704e-01,  1.0781e-02,  3.2813e-03,  2.2085e-01,
          1.5560e-01,  3.6410e-01,  1.2828e-02,  2.3212e-01,  2.4941e-01,
         -1.7510e-04, -1.7437e-01, -3.4860e-01, -3.6502e-01,  2.9178e-01,
          5.3734e-02],
        [-2.4819e-01, -1.1994e-02, -9.1537e-02,  1.4923e-02,  6.7731e-02,
          2.3260e-01,  2.1358e-01,  1.9299e-01,  4.5112e-01,  1.2164e-01,
          2.8649e-02, -2.8387e-01, -2.4279e-02, -5.3659e-02,  4.3620e-01,
         -8.5070e-02],
        [ 7.5359e-02, -1.0563e-01,  3.6118e-01, -1.4211e-01, -1.4605e-01,
         -3.2835e-01, -9.6841e-02, -4.5908e-01, -2.1845e-02, -6.1446e-02,
          1.0357e-01, -2.9263e-02,  4.4914e-01,  3.1972e-01,  1.9640e-02,
          2.6572e-01],
        [ 2.3333e-01, -2.5970e-01,  4.3273e-02, -7.1194e-02, -9.8201e-02,
         -1.6515e-01, -1.6721e-01, -1.0381e-01, -4.3321e-01, -3.7059e-01,
          6.5121e-02,  3.5413e-01,  3.1046e-01, -1.4364e-01, -2.2826e-01,
          1.2877e-01],
        [-8.7687e-02,  4.2747e-01, -1.4898e-01, -9.5155e-03,  2.3968e-01,
          5.5579e-02,  9.1842e-02,  3.5879e-01,  1.9434e-01,  2.7865e-01,
          5.6925e-02, -1.7636e-01, -7.9045e-02, -2.4284e-01,  3.2870e-01,
         -1.6107e-01],
        [ 1.0854e-02,  4.3822e-01, -3.2298e-01,  3.9984e-01,  3.7878e-01,
         -6.3703e-02,  2.8631e-01, -4.9386e-03,  2.8004e-01,  1.8710e-01,
         -3.2100e-01, -8.5727e-02, -2.6523e-01,  1.4282e-01,  3.8575e-01,
         -6.9462e-02],
        [ 3.4256e-01, -9.5951e-02,  3.7133e-01, -1.8480e-01, -1.1025e-01,
         -1.8465e-01, -2.0788e-01, -2.6335e-01, -2.9362e-01,  2.9499e-03,
          1.0888e-01,  6.6523e-02, -3.1250e-02,  2.0597e-01, -3.3285e-01,
          1.3738e-01],
        [-8.8038e-02,  4.0591e-02,  3.2219e-01, -3.5332e-01, -3.9134e-01,
         -2.7588e-01, -1.1702e-01, -2.9617e-01, -2.3930e-01, -1.9088e-01,
          5.2649e-02,  4.2646e-02,  2.8432e-01, -1.0696e-01, -1.3219e-01,
          3.3732e-01],
        [ 3.5899e-02, -2.6681e-02,  2.9636e-01, -2.7342e-01, -1.5198e-01,
         -3.3340e-01, -2.2037e-01, -1.4454e-01, -1.4789e-02, -3.0561e-01,
         -2.2652e-02,  8.7527e-02, -3.2211e-02,  1.8153e-01, -4.2906e-01,
          1.0508e-01],
        [-2.9140e-01,  2.4074e-01, -9.1283e-02,  1.3108e-02,  1.6364e-01,
          1.3810e-01,  1.0600e-01,  2.8444e-01,  3.3071e-01, -7.4414e-03,
          5.8770e-02, -3.7410e-02, -3.0436e-01, -1.0107e-01,  2.5032e-01,
         -2.1400e-01],
        [-3.4081e-01,  4.2017e-01, -3.8279e-02, -1.9460e-02,  2.9045e-02,
          3.9857e-01,  2.8014e-01,  1.5930e-01,  4.0980e-01,  2.3964e-01,
         -6.9471e-02, -1.1143e-02, -2.2981e-01,  1.1204e-01,  4.0325e-02,
         -3.2886e-01],
        [-9.9394e-02,  1.6080e-01,  7.8220e-03,  9.3333e-02,  2.2770e-01,
          9.1179e-02,  3.8957e-01,  1.7501e-01,  1.9882e-01,  3.2341e-01,
          1.3206e-01,  5.9530e-02, -4.3238e-01, -2.3365e-01,  1.2859e-01,
         -1.9246e-01],
        [ 3.4388e-01, -1.4515e-01,  1.5852e-01, -2.0503e-01, -2.0343e-01,
          2.8556e-02, -1.5357e-01, -3.8626e-01, -4.0449e-01, -1.1435e-01,
          1.2781e-01,  7.9533e-02,  2.1729e-02,  2.0103e-01, -3.0720e-01,
          5.8424e-02],
        [ 1.9861e-01,  4.7448e-02,  3.4882e-01, -2.6961e-02, -3.8885e-01,
         -3.7441e-03, -8.6890e-02, -1.1009e-01, -2.7960e-01, -1.5166e-01,
         -3.7502e-02,  1.2964e-01,  1.5532e-01,  7.0281e-02, -4.1904e-01,
          2.4140e-01],
        [-3.7028e-01,  1.6860e-02, -5.6619e-02, -2.0961e-02,  4.6047e-01,
          3.9812e-01,  1.4809e-01,  1.6181e-01,  2.9271e-02,  1.7372e-01,
         -5.5380e-02, -3.3898e-01, -1.2529e-01, -1.2793e-01,  1.2097e-01,
         -1.6683e-01],
        [-4.0856e-02, -4.3403e-01,  2.1158e-01,  2.9136e-02, -4.0540e-01,
         -1.4482e-02, -2.5410e-01, -3.6662e-01, -2.5993e-01, -6.9385e-02,
          1.6302e-01,  4.5837e-01,  2.1300e-01, -6.7084e-03,  1.0197e-03,
          1.3064e-01],
        [ 2.6324e-01,  1.0099e-02,  1.4936e-01, -3.3746e-01, -3.7631e-01,
         -1.3525e-02, -9.4526e-02, -5.9144e-03, -3.6150e-01, -1.5397e-01,
          2.9219e-01,  2.7616e-01,  3.5318e-01,  2.4934e-01, -1.7866e-01,
         -6.5457e-02],
        [-2.3951e-01,  2.1688e-01, -1.9325e-01,  1.2324e-01,  1.5106e-01,
          2.6008e-01,  2.9255e-01,  2.7900e-01,  1.3094e-01,  2.4820e-01,
         -1.5658e-01, -2.1961e-01, -1.6669e-01, -1.8032e-01,  2.8190e-01,
         -1.3567e-01],
        [ 2.0031e-01, -1.9794e-01,  1.1339e-01, -2.9419e-01, -2.4354e-01,
         -3.5526e-01, -3.1015e-01,  1.8071e-03, -4.2460e-01, -9.7391e-02,
          1.5580e-01, -7.0209e-02,  2.2806e-01,  2.4190e-01, -5.8903e-03,
          1.7665e-01],
        [ 3.4765e-01, -1.9791e-01,  2.3748e-01, -9.5274e-02, -3.7314e-01,
         -2.1027e-01, -3.8815e-01, -7.6255e-03, -8.4006e-02, -2.5469e-01,
          8.7747e-02,  2.5917e-01, -2.2653e-02,  1.0423e-01, -4.7978e-02,
          1.8677e-01],
        [-1.5375e-01,  3.4727e-01, -8.3823e-03, -7.5288e-02,  3.1877e-01,
         -7.6840e-02,  3.3602e-01,  3.9838e-01,  1.9659e-01,  4.8091e-02,
         -2.5668e-01, -2.6753e-01, -2.2751e-01, -1.9398e-01,  3.8686e-01,
         -2.4099e-01],
        [-8.3754e-02,  6.3329e-03, -5.1020e-02,  4.2083e-01,  7.9528e-02,
          1.0849e-01,  3.0748e-01, -9.8353e-03,  8.5642e-02,  2.6620e-01,
          1.3834e-01, -3.0566e-01, -2.3115e-01, -3.9213e-01,  3.2196e-03,
          3.3376e-02],
        [ 3.3929e-01, -2.4761e-01,  2.0559e-02, -1.6526e-01, -4.2513e-02,
         -3.7013e-01, -3.2114e-01, -2.5328e-01, -2.8802e-01, -1.3516e-01,
          2.7933e-01,  2.2180e-01, -5.6610e-02,  3.0625e-01,  6.5019e-02,
          2.0380e-01],
        [ 1.9176e-01, -7.1510e-03,  2.8492e-01, -3.4611e-01, -2.3362e-01,
         -1.3587e-01, -1.7224e-01, -2.7521e-01, -3.2966e-01, -2.8466e-01,
          3.2120e-02,  3.1448e-01,  2.6585e-01,  8.4454e-02, -2.0771e-01,
         -2.3573e-02],
        [ 1.9208e-01, -4.5160e-01,  1.4312e-01, -1.3180e-01,  9.0056e-03,
         -2.1803e-01,  1.2864e-02, -1.9239e-01, -4.0859e-01,  7.7282e-02,
          3.4871e-01,  4.8085e-03,  7.0849e-02,  2.4151e-01, -3.5071e-01,
          3.3646e-01],
        [ 4.2039e-02, -2.8835e-01,  7.2547e-02,  6.1054e-02, -3.0124e-01,
         -1.8616e-01, -8.1675e-02, -3.8149e-01, -2.2897e-01, -3.4761e-01,
         -1.1248e-01,  1.3289e-01,  2.3860e-01,  3.3480e-01, -4.1387e-01,
          9.4350e-02],
        [ 1.8852e-01, -8.4243e-02,  2.5656e-01, -3.3985e-01, -2.0808e-01,
         -7.1006e-02, -3.7658e-01, -4.8641e-02, -3.9749e-01,  3.0463e-02,
          1.5866e-01,  8.9035e-02,  2.4937e-01,  2.8033e-01,  5.5851e-02,
          2.7163e-01],
        [-3.0058e-01,  2.8094e-01,  4.4923e-02,  2.1420e-01,  3.7000e-01,
         -4.7530e-03,  3.9852e-01,  2.0029e-01, -1.3814e-02,  8.3903e-02,
          1.0120e-01, -2.7709e-01, -2.4898e-01, -2.0540e-01,  5.0270e-02,
         -1.1191e-01],
        [ 2.6324e-01, -1.1834e-01,  9.7687e-02, -1.2706e-01, -3.2959e-01,
         -2.5975e-01, -1.5500e-01, -3.5508e-01, -3.0735e-02, -8.6008e-02,
          1.1149e-01,  1.3765e-01,  3.6042e-01,  2.9335e-01, -1.6752e-02,
          2.4045e-01],
        [-2.5556e-01,  2.7285e-01, -2.8766e-01,  2.5762e-01, -2.3210e-02,
          1.1826e-01,  3.7402e-01,  3.4147e-01,  3.9665e-01,  2.1497e-01,
          4.6480e-02, -9.0195e-02,  8.2590e-03,  5.5149e-02,  1.6972e-01,
         -2.2430e-01],
        [-2.4791e-01,  1.1820e-01, -2.3468e-03,  1.4281e-02,  2.3056e-01,
          3.5557e-01,  3.9358e-01, -9.1253e-03,  2.4768e-01,  2.9638e-01,
         -3.4300e-01, -1.1416e-02, -3.2623e-01, -2.5650e-01,  4.2929e-02,
         -2.2031e-01],
        [ 2.4813e-02, -1.1247e-01,  2.2069e-01, -6.1648e-02, -2.3987e-02,
         -2.9271e-01, -4.2639e-01, -3.8237e-01, -3.1508e-01, -2.5344e-01,
          2.0277e-01, -1.8312e-02, -7.1830e-03,  2.4213e-01, -3.1031e-01,
          1.8192e-01]], device='cuda:0', requires_grad=True)

Parameter name: road_linear_0.bias
Shape: torch.Size([32])
Values: Parameter containing:
tensor([-1.2909e-01, -1.6746e-02,  9.2250e-02, -4.5435e-02, -1.5613e-02,
        -1.0746e-01,  8.8709e-02,  1.4670e-01, -2.2873e-02, -4.3205e-02,
        -2.5551e-02,  5.5349e-02,  1.4985e-01,  7.8643e-02,  1.1153e-02,
         1.1345e-01, -6.7199e-02, -1.5722e-02,  8.8535e-02,  3.9720e-02,
        -7.0701e-02, -7.8795e-02, -6.2240e-03, -3.7461e-05, -6.6351e-02,
         1.7547e-01,  1.5598e-01,  1.5172e-02, -5.9978e-02, -2.0068e-01,
         3.4457e-02,  7.8092e-03], device='cuda:0', requires_grad=True)

Parameter name: road_linear_1.weight
Shape: torch.Size([1, 32])
Values: Parameter containing:
tensor([[ 0.2692,  0.3473, -0.2585, -0.2808,  0.3496,  0.4012, -0.3166, -0.4159,
         -0.3231,  0.3974,  0.2809,  0.4173, -0.2904, -0.4355,  0.3284, -0.3083,
         -0.3358,  0.3578, -0.2533, -0.2817,  0.4452,  0.3122, -0.3904, -0.4069,
         -0.3627, -0.3784, -0.3495,  0.3892, -0.3728,  0.4209,  0.3094, -0.2598]],
       device='cuda:0', requires_grad=True)

Parameter name: linear_0.weight
Shape: torch.Size([32, 39])
Values: Parameter containing:
tensor([[-0.0615,  0.1377,  0.0885,  ...,  0.1421, -0.2688, -0.1137],
        [-0.1569, -0.0083,  0.1390,  ...,  0.0686, -0.3047,  0.0871],
        [ 0.0473, -0.0689,  0.0203,  ...,  0.0537,  0.2525,  0.0345],
        ...,
        [ 0.1584, -0.1907, -0.0351,  ..., -0.1924,  0.0147, -0.1180],
        [ 0.1380, -0.2496, -0.0799,  ..., -0.2380,  0.1325,  0.1557],
        [-0.2343,  0.1918,  0.0861,  ...,  0.0640, -0.2609, -0.0509]],
       device='cuda:0', requires_grad=True)

Parameter name: linear_0.bias
Shape: torch.Size([32])
Values: Parameter containing:
tensor([ 0.0556,  0.0392, -0.0691, -0.1416, -0.0763,  0.0592, -0.0972,  0.0460,
        -0.0403,  0.0522,  0.0100,  0.0155, -0.0222,  0.0957, -0.0390, -0.0016,
         0.0466, -0.1606, -0.0291,  0.0764, -0.0684,  0.0201,  0.1154,  0.0225,
        -0.0977,  0.1080,  0.0561, -0.1266,  0.0394,  0.1797,  0.1763, -0.1171],
       device='cuda:0', requires_grad=True)

Parameter name: linear_1.weight
Shape: torch.Size([32, 32])
Values: Parameter containing:
tensor([[ 0.0800, -0.1823, -0.0922,  ...,  0.0766, -0.0206,  0.0520],
        [-0.2030, -0.0314,  0.1121,  ...,  0.1752, -0.0038,  0.0271],
        [ 0.1323, -0.0418, -0.1804,  ..., -0.1658, -0.0130,  0.2049],
        ...,
        [ 0.1396,  0.0840,  0.0672,  ...,  0.0498, -0.2139,  0.2993],
        [ 0.0240, -0.1606,  0.0381,  ...,  0.2779,  0.2328, -0.1594],
        [ 0.0036, -0.1130,  0.2187,  ...,  0.2497,  0.1443, -0.0717]],
       device='cuda:0', requires_grad=True)

Parameter name: linear_1.bias
Shape: torch.Size([32])
Values: Parameter containing:
tensor([ 0.1231,  0.1682, -0.0574, -0.1275,  0.0235, -0.0229, -0.0798,  0.0090,
         0.1729, -0.1650,  0.1224, -0.1190,  0.2097,  0.0612, -0.1047,  0.1633,
        -0.1318, -0.1752,  0.0510,  0.0425, -0.0506,  0.0786, -0.2253,  0.2071,
        -0.0107, -0.0274,  0.0772,  0.0032, -0.1701, -0.0807,  0.1542,  0.0376],
       device='cuda:0', requires_grad=True)

Parameter name: linear_2.weight
Shape: torch.Size([1, 32])
Values: Parameter containing:
tensor([[ 0.4220,  0.3402, -0.3940, -0.3967,  0.2383,  0.2571, -0.3108,  0.2722,
          0.3321, -0.3553, -0.2849,  0.3031,  0.3033,  0.2837,  0.3372,  0.3213,
         -0.4205, -0.4229,  0.2707,  0.2763, -0.3461, -0.3211, -0.4153,  0.2797,
          0.3636,  0.4240, -0.3957,  0.3841, -0.3228, -0.4117,  0.3726,  0.4042]],
       device='cuda:0', requires_grad=True)

Parameter name: linear_2.bias
Shape: torch.Size([1])
Values: Parameter containing:
tensor([0.2182], device='cuda:0', requires_grad=True)

