Parameter name: road_linear_0.weight
Shape: torch.Size([32, 16])
Values: Parameter containing:
tensor([[-2.8964e-01,  4.7732e-01,  7.9526e-02, -6.8119e-02,  3.5576e-01,
          1.9120e-01,  3.7482e-01,  1.5702e-01,  3.6564e-01,  1.7252e-01,
          1.2543e-01, -3.1262e-01, -3.8933e-01, -2.6184e-01,  3.8725e-01,
          1.1950e-01],
        [-1.0851e-01, -1.4782e-01,  6.2938e-02, -1.2685e-01,  1.3995e-01,
          2.2850e-01,  5.0617e-02,  3.5261e-01,  7.0556e-01, -4.3869e-02,
          2.6142e-01, -4.5081e-01,  5.5935e-02,  1.1833e-01,  6.9053e-01,
          7.0769e-02],
        [ 1.3758e-01, -2.1115e-01,  3.4753e-01, -1.0274e-01, -3.3974e-01,
         -3.4991e-01, -2.0379e-01, -6.2599e-01, -1.7974e-01, -3.9919e-02,
          1.0584e-01,  1.4619e-01,  6.2692e-01,  2.8036e-01, -1.0906e-01,
          2.5909e-01],
        [ 5.7386e-02, -1.2137e-01, -1.3547e-01,  8.7565e-02, -1.4246e-01,
         -1.4066e-01,  5.2234e-03, -2.4855e-01, -6.8684e-01, -1.8053e-01,
         -1.8480e-01,  4.8518e-01,  1.9548e-01, -3.4716e-01, -4.4468e-01,
         -4.9586e-02],
        [ 7.4682e-02,  2.7896e-01,  2.1437e-02, -1.6016e-01,  2.8339e-01,
          4.7289e-02, -5.6752e-02,  5.0094e-01,  4.2788e-01,  9.6609e-02,
          3.0118e-01, -2.9360e-01,  2.0827e-02, -5.0114e-02,  5.2832e-01,
          6.0371e-03],
        [-7.2206e-02,  5.0891e-01, -3.3047e-01,  3.8025e-01,  5.5389e-01,
         -9.3646e-03,  4.0344e-01,  1.5225e-01,  3.9110e-01,  1.8231e-01,
         -2.8406e-01, -2.4389e-01, -3.8683e-01,  1.7018e-01,  4.6297e-01,
         -7.6600e-02],
        [ 1.9614e-01, -3.1680e-02,  2.1455e-01, -4.6519e-02, -2.0282e-01,
         -1.5907e-01, -8.9157e-02, -4.0981e-01, -5.3377e-01,  1.6506e-01,
         -9.3728e-02,  2.0772e-01, -7.9073e-02,  2.1778e-02, -5.1047e-01,
         -1.3448e-02],
        [-2.1766e-01,  6.3236e-02,  1.7370e-01, -2.1931e-01, -4.9978e-01,
         -2.3800e-01, -1.3117e-02, -4.4548e-01, -4.6244e-01, -3.9057e-02,
         -1.2010e-01,  1.9311e-01,  2.6625e-01, -2.7950e-01, -3.0429e-01,
          1.9786e-01],
        [-1.1633e-01,  7.0074e-02,  1.3161e-01, -1.2315e-01, -2.6779e-01,
         -3.0218e-01, -5.3696e-02, -3.2603e-01, -3.1791e-01, -1.3089e-01,
         -2.6623e-01,  2.8140e-01, -1.0836e-01, -5.3239e-03, -6.6783e-01,
         -5.7478e-02],
        [-1.3886e-01,  9.7310e-02,  7.1302e-02, -1.3370e-01,  2.2836e-01,
          1.2864e-01, -4.9636e-02,  4.4396e-01,  5.9626e-01, -1.7930e-01,
          3.0582e-01, -1.8955e-01, -2.1370e-01,  8.2204e-02,  4.8074e-01,
         -5.0587e-02],
        [-2.4800e-01,  4.2752e-01,  8.0780e-02, -1.3284e-01,  1.5747e-01,
          3.7514e-01,  2.1303e-01,  3.1214e-01,  6.1121e-01,  1.1557e-01,
          7.7676e-02, -1.6582e-01, -2.4853e-01,  2.5965e-01,  1.9659e-01,
         -2.1673e-01],
        [ 3.9109e-02,  9.8663e-02,  1.6314e-01, -4.8870e-02,  3.5146e-01,
          5.9933e-02,  2.4776e-01,  3.5024e-01,  4.7985e-01,  1.5949e-01,
          3.5521e-01, -1.2207e-01, -3.8802e-01, -5.3233e-02,  3.4343e-01,
         -4.1311e-02],
        [ 2.0080e-01, -3.2563e-02,  3.7113e-03, -6.8995e-02, -2.7146e-01,
          3.1913e-02, -4.1282e-02, -5.2355e-01, -6.2716e-01,  4.6353e-02,
         -9.4605e-02,  1.9865e-01, -4.8373e-02,  2.0825e-02, -4.7468e-01,
         -9.2190e-02],
        [ 3.8261e-02,  1.8628e-01,  1.8061e-01,  1.2441e-01, -4.5470e-01,
          7.4537e-03,  7.3733e-02, -2.6761e-01, -5.4911e-01,  2.6525e-02,
         -2.8712e-01,  2.8262e-01,  5.9156e-02, -1.2065e-01, -6.4540e-01,
          7.2355e-02],
        [-2.0783e-01, -9.8320e-02,  1.1221e-01, -1.7195e-01,  5.3964e-01,
          3.6542e-01, -2.6271e-02,  3.2119e-01,  2.9758e-01, -4.0031e-03,
          1.8850e-01, -4.9931e-01, -2.9079e-02,  6.4864e-02,  3.4262e-01,
         -1.3984e-03],
        [-1.4916e-01, -3.4013e-01,  8.2667e-02,  1.4325e-01, -4.8163e-01,
         -2.7467e-02, -1.7634e-01, -4.9590e-01, -4.3729e-01,  6.4588e-02,
         -3.5838e-02,  5.7122e-01,  1.6499e-01, -1.6013e-01, -1.3090e-01,
          9.2740e-03],
        [ 8.9526e-02,  1.0154e-01, -2.5544e-02, -1.7839e-01, -4.5719e-01,
          1.8171e-02,  6.3713e-02, -1.6391e-01, -6.3860e-01,  3.4307e-02,
          5.3788e-02,  4.2946e-01,  2.6876e-01,  4.0963e-02, -3.8844e-01,
         -2.3610e-01],
        [-1.9168e-01,  2.5757e-01, -1.0781e-01,  3.6443e-02,  2.7347e-01,
          2.4848e-01,  2.8625e-01,  4.1136e-01,  2.4929e-01,  1.5749e-01,
         -6.2913e-02, -3.5136e-01, -2.1217e-01, -6.8592e-02,  3.8549e-01,
         -5.9125e-02],
        [ 2.3992e-01, -3.0294e-01,  7.2810e-02, -2.2975e-01, -4.3347e-01,
         -3.6093e-01, -3.8574e-01, -1.7341e-01, -5.9671e-01, -5.1165e-02,
          1.4899e-01,  1.1073e-01,  4.0060e-01,  1.7533e-01, -1.5354e-01,
          1.4628e-01],
        [ 3.9751e-01, -2.9752e-01,  2.0589e-01, -4.3712e-02, -5.8134e-01,
         -2.2704e-01, -4.7685e-01, -1.9036e-01, -2.4594e-01, -2.1716e-01,
          7.4653e-02,  4.4198e-01,  1.3041e-01,  4.4263e-02, -1.9251e-01,
          1.6347e-01],
        [-4.5107e-02,  2.3937e-01,  1.1420e-01, -1.8874e-01,  3.6588e-01,
         -6.1608e-02,  2.6260e-01,  5.0462e-01,  3.3879e-01, -8.1652e-02,
         -5.0931e-02, -3.4545e-01, -1.6093e-01, -4.3404e-02,  4.8228e-01,
         -1.2053e-01],
        [-6.0274e-04,  1.6721e-02,  6.7028e-02,  3.0452e-01,  2.7443e-01,
          1.0380e-01,  2.2950e-01,  1.9023e-01,  3.6269e-01,  1.4037e-01,
          3.1430e-01, -5.1008e-01, -2.7710e-01, -2.4768e-01,  2.1407e-01,
          1.4551e-01],
        [ 3.7596e-01, -3.4755e-01, -1.8121e-02, -1.0602e-01, -2.2877e-01,
         -3.7178e-01, -3.9616e-01, -4.2137e-01, -4.4141e-01, -9.2249e-02,
          2.6798e-01,  3.9409e-01,  9.4880e-02,  2.4165e-01, -7.1381e-02,
          1.7463e-01],
        [ 1.2616e-02,  7.5301e-02,  1.0570e-01, -1.8746e-01, -2.9013e-01,
         -8.8084e-02, -1.7469e-02, -4.1139e-01, -5.5201e-01, -9.3839e-02,
         -1.8146e-01,  4.3867e-01,  1.7754e-01, -1.2204e-01, -3.9214e-01,
         -1.9456e-01],
        [ 3.5628e-02, -3.4600e-01, -1.9159e-02,  1.3526e-02, -6.7277e-02,
         -2.0003e-01,  1.5136e-01, -3.4371e-01, -6.8430e-01,  2.4826e-01,
          1.0952e-01,  1.4874e-01, -9.5383e-03,  5.0740e-02, -5.5149e-01,
          1.7405e-01],
        [-1.3163e-01, -1.2109e-01, -1.0631e-01,  2.1875e-01, -3.0828e-01,
         -1.7611e-01,  7.1731e-02, -4.9631e-01, -4.3123e-01, -1.5856e-01,
         -3.6302e-01,  2.0206e-01,  1.1953e-01,  1.3444e-01, -5.9552e-01,
         -8.0198e-02],
        [ 3.5730e-01, -1.9700e-01,  3.0940e-01, -3.4707e-01, -4.3993e-01,
         -1.2758e-01, -5.8581e-01, -2.4490e-01, -5.8620e-01, -3.8799e-03,
          2.2393e-01,  2.7829e-01,  4.7879e-01,  3.1075e-01, -8.6095e-02,
          3.3370e-01],
        [-1.9576e-01,  2.4491e-01,  1.7518e-01,  9.4410e-02,  5.0431e-01,
         -1.1973e-02,  3.0622e-01,  3.6447e-01,  2.0601e-01, -5.2966e-02,
          2.8768e-01, -4.4237e-01, -2.4023e-01, -4.9797e-02,  2.2490e-01,
          1.2721e-02],
        [ 1.6087e-01, -1.2969e-01, -2.8678e-02, -6.5621e-03, -4.5381e-01,
         -2.2601e-01, -7.0423e-02, -5.0553e-01, -2.2887e-01,  4.5100e-02,
         -3.8968e-02,  2.9112e-01,  3.7382e-01,  1.3772e-01, -1.7761e-01,
          1.2300e-01],
        [-3.2122e-01,  3.5592e-01, -2.7390e-01,  2.2562e-01,  1.5434e-01,
          1.4969e-01,  4.7719e-01,  4.9553e-01,  5.2145e-01,  1.9748e-01,
          6.7078e-02, -2.5010e-01, -1.2217e-01,  9.2696e-02,  2.6737e-01,
         -2.1646e-01],
        [-2.7355e-01,  2.1981e-01,  4.0110e-02, -5.0935e-02,  4.2112e-01,
          3.6072e-01,  4.5479e-01,  1.6606e-01,  4.2059e-01,  2.4477e-01,
         -3.2656e-01, -1.8986e-01, -4.9314e-01, -1.8419e-01,  1.9044e-01,
         -1.8584e-01],
        [-1.2526e-01, -5.6948e-02,  5.9998e-02,  8.2157e-02, -1.1038e-01,
         -2.5119e-01, -2.9628e-01, -5.3148e-01, -5.5439e-01, -8.5095e-02,
          4.9118e-03,  1.2773e-01, -5.7374e-02,  5.3629e-02, -4.9586e-01,
          2.9470e-02]], device='cuda:0', requires_grad=True)

Parameter name: road_linear_0.bias
Shape: torch.Size([32])
Values: Parameter containing:
tensor([-0.1047,  0.1290,  0.1843, -0.1922,  0.1581, -0.1466, -0.0100,  0.1275,
        -0.1107,  0.1193, -0.0390,  0.1059, -0.0188, -0.0755,  0.1294, -0.0231,
        -0.1627, -0.0631,  0.1899,  0.1240,  0.0826, -0.0926,  0.0899, -0.0889,
        -0.2030, -0.0194,  0.2292,  0.0572, -0.0238, -0.2538, -0.0664, -0.0512],
       device='cuda:0', requires_grad=True)

Parameter name: road_linear_1.weight
Shape: torch.Size([1, 32])
Values: Parameter containing:
tensor([[ 0.4923,  0.6569, -0.4210, -0.5589,  0.6303,  0.5888, -0.5649, -0.6353,
         -0.5721,  0.6901,  0.4868,  0.6567, -0.5685, -0.7310,  0.5874, -0.5653,
         -0.5890,  0.5586, -0.3942, -0.4318,  0.7134,  0.4849, -0.5411, -0.6583,
         -0.6226, -0.6610, -0.4990,  0.6201, -0.5721,  0.6109,  0.4483, -0.4940]],
       device='cuda:0', requires_grad=True)

Parameter name: linear_0.weight
Shape: torch.Size([32, 39])
Values: Parameter containing:
tensor([[-0.0205,  0.0964,  0.0528,  ...,  0.1889, -0.4811, -0.1137],
        [-0.1385, -0.0359,  0.1388,  ...,  0.0546, -0.4649,  0.0871],
        [ 0.0269, -0.0395,  0.0239,  ...,  0.0636,  0.4450,  0.0345],
        ...,
        [ 0.1399, -0.1587, -0.0400,  ..., -0.1704,  0.1794, -0.1180],
        [ 0.1133, -0.2149, -0.0745,  ..., -0.2299,  0.3194,  0.1557],
        [-0.2141,  0.1740,  0.0679,  ...,  0.0812, -0.4387, -0.0509]],
       device='cuda:0', requires_grad=True)

Parameter name: linear_0.bias
Shape: torch.Size([32])
Values: Parameter containing:
tensor([ 8.5507e-02,  2.8839e-02, -6.2776e-02, -1.3710e-01, -8.3886e-02,
         3.9523e-02, -8.5345e-02,  7.2537e-02, -3.8515e-02,  4.8011e-02,
         5.1838e-02,  1.8300e-02, -2.4914e-02,  1.0491e-01, -2.3858e-02,
        -1.7332e-02,  5.1297e-02, -1.6491e-01, -9.2059e-04,  9.1527e-02,
        -9.3564e-02, -8.4669e-05,  1.1782e-01,  5.2205e-02, -1.0985e-01,
         1.1176e-01,  5.8101e-02, -1.5012e-01,  4.5417e-02,  1.9681e-01,
         1.8178e-01, -1.0317e-01], device='cuda:0', requires_grad=True)

Parameter name: linear_1.weight
Shape: torch.Size([32, 32])
Values: Parameter containing:
tensor([[ 0.0914, -0.2145, -0.0044,  ...,  0.1056, -0.0045,  0.0613],
        [-0.1915, -0.0583,  0.1970,  ...,  0.2013,  0.0099,  0.0346],
        [ 0.1283, -0.0278, -0.2411,  ..., -0.1806, -0.0182,  0.2066],
        ...,
        [ 0.1347,  0.0896,  0.0288,  ...,  0.0415, -0.2251,  0.3165],
        [ 0.0430, -0.2178,  0.1410,  ...,  0.3255,  0.2673, -0.1383],
        [ 0.0140, -0.1338,  0.2818,  ...,  0.2697,  0.1498, -0.0608]],
       device='cuda:0', requires_grad=True)

Parameter name: linear_1.bias
Shape: torch.Size([32])
Values: Parameter containing:
tensor([ 0.1503,  0.1917, -0.0699, -0.1556,  0.0400, -0.0046, -0.0985,  0.0560,
         0.2111, -0.1786,  0.1398, -0.1981,  0.2400,  0.0733, -0.0670,  0.2109,
         0.0071, -0.1934,  0.0663,  0.0683, -0.0824,  0.0625, -0.2378,  0.2289,
         0.0116, -0.1015,  0.0806,  0.0129, -0.1965, -0.0833,  0.2001,  0.0579],
       device='cuda:0', requires_grad=True)

Parameter name: linear_2.weight
Shape: torch.Size([1, 32])
Values: Parameter containing:
tensor([[ 1.0205,  0.9473, -1.0063, -0.9861,  0.8538,  0.8706, -0.9217,  0.8386,
          0.9048, -0.9716, -0.8838,  0.8917,  0.8878,  0.8967,  0.9115,  0.8853,
         -1.0054, -1.0292,  0.8826,  0.8730, -0.9333, -0.9309, -1.0352,  0.8879,
          0.9745,  1.0132, -1.0065,  0.9852, -0.9257, -1.0262,  0.9342,  1.0065]],
       device='cuda:0', requires_grad=True)

Parameter name: linear_2.bias
Shape: torch.Size([1])
Values: Parameter containing:
tensor([0.7616], device='cuda:0', requires_grad=True)

