Parameter name: road_linear_0.weight
Shape: torch.Size([32, 16])
Values: Parameter containing:
tensor([[-3.0468e-01,  4.8607e-01,  6.6741e-02, -5.7590e-02,  3.6705e-01,
          1.9915e-01,  3.9230e-01,  1.5482e-01,  3.7274e-01,  1.8150e-01,
          1.1570e-01, -3.1427e-01, -4.0294e-01, -2.7845e-01,  3.8260e-01,
          1.0580e-01],
        [-1.1234e-01, -1.4806e-01,  5.9122e-02, -1.2269e-01,  1.4928e-01,
          2.2976e-01,  5.4977e-02,  3.5314e-01,  7.2093e-01, -4.1077e-02,
          2.6388e-01, -4.5376e-01,  5.4504e-02,  1.1033e-01,  6.9434e-01,
          6.6174e-02],
        [ 1.5292e-01, -2.2139e-01,  3.5658e-01, -1.0878e-01, -3.5250e-01,
         -3.5657e-01, -2.2118e-01, -6.3000e-01, -1.8564e-01, -4.7185e-02,
          1.1534e-01,  1.5260e-01,  6.4264e-01,  2.9507e-01, -1.1313e-01,
          2.7127e-01],
        [ 6.1687e-02, -1.2160e-01, -1.3098e-01,  8.2679e-02, -1.5188e-01,
         -1.4195e-01,  4.6329e-06, -2.4789e-01, -7.0140e-01, -1.8382e-01,
         -1.8666e-01,  4.8748e-01,  1.9724e-01, -3.3859e-01, -4.4700e-01,
         -4.4383e-02],
        [ 7.1345e-02,  2.7819e-01,  1.7570e-02, -1.5553e-01,  2.9091e-01,
          4.7412e-02, -5.2416e-02,  4.9859e-01,  4.4087e-01,  9.9284e-02,
          3.0336e-01, -2.9388e-01,  2.0346e-02, -5.8089e-02,  5.2936e-01,
          1.2691e-03],
        [-8.6876e-02,  5.1862e-01, -3.3891e-01,  3.8599e-01,  5.6298e-01,
         -4.7165e-03,  4.1837e-01,  1.5467e-01,  3.9418e-01,  1.8928e-01,
         -2.9293e-01, -2.4870e-01, -3.9961e-01,  1.5669e-01,  4.6496e-01,
         -8.8131e-02],
        [ 2.0339e-01, -3.5043e-02,  2.2090e-01, -5.2857e-02, -2.1294e-01,
         -1.6067e-01, -9.7280e-02, -4.0803e-01, -5.4633e-01,  1.5995e-01,
         -9.2801e-02,  2.1040e-01, -7.4232e-02,  3.2906e-02, -5.1109e-01,
         -5.9742e-03],
        [-2.0849e-01,  5.7600e-02,  1.8103e-01, -2.2613e-01, -5.1013e-01,
         -2.3991e-01, -2.2817e-02, -4.4388e-01, -4.7300e-01, -4.5384e-02,
         -1.1733e-01,  1.9671e-01,  2.7308e-01, -2.6719e-01, -3.0435e-01,
          2.0646e-01],
        [-1.1088e-01,  6.7788e-02,  1.3632e-01, -1.2802e-01, -2.7881e-01,
         -3.0337e-01, -5.9848e-02, -3.2630e-01, -3.3227e-01, -1.3488e-01,
         -2.6746e-01,  2.8558e-01, -1.0504e-01,  3.9714e-03, -6.7108e-01,
         -5.1785e-02],
        [-1.4301e-01,  9.7593e-02,  6.7170e-02, -1.2917e-01,  2.3728e-01,
          1.2950e-01, -4.4792e-02,  4.4342e-01,  6.1046e-01, -1.7616e-01,
          3.0767e-01, -1.9193e-01, -2.1531e-01,  7.3895e-02,  4.8343e-01,
         -5.5600e-02],
        [-2.6172e-01,  4.3660e-01,  6.9845e-02, -1.2355e-01,  1.6851e-01,
          3.7993e-01,  2.2811e-01,  3.0970e-01,  6.1818e-01,  1.2456e-01,
          6.9935e-02, -1.6890e-01, -2.6029e-01,  2.4383e-01,  1.9341e-01,
         -2.2902e-01],
        [ 3.2212e-02,  1.0255e-01,  1.5763e-01, -4.3465e-02,  3.6089e-01,
          6.0632e-02,  2.5519e-01,  3.4903e-01,  4.9065e-01,  1.6444e-01,
          3.5451e-01, -1.2524e-01, -3.9223e-01, -6.3492e-02,  3.4431e-01,
         -4.8155e-02],
        [ 2.0609e-01, -3.3180e-02,  9.3359e-03, -7.5093e-02, -2.8035e-01,
          3.0608e-02, -4.7843e-02, -5.2075e-01, -6.4046e-01,  4.2417e-02,
         -9.5201e-02,  1.9925e-01, -4.5825e-02,  3.0719e-02, -4.7465e-01,
         -8.5753e-02],
        [ 4.2731e-02,  1.8531e-01,  1.8480e-01,  1.1998e-01, -4.6454e-01,
          6.1939e-03,  6.8617e-02, -2.6795e-01, -5.6384e-01,  2.3244e-02,
         -2.8884e-01,  2.8606e-01,  6.1434e-02, -1.1219e-01, -6.4900e-01,
          7.7398e-02],
        [-2.1296e-01, -9.7094e-02,  1.0727e-01, -1.6670e-01,  5.4926e-01,
          3.6659e-01, -2.0234e-02,  3.1996e-01,  3.1113e-01, -1.3291e-04,
          1.8945e-01, -5.0164e-01, -3.1771e-02,  5.5642e-02,  3.4421e-01,
         -7.2183e-03],
        [-1.4082e-01, -3.4310e-01,  9.1257e-02,  1.3470e-01, -4.8949e-01,
         -3.0092e-02, -1.8618e-01, -4.9037e-01, -4.4663e-01,  5.8432e-02,
         -3.2682e-02,  5.7012e-01,  1.7037e-01, -1.4747e-01, -1.2595e-01,
          1.8501e-02],
        [ 9.5286e-02,  9.8156e-02, -2.1125e-02, -1.8283e-01, -4.6796e-01,
          1.7822e-02,  5.7750e-02, -1.6489e-01, -6.5280e-01,  3.0150e-02,
          5.2498e-02,  4.3489e-01,  2.7203e-01,  5.0369e-02, -3.9247e-01,
         -2.3040e-01],
        [-2.0678e-01,  2.6671e-01, -1.1971e-01,  4.5991e-02,  2.8399e-01,
          2.5459e-01,  3.0349e-01,  4.0934e-01,  2.5489e-01,  1.6653e-01,
         -7.2421e-02, -3.5359e-01, -2.2555e-01, -8.4902e-02,  3.8176e-01,
         -7.2287e-02],
        [ 2.5565e-01, -3.1520e-01,  7.9871e-02, -2.3350e-01, -4.4404e-01,
         -3.6448e-01, -4.0128e-01, -1.7867e-01, -5.9906e-01, -5.8723e-02,
          1.5804e-01,  1.1877e-01,  4.1543e-01,  1.8981e-01, -1.5842e-01,
          1.5785e-01],
        [ 4.1101e-01, -3.0576e-01,  2.1401e-01, -4.9466e-02, -5.9516e-01,
         -2.3354e-01, -4.9273e-01, -1.9489e-01, -2.5314e-01, -2.2321e-01,
          8.2125e-02,  4.4790e-01,  1.4367e-01,  5.6858e-02, -1.9743e-01,
          1.7429e-01],
        [-5.3784e-02,  2.4265e-01,  1.0529e-01, -1.7998e-01,  3.7327e-01,
         -5.8873e-02,  2.7274e-01,  4.9894e-01,  3.4738e-01, -7.5281e-02,
         -5.4540e-02, -3.4403e-01, -1.6642e-01, -5.6279e-02,  4.7635e-01,
         -1.3009e-01],
        [-1.1132e-02,  2.3373e-02,  5.8798e-02,  3.1168e-01,  2.8698e-01,
          1.0793e-01,  2.4173e-01,  1.9016e-01,  3.7299e-01,  1.4704e-01,
          3.1026e-01, -5.1410e-01, -2.8628e-01, -2.6076e-01,  2.1451e-01,
          1.3592e-01],
        [ 3.9042e-01, -3.5705e-01, -9.7467e-03, -1.1176e-01, -2.4093e-01,
         -3.7730e-01, -4.1233e-01, -4.2493e-01, -4.4692e-01, -9.9277e-02,
          2.7651e-01,  3.9997e-01,  1.0881e-01,  2.5545e-01, -7.5008e-02,
          1.8612e-01],
        [ 1.7844e-02,  7.3856e-02,  1.1066e-01, -1.9271e-01, -3.0013e-01,
         -8.9220e-02, -2.3576e-02, -4.1041e-01, -5.6579e-01, -9.7740e-02,
         -1.8257e-01,  4.4141e-01,  1.8027e-01, -1.1282e-01, -3.9386e-01,
         -1.8878e-01],
        [ 4.1428e-02, -3.4860e-01, -1.4187e-02,  8.4473e-03, -7.7231e-02,
         -2.0094e-01,  1.4509e-01, -3.4346e-01, -6.9835e-01,  2.4403e-01,
          1.0879e-01,  1.5261e-01, -6.3003e-03,  6.0448e-02, -5.5426e-01,
          1.8017e-01],
        [-1.2965e-01, -1.1918e-01, -1.0373e-01,  2.1507e-01, -3.1400e-01,
         -1.7469e-01,  6.9018e-02, -4.9330e-01, -4.4307e-01, -1.6029e-01,
         -3.6628e-01,  2.0115e-01,  1.1809e-01,  1.4112e-01, -5.9650e-01,
         -7.6457e-02],
        [ 3.6753e-01, -2.0505e-01,  3.1065e-01, -3.4582e-01, -4.5255e-01,
         -1.3251e-01, -5.9569e-01, -2.5638e-01, -5.9238e-01, -5.5552e-03,
          2.2797e-01,  2.8779e-01,  4.9112e-01,  3.1819e-01, -9.7125e-02,
          3.4039e-01],
        [-2.0565e-01,  2.5030e-01,  1.6644e-01,  1.0245e-01,  5.1399e-01,
         -8.5460e-03,  3.1773e-01,  3.6130e-01,  2.1476e-01, -4.6173e-02,
          2.8341e-01, -4.4358e-01, -2.4784e-01, -6.2890e-02,  2.2185e-01,
          3.0193e-03],
        [ 1.7378e-01, -1.3842e-01, -1.8886e-02, -1.4838e-02, -4.6441e-01,
         -2.2972e-01, -8.4324e-02, -5.0360e-01, -2.3580e-01,  3.6661e-02,
         -3.2143e-02,  2.9462e-01,  3.8474e-01,  1.5263e-01, -1.7552e-01,
          1.3433e-01],
        [-3.3556e-01,  3.6423e-01, -2.8404e-01,  2.3341e-01,  1.6617e-01,
          1.5650e-01,  4.9389e-01,  4.9668e-01,  5.2802e-01,  2.0471e-01,
          5.8057e-02, -2.5381e-01, -1.3585e-01,  7.8434e-02,  2.6823e-01,
         -2.2856e-01],
        [-2.8858e-01,  2.3124e-01,  3.3104e-02, -4.7050e-02,  4.3280e-01,
          3.6535e-01,  4.7011e-01,  1.7184e-01,  4.2442e-01,  2.5179e-01,
         -3.3527e-01, -1.9794e-01, -5.0801e-01, -1.9805e-01,  1.9598e-01,
         -1.9708e-01],
        [-1.1793e-01, -6.0512e-02,  6.6219e-02,  7.5952e-02, -1.1991e-01,
         -2.5222e-01, -3.0427e-01, -5.2924e-01, -5.6620e-01, -9.0347e-02,
          5.9888e-03,  1.3019e-01, -5.2729e-02,  6.4772e-02, -4.9596e-01,
          3.6956e-02]], device='cuda:0', requires_grad=True)

Parameter name: road_linear_0.bias
Shape: torch.Size([32])
Values: Parameter containing:
tensor([-0.1090,  0.1401,  0.1947, -0.2052,  0.1701, -0.1581, -0.0152,  0.1288,
        -0.1202,  0.1305, -0.0464,  0.1077, -0.0309, -0.0865,  0.1414, -0.0295,
        -0.1655, -0.0703,  0.2047,  0.1312,  0.0877, -0.0948,  0.0997, -0.0985,
        -0.2087, -0.0293,  0.2381,  0.0584, -0.0162, -0.2602, -0.0799, -0.0548],
       device='cuda:0', requires_grad=True)

Parameter name: road_linear_1.weight
Shape: torch.Size([1, 32])
Values: Parameter containing:
tensor([[ 0.5124,  0.6654, -0.4422, -0.5685,  0.6404,  0.6076, -0.5812, -0.6507,
         -0.5864,  0.6994,  0.5051,  0.6736, -0.5827, -0.7428,  0.5982, -0.5760,
         -0.6043,  0.5775, -0.4150, -0.4503,  0.7269,  0.5037, -0.5614, -0.6719,
         -0.6363, -0.6694, -0.5180,  0.6354, -0.5902,  0.6303,  0.4691, -0.5091]],
       device='cuda:0', requires_grad=True)

Parameter name: linear_0.weight
Shape: torch.Size([32, 39])
Values: Parameter containing:
tensor([[-0.0218,  0.0991,  0.0529,  ...,  0.1923, -0.5161, -0.1137],
        [-0.1391, -0.0350,  0.1395,  ...,  0.0543, -0.4847,  0.0871],
        [ 0.0277, -0.0408,  0.0230,  ...,  0.0638,  0.4749,  0.0345],
        ...,
        [ 0.1398, -0.1583, -0.0405,  ..., -0.1701,  0.1976, -0.1180],
        [ 0.1131, -0.2151, -0.0744,  ..., -0.2304,  0.3441,  0.1557],
        [-0.2176,  0.1802,  0.0693,  ...,  0.0818, -0.4655, -0.0509]],
       device='cuda:0', requires_grad=True)

Parameter name: linear_0.bias
Shape: torch.Size([32])
Values: Parameter containing:
tensor([ 0.0859,  0.0284, -0.0622, -0.1364, -0.0842,  0.0408, -0.0847,  0.0717,
        -0.0389,  0.0480,  0.0516,  0.0173, -0.0248,  0.1055, -0.0231, -0.0174,
         0.0523, -0.1653, -0.0007,  0.0922, -0.0941, -0.0014,  0.1183,  0.0540,
        -0.1097,  0.1124,  0.0591, -0.1519,  0.0454,  0.1972,  0.1815, -0.1036],
       device='cuda:0', requires_grad=True)

Parameter name: linear_1.weight
Shape: torch.Size([32, 32])
Values: Parameter containing:
tensor([[ 9.2539e-02, -2.1648e-01,  2.1160e-04,  ...,  1.0755e-01,
         -3.6317e-03,  6.2614e-02],
        [-1.9078e-01, -5.9876e-02,  2.0139e-01,  ...,  2.0292e-01,
          1.0418e-02,  3.5291e-02],
        [ 1.3062e-01, -2.8964e-02, -2.4250e-01,  ..., -1.7931e-01,
         -1.7096e-02,  2.1033e-01],
        ...,
        [ 1.3690e-01,  9.0581e-02,  2.3619e-02,  ...,  4.1280e-02,
         -2.2875e-01,  3.2566e-01],
        [ 4.6306e-02, -2.2179e-01,  1.4686e-01,  ...,  3.2948e-01,
          2.6986e-01, -1.3409e-01],
        [ 1.4495e-02, -1.3482e-01,  2.8478e-01,  ...,  2.7084e-01,
          1.4952e-01, -5.9742e-02]], device='cuda:0', requires_grad=True)

Parameter name: linear_1.bias
Shape: torch.Size([32])
Values: Parameter containing:
tensor([ 0.1522,  0.1932, -0.0687, -0.1578,  0.0403, -0.0039, -0.0992,  0.0601,
         0.2145, -0.1777,  0.1351, -0.1903,  0.2427,  0.0728, -0.0637,  0.2146,
         0.0143, -0.1940,  0.0658,  0.0703, -0.0852,  0.0625, -0.2374,  0.2298,
         0.0127, -0.0902,  0.0802,  0.0107, -0.1984, -0.0826,  0.2040,  0.0591],
       device='cuda:0', requires_grad=True)

Parameter name: linear_2.weight
Shape: torch.Size([1, 32])
Values: Parameter containing:
tensor([[ 1.0598,  0.9868, -1.0462, -1.0252,  0.8936,  0.9103, -0.9614,  0.8773,
          0.9437, -1.0116, -0.9242,  0.9291,  0.9270,  0.9367,  0.9503,  0.9239,
         -1.0431, -1.0688,  0.9225,  0.9123, -0.9724, -0.9706, -1.0753,  0.9275,
          1.0141,  1.0507, -1.0468,  1.0250, -0.9651, -1.0665,  0.9728,  1.0459]],
       device='cuda:0', requires_grad=True)

Parameter name: linear_2.bias
Shape: torch.Size([1])
Values: Parameter containing:
tensor([0.8000], device='cuda:0', requires_grad=True)

