Parameter name: road_linear_0.weight
Shape: torch.Size([32, 16])
Values: Parameter containing:
tensor([[-3.9897e-04,  3.9504e-01,  3.0648e-01, -3.2588e-01, -1.9212e-01,
         -1.5293e-01, -7.9921e-02, -3.9301e-01, -2.6527e-01, -7.7350e-02,
         -2.6958e-02,  1.9720e-01, -3.1140e-01, -6.7514e-02, -4.0531e-02,
          3.8743e-01],
        [-2.4842e-01, -3.8798e-01, -9.9075e-02, -1.1825e-02, -2.5351e-02,
          2.4710e-01,  1.6546e-01,  1.6222e-01,  4.3949e-01,  1.3705e-01,
          2.9645e-01, -2.6287e-01,  3.6544e-01, -2.9845e-02,  3.4800e-01,
         -9.1797e-02],
        [ 9.4770e-02,  2.9588e-01,  3.9017e-01, -1.3115e-01, -1.0372e-01,
         -3.4707e-01, -9.5235e-02, -4.5070e-01, -7.2086e-02, -9.0179e-02,
         -1.5681e-01, -3.2160e-02,  1.3875e-02,  3.5287e-01, -2.6152e-02,
          2.8996e-01],
        [ 2.8481e-01,  1.1860e-01,  9.5955e-02, -8.7066e-02, -7.0098e-02,
         -2.1612e-01, -1.7975e-01, -1.2409e-01, -4.8449e-01, -4.2960e-01,
         -2.1628e-01,  3.8854e-01, -8.2733e-02, -1.1306e-01, -2.1940e-01,
          1.8212e-01],
        [-9.7151e-02,  3.4031e-02, -1.7190e-01, -2.3463e-02,  1.6828e-01,
          8.9504e-02,  5.0205e-02,  3.3112e-01,  1.9305e-01,  3.0548e-01,
          3.4679e-01, -1.6978e-01,  3.2922e-01, -2.3513e-01,  3.0103e-01,
         -1.7561e-01],
        [-2.1825e-02,  5.9438e-02, -3.7465e-01,  4.1745e-01,  3.6050e-01,
         -8.1245e-03,  2.9178e-01, -6.8819e-05,  3.2408e-01,  2.3565e-01,
         -7.5479e-02, -1.1280e-01,  1.3247e-01,  1.1464e-01,  4.3981e-01,
         -1.0793e-01],
        [ 3.6665e-01,  2.4625e-01,  4.0567e-01, -1.8309e-01, -5.8243e-02,
         -2.0877e-01, -1.8819e-01, -2.4113e-01, -3.0406e-01, -3.2085e-02,
         -4.3876e-02,  6.5728e-02, -3.6213e-01,  2.0596e-01, -3.0421e-01,
          1.6397e-01],
        [-5.7641e-02,  3.6340e-01,  3.6183e-01, -3.6083e-01, -3.4874e-01,
         -2.9992e-01, -1.0610e-01, -2.7597e-01, -2.5142e-01, -2.2916e-01,
         -9.3133e-02,  4.1948e-02, -4.3812e-02, -9.3530e-02, -1.2998e-01,
          3.7305e-01],
        [ 3.3313e-02,  3.5741e-01,  3.0252e-01, -2.4526e-01, -5.1235e-02,
         -3.4544e-01, -1.6082e-01, -1.0169e-01,  4.3320e-03, -3.1955e-01,
         -2.8292e-01,  5.4929e-02, -4.2144e-01,  1.6113e-01, -3.0032e-01,
          1.1005e-01],
        [-3.0196e-01, -1.6743e-01, -1.1209e-01,  1.2091e-03,  9.3949e-02,
          1.7051e-01,  7.8323e-02,  2.6069e-01,  3.2987e-01,  1.9527e-02,
          3.6478e-01, -2.6078e-02,  1.2274e-01, -9.7409e-02,  2.1069e-01,
         -2.3066e-01],
        [-3.7107e-01,  1.4184e-02, -7.7980e-02, -1.8809e-02, -2.7044e-02,
          4.4408e-01,  2.6657e-01,  1.5318e-01,  4.1995e-01,  2.8170e-01,
          2.2685e-01, -1.9940e-02,  2.0096e-01,  9.7880e-02,  3.1174e-02,
         -3.6444e-01],
        [-1.4062e-01, -2.0506e-01, -3.9287e-02,  1.0185e-01,  1.8961e-01,
          1.3737e-01,  3.9189e-01,  1.7069e-01,  2.2082e-01,  3.7135e-01,
          4.0884e-01,  4.6059e-02, -5.5010e-02, -2.6702e-01,  4.6059e-02,
         -2.3812e-01],
        [ 3.3549e-01,  2.9132e-01,  1.6705e-01, -1.7251e-01, -1.0544e-01,
          2.2921e-02, -8.9532e-02, -3.3011e-01, -3.7174e-01, -1.1684e-01,
         -1.7569e-01,  4.1483e-02, -4.4029e-01,  1.5823e-01, -2.5305e-01,
          5.4321e-02],
        [ 2.0956e-01,  4.0232e-01,  3.7087e-01, -1.2912e-02, -3.1373e-01,
         -2.2996e-02, -4.2018e-02, -7.7024e-02, -2.5568e-01, -1.7446e-01,
         -2.8034e-01,  1.1291e-01, -2.0460e-01,  6.0768e-02, -3.3541e-01,
          2.5491e-01],
        [-3.7917e-01, -3.5503e-01, -7.2952e-02, -3.3237e-02,  3.7421e-01,
          4.0646e-01,  1.1566e-01,  1.2874e-01,  2.2962e-02,  1.9770e-01,
          1.9189e-01, -3.1808e-01,  2.5907e-01, -1.1668e-01,  7.5434e-02,
         -1.8390e-01],
        [-4.7044e-02,  1.0583e-02,  2.1707e-01,  5.7045e-02, -3.7593e-01,
         -4.6958e-02, -2.3659e-01, -3.5876e-01, -3.2362e-01, -1.0363e-01,
         -1.5090e-01,  4.6450e-01, -3.0899e-01, -1.1051e-02,  1.2300e-04,
          1.3350e-01],
        [ 3.3012e-01,  3.3064e-01,  2.1593e-01, -3.6722e-01, -3.8421e-01,
         -5.9792e-02, -1.2259e-01, -3.0368e-02, -4.3014e-01, -2.1390e-01,
          6.8320e-02,  3.1321e-01,  3.0130e-02,  3.0432e-01, -1.5005e-01,
          5.6697e-03],
        [-3.0060e-01, -6.2180e-02, -2.5219e-01,  1.4746e-01,  1.4572e-01,
          3.0936e-01,  3.0312e-01,  2.9036e-01,  1.9588e-01,  3.0223e-01,
          1.0868e-02, -2.5867e-01,  1.1685e-01, -2.1855e-01,  3.0241e-01,
         -1.9559e-01],
        [ 2.2597e-01,  1.5283e-01,  1.4277e-01, -2.8128e-01, -2.1779e-01,
         -3.7289e-01, -3.2651e-01,  4.2346e-03, -5.1375e-01, -1.2390e-01,
         -1.1452e-01, -6.0041e-02, -1.4937e-01,  2.9523e-01, -6.0473e-02,
          2.1123e-01],
        [ 3.7477e-01,  1.8115e-01,  2.7561e-01, -9.6703e-02, -3.1367e-01,
         -2.3237e-01, -3.6604e-01,  2.1881e-02, -9.8329e-02, -2.9269e-01,
         -1.7188e-01,  2.5106e-01, -4.0643e-01,  1.1054e-01,  2.7816e-02,
          2.1957e-01],
        [-1.9090e-01,  9.8307e-05, -5.9176e-02, -5.9969e-02,  2.9091e-01,
         -2.0171e-02,  3.2407e-01,  3.8842e-01,  2.3998e-01,  9.3724e-02,
          1.0333e-02, -2.9397e-01,  1.3209e-01, -2.1254e-01,  4.0421e-01,
         -2.8112e-01],
        [-7.9845e-02, -4.0938e-01, -5.6207e-02,  3.9577e-01, -1.6632e-02,
          1.1613e-01,  2.7113e-01, -5.0211e-02,  7.5635e-02,  2.7859e-01,
          4.0003e-01, -2.6538e-01,  1.8714e-01, -3.7252e-01, -6.3024e-02,
          2.6868e-02],
        [ 3.6913e-01,  8.0210e-02,  5.9587e-02, -1.7078e-01, -1.8378e-03,
         -3.9910e-01, -3.0840e-01, -2.3544e-01, -3.0276e-01, -1.7230e-01,
          5.4876e-02,  2.1717e-01, -3.9481e-01,  3.2009e-01,  8.5390e-02,
          2.4271e-01],
        [ 2.6212e-01,  2.3515e-01,  3.4835e-01, -3.7517e-01, -2.4394e-01,
         -1.7618e-01, -1.8854e-01, -2.9575e-01, -4.0302e-01, -3.4101e-01,
         -1.3735e-01,  3.5365e-01,  1.1080e-02,  1.3315e-01, -1.9356e-01,
          4.5361e-02],
        [ 2.2627e-01, -4.1861e-02,  1.8574e-01, -1.3869e-01,  3.4760e-02,
         -2.8372e-01,  8.4193e-03, -2.1250e-01, -4.4348e-01,  2.2957e-02,
          4.1266e-02,  3.0949e-02, -3.6498e-01,  2.6765e-01, -3.4722e-01,
          3.7847e-01],
        [ 5.1780e-02,  8.7518e-02,  9.8379e-02,  6.9836e-02, -2.3164e-01,
         -2.1717e-01, -4.2211e-02, -3.5111e-01, -2.2494e-01, -3.7383e-01,
         -3.6527e-01,  1.2577e-01, -1.5833e-01,  3.2359e-01, -4.0846e-01,
          1.0865e-01],
        [ 2.3060e-01,  2.5516e-01,  3.1169e-01, -3.5946e-01, -1.8662e-01,
         -1.0676e-01, -3.7491e-01, -3.5577e-02, -4.4194e-01, -1.6469e-02,
         -5.8220e-02,  9.8782e-02, -8.8591e-02,  3.0782e-01,  9.2382e-02,
          3.2245e-01],
        [-3.2732e-01, -1.0338e-01,  6.5114e-03,  2.1645e-01,  3.1389e-01,
          2.9377e-02,  3.8286e-01,  1.7571e-01, -5.6793e-03,  1.2229e-01,
          3.7943e-01, -2.7654e-01,  1.4440e-01, -2.2329e-01, -1.9491e-03,
         -1.4395e-01],
        [ 3.1797e-01,  1.9598e-01,  1.5266e-01, -1.4687e-01, -3.1546e-01,
         -3.0015e-01, -1.6959e-01, -3.6202e-01, -7.7759e-02, -1.3560e-01,
         -1.0593e-01,  1.5624e-01,  2.7592e-02,  3.3335e-01, -1.0202e-02,
          2.9829e-01],
        [-2.6981e-01, -4.2234e-02, -3.1897e-01,  2.5271e-01, -7.4172e-02,
          1.4702e-01,  3.4195e-01,  3.0893e-01,  4.0228e-01,  2.4330e-01,
          2.2631e-01, -8.5900e-02,  3.3017e-01,  6.0935e-02,  1.4780e-01,
         -2.4093e-01],
        [-3.0288e-01, -2.3577e-01, -6.2247e-02,  3.7099e-02,  2.1472e-01,
          4.0522e-01,  4.0936e-01,  1.3095e-03,  2.9433e-01,  3.5263e-01,
         -8.4645e-02, -3.3724e-02,  3.6143e-02, -3.0011e-01,  3.7491e-02,
         -2.8265e-01],
        [ 4.7701e-02,  2.3055e-01,  2.4615e-01, -4.5303e-02,  6.3197e-03,
         -3.1481e-01, -4.1460e-01, -3.7496e-01, -3.8562e-01, -2.7872e-01,
         -3.6298e-02, -7.9129e-03, -3.5942e-01,  2.7078e-01, -2.6257e-01,
          2.0444e-01]], device='cuda:0', requires_grad=True)

Parameter name: road_linear_0.bias
Shape: torch.Size([32])
Values: Parameter containing:
tensor([-0.0708, -0.0184, -0.0172, -0.0333,  0.0114, -0.2323,  0.0951,  0.1205,
        -0.0592, -0.0031,  0.0448,  0.0800,  0.1312,  0.0710,  0.0658, -0.0188,
        -0.0219, -0.0392,  0.0796, -0.0341, -0.1047, -0.0645, -0.0324,  0.0362,
        -0.0410,  0.1324,  0.1547,  0.0496, -0.1019, -0.1812,  0.0266,  0.0226],
       device='cuda:0', requires_grad=True)

Parameter name: road_linear_1.weight
Shape: torch.Size([1, 32])
Values: Parameter containing:
tensor([[-0.2233,  0.3169, -0.2339, -0.2650,  0.3089,  0.3666, -0.2860, -0.3779,
         -0.3263,  0.3478,  0.2705,  0.3823, -0.2702, -0.4012,  0.2890, -0.2499,
         -0.3256,  0.3367, -0.2369, -0.2409,  0.4092,  0.3228, -0.3767, -0.3794,
         -0.2968, -0.3367, -0.3240,  0.3486, -0.3550,  0.3852,  0.3076, -0.2410]],
       device='cuda:0', requires_grad=True)

Parameter name: linear_0.weight
Shape: torch.Size([32, 39])
Values: Parameter containing:
tensor([[-0.0083,  0.1237,  0.0685,  ...,  0.1988, -0.3122, -0.1137],
        [-0.0751, -0.0606,  0.1187,  ...,  0.1030, -0.2879,  0.0871],
        [-0.1107,  0.1689,  0.0919,  ...,  0.2002,  0.0221,  0.0345],
        ...,
        [ 0.0980, -0.1246, -0.0365,  ..., -0.1711, -0.0230, -0.1180],
        [ 0.0406, -0.1906, -0.0399,  ..., -0.2626,  0.0936,  0.1557],
        [-0.1858,  0.1410,  0.0496,  ...,  0.0722, -0.2464, -0.0509]],
       device='cuda:0', requires_grad=True)

Parameter name: linear_0.bias
Shape: torch.Size([32])
Values: Parameter containing:
tensor([ 0.0546,  0.0314, -0.0941, -0.1542, -0.0804, -0.0076, -0.1028,  0.0418,
        -0.0338,  0.0587,  0.0291, -0.0039,  0.0097,  0.1013, -0.0445, -0.0135,
         0.0491, -0.1654,  0.0037,  0.0814, -0.0635,  0.0188,  0.1102,  0.0228,
        -0.1096,  0.0975,  0.0433, -0.0993,  0.0468,  0.2033,  0.1680, -0.1272],
       device='cuda:0', requires_grad=True)

Parameter name: linear_1.weight
Shape: torch.Size([32, 32])
Values: Parameter containing:
tensor([[ 0.0495, -0.1631, -0.1901,  ...,  0.0348, -0.0454,  0.0651],
        [-0.2201, -0.0148, -0.0204,  ...,  0.1381, -0.0288,  0.0483],
        [ 0.1506, -0.0501, -0.0366,  ..., -0.1410,  0.0028,  0.1874],
        ...,
        [ 0.1461,  0.0571,  0.2123,  ...,  0.1058, -0.1757,  0.2462],
        [-0.0160, -0.1373, -0.0465,  ...,  0.2399,  0.2151, -0.1738],
        [-0.0044, -0.1097,  0.1267,  ...,  0.2222,  0.1272, -0.0450]],
       device='cuda:0', requires_grad=True)

Parameter name: linear_1.bias
Shape: torch.Size([32])
Values: Parameter containing:
tensor([ 0.1001,  0.1476, -0.0462, -0.1004, -0.1057, -0.1758, -0.0639, -0.0269,
         0.1411, -0.1700,  0.1342, -0.1289,  0.1983,  0.0928, -0.1090,  0.1239,
        -0.1357, -0.1789,  0.0768,  0.0104, -0.0153,  0.0809, -0.2071,  0.2177,
        -0.0457, -0.0111,  0.0768, -0.0426, -0.1511, -0.0579,  0.1237,  0.0304],
       device='cuda:0', requires_grad=True)

Parameter name: linear_2.weight
Shape: torch.Size([1, 32])
Values: Parameter containing:
tensor([[ 0.3844,  0.3083, -0.3479, -0.3782, -0.2334, -0.2273, -0.2921,  0.2600,
          0.2845, -0.3014, -0.2558,  0.2707,  0.2790,  0.2350,  0.2953,  0.2779,
         -0.3764, -0.3816,  0.2286,  0.2747, -0.3345, -0.2844, -0.3867,  0.2305,
          0.3489,  0.4010, -0.3565,  0.3742, -0.2924, -0.3814,  0.3452,  0.3852]],
       device='cuda:0', requires_grad=True)

Parameter name: linear_2.bias
Shape: torch.Size([1])
Values: Parameter containing:
tensor([0.1375], device='cuda:0', requires_grad=True)

Parameter name: road_linear_0.weight
Shape: torch.Size([32, 16])
Values: Parameter containing:
tensor([[ 0.0146,  0.3454,  0.3227, -0.3480, -0.0366, -0.1821, -0.0709, -0.3973,
         -0.1830, -0.0826,  0.0368,  0.1826,  0.0693, -0.0526,  0.3231,  0.3590],
        [-0.2798, -0.3321, -0.1293,  0.0169, -0.1497,  0.2903,  0.1936,  0.1766,
          0.4080,  0.1351,  0.2136, -0.2812, -0.0099, -0.0475, -0.0073, -0.0815],
        [ 0.1001,  0.2389,  0.4008, -0.1399,  0.1317, -0.3767, -0.0665, -0.4196,
          0.0483, -0.0782, -0.0874, -0.0548,  0.4041,  0.3078,  0.4375,  0.2597],
        [ 0.2946,  0.0618,  0.1070, -0.0940,  0.0906, -0.2341, -0.1747, -0.1037,
         -0.4133, -0.4018, -0.0998,  0.3729,  0.2930, -0.1266,  0.1473,  0.1561],
        [-0.1240,  0.1268, -0.1938,  0.0031,  0.0648,  0.1324,  0.0744,  0.3563,
          0.1702,  0.2950,  0.2226, -0.2006, -0.0656, -0.2340, -0.0961, -0.1362],
        [-0.0271,  0.1496, -0.3789,  0.4180,  0.1677,  0.0108,  0.2810, -0.0153,
          0.2600,  0.2084, -0.1428, -0.1056, -0.2574,  0.1247,  0.0231, -0.0704],
        [ 0.3951,  0.1944,  0.4325, -0.2043,  0.1191, -0.2535, -0.2139, -0.2463,
         -0.2572, -0.0260, -0.0123,  0.0734, -0.0243,  0.2281, -0.0069,  0.1582],
        [-0.0435,  0.3092,  0.3746, -0.3634, -0.1547, -0.3332, -0.1109, -0.2527,
         -0.1840, -0.2128, -0.0664,  0.0273,  0.2616, -0.0849,  0.1649,  0.3620],
        [ 0.0587,  0.2974,  0.3265, -0.2711,  0.0204, -0.3862, -0.1873, -0.1196,
          0.0340, -0.3130, -0.1043,  0.0837, -0.0708,  0.1407,  0.0206,  0.0920],
        [-0.3108, -0.0788, -0.1192,  0.0069, -0.0321,  0.1954,  0.0726,  0.2595,
          0.2804, -0.0059,  0.2301, -0.0330, -0.2722, -0.0731, -0.1962, -0.1872],
        [-0.3701,  0.0792, -0.0789, -0.0259, -0.1663,  0.4574,  0.2477,  0.1261,
          0.3430,  0.2462,  0.0601,  0.0011, -0.1698,  0.1356, -0.3932, -0.3256],
        [-0.1466, -0.1374, -0.0437,  0.1071,  0.1228,  0.1557,  0.3922,  0.1688,
          0.1765,  0.3423,  0.1466,  0.0402, -0.4116, -0.2011, -0.2648, -0.1954],
        [ 0.3730,  0.2130,  0.2044, -0.2086,  0.0635, -0.0349, -0.1200, -0.3472,
         -0.3498, -0.1221, -0.1134,  0.0551, -0.0131,  0.1989,  0.1814,  0.0317],
        [ 0.2403,  0.3489,  0.3989, -0.0378, -0.1887, -0.0678, -0.0774, -0.0945,
         -0.2305, -0.1734, -0.2084,  0.1356,  0.1428,  0.0749, -0.0270,  0.2492],
        [-0.3974, -0.2967, -0.0907, -0.0255,  0.2143,  0.4487,  0.1228,  0.1281,
         -0.0310,  0.1836,  0.1205, -0.3230, -0.0947, -0.1179, -0.2877, -0.1669],
        [-0.0775, -0.1597,  0.1856,  0.0794, -0.2062, -0.0291, -0.1659, -0.3006,
         -0.1819, -0.0147,  0.0131,  0.4431,  0.1326, -0.0804,  0.4337,  0.0310],
        [ 0.3343,  0.2670,  0.2194, -0.3686, -0.2159, -0.0736, -0.1237, -0.0085,
         -0.3625, -0.1861,  0.1445,  0.2952,  0.3540,  0.2859,  0.1323, -0.0206],
        [-0.3172, -0.0151, -0.2670,  0.1562, -0.0038,  0.3394,  0.3143,  0.2829,
          0.1393,  0.2850, -0.0426, -0.2543, -0.1749, -0.2229,  0.0378, -0.1837],
        [ 0.2513,  0.1229,  0.1749, -0.3123, -0.0166, -0.4141, -0.3100,  0.0226,
         -0.3943, -0.1325, -0.0363, -0.0731,  0.2041,  0.2556,  0.3742,  0.2026],
        [ 0.3904,  0.1308,  0.2914, -0.1072, -0.1810, -0.2676, -0.3758,  0.0254,
         -0.0420, -0.2757, -0.0604,  0.2541, -0.0671,  0.1039,  0.3323,  0.2019],
        [-0.2073,  0.0791, -0.0729, -0.0450,  0.1567,  0.0085,  0.3369,  0.3993,
          0.2005,  0.0782, -0.0736, -0.3104, -0.2131, -0.2151,  0.0338, -0.2549],
        [-0.0816, -0.3324, -0.0588,  0.3908, -0.1428,  0.1410,  0.2548, -0.0632,
          0.0128,  0.2508,  0.2436, -0.2633, -0.1610, -0.3375, -0.4530,  0.0647],
        [ 0.3768,  0.0271,  0.0669, -0.1689,  0.1516, -0.4231, -0.3096, -0.2150,
         -0.2347, -0.1490,  0.1251,  0.2050, -0.1039,  0.3094,  0.3816,  0.2231],
        [ 0.2764,  0.1964,  0.3604, -0.3822, -0.0945, -0.2021, -0.2042, -0.2744,
         -0.3463, -0.3231, -0.0995,  0.3402,  0.2610,  0.1461,  0.0093,  0.0395],
        [ 0.2336, -0.1415,  0.1934, -0.1494,  0.1799, -0.2970,  0.0165, -0.2005,
         -0.3753,  0.0552,  0.1779,  0.0261,  0.0613,  0.2404,  0.0871,  0.3273],
        [ 0.0789,  0.0110,  0.1242,  0.0493, -0.0886, -0.2699, -0.0622, -0.3708,
         -0.1926, -0.3676, -0.2887,  0.1504,  0.2087,  0.3403, -0.0092,  0.0856],
        [ 0.2339,  0.2015,  0.3156, -0.3565, -0.0109, -0.1262, -0.3755, -0.0041,
         -0.3635,  0.0102,  0.0082,  0.0766,  0.2068,  0.2961,  0.3677,  0.3017],
        [-0.3369, -0.0337, -0.0008,  0.2199,  0.2101,  0.0538,  0.3826,  0.1758,
         -0.0527,  0.0970,  0.2106, -0.2815, -0.2180, -0.1898, -0.3487, -0.1074],
        [ 0.3232,  0.1402,  0.1572, -0.1424, -0.1903, -0.3215, -0.1646, -0.3472,
         -0.0159, -0.1092,  0.0079,  0.1470,  0.3208,  0.3080,  0.3029,  0.2722],
        [-0.2878,  0.0046, -0.3355,  0.2622, -0.2290,  0.1807,  0.3550,  0.2983,
          0.3462,  0.2294,  0.1808, -0.0819,  0.0433,  0.0503, -0.1080, -0.2319],
        [-0.3027, -0.1740, -0.0633,  0.0328,  0.0614,  0.4178,  0.4008, -0.0249,
          0.2193,  0.3206, -0.1974, -0.0151, -0.2955, -0.2666, -0.3050, -0.2516],
        [ 0.0873,  0.2006,  0.2866, -0.0913,  0.1695, -0.3633, -0.4402, -0.3855,
         -0.3075, -0.2936,  0.0363,  0.0059, -0.0021,  0.2635,  0.0563,  0.2088]],
       device='cuda:0', requires_grad=True)

Parameter name: road_linear_0.bias
Shape: torch.Size([32])
Values: Parameter containing:
tensor([-0.0893, -0.0660,  0.1908, -0.0223, -0.0932, -0.0420,  0.0799,  0.0685,
        -0.0197, -0.0645, -0.0367,  0.0496,  0.1352,  0.1073, -0.0233, -0.0089,
        -0.1356,  0.0169,  0.1228,  0.0248, -0.0208, -0.1834, -0.0062, -0.0446,
        -0.0299,  0.2332,  0.1298,  0.0121, -0.0439, -0.1549,  0.0088,  0.0367],
       device='cuda:0', requires_grad=True)

Parameter name: road_linear_1.weight
Shape: torch.Size([1, 32])
Values: Parameter containing:
tensor([[-0.1996,  0.2918, -0.2161, -0.2488,  0.2773,  0.3258, -0.2673, -0.3693,
         -0.2922,  0.3158,  0.2539,  0.3668, -0.2312, -0.3691,  0.2910, -0.1692,
         -0.2898,  0.3289, -0.2201, -0.2340,  0.3543,  0.3469, -0.3656, -0.3706,
         -0.2723, -0.3025, -0.3109,  0.3355, -0.3558,  0.3759,  0.2903, -0.2284]],
       device='cuda:0', requires_grad=True)

Parameter name: linear_0.weight
Shape: torch.Size([32, 39])
Values: Parameter containing:
tensor([[-0.0124, -0.0045,  0.0256,  ...,  0.2094, -0.3555, -0.1137],
        [-0.0831, -0.1910,  0.0826,  ...,  0.1458, -0.3313,  0.0871],
        [-0.0528,  0.1589,  0.0914,  ...,  0.0101,  0.2384,  0.0345],
        ...,
        [ 0.0405, -0.1573,  0.0126,  ...,  0.0676, -0.2833, -0.1180],
        [ 0.0357, -0.0693,  0.0066,  ..., -0.3037,  0.1296,  0.1557],
        [-0.0837,  0.1626,  0.0125,  ..., -0.1730,  0.0667, -0.0509]],
       device='cuda:0', requires_grad=True)

Parameter name: linear_0.bias
Shape: torch.Size([32])
Values: Parameter containing:
tensor([ 0.0512,  0.0544, -0.0932, -0.1202, -0.0574,  0.0456, -0.1294,  0.0622,
        -0.0464,  0.0925,  0.0334,  0.0078,  0.0094,  0.0628, -0.0785, -0.0204,
         0.0467, -0.1419, -0.0322, -0.0149, -0.1091,  0.0482,  0.0817, -0.0067,
        -0.0849,  0.0669,  0.0240, -0.0961,  0.0642,  0.1475,  0.1363, -0.0661],
       device='cuda:0', requires_grad=True)

Parameter name: linear_1.weight
Shape: torch.Size([32, 32])
Values: Parameter containing:
tensor([[ 0.0364, -0.1979, -0.0799,  ..., -0.1417, -0.0153,  0.2639],
        [-0.2384, -0.0465,  0.1051,  ..., -0.0721, -0.0026,  0.2722],
        [ 0.1666, -0.0178, -0.1772,  ...,  0.0844, -0.0243, -0.0699],
        ...,
        [ 0.1539,  0.1135,  0.0807,  ...,  0.2651, -0.2229,  0.0538],
        [-0.0549, -0.1755,  0.0774,  ...,  0.0010,  0.2496,  0.0877],
        [-0.0203, -0.1234,  0.2119,  ...,  0.0494,  0.1401,  0.1327]],
       device='cuda:0', requires_grad=True)

Parameter name: linear_1.bias
Shape: torch.Size([32])
Values: Parameter containing:
tensor([ 0.0870,  0.1226, -0.0354, -0.0549, -0.0315, -0.0354, -0.0325, -0.0626,
         0.1100, -0.1753,  0.1225, -0.1329,  0.1650, -0.0184, -0.1430,  0.1055,
        -0.1273, -0.1538,  0.0133, -0.0297,  0.0086,  0.1086, -0.1893,  0.2024,
        -0.0697, -0.0287,  0.0881, -0.0371, -0.1121, -0.0602,  0.1111,  0.0009],
       device='cuda:0', requires_grad=True)

Parameter name: linear_2.weight
Shape: torch.Size([1, 32])
Values: Parameter containing:
tensor([[ 0.5241,  0.4484, -0.5267, -0.5297,  0.3748,  0.3830, -0.4310,  0.4398,
          0.4395, -0.4626, -0.4526,  0.4134,  0.4356, -0.3767,  0.4566,  0.4051,
         -0.5343, -0.5255,  0.4025,  0.4197, -0.4876, -0.4606, -0.5241,  0.3595,
          0.4988,  0.5251, -0.4991,  0.5672, -0.4347, -0.5164,  0.5014,  0.5162]],
       device='cuda:0', requires_grad=True)

Parameter name: linear_2.bias
Shape: torch.Size([1])
Values: Parameter containing:
tensor([0.2451], device='cuda:0', requires_grad=True)

Parameter name: road_linear_0.weight
Shape: torch.Size([32, 16])
Values: Parameter containing:
tensor([[ 0.0146,  0.3454,  0.3227, -0.3480, -0.0366, -0.1821, -0.0709, -0.3973,
         -0.1830, -0.0826,  0.0368,  0.1826,  0.0693, -0.0526,  0.3231,  0.3589],
        [-0.2798, -0.3321, -0.1293,  0.0169, -0.1497,  0.2903,  0.1936,  0.1766,
          0.4080,  0.1351,  0.2136, -0.2812, -0.0099, -0.0475, -0.0073, -0.0815],
        [ 0.1001,  0.2389,  0.4008, -0.1399,  0.1317, -0.3767, -0.0665, -0.4196,
          0.0483, -0.0782, -0.0874, -0.0548,  0.4041,  0.3078,  0.4375,  0.2597],
        [ 0.2946,  0.0618,  0.1070, -0.0940,  0.0906, -0.2341, -0.1747, -0.1037,
         -0.4133, -0.4018, -0.0998,  0.3729,  0.2930, -0.1266,  0.1473,  0.1561],
        [-0.1240,  0.1268, -0.1938,  0.0031,  0.0648,  0.1324,  0.0744,  0.3563,
          0.1702,  0.2950,  0.2226, -0.2006, -0.0656, -0.2340, -0.0961, -0.1362],
        [-0.0271,  0.1496, -0.3789,  0.4180,  0.1677,  0.0108,  0.2810, -0.0153,
          0.2600,  0.2084, -0.1428, -0.1056, -0.2574,  0.1247,  0.0231, -0.0704],
        [ 0.3951,  0.1944,  0.4325, -0.2043,  0.1191, -0.2535, -0.2139, -0.2463,
         -0.2572, -0.0260, -0.0123,  0.0734, -0.0243,  0.2281, -0.0069,  0.1582],
        [-0.0435,  0.3092,  0.3746, -0.3634, -0.1547, -0.3332, -0.1109, -0.2527,
         -0.1840, -0.2128, -0.0664,  0.0273,  0.2616, -0.0849,  0.1649,  0.3620],
        [ 0.0587,  0.2974,  0.3265, -0.2711,  0.0204, -0.3862, -0.1873, -0.1196,
          0.0340, -0.3130, -0.1043,  0.0837, -0.0708,  0.1407,  0.0206,  0.0920],
        [-0.3108, -0.0788, -0.1192,  0.0069, -0.0321,  0.1954,  0.0726,  0.2595,
          0.2804, -0.0059,  0.2301, -0.0330, -0.2722, -0.0731, -0.1962, -0.1872],
        [-0.3701,  0.0792, -0.0789, -0.0259, -0.1663,  0.4574,  0.2477,  0.1261,
          0.3430,  0.2462,  0.0601,  0.0011, -0.1698,  0.1356, -0.3932, -0.3256],
        [-0.1466, -0.1374, -0.0436,  0.1071,  0.1228,  0.1557,  0.3922,  0.1688,
          0.1765,  0.3423,  0.1466,  0.0402, -0.4116, -0.2011, -0.2648, -0.1954],
        [ 0.3730,  0.2130,  0.2044, -0.2086,  0.0635, -0.0349, -0.1200, -0.3472,
         -0.3498, -0.1221, -0.1134,  0.0551, -0.0131,  0.1989,  0.1814,  0.0317],
        [ 0.2403,  0.3489,  0.3989, -0.0377, -0.1887, -0.0678, -0.0774, -0.0945,
         -0.2305, -0.1734, -0.2084,  0.1356,  0.1428,  0.0749, -0.0270,  0.2492],
        [-0.3974, -0.2967, -0.0907, -0.0255,  0.2143,  0.4487,  0.1228,  0.1281,
         -0.0310,  0.1836,  0.1205, -0.3230, -0.0947, -0.1179, -0.2877, -0.1668],
        [-0.0775, -0.1597,  0.1856,  0.0794, -0.2062, -0.0291, -0.1659, -0.3006,
         -0.1819, -0.0147,  0.0131,  0.4431,  0.1326, -0.0804,  0.4337,  0.0310],
        [ 0.3343,  0.2670,  0.2194, -0.3686, -0.2159, -0.0736, -0.1237, -0.0085,
         -0.3625, -0.1861,  0.1445,  0.2952,  0.3540,  0.2859,  0.1323, -0.0206],
        [-0.3172, -0.0151, -0.2670,  0.1562, -0.0038,  0.3394,  0.3143,  0.2829,
          0.1393,  0.2850, -0.0426, -0.2543, -0.1749, -0.2229,  0.0378, -0.1837],
        [ 0.2513,  0.1228,  0.1749, -0.3123, -0.0166, -0.4141, -0.3100,  0.0226,
         -0.3943, -0.1325, -0.0363, -0.0731,  0.2041,  0.2556,  0.3742,  0.2026],
        [ 0.3904,  0.1308,  0.2914, -0.1072, -0.1810, -0.2676, -0.3758,  0.0254,
         -0.0420, -0.2757, -0.0604,  0.2541, -0.0671,  0.1039,  0.3323,  0.2019],
        [-0.2073,  0.0791, -0.0729, -0.0450,  0.1567,  0.0085,  0.3369,  0.3993,
          0.2005,  0.0782, -0.0736, -0.3104, -0.2131, -0.2151,  0.0338, -0.2549],
        [-0.0816, -0.3324, -0.0588,  0.3908, -0.1428,  0.1410,  0.2548, -0.0632,
          0.0128,  0.2508,  0.2436, -0.2633, -0.1610, -0.3375, -0.4530,  0.0647],
        [ 0.3768,  0.0271,  0.0669, -0.1689,  0.1516, -0.4231, -0.3096, -0.2150,
         -0.2347, -0.1490,  0.1251,  0.2050, -0.1039,  0.3094,  0.3816,  0.2231],
        [ 0.2764,  0.1964,  0.3604, -0.3822, -0.0945, -0.2021, -0.2042, -0.2744,
         -0.3463, -0.3231, -0.0995,  0.3402,  0.2610,  0.1461,  0.0093,  0.0395],
        [ 0.2336, -0.1415,  0.1934, -0.1494,  0.1799, -0.2970,  0.0165, -0.2005,
         -0.3753,  0.0552,  0.1779,  0.0261,  0.0613,  0.2404,  0.0871,  0.3273],
        [ 0.0789,  0.0110,  0.1242,  0.0493, -0.0886, -0.2699, -0.0622, -0.3709,
         -0.1926, -0.3676, -0.2887,  0.1504,  0.2087,  0.3403, -0.0092,  0.0856],
        [ 0.2339,  0.2015,  0.3156, -0.3565, -0.0109, -0.1262, -0.3755, -0.0041,
         -0.3635,  0.0102,  0.0082,  0.0766,  0.2068,  0.2961,  0.3677,  0.3017],
        [-0.3369, -0.0337, -0.0008,  0.2199,  0.2101,  0.0538,  0.3826,  0.1758,
         -0.0527,  0.0970,  0.2106, -0.2815, -0.2180, -0.1898, -0.3487, -0.1074],
        [ 0.3232,  0.1402,  0.1572, -0.1424, -0.1903, -0.3215, -0.1646, -0.3472,
         -0.0159, -0.1092,  0.0079,  0.1470,  0.3208,  0.3080,  0.3029,  0.2722],
        [-0.2878,  0.0046, -0.3355,  0.2622, -0.2290,  0.1807,  0.3550,  0.2983,
          0.3462,  0.2294,  0.1808, -0.0819,  0.0433,  0.0503, -0.1080, -0.2319],
        [-0.3027, -0.1740, -0.0633,  0.0328,  0.0614,  0.4178,  0.4008, -0.0249,
          0.2193,  0.3206, -0.1974, -0.0151, -0.2955, -0.2666, -0.3050, -0.2516],
        [ 0.0873,  0.2006,  0.2866, -0.0913,  0.1695, -0.3632, -0.4402, -0.3855,
         -0.3075, -0.2936,  0.0363,  0.0059, -0.0021,  0.2635,  0.0563,  0.2088]],
       device='cuda:0', requires_grad=True)

Parameter name: road_linear_0.bias
Shape: torch.Size([32])
Values: Parameter containing:
tensor([-0.0893, -0.0660,  0.1908, -0.0223, -0.0932, -0.0420,  0.0799,  0.0685,
        -0.0197, -0.0645, -0.0367,  0.0496,  0.1352,  0.1073, -0.0233, -0.0089,
        -0.1356,  0.0169,  0.1228,  0.0248, -0.0208, -0.1834, -0.0062, -0.0446,
        -0.0299,  0.2332,  0.1298,  0.0121, -0.0439, -0.1549,  0.0088,  0.0367],
       device='cuda:0', requires_grad=True)

Parameter name: road_linear_1.weight
Shape: torch.Size([1, 32])
Values: Parameter containing:
tensor([[-0.1996,  0.2918, -0.2161, -0.2488,  0.2773,  0.3258, -0.2673, -0.3693,
         -0.2922,  0.3158,  0.2539,  0.3668, -0.2312, -0.3691,  0.2910, -0.1692,
         -0.2898,  0.3289, -0.2201, -0.2340,  0.3543,  0.3469, -0.3656, -0.3706,
         -0.2723, -0.3025, -0.3109,  0.3355, -0.3558,  0.3759,  0.2903, -0.2284]],
       device='cuda:0', requires_grad=True)

Parameter name: linear_0.weight
Shape: torch.Size([32, 39])
Values: Parameter containing:
tensor([[-0.0124, -0.0045,  0.0256,  ...,  0.2094, -0.3555, -0.1137],
        [-0.0831, -0.1910,  0.0826,  ...,  0.1458, -0.3313,  0.0871],
        [-0.0528,  0.1589,  0.0914,  ...,  0.0101,  0.2384,  0.0345],
        ...,
        [ 0.0405, -0.1573,  0.0126,  ...,  0.0676, -0.2833, -0.1180],
        [ 0.0357, -0.0693,  0.0066,  ..., -0.3037,  0.1296,  0.1557],
        [-0.0837,  0.1626,  0.0125,  ..., -0.1730,  0.0667, -0.0509]],
       device='cuda:0', requires_grad=True)

Parameter name: linear_0.bias
Shape: torch.Size([32])
Values: Parameter containing:
tensor([ 0.0512,  0.0544, -0.0932, -0.1202, -0.0574,  0.0456, -0.1294,  0.0622,
        -0.0464,  0.0925,  0.0334,  0.0078,  0.0094,  0.0628, -0.0785, -0.0204,
         0.0467, -0.1419, -0.0322, -0.0149, -0.1091,  0.0482,  0.0817, -0.0067,
        -0.0849,  0.0669,  0.0240, -0.0961,  0.0642,  0.1475,  0.1363, -0.0661],
       device='cuda:0', requires_grad=True)

Parameter name: linear_1.weight
Shape: torch.Size([32, 32])
Values: Parameter containing:
tensor([[ 0.0364, -0.1979, -0.0799,  ..., -0.1417, -0.0153,  0.2639],
        [-0.2384, -0.0465,  0.1051,  ..., -0.0721, -0.0026,  0.2722],
        [ 0.1666, -0.0178, -0.1772,  ...,  0.0844, -0.0243, -0.0699],
        ...,
        [ 0.1539,  0.1135,  0.0807,  ...,  0.2651, -0.2229,  0.0538],
        [-0.0549, -0.1755,  0.0774,  ...,  0.0010,  0.2496,  0.0877],
        [-0.0203, -0.1234,  0.2119,  ...,  0.0494,  0.1401,  0.1327]],
       device='cuda:0', requires_grad=True)

Parameter name: linear_1.bias
Shape: torch.Size([32])
Values: Parameter containing:
tensor([ 0.0870,  0.1226, -0.0354, -0.0549, -0.0315, -0.0354, -0.0325, -0.0626,
         0.1100, -0.1753,  0.1225, -0.1329,  0.1650, -0.0184, -0.1430,  0.1055,
        -0.1273, -0.1538,  0.0133, -0.0297,  0.0086,  0.1086, -0.1893,  0.2024,
        -0.0697, -0.0287,  0.0881, -0.0371, -0.1121, -0.0602,  0.1111,  0.0009],
       device='cuda:0', requires_grad=True)

Parameter name: linear_2.weight
Shape: torch.Size([1, 32])
Values: Parameter containing:
tensor([[ 0.5241,  0.4484, -0.5267, -0.5297,  0.3748,  0.3830, -0.4310,  0.4398,
          0.4395, -0.4626, -0.4526,  0.4134,  0.4356, -0.3767,  0.4566,  0.4051,
         -0.5343, -0.5255,  0.4025,  0.4197, -0.4876, -0.4606, -0.5241,  0.3595,
          0.4988,  0.5251, -0.4991,  0.5672, -0.4347, -0.5164,  0.5014,  0.5162]],
       device='cuda:0', requires_grad=True)

Parameter name: linear_2.bias
Shape: torch.Size([1])
Values: Parameter containing:
tensor([0.2451], device='cuda:0', requires_grad=True)

Parameter name: road_linear_0.weight
Shape: torch.Size([32, 16])
Values: Parameter containing:
tensor([[ 0.0012,  0.3480,  0.3138, -0.3059, -0.3348, -0.2021, -0.0871, -0.4865,
         -0.2638, -0.0793, -0.0124,  0.2534,  0.1116, -0.0355,  0.0470,  0.3630],
        [-0.2565, -0.3284, -0.1108, -0.0174,  0.0770,  0.2856,  0.1947,  0.2351,
          0.4624,  0.1476,  0.2736, -0.3155, -0.0256, -0.0759,  0.2454, -0.0791],
        [ 0.0840,  0.2373,  0.3870, -0.1018, -0.1934, -0.3821, -0.0783, -0.5065,
         -0.0419, -0.0788, -0.1265, -0.0008,  0.4406,  0.3627,  0.1569,  0.2605],
        [ 0.2789,  0.0624,  0.0953, -0.0638, -0.1643, -0.2389, -0.1869, -0.1831,
         -0.4985, -0.4201, -0.1071,  0.4285,  0.3137, -0.0795, -0.1089,  0.1568],
        [-0.0972,  0.0975, -0.1766, -0.0390,  0.2734,  0.1251,  0.0725,  0.4054,
          0.2152,  0.3099,  0.3062, -0.2193, -0.0793, -0.2731,  0.1770, -0.1531],
        [-0.0116,  0.1370, -0.3690,  0.3932,  0.4475,  0.0150,  0.2923,  0.0502,
          0.3233,  0.2288, -0.1065, -0.1450, -0.2767,  0.0953,  0.2930, -0.0774],
        [ 0.3808,  0.1091,  0.4208, -0.1807, -0.1552, -0.2533, -0.2140, -0.3184,
         -0.3290, -0.0448, -0.0462,  0.1209, -0.0300,  0.2679, -0.1747,  0.1594],
        [-0.0554,  0.2590,  0.3647, -0.3479, -0.4167, -0.3301, -0.1118, -0.3277,
         -0.2560, -0.2300, -0.0925,  0.0767,  0.2740, -0.0518,  0.0171,  0.3594],
        [ 0.0451,  0.2990,  0.3168, -0.2396, -0.1505, -0.3904, -0.2011, -0.1816,
         -0.0258, -0.3349, -0.2486,  0.1157, -0.0302,  0.2068, -0.2364,  0.0988],
        [-0.2943, -0.0951, -0.1092, -0.0229,  0.1863,  0.2007,  0.0850,  0.3263,
          0.3445,  0.0178,  0.3171, -0.0684, -0.3051, -0.1220,  0.0779, -0.2000],
        [-0.3657,  0.0574, -0.0780, -0.0407,  0.0745,  0.4739,  0.2693,  0.2140,
          0.4314,  0.2769,  0.1208, -0.0618, -0.1925,  0.0710, -0.0921, -0.3383],
        [-0.1352, -0.1535, -0.0386,  0.0847,  0.2718,  0.1645,  0.4054,  0.2362,
          0.2369,  0.3718,  0.2379,  0.0023, -0.4114, -0.2841, -0.0253, -0.2109],
        [ 0.3438,  0.2360,  0.1818, -0.1634, -0.2635, -0.0388, -0.1327, -0.4481,
         -0.4206, -0.1344, -0.1482,  0.1160, -0.0031,  0.2183, -0.1551,  0.0380],
        [ 0.2179,  0.3265,  0.3807, -0.0083, -0.4012, -0.0599, -0.0727, -0.1441,
         -0.2794, -0.1852, -0.2625,  0.1619,  0.1523,  0.1037, -0.2390,  0.2447],
        [-0.3821, -0.2879, -0.0784, -0.0500,  0.4667,  0.4484,  0.1291,  0.1972,
          0.0374,  0.2005,  0.1736, -0.3664, -0.1176, -0.1562, -0.0641, -0.1669],
        [-0.0762, -0.0930,  0.2008,  0.1068, -0.4693, -0.0848, -0.2293, -0.4342,
         -0.3051, -0.0769, -0.1035,  0.4920,  0.2146,  0.0132,  0.1757,  0.0664],
        [ 0.3240,  0.2612,  0.2128, -0.3493, -0.4594, -0.0801, -0.1363, -0.0811,
         -0.4372, -0.2095,  0.1106,  0.3481,  0.3929,  0.3296, -0.0538, -0.0189],
        [-0.3028, -0.0005, -0.2560,  0.1375,  0.2196,  0.3335,  0.3145,  0.3408,
          0.2035,  0.3019, -0.0106, -0.2924, -0.1874, -0.2665,  0.1946, -0.1825],
        [ 0.2217,  0.1059,  0.1463, -0.2592, -0.3368, -0.4110, -0.3149, -0.0642,
         -0.4889, -0.1168, -0.0959, -0.0210,  0.2647,  0.3133,  0.1119,  0.1837],
        [ 0.3827,  0.1273,  0.2854, -0.0846, -0.4229, -0.2766, -0.3933, -0.0592,
         -0.1257, -0.2989, -0.1379,  0.3113, -0.0258,  0.1594,  0.1097,  0.2064],
        [-0.1842,  0.0653, -0.0560, -0.0765,  0.3659, -0.0035,  0.3319,  0.4300,
          0.2342,  0.0877, -0.0231, -0.3200, -0.2188, -0.2392,  0.2787, -0.2584],
        [-0.0796, -0.3262, -0.0590,  0.3735,  0.0789,  0.1591,  0.2879,  0.0244,
          0.0950,  0.2852,  0.3714, -0.3165, -0.2281, -0.4073, -0.1855,  0.0518],
        [ 0.3740,  0.0248,  0.0661, -0.1603, -0.0864, -0.4334, -0.3276, -0.2955,
         -0.3158, -0.1773,  0.0763,  0.2614, -0.0621,  0.3634,  0.2019,  0.2294],
        [ 0.2647,  0.1956,  0.3518, -0.3687, -0.3080, -0.1965, -0.2080, -0.3423,
         -0.4154, -0.3402, -0.0880,  0.3859,  0.2730,  0.1839, -0.1361,  0.0345],
        [ 0.2168, -0.1220,  0.1835, -0.1139, -0.0458, -0.3040,  0.0056, -0.2615,
         -0.4401,  0.0310,  0.0870,  0.0645,  0.0946,  0.2869, -0.2096,  0.3441],
        [ 0.0464,  0.0190,  0.0977,  0.0892, -0.3169, -0.2476, -0.0455, -0.4010,
         -0.2220, -0.3695, -0.3444,  0.1580,  0.2031,  0.3557, -0.2681,  0.0846],
        [ 0.2306,  0.1891,  0.3137, -0.3465, -0.2642, -0.1358, -0.3919, -0.0910,
         -0.4497, -0.0162, -0.0317,  0.1382,  0.2486,  0.3451,  0.1979,  0.3054],
        [-0.3258, -0.0448,  0.0045,  0.1987,  0.4108,  0.0650,  0.3990,  0.2540,
          0.0180,  0.1258,  0.2812, -0.3292, -0.2486, -0.2483, -0.1077, -0.1202],
        [ 0.3127,  0.1575,  0.1507, -0.1284, -0.3920, -0.3259, -0.1769, -0.4153,
         -0.0839, -0.1315,  0.0068,  0.1948,  0.3200,  0.3593,  0.0863,  0.2750],
        [-0.2804,  0.0293, -0.3300,  0.2508,  0.0071,  0.1813,  0.3625,  0.3692,
          0.4181,  0.2520,  0.2284, -0.1288,  0.0209,  0.0038,  0.0490, -0.2359],
        [-0.2955, -0.1776, -0.0588,  0.0156,  0.2938,  0.4274,  0.4161,  0.0521,
          0.2981,  0.3459, -0.1392, -0.0690, -0.3356, -0.3231, -0.0937, -0.2565],
        [ 0.0642,  0.1694,  0.2661, -0.0431, -0.0927, -0.3597, -0.4391, -0.4562,
         -0.3854, -0.2884, -0.0225,  0.0478,  0.0171,  0.3161, -0.1567,  0.2010]],
       device='cuda:0', requires_grad=True)

Parameter name: road_linear_0.bias
Shape: torch.Size([32])
Values: Parameter containing:
tensor([-0.0544, -0.0098,  0.1059, -0.0364, -0.0621, -0.0971,  0.0704,  0.0809,
        -0.0256, -0.0603, -0.0060,  0.0617,  0.1482,  0.0763,  0.0199, -0.0369,
        -0.0530, -0.0016,  0.0891,  0.0023, -0.0499, -0.1332, -0.0306, -0.0035,
        -0.0022,  0.1646,  0.1149,  0.0188, -0.0665, -0.1384,  0.0334, -0.0474],
       device='cuda:0', requires_grad=True)

Parameter name: road_linear_1.weight
Shape: torch.Size([1, 32])
Values: Parameter containing:
tensor([[-0.2348,  0.3243, -0.2307, -0.2655,  0.3273,  0.3665, -0.2845, -0.3873,
         -0.3157,  0.3506,  0.2675,  0.3772, -0.2675, -0.4008,  0.3075, -0.2994,
         -0.3245,  0.3348, -0.2319, -0.2528,  0.4067,  0.3129, -0.3752, -0.3815,
         -0.3348, -0.3435, -0.3164,  0.3552, -0.3636,  0.3852,  0.2934, -0.2404]],
       device='cuda:0', requires_grad=True)

Parameter name: linear_0.weight
Shape: torch.Size([32, 39])
Values: Parameter containing:
tensor([[-0.0146, -0.0102,  0.0444,  ...,  0.2366, -0.3724, -0.1137],
        [-0.0874, -0.1935,  0.0885,  ...,  0.1482, -0.3528,  0.0871],
        [-0.0390,  0.1777,  0.0720,  ..., -0.0055,  0.2740,  0.0345],
        ...,
        [ 0.0246, -0.1924,  0.0435,  ...,  0.0664, -0.3004, -0.1180],
        [ 0.0520, -0.0478, -0.0202,  ..., -0.3049,  0.1580,  0.1557],
        [-0.2059,  0.0481,  0.0031,  ...,  0.0420, -0.2462, -0.0509]],
       device='cuda:0', requires_grad=True)

Parameter name: linear_0.bias
Shape: torch.Size([32])
Values: Parameter containing:
tensor([ 0.0568,  0.0574, -0.0878, -0.1191, -0.0575,  0.0530, -0.1277,  0.0608,
        -0.0489,  0.0818,  0.0311,  0.0095,  0.0260,  0.0735, -0.0780, -0.0173,
         0.0495, -0.1499, -0.0288, -0.0240, -0.0749,  0.0451,  0.0887, -0.0070,
        -0.0872,  0.0868,  0.0328, -0.0875,  0.0486,  0.1382,  0.1476, -0.1054],
       device='cuda:0', requires_grad=True)

Parameter name: linear_1.weight
Shape: torch.Size([32, 32])
Values: Parameter containing:
tensor([[ 0.0156, -0.1934, -0.0758,  ..., -0.1200, -0.0233,  0.0694],
        [-0.2683, -0.0476,  0.1205,  ..., -0.0522, -0.0018,  0.0573],
        [ 0.1865, -0.0264, -0.1808,  ...,  0.0577, -0.0128,  0.1687],
        ...,
        [ 0.1683,  0.0992,  0.0857,  ...,  0.2312, -0.2043,  0.2432],
        [-0.0817, -0.1674,  0.0825,  ...,  0.0287,  0.2411, -0.1673],
        [-0.0512, -0.1280,  0.2195,  ...,  0.0679,  0.1384, -0.0333]],
       device='cuda:0', requires_grad=True)

Parameter name: linear_1.bias
Shape: torch.Size([32])
Values: Parameter containing:
tensor([ 0.0835,  0.1215, -0.0230, -0.0590, -0.0344, -0.0628, -0.0260, -0.0596,
         0.0943, -0.1348,  0.1351, -0.1269,  0.1512,  0.0573, -0.1342,  0.0871,
        -0.1177, -0.1453,  0.0027, -0.0138,  0.0070,  0.1096, -0.1835,  0.1725,
        -0.0639, -0.0311,  0.0908, -0.0420, -0.1090, -0.0533,  0.0950,  0.0032],
       device='cuda:0', requires_grad=True)

Parameter name: linear_2.weight
Shape: torch.Size([1, 32])
Values: Parameter containing:
tensor([[ 0.5426,  0.4650, -0.5419, -0.5445,  0.4096,  0.4006, -0.4564,  0.4509,
          0.4754, -0.4802, -0.4392,  0.4358,  0.4347,  0.4452,  0.4736,  0.4278,
         -0.5430, -0.5484,  0.4124,  0.4383, -0.4983, -0.4764, -0.5428,  0.4033,
          0.5269,  0.5503, -0.5263,  0.5756, -0.4549, -0.5397,  0.5217,  0.5424]],
       device='cuda:0', requires_grad=True)

Parameter name: linear_2.bias
Shape: torch.Size([1])
Values: Parameter containing:
tensor([0.2594], device='cuda:0', requires_grad=True)

Parameter name: road_linear_0.weight
Shape: torch.Size([32, 16])
Values: Parameter containing:
tensor([[ 0.0127,  0.0508,  0.2939, -0.3305, -0.2909, -0.1486, -0.0574, -0.4573,
         -0.2130, -0.0528,  0.1783,  0.1987,  0.0622, -0.0582, -0.1892,  0.3664],
        [-0.2637, -0.0613, -0.1001,  0.0147,  0.0463,  0.2466,  0.1665,  0.2083,
          0.4424,  0.1374,  0.0690, -0.2756, -0.0103, -0.0594,  0.4682, -0.0824],
        [ 0.0905, -0.0073,  0.3703, -0.1260, -0.1416, -0.3398, -0.0397, -0.4639,
          0.0065, -0.0604, -0.0811, -0.0488,  0.4040,  0.3232, -0.0644,  0.2606],
        [ 0.2724, -0.0667,  0.0696, -0.0824, -0.1096, -0.1792, -0.1368, -0.1318,
         -0.4480, -0.3916,  0.0304,  0.3619,  0.2942, -0.1170, -0.2938,  0.1426],
        [-0.1022,  0.3514, -0.1617, -0.0068,  0.2302,  0.0792,  0.0369,  0.3675,
          0.1806,  0.2969,  0.0662, -0.1702, -0.0555, -0.2485,  0.3839, -0.1556],
        [-0.0053,  0.3262, -0.3481,  0.4140,  0.3773, -0.0434,  0.2479, -0.0008,
          0.2800,  0.2080, -0.1128, -0.0907, -0.2342,  0.1201,  0.4531, -0.0731],
        [ 0.3744, -0.0187,  0.3973, -0.1987, -0.1140, -0.2035, -0.1677, -0.2756,
         -0.2821, -0.0231,  0.0035,  0.0688, -0.0616,  0.1831, -0.3622,  0.1490],
        [-0.0593,  0.1268,  0.3478, -0.3683, -0.3856, -0.2941, -0.0804, -0.3007,
         -0.2293, -0.2189, -0.0575,  0.0430,  0.2535, -0.0968, -0.1467,  0.3534],
        [ 0.0523,  0.0058,  0.3055, -0.2737, -0.1291, -0.3510, -0.1728, -0.1588,
         -0.0027, -0.3249,  0.0141,  0.0780, -0.0438,  0.1902, -0.4464,  0.1044],
        [-0.3024,  0.1810, -0.1003,  0.0130,  0.1458,  0.1581,  0.0527,  0.2898,
          0.3126,  0.0088,  0.1075, -0.0259, -0.2810, -0.1083,  0.2872, -0.2079],
        [-0.3654,  0.2284, -0.0579, -0.0172,  0.0306,  0.4232,  0.2323,  0.1734,
          0.3926,  0.2559,  0.0027, -0.0082, -0.2142,  0.0838,  0.0971, -0.3333],
        [-0.1294,  0.0329, -0.0160,  0.1075,  0.2192,  0.1165,  0.3528,  0.1852,
          0.1895,  0.3481,  0.0872,  0.0576, -0.4210, -0.2390,  0.1410, -0.2019],
        [ 0.3483, -0.0185,  0.1587, -0.1939, -0.1985,  0.0241, -0.0897, -0.3951,
         -0.3783, -0.1097, -0.0953,  0.0528, -0.0143,  0.2034, -0.4040,  0.0356],
        [ 0.2174,  0.0970,  0.3657, -0.0332, -0.3659, -0.0219, -0.0372, -0.1121,
         -0.2557, -0.1720, -0.1074,  0.1229,  0.1323,  0.0668, -0.4378,  0.2418],
        [-0.3874, -0.0493, -0.0663, -0.0200,  0.4402,  0.4138,  0.1019,  0.1732,
          0.0128,  0.1923,  0.0328, -0.3297, -0.1081, -0.1361,  0.1629, -0.1683],
        [-0.0340, -0.4186,  0.1965,  0.0386, -0.4516, -0.0207, -0.2000, -0.4132,
         -0.2834, -0.0662, -0.0521,  0.4438,  0.1878, -0.0254, -0.1065,  0.0965],
        [ 0.3176,  0.0903,  0.1912, -0.3667, -0.3908, -0.0286, -0.0840, -0.0299,
         -0.4022, -0.1849,  0.1944,  0.2926,  0.3492,  0.2671, -0.2005, -0.0318],
        [-0.2896,  0.1253, -0.2282,  0.1485,  0.1522,  0.2833,  0.2631,  0.2919,
          0.1542,  0.2779, -0.0543, -0.2394, -0.1455, -0.1908,  0.2907, -0.1659],
        [ 0.2385, -0.1014,  0.1411, -0.2933, -0.2531, -0.3733, -0.2735, -0.0157,
         -0.4362, -0.1071,  0.0187, -0.0696,  0.2027,  0.2531, -0.0740,  0.1927],
        [ 0.3803, -0.0760,  0.2610, -0.1071, -0.3847, -0.2303, -0.3515, -0.0242,
         -0.0885, -0.2768,  0.0946,  0.2589, -0.0373,  0.1158, -0.1102,  0.1966],
        [-0.1775,  0.2486, -0.0343, -0.0584,  0.3041, -0.0493,  0.2924,  0.3862,
          0.1977,  0.0700, -0.1096, -0.2720, -0.1940, -0.2022,  0.4238, -0.2509],
        [-0.0984,  0.0282, -0.0572,  0.4177,  0.0719,  0.1271,  0.2677,  0.0124,
          0.0873,  0.2857,  0.2129, -0.2972, -0.2232, -0.3958,  0.0139,  0.0414],
        [ 0.3725, -0.1607,  0.0487, -0.1837, -0.0497, -0.3964, -0.2919, -0.2678,
         -0.2876, -0.1646,  0.2086,  0.2243, -0.0687,  0.3216,  0.0229,  0.2226],
        [ 0.2507,  0.1102,  0.3256, -0.3781, -0.2285, -0.1497, -0.1562, -0.2940,
         -0.3725, -0.3137,  0.0187,  0.3377,  0.2598,  0.1177, -0.2259,  0.0116],
        [ 0.2183, -0.3807,  0.1689, -0.1461,  0.0053, -0.2497,  0.0488, -0.2108,
         -0.3938,  0.0474,  0.1957,  0.0097,  0.0597,  0.2690, -0.4144,  0.3483],
        [ 0.0469, -0.1896,  0.0812,  0.0651, -0.2637, -0.2089, -0.0191, -0.3652,
         -0.1917, -0.3577, -0.2656,  0.1166,  0.1959,  0.3353, -0.4719,  0.0819],
        [ 0.2242, -0.0178,  0.2880, -0.3627, -0.2176, -0.0954, -0.3441, -0.0567,
         -0.4112,  0.0041,  0.0501,  0.0918,  0.2317,  0.2678,  0.0323,  0.2899],
        [-0.3305,  0.1813,  0.0192,  0.2293,  0.3669,  0.0222,  0.3566,  0.2136,
         -0.0220,  0.1113,  0.0714, -0.2808, -0.2326, -0.2106,  0.0783, -0.1204],
        [ 0.3035,  0.0384,  0.1250, -0.1444, -0.3322, -0.2811, -0.1327, -0.3707,
         -0.0431, -0.1081,  0.1138,  0.1425,  0.3543,  0.3194, -0.0528,  0.2601],
        [-0.2731,  0.1640, -0.3093,  0.2680, -0.0316,  0.1425,  0.3238,  0.3360,
          0.3838,  0.2361,  0.1457, -0.0907,  0.0445,  0.0549,  0.2087, -0.2254],
        [-0.2887,  0.0248, -0.0336,  0.0335,  0.2425,  0.3775,  0.3699,  0.0119,
          0.2584,  0.3234, -0.2326, -0.0144, -0.3137, -0.2757,  0.0834, -0.2439],
        [ 0.0627, -0.0234,  0.2423, -0.0653, -0.0415, -0.3096, -0.3863, -0.3993,
         -0.3307, -0.2632,  0.0960, -0.0150, -0.0350,  0.2239, -0.3454,  0.1937]],
       device='cuda:0', requires_grad=True)

Parameter name: road_linear_0.bias
Shape: torch.Size([32])
Values: Parameter containing:
tensor([-0.0657, -0.0568,  0.1164, -0.0789, -0.0497, -0.0258,  0.0825,  0.1365,
        -0.0478, -0.0622,  0.0270,  0.0699,  0.1884,  0.1061, -0.0558,  0.0964,
        -0.1550, -0.0047,  0.0217,  0.0003, -0.0185, -0.1079, -0.0608, -0.0274,
        -0.1633,  0.2582,  0.1038,  0.0267, -0.0851, -0.2271,  0.1625, -0.0309],
       device='cuda:0', requires_grad=True)

Parameter name: road_linear_1.weight
Shape: torch.Size([1, 32])
Values: Parameter containing:
tensor([[-0.2612,  0.3480, -0.2526, -0.2671,  0.3517,  0.3907, -0.3044, -0.3883,
         -0.3400,  0.3964,  0.2718,  0.3991, -0.2960, -0.4310,  0.3286, -0.3289,
         -0.3337,  0.3337, -0.2441, -0.2633,  0.4283,  0.3498, -0.3797, -0.3804,
         -0.3922, -0.3673, -0.3252,  0.3747, -0.3537,  0.3919,  0.2955, -0.2461]],
       device='cuda:0', requires_grad=True)

Parameter name: linear_0.weight
Shape: torch.Size([32, 39])
Values: Parameter containing:
tensor([[-0.0528,  0.1279,  0.0566,  ...,  0.2214, -0.3386, -0.1137],
        [-0.1213, -0.0312,  0.1163,  ...,  0.1563, -0.3352,  0.0871],
        [ 0.0111, -0.0581,  0.0195,  ...,  0.0265,  0.2395,  0.0345],
        ...,
        [-0.0035,  0.0333,  0.0572,  ...,  0.0859, -0.3294, -0.1180],
        [ 0.0977, -0.2281, -0.0526,  ..., -0.3294,  0.1591,  0.1557],
        [-0.2169,  0.1697,  0.0367,  ...,  0.0990, -0.2875, -0.0509]],
       device='cuda:0', requires_grad=True)

Parameter name: linear_0.bias
Shape: torch.Size([32])
Values: Parameter containing:
tensor([ 0.0415,  0.0409, -0.0667, -0.1338, -0.0720,  0.0596, -0.1106,  0.0457,
        -0.0389,  0.0803,  0.0176,  0.0114,  0.0299,  0.0786, -0.0528, -0.0184,
         0.0589, -0.1547,  0.0021,  0.0280, -0.0501,  0.0331,  0.1091,  0.0054,
        -0.0933,  0.1043,  0.0473, -0.0933,  0.0541,  0.1394,  0.1668, -0.1227],
       device='cuda:0', requires_grad=True)

Parameter name: linear_1.weight
Shape: torch.Size([32, 32])
Values: Parameter containing:
tensor([[ 0.0756, -0.1847, -0.1141,  ..., -0.1347, -0.0131,  0.0732],
        [-0.2051, -0.0406,  0.0869,  ..., -0.0676,  0.0106,  0.0476],
        [ 0.1369, -0.0233, -0.1620,  ...,  0.0859, -0.0296,  0.1893],
        ...,
        [ 0.1169,  0.0977,  0.1188,  ...,  0.2563, -0.2285,  0.2473],
        [-0.0053, -0.1517,  0.0409,  ...,  0.0141,  0.2388, -0.1689],
        [-0.0025, -0.1370,  0.2009,  ...,  0.0329,  0.1665, -0.0518]],
       device='cuda:0', requires_grad=True)

Parameter name: linear_1.bias
Shape: torch.Size([32])
Values: Parameter containing:
tensor([ 0.1034,  0.1476, -0.0588, -0.0835, -0.0004, -0.0436, -0.0578, -0.0442,
         0.1237, -0.1695,  0.1283, -0.1170,  0.1718,  0.0866, -0.1232,  0.1254,
        -0.1388, -0.1725, -0.0579, -0.0033, -0.0027,  0.0851, -0.2107,  0.2132,
        -0.0456, -0.0048,  0.0746, -0.0288, -0.1358, -0.0729,  0.1207,  0.0422],
       device='cuda:0', requires_grad=True)

Parameter name: linear_2.weight
Shape: torch.Size([1, 32])
Values: Parameter containing:
tensor([[ 0.4789,  0.3993, -0.4852, -0.4738,  0.3525,  0.3343, -0.3976,  0.3708,
          0.3979, -0.4215, -0.3680,  0.3849,  0.3678,  0.3478,  0.4124,  0.4076,
         -0.4746, -0.4879, -0.3429,  0.3887, -0.4331, -0.4119, -0.4855,  0.3309,
          0.4554,  0.4888, -0.4727,  0.4784, -0.3994, -0.4759,  0.4610,  0.4863]],
       device='cuda:0', requires_grad=True)

Parameter name: linear_2.bias
Shape: torch.Size([1])
Values: Parameter containing:
tensor([0.2381], device='cuda:0', requires_grad=True)

Parameter name: road_linear_0.weight
Shape: torch.Size([32, 16])
Values: Parameter containing:
tensor([[-1.1918e-02,  3.4352e-01,  2.7618e-01, -2.9523e-01, -2.9400e-01,
         -1.2653e-01, -3.6239e-02, -4.5153e-01, -2.0546e-01, -2.9131e-02,
          1.6522e-01,  1.7480e-01,  4.6795e-02, -7.2138e-02, -1.8989e-01,
          3.4101e-01],
        [-2.4264e-01, -3.3741e-01, -8.0517e-02, -1.3318e-02,  4.2154e-02,
          2.3076e-01,  1.5407e-01,  1.9834e-01,  4.2596e-01,  1.1821e-01,
          6.3363e-02, -2.5450e-01,  1.6118e-03, -4.7136e-02,  4.6797e-01,
         -6.0603e-02],
        [ 6.8513e-02,  2.3488e-01,  3.5086e-01, -9.7740e-02, -1.5049e-01,
         -3.2662e-01, -3.0010e-02, -4.6541e-01,  1.1073e-02, -4.0969e-02,
         -7.5427e-02, -6.6652e-02,  3.9943e-01,  3.1907e-01, -6.8977e-02,
          2.3967e-01],
        [ 2.5370e-01,  5.9188e-02,  5.5463e-02, -5.9612e-02, -1.1675e-01,
         -1.6857e-01, -1.3121e-01, -1.2695e-01, -4.4157e-01, -3.7670e-01,
          3.4428e-02,  3.4727e-01,  2.8984e-01, -1.2038e-01, -3.0553e-01,
          1.2295e-01],
        [-9.4512e-02,  9.4012e-02, -1.5303e-01, -2.6411e-02,  2.5428e-01,
          7.2724e-02,  4.1058e-02,  3.8334e-01,  1.8976e-01,  2.8699e-01,
          8.0280e-02, -1.6409e-01, -6.6874e-02, -2.5684e-01,  4.1791e-01,
         -1.4259e-01],
        [ 1.5686e-03,  1.3237e-01, -3.4292e-01,  3.9905e-01,  3.9492e-01,
         -4.2742e-02,  2.4995e-01,  2.6025e-03,  2.8160e-01,  2.0140e-01,
         -1.2300e-01, -8.5243e-02, -2.4752e-01,  1.1530e-01,  5.0793e-01,
         -6.3803e-02],
        [ 3.5499e-01,  1.1482e-01,  3.8115e-01, -1.7453e-01, -1.1687e-01,
         -1.9428e-01, -1.6126e-01, -2.6825e-01, -2.6507e-01, -7.9337e-03,
          1.1616e-02,  5.3385e-02, -6.6451e-02,  1.7861e-01, -3.7467e-01,
          1.3059e-01],
        [-7.8504e-02,  2.6804e-01,  3.3156e-01, -3.4347e-01, -3.7434e-01,
         -2.8342e-01, -6.9597e-02, -2.8712e-01, -2.1068e-01, -2.0340e-01,
         -6.2195e-02,  2.4517e-02,  2.4457e-01, -1.0379e-01, -1.4636e-01,
          3.3649e-01],
        [ 3.3152e-02,  3.1105e-01,  2.8794e-01, -2.4826e-01, -1.2002e-01,
         -3.3712e-01, -1.6166e-01, -1.4628e-01,  1.0434e-02, -3.0723e-01,
          1.7069e-02,  5.9162e-02, -5.3247e-02,  1.8054e-01, -4.4666e-01,
          8.3191e-02],
        [-2.9124e-01, -1.0440e-01, -8.8592e-02, -8.2936e-03,  1.5744e-01,
          1.4943e-01,  5.0317e-02,  2.9544e-01,  3.1282e-01, -3.3921e-03,
          1.1908e-01, -1.4815e-02, -2.8370e-01, -1.0725e-01,  3.0659e-01,
         -1.9326e-01],
        [-3.5399e-01,  5.3918e-02, -4.9096e-02, -3.2805e-02,  4.4231e-02,
          4.1700e-01,  2.3018e-01,  1.7703e-01,  3.9432e-01,  2.4614e-01,
         -1.7008e-02, -5.7025e-04, -2.1239e-01,  7.8620e-02,  1.2324e-01,
         -3.1947e-01],
        [-1.1514e-01, -1.4530e-01, -3.7261e-03,  8.7193e-02,  2.1967e-01,
          1.0476e-01,  3.5056e-01,  1.8470e-01,  1.8258e-01,  3.3616e-01,
          1.0098e-01,  6.9908e-02, -4.1451e-01, -2.4343e-01,  1.4783e-01,
         -1.8633e-01],
        [ 3.2627e-01,  2.3744e-01,  1.3871e-01, -1.6224e-01, -2.1786e-01,
          4.2636e-02, -8.0159e-02, -4.0235e-01, -3.7369e-01, -8.8470e-02,
         -8.7906e-02,  3.1799e-02, -1.9811e-02,  1.9634e-01, -4.1518e-01,
          1.3732e-02],
        [ 1.9787e-01,  3.3293e-01,  3.4701e-01, -8.5178e-03, -3.5852e-01,
         -8.4076e-03, -2.8027e-02, -1.0105e-01, -2.3683e-01, -1.5480e-01,
         -1.0152e-01,  1.0452e-01,  1.2207e-01,  5.8570e-02, -4.3786e-01,
          2.2262e-01],
        [-3.6869e-01, -2.9971e-01, -4.9543e-02, -4.4659e-02,  4.3648e-01,
          4.0089e-01,  9.2329e-02,  1.6409e-01,  3.3310e-04,  1.7567e-01,
          2.6665e-02, -3.1205e-01, -9.9531e-02, -1.2876e-01,  1.6222e-01,
         -1.4934e-01],
        [-2.9888e-01, -2.1287e-01,  2.6826e-02,  2.5073e-01,  1.6757e-01,
          1.7441e-01,  1.0029e-01,  9.9706e-02,  1.7826e-01,  1.2138e-01,
          3.0517e-02,  1.4533e-01, -1.5815e-01, -2.9051e-01,  6.1789e-01,
         -8.5351e-02],
        [ 2.9690e-01,  2.3105e-01,  1.7654e-01, -3.4289e-01, -3.8824e-01,
         -1.6047e-02, -7.7588e-02, -1.4127e-02, -3.8662e-01, -1.6972e-01,
          1.8243e-01,  2.7567e-01,  3.3663e-01,  2.6618e-01, -1.8924e-01,
         -5.0800e-02],
        [-2.7254e-01,  4.7838e-02, -2.1504e-01,  1.2558e-01,  1.5579e-01,
          2.7722e-01,  2.5912e-01,  2.8539e-01,  1.4353e-01,  2.6530e-01,
         -5.7915e-02, -2.2575e-01, -1.4758e-01, -1.8529e-01,  3.0369e-01,
         -1.4915e-01],
        [ 2.1816e-01,  1.0660e-01,  1.2668e-01, -2.6807e-01, -2.6193e-01,
         -3.6146e-01, -2.6796e-01, -1.4061e-02, -4.3572e-01, -9.0472e-02,
          3.2039e-02, -8.4600e-02,  1.9786e-01,  2.5217e-01, -7.5197e-02,
          1.7023e-01],
        [ 3.6315e-01,  1.3264e-01,  2.4855e-01, -8.6252e-02, -3.8783e-01,
         -2.1856e-01, -3.4891e-01, -1.7932e-02, -8.2886e-02, -2.6291e-01,
          9.7345e-02,  2.4610e-01, -4.2654e-02,  1.2077e-01, -1.1612e-01,
          1.7719e-01],
        [-1.6704e-01,  6.9487e-02, -2.4720e-02, -7.6525e-02,  3.1507e-01,
         -5.4013e-02,  2.9380e-01,  3.8889e-01,  1.9450e-01,  6.1022e-02,
         -9.9303e-02, -2.6345e-01, -2.0123e-01, -2.0914e-01,  4.6845e-01,
         -2.3942e-01],
        [-8.3926e-02, -3.3056e-01, -4.6690e-02,  3.9532e-01,  6.1478e-02,
          1.1716e-01,  2.6186e-01,  2.5732e-03,  7.8379e-02,  2.7239e-01,
          2.1912e-01, -2.8008e-01, -2.1851e-01, -3.9308e-01,  1.6512e-02,
          5.6778e-02],
        [ 3.6096e-01,  1.6498e-02,  4.0219e-02, -1.6649e-01, -5.3953e-02,
         -3.9048e-01, -2.9273e-01, -2.6439e-01, -2.8327e-01, -1.5602e-01,
          1.9664e-01,  2.1598e-01, -6.7945e-02,  3.2476e-01,  1.7054e-02,
          2.0983e-01],
        [ 2.2786e-01,  1.7085e-01,  3.0906e-01, -3.5133e-01, -2.2018e-01,
         -1.3724e-01, -1.4730e-01, -2.7363e-01, -3.5299e-01, -2.9771e-01,
          1.3841e-02,  3.1694e-01,  2.4809e-01,  1.1070e-01, -2.0870e-01,
         -7.2055e-03],
        [ 2.1365e-01, -1.0256e-01,  1.6434e-01, -1.3218e-01, -1.2032e-02,
         -2.4807e-01,  4.4794e-02, -2.1998e-01, -3.9952e-01,  5.2874e-02,
          2.1109e-01,  6.8662e-03,  6.9699e-02,  2.7745e-01, -4.4151e-01,
          3.4060e-01],
        [ 3.3451e-02,  3.4442e-02,  6.7825e-02,  8.5522e-02, -2.7391e-01,
         -2.0117e-01, -1.2447e-02, -3.6825e-01, -1.8689e-01, -3.4561e-01,
         -2.6723e-01,  1.0438e-01,  1.9715e-01,  3.3616e-01, -5.0227e-01,
          6.8461e-02],
        [ 2.0622e-01,  1.5965e-01,  2.7502e-01, -3.4140e-01, -2.1579e-01,
         -8.3751e-02, -3.4256e-01, -4.6188e-02, -3.9992e-01,  1.7085e-02,
          4.0153e-02,  7.8714e-02,  2.2370e-01,  2.7780e-01,  3.1327e-02,
          2.7363e-01],
        [-3.2031e-01, -4.4736e-02,  2.7041e-02,  2.1084e-01,  3.7687e-01,
          1.3646e-02,  3.5836e-01,  2.1811e-01, -2.1635e-02,  1.0247e-01,
          8.5039e-02, -2.7236e-01, -2.3426e-01, -2.2214e-01,  1.0075e-01,
         -1.0762e-01],
        [ 2.8520e-01,  1.5094e-01,  1.1043e-01, -1.2256e-01, -3.3060e-01,
         -2.6771e-01, -1.2823e-01, -3.6155e-01, -3.0781e-02, -9.4157e-02,
          1.0433e-01,  1.2755e-01,  3.4471e-01,  3.1985e-01, -5.3086e-02,
          2.4361e-01],
        [-2.5983e-01,  2.4921e-02, -2.9839e-01,  2.4856e-01, -2.8322e-02,
          1.3709e-01,  3.2231e-01,  3.3283e-01,  3.7595e-01,  2.2627e-01,
          1.4283e-01, -8.0027e-02,  4.2521e-02,  5.2034e-02,  2.2828e-01,
         -2.1243e-01],
        [-2.7172e-01, -1.5709e-01, -2.1407e-02,  1.2526e-02,  2.4278e-01,
          3.6784e-01,  3.6630e-01,  1.8443e-03,  2.5033e-01,  3.1010e-01,
         -2.2889e-01, -1.7251e-03, -3.0945e-01, -2.7453e-01,  7.9733e-02,
         -2.2586e-01],
        [ 3.8922e-02,  1.2824e-01,  2.2377e-01, -3.5878e-02, -4.5996e-02,
         -2.9544e-01, -3.7938e-01, -4.0015e-01, -3.2428e-01, -2.4467e-01,
          1.0058e-01, -3.1942e-02, -4.3044e-02,  2.1774e-01, -3.4235e-01,
          1.6982e-01]], device='cuda:0', requires_grad=True)

Parameter name: road_linear_0.bias
Shape: torch.Size([32])
Values: Parameter containing:
tensor([-0.0760, -0.0401,  0.1272, -0.0714, -0.0581, -0.0331,  0.0938,  0.1444,
        -0.0477, -0.0567, -0.0014,  0.0839,  0.1696,  0.0984, -0.0470, -0.0670,
        -0.1711, -0.0072,  0.0190, -0.0046, -0.0224, -0.0949, -0.0629, -0.0331,
        -0.1231,  0.2727,  0.0926,  0.0357, -0.0935, -0.2346,  0.1753, -0.0350],
       device='cuda:0', requires_grad=True)

Parameter name: road_linear_1.weight
Shape: torch.Size([1, 32])
Values: Parameter containing:
tensor([[-0.2621,  0.3469, -0.2533, -0.2727,  0.3768,  0.4086, -0.3082, -0.3862,
         -0.3528,  0.4027,  0.2798,  0.3968, -0.3057, -0.4349,  0.3273,  0.3182,
         -0.3324,  0.3371, -0.2455, -0.2639,  0.4353,  0.3429, -0.3815, -0.3795,
         -0.4222, -0.3775, -0.3246,  0.3753, -0.3555,  0.3942,  0.2975, -0.2499]],
       device='cuda:0', requires_grad=True)

Parameter name: linear_0.weight
Shape: torch.Size([32, 39])
Values: Parameter containing:
tensor([[-0.0166,  0.1038,  0.0779,  ...,  0.1580, -0.2681, -0.1137],
        [-0.1136, -0.0397,  0.1179,  ...,  0.1306, -0.3144,  0.0871],
        [-0.0022, -0.0410,  0.0311,  ...,  0.0275,  0.2358,  0.0345],
        ...,
        [ 0.0071,  0.0224,  0.0545,  ...,  0.0663, -0.3171, -0.1180],
        [ 0.0935, -0.2212, -0.0540,  ..., -0.3022,  0.1430,  0.1557],
        [-0.1972,  0.1629,  0.0397,  ...,  0.0654, -0.2758, -0.0509]],
       device='cuda:0', requires_grad=True)

Parameter name: linear_0.bias
Shape: torch.Size([32])
Values: Parameter containing:
tensor([ 0.0462,  0.0407, -0.0700, -0.1358, -0.0733,  0.0520, -0.1106,  0.0499,
        -0.0399,  0.0778,  0.0231,  0.0124,  0.0253,  0.0754, -0.0512, -0.0202,
         0.0572, -0.1581, -0.0619,  0.0366, -0.0557,  0.0300,  0.1058,  0.0068,
        -0.0893,  0.0531,  0.0431, -0.1135,  0.0540,  0.1427,  0.1674, -0.1272],
       device='cuda:0', requires_grad=True)

Parameter name: linear_1.weight
Shape: torch.Size([32, 32])
Values: Parameter containing:
tensor([[ 0.0615, -0.1824, -0.1052,  ..., -0.1235, -0.0213,  0.0728],
        [-0.2172, -0.0387,  0.1088,  ..., -0.0525, -0.0050,  0.0457],
        [ 0.1425, -0.0270, -0.1697,  ...,  0.0686, -0.0135,  0.1850],
        ...,
        [ 0.1155,  0.0806,  0.1218,  ...,  0.2352, -0.2071,  0.2329],
        [-0.0124, -0.1510,  0.0541,  ...,  0.0357,  0.2213, -0.1695],
        [-0.0038, -0.1255,  0.1984,  ...,  0.0567,  0.1453, -0.0397]],
       device='cuda:0', requires_grad=True)

Parameter name: linear_1.bias
Shape: torch.Size([32])
Values: Parameter containing:
tensor([ 0.1065,  0.1598, -0.0602, -0.0827, -0.0060, -0.0420, -0.0574, -0.0424,
         0.1342, -0.1777,  0.1133, -0.1292,  0.1922,  0.1032, -0.1259,  0.1340,
        -0.1380, -0.1722,  0.0443, -0.0112, -0.0060,  0.0866, -0.1996,  0.2357,
        -0.0433, -0.0072,  0.0767, -0.0266, -0.1350, -0.0686,  0.1277,  0.0363],
       device='cuda:0', requires_grad=True)

Parameter name: linear_2.weight
Shape: torch.Size([1, 32])
Values: Parameter containing:
tensor([[ 0.4980,  0.4242, -0.5012, -0.4773,  0.3630,  0.3670, -0.4108,  0.3783,
          0.3982, -0.4434, -0.3907,  0.3867,  0.3836,  0.3728,  0.4185,  0.4307,
         -0.4840, -0.4965,  0.3469,  0.3952, -0.4462, -0.4262, -0.4935,  0.3417,
          0.4705,  0.4964, -0.4790,  0.4890, -0.4103, -0.4833,  0.4747,  0.4897]],
       device='cuda:0', requires_grad=True)

Parameter name: linear_2.bias
Shape: torch.Size([1])
Values: Parameter containing:
tensor([0.2456], device='cuda:0', requires_grad=True)

