Parameter name: road_linear_0.weight
Shape: torch.Size([32, 16])
Values: Parameter containing:
tensor([[-2.7891e-01,  4.5398e-01,  7.1099e-02, -5.7287e-02,  2.5862e-01,
          1.6493e-01,  3.5881e-01,  6.3830e-02,  3.0158e-01,  1.8217e-01,
          6.0184e-02, -2.1874e-01, -3.8407e-01, -3.1081e-01,  3.5222e-01,
          1.1142e-01],
        [-1.6635e-01, -8.7360e-02, -7.3096e-03, -6.7588e-02,  5.7611e-02,
          2.3083e-01,  1.3417e-01,  2.1108e-01,  4.9192e-01,  3.0154e-02,
          1.4342e-01, -2.8315e-01,  3.6970e-03,  3.2709e-02,  5.1413e-01,
          3.6125e-03],
        [ 3.6524e-02, -1.1697e-01,  3.0685e-01, -8.5370e-02, -1.9549e-01,
         -3.1829e-01, -1.0181e-01, -5.1274e-01, -1.0154e-01, -7.3347e-04,
          7.3686e-02,  2.1157e-02,  4.9667e-01,  2.6616e-01, -4.4688e-02,
          2.1352e-01],
        [ 1.5228e-01, -2.2235e-01, -3.9520e-02,  8.0135e-03, -1.0880e-01,
         -1.5859e-01, -1.0700e-01, -1.3694e-01, -4.8772e-01, -2.8090e-01,
         -2.9053e-02,  3.7122e-01,  3.0402e-01, -2.2805e-01, -2.9200e-01,
          4.2719e-02],
        [-2.3537e-02,  3.9009e-01, -7.5175e-02, -8.2325e-02,  2.5984e-01,
          6.0211e-02,  5.3269e-02,  4.0290e-01,  2.5278e-01,  1.9816e-01,
          1.4363e-01, -2.0506e-01, -9.0015e-02, -1.7350e-01,  3.9337e-01,
         -8.6442e-02],
        [ 1.0646e-02,  4.3860e-01, -2.8944e-01,  3.5830e-01,  4.2944e-01,
         -4.5282e-02,  3.1402e-01,  5.1932e-02,  3.5532e-01,  1.4567e-01,
         -2.8772e-01, -1.4272e-01, -3.1527e-01,  1.6858e-01,  4.4243e-01,
         -3.7806e-02],
        [ 2.7803e-01, -8.5437e-02,  3.0035e-01, -1.1645e-01, -1.4275e-01,
         -1.7898e-01, -1.8050e-01, -3.0756e-01, -3.6209e-01,  7.9772e-02,
          4.5030e-02,  1.0292e-01, -6.1371e-03,  1.3642e-01, -3.9410e-01,
          6.6272e-02],
        [-1.4817e-01,  4.2359e-02,  2.5490e-01, -2.8727e-01, -4.3129e-01,
         -2.6781e-01, -9.5906e-02, -3.4410e-01, -3.1245e-01, -1.1636e-01,
          2.4060e-04,  8.3924e-02,  3.1620e-01, -1.7271e-01, -1.9473e-01,
          2.6995e-01],
        [-3.3390e-02,  6.0481e-03,  2.2322e-01, -2.0069e-01, -1.8697e-01,
         -3.2560e-01, -1.6148e-01, -1.9139e-01, -9.9197e-02, -2.2476e-01,
         -1.1909e-01,  1.2598e-01, -2.6573e-02,  1.0571e-01, -5.0596e-01,
          2.7388e-02],
        [-2.1878e-01,  1.8583e-01, -1.3529e-02, -6.3440e-02,  1.7489e-01,
          1.3948e-01,  4.8810e-02,  3.2088e-01,  3.9224e-01, -9.1614e-02,
          1.6552e-01, -5.8665e-02, -3.0089e-01, -2.3309e-02,  3.2261e-01,
         -1.3183e-01],
        [-2.8413e-01,  4.1933e-01,  2.5474e-02, -8.3884e-02,  7.2525e-02,
          3.8973e-01,  2.5940e-01,  2.0948e-01,  4.8844e-01,  1.6799e-01,
         -1.4836e-02, -5.5994e-02, -2.6569e-01,  1.7704e-01,  1.0589e-01,
         -2.6394e-01],
        [-3.4806e-02,  1.4180e-01,  7.8414e-02,  2.3104e-02,  2.7099e-01,
          8.4605e-02,  3.4264e-01,  2.2627e-01,  2.8751e-01,  2.4541e-01,
          2.1747e-01,  1.5021e-02, -4.5540e-01, -1.6054e-01,  2.0266e-01,
         -1.1810e-01],
        [ 2.9504e-01, -1.2329e-01,  9.5518e-02, -1.4159e-01, -2.3447e-01,
          1.8417e-02, -1.3956e-01, -4.3417e-01, -4.6923e-01, -4.5707e-02,
          5.8526e-02,  1.1756e-01,  4.9730e-02,  1.4482e-01, -3.6631e-01,
         -4.3441e-03],
        [ 1.2340e-01,  9.5672e-02,  2.6966e-01,  5.0379e-02, -4.0026e-01,
         -3.0445e-03, -3.0402e-02, -1.4556e-01, -3.4154e-01, -6.5620e-02,
         -1.3959e-01,  1.4987e-01,  1.5166e-01, -9.4763e-03, -4.8716e-01,
          1.5776e-01],
        [-2.9141e-01, -2.2915e-02,  2.3023e-02, -9.8011e-02,  4.7902e-01,
          3.8915e-01,  7.8207e-02,  1.9915e-01,  9.6418e-02,  8.7323e-02,
          4.4773e-02, -3.6389e-01, -1.1863e-01, -4.4534e-02,  1.9263e-01,
         -8.4296e-02],
        [-7.9893e-02, -4.1032e-01,  1.5384e-01,  8.8293e-02, -4.4217e-01,
         -3.2625e-02, -2.4692e-01, -4.2004e-01, -3.2681e-01, -5.3008e-03,
          9.5651e-02,  5.0309e-01,  2.4626e-01, -5.5844e-02, -6.0452e-02,
          7.5597e-02],
        [ 1.8677e-01,  2.6283e-02,  7.4395e-02, -2.6244e-01, -4.0432e-01,
         -4.2344e-03, -4.9561e-02, -4.6866e-02, -4.2865e-01, -6.9383e-02,
          2.1276e-01,  3.0666e-01,  3.6368e-01,  1.6683e-01, -2.4178e-01,
         -1.4198e-01],
        [-1.8457e-01,  2.1891e-01, -1.2773e-01,  5.9362e-02,  1.8719e-01,
          2.5079e-01,  2.8083e-01,  3.2498e-01,  1.9147e-01,  1.7533e-01,
         -1.1522e-01, -2.5794e-01, -1.9659e-01, -1.1909e-01,  3.3914e-01,
         -7.4634e-02],
        [ 1.6245e-01, -2.1187e-01,  5.8950e-02, -2.3551e-01, -2.9407e-01,
         -3.4354e-01, -3.1577e-01, -5.2936e-02, -5.0567e-01, -3.6029e-02,
          1.2922e-01, -1.9073e-02,  2.7488e-01,  1.8493e-01, -7.0967e-02,
          1.2202e-01],
        [ 3.1620e-01, -2.1237e-01,  1.8380e-01, -3.9247e-02, -4.2816e-01,
         -2.0227e-01, -3.9832e-01, -6.5701e-02, -1.6497e-01, -1.9404e-01,
          6.2752e-02,  3.1420e-01,  2.5755e-02,  5.5669e-02, -1.1377e-01,
          1.3419e-01],
        [-1.1403e-01,  3.1719e-01,  4.7605e-02, -1.3768e-01,  3.4452e-01,
         -5.5905e-02,  3.2832e-01,  4.4645e-01,  2.5202e-01, -1.5644e-02,
         -1.8204e-01, -3.0238e-01, -2.5298e-01, -1.4455e-01,  4.4098e-01,
         -1.8528e-01],
        [-4.0699e-02,  3.1009e-03,  4.3834e-03,  3.6070e-01,  1.4683e-01,
          1.0600e-01,  2.8758e-01,  5.6978e-02,  1.9093e-01,  2.0164e-01,
          2.0644e-01, -3.6717e-01, -2.7838e-01, -3.3791e-01,  8.5225e-02,
          9.2633e-02],
        [ 3.0211e-01, -2.6248e-01, -3.3324e-02, -1.0794e-01, -9.3205e-02,
         -3.5817e-01, -3.2701e-01, -3.0813e-01, -3.6608e-01, -7.4578e-02,
          2.5471e-01,  2.7268e-01, -1.0394e-02,  2.5306e-01,  6.2801e-04,
          1.5102e-01],
        [ 1.1370e-01,  1.9532e-03,  2.0746e-01, -2.7151e-01, -2.5699e-01,
         -1.2225e-01, -1.3165e-01, -3.1268e-01, -3.8004e-01, -1.9792e-01,
         -2.8490e-02,  3.3996e-01,  2.7607e-01,  5.4861e-03, -2.6417e-01,
         -9.9144e-02],
        [ 1.2763e-01, -4.3023e-01,  7.3237e-02, -6.2700e-02, -1.9980e-02,
         -2.1533e-01,  4.6625e-02, -2.3506e-01, -4.8152e-01,  1.5281e-01,
          2.6466e-01,  3.8908e-02,  8.7987e-02,  1.7035e-01, -4.1467e-01,
          2.6280e-01],
        [-2.6539e-02, -2.4356e-01, -5.2262e-03,  1.3809e-01, -3.0907e-01,
         -1.9294e-01, -4.1881e-02, -4.1866e-01, -2.7256e-01, -2.6493e-01,
         -2.0388e-01,  1.4984e-01,  2.4085e-01,  2.6216e-01, -4.7226e-01,
          1.7031e-02],
        [ 1.9253e-01, -1.0547e-01,  2.2213e-01, -2.9609e-01, -2.6327e-01,
         -6.6482e-02, -4.1376e-01, -1.0713e-01, -4.7854e-01,  7.0567e-02,
          1.5178e-01,  1.4554e-01,  3.0507e-01,  2.5227e-01, -5.9544e-03,
          2.4104e-01],
        [-2.4727e-01,  2.6600e-01,  1.1049e-01,  1.4867e-01,  4.1664e-01,
         -3.1770e-03,  3.7131e-01,  2.5549e-01,  6.9317e-02,  1.0164e-02,
          1.7169e-01, -3.2564e-01, -2.8292e-01, -1.4353e-01,  1.2110e-01,
         -4.4006e-02],
        [ 1.9560e-01, -1.1513e-01,  2.8335e-02, -5.7867e-02, -3.6768e-01,
         -2.4687e-01, -1.2053e-01, -4.0160e-01, -1.0261e-01, -8.6206e-03,
          5.0971e-02,  1.7661e-01,  3.8649e-01,  2.1885e-01, -8.1290e-02,
          1.7048e-01],
        [-2.4554e-01,  2.8146e-01, -2.4610e-01,  2.1244e-01,  2.8114e-02,
          1.2351e-01,  3.9891e-01,  3.9745e-01,  4.7363e-01,  1.6707e-01,
          6.9097e-02, -1.4457e-01, -4.3647e-02,  8.5450e-02,  2.2919e-01,
         -1.8569e-01],
        [-1.9790e-01,  1.2989e-01,  5.7831e-02, -4.8550e-02,  2.7844e-01,
          3.3988e-01,  3.8521e-01,  4.3898e-02,  3.2614e-01,  2.2953e-01,
         -3.0825e-01, -5.9209e-02, -3.6719e-01, -1.9028e-01,  1.0847e-01,
         -1.5946e-01],
        [-4.5080e-02, -1.0404e-01,  1.4821e-01,  8.8139e-03, -5.5133e-02,
         -2.8163e-01, -3.9134e-01, -4.2604e-01, -3.7998e-01, -1.7302e-01,
          1.4004e-01,  1.6662e-02,  1.3945e-02,  1.6726e-01, -3.7219e-01,
          1.1027e-01]], device='cuda:0', requires_grad=True)

Parameter name: road_linear_0.bias
Shape: torch.Size([32])
Values: Parameter containing:
tensor([-0.1086,  0.0413,  0.0996, -0.0704,  0.0178, -0.0925,  0.0795,  0.1449,
        -0.0408,  0.0004, -0.0246,  0.0670,  0.1226,  0.0431,  0.0344,  0.0790,
        -0.0774, -0.0163,  0.0988,  0.0482, -0.0321, -0.0748,  0.0047, -0.0040,
        -0.0836,  0.1337,  0.1679,  0.0308, -0.0599, -0.1974,  0.0236,  0.0033],
       device='cuda:0', requires_grad=True)

Parameter name: road_linear_1.weight
Shape: torch.Size([1, 32])
Values: Parameter containing:
tensor([[ 0.3192,  0.4286, -0.2786, -0.3301,  0.4067,  0.4397, -0.3523, -0.4425,
         -0.3527,  0.4618,  0.3084,  0.4530, -0.3403, -0.4903,  0.3678, -0.3619,
         -0.3694,  0.3934, -0.2681, -0.2978,  0.5076,  0.3277, -0.4060, -0.4423,
         -0.4017, -0.4443, -0.3663,  0.4296, -0.3998,  0.4540,  0.3244, -0.2955]],
       device='cuda:0', requires_grad=True)

Parameter name: linear_0.weight
Shape: torch.Size([32, 39])
Values: Parameter containing:
tensor([[-0.0419,  0.1169,  0.0724,  ...,  0.1412, -0.2050, -0.1137],
        [-0.1438, -0.0252,  0.1363,  ...,  0.0572, -0.2448,  0.0871],
        [ 0.0333, -0.0517,  0.0257,  ...,  0.0646,  0.1876,  0.0345],
        ...,
        [ 0.1443, -0.1719, -0.0337,  ..., -0.1791, -0.0414, -0.1180],
        [ 0.1239, -0.2316, -0.0765,  ..., -0.2273,  0.0769,  0.1557],
        [-0.2200,  0.1763,  0.0751,  ...,  0.0592, -0.1949, -0.0509]],
       device='cuda:0', requires_grad=True)

Parameter name: linear_0.bias
Shape: torch.Size([32])
Values: Parameter containing:
tensor([ 0.0683,  0.0347, -0.0682, -0.1403, -0.0779,  0.0505, -0.0915,  0.0613,
        -0.0382,  0.0483,  0.0313,  0.0162, -0.0201,  0.1004, -0.0323, -0.0121,
         0.0468, -0.1611, -0.0152,  0.0800, -0.0809,  0.0121,  0.1125,  0.0331,
        -0.1036,  0.1057,  0.0514, -0.1302,  0.0422,  0.1866,  0.1801, -0.1094],
       device='cuda:0', requires_grad=True)

Parameter name: linear_1.weight
Shape: torch.Size([32, 32])
Values: Parameter containing:
tensor([[ 0.0889, -0.1912, -0.0901,  ...,  0.0870, -0.0207,  0.0628],
        [-0.1969, -0.0354,  0.1159,  ...,  0.1825, -0.0063,  0.0338],
        [ 0.1268, -0.0413, -0.1821,  ..., -0.1711, -0.0087,  0.1991],
        ...,
        [ 0.1389,  0.0705,  0.0771,  ...,  0.0550, -0.1997,  0.2986],
        [ 0.0350, -0.1791,  0.0384,  ...,  0.2937,  0.2380, -0.1447],
        [ 0.0127, -0.1198,  0.2197,  ...,  0.2589,  0.1441, -0.0620]],
       device='cuda:0', requires_grad=True)

Parameter name: linear_1.bias
Shape: torch.Size([32])
Values: Parameter containing:
tensor([ 0.1342,  0.1753, -0.0624, -0.1407,  0.0265, -0.0218, -0.0859,  0.0268,
         0.1885, -0.1660,  0.1427, -0.1554,  0.2219,  0.0581, -0.0904,  0.1821,
        -0.0838, -0.1802,  0.0585,  0.0536, -0.0635,  0.0723, -0.2242,  0.2144,
        -0.0044, -0.0632,  0.0891,  0.0122, -0.1791, -0.0756,  0.1713,  0.0470],
       device='cuda:0', requires_grad=True)

Parameter name: linear_2.weight
Shape: torch.Size([1, 32])
Values: Parameter containing:
tensor([[ 0.5807,  0.5014, -0.5565, -0.5518,  0.4015,  0.4183, -0.4729,  0.4165,
          0.4791, -0.5171, -0.4388,  0.4574,  0.4548,  0.4433,  0.4854,  0.4648,
         -0.5738, -0.5829,  0.4333,  0.4342, -0.5001, -0.4830, -0.5792,  0.4410,
          0.5259,  0.5780, -0.5541,  0.5425, -0.4826, -0.5714,  0.5148,  0.5642]],
       device='cuda:0', requires_grad=True)

Parameter name: linear_2.bias
Shape: torch.Size([1])
Values: Parameter containing:
tensor([0.3496], device='cuda:0', requires_grad=True)

