Parameter name: road_linear_0.weight
Shape: torch.Size([32, 16])
Values: Parameter containing:
tensor([[ 1.1387e-01,  6.1830e-01, -1.6029e-01,  1.1739e-01,  6.6219e-02,
         -3.6526e-01,  4.7446e-01,  4.1734e-02,  3.0443e-03, -7.4157e-02,
          5.0503e-01, -9.4444e-02,  1.5826e-01, -1.9200e-03, -2.0169e-01,
          5.3749e-01],
        [-2.7399e-02, -2.1611e-01, -1.4132e-01, -3.5310e-02, -2.4855e-01,
          4.9841e-02,  2.2300e-02,  9.5212e-03,  3.1897e-01, -9.3987e-02,
          2.9390e-01, -1.3648e-02,  3.2474e-01, -4.5740e-02,  2.1360e-02,
          9.4681e-02],
        [-2.4560e-01,  1.0137e-01,  3.5603e-01, -1.1347e-01, -2.2008e-01,
         -1.4068e-01,  8.5653e-02, -3.9574e-01,  4.3838e-01,  3.8479e-01,
         -5.1608e-02, -6.9578e-01,  5.3534e-02,  1.3103e-01,  3.5547e-01,
          5.2319e-03],
        [ 9.1610e-02, -1.3603e-01, -9.1607e-02,  1.3373e-01,  3.1926e-01,
          5.3922e-02, -1.3347e-02,  8.4989e-02, -4.8041e-01, -2.8423e-01,
         -9.3059e-02,  4.1107e-01,  1.3311e-01, -5.8525e-02, -5.4483e-02,
         -2.7788e-02],
        [ 3.5345e-02,  1.0627e-01, -1.5991e-01, -1.1657e-01, -7.1804e-02,
         -2.0518e-02, -1.8811e-01,  8.0935e-02, -1.4971e-01,  1.1836e-01,
          2.7085e-01,  1.6519e-02,  2.1605e-01, -6.4267e-03, -1.0410e-02,
         -9.7862e-02],
        [ 7.5459e-02,  9.7010e-02, -3.3859e-01,  3.0990e-01,  7.8163e-02,
         -8.2781e-02, -2.3757e-02, -2.9937e-01, -7.1160e-02,  1.3822e-01,
         -2.0014e-01,  9.4990e-02,  3.4070e-03,  2.7814e-01,  1.2269e-01,
         -2.8307e-02],
        [ 2.9579e-01,  3.0476e-01,  2.2877e-01,  1.5516e-03, -1.0121e-01,
         -2.2288e-01,  1.4802e-01,  2.0909e-02,  4.2042e-01,  1.3806e-01,
          2.0077e-01, -2.5470e-01, -1.7004e-01, -2.5197e-01, -2.5116e-01,
          1.5653e-01],
        [-5.2615e-01,  1.6099e-01,  6.7009e-01, -5.4335e-01, -6.7112e-01,
         -9.9015e-02, -2.7472e-02, -3.2127e-01,  6.0828e-01,  3.7181e-01,
         -2.8490e-01, -8.6427e-01, -2.4844e-01, -5.0466e-01,  4.4620e-01,
          6.3040e-02],
        [-8.2191e-02,  4.5062e-01,  3.0502e-01, -1.5620e-01, -6.6201e-02,
         -3.6526e-01,  1.8664e-01,  1.2814e-01,  9.6497e-01, -5.1362e-02,
         -1.2384e-01, -2.9701e-01, -3.3652e-01, -4.3443e-01, -6.5123e-02,
          1.5280e-01],
        [-3.0326e-01, -3.0496e-01,  8.6512e-02, -2.2380e-01, -1.3040e-01,
          2.6606e-01, -3.7626e-01, -1.5076e-01, -5.5631e-02, -4.2857e-02,
          7.1615e-02,  3.4494e-01, -1.7631e-01, -4.8831e-02,  5.9968e-02,
         -2.8395e-01],
        [-2.1844e-01,  6.8618e-02,  1.0755e-01, -1.9877e-01,  2.5480e-02,
          3.3762e-01, -4.3244e-02, -8.2495e-02, -4.5118e-01,  4.4021e-02,
          1.9122e-02,  3.4194e-01, -2.9082e-02,  6.2691e-01, -1.6893e-01,
         -2.4623e-01],
        [-1.4443e-01, -3.7132e-01,  8.8531e-02, -9.6905e-02, -9.1736e-03,
          2.3214e-01, -4.3173e-02, -1.9702e-01, -1.8643e-01,  2.2654e-01,
          1.1676e-01,  4.0947e-01, -2.9303e-01, -1.0449e-01, -7.3389e-02,
         -3.6091e-01],
        [ 1.5503e-01,  1.5030e-01,  5.6347e-02, -7.1232e-02, -1.5375e-02,
          1.8472e-01,  1.4113e-01, -1.0737e-01,  2.3121e-02,  2.3035e-02,
         -7.8514e-02, -2.4625e-01, -2.8166e-01, -1.9895e-02, -2.3983e-03,
         -1.4106e-01],
        [ 4.3036e-01,  8.5238e-01,  7.2286e-02,  3.7971e-01,  1.8032e-02,
         -4.1318e-01,  6.3147e-01,  4.9691e-01,  8.0948e-02, -2.4290e-01,
          1.9141e-01, -1.6060e-01,  2.1070e-01,  9.3511e-02, -4.1022e-01,
          6.3242e-01],
        [-4.8375e-01, -6.4097e-01,  2.3763e-01, -3.7005e-01,  2.1175e-01,
          6.4001e-01, -4.3529e-01, -3.2211e-01, -3.7732e-01,  1.9517e-01,
         -2.3474e-01,  8.1624e-02, -1.2594e-01, -1.0662e-01,  9.2365e-02,
         -3.6527e-01],
        [-1.7313e-01, -7.5589e-02,  9.1606e-02,  2.2182e-01, -7.6082e-02,
          6.5414e-02,  8.0468e-02, -2.4330e-02,  1.3927e-01,  2.6637e-02,
          1.5440e-03,  2.4103e-01, -4.2722e-02, -2.1595e-01,  2.8412e-01,
          1.4511e-02],
        [ 2.4654e-01,  2.7418e-01,  1.7709e-01, -2.3188e-01, -7.4578e-02,
          2.6038e-02,  1.3315e-01,  2.4639e-01, -1.6146e-01, -1.3380e-01,
          1.5687e-01,  2.0804e-01,  1.7029e-01,  1.0637e-01,  5.4766e-02,
         -4.8019e-02],
        [-2.2691e-01, -4.4404e-02, -2.4447e-01,  3.1153e-02, -1.2152e-01,
          2.6137e-01,  5.7557e-02,  4.6429e-02,  4.4629e-02,  1.5552e-01,
         -7.3314e-02, -1.5220e-01,  1.8683e-02, -1.4089e-01,  9.3396e-02,
         -1.8460e-01],
        [-2.2577e-02, -1.2047e-02,  9.5430e-02, -2.5764e-01, -3.0262e-01,
         -1.9241e-01, -1.6020e-01,  8.6427e-02,  8.4020e-02,  1.9540e-01,
          7.7617e-04, -5.2403e-01, -3.9271e-02, -1.4463e-01,  2.6044e-01,
         -1.2916e-02],
        [ 4.5251e-01,  4.2800e-01, -8.5973e-02,  2.9903e-01, -9.5679e-02,
         -4.3110e-01,  1.8160e-01,  4.5953e-01,  1.8017e-01, -2.2271e-01,
          2.7384e-01, -5.1925e-02,  1.2569e-02,  1.2978e-01, -8.5617e-02,
          3.9718e-01],
        [-1.5989e-01, -1.4736e-02, -8.6516e-02, -1.3402e-01, -3.8949e-02,
         -7.0472e-02,  4.4772e-02,  1.1075e-01,  2.8807e-02,  7.8223e-03,
         -8.9137e-02, -1.7246e-01,  6.8343e-02, -1.2577e-01,  8.9722e-02,
         -2.8619e-01],
        [ 7.0188e-02, -4.1714e-01, -1.8021e-01,  4.3395e-01, -7.0799e-02,
          4.5827e-03,  3.2848e-02, -2.0107e-01, -5.2266e-01, -2.1833e-02,
          2.6382e-01,  1.8795e-01,  2.1489e-01,  2.0493e-02, -5.0328e-01,
          2.3111e-02],
        [ 3.2921e-01,  2.1368e-01,  7.1640e-02, -8.3099e-02, -3.0464e-02,
         -4.7884e-01,  4.7412e-02,  2.7880e-02,  6.1327e-01,  4.7549e-03,
          1.6941e-01, -1.8157e-01, -3.2324e-01, -2.5361e-01,  3.4199e-01,
          3.1953e-01],
        [ 1.8800e-01,  2.9592e-01,  4.2819e-01, -3.0728e-01, -2.8660e-02,
         -1.9745e-01,  8.1982e-02, -7.3137e-02,  6.5905e-02, -1.2148e-01,
         -8.9469e-02,  9.0255e-02,  3.2195e-02, -1.6221e-01,  4.6055e-02,
          9.9334e-02],
        [-1.6279e-02, -2.3041e-01,  1.7012e-01, -8.6481e-02,  1.8754e-01,
         -6.5488e-02,  2.2305e-01,  1.3154e-02, -2.6516e-01,  2.3381e-01,
          7.7852e-02, -2.9803e-01, -2.5528e-01,  2.0971e-01,  2.0549e-02,
          1.5017e-01],
        [-4.0326e-02,  5.5760e-02,  1.2419e-01,  1.7362e-01,  9.3668e-02,
         -1.5293e-01,  2.3927e-01, -7.7334e-02, -7.1270e-02, -2.0917e-01,
         -2.9131e-01, -8.2165e-03, -6.8290e-02,  2.2165e-01, -7.0460e-02,
          7.7954e-02],
        [ 1.6391e-02,  2.3536e-01,  3.9980e-01, -3.5210e-01, -1.7477e-01,
         -3.6287e-02, -1.5123e-01,  1.0113e-01,  8.7708e-02,  3.0595e-01,
          6.6317e-04, -3.0715e-01, -8.6390e-02, -1.2594e-02,  4.1883e-01,
          2.5092e-01],
        [-3.0626e-01, -2.1114e-01,  1.4263e-01,  6.1758e-03,  1.0511e-01,
          1.0098e-01, -4.0272e-02, -1.9381e-01, -4.0811e-01,  1.3881e-02,
          1.3851e-01,  6.5130e-02, -1.1347e-01, -7.5953e-02, -1.5962e-01,
         -1.9925e-01],
        [ 1.7969e-02,  1.0785e-01,  3.3160e-01, -2.8021e-01, -4.6645e-01,
         -1.4475e-01, -2.4431e-02, -3.2949e-01,  4.4444e-01,  2.7706e-01,
         -1.4523e-01, -4.7471e-01, -4.4077e-02,  1.1766e-01,  4.3641e-01,
          1.3272e-01],
        [-8.6212e-02, -6.0536e-02, -4.3878e-01,  2.3305e-01, -1.4557e-01,
          1.3341e-01,  9.2175e-02,  1.2843e-01, -1.2784e-01, -3.3041e-02,
          1.9127e-01,  3.0011e-01,  3.2913e-01,  3.5235e-01, -1.8812e-01,
         -2.3802e-01],
        [-1.7965e-01, -1.9086e-01, -8.4148e-04, -1.1435e-01,  1.8208e-02,
          3.2429e-01,  1.3077e-01, -2.5364e-01, -5.4256e-02,  1.7661e-01,
         -1.9884e-01,  2.1663e-01, -1.1081e-01, -1.0348e-01, -2.0510e-01,
         -2.0728e-01],
        [ 3.3100e-02,  9.2419e-02, -8.0145e-02,  2.9010e-01,  4.5583e-01,
         -2.1366e-01, -1.5812e-01, -5.3184e-02, -4.5518e-01, -3.1229e-01,
          2.0267e-01,  1.6363e-01, -1.9531e-02,  3.3304e-01, -3.1770e-01,
          1.4923e-01]], device='cuda:0', requires_grad=True)

Parameter name: road_linear_0.bias
Shape: torch.Size([32])
Values: Parameter containing:
tensor([-0.5866, -0.0075,  0.1803, -0.1444,  0.0775, -0.1577,  0.0008,  0.2823,
        -0.3270,  0.3104,  0.2504,  0.4364,  0.2219, -0.4330,  0.3709,  0.0101,
        -0.1309, -0.0337,  0.0142, -0.5295, -0.0881, -0.1574, -0.2286, -0.1552,
        -0.1661,  0.2737,  0.0812,  0.3711, -0.1440, -0.1717,  0.2270, -0.1084],
       device='cuda:0', requires_grad=True)

Parameter name: road_linear_1.weight
Shape: torch.Size([1, 32])
Values: Parameter containing:
tensor([[-0.3673, -0.3415, -0.5490,  0.4220,  0.0990,  0.1951, -0.5321, -0.6457,
         -0.8861,  0.2625,  0.6084,  0.2373, -0.0355, -0.4904,  0.4282, -0.2344,
          0.2546, -0.1850, -0.2536, -0.3069, -0.0864,  0.3580, -0.5690, -0.1238,
          0.3547,  0.1861, -0.3206,  0.2926, -0.5758,  0.3980, -0.0036,  0.4139]],
       device='cuda:0', requires_grad=True)

Parameter name: linear_0.weight
Shape: torch.Size([32, 39])
Values: Parameter containing:
tensor([[ 0.2352,  0.0908,  0.1318,  ...,  0.0370,  0.0287, -0.1137],
        [ 0.1929, -0.1867, -0.0061,  ..., -0.0255, -0.0656,  0.0871],
        [ 0.0550, -0.0049,  0.0346,  ...,  0.1516,  0.0043,  0.0345],
        ...,
        [-0.1154, -0.3356, -0.2357,  ..., -0.1147, -0.2592, -0.1180],
        [ 0.1520, -0.1955, -0.0706,  ..., -0.1376, -0.0924,  0.1557],
        [-0.3879,  0.2498,  0.2201,  ..., -0.0287, -0.1122, -0.0509]],
       device='cuda:0', requires_grad=True)

Parameter name: linear_0.bias
Shape: torch.Size([32])
Values: Parameter containing:
tensor([ 0.2454,  0.1578, -0.1724,  0.0691, -0.1886,  0.1273, -0.2207, -0.1213,
        -0.2010,  0.3453,  0.0365, -0.2255,  0.2870,  0.1435,  0.0372, -0.1409,
         0.2973, -0.0165, -0.1747, -0.1609, -0.2403, -0.1174,  0.0503,  0.2095,
        -0.2788, -0.1134, -0.0940, -0.1132,  0.0511, -0.0318,  0.0794, -0.0564],
       device='cuda:0', requires_grad=True)

Parameter name: linear_1.weight
Shape: torch.Size([32, 32])
Values: Parameter containing:
tensor([[ 0.1811,  0.0479, -0.3031,  ...,  0.2269, -0.2942,  0.1560],
        [ 0.0628,  0.3041, -0.0885,  ...,  0.1855, -0.2046, -0.0029],
        [ 0.0846, -0.2161,  0.0816,  ..., -0.3017,  0.3343,  0.0100],
        ...,
        [-0.0039, -0.1569,  0.3154,  ..., -0.1258,  0.0982,  0.1844],
        [ 0.1192,  0.1201, -0.1731,  ...,  0.4292, -0.1061, -0.0939],
        [ 0.0156,  0.0008, -0.0155,  ...,  0.4011, -0.1929,  0.1298]],
       device='cuda:0', requires_grad=True)

Parameter name: linear_1.bias
Shape: torch.Size([32])
Values: Parameter containing:
tensor([ 0.1012,  0.2146,  0.0252, -0.1199,  0.0478, -0.2125, -0.0382, -0.0788,
         0.4019, -0.1505,  0.1896, -0.3001,  0.0738,  0.3030, -0.1076, -0.0090,
        -0.0040, -0.2428, -0.1730,  0.0724,  0.1005,  0.1979, -0.2544, -0.2764,
        -0.1399, -0.0230,  0.2942, -0.1399, -0.2265, -0.1054,  0.1152, -0.0679],
       device='cuda:0', requires_grad=True)

Parameter name: linear_2.weight
Shape: torch.Size([1, 32])
Values: Parameter containing:
tensor([[-0.1160, -0.1417,  0.0296,  0.0461, -0.1717,  0.3560,  0.1569,  0.0117,
         -0.2406, -0.0775, -0.0618, -0.0944, -0.0211,  0.0361, -0.0875, -0.0045,
          0.0189,  0.0635, -0.2110, -0.1503,  0.0296,  0.0841,  0.1361,  0.2311,
         -0.0535, -0.1431,  0.0296,  0.1295,  0.1353,  0.0775,  0.0209, -0.0556]],
       device='cuda:0', requires_grad=True)

Parameter name: linear_2.bias
Shape: torch.Size([1])
Values: Parameter containing:
tensor([-0.0805], device='cuda:0', requires_grad=True)

