Parameter name: road_linear_0.weight
Shape: torch.Size([32, 16])
Values: Parameter containing:
tensor([[-3.1121e-01,  4.5578e-01,  1.8376e-02, -5.5110e-03,  2.1970e-01,
          1.6132e-01,  3.5606e-01,  1.1478e-02,  2.2666e-01,  2.4178e-01,
          1.6659e-02, -1.7521e-01, -3.4481e-01, -3.4658e-01,  2.9037e-01,
          6.3266e-02],
        [-2.3505e-01, -3.1780e-02, -7.9692e-02,  4.3204e-04,  6.3205e-02,
          2.3925e-01,  1.9627e-01,  1.8802e-01,  4.4218e-01,  1.0784e-01,
          5.4975e-02, -2.8117e-01, -1.7213e-02, -3.1822e-02,  4.3548e-01,
         -6.9626e-02],
        [ 6.6804e-02, -9.8021e-02,  3.5308e-01, -1.3337e-01, -1.4695e-01,
         -3.3161e-01, -8.9296e-02, -4.5971e-01, -1.9773e-02, -5.2754e-02,
          8.8247e-02, -2.6610e-02,  4.4745e-01,  2.9999e-01,  1.8123e-02,
          2.5629e-01],
        [ 2.2213e-01, -2.4670e-01,  3.3378e-02, -5.9353e-02, -9.6559e-02,
         -1.7044e-01, -1.5469e-01, -1.0163e-01, -4.2744e-01, -3.5928e-01,
          4.4279e-02,  3.5402e-01,  3.0627e-01, -1.6470e-01, -2.2827e-01,
          1.1607e-01],
        [-7.7395e-02,  4.1341e-01, -1.4003e-01, -2.0555e-02,  2.3740e-01,
          6.1427e-02,  8.0818e-02,  3.5689e-01,  1.8760e-01,  2.6883e-01,
          7.5975e-02, -1.7586e-01, -7.4407e-02, -2.2417e-01,  3.2741e-01,
         -1.4946e-01],
        [ 1.4448e-02,  4.2859e-01, -3.2049e-01,  3.9507e-01,  3.7909e-01,
         -5.6382e-02,  2.8298e-01, -5.0091e-03,  2.7647e-01,  1.8461e-01,
         -3.0851e-01, -8.8973e-02, -2.6433e-01,  1.5528e-01,  3.8339e-01,
         -6.4354e-02],
        [ 3.3339e-01, -8.6000e-02,  3.6344e-01, -1.7525e-01, -1.0997e-01,
         -1.8951e-01, -1.9970e-01, -2.6266e-01, -2.8937e-01,  1.1558e-02,
          9.1821e-02,  6.8046e-02, -3.3787e-02,  1.8684e-01, -3.3276e-01,
          1.2698e-01],
        [-9.6733e-02,  4.9865e-02,  3.1424e-01, -3.4363e-01, -3.9173e-01,
         -2.8037e-01, -1.0894e-01, -2.9620e-01, -2.3626e-01, -1.8183e-01,
          3.6221e-02,  4.4954e-02,  2.8265e-01, -1.2597e-01, -1.3296e-01,
          3.2690e-01],
        [ 2.7766e-02, -1.3894e-02,  2.8767e-01, -2.6191e-01, -1.5365e-01,
         -3.3877e-01, -2.0985e-01, -1.4549e-01, -1.3472e-02, -2.9469e-01,
         -4.3073e-02,  9.1296e-02, -3.2548e-02,  1.6353e-01, -4.3199e-01,
          9.3130e-02],
        [-2.8021e-01,  2.2434e-01, -8.1285e-02,  6.9262e-04,  1.6125e-01,
          1.4444e-01,  9.2896e-02,  2.8188e-01,  3.2376e-01, -1.8837e-02,
          8.2512e-02, -3.6816e-02, -2.9902e-01, -8.1069e-02,  2.4976e-01,
         -2.0072e-01],
        [-3.3226e-01,  4.1091e-01, -3.0182e-02, -2.9017e-02,  2.9834e-02,
          4.0273e-01,  2.7151e-01,  1.5963e-01,  4.0747e-01,  2.3039e-01,
         -5.2175e-02, -1.3893e-02, -2.2847e-01,  1.3140e-01,  4.1745e-02,
         -3.1849e-01],
        [-9.0901e-02,  1.4841e-01,  1.6483e-02,  8.2320e-02,  2.2878e-01,
          9.6607e-02,  3.7865e-01,  1.7539e-01,  1.9692e-01,  3.1283e-01,
          1.5221e-01,  5.6152e-02, -4.3166e-01, -2.1437e-01,  1.3086e-01,
         -1.8083e-01],
        [ 3.3464e-01, -1.3319e-01,  1.5121e-01, -1.9575e-01, -2.0164e-01,
          2.2553e-02, -1.4555e-01, -3.8477e-01, -3.9783e-01, -1.0691e-01,
          1.1083e-01,  7.9528e-02,  1.7367e-02,  1.8394e-01, -3.0487e-01,
          4.8435e-02],
        [ 1.8814e-01,  6.2282e-02,  3.3954e-01, -1.5042e-02, -3.8712e-01,
         -1.0178e-02, -7.5216e-02, -1.0800e-01, -2.7345e-01, -1.4088e-01,
         -5.9209e-02,  1.2978e-01,  1.5135e-01,  5.0650e-02, -4.1854e-01,
          2.2865e-01],
        [-3.5744e-01,  2.0707e-03, -4.4824e-02, -3.4535e-02,  4.5823e-01,
          4.0276e-01,  1.3114e-01,  1.5928e-01,  2.3140e-02,  1.6008e-01,
         -3.1577e-02, -3.3821e-01, -1.1982e-01, -1.0547e-01,  1.2211e-01,
         -1.5229e-01],
        [-5.1052e-02, -4.2084e-01,  2.0309e-01,  3.8925e-02, -4.0255e-01,
         -2.0248e-02, -2.4427e-01, -3.6432e-01, -2.5263e-01, -6.0758e-02,
          1.4582e-01,  4.5700e-01,  2.0734e-01, -2.4558e-02,  3.5257e-03,
          1.2033e-01],
        [ 2.5461e-01,  2.0389e-02,  1.4108e-01, -3.2728e-01, -3.7656e-01,
         -1.8453e-02, -8.6076e-02, -5.2798e-03, -3.5854e-01, -1.4432e-01,
          2.7404e-01,  2.7811e-01,  3.5137e-01,  2.2943e-01, -1.7962e-01,
         -7.6326e-02],
        [-2.3029e-01,  2.0827e-01, -1.8509e-01,  1.1438e-01,  1.5077e-01,
          2.6409e-01,  2.8485e-01,  2.7825e-01,  1.2719e-01,  2.3963e-01,
         -1.4173e-01, -2.2086e-01, -1.6409e-01, -1.6105e-01,  2.8209e-01,
         -1.2620e-01],
        [ 1.9478e-01, -1.9109e-01,  1.0711e-01, -2.8651e-01, -2.4570e-01,
         -3.5909e-01, -3.0536e-01,  4.1319e-04, -4.2474e-01, -8.9982e-02,
          1.4228e-01, -6.5861e-02,  2.2906e-01,  2.2401e-01, -7.9156e-03,
          1.6843e-01],
        [ 3.4080e-01, -1.9057e-01,  2.3012e-01, -8.6620e-02, -3.7492e-01,
         -2.1387e-01, -3.8149e-01, -9.0190e-03, -8.3411e-02, -2.4612e-01,
          7.4296e-02,  2.6330e-01, -2.2467e-02,  8.6276e-02, -5.0062e-02,
          1.7777e-01],
        [-1.4419e-01,  3.3314e-01, -1.2318e-03, -8.4522e-02,  3.1565e-01,
         -6.9615e-02,  3.2819e-01,  3.9514e-01,  1.8820e-01,  4.1146e-02,
         -2.3880e-01, -2.6585e-01, -2.2164e-01, -1.7727e-01,  3.8249e-01,
         -2.3108e-01],
        [-8.0235e-02, -3.4122e-03, -4.5524e-02,  4.1235e-01,  8.5014e-02,
          1.1410e-01,  3.0322e-01, -5.2688e-03,  8.8873e-02,  2.5853e-01,
          1.5436e-01, -3.1366e-01, -2.3485e-01, -3.7897e-01,  7.9474e-03,
          4.1745e-02],
        [ 3.3267e-01, -2.4107e-01,  1.3451e-02, -1.5717e-01, -4.4411e-02,
         -3.7319e-01, -3.1518e-01, -2.5478e-01, -2.8758e-01, -1.2723e-01,
          2.6618e-01,  2.2575e-01, -5.6485e-02,  2.8811e-01,  6.2823e-02,
          1.9531e-01],
        [ 1.8116e-01,  2.5604e-03,  2.7541e-01, -3.3562e-01, -2.3254e-01,
         -1.3992e-01, -1.6257e-01, -2.7358e-01, -3.2502e-01, -2.7425e-01,
          1.5842e-02,  3.1450e-01,  2.6238e-01,  6.3768e-02, -2.0791e-01,
         -3.4720e-02],
        [ 1.8556e-01, -4.4137e-01,  1.3707e-01, -1.2322e-01,  7.9842e-03,
         -2.2372e-01,  1.8992e-02, -1.9282e-01, -4.0579e-01,  8.4287e-02,
          3.3052e-01,  8.0480e-03,  6.9948e-02,  2.2484e-01, -3.5104e-01,
          3.2715e-01],
        [ 2.9546e-02, -2.7337e-01,  6.2301e-02,  7.2850e-02, -2.9709e-01,
         -1.9193e-01, -7.0019e-02, -3.7760e-01, -2.1961e-01, -3.3720e-01,
         -1.3249e-01,  1.2963e-01,  2.3113e-01,  3.1485e-01, -4.1079e-01,
          8.1766e-02],
        [ 1.8585e-01, -7.8765e-02,  2.5280e-01, -3.3499e-01, -2.1040e-01,
         -7.5019e-02, -3.7411e-01, -5.0297e-02, -3.9777e-01,  3.4653e-02,
          1.4866e-01,  9.3925e-02,  2.5073e-01,  2.6567e-01,  5.4698e-02,
          2.6670e-01],
        [-2.9171e-01,  2.6845e-01,  5.3480e-02,  2.0355e-01,  3.6999e-01,
          8.2576e-04,  3.8759e-01,  2.0014e-01, -1.7304e-02,  7.3852e-02,
          1.1973e-01, -2.7950e-01, -2.4700e-01, -1.8672e-01,  5.1253e-02,
         -1.0080e-01],
        [ 2.5268e-01, -1.0842e-01,  8.7915e-02, -1.1617e-01, -3.2942e-01,
         -2.6354e-01, -1.4415e-01, -3.5444e-01, -2.7244e-02, -7.5070e-02,
          9.3067e-02,  1.3895e-01,  3.5753e-01,  2.7175e-01, -1.8193e-02,
          2.2872e-01],
        [-2.4954e-01,  2.6498e-01, -2.8252e-01,  2.5108e-01, -2.2851e-02,
          1.2309e-01,  3.6892e-01,  3.4186e-01,  3.9341e-01,  2.0974e-01,
          5.8441e-02, -9.2928e-02,  9.4524e-03,  7.0242e-02,  1.6906e-01,
         -2.1741e-01],
        [-2.4067e-01,  1.1078e-01,  5.3920e-03,  5.4384e-03,  2.3239e-01,
          3.5898e-01,  3.8705e-01, -8.0802e-03,  2.4757e-01,  2.8736e-01,
         -3.2769e-01, -1.5022e-02, -3.2652e-01, -2.3686e-01,  4.5447e-02,
         -2.1084e-01],
        [ 1.4987e-02, -1.0283e-01,  2.1186e-01, -5.1641e-02, -2.3810e-02,
         -2.9688e-01, -4.1706e-01, -3.8188e-01, -3.1128e-01, -2.4381e-01,
          1.8575e-01, -1.6765e-02, -9.7637e-03,  2.2175e-01, -3.1102e-01,
          1.7111e-01]], device='cuda:0', requires_grad=True)

Parameter name: road_linear_0.bias
Shape: torch.Size([32])
Values: Parameter containing:
tensor([-0.1182,  0.0003,  0.0850, -0.0570, -0.0035, -0.0971,  0.0791,  0.1379,
        -0.0340, -0.0286, -0.0169,  0.0663,  0.1385,  0.0652,  0.0235,  0.1017,
        -0.0770, -0.0074,  0.0816,  0.0328, -0.0577, -0.0697, -0.0125, -0.0090,
        -0.0766,  0.1625,  0.1498,  0.0262, -0.0689, -0.1926,  0.0415, -0.0012],
       device='cuda:0', requires_grad=True)

Parameter name: road_linear_1.weight
Shape: torch.Size([1, 32])
Values: Parameter containing:
tensor([[ 0.2741,  0.3576, -0.2634, -0.2884,  0.3563,  0.4051, -0.3222, -0.4221,
         -0.3302,  0.4056,  0.2867,  0.4244, -0.2956, -0.4433,  0.3368, -0.3145,
         -0.3421,  0.3636, -0.2577, -0.2869,  0.4502,  0.3177, -0.3950, -0.4134,
         -0.3679, -0.3847, -0.3533,  0.3963, -0.3792,  0.4256,  0.3143, -0.2657]],
       device='cuda:0', requires_grad=True)

Parameter name: linear_0.weight
Shape: torch.Size([32, 39])
Values: Parameter containing:
tensor([[-0.0614,  0.1377,  0.0877,  ...,  0.1424, -0.2672, -0.1137],
        [-0.1555, -0.0097,  0.1378,  ...,  0.0687, -0.3030,  0.0871],
        [ 0.0466, -0.0683,  0.0211,  ...,  0.0537,  0.2511,  0.0345],
        ...,
        [ 0.1563, -0.1885, -0.0335,  ..., -0.1927,  0.0126, -0.1180],
        [ 0.1366, -0.2481, -0.0788,  ..., -0.2381,  0.1309,  0.1557],
        [-0.2345,  0.1922,  0.0857,  ...,  0.0640, -0.2597, -0.0509]],
       device='cuda:0', requires_grad=True)

Parameter name: linear_0.bias
Shape: torch.Size([32])
Values: Parameter containing:
tensor([ 0.0564,  0.0396, -0.0694, -0.1411, -0.0757,  0.0585, -0.0978,  0.0471,
        -0.0408,  0.0534,  0.0106,  0.0149, -0.0213,  0.0946, -0.0393, -0.0024,
         0.0479, -0.1598, -0.0283,  0.0750, -0.0695,  0.0208,  0.1145,  0.0221,
        -0.0972,  0.1074,  0.0556, -0.1251,  0.0398,  0.1790,  0.1758, -0.1168],
       device='cuda:0', requires_grad=True)

Parameter name: linear_1.weight
Shape: torch.Size([32, 32])
Values: Parameter containing:
tensor([[ 0.0783, -0.1856, -0.0869,  ...,  0.0793, -0.0191,  0.0493],
        [-0.2055, -0.0343,  0.1189,  ...,  0.1776, -0.0024,  0.0230],
        [ 0.1348, -0.0388, -0.1877,  ..., -0.1686, -0.0150,  0.2094],
        ...,
        [ 0.1429,  0.0866,  0.0590,  ...,  0.0472, -0.2162,  0.3051],
        [ 0.0231, -0.1642,  0.0413,  ...,  0.2806,  0.2343, -0.1604],
        [ 0.0017, -0.1157,  0.2248,  ...,  0.2520,  0.1456, -0.0753]],
       device='cuda:0', requires_grad=True)

Parameter name: linear_1.bias
Shape: torch.Size([32])
Values: Parameter containing:
tensor([ 0.1238,  0.1683, -0.0576, -0.1284,  0.0235, -0.0231, -0.0800,  0.0103,
         0.1738, -0.1650,  0.1225, -0.1194,  0.2102,  0.0600, -0.1039,  0.1649,
        -0.1312, -0.1748,  0.0511,  0.0430, -0.0514,  0.0786, -0.2256,  0.2071,
        -0.0105, -0.0283,  0.0776,  0.0035, -0.1705, -0.0805,  0.1554,  0.0378],
       device='cuda:0', requires_grad=True)

Parameter name: linear_2.weight
Shape: torch.Size([1, 32])
Values: Parameter containing:
tensor([[ 0.4443,  0.3625, -0.4166, -0.4191,  0.2608,  0.2795, -0.3332,  0.2941,
          0.3540, -0.3777, -0.3070,  0.3252,  0.3254,  0.3059,  0.3593,  0.3432,
         -0.4426, -0.4451,  0.2931,  0.2988, -0.3685, -0.3435, -0.4378,  0.3020,
          0.3862,  0.4461, -0.4180,  0.4066, -0.3451, -0.4341,  0.3943,  0.4266]],
       device='cuda:0', requires_grad=True)

Parameter name: linear_2.bias
Shape: torch.Size([1])
Values: Parameter containing:
tensor([0.2381], device='cuda:0', requires_grad=True)

