Parameter name: road_linear_0.weight
Shape: torch.Size([32, 16])
Values: Parameter containing:
tensor([[-0.1814,  0.2531,  0.1299, -0.1608, -0.0114,  0.0282,  0.1531, -0.1886,
          0.0333,  0.1090,  0.1169, -0.0025, -0.1480, -0.2335,  0.1253,  0.1982],
        [-0.1225, -0.1915,  0.0257, -0.1443, -0.1662,  0.1167,  0.0252,  0.0244,
          0.2650, -0.0045,  0.1373, -0.1230,  0.1456,  0.0723,  0.2212,  0.0423],
        [-0.0630,  0.0895,  0.2396,  0.0233,  0.0840, -0.2035,  0.1065, -0.2668,
          0.1917,  0.0749,  0.0231, -0.2092,  0.2559,  0.1925,  0.1997,  0.1225],
        [ 0.1390, -0.1014, -0.0476,  0.0629,  0.0825, -0.0636, -0.0144,  0.0390,
         -0.2863, -0.2658, -0.0315,  0.2237,  0.1680, -0.2279, -0.0850,  0.0275],
        [ 0.0361,  0.2352, -0.0408, -0.1650,  0.0107, -0.0493, -0.1053,  0.1804,
          0.0052,  0.1560,  0.1855, -0.0197,  0.0989, -0.1203,  0.1348, -0.0335],
        [ 0.1185,  0.2733, -0.2372,  0.2689,  0.1890, -0.1522,  0.1229, -0.1598,
          0.1235,  0.0793, -0.2437,  0.0447, -0.1107,  0.2447,  0.2425,  0.0408],
        [ 0.2490,  0.0438,  0.2890, -0.0548,  0.0654, -0.0942, -0.0583, -0.1248,
         -0.1407,  0.1061,  0.0591, -0.0594, -0.1682,  0.1232, -0.2025,  0.0393],
        [-0.1659,  0.1692,  0.2533, -0.2363, -0.2284, -0.1983,  0.0180, -0.1710,
         -0.0993, -0.1015,  0.0184, -0.0699,  0.1619, -0.1773, -0.0079,  0.2569],
        [-0.0919,  0.1616,  0.1766, -0.1109,  0.0906, -0.2165, -0.0272,  0.0294,
          0.1765, -0.1781, -0.1301, -0.0804, -0.2048,  0.0534, -0.2040, -0.0233],
        [-0.1593,  0.0467,  0.0280, -0.1504, -0.0765,  0.0248, -0.0953,  0.1013,
          0.1327, -0.1380,  0.1813,  0.1316, -0.1197,  0.0330,  0.0292, -0.0798],
        [-0.2211,  0.2273,  0.0697, -0.1716, -0.1867,  0.2922,  0.0906, -0.0150,
          0.2184,  0.1198,  0.0413,  0.1470, -0.0542,  0.2237, -0.1443, -0.2044],
        [-0.0082, -0.0043,  0.0925, -0.0343,  0.0404, -0.0012,  0.2382,  0.0288,
          0.0449,  0.2260,  0.2122,  0.1913, -0.2873, -0.1498, -0.0455, -0.0993],
        [ 0.1873,  0.0905,  0.0227, -0.0227,  0.0574,  0.1706,  0.0835, -0.1609,
         -0.1704,  0.0408,  0.0034, -0.1205, -0.2084,  0.0399, -0.0846, -0.1046],
        [ 0.0958,  0.2063,  0.2569,  0.1106, -0.1866,  0.0923,  0.0779,  0.0401,
         -0.1045, -0.0451, -0.1346, -0.0091,  0.0031, -0.0308, -0.2446,  0.1352],
        [-0.2546, -0.1509,  0.0510, -0.1714,  0.2383,  0.2909, -0.0283,  0.0025,
         -0.1493,  0.0566,  0.0328, -0.1856,  0.0341, -0.0161, -0.0737, -0.0492],
        [-0.1966, -0.2097,  0.0790,  0.2128, -0.1422,  0.1136, -0.0250, -0.1499,
         -0.0382,  0.0823,  0.0153,  0.2653, -0.0036, -0.1665,  0.2363, -0.0284],
        [ 0.2071,  0.1277,  0.0932, -0.2371, -0.2437,  0.0687,  0.0098,  0.1004,
         -0.2637, -0.0758,  0.2089,  0.1781,  0.2518,  0.2009, -0.0567, -0.1237],
        [-0.1988,  0.1245, -0.1493,  0.0326,  0.0370,  0.2061,  0.1903,  0.1888,
          0.0510,  0.1801, -0.0932, -0.1488, -0.0872, -0.1479,  0.2117, -0.0860],
        [ 0.0911, -0.0224,  0.0153, -0.1546, -0.0508, -0.2431, -0.1412,  0.1680,
         -0.2597,  0.0181,  0.0440, -0.2210,  0.0709,  0.1496,  0.1490,  0.0635],
        [ 0.2489, -0.0291,  0.1490,  0.0384, -0.1873, -0.1095, -0.2296,  0.1486,
          0.0741, -0.1498, -0.0177,  0.1189, -0.1725,  0.0163,  0.1132,  0.0837],
        [-0.0715,  0.1944,  0.0598, -0.1898,  0.1455, -0.1471,  0.1901,  0.2532,
          0.0648, -0.0441, -0.1419, -0.1582, -0.0874, -0.1088,  0.2478, -0.1544],
        [ 0.0578, -0.1986,  0.0802,  0.2422, -0.1844, -0.0163,  0.1064, -0.1970,
         -0.1192,  0.1233,  0.2482, -0.1195, -0.0447, -0.2418, -0.2505,  0.1738],
        [ 0.2613, -0.1118, -0.0494, -0.0481,  0.1178, -0.2921, -0.1890, -0.1272,
         -0.1501, -0.0469,  0.1924,  0.1025, -0.1833,  0.2358,  0.2038,  0.1258],
        [ 0.1715,  0.0607,  0.2540, -0.2724, -0.1544, -0.0819, -0.0977, -0.2106,
         -0.2812, -0.2315, -0.0167,  0.2597,  0.2072,  0.0774, -0.1544, -0.0538],
        [ 0.0733, -0.2669,  0.0380,  0.0187,  0.2277, -0.1161,  0.1949, -0.0260,
         -0.2150,  0.1960,  0.2286, -0.1497, -0.1019,  0.1244, -0.1518,  0.2172],
        [-0.0728, -0.1088, -0.0245,  0.2074, -0.0822, -0.0974,  0.1028, -0.2102,
         -0.0458, -0.2327, -0.2152, -0.0120,  0.0666,  0.2177, -0.2410, -0.0270],
        [ 0.1156,  0.0563,  0.1961, -0.2330, -0.0593,  0.0068, -0.2516,  0.0801,
         -0.2796,  0.1158,  0.0766, -0.0223,  0.1281,  0.2158,  0.1893,  0.1994],
        [-0.1948,  0.1040,  0.1387,  0.0757,  0.1636, -0.1054,  0.2263,  0.0365,
         -0.1836, -0.0240,  0.2044, -0.1342, -0.0880, -0.1053, -0.1352, -0.0031],
        [ 0.2019,  0.0132,  0.0347, -0.0202, -0.1905, -0.1831, -0.0383, -0.2407,
          0.0803, -0.0067,  0.0489,  0.0319,  0.2447,  0.2394,  0.1029,  0.1724],
        [-0.1705,  0.1411, -0.2187,  0.1390, -0.1812,  0.0489,  0.2314,  0.2118,
          0.2604,  0.1233,  0.1267,  0.0187,  0.1354,  0.1292,  0.0619, -0.1343],
        [-0.1718, -0.0264,  0.0682, -0.1022,  0.0689,  0.2709,  0.2633, -0.1400,
          0.1139,  0.2058, -0.2501,  0.1102, -0.1991, -0.1880, -0.1020, -0.1432],
        [-0.0674,  0.0412,  0.1344,  0.0689,  0.1477, -0.1962, -0.2747, -0.2380,
         -0.1740, -0.1482,  0.0886, -0.1464, -0.1453,  0.1631, -0.1788,  0.0825]],
       device='cuda:0', requires_grad=True)

Parameter name: road_linear_0.bias
Shape: torch.Size([32])
Values: Parameter containing:
tensor([-2.0323e-01,  8.2798e-02,  1.5875e-01, -1.5776e-01,  1.0432e-01,
        -1.2924e-01,  1.0865e-01,  1.7381e-01, -2.0243e-01,  9.1934e-02,
         1.1758e-01,  1.9687e-01,  2.1929e-01,  3.1365e-02,  3.7107e-02,
         2.2753e-02, -1.5856e-01, -8.7851e-05, -7.9134e-03, -1.0963e-01,
        -1.8335e-02,  7.3831e-03, -1.0806e-01, -5.3257e-02, -2.5700e-01,
         2.5085e-01,  7.7799e-02,  1.6912e-01, -1.6021e-01, -1.9798e-01,
         1.4351e-01, -8.1859e-02], device='cuda:0', requires_grad=True)

Parameter name: road_linear_1.weight
Shape: torch.Size([1, 32])
Values: Parameter containing:
tensor([[ 0.0083,  0.0880, -0.0296, -0.0559,  0.0865,  0.1451, -0.0999, -0.2028,
         -0.0760,  0.1288,  0.0616,  0.1824, -0.0254, -0.1895,  0.0931, -0.0496,
         -0.1207,  0.1634, -0.0321, -0.0650,  0.2082,  0.1117, -0.1957, -0.2156,
         -0.1144, -0.1262, -0.1435,  0.1322, -0.1713,  0.2131,  0.1082, -0.0488]],
       device='cuda:0', requires_grad=True)

Parameter name: linear_0.weight
Shape: torch.Size([32, 39])
Values: Parameter containing:
tensor([[ 0.0237,  0.0313,  0.0502,  ...,  0.0256, -0.1383, -0.1137],
        [-0.0454, -0.1291,  0.0931,  ..., -0.0056, -0.1794,  0.0871],
        [-0.0919,  0.0818,  0.1011,  ...,  0.1308,  0.0935,  0.0345],
        ...,
        [ 0.0828, -0.0897,  0.0196,  ..., -0.0939, -0.0948, -0.1180],
        [ 0.0125, -0.1146, -0.0159,  ..., -0.1574, -0.0102,  0.1557],
        [-0.1385,  0.0760,  0.0288,  ..., -0.0483, -0.1230, -0.0509]],
       device='cuda:0', requires_grad=True)

Parameter name: linear_0.bias
Shape: torch.Size([32])
Values: Parameter containing:
tensor([ 0.0590,  0.0763, -0.1181, -0.1026, -0.0385,  0.0224, -0.1368,  0.0825,
        -0.0422,  0.1029,  0.0536, -0.0337, -0.0243,  0.0592, -0.0900, -0.0498,
         0.0822, -0.1332, -0.0238,  0.0179, -0.0920,  0.0639,  0.0767, -0.0323,
        -0.0574,  0.0863,  0.0028, -0.1306,  0.0761,  0.1675,  0.1297, -0.0995],
       device='cuda:0', requires_grad=True)

Parameter name: linear_1.weight
Shape: torch.Size([32, 32])
Values: Parameter containing:
tensor([[ 0.1691, -0.0885, -0.1263,  ..., -0.0275, -0.1212,  0.1545],
        [-0.0901,  0.0772,  0.0491,  ...,  0.0574, -0.1201,  0.1514],
        [ 0.0161, -0.1488, -0.1107,  ..., -0.0491,  0.1015,  0.0741],
        ...,
        [ 0.0186, -0.0004,  0.1302,  ...,  0.1467, -0.1127,  0.1637],
        [ 0.1038, -0.0355,  0.0027,  ...,  0.1433,  0.1163, -0.0653],
        [ 0.1053, -0.0275,  0.1742,  ...,  0.1513,  0.0457,  0.0467]],
       device='cuda:0', requires_grad=True)

Parameter name: linear_1.bias
Shape: torch.Size([32])
Values: Parameter containing:
tensor([ 0.0596,  0.0930,  0.0129, -0.0355, -0.0709, -0.1027,  0.0029, -0.1095,
         0.0951, -0.1162,  0.1633, -0.1656,  0.1372,  0.0346, -0.1767,  0.0430,
        -0.1039, -0.1311, -0.0003, -0.0602,  0.0538,  0.1499, -0.1520,  0.1652,
        -0.1076, -0.0441,  0.1236, -0.0837, -0.0795, -0.0327,  0.0591, -0.0165],
       device='cuda:0', requires_grad=True)

Parameter name: linear_2.weight
Shape: torch.Size([1, 32])
Values: Parameter containing:
tensor([[ 0.1699,  0.0685, -0.1606, -0.1230,  0.0195,  0.0074, -0.0647,  0.0596,
          0.0700, -0.0932, -0.0484,  0.0741,  0.0493,  0.0121,  0.0988,  0.0535,
         -0.1576, -0.1809,  0.0145,  0.0706, -0.1163, -0.0948, -0.1636,  0.0257,
          0.1358,  0.1719, -0.1559,  0.1381, -0.0816, -0.1680,  0.1236,  0.1614]],
       device='cuda:0', requires_grad=True)

Parameter name: linear_2.bias
Shape: torch.Size([1])
Values: Parameter containing:
tensor([-0.0191], device='cuda:0', requires_grad=True)

Parameter name: road_linear_0.weight
Shape: torch.Size([32, 16])
Values: Parameter containing:
tensor([[-0.1807,  0.2538,  0.1307, -0.1602, -0.0112,  0.0277,  0.1521, -0.1892,
          0.0334,  0.1086,  0.1170, -0.0018, -0.1477, -0.2325,  0.1265,  0.1990],
        [-0.1221, -0.1914,  0.0262, -0.1431, -0.1658,  0.1164,  0.0244,  0.0239,
          0.2665, -0.0043,  0.1361, -0.1225,  0.1460,  0.0737,  0.2228,  0.0431],
        [-0.0641,  0.0912,  0.2384,  0.0232,  0.0845, -0.2024,  0.1079, -0.2654,
          0.1923,  0.0754,  0.0225, -0.2101,  0.2538,  0.1908,  0.2011,  0.1213],
        [ 0.1390, -0.1013, -0.0478,  0.0614,  0.0827, -0.0635, -0.0138,  0.0395,
         -0.2884, -0.2663, -0.0311,  0.2234,  0.1675, -0.2293, -0.0860,  0.0271],
        [ 0.0364,  0.2355, -0.0405, -0.1636,  0.0113, -0.0494, -0.1060,  0.1799,
          0.0069,  0.1563,  0.1851, -0.0193,  0.0991, -0.1189,  0.1361, -0.0329],
        [ 0.1188,  0.2737, -0.2369,  0.2701,  0.1892, -0.1523,  0.1224, -0.1601,
          0.1249,  0.0793, -0.2420,  0.0450, -0.1108,  0.2464,  0.2438,  0.0413],
        [ 0.2489,  0.0442,  0.2887, -0.0565,  0.0651, -0.0940, -0.0578, -0.1244,
         -0.1432,  0.1055,  0.0610, -0.0598, -0.1684,  0.1210, -0.2081,  0.0390],
        [-0.1661,  0.1697,  0.2530, -0.2379, -0.2286, -0.1981,  0.0187, -0.1705,
         -0.1016, -0.1020,  0.0208, -0.0704,  0.1614, -0.1791, -0.0102,  0.2563],
        [-0.0922,  0.1613,  0.1763, -0.1123,  0.0899, -0.2163, -0.0265,  0.0298,
          0.1748, -0.1784, -0.1295, -0.0808, -0.2051,  0.0521, -0.2058, -0.0239],
        [-0.1589,  0.0470,  0.0284, -0.1492, -0.0763,  0.0246, -0.0960,  0.1008,
          0.1344, -0.1378,  0.1816,  0.1321, -0.1195,  0.0346,  0.0300, -0.0791],
        [-0.2210,  0.2300,  0.0699, -0.1704, -0.1868,  0.2921,  0.0903, -0.0155,
          0.2200,  0.1201,  0.0414,  0.1474, -0.0543,  0.2244, -0.1406, -0.2040],
        [-0.0080, -0.0019,  0.0928, -0.0329,  0.0406, -0.0012,  0.2377,  0.0284,
          0.0470,  0.2266,  0.2100,  0.1916, -0.2875, -0.1485, -0.0451, -0.0988],
        [ 0.1870,  0.0892,  0.0225, -0.0239,  0.0567,  0.1705,  0.0840, -0.1606,
         -0.1714,  0.0406,  0.0032, -0.1207, -0.2082,  0.0390, -0.0874, -0.1051],
        [ 0.0956,  0.2066,  0.2566,  0.1092, -0.1870,  0.0925,  0.0785,  0.0405,
         -0.1063, -0.0455, -0.1311, -0.0095,  0.0028, -0.0324, -0.2462,  0.1347],
        [-0.2545, -0.1511,  0.0513, -0.1700,  0.2387,  0.2907, -0.0289,  0.0020,
         -0.1474,  0.0569,  0.0319, -0.1852,  0.0342, -0.0147, -0.0725, -0.0487],
        [-0.1969, -0.2095,  0.0786,  0.2113, -0.1426,  0.1138, -0.0243, -0.1493,
         -0.0400,  0.0820,  0.0198,  0.2649, -0.0038, -0.1680,  0.2346, -0.0290],
        [ 0.2068,  0.1276,  0.0929, -0.2384, -0.2440,  0.0689,  0.0103,  0.1008,
         -0.2652, -0.0761,  0.2118,  0.1777,  0.2520,  0.1992, -0.0585, -0.1243],
        [-0.1985,  0.1241, -0.1489,  0.0340,  0.0371,  0.2058,  0.1896,  0.1883,
          0.0531,  0.1804, -0.0942, -0.1483, -0.0869, -0.1460,  0.2134, -0.0854],
        [ 0.0912, -0.0219,  0.0158, -0.1545, -0.0505, -0.2439, -0.1414,  0.1677,
         -0.2588,  0.0179,  0.0445, -0.2205,  0.0703,  0.1476,  0.1506,  0.0635],
        [ 0.2489, -0.0290,  0.1488,  0.0369, -0.1872, -0.1094, -0.2291,  0.1491,
          0.0720, -0.1502, -0.0181,  0.1186, -0.1727,  0.0147,  0.1125,  0.0834],
        [-0.0712,  0.1943,  0.0602, -0.1885,  0.1460, -0.1473,  0.1893,  0.2529,
          0.0665, -0.0439, -0.1424, -0.1577, -0.0869, -0.1074,  0.2497, -0.1538],
        [ 0.0580, -0.1988,  0.0806,  0.2437, -0.1836, -0.0165,  0.1057, -0.1975,
         -0.1173,  0.1236,  0.2461, -0.1190, -0.0441, -0.2405, -0.2484,  0.1744],
        [ 0.2610, -0.1117, -0.0498, -0.0495,  0.1176, -0.2919, -0.1883, -0.1267,
         -0.1520, -0.0472,  0.1921,  0.1020, -0.1837,  0.2342,  0.2026,  0.1253],
        [ 0.1712,  0.0608,  0.2537, -0.2739, -0.1546, -0.0818, -0.0970, -0.2100,
         -0.2831, -0.2318, -0.0173,  0.2593,  0.2067,  0.0760, -0.1553, -0.0544],
        [ 0.0731, -0.2668,  0.0377,  0.0173,  0.2273, -0.1159,  0.1956, -0.0254,
         -0.2168,  0.1956,  0.2296, -0.1501, -0.1020,  0.1229, -0.1531,  0.2166],
        [-0.0731, -0.1090, -0.0249,  0.2061, -0.0828, -0.0972,  0.1035, -0.2097,
         -0.0472, -0.2329, -0.2147, -0.0125,  0.0663,  0.2164, -0.2434, -0.0277],
        [ 0.1153,  0.0566,  0.1958, -0.2345, -0.0595,  0.0070, -0.2509,  0.0806,
         -0.2817,  0.1155,  0.0776, -0.0228,  0.1277,  0.2140,  0.1879,  0.1989],
        [-0.1947,  0.1049,  0.1387,  0.0773,  0.1643, -0.1053,  0.2258,  0.0362,
         -0.1814, -0.0232,  0.2043, -0.1341, -0.0882, -0.1041, -0.1345, -0.0027],
        [ 0.2017,  0.0087,  0.0344, -0.0214, -0.1907, -0.1831, -0.0377, -0.2403,
          0.0788, -0.0069,  0.0487,  0.0316,  0.2452,  0.2385,  0.1003,  0.1718],
        [-0.1703,  0.1404, -0.2183,  0.1406, -0.1808,  0.0487,  0.2307,  0.2112,
          0.2626,  0.1237,  0.1233,  0.0192,  0.1361,  0.1309,  0.0643, -0.1337],
        [-0.1716, -0.0263,  0.0685, -0.1009,  0.0690,  0.2707,  0.2627, -0.1405,
          0.1158,  0.2060, -0.2495,  0.1106, -0.1988, -0.1865, -0.1009, -0.1427],
        [-0.0671,  0.0427,  0.1344,  0.0674,  0.1486, -0.1960, -0.2745, -0.2374,
         -0.1761, -0.1490,  0.0943, -0.1466, -0.1458,  0.1606, -0.1781,  0.0828]],
       device='cuda:0', requires_grad=True)

Parameter name: road_linear_0.bias
Shape: torch.Size([32])
Values: Parameter containing:
tensor([-0.2030,  0.0791,  0.1527, -0.1576,  0.1043, -0.1265,  0.1084,  0.1743,
        -0.2013,  0.0949,  0.1186,  0.1976,  0.2190,  0.0323,  0.0396,  0.0227,
        -0.1601,  0.0006, -0.0095, -0.1108, -0.0209,  0.0056, -0.1063, -0.0555,
        -0.2536,  0.2511,  0.0780,  0.1684, -0.1612, -0.1991,  0.1484, -0.0817],
       device='cuda:0', requires_grad=True)

Parameter name: road_linear_1.weight
Shape: torch.Size([1, 32])
Values: Parameter containing:
tensor([[ 0.0086,  0.0865, -0.0285, -0.0561,  0.0864,  0.1475, -0.1002, -0.2026,
         -0.0768,  0.1263,  0.0609,  0.1818, -0.0253, -0.1896,  0.0932, -0.0487,
         -0.1215,  0.1632, -0.0324, -0.0649,  0.2082,  0.1123, -0.1954, -0.2158,
         -0.1154, -0.1259, -0.1436,  0.1332, -0.1708,  0.2128,  0.1082, -0.0485]],
       device='cuda:0', requires_grad=True)

Parameter name: linear_0.weight
Shape: torch.Size([32, 39])
Values: Parameter containing:
tensor([[ 0.0224,  0.0335,  0.0510,  ...,  0.0215, -0.1350, -0.1137],
        [-0.0474, -0.1286,  0.0916,  ..., -0.0011, -0.1849,  0.0871],
        [-0.0917,  0.0820,  0.1017,  ...,  0.1269,  0.0983,  0.0345],
        ...,
        [ 0.0823, -0.0902,  0.0188,  ..., -0.0899, -0.0993, -0.1180],
        [ 0.0142, -0.1150, -0.0145,  ..., -0.1618, -0.0047,  0.1557],
        [-0.1387,  0.0761,  0.0295,  ..., -0.0503, -0.1198, -0.0509]],
       device='cuda:0', requires_grad=True)

Parameter name: linear_0.bias
Shape: torch.Size([32])
Values: Parameter containing:
tensor([ 0.0591,  0.0749, -0.1178, -0.1028, -0.0395,  0.0236, -0.1348,  0.0822,
        -0.0426,  0.1022,  0.0519, -0.0334, -0.0242,  0.0598, -0.0889, -0.0493,
         0.0816, -0.1330, -0.0242,  0.0181, -0.0924,  0.0616,  0.0789, -0.0317,
        -0.0594,  0.0859,  0.0047, -0.1294,  0.0764,  0.1670,  0.1308, -0.0993],
       device='cuda:0', requires_grad=True)

Parameter name: linear_1.weight
Shape: torch.Size([32, 32])
Values: Parameter containing:
tensor([[ 0.1668, -0.0895, -0.1277,  ..., -0.0266, -0.1211,  0.1535],
        [-0.0922,  0.0761,  0.0480,  ...,  0.0581, -0.1198,  0.1504],
        [ 0.0182, -0.1476, -0.1097,  ..., -0.0498,  0.1013,  0.0752],
        ...,
        [ 0.0210,  0.0005,  0.1318,  ...,  0.1457, -0.1126,  0.1647],
        [ 0.1015, -0.0366,  0.0015,  ...,  0.1441,  0.1164, -0.0664],
        [ 0.1027, -0.0282,  0.1725,  ...,  0.1525,  0.0456,  0.0456]],
       device='cuda:0', requires_grad=True)

Parameter name: linear_1.bias
Shape: torch.Size([32])
Values: Parameter containing:
tensor([ 0.0602,  0.0934,  0.0126, -0.0360, -0.0707, -0.1019,  0.0024, -0.1091,
         0.0953, -0.1166,  0.1625, -0.1650,  0.1376,  0.0331, -0.1761,  0.0433,
        -0.1044, -0.1318,  0.0002, -0.0596,  0.0532,  0.1495, -0.1523,  0.1655,
        -0.1070, -0.0435,  0.1230, -0.0832, -0.0799, -0.0334,  0.0596, -0.0156],
       device='cuda:0', requires_grad=True)

Parameter name: linear_2.weight
Shape: torch.Size([1, 32])
Values: Parameter containing:
tensor([[ 0.1707,  0.0705, -0.1589, -0.1312,  0.0176,  0.0098, -0.0646,  0.0570,
          0.0736, -0.0945, -0.0503,  0.0737,  0.0511,  0.0151,  0.0986,  0.0544,
         -0.1596, -0.1810,  0.0148,  0.0703, -0.1159, -0.0936, -0.1621,  0.0270,
          0.1360,  0.1733, -0.1558,  0.1444, -0.0812, -0.1683,  0.1231,  0.1621]],
       device='cuda:0', requires_grad=True)

Parameter name: linear_2.bias
Shape: torch.Size([1])
Values: Parameter containing:
tensor([-0.0186], device='cuda:0', requires_grad=True)

