Parameter name: road_linear_0.weight
Shape: torch.Size([32, 16])
Values: Parameter containing:
tensor([[ 0.0078,  0.3858,  0.3009, -0.3041, -0.1957, -0.1563, -0.1004, -0.4162,
         -0.3316, -0.0795, -0.0157,  0.2208, -0.3475, -0.0802, -0.0698,  0.3930],
        [-0.2506, -0.3750, -0.0912, -0.0334, -0.0252,  0.2515,  0.1759,  0.1814,
          0.4909,  0.1365,  0.2849, -0.2819,  0.3918, -0.0129,  0.3701, -0.0912],
        [ 0.1100,  0.2912,  0.3899, -0.1167, -0.1187, -0.3521, -0.1251, -0.4847,
         -0.1467, -0.1000, -0.1521,  0.0015, -0.0328,  0.3460, -0.0673,  0.3011],
        [ 0.2870,  0.1033,  0.0861, -0.0611, -0.0697, -0.2216, -0.1912, -0.1469,
         -0.5409, -0.4283, -0.2025,  0.4110, -0.1120, -0.1320, -0.2428,  0.1808],
        [-0.1029,  0.0461, -0.1659, -0.0439,  0.1745,  0.0985,  0.0655,  0.3589,
          0.2504,  0.3085,  0.3378, -0.1969,  0.3628, -0.2211,  0.3293, -0.1776],
        [-0.0347,  0.0661, -0.3745,  0.4024,  0.3764,  0.0038,  0.3178,  0.0337,
          0.3935,  0.2455, -0.0783, -0.1473,  0.1742,  0.1198,  0.4847, -0.1165],
        [ 0.3687,  0.2348,  0.3979, -0.1637, -0.0571, -0.2084, -0.2002, -0.2567,
         -0.3581, -0.0308, -0.0321,  0.0814, -0.3878,  0.1885, -0.3296,  0.1640],
        [-0.0523,  0.3570,  0.3588, -0.3485, -0.3547, -0.3015, -0.1219, -0.2941,
         -0.3041, -0.2325, -0.0874,  0.0612, -0.0720, -0.1044, -0.1595,  0.3765],
        [ 0.0411,  0.3542,  0.3019, -0.2336, -0.0578, -0.3480, -0.1804, -0.1181,
         -0.0512, -0.3236, -0.2779,  0.0729, -0.4489,  0.1556, -0.3310,  0.1165],
        [-0.3137, -0.1619, -0.1122, -0.0127,  0.1076,  0.1817,  0.1018,  0.2910,
          0.3937,  0.0280,  0.3619, -0.0566,  0.1607, -0.0928,  0.2485, -0.2387],
        [-0.3771,  0.0259, -0.0719, -0.0400, -0.0212,  0.4528,  0.2830,  0.1807,
          0.4796,  0.2849,  0.2179, -0.0467,  0.2354,  0.1122,  0.0590, -0.3669],
        [-0.1525, -0.2049, -0.0423,  0.0933,  0.2018,  0.1446,  0.4171,  0.1924,
          0.2799,  0.3788,  0.4079,  0.0237, -0.0251, -0.2677,  0.0822, -0.2483],
        [ 0.3406,  0.2776,  0.1587, -0.1493, -0.1091,  0.0168, -0.1056, -0.3574,
         -0.4333, -0.1184, -0.1642,  0.0674, -0.4760,  0.1406, -0.2812,  0.0556],
        [ 0.2153,  0.3973,  0.3688, -0.0009, -0.3186, -0.0252, -0.0576, -0.0923,
         -0.3066, -0.1771, -0.2744,  0.1294, -0.2293,  0.0534, -0.3648,  0.2591],
        [-0.3830, -0.3456, -0.0671, -0.0495,  0.3770,  0.4086,  0.1288,  0.1490,
          0.0742,  0.1989,  0.1827, -0.3390,  0.2881, -0.1018,  0.0998, -0.1855],
        [-0.0393, -0.0244,  0.1929,  0.1127, -0.3827, -0.0722, -0.2588, -0.4175,
         -0.4211, -0.1058, -0.1252,  0.5197, -0.3917, -0.0438, -0.0347,  0.1304],
        [ 0.3385,  0.3274,  0.2153, -0.3559, -0.3900, -0.0620, -0.1415, -0.0465,
         -0.4884, -0.2173,  0.0750,  0.3320,  0.0039,  0.3008, -0.1865,  0.0125],
        [-0.3008, -0.0490, -0.2435,  0.1275,  0.1435,  0.3097,  0.3120,  0.3059,
          0.2444,  0.3000, -0.0017, -0.2741,  0.1394, -0.1991,  0.3246, -0.1935],
        [ 0.2367,  0.1420,  0.1366, -0.2579, -0.2249, -0.3771, -0.3516, -0.0253,
         -0.5890, -0.1282, -0.1036, -0.0315, -0.1929,  0.2814, -0.0966,  0.2180],
        [ 0.3771,  0.1714,  0.2684, -0.0772, -0.3115, -0.2307, -0.3795,  0.0081,
         -0.1510, -0.2909, -0.1598,  0.2648, -0.4317,  0.0943,  0.0065,  0.2206],
        [-0.1952,  0.0130, -0.0530, -0.0799,  0.2964, -0.0126,  0.3372,  0.4125,
          0.2934,  0.0959,  0.0014, -0.3179,  0.1610, -0.1985,  0.4356, -0.2816],
        [-0.0948, -0.4112, -0.0612,  0.3900,  0.0007,  0.1242,  0.2993, -0.0233,
          0.1402,  0.2902,  0.4017, -0.2945,  0.2259, -0.3751, -0.0217,  0.0143],
        [ 0.3708,  0.0698,  0.0531, -0.1540, -0.0017, -0.4011, -0.3176, -0.2509,
         -0.3490, -0.1717,  0.0648,  0.2333, -0.4182,  0.3045,  0.0641,  0.2424],
        [ 0.2612,  0.2237,  0.3399, -0.3564, -0.2385, -0.1732, -0.1963, -0.3051,
         -0.4480, -0.3372, -0.1237,  0.3633, -0.0067,  0.1144, -0.2116,  0.0432],
        [ 0.2402, -0.0523,  0.1827, -0.1163,  0.0222, -0.2986, -0.0161, -0.2487,
         -0.5220,  0.0147,  0.0493,  0.0684, -0.4134,  0.2591, -0.3880,  0.3869],
        [ 0.0566,  0.0737,  0.0911,  0.0901, -0.2388, -0.2251, -0.0569, -0.3809,
         -0.2820, -0.3773, -0.3562,  0.1552, -0.1949,  0.3055, -0.4371,  0.1094],
        [ 0.2374,  0.2505,  0.3097, -0.3471, -0.1921, -0.1070, -0.3941, -0.0514,
         -0.5003, -0.0196, -0.0521,  0.1155, -0.1160,  0.3003,  0.0583,  0.3279],
        [-0.3369, -0.1001,  0.0062,  0.2051,  0.3240,  0.0352,  0.4050,  0.1975,
          0.0508,  0.1281,  0.3761, -0.2987,  0.1739, -0.2196,  0.0323, -0.1514],
        [ 0.3242,  0.1911,  0.1505, -0.1350, -0.3209, -0.3015, -0.1872, -0.3789,
         -0.1311, -0.1384, -0.0996,  0.1743,  0.0024,  0.3259, -0.0419,  0.3029],
        [-0.2700, -0.0293, -0.3108,  0.2334, -0.0754,  0.1488,  0.3504,  0.3249,
          0.4490,  0.2421,  0.2155, -0.1011,  0.3538,  0.0807,  0.1667, -0.2391],
        [-0.3113, -0.2305, -0.0608,  0.0236,  0.2223,  0.4099,  0.4292,  0.0222,
          0.3541,  0.3571, -0.0904, -0.0558,  0.0662, -0.2939,  0.0730, -0.2889],
        [ 0.0472,  0.2128,  0.2334, -0.0161,  0.0111, -0.3169, -0.4243, -0.3945,
         -0.4434, -0.2747, -0.0197,  0.0097, -0.3872,  0.2467, -0.2830,  0.2008]],
       device='cuda:0', requires_grad=True)

Parameter name: road_linear_0.bias
Shape: torch.Size([32])
Values: Parameter containing:
tensor([-0.0744, -0.0294, -0.0351, -0.0200, -0.0028, -0.2356,  0.0925,  0.1120,
        -0.0673, -0.0083,  0.0331,  0.0822,  0.1374,  0.0652,  0.0673,  0.0141,
        -0.0313, -0.0426,  0.0733, -0.0390, -0.1219, -0.0459, -0.0286,  0.0338,
        -0.0287,  0.1404,  0.1415,  0.0526, -0.1108, -0.1872,  0.0309,  0.0320],
       device='cuda:0', requires_grad=True)

Parameter name: road_linear_1.weight
Shape: torch.Size([1, 32])
Values: Parameter containing:
tensor([[-0.2651,  0.3604, -0.2769, -0.3095,  0.3596,  0.4307, -0.3193, -0.4073,
         -0.3589,  0.4068,  0.3175,  0.4254, -0.3181, -0.4361,  0.3238, -0.3577,
         -0.3658,  0.3689, -0.2849, -0.2711,  0.4686,  0.3643, -0.4125, -0.4068,
         -0.3733, -0.3866, -0.3569,  0.3911, -0.3885,  0.4171,  0.3485, -0.2794]],
       device='cuda:0', requires_grad=True)

Parameter name: linear_0.weight
Shape: torch.Size([32, 39])
Values: Parameter containing:
tensor([[-0.0144,  0.1690,  0.0611,  ...,  0.2061, -0.3335, -0.1137],
        [-0.0609, -0.0651,  0.1186,  ...,  0.1023, -0.3032,  0.0871],
        [-0.1295,  0.2416,  0.0830,  ...,  0.2120, -0.0328,  0.0345],
        ...,
        [ 0.0880, -0.1250, -0.0380,  ..., -0.1682, -0.0051, -0.1180],
        [ 0.0297, -0.1974, -0.0380,  ..., -0.2632,  0.1085,  0.1557],
        [-0.1717,  0.1449,  0.0455,  ...,  0.0752, -0.2711, -0.0509]],
       device='cuda:0', requires_grad=True)

Parameter name: linear_0.bias
Shape: torch.Size([32])
Values: Parameter containing:
tensor([ 0.0592,  0.0281, -0.0878, -0.1560, -0.0825, -0.0086, -0.1001,  0.0448,
        -0.0356,  0.0578,  0.0328, -0.0089,  0.0184,  0.1035, -0.0412, -0.0195,
         0.0528, -0.1676,  0.0083,  0.0838, -0.0645,  0.0155,  0.1114,  0.0258,
        -0.1087,  0.0989,  0.0452, -0.1061,  0.0503,  0.2084,  0.1698, -0.1268],
       device='cuda:0', requires_grad=True)

Parameter name: linear_1.weight
Shape: torch.Size([32, 32])
Values: Parameter containing:
tensor([[ 0.0433, -0.1663, -0.1939,  ...,  0.0367, -0.0406,  0.0652],
        [-0.2222, -0.0209, -0.0193,  ...,  0.1428, -0.0219,  0.0486],
        [ 0.1568, -0.0445, -0.0335,  ..., -0.1449, -0.0042,  0.1899],
        ...,
        [ 0.1716,  0.0505,  0.2404,  ...,  0.1131, -0.1758,  0.2514],
        [-0.0133, -0.1511, -0.0383,  ...,  0.2521,  0.2274, -0.1785],
        [-0.0021, -0.1193,  0.1325,  ...,  0.2307,  0.1361, -0.0460]],
       device='cuda:0', requires_grad=True)

Parameter name: linear_1.bias
Shape: torch.Size([32])
Values: Parameter containing:
tensor([ 0.1008,  0.1508, -0.0485, -0.1083, -0.0994, -0.1810, -0.0740, -0.0178,
         0.1506, -0.1807,  0.1397, -0.1332,  0.2075,  0.1044, -0.0994,  0.1354,
        -0.1309, -0.1876,  0.0835,  0.0142, -0.0228,  0.0710, -0.2066,  0.2276,
        -0.0396, -0.0158,  0.0753, -0.0473, -0.1619, -0.0501,  0.1333,  0.0371],
       device='cuda:0', requires_grad=True)

Parameter name: linear_2.weight
Shape: torch.Size([1, 32])
Values: Parameter containing:
tensor([[ 0.4498,  0.3748, -0.4183, -0.4459, -0.3092, -0.2990, -0.3563,  0.3337,
          0.3430, -0.3603, -0.3254,  0.3385,  0.3419,  0.2952,  0.3610,  0.3404,
         -0.4413, -0.4423,  0.2974,  0.3498, -0.4048, -0.3510, -0.4565,  0.2897,
          0.4184,  0.4671, -0.4221,  0.4462, -0.3565, -0.4482,  0.4090,  0.4487]],
       device='cuda:0', requires_grad=True)

Parameter name: linear_2.bias
Shape: torch.Size([1])
Values: Parameter containing:
tensor([0.1850], device='cuda:0', requires_grad=True)

Parameter name: road_linear_0.weight
Shape: torch.Size([32, 16])
Values: Parameter containing:
tensor([[ 0.0195,  0.3058,  0.3180, -0.3449, -0.0710, -0.1896, -0.1001, -0.4475,
         -0.1947, -0.0580,  0.0383,  0.2065,  0.0959, -0.0720,  0.3799,  0.3301],
        [-0.2929, -0.2962, -0.1333,  0.0234, -0.1133,  0.3070,  0.2277,  0.2300,
          0.4284,  0.1223,  0.2136, -0.3106, -0.0443, -0.0375, -0.0687, -0.0611],
        [ 0.0960,  0.1996,  0.3901, -0.1288,  0.1000, -0.3755, -0.0889, -0.4602,
          0.0444, -0.0495, -0.0817, -0.0376,  0.4246,  0.2854,  0.4826,  0.2285],
        [ 0.2957,  0.0215,  0.1003, -0.0893,  0.0518, -0.2392, -0.1981, -0.1527,
         -0.4268, -0.3769, -0.0905,  0.3982,  0.3213, -0.1493,  0.1933,  0.1256],
        [-0.1436,  0.1702, -0.2009,  0.0145,  0.1134,  0.1582,  0.1172,  0.4256,
          0.2024,  0.2804,  0.2136, -0.2437, -0.1091, -0.2265, -0.1748, -0.1101],
        [-0.0415,  0.1930, -0.3838,  0.4286,  0.2199,  0.0329,  0.3124,  0.0489,
          0.2968,  0.1961, -0.1624, -0.1523, -0.3061,  0.1302, -0.0391, -0.0466],
        [ 0.3986,  0.1578,  0.4290, -0.2014,  0.0859, -0.2601, -0.2391, -0.2918,
         -0.2687, -0.0057, -0.0081,  0.0959,  0.0017,  0.2100,  0.0408,  0.1340],
        [-0.0431,  0.2753,  0.3699, -0.3591, -0.1852, -0.3364, -0.1296, -0.2932,
         -0.1934, -0.1936, -0.0608,  0.0468,  0.2842, -0.1026,  0.2015,  0.3410],
        [ 0.0741,  0.2621,  0.3310, -0.2788, -0.0175, -0.4030, -0.2203, -0.1731,
          0.0144, -0.2993, -0.1074,  0.1156, -0.0382,  0.1233,  0.0841,  0.0722],
        [-0.3255, -0.0397, -0.1239,  0.0149,  0.0112,  0.2145,  0.1090,  0.3188,
          0.3048, -0.0195,  0.2257, -0.0677, -0.3095, -0.0622, -0.2620, -0.1642],
        [-0.3702,  0.1172, -0.0714, -0.0327, -0.1342,  0.4597,  0.2716,  0.1677,
          0.3500,  0.2217,  0.0573, -0.0180, -0.1935,  0.1565, -0.4403, -0.2968],
        [-0.1537, -0.0995, -0.0414,  0.1051,  0.1612,  0.1649,  0.4239,  0.2199,
          0.1906,  0.3197,  0.1430,  0.0134, -0.4396, -0.1724, -0.3195, -0.1673],
        [ 0.3864,  0.1698,  0.2061, -0.2129,  0.0225, -0.0546, -0.1599, -0.4074,
         -0.3729, -0.1016, -0.1073,  0.0887,  0.0236,  0.1883,  0.2555,  0.0022],
        [ 0.2551,  0.3156,  0.4053, -0.0468, -0.2262, -0.0861, -0.1108, -0.1482,
         -0.2538, -0.1647, -0.2085,  0.1670,  0.1794,  0.0665,  0.0324,  0.2333],
        [-0.4021, -0.2617, -0.0885, -0.0267,  0.2465,  0.4559,  0.1478,  0.1722,
         -0.0198,  0.1654,  0.1187, -0.3446, -0.1206, -0.1025, -0.3357, -0.1444],
        [-0.0524, -0.2266,  0.1864,  0.0582, -0.2826, -0.0625, -0.2041, -0.3903,
         -0.2348,  0.0013,  0.0419,  0.5173,  0.2058, -0.0720,  0.5416, -0.0056],
        [ 0.3342,  0.2249,  0.2126, -0.3629, -0.2618, -0.0783, -0.1448, -0.0632,
         -0.3797, -0.1592,  0.1607,  0.3256,  0.3827,  0.2530,  0.1720, -0.0515],
        [-0.3152,  0.0211, -0.2598,  0.1493,  0.0301,  0.3403,  0.3322,  0.3239,
          0.1476,  0.2621, -0.0511, -0.2739, -0.1974, -0.2000,  0.0025, -0.1584],
        [ 0.2447,  0.0826,  0.1610, -0.2979, -0.0485, -0.4098, -0.3295, -0.0174,
         -0.3966, -0.1004, -0.0300, -0.0558,  0.2231,  0.2287,  0.4157,  0.1696],
        [ 0.3911,  0.0945,  0.2838, -0.1002, -0.2095, -0.2694, -0.3987, -0.0141,
         -0.0467, -0.2508, -0.0600,  0.2721, -0.0459,  0.0845,  0.3802,  0.1750],
        [-0.2214,  0.1221, -0.0766, -0.0336,  0.2075,  0.0284,  0.3650,  0.4595,
          0.2351,  0.0678, -0.0904, -0.3554, -0.2619, -0.2136, -0.0290, -0.2328],
        [-0.0900, -0.2973, -0.0588,  0.3920, -0.1076,  0.1512,  0.2822, -0.0153,
          0.0260,  0.2328,  0.2432, -0.2890, -0.1868, -0.3171, -0.5069,  0.0871],
        [ 0.3747, -0.0063,  0.0594, -0.1613,  0.1231, -0.4222, -0.3262, -0.2508,
         -0.2378, -0.1270,  0.1280,  0.2203, -0.0862,  0.2879,  0.4165,  0.2000],
        [ 0.2707,  0.1617,  0.3497, -0.3719, -0.1237, -0.1982, -0.2164, -0.3090,
         -0.3497, -0.2984, -0.0928,  0.3555,  0.2791,  0.1229,  0.0373,  0.0148],
        [ 0.2512, -0.1882,  0.1989, -0.1586,  0.1219, -0.3221, -0.0252, -0.2768,
         -0.4100,  0.0740,  0.1936,  0.0734,  0.1056,  0.2192,  0.1605,  0.2967],
        [ 0.0964, -0.0292,  0.1319,  0.0374, -0.1340, -0.2940, -0.1004, -0.4342,
         -0.2246, -0.3571, -0.2794,  0.1912,  0.2523,  0.3370,  0.0608,  0.0639],
        [ 0.2287,  0.1657,  0.3051, -0.3455, -0.0405, -0.1228, -0.3905, -0.0397,
         -0.3656,  0.0360,  0.0144,  0.0920,  0.2239,  0.2723,  0.4012,  0.2753],
        [-0.3423,  0.0036,  0.0016,  0.2187,  0.2469,  0.0618,  0.4103,  0.2241,
         -0.0394,  0.0767,  0.2063, -0.3060, -0.2459, -0.1707, -0.4001, -0.0811],
        [ 0.3217,  0.1053,  0.1500, -0.1356, -0.2230, -0.3219, -0.1830, -0.3863,
         -0.0220, -0.0867,  0.0137,  0.1649,  0.3418,  0.2841,  0.3397,  0.2465],
        [-0.2871,  0.0368, -0.3298,  0.2570, -0.2027,  0.1819,  0.3723,  0.3323,
          0.3514,  0.2110,  0.1781, -0.0969,  0.0230,  0.0643, -0.1438, -0.2115],
        [-0.3018, -0.1361, -0.0555,  0.0244,  0.0963,  0.4194,  0.4232,  0.0193,
          0.2270,  0.2944, -0.2044, -0.0364, -0.3176, -0.2385, -0.3473, -0.2228],
        [ 0.0879,  0.1615,  0.2791, -0.0838,  0.1359, -0.3670, -0.4668, -0.4308,
         -0.3166, -0.2669,  0.0418,  0.0278,  0.0228,  0.2403,  0.1060,  0.1788]],
       device='cuda:0', requires_grad=True)

Parameter name: road_linear_0.bias
Shape: torch.Size([32])
Values: Parameter containing:
tensor([-7.0982e-02, -8.5709e-02,  2.1320e-01,  3.7182e-03, -1.3401e-01,
        -8.4495e-02,  1.0182e-01,  8.9267e-02,  1.4239e-04, -9.5077e-02,
        -5.3960e-02,  2.3165e-02,  1.6104e-01,  1.2949e-01, -4.2846e-02,
        -8.9673e-04, -9.5509e-02, -7.7533e-03,  1.4470e-01,  4.0074e-02,
        -5.2560e-02, -2.0728e-01,  1.1696e-02, -2.7692e-02,  2.7190e-02,
         2.6828e-01,  1.5060e-01, -1.2685e-02, -2.2297e-02, -1.6958e-01,
        -1.8101e-02,  6.0255e-02], device='cuda:0', requires_grad=True)

Parameter name: road_linear_1.weight
Shape: torch.Size([1, 32])
Values: Parameter containing:
tensor([[-0.2317,  0.3286, -0.2470, -0.2839,  0.3529,  0.3851, -0.2929, -0.3930,
         -0.3171,  0.3778,  0.2894,  0.4087, -0.2833, -0.3980,  0.3255, -0.2871,
         -0.3206,  0.3559, -0.2468, -0.2610,  0.4324,  0.3822, -0.3936, -0.3930,
         -0.3299, -0.3651, -0.3351,  0.3906, -0.3887,  0.4013,  0.3176, -0.2548]],
       device='cuda:0', requires_grad=True)

Parameter name: linear_0.weight
Shape: torch.Size([32, 39])
Values: Parameter containing:
tensor([[-0.0104,  0.0009,  0.0248,  ...,  0.2108, -0.3889, -0.1137],
        [-0.0803, -0.1846,  0.0811,  ...,  0.1479, -0.3550,  0.0871],
        [-0.0558,  0.1522,  0.0938,  ...,  0.0063,  0.2700,  0.0345],
        ...,
        [ 0.0428, -0.1514,  0.0113,  ...,  0.0698, -0.3198, -0.1180],
        [ 0.0303, -0.0785,  0.0116,  ..., -0.3099,  0.1529,  0.1557],
        [-0.0859,  0.1569,  0.0137,  ..., -0.1752,  0.1065, -0.0509]],
       device='cuda:0', requires_grad=True)

Parameter name: linear_0.bias
Shape: torch.Size([32])
Values: Parameter containing:
tensor([ 0.0506,  0.0547, -0.0945, -0.1207, -0.0565,  0.0464, -0.1306,  0.0618,
        -0.0454,  0.0927,  0.0358,  0.0053,  0.0100,  0.0636, -0.0778, -0.0193,
         0.0456, -0.1419, -0.0331, -0.0145, -0.1083,  0.0516,  0.0814, -0.0069,
        -0.0854,  0.0671,  0.0246, -0.0953,  0.0638,  0.1476,  0.1320, -0.0661],
       device='cuda:0', requires_grad=True)

Parameter name: linear_1.weight
Shape: torch.Size([32, 32])
Values: Parameter containing:
tensor([[ 0.0234, -0.2063, -0.0724,  ..., -0.1558, -0.0050,  0.2733],
        [-0.2534, -0.0532,  0.1098,  ..., -0.0858,  0.0039,  0.2804],
        [ 0.1785, -0.0090, -0.1857,  ...,  0.0971, -0.0351, -0.0786],
        ...,
        [ 0.1658,  0.1210,  0.0733,  ...,  0.2788, -0.2350,  0.0463],
        [-0.0692, -0.1854,  0.0863,  ..., -0.0135,  0.2596,  0.0980],
        [-0.0325, -0.1302,  0.2182,  ...,  0.0361,  0.1504,  0.1404]],
       device='cuda:0', requires_grad=True)

Parameter name: linear_1.bias
Shape: torch.Size([32])
Values: Parameter containing:
tensor([ 0.0906,  0.1266, -0.0375, -0.0577, -0.0320, -0.0375, -0.0338, -0.0631,
         0.1113, -0.1795,  0.1239, -0.1332,  0.1661, -0.0208, -0.1437,  0.1090,
        -0.1292, -0.1554,  0.0148, -0.0300,  0.0076,  0.1069, -0.1932,  0.2059,
        -0.0668, -0.0276,  0.0882, -0.0335, -0.1135, -0.0617,  0.1153,  0.0033],
       device='cuda:0', requires_grad=True)

Parameter name: linear_2.weight
Shape: torch.Size([1, 32])
Values: Parameter containing:
tensor([[ 0.6167,  0.5412, -0.6220, -0.6225,  0.4689,  0.4784, -0.5249,  0.5353,
          0.5320, -0.5577, -0.5473,  0.5068,  0.5286, -0.4706,  0.5506,  0.4998,
         -0.6274, -0.6179,  0.4947,  0.5134, -0.5826, -0.5551, -0.6178,  0.4519,
          0.5929,  0.6176, -0.5932,  0.6620, -0.5281, -0.6094,  0.5962,  0.6085]],
       device='cuda:0', requires_grad=True)

Parameter name: linear_2.bias
Shape: torch.Size([1])
Values: Parameter containing:
tensor([0.3288], device='cuda:0', requires_grad=True)

Parameter name: road_linear_0.weight
Shape: torch.Size([32, 16])
Values: Parameter containing:
tensor([[ 0.0195,  0.3056,  0.3179, -0.3448, -0.0712, -0.1896, -0.1001, -0.4477,
         -0.1947, -0.0579,  0.0383,  0.2066,  0.0961, -0.0720,  0.3800,  0.3299],
        [-0.2929, -0.2960, -0.1332,  0.0234, -0.1131,  0.3070,  0.2277,  0.2301,
          0.4285,  0.1222,  0.2136, -0.3107, -0.0445, -0.0374, -0.0688, -0.0610],
        [ 0.0960,  0.1994,  0.3900, -0.1287,  0.0999, -0.3755, -0.0889, -0.4603,
          0.0443, -0.0494, -0.0817, -0.0375,  0.4248,  0.2854,  0.4827,  0.2284],
        [ 0.2957,  0.0213,  0.1002, -0.0892,  0.0517, -0.2392, -0.1981, -0.1529,
         -0.4268, -0.3767, -0.0904,  0.3983,  0.3214, -0.1493,  0.1934,  0.1254],
        [-0.1436,  0.1704, -0.2008,  0.0144,  0.1136,  0.1583,  0.1172,  0.4258,
          0.2025,  0.2803,  0.2135, -0.2438, -0.1092, -0.2264, -0.1749, -0.1099],
        [-0.0415,  0.1931, -0.3837,  0.4286,  0.2201,  0.0329,  0.3124,  0.0490,
          0.2968,  0.1960, -0.1625, -0.1524, -0.3062,  0.1303, -0.0392, -0.0465],
        [ 0.3986,  0.1576,  0.4289, -0.2014,  0.0858, -0.2601, -0.2391, -0.2920,
         -0.2687, -0.0056, -0.0080,  0.0960,  0.0018,  0.2099,  0.0409,  0.1339],
        [-0.0431,  0.2751,  0.3698, -0.3591, -0.1853, -0.3364, -0.1296, -0.2933,
         -0.1935, -0.1935, -0.0607,  0.0468,  0.2843, -0.1027,  0.2015,  0.3409],
        [ 0.0741,  0.2619,  0.3309, -0.2787, -0.0176, -0.4030, -0.2203, -0.1732,
          0.0144, -0.2992, -0.1073,  0.1157, -0.0381,  0.1232,  0.0842,  0.0720],
        [-0.3255, -0.0396, -0.1238,  0.0148,  0.0114,  0.2145,  0.1090,  0.3190,
          0.3048, -0.0196,  0.2256, -0.0678, -0.3097, -0.0621, -0.2621, -0.1641],
        [-0.3702,  0.1174, -0.0713, -0.0327, -0.1341,  0.4598,  0.2716,  0.1678,
          0.3500,  0.2215,  0.0572, -0.0180, -0.1937,  0.1566, -0.4404, -0.2966],
        [-0.1537, -0.0993, -0.0413,  0.1051,  0.1613,  0.1649,  0.4239,  0.2200,
          0.1906,  0.3195,  0.1430,  0.0133, -0.4398, -0.1723, -0.3197, -0.1672],
        [ 0.3864,  0.1697,  0.2059, -0.2128,  0.0223, -0.0546, -0.1599, -0.4076,
         -0.3729, -0.1015, -0.1072,  0.0888,  0.0237,  0.1882,  0.2557,  0.0021],
        [ 0.2551,  0.3154,  0.4053, -0.0468, -0.2263, -0.0861, -0.1109, -0.1483,
         -0.2538, -0.1646, -0.2084,  0.1671,  0.1796,  0.0664,  0.0325,  0.2331],
        [-0.4021, -0.2616, -0.0884, -0.0267,  0.2467,  0.4559,  0.1478,  0.1724,
         -0.0198,  0.1653,  0.1186, -0.3447, -0.1208, -0.1024, -0.3358, -0.1442],
        [-0.0524, -0.2268,  0.1862,  0.0582, -0.2828, -0.0625, -0.2040, -0.3904,
         -0.2348,  0.0014,  0.0419,  0.5174,  0.2060, -0.0721,  0.5418, -0.0058],
        [ 0.3342,  0.2248,  0.2125, -0.3628, -0.2620, -0.0783, -0.1448, -0.0634,
         -0.3798, -0.1591,  0.1607,  0.3257,  0.3828,  0.2529,  0.1721, -0.0517],
        [-0.3152,  0.0212, -0.2597,  0.1493,  0.0302,  0.3403,  0.3322,  0.3241,
          0.1476,  0.2620, -0.0511, -0.2740, -0.1976, -0.2000,  0.0024, -0.1583],
        [ 0.2447,  0.0824,  0.1609, -0.2978, -0.0486, -0.4098, -0.3295, -0.0175,
         -0.3967, -0.1003, -0.0300, -0.0557,  0.2232,  0.2286,  0.4158,  0.1694],
        [ 0.3911,  0.0943,  0.2837, -0.1001, -0.2096, -0.2694, -0.3987, -0.0142,
         -0.0467, -0.2507, -0.0599,  0.2722, -0.0457,  0.0844,  0.3803,  0.1749],
        [-0.2214,  0.1223, -0.0765, -0.0336,  0.2076,  0.0284,  0.3650,  0.4596,
          0.2351,  0.0677, -0.0905, -0.3555, -0.2620, -0.2135, -0.0291, -0.2327],
        [-0.0900, -0.2972, -0.0587,  0.3920, -0.1074,  0.1512,  0.2822, -0.0152,
          0.0260,  0.2327,  0.2432, -0.2891, -0.1870, -0.3170, -0.5070,  0.0872],
        [ 0.3747, -0.0064,  0.0593, -0.1613,  0.1230, -0.4222, -0.3262, -0.2509,
         -0.2378, -0.1269,  0.1280,  0.2204, -0.0860,  0.2878,  0.4166,  0.1999],
        [ 0.2707,  0.1616,  0.3496, -0.3719, -0.1238, -0.1982, -0.2164, -0.3091,
         -0.3497, -0.2983, -0.0928,  0.3556,  0.2793,  0.1228,  0.0374,  0.0147],
        [ 0.2512, -0.1883,  0.1988, -0.1586,  0.1218, -0.3221, -0.0252, -0.2770,
         -0.4101,  0.0741,  0.1937,  0.0735,  0.1058,  0.2191,  0.1606,  0.2966],
        [ 0.0964, -0.0294,  0.1318,  0.0375, -0.1341, -0.2940, -0.1004, -0.4343,
         -0.2247, -0.3570, -0.2794,  0.1913,  0.2524,  0.3369,  0.0609,  0.0638],
        [ 0.2287,  0.1655,  0.3050, -0.3455, -0.0406, -0.1228, -0.3905, -0.0398,
         -0.3656,  0.0361,  0.0144,  0.0921,  0.2240,  0.2722,  0.4013,  0.2752],
        [-0.3423,  0.0038,  0.0017,  0.2186,  0.2471,  0.0618,  0.4103,  0.2243,
         -0.0394,  0.0766,  0.2062, -0.3061, -0.2461, -0.1706, -0.4002, -0.0809],
        [ 0.3217,  0.1051,  0.1499, -0.1355, -0.2232, -0.3219, -0.1830, -0.3864,
         -0.0220, -0.0866,  0.0138,  0.1650,  0.3420,  0.2840,  0.3398,  0.2464],
        [-0.2870,  0.0370, -0.3297,  0.2569, -0.2025,  0.1819,  0.3723,  0.3324,
          0.3514,  0.2109,  0.1781, -0.0970,  0.0228,  0.0644, -0.1439, -0.2114],
        [-0.3018, -0.1359, -0.0554,  0.0244,  0.0965,  0.4195,  0.4232,  0.0194,
          0.2270,  0.2942, -0.2045, -0.0365, -0.3178, -0.2384, -0.3474, -0.2227],
        [ 0.0879,  0.1613,  0.2790, -0.0837,  0.1358, -0.3670, -0.4668, -0.4309,
         -0.3166, -0.2668,  0.0419,  0.0278,  0.0229,  0.2402,  0.1061,  0.1787]],
       device='cuda:0', requires_grad=True)

Parameter name: road_linear_0.bias
Shape: torch.Size([32])
Values: Parameter containing:
tensor([-7.1032e-02, -8.5672e-02,  2.1316e-01,  3.6681e-03, -1.3393e-01,
        -8.4417e-02,  1.0180e-01,  8.9246e-02,  8.9880e-05, -9.5010e-02,
        -5.3911e-02,  2.3198e-02,  1.6100e-01,  1.2947e-01, -4.2802e-02,
        -1.2253e-03, -9.5542e-02, -7.7186e-03,  1.4467e-01,  4.0035e-02,
        -5.2389e-02, -2.0723e-01,  1.1658e-02, -2.7726e-02,  2.7146e-02,
         2.6821e-01,  1.5058e-01, -1.2628e-02, -2.2341e-02, -1.6955e-01,
        -1.8073e-02,  6.0231e-02], device='cuda:0', requires_grad=True)

Parameter name: road_linear_1.weight
Shape: torch.Size([1, 32])
Values: Parameter containing:
tensor([[-0.2317,  0.3285, -0.2470, -0.2839,  0.3529,  0.3851, -0.2928, -0.3930,
         -0.3170,  0.3779,  0.2894,  0.4087, -0.2833, -0.3979,  0.3255, -0.2873,
         -0.3206,  0.3559, -0.2468, -0.2610,  0.4325,  0.3822, -0.3936, -0.3930,
         -0.3299, -0.3652, -0.3351,  0.3906, -0.3887,  0.4013,  0.3176, -0.2548]],
       device='cuda:0', requires_grad=True)

Parameter name: linear_0.weight
Shape: torch.Size([32, 39])
Values: Parameter containing:
tensor([[-0.0104,  0.0009,  0.0248,  ...,  0.2108, -0.3889, -0.1137],
        [-0.0803, -0.1846,  0.0811,  ...,  0.1479, -0.3550,  0.0871],
        [-0.0558,  0.1522,  0.0938,  ...,  0.0063,  0.2700,  0.0345],
        ...,
        [ 0.0428, -0.1514,  0.0113,  ...,  0.0698, -0.3198, -0.1180],
        [ 0.0303, -0.0785,  0.0116,  ..., -0.3100,  0.1529,  0.1557],
        [-0.0859,  0.1569,  0.0137,  ..., -0.1752,  0.1065, -0.0509]],
       device='cuda:0', requires_grad=True)

Parameter name: linear_0.bias
Shape: torch.Size([32])
Values: Parameter containing:
tensor([ 0.0506,  0.0547, -0.0945, -0.1207, -0.0565,  0.0464, -0.1306,  0.0618,
        -0.0454,  0.0927,  0.0358,  0.0053,  0.0100,  0.0636, -0.0778, -0.0193,
         0.0456, -0.1419, -0.0331, -0.0145, -0.1083,  0.0516,  0.0814, -0.0069,
        -0.0854,  0.0671,  0.0246, -0.0953,  0.0638,  0.1476,  0.1320, -0.0661],
       device='cuda:0', requires_grad=True)

Parameter name: linear_1.weight
Shape: torch.Size([32, 32])
Values: Parameter containing:
tensor([[ 0.0234, -0.2063, -0.0724,  ..., -0.1558, -0.0050,  0.2733],
        [-0.2534, -0.0532,  0.1098,  ..., -0.0858,  0.0039,  0.2804],
        [ 0.1785, -0.0090, -0.1857,  ...,  0.0971, -0.0351, -0.0786],
        ...,
        [ 0.1658,  0.1210,  0.0733,  ...,  0.2788, -0.2350,  0.0463],
        [-0.0692, -0.1854,  0.0863,  ..., -0.0135,  0.2597,  0.0980],
        [-0.0325, -0.1302,  0.2182,  ...,  0.0361,  0.1504,  0.1404]],
       device='cuda:0', requires_grad=True)

Parameter name: linear_1.bias
Shape: torch.Size([32])
Values: Parameter containing:
tensor([ 0.0906,  0.1266, -0.0375, -0.0577, -0.0320, -0.0375, -0.0338, -0.0631,
         0.1113, -0.1795,  0.1239, -0.1332,  0.1661, -0.0208, -0.1437,  0.1090,
        -0.1292, -0.1554,  0.0148, -0.0300,  0.0076,  0.1069, -0.1932,  0.2059,
        -0.0668, -0.0276,  0.0882, -0.0335, -0.1135, -0.0617,  0.1153,  0.0033],
       device='cuda:0', requires_grad=True)

Parameter name: linear_2.weight
Shape: torch.Size([1, 32])
Values: Parameter containing:
tensor([[ 0.6167,  0.5412, -0.6220, -0.6225,  0.4689,  0.4784, -0.5249,  0.5353,
          0.5320, -0.5577, -0.5473,  0.5068,  0.5286, -0.4706,  0.5506,  0.4998,
         -0.6274, -0.6179,  0.4947,  0.5134, -0.5826, -0.5551, -0.6178,  0.4519,
          0.5929,  0.6176, -0.5932,  0.6620, -0.5281, -0.6094,  0.5962,  0.6085]],
       device='cuda:0', requires_grad=True)

Parameter name: linear_2.bias
Shape: torch.Size([1])
Values: Parameter containing:
tensor([0.3288], device='cuda:0', requires_grad=True)

Parameter name: road_linear_0.weight
Shape: torch.Size([32, 16])
Values: Parameter containing:
tensor([[-2.3143e-02,  2.9662e-01,  2.8781e-01, -2.6916e-01, -4.1815e-01,
         -2.1421e-01, -8.5963e-02, -5.3301e-01, -2.9404e-01, -5.9053e-02,
          1.1247e-02,  2.8119e-01,  1.3700e-01, -6.7640e-02,  1.1886e-01,
          3.2524e-01],
        [-2.4116e-01, -2.8480e-01, -9.4075e-02, -4.5108e-02,  1.5228e-01,
          2.9610e-01,  1.9581e-01,  2.7234e-01,  4.8876e-01,  1.3417e-01,
          2.5230e-01, -3.4008e-01, -5.0026e-02, -5.0006e-02,  1.7807e-01,
         -5.3367e-02],
        [ 5.7188e-02,  1.8645e-01,  3.5931e-01, -6.5988e-02, -2.7052e-01,
         -3.8664e-01, -7.1640e-02, -5.4423e-01, -6.1386e-02, -5.4932e-02,
         -1.0111e-01,  1.8419e-02,  4.5644e-01,  3.2473e-01,  2.4152e-01,
          2.2384e-01],
        [ 2.5598e-01,  1.6407e-02,  7.0973e-02, -3.0390e-02, -2.3932e-01,
         -2.4398e-01, -1.8045e-01, -2.1932e-01, -5.2055e-01, -3.9992e-01,
         -8.2264e-02,  4.4961e-01,  3.3105e-01, -1.1118e-01, -4.0704e-02,
          1.2372e-01],
        [-7.6820e-02,  1.4582e-01, -1.5471e-01, -7.1927e-02,  3.5403e-01,
          1.3574e-01,  7.2733e-02,  4.4864e-01,  2.4157e-01,  2.9190e-01,
          2.8237e-01, -2.4477e-01, -1.0486e-01, -2.4084e-01,  1.0475e-01,
         -1.2143e-01],
        [ 3.7954e-03,  1.8000e-01, -3.5239e-01,  3.6533e-01,  5.2693e-01,
          2.6601e-02,  2.9694e-01,  9.0033e-02,  3.5062e-01,  2.1524e-01,
         -1.2496e-01, -1.6872e-01, -3.0332e-01,  1.1909e-01,  2.2980e-01,
         -5.2885e-02],
        [ 3.6288e-01,  6.5293e-02,  4.0226e-01, -1.5241e-01, -2.3014e-01,
         -2.6077e-01, -2.1128e-01, -3.5191e-01, -3.5202e-01, -2.8649e-02,
         -2.4909e-02,  1.4227e-01, -1.3898e-02,  2.3925e-01, -1.0366e-01,
          1.3240e-01],
        [-7.2853e-02,  2.1992e-01,  3.4730e-01, -3.2210e-01, -4.8273e-01,
         -3.3241e-01, -1.0683e-01, -3.5154e-01, -2.6989e-01, -2.1346e-01,
         -7.2305e-02,  9.0014e-02,  2.8281e-01, -7.9496e-02,  8.2744e-02,
          3.3625e-01],
        [ 3.6661e-02,  2.6035e-01,  3.0741e-01, -2.1674e-01, -2.2215e-01,
         -4.0524e-01, -2.0865e-01, -2.1859e-01, -5.5606e-02, -3.2876e-01,
         -2.3417e-01,  1.4271e-01,  8.4619e-04,  1.8951e-01, -1.7496e-01,
          7.9262e-02],
        [-2.7658e-01, -4.8573e-02, -8.9895e-02, -5.3371e-02,  2.6521e-01,
          2.1267e-01,  8.8060e-02,  3.6824e-01,  3.7255e-01,  2.2532e-03,
          2.9532e-01, -9.3657e-02, -3.3369e-01, -9.3277e-02,  8.0966e-03,
         -1.7118e-01],
        [-3.4440e-01,  1.0328e-01, -5.5378e-02, -7.2784e-02,  1.4956e-01,
          4.8107e-01,  2.6629e-01,  2.5107e-01,  4.5367e-01,  2.5797e-01,
          9.6703e-02, -8.3107e-02, -2.1399e-01,  1.0338e-01, -1.6520e-01,
         -3.0655e-01],
        [-1.1780e-01, -1.1188e-01, -2.0095e-02,  5.5696e-02,  3.3884e-01,
          1.7226e-01,  4.0301e-01,  2.6866e-01,  2.5916e-01,  3.5671e-01,
          2.1292e-01, -1.9052e-02, -4.3440e-01, -2.5385e-01, -9.4738e-02,
         -1.8262e-01],
        [ 3.1524e-01,  1.8106e-01,  1.5139e-01, -1.2372e-01, -3.5001e-01,
         -5.0204e-02, -1.3067e-01, -5.0042e-01, -4.4951e-01, -1.0995e-01,
         -1.2330e-01,  1.4339e-01,  2.1924e-02,  1.8096e-01, -7.7063e-02,
         -3.2923e-03],
        [ 2.0477e-01,  2.8667e-01,  3.6682e-01,  1.5853e-02, -4.7008e-01,
         -6.8288e-02, -7.3571e-02, -1.7443e-01, -3.0184e-01, -1.7341e-01,
         -2.4213e-01,  1.8239e-01,  1.7271e-01,  7.9594e-02, -1.7136e-01,
          2.2319e-01],
        [-3.6302e-01, -2.4439e-01, -5.8370e-02, -7.9690e-02,  5.3916e-01,
          4.5371e-01,  1.2510e-01,  2.2972e-01,  5.6435e-02,  1.8306e-01,
          1.5057e-01, -3.8572e-01, -1.3323e-01, -1.2612e-01, -1.3496e-01,
         -1.3910e-01],
        [-1.0935e-01, -1.4858e-01,  1.6589e-01,  1.5105e-01, -5.5867e-01,
         -9.5819e-02, -2.3022e-01, -4.9374e-01, -3.3280e-01, -5.0186e-02,
         -8.1991e-02,  5.1640e-01,  2.3954e-01, -2.1388e-02,  2.3621e-01,
          1.9987e-02],
        [ 3.0702e-01,  2.2017e-01,  1.9503e-01, -3.2181e-01, -5.2906e-01,
         -8.6294e-02, -1.3199e-01, -1.1028e-01, -4.6059e-01, -1.9418e-01,
          1.3440e-01,  3.6829e-01,  4.1214e-01,  3.0372e-01,  9.5555e-03,
         -4.3975e-02],
        [-2.8422e-01,  3.9709e-02, -2.3686e-01,  1.0997e-01,  2.8835e-01,
          3.3579e-01,  3.0611e-01,  3.6729e-01,  2.2025e-01,  2.8439e-01,
         -3.4393e-02, -3.0942e-01, -1.9749e-01, -2.3732e-01,  1.2949e-01,
         -1.5732e-01],
        [ 1.9172e-01,  5.2808e-02,  1.1551e-01, -2.2068e-01, -4.1208e-01,
         -4.1407e-01, -3.0527e-01, -1.0007e-01, -5.0896e-01, -9.0250e-02,
         -6.7166e-02, -2.5931e-03,  2.8065e-01,  2.7217e-01,  1.9914e-01,
          1.4298e-01],
        [ 3.6115e-01,  8.0495e-02,  2.6300e-01, -5.2463e-02, -4.9586e-01,
         -2.8199e-01, -3.8732e-01, -9.2622e-02, -1.4530e-01, -2.7943e-01,
         -1.1255e-01,  3.3175e-01, -1.0027e-02,  1.2488e-01,  1.9003e-01,
          1.7461e-01],
        [-1.6656e-01,  1.0664e-01, -3.7020e-02, -1.0461e-01,  4.3662e-01,
          1.2329e-03,  3.2872e-01,  4.6112e-01,  2.5275e-01,  7.0867e-02,
         -4.5309e-02, -3.3762e-01, -2.3542e-01, -2.1182e-01,  2.1871e-01,
         -2.3319e-01],
        [-6.9394e-02, -2.8392e-01, -4.7608e-02,  3.4912e-01,  1.5842e-01,
          1.7609e-01,  2.9822e-01,  6.6587e-02,  1.2694e-01,  2.7731e-01,
          3.5677e-01, -3.4511e-01, -2.6149e-01, -3.8635e-01, -2.5494e-01,
          7.2755e-02],
        [ 3.5934e-01, -1.3584e-02,  5.0656e-02, -1.3554e-01, -1.5580e-01,
         -4.3992e-01, -3.2556e-01, -3.2460e-01, -3.3617e-01, -1.6366e-01,
          9.7114e-02,  2.8070e-01, -4.4447e-02,  3.3798e-01,  2.6573e-01,
          2.0730e-01],
        [ 2.4715e-01,  1.5892e-01,  3.3357e-01, -3.4284e-01, -3.7103e-01,
         -1.9697e-01, -1.9763e-01, -3.6430e-01, -4.3008e-01, -3.2351e-01,
         -6.5327e-02,  4.0072e-01,  2.7896e-01,  1.5711e-01, -7.9536e-02,
          1.1236e-02],
        [ 2.0478e-01, -1.6736e-01,  1.6944e-01, -8.6198e-02, -1.3202e-01,
         -3.2431e-01, -4.6682e-03, -3.1017e-01, -4.8021e-01,  4.0584e-02,
          1.0610e-01,  9.8270e-02,  1.3636e-01,  2.6546e-01, -1.4813e-01,
          3.1947e-01],
        [ 2.5556e-02, -2.6375e-02,  7.5822e-02,  1.2006e-01, -3.9117e-01,
         -2.5181e-01, -4.0977e-02, -4.3472e-01, -2.3968e-01, -3.5007e-01,
         -3.2117e-01,  1.7591e-01,  2.1778e-01,  3.2360e-01, -1.9589e-01,
          5.5763e-02],
        [ 2.1139e-01,  1.4694e-01,  2.9431e-01, -3.1868e-01, -3.2992e-01,
         -1.3880e-01, -3.8585e-01, -1.1596e-01, -4.6590e-01,  1.9617e-03,
         -7.4777e-03,  1.5299e-01,  2.6130e-01,  3.1331e-01,  2.7501e-01,
          2.7926e-01],
        [-3.0552e-01,  4.7875e-04,  2.6033e-02,  1.6690e-01,  4.8425e-01,
          7.2576e-02,  3.9662e-01,  2.9085e-01,  3.9754e-02,  1.0758e-01,
          2.5617e-01, -3.5093e-01, -2.7009e-01, -2.1466e-01, -1.8263e-01,
         -8.8966e-02],
        [ 2.9540e-01,  1.1956e-01,  1.3212e-01, -1.0132e-01, -4.5826e-01,
         -3.2988e-01, -1.7055e-01, -4.4334e-01, -1.0217e-01, -1.1522e-01,
          3.0851e-02,  2.1305e-01,  3.3557e-01,  3.3018e-01,  1.4706e-01,
          2.4990e-01],
        [-2.6411e-01,  6.8062e-02, -3.1342e-01,  2.2574e-01,  7.4246e-02,
          1.8498e-01,  3.5879e-01,  3.9530e-01,  4.3309e-01,  2.3634e-01,
          2.0782e-01, -1.4417e-01,  9.4692e-03,  3.2352e-02, -2.0201e-02,
         -2.1317e-01],
        [-2.7588e-01, -1.3355e-01, -3.8431e-02, -1.3937e-02,  3.6371e-01,
          4.3242e-01,  4.0996e-01,  8.1776e-02,  3.1875e-01,  3.2804e-01,
         -1.6508e-01, -8.8136e-02, -3.5351e-01, -2.9198e-01, -1.6724e-01,
         -2.2821e-01],
        [ 4.2044e-02,  1.2097e-01,  2.4282e-01, -1.0292e-02, -1.6860e-01,
         -3.6661e-01, -4.3239e-01, -4.9310e-01, -4.0955e-01, -2.6927e-01,
          3.5327e-03,  7.1412e-02,  3.5718e-02,  2.8326e-01, -8.1993e-02,
          1.6759e-01]], device='cuda:0', requires_grad=True)

Parameter name: road_linear_0.bias
Shape: torch.Size([32])
Values: Parameter containing:
tensor([-0.0353, -0.0264,  0.1311, -0.0272, -0.0936, -0.1301,  0.0838,  0.0991,
        -0.0135, -0.0931, -0.0320,  0.0455,  0.1768,  0.0943,  0.0012, -0.0193,
        -0.0471, -0.0032,  0.1141,  0.0181, -0.0736, -0.1632, -0.0125, -0.0114,
         0.0316,  0.1899,  0.1357, -0.0113, -0.0572, -0.1593,  0.0187, -0.0422],
       device='cuda:0', requires_grad=True)

Parameter name: road_linear_1.weight
Shape: torch.Size([1, 32])
Values: Parameter containing:
tensor([[-0.2732,  0.3573, -0.2621, -0.2996,  0.3771,  0.4186, -0.3076, -0.4129,
         -0.3384,  0.4016,  0.3034,  0.4110, -0.3147, -0.4282,  0.3409, -0.4022,
         -0.3538,  0.3567, -0.2656, -0.2782,  0.4547,  0.3459, -0.4015, -0.4008,
         -0.3856, -0.3861, -0.3390,  0.3987, -0.3915,  0.4067,  0.3211, -0.2655]],
       device='cuda:0', requires_grad=True)

Parameter name: linear_0.weight
Shape: torch.Size([32, 39])
Values: Parameter containing:
tensor([[-0.0070, -0.0057,  0.0452,  ...,  0.2368, -0.3907, -0.1137],
        [-0.0805, -0.1896,  0.0902,  ...,  0.1473, -0.3749,  0.0871],
        [-0.0456,  0.1742,  0.0706,  ..., -0.0058,  0.3045,  0.0345],
        ...,
        [ 0.0317, -0.1884,  0.0444,  ...,  0.0670, -0.3311, -0.1180],
        [ 0.0436, -0.0531, -0.0201,  ..., -0.3065,  0.1807,  0.1557],
        [-0.2012,  0.0500,  0.0060,  ...,  0.0405, -0.2821, -0.0509]],
       device='cuda:0', requires_grad=True)

Parameter name: linear_0.bias
Shape: torch.Size([32])
Values: Parameter containing:
tensor([ 0.0559,  0.0552, -0.0861, -0.1211, -0.0596,  0.0541, -0.1261,  0.0589,
        -0.0478,  0.0817,  0.0295,  0.0114,  0.0274,  0.0749, -0.0763, -0.0178,
         0.0467, -0.1513, -0.0313, -0.0250, -0.0737,  0.0503,  0.0901, -0.0051,
        -0.0883,  0.0882,  0.0326, -0.0877,  0.0479,  0.1373,  0.1475, -0.1085],
       device='cuda:0', requires_grad=True)

Parameter name: linear_1.weight
Shape: torch.Size([32, 32])
Values: Parameter containing:
tensor([[ 0.0270, -0.1913, -0.0818,  ..., -0.1114, -0.0215,  0.0743],
        [-0.2553, -0.0458,  0.1144,  ..., -0.0433,  0.0004,  0.0621],
        [ 0.1780, -0.0258, -0.1779,  ...,  0.0502, -0.0155,  0.1667],
        ...,
        [ 0.1551,  0.0963,  0.0930,  ...,  0.2214, -0.2044,  0.2379],
        [-0.0744, -0.1702,  0.0821,  ...,  0.0354,  0.2452, -0.1674],
        [-0.0383, -0.1244,  0.2116,  ...,  0.0775,  0.1387, -0.0270]],
       device='cuda:0', requires_grad=True)

Parameter name: linear_1.bias
Shape: torch.Size([32])
Values: Parameter containing:
tensor([ 0.0868,  0.1249, -0.0277, -0.0609, -0.0320, -0.0631, -0.0293, -0.0596,
         0.0978, -0.1407,  0.1366, -0.1254,  0.1541,  0.0604, -0.1341,  0.0918,
        -0.1214, -0.1501,  0.0047, -0.0127,  0.0040,  0.1072, -0.1882,  0.1775,
        -0.0623, -0.0295,  0.0882, -0.0407, -0.1123, -0.0566,  0.1010,  0.0054],
       device='cuda:0', requires_grad=True)

Parameter name: linear_2.weight
Shape: torch.Size([1, 32])
Values: Parameter containing:
tensor([[ 0.6683,  0.5923, -0.6681, -0.6697,  0.5359,  0.5275, -0.5827,  0.5763,
          0.6000, -0.6082, -0.5611,  0.5602,  0.5587,  0.5708,  0.5977,  0.5559,
         -0.6686, -0.6736,  0.5359,  0.5633, -0.6246, -0.6019, -0.6704,  0.5291,
          0.6540,  0.6741, -0.6519,  0.7017, -0.5811, -0.6645,  0.6495,  0.6673]],
       device='cuda:0', requires_grad=True)

Parameter name: linear_2.bias
Shape: torch.Size([1])
Values: Parameter containing:
tensor([0.3754], device='cuda:0', requires_grad=True)

Parameter name: road_linear_0.weight
Shape: torch.Size([32, 16])
Values: Parameter containing:
tensor([[ 6.9129e-03, -4.5078e-02,  2.5498e-01, -2.9012e-01, -3.4597e-01,
         -1.0684e-01, -4.6372e-02, -4.8497e-01, -2.7200e-01, -1.0270e-02,
          1.6197e-01,  1.6838e-01,  2.7103e-03, -1.0385e-01, -2.2290e-01,
          3.0646e-01],
        [-2.6857e-01,  1.8683e-02, -8.2687e-02, -6.4645e-03,  8.4460e-02,
          2.2478e-01,  1.5760e-01,  2.3076e-01,  4.9226e-01,  1.1249e-01,
          9.8863e-02, -2.6546e-01,  2.3059e-02, -2.8825e-02,  5.0203e-01,
         -4.6480e-02],
        [ 7.4649e-02, -9.9406e-02,  3.4139e-01, -9.8487e-02, -1.8979e-01,
         -3.1920e-01, -4.7628e-02, -4.8193e-01, -6.7335e-03, -3.9673e-02,
         -6.2298e-02, -7.6400e-02,  3.7927e-01,  3.0515e-01, -9.7910e-02,
          2.3248e-01],
        [ 2.7835e-01, -1.2983e-01,  4.8030e-02, -5.5507e-02, -1.4541e-01,
         -1.4915e-01, -1.1723e-01, -1.5768e-01, -5.1057e-01, -3.5682e-01,
          1.2267e-03,  3.4949e-01,  2.4951e-01, -1.5606e-01, -3.2939e-01,
          9.7723e-02],
        [-8.7977e-02,  4.4882e-01, -1.2897e-01, -3.9914e-02,  2.6516e-01,
          4.7703e-02,  2.5878e-02,  3.7681e-01,  2.0155e-01,  2.6494e-01,
          6.2295e-02, -1.3691e-01, -5.2463e-03, -2.0899e-01,  4.0244e-01,
         -1.1326e-01],
        [ 7.4107e-03,  4.0042e-01, -3.2347e-01,  3.8667e-01,  4.0572e-01,
         -7.0288e-02,  2.4329e-01,  6.4371e-03,  2.9308e-01,  1.8514e-01,
         -1.1705e-01, -6.4622e-02, -1.9445e-01,  1.4195e-01,  4.7265e-01,
         -4.4382e-02],
        [ 3.6698e-01, -8.0292e-02,  3.7186e-01, -1.6920e-01, -1.3865e-01,
         -1.7426e-01, -1.5247e-01, -2.8672e-01, -3.1403e-01,  7.8047e-03,
         -1.1686e-02,  4.5334e-02, -1.0417e-01,  1.4577e-01, -3.8234e-01,
          1.1008e-01],
        [-7.3732e-02,  6.8593e-02,  3.2499e-01, -3.4312e-01, -4.0886e-01,
         -2.7331e-01, -7.6798e-02, -3.0564e-01, -2.3403e-01, -1.9808e-01,
         -4.5620e-02,  1.7285e-02,  2.2742e-01, -1.1702e-01, -1.6206e-01,
          3.2958e-01],
        [ 4.9112e-02, -9.2915e-02,  2.8394e-01, -2.5140e-01, -1.7300e-01,
         -3.3686e-01, -1.7288e-01, -1.8437e-01, -3.2975e-02, -3.0337e-01,
          2.3175e-02,  6.3908e-02, -6.1935e-02,  1.6600e-01, -4.8663e-01,
          7.5908e-02],
        [-3.0350e-01,  2.7157e-01, -8.2281e-02, -7.1845e-03,  1.8670e-01,
          1.3823e-01,  4.9862e-02,  3.1009e-01,  3.5195e-01, -1.1973e-02,
          1.2630e-01, -1.3146e-02, -2.5010e-01, -8.4236e-02,  3.2005e-01,
         -1.7659e-01],
        [-3.6244e-01,  3.0837e-01, -3.3368e-02, -4.4105e-02,  6.9489e-02,
          3.9779e-01,  2.2222e-01,  1.9497e-01,  4.3279e-01,  2.2670e-01,
          1.1286e-02,  1.0448e-02, -1.7710e-01,  1.1609e-01,  1.3147e-01,
         -2.9522e-01],
        [-1.2438e-01,  1.1884e-01,  6.8275e-03,  8.4785e-02,  2.5742e-01,
          1.0329e-01,  3.4799e-01,  2.0787e-01,  2.1489e-01,  3.2382e-01,
          7.3521e-02,  7.3748e-02, -4.0485e-01, -2.1013e-01,  1.7530e-01,
         -1.7281e-01],
        [ 3.3709e-01, -1.1740e-01,  1.1787e-01, -1.5141e-01, -2.4281e-01,
          7.2218e-02, -6.9500e-02, -4.1337e-01, -4.2585e-01, -6.5463e-02,
         -1.1676e-01,  1.6531e-02, -9.0687e-02,  1.5155e-01, -4.3148e-01,
         -2.3864e-02],
        [ 2.1511e-01,  1.9354e-02,  3.4799e-01, -1.2986e-02, -3.9647e-01,
         -5.4862e-03, -3.1684e-02, -1.2801e-01, -2.8446e-01, -1.5127e-01,
         -1.1667e-01,  1.0937e-01,  1.0907e-01,  4.0798e-02, -4.6596e-01,
          2.1437e-01],
        [-3.7935e-01,  3.4681e-02, -4.3104e-02, -4.4689e-02,  4.7460e-01,
          3.9349e-01,  9.8057e-02,  1.8812e-01,  3.5205e-02,  1.6945e-01,
          3.0179e-02, -3.0881e-01, -7.9859e-02, -1.1043e-01,  1.9110e-01,
         -1.3865e-01],
        [-6.7894e-02, -5.4869e-01,  1.2247e-01,  1.0401e-01, -5.1538e-01,
          5.2756e-02, -1.6980e-01, -4.3348e-01, -3.2549e-01,  3.5403e-03,
         -4.6443e-02,  3.7511e-01,  7.4838e-02, -1.0105e-01, -1.3799e-01,
          1.4284e-02],
        [ 3.2067e-01,  3.3832e-02,  1.7109e-01, -3.4125e-01, -4.1772e-01,
         -4.7406e-03, -6.4418e-02, -5.2914e-02, -4.5342e-01, -1.5243e-01,
          1.7013e-01,  2.8132e-01,  3.1553e-01,  2.2660e-01, -2.3666e-01,
         -7.0488e-02],
        [-2.6937e-01,  1.7030e-01, -1.9657e-01,  1.1285e-01,  1.5694e-01,
          2.4930e-01,  2.4429e-01,  2.8606e-01,  1.5892e-01,  2.4268e-01,
         -5.7353e-02, -2.0088e-01, -9.9238e-02, -1.5424e-01,  2.8826e-01,
         -1.2829e-01],
        [ 2.2582e-01, -1.8637e-01,  1.0667e-01, -2.5775e-01, -2.9227e-01,
         -3.4411e-01, -2.5977e-01, -3.7569e-02, -4.6660e-01, -7.0645e-02,
          2.3356e-02, -9.8750e-02,  1.6331e-01,  2.1096e-01, -1.1035e-01,
          1.4865e-01],
        [ 3.6633e-01, -1.6616e-01,  2.2712e-01, -7.3363e-02, -4.2342e-01,
         -2.0737e-01, -3.4158e-01, -4.4969e-02, -1.0988e-01, -2.4356e-01,
          1.0766e-01,  2.2984e-01, -6.7417e-02,  7.5068e-02, -1.4387e-01,
          1.5687e-01],
        [-1.5873e-01,  3.1375e-01, -6.5174e-03, -8.8311e-02,  3.1601e-01,
         -7.9227e-02,  2.8225e-01,  3.7742e-01,  1.9625e-01,  4.4273e-02,
         -1.1475e-01, -2.3664e-01, -1.4747e-01, -1.7253e-01,  4.1279e-01,
         -2.1879e-01],
        [-1.0566e-01,  1.4778e-01, -3.8959e-02,  3.9987e-01,  1.4054e-01,
          1.2458e-01,  2.7982e-01,  6.2770e-02,  1.3730e-01,  2.6863e-01,
          1.9619e-01, -2.9819e-01, -2.2419e-01, -3.7986e-01,  8.5523e-02,
          6.3447e-02],
        [ 3.6429e-01, -2.2977e-01,  2.5996e-02, -1.5875e-01, -7.6832e-02,
         -3.7759e-01, -2.8353e-01, -2.8097e-01, -3.0762e-01, -1.4006e-01,
          2.1095e-01,  2.0386e-01, -9.4460e-02,  2.9159e-01, -2.4309e-03,
          1.9374e-01],
        [ 2.4255e-01,  7.9110e-02,  2.9797e-01, -3.4242e-01, -2.2342e-01,
         -1.1434e-01, -1.2380e-01, -2.9674e-01, -4.0772e-01, -2.7141e-01,
         -2.8320e-03,  3.0939e-01,  2.0981e-01,  6.9401e-02, -2.3038e-01,
         -3.3075e-02],
        [ 2.2227e-01, -4.6433e-01,  1.5356e-01, -1.2769e-01, -3.3797e-02,
         -2.3061e-01,  5.2826e-02, -2.3182e-01, -4.3661e-01,  6.7495e-02,
          1.7068e-01,  4.3439e-04,  2.9378e-02,  2.4621e-01, -4.4927e-01,
          3.1803e-01],
        [ 2.4942e-02, -2.7078e-01,  5.0347e-02,  9.6605e-02, -2.8420e-01,
         -1.7832e-01, -1.2634e-02, -3.5961e-01, -1.8716e-01, -3.3233e-01,
         -2.4936e-01,  7.8325e-02,  1.4855e-01,  3.0720e-01, -4.6973e-01,
          4.9738e-02],
        [ 2.1123e-01, -9.2532e-02,  2.6019e-01, -3.3390e-01, -2.4838e-01,
         -7.7195e-02, -3.3701e-01, -7.2317e-02, -4.2574e-01,  3.1196e-02,
          6.1509e-02,  6.7161e-02,  2.1016e-01,  2.3423e-01,  2.8128e-03,
          2.5925e-01],
        [-3.2498e-01,  2.7599e-01,  4.4644e-02,  2.0407e-01,  4.1016e-01,
          5.6375e-03,  3.5240e-01,  2.3780e-01,  7.6535e-03,  8.5316e-02,
          6.1611e-02, -2.6228e-01, -2.1072e-01, -1.7895e-01,  1.1444e-01,
         -8.6847e-02],
        [ 2.9142e-01, -2.3177e-02,  9.9435e-02, -1.1667e-01, -3.5335e-01,
         -2.5873e-01, -1.2214e-01, -3.7766e-01, -5.7505e-02, -8.0776e-02,
          1.1839e-01,  1.1578e-01,  3.2414e-01,  2.8850e-01, -6.7946e-02,
          2.2855e-01],
        [-2.5946e-01,  2.2104e-01, -2.8377e-01,  2.3913e-01, -1.4699e-02,
          1.1727e-01,  3.1181e-01,  3.3925e-01,  3.9496e-01,  2.0887e-01,
          1.4470e-01, -6.2508e-02,  8.0428e-02,  8.6441e-02,  2.1934e-01,
         -1.9426e-01],
        [-2.7664e-01,  1.0184e-01, -5.7845e-03,  4.8488e-03,  2.7653e-01,
          3.5683e-01,  3.6177e-01,  2.9044e-02,  2.7654e-01,  2.9498e-01,
         -2.4790e-01,  1.0561e-02, -2.8754e-01, -2.4416e-01,  1.1697e-01,
         -2.1218e-01],
        [ 4.4155e-02, -9.8502e-02,  2.0505e-01, -2.7155e-02, -6.9523e-02,
         -2.7388e-01, -3.6828e-01, -4.0600e-01, -3.5120e-01, -2.2412e-01,
          9.8897e-02, -5.4152e-02, -8.7492e-02,  1.7777e-01, -3.6009e-01,
          1.4563e-01]], device='cuda:0', requires_grad=True)

Parameter name: road_linear_0.bias
Shape: torch.Size([32])
Values: Parameter containing:
tensor([-0.0872, -0.0194,  0.1368, -0.1197, -0.0498, -0.0281,  0.0580,  0.1473,
        -0.0414, -0.0397,  0.0425,  0.0592,  0.1595,  0.0910, -0.0547,  0.0973,
        -0.1920, -0.0013,  0.0195,  0.0087, -0.0214, -0.1239, -0.0641, -0.0639,
        -0.1937,  0.2744,  0.1111,  0.0201, -0.0855, -0.2219,  0.1515, -0.0339],
       device='cuda:0', requires_grad=True)

Parameter name: road_linear_1.weight
Shape: torch.Size([1, 32])
Values: Parameter containing:
tensor([[-0.3328,  0.4194, -0.3041, -0.3202,  0.4319,  0.4573, -0.3521, -0.4277,
         -0.4000,  0.4795,  0.3262,  0.4553, -0.3801, -0.4886,  0.3832, -0.4474,
         -0.3807,  0.3705, -0.2927, -0.3091,  0.4901,  0.4299, -0.4231, -0.4143,
         -0.4702, -0.4340, -0.3645,  0.4413, -0.3942,  0.4332,  0.3387, -0.2946]],
       device='cuda:0', requires_grad=True)

Parameter name: linear_0.weight
Shape: torch.Size([32, 39])
Values: Parameter containing:
tensor([[-3.2248e-02,  9.8708e-02,  5.1902e-02,  ...,  2.2474e-01,
         -3.8085e-01, -1.1368e-01],
        [-9.8013e-02, -6.4576e-02,  1.1187e-01,  ...,  1.5879e-01,
         -3.6566e-01,  8.7102e-02],
        [-1.3456e-02, -2.1997e-02,  2.3920e-02,  ...,  2.2809e-02,
          2.8456e-01,  3.4476e-02],
        ...,
        [ 1.9622e-02,  3.4289e-04,  5.2529e-02,  ...,  8.8743e-02,
         -3.7815e-01, -1.1801e-01],
        [ 7.5243e-02, -1.9568e-01, -4.8334e-02,  ..., -3.3221e-01,
          1.9649e-01,  1.5567e-01],
        [-1.9341e-01,  1.3593e-01,  3.2298e-02,  ...,  1.0122e-01,
         -3.3304e-01, -5.0854e-02]], device='cuda:0', requires_grad=True)

Parameter name: linear_0.bias
Shape: torch.Size([32])
Values: Parameter containing:
tensor([ 0.0426,  0.0410, -0.0669, -0.1335, -0.0717,  0.0586, -0.1109,  0.0466,
        -0.0397,  0.0813,  0.0191,  0.0113,  0.0291,  0.0778, -0.0530, -0.0197,
         0.0594, -0.1526,  0.0011,  0.0275, -0.0523,  0.0348,  0.1079,  0.0058,
        -0.0930,  0.1033,  0.0470, -0.0960,  0.0550,  0.1399,  0.1666, -0.1225],
       device='cuda:0', requires_grad=True)

Parameter name: linear_1.weight
Shape: torch.Size([32, 32])
Values: Parameter containing:
tensor([[ 0.0672, -0.1992, -0.1009,  ..., -0.1626, -0.0081,  0.0707],
        [-0.2140, -0.0557,  0.1014,  ..., -0.0957,  0.0156,  0.0449],
        [ 0.1473, -0.0076, -0.1787,  ...,  0.1123, -0.0401,  0.1955],
        ...,
        [ 0.1269,  0.1111,  0.1076,  ...,  0.2846, -0.2343,  0.2496],
        [-0.0136, -0.1682,  0.0577,  ..., -0.0133,  0.2468, -0.1741],
        [-0.0113, -0.1517,  0.2150,  ...,  0.0064,  0.1738, -0.0559]],
       device='cuda:0', requires_grad=True)

Parameter name: linear_1.bias
Shape: torch.Size([32])
Values: Parameter containing:
tensor([ 0.1055,  0.1499, -0.0628, -0.0858,  0.0008, -0.0452, -0.0597, -0.0426,
         0.1256, -0.1711,  0.1300, -0.1160,  0.1743,  0.0872, -0.1208,  0.1298,
        -0.1388, -0.1748, -0.0546, -0.0020, -0.0049,  0.0828, -0.2136,  0.2161,
        -0.0449, -0.0040,  0.0727, -0.0275, -0.1370, -0.0738,  0.1254,  0.0454],
       device='cuda:0', requires_grad=True)

Parameter name: linear_2.weight
Shape: torch.Size([1, 32])
Values: Parameter containing:
tensor([[ 0.6361,  0.5601, -0.6532, -0.6352,  0.5199,  0.4992, -0.5617,  0.5399,
          0.5529, -0.5830, -0.5265,  0.5469,  0.5250,  0.5074,  0.5762,  0.5744,
         -0.6320, -0.6455, -0.5066,  0.5534, -0.5969, -0.5784, -0.6498,  0.4875,
          0.6206,  0.6461, -0.6321,  0.6420, -0.5638, -0.6333,  0.6222,  0.6485]],
       device='cuda:0', requires_grad=True)

Parameter name: linear_2.bias
Shape: torch.Size([1])
Values: Parameter containing:
tensor([0.3713], device='cuda:0', requires_grad=True)

Parameter name: road_linear_0.weight
Shape: torch.Size([32, 16])
Values: Parameter containing:
tensor([[-0.0327,  0.2626,  0.2248, -0.2544, -0.3912, -0.0800,  0.0077, -0.4835,
         -0.2702,  0.0313,  0.1756,  0.1724, -0.0026, -0.1527, -0.2508,  0.2732],
        [-0.2292, -0.2656, -0.0430, -0.0450,  0.1204,  0.1962,  0.1178,  0.2122,
          0.4746,  0.0696,  0.0660, -0.2510,  0.0469,  0.0231,  0.5189, -0.0086],
        [ 0.0646,  0.2009,  0.3183, -0.0819, -0.2367, -0.3252, -0.0388, -0.5197,
         -0.0152, -0.0174, -0.0290, -0.0568,  0.4220,  0.2970, -0.1408,  0.2290],
        [ 0.2360, -0.0222,  0.0112, -0.0210, -0.2061, -0.1206, -0.0779, -0.1373,
         -0.5062, -0.3163,  0.0263,  0.3424,  0.2219, -0.2054, -0.3558,  0.0557],
        [-0.0778,  0.1724, -0.1084, -0.0635,  0.3456,  0.0316, -0.0013,  0.4041,
          0.2455,  0.2307,  0.0769, -0.1597, -0.0157, -0.1781,  0.4787, -0.0825],
        [ 0.0144,  0.2044, -0.3096,  0.3680,  0.4682, -0.0789,  0.2162,  0.0129,
          0.3237,  0.1564, -0.1162, -0.0799, -0.1974,  0.1766,  0.5587, -0.0178],
        [ 0.3393,  0.0505,  0.3430, -0.1437, -0.1893, -0.1634, -0.1304, -0.2845,
         -0.3007,  0.0372,  0.0236,  0.0466, -0.1026,  0.1137, -0.4232,  0.0861],
        [-0.0901,  0.2292,  0.3027, -0.3226, -0.4314, -0.2688, -0.0593, -0.3080,
         -0.2217, -0.1752, -0.0297,  0.0185,  0.2363, -0.1379, -0.1932,  0.3165],
        [ 0.0288,  0.2579,  0.2541, -0.2268, -0.2041, -0.3247, -0.1496, -0.1852,
         -0.0317, -0.2712,  0.0511,  0.0700, -0.0559,  0.1344, -0.5192,  0.0530],
        [-0.2816, -0.0348, -0.0531, -0.0373,  0.2436,  0.1191,  0.0198,  0.3187,
          0.3652, -0.0490,  0.1173, -0.0170, -0.2467, -0.0432,  0.3694, -0.1454],
        [-0.3440,  0.1187, -0.0109, -0.0614,  0.1345,  0.3890,  0.2013,  0.2075,
          0.4465,  0.2002, -0.0335, -0.0050, -0.1823,  0.1407,  0.1888, -0.2729],
        [-0.1075, -0.0936,  0.0318,  0.0638,  0.3002,  0.0888,  0.3323,  0.2176,
          0.2210,  0.2970,  0.0689,  0.0637, -0.4044, -0.1919,  0.2133, -0.1519],
        [ 0.2984,  0.1468,  0.0841, -0.1142, -0.3122,  0.1027, -0.0243, -0.4203,
         -0.4357, -0.0218, -0.0928,  0.0174, -0.0955,  0.1062, -0.4686, -0.0612],
        [ 0.1875,  0.2753,  0.3159,  0.0161, -0.4227,  0.0133, -0.0060, -0.1167,
         -0.2677, -0.1175, -0.0890,  0.1017,  0.0975,  0.0037, -0.4866,  0.1874],
        [-0.3584, -0.2475, -0.0173, -0.0684,  0.5076,  0.3809,  0.0749,  0.1879,
          0.0304,  0.1407,  0.0049, -0.3106, -0.0807, -0.0813,  0.2163, -0.1177],
        [-0.2705, -0.1182,  0.0882,  0.1996,  0.2850,  0.1072,  0.0548,  0.1492,
          0.2652,  0.0490,  0.0204,  0.1482, -0.1022, -0.2005,  0.6885, -0.0075],
        [ 0.2817,  0.1551,  0.1372, -0.3078, -0.4665,  0.0230, -0.0331, -0.0231,
         -0.4408, -0.1152,  0.1766,  0.2715,  0.2834,  0.1859, -0.2360, -0.1076],
        [-0.2523,  0.1040, -0.1762,  0.0936,  0.2109,  0.2467,  0.2290,  0.2932,
          0.1596,  0.2211, -0.0793, -0.2098, -0.1127, -0.1254,  0.3381, -0.1102],
        [ 0.2039,  0.0391,  0.0815, -0.2352, -0.3534, -0.3310, -0.2360, -0.0493,
         -0.4879, -0.0394,  0.0542, -0.0820,  0.1689,  0.1813, -0.1395,  0.1194],
        [ 0.3508,  0.0688,  0.2052, -0.0558, -0.4753, -0.1940, -0.3224, -0.0532,
         -0.1291, -0.2150,  0.1241,  0.2497, -0.0621,  0.0548, -0.1813,  0.1317],
        [-0.1467,  0.1354,  0.0116, -0.1108,  0.3626, -0.0880,  0.2623,  0.3883,
          0.2098,  0.0172, -0.1058, -0.2442, -0.1561, -0.1480,  0.4989, -0.1978],
        [-0.0899, -0.2783, -0.0144,  0.3785,  0.1666,  0.1157,  0.2617,  0.0653,
          0.1392,  0.2393,  0.1753, -0.3096, -0.2379, -0.3566,  0.1137,  0.0796],
        [ 0.3537, -0.0345,  0.0096, -0.1446, -0.1295, -0.3743, -0.2761, -0.2917,
         -0.3186, -0.1210,  0.2211,  0.2202, -0.0805,  0.2763, -0.0445,  0.1798],
        [ 0.2034,  0.1010,  0.2645, -0.3107, -0.2714, -0.0961, -0.1001, -0.2716,
         -0.3792, -0.2410,  0.0225,  0.2958,  0.1955,  0.0335, -0.2344, -0.0599],
        [ 0.2076, -0.1731,  0.1325, -0.1054, -0.1002, -0.2192,  0.0749, -0.2430,
         -0.4572,  0.0971,  0.2050,  0.0134,  0.0328,  0.2148, -0.5083,  0.2932],
        [ 0.0158, -0.0209,  0.0320,  0.1150, -0.3324, -0.1745,  0.0095, -0.3820,
         -0.2011, -0.3080, -0.2438,  0.0900,  0.1666,  0.2854, -0.5464,  0.0352],
        [ 0.1958,  0.1096,  0.2388, -0.3170, -0.2905, -0.0684, -0.3278, -0.0786,
         -0.4286,  0.0541,  0.0738,  0.0803,  0.2171,  0.2272, -0.0297,  0.2446],
        [-0.3132,  0.0162,  0.0625,  0.1856,  0.4639, -0.0090,  0.3339,  0.2487,
          0.0290,  0.0598,  0.0683, -0.2795, -0.2117, -0.1628,  0.1661, -0.0647],
        [ 0.2714,  0.1034,  0.0758, -0.0971, -0.3932, -0.2477, -0.1088, -0.3811,
         -0.0497, -0.0576,  0.1335,  0.1206,  0.3260,  0.2718, -0.0993,  0.2132],
        [-0.2482,  0.0753, -0.2671,  0.2245,  0.0355,  0.1172,  0.3033,  0.3512,
          0.3996,  0.1912,  0.1197, -0.0756,  0.0615,  0.1000,  0.2773, -0.1827],
        [-0.2603, -0.1043,  0.0168, -0.0140,  0.3238,  0.3485,  0.3463,  0.0349,
          0.2845,  0.2691, -0.2644, -0.0035, -0.2966, -0.2203,  0.1442, -0.1913],
        [ 0.0178,  0.0638,  0.1764, -0.0007, -0.1270, -0.2610, -0.3438, -0.4245,
         -0.3605, -0.1928,  0.1262, -0.0413, -0.0799,  0.1464, -0.3953,  0.1190]],
       device='cuda:0', requires_grad=True)

Parameter name: road_linear_0.bias
Shape: torch.Size([32])
Values: Parameter containing:
tensor([-0.0945, -0.0022,  0.1789, -0.1202, -0.0245,  0.0104,  0.0818,  0.1733,
        -0.0262, -0.0241,  0.0080,  0.0663,  0.1266,  0.0879, -0.0528, -0.0474,
        -0.2138, -0.0123,  0.0191,  0.0034, -0.0007, -0.1326, -0.0551, -0.0499,
        -0.1697,  0.2788,  0.1160,  0.0424, -0.0761, -0.2427,  0.1535, -0.0288],
       device='cuda:0', requires_grad=True)

Parameter name: road_linear_1.weight
Shape: torch.Size([1, 32])
Values: Parameter containing:
tensor([[-0.3346,  0.4181, -0.3049, -0.3335,  0.4743,  0.4933, -0.3594, -0.4269,
         -0.4069,  0.4956,  0.3396,  0.4501, -0.3970, -0.4937,  0.3823,  0.4437,
         -0.3832,  0.3777, -0.2949, -0.3102,  0.5091,  0.4016, -0.4253, -0.4147,
         -0.5187, -0.4506, -0.3628,  0.4462, -0.3978,  0.4374,  0.3395, -0.2991]],
       device='cuda:0', requires_grad=True)

Parameter name: linear_0.weight
Shape: torch.Size([32, 39])
Values: Parameter containing:
tensor([[-0.0099,  0.0999,  0.0753,  ...,  0.1623, -0.3549, -0.1137],
        [-0.1055, -0.0475,  0.1158,  ...,  0.1334, -0.3650,  0.0871],
        [-0.0097, -0.0348,  0.0333,  ...,  0.0234,  0.3107,  0.0345],
        ...,
        [ 0.0116,  0.0223,  0.0523,  ...,  0.0714, -0.4025, -0.1180],
        [ 0.0860, -0.2158, -0.0509,  ..., -0.3073,  0.2120,  0.1557],
        [-0.1873,  0.1520,  0.0375,  ...,  0.0678, -0.3535, -0.0509]],
       device='cuda:0', requires_grad=True)

Parameter name: linear_0.bias
Shape: torch.Size([32])
Values: Parameter containing:
tensor([ 0.0465,  0.0400, -0.0696, -0.1356, -0.0738,  0.0497, -0.1102,  0.0502,
        -0.0413,  0.0785,  0.0246,  0.0117,  0.0242,  0.0757, -0.0505, -0.0207,
         0.0575, -0.1561, -0.0641,  0.0378, -0.0577,  0.0319,  0.1052,  0.0080,
        -0.0878,  0.0525,  0.0436, -0.1171,  0.0551,  0.1430,  0.1667, -0.1279],
       device='cuda:0', requires_grad=True)

Parameter name: linear_1.weight
Shape: torch.Size([32, 32])
Values: Parameter containing:
tensor([[ 0.0432, -0.1939, -0.0936,  ..., -0.1372,  0.0084,  0.0641],
        [-0.2324, -0.0499,  0.1215,  ..., -0.0636,  0.0185,  0.0376],
        [ 0.1576, -0.0135, -0.1857,  ...,  0.0805, -0.0338,  0.1951],
        ...,
        [ 0.1326,  0.0890,  0.1132,  ...,  0.2476, -0.2360,  0.2392],
        [-0.0250, -0.1653,  0.0710,  ...,  0.0260,  0.2395, -0.1801],
        [-0.0177, -0.1361,  0.2102,  ...,  0.0464,  0.1671, -0.0473]],
       device='cuda:0', requires_grad=True)

Parameter name: linear_1.bias
Shape: torch.Size([32])
Values: Parameter containing:
tensor([ 0.1096,  0.1640, -0.0662, -0.0848, -0.0031, -0.0435, -0.0602, -0.0402,
         0.1379, -0.1817,  0.1171, -0.1273,  0.1965,  0.1062, -0.1219,  0.1415,
        -0.1387, -0.1753,  0.0486, -0.0107, -0.0088,  0.0843, -0.2035,  0.2438,
        -0.0412, -0.0058,  0.0714, -0.0268, -0.1379, -0.0700,  0.1351,  0.0403],
       device='cuda:0', requires_grad=True)

Parameter name: linear_2.weight
Shape: torch.Size([1, 32])
Values: Parameter containing:
tensor([[ 0.6711,  0.6019, -0.6801, -0.6527,  0.5421,  0.5517, -0.5881,  0.5604,
          0.5671, -0.6206, -0.5661,  0.5596,  0.5554,  0.5467,  0.5915,  0.6086,
         -0.6550, -0.6661,  0.5170,  0.5715, -0.6255, -0.6064, -0.6676,  0.5076,
          0.6522,  0.6660, -0.6479,  0.6664, -0.5864, -0.6535,  0.6481,  0.6629]],
       device='cuda:0', requires_grad=True)

Parameter name: linear_2.bias
Shape: torch.Size([1])
Values: Parameter containing:
tensor([0.3862], device='cuda:0', requires_grad=True)

