Parameter name: road_linear_0.weight
Shape: torch.Size([32, 16])
Values: Parameter containing:
tensor([[ 7.5616e-03,  3.9962e-01,  3.0957e-01, -3.2262e-01, -1.9453e-01,
         -1.5081e-01, -9.8988e-02, -3.9970e-01, -3.0332e-01, -8.0006e-02,
         -2.5540e-02,  2.0290e-01, -3.2928e-01, -6.0124e-02, -6.0860e-02,
          3.9787e-01],
        [-2.5239e-01, -3.8877e-01, -9.9470e-02, -1.6440e-02, -2.4550e-02,
          2.4631e-01,  1.7710e-01,  1.6771e-01,  4.6942e-01,  1.3820e-01,
          2.9357e-01, -2.6795e-01,  3.7835e-01, -3.3211e-02,  3.6538e-01,
         -9.6971e-02],
        [ 1.0423e-01,  3.0081e-01,  3.9422e-01, -1.2977e-01, -1.0961e-01,
         -3.4305e-01, -1.1585e-01, -4.6019e-01, -1.1112e-01, -9.4930e-02,
         -1.5679e-01, -2.3686e-02, -6.7632e-03,  3.6160e-01, -5.0865e-02,
          3.0092e-01],
        [ 2.9030e-01,  1.1983e-01,  9.7001e-02, -8.1688e-02, -7.1861e-02,
         -2.1664e-01, -1.9405e-01, -1.3201e-01, -5.1853e-01, -4.3151e-01,
         -2.1379e-01,  3.9554e-01, -9.8210e-02, -1.0863e-01, -2.3784e-01,
          1.8890e-01],
        [-1.0321e-01,  3.2135e-02, -1.7384e-01, -2.7232e-02,  1.7257e-01,
          9.0517e-02,  6.4890e-02,  3.4061e-01,  2.2537e-01,  3.0855e-01,
          3.4595e-01, -1.7809e-01,  3.4540e-01, -2.4061e-01,  3.2105e-01,
         -1.8244e-01],
        [-3.1147e-02,  5.4513e-02, -3.7957e-01,  4.1661e-01,  3.6918e-01,
         -5.0202e-03,  3.1153e-01,  1.2374e-02,  3.6133e-01,  2.4194e-01,
         -7.2879e-02, -1.2450e-01,  1.5238e-01,  1.0484e-01,  4.6661e-01,
         -1.1803e-01],
        [ 3.6985e-01,  2.4678e-01,  4.0534e-01, -1.7880e-01, -5.7245e-02,
         -2.0518e-01, -1.9912e-01, -2.4399e-01, -3.3436e-01, -3.2292e-02,
         -3.9870e-02,  6.8641e-02, -3.7398e-01,  2.0856e-01, -3.2255e-01,
          1.6867e-01],
        [-5.3575e-02,  3.6495e-01,  3.6285e-01, -3.5872e-01, -3.5087e-01,
         -2.9780e-01, -1.1734e-01, -2.8071e-01, -2.7944e-01, -2.3119e-01,
         -9.1653e-02,  4.6920e-02, -5.6681e-02, -9.0188e-02, -1.4835e-01,
          3.7811e-01],
        [ 3.9031e-02,  3.6204e-01,  3.0550e-01, -2.4467e-01, -5.4253e-02,
         -3.4384e-01, -1.7619e-01, -1.0606e-01, -2.5980e-02, -3.2213e-01,
         -2.8308e-01,  5.9110e-02, -4.3438e-01,  1.6813e-01, -3.2066e-01,
          1.1761e-01],
        [-3.1003e-01, -1.7208e-01, -1.1625e-01,  1.2218e-05,  1.0079e-01,
          1.7215e-01,  9.6396e-02,  2.7094e-01,  3.6400e-01,  2.4402e-02,
          3.6645e-01, -3.5264e-02,  1.4022e-01, -1.0627e-01,  2.3420e-01,
         -2.3976e-01],
        [-3.7736e-01,  1.2065e-02, -7.9928e-02, -2.2622e-02, -2.3369e-02,
          4.4495e-01,  2.8171e-01,  1.6224e-01,  4.5362e-01,  2.8482e-01,
          2.2572e-01, -2.8145e-02,  2.1753e-01,  9.2542e-02,  5.0694e-02,
         -3.7185e-01],
        [-1.4777e-01, -2.1121e-01, -4.3741e-02,  1.0208e-01,  1.9508e-01,
          1.3702e-01,  4.1124e-01,  1.7729e-01,  2.5190e-01,  3.7479e-01,
          4.1119e-01,  4.0903e-02, -4.1727e-02, -2.7643e-01,  6.8963e-02,
         -2.4713e-01],
        [ 3.4124e-01,  2.9269e-01,  1.6801e-01, -1.6795e-01, -1.0752e-01,
          2.4640e-02, -1.0433e-01, -3.3769e-01, -4.0614e-01, -1.1900e-01,
         -1.7290e-01,  4.8371e-02, -4.5687e-01,  1.6272e-01, -2.7312e-01,
          6.1358e-02],
        [ 2.1385e-01,  4.0524e-01,  3.7258e-01, -1.1290e-02, -3.1562e-01,
         -2.1079e-02, -5.4331e-02, -8.0691e-02, -2.8322e-01, -1.7611e-01,
         -2.7939e-01,  1.1639e-01, -2.1589e-01,  6.6178e-02, -3.5483e-01,
          2.6059e-01],
        [-3.8359e-01, -3.5638e-01, -7.3839e-02, -3.6375e-02,  3.7592e-01,
          4.0444e-01,  1.2715e-01,  1.3468e-01,  5.1862e-02,  1.9946e-01,
          1.8982e-01, -3.2371e-01,  2.7319e-01, -1.2022e-01,  9.2329e-02,
         -1.8934e-01],
        [-3.1078e-02,  1.2583e-02,  2.2120e-01,  6.8353e-02, -3.8693e-01,
         -5.3489e-02, -2.6540e-01, -3.8243e-01, -3.8265e-01, -1.1287e-01,
         -1.4903e-01,  4.8518e-01, -3.5272e-01, -2.5070e-03, -2.7083e-02,
          1.4958e-01],
        [ 3.3664e-01,  3.3577e-01,  2.1940e-01, -3.6655e-01, -3.8756e-01,
         -5.9004e-02, -1.3852e-01, -3.5550e-02, -4.6296e-01, -2.1658e-01,
          6.8050e-02,  3.1809e-01,  1.6722e-02,  3.1355e-01, -1.7300e-01,
          1.3978e-02],
        [-3.0313e-01, -6.1494e-02, -2.5141e-01,  1.4252e-01,  1.4513e-01,
          3.0716e-01,  3.1261e-01,  2.9449e-01,  2.2409e-01,  3.0240e-01,
          6.8652e-03, -2.6254e-01,  1.2794e-01, -2.1975e-01,  3.1915e-01,
         -1.9906e-01],
        [ 2.3427e-01,  1.5630e-01,  1.4510e-01, -2.7726e-01, -2.2020e-01,
         -3.6897e-01, -3.4627e-01, -3.0347e-03, -5.5491e-01, -1.2667e-01,
         -1.1177e-01, -5.3361e-02, -1.6891e-01,  3.0251e-01, -8.4384e-02,
          2.2176e-01],
        [ 3.7840e-01,  1.8307e-01,  2.7595e-01, -9.2999e-02, -3.1218e-01,
         -2.2760e-01, -3.7903e-01,  2.0162e-02, -1.2833e-01, -2.9266e-01,
         -1.6833e-01,  2.5239e-01, -4.1828e-01,  1.1376e-01,  1.1241e-02,
          2.2539e-01],
        [-1.9589e-01, -1.0111e-03, -6.0600e-02, -6.3877e-02,  2.9537e-01,
         -1.9009e-02,  3.3762e-01,  3.9705e-01,  2.7018e-01,  9.6472e-02,
          9.6423e-03, -3.0158e-01,  1.4621e-01, -2.1756e-01,  4.2611e-01,
         -2.8664e-01],
        [-8.8520e-02, -4.1616e-01, -6.1625e-02,  3.9736e-01, -9.1084e-03,
          1.1638e-01,  2.8967e-01, -4.1545e-02,  1.0875e-01,  2.8419e-01,
          4.0318e-01, -2.7380e-01,  2.0455e-01, -3.8288e-01, -3.9281e-02,
          1.6868e-02],
        [ 3.7230e-01,  8.0732e-02,  5.9740e-02, -1.6715e-01, -2.3107e-03,
         -3.9790e-01, -3.1767e-01, -2.3990e-01, -3.2952e-01, -1.7326e-01,
          5.7547e-02,  2.2160e-01, -4.0642e-01,  3.2269e-01,  6.9778e-02,
          2.4683e-01],
        [ 2.6378e-01,  2.3469e-01,  3.4724e-01, -3.7056e-01, -2.4127e-01,
         -1.7244e-01, -1.9716e-01, -2.9694e-01, -4.2954e-01, -3.4022e-01,
         -1.3252e-01,  3.5483e-01,  2.1523e-03,  1.3367e-01, -2.0786e-01,
          4.8409e-02],
        [ 2.3852e-01, -3.5066e-02,  1.9210e-01, -1.3694e-01,  2.6331e-02,
         -2.8816e-01, -1.3871e-02, -2.2613e-01, -4.8872e-01,  1.5917e-02,
          3.9317e-02,  4.3827e-02, -3.8957e-01,  2.8049e-01, -3.7458e-01,
          3.9202e-01],
        [ 5.6905e-02,  8.7630e-02,  9.9126e-02,  7.4001e-02, -2.3594e-01,
         -2.1723e-01, -5.4759e-02, -3.6099e-01, -2.5616e-01, -3.7696e-01,
         -3.6345e-01,  1.3527e-01, -1.7530e-01,  3.2669e-01, -4.2774e-01,
          1.1408e-01],
        [ 2.3500e-01,  2.5804e-01,  3.1309e-01, -3.5769e-01, -1.8781e-01,
         -1.0328e-01, -3.8838e-01, -3.8427e-02, -4.7247e-01, -1.7888e-02,
         -5.6401e-02,  1.0171e-01, -1.0047e-01,  3.1318e-01,  7.1267e-02,
          3.2862e-01],
        [-3.3378e-01, -1.0808e-01,  2.9801e-03,  2.1560e-01,  3.1883e-01,
          2.8657e-02,  4.0057e-01,  1.8251e-01,  2.4565e-02,  1.2542e-01,
          3.8080e-01, -2.8189e-01,  1.5789e-01, -2.3107e-01,  1.9950e-02,
         -1.5194e-01],
        [ 3.2273e-01,  1.9890e-01,  1.5456e-01, -1.4510e-01, -3.1800e-01,
         -2.9791e-01, -1.8361e-01, -3.6672e-01, -1.0695e-01, -1.3744e-01,
         -1.0521e-01,  1.6028e-01,  1.5697e-02,  3.3916e-01, -3.0469e-02,
          3.0446e-01],
        [-2.7180e-01, -4.1051e-02, -3.1783e-01,  2.4789e-01, -7.5003e-02,
          1.4501e-01,  3.5007e-01,  3.1262e-01,  4.2847e-01,  2.4354e-01,
          2.2221e-01, -8.9649e-02,  3.4098e-01,  6.1337e-02,  1.6223e-01,
         -2.4381e-01],
        [-3.0903e-01, -2.3953e-01, -6.4982e-02,  3.5300e-02,  2.1821e-01,
          4.0444e-01,  4.2501e-01,  7.6121e-03,  3.2698e-01,  3.5534e-01,
         -8.4902e-02, -3.9484e-02,  5.0251e-02, -3.0766e-01,  6.0107e-02,
         -2.9030e-01],
        [ 5.0483e-02,  2.2951e-01,  2.4446e-01, -3.7653e-02,  8.8073e-03,
         -3.1122e-01, -4.2676e-01, -3.7885e-01, -4.1912e-01, -2.7775e-01,
         -3.0356e-02, -4.8710e-03, -3.7206e-01,  2.7192e-01, -2.7996e-01,
          2.0894e-01]], device='cuda:0', requires_grad=True)

Parameter name: road_linear_0.bias
Shape: torch.Size([32])
Values: Parameter containing:
tensor([-0.0843, -0.0101, -0.0404, -0.0382,  0.0194, -0.2193,  0.0818,  0.1061,
        -0.0733,  0.0113,  0.0535,  0.0925,  0.1185,  0.0565,  0.0773, -0.0237,
        -0.0343, -0.0307,  0.0616, -0.0479, -0.0974, -0.0424, -0.0412,  0.0272,
        -0.0505,  0.1226,  0.1370,  0.0633, -0.1161, -0.1728,  0.0403,  0.0134],
       device='cuda:0', requires_grad=True)

Parameter name: road_linear_1.weight
Shape: torch.Size([1, 32])
Values: Parameter containing:
tensor([[-0.2437,  0.3375, -0.2549, -0.2858,  0.3324,  0.3964, -0.3022, -0.3919,
         -0.3424,  0.3760,  0.2926,  0.4043, -0.2928, -0.4184,  0.3052, -0.2995,
         -0.3456,  0.3519, -0.2607, -0.2557,  0.4365,  0.3435, -0.3937, -0.3926,
         -0.3339, -0.3591, -0.3406,  0.3693, -0.3713,  0.4001,  0.3278, -0.2596]],
       device='cuda:0', requires_grad=True)

Parameter name: linear_0.weight
Shape: torch.Size([32, 39])
Values: Parameter containing:
tensor([[-0.0096,  0.1448,  0.0642,  ...,  0.2033, -0.3229, -0.1137],
        [-0.0692, -0.0627,  0.1194,  ...,  0.1017, -0.2943,  0.0871],
        [-0.1158,  0.2001,  0.0860,  ...,  0.2078, -0.0034,  0.0345],
        ...,
        [ 0.0940, -0.1239, -0.0385,  ..., -0.1682, -0.0155, -0.1180],
        [ 0.0360, -0.1944, -0.0393,  ..., -0.2624,  0.1002,  0.1557],
        [-0.1793,  0.1429,  0.0478,  ...,  0.0733, -0.2580, -0.0509]],
       device='cuda:0', requires_grad=True)

Parameter name: linear_0.bias
Shape: torch.Size([32])
Values: Parameter containing:
tensor([ 0.0576,  0.0288, -0.0893, -0.1557, -0.0820, -0.0150, -0.1006,  0.0438,
        -0.0350,  0.0578,  0.0312, -0.0075,  0.0162,  0.1028, -0.0420, -0.0170,
         0.0515, -0.1671,  0.0066,  0.0840, -0.0642,  0.0166,  0.1112,  0.0254,
        -0.1091,  0.0987,  0.0446, -0.1044,  0.0491,  0.2073,  0.1694, -0.1274],
       device='cuda:0', requires_grad=True)

Parameter name: linear_1.weight
Shape: torch.Size([32, 32])
Values: Parameter containing:
tensor([[ 0.0503, -0.1642, -0.1887,  ...,  0.0360, -0.0433,  0.0672],
        [-0.2170, -0.0176, -0.0162,  ...,  0.1410, -0.0253,  0.0502],
        [ 0.1495, -0.0476, -0.0388,  ..., -0.1434, -0.0005,  0.1866],
        ...,
        [ 0.1562,  0.0513,  0.2246,  ...,  0.1116, -0.1731,  0.2444],
        [-0.0108, -0.1446, -0.0384,  ...,  0.2472,  0.2218, -0.1752],
        [ 0.0010, -0.1148,  0.1337,  ...,  0.2276,  0.1323, -0.0443]],
       device='cuda:0', requires_grad=True)

Parameter name: linear_1.bias
Shape: torch.Size([32])
Values: Parameter containing:
tensor([ 0.1008,  0.1499, -0.0479, -0.1052, -0.1024, -0.1795, -0.0700, -0.0214,
         0.1470, -0.1765,  0.1396, -0.1319,  0.2039,  0.0997, -0.1032,  0.1305,
        -0.1330, -0.1840,  0.0814,  0.0128, -0.0198,  0.0749, -0.2073,  0.2240,
        -0.0420, -0.0142,  0.0756, -0.0470, -0.1573, -0.0523,  0.1296,  0.0348],
       device='cuda:0', requires_grad=True)

Parameter name: linear_2.weight
Shape: torch.Size([1, 32])
Values: Parameter containing:
tensor([[ 0.4077,  0.3325, -0.3734, -0.4035, -0.2608, -0.2540, -0.3165,  0.2884,
          0.3066, -0.3237, -0.2811,  0.2948,  0.3027,  0.2581,  0.3204,  0.3024,
         -0.3995, -0.4044,  0.2541,  0.3022, -0.3606, -0.3097, -0.4118,  0.2526,
          0.3746,  0.4247, -0.3801,  0.4005, -0.3171, -0.4054,  0.3696,  0.4087]],
       device='cuda:0', requires_grad=True)

Parameter name: linear_2.bias
Shape: torch.Size([1])
Values: Parameter containing:
tensor([0.1562], device='cuda:0', requires_grad=True)

Parameter name: road_linear_0.weight
Shape: torch.Size([32, 16])
Values: Parameter containing:
tensor([[ 1.3134e-02,  3.2377e-01,  3.1640e-01, -3.3803e-01, -4.8252e-02,
         -1.8168e-01, -8.0137e-02, -4.1974e-01, -1.8465e-01, -6.4603e-02,
          3.3284e-02,  1.8677e-01,  8.9952e-02, -4.9581e-02,  3.3591e-01,
          3.4374e-01],
        [-2.8360e-01, -3.1304e-01, -1.2836e-01,  1.3821e-02, -1.3683e-01,
          2.9540e-01,  2.0598e-01,  2.0071e-01,  4.1477e-01,  1.2443e-01,
          2.1747e-01, -2.8931e-01, -3.3934e-02, -5.4958e-02, -2.4900e-02,
         -7.1450e-02],
        [ 9.4450e-02,  2.1622e-01,  3.9170e-01, -1.2655e-01,  1.1872e-01,
         -3.7293e-01, -7.2346e-02, -4.3953e-01,  4.8079e-02, -5.7677e-02,
         -8.6311e-02, -5.1375e-02,  4.2353e-01,  3.0567e-01,  4.4429e-01,
          2.4214e-01],
        [ 2.9266e-01,  4.0627e-02,  1.0078e-01, -8.4620e-02,  7.7061e-02,
         -2.3366e-01, -1.8268e-01, -1.2614e-01, -4.1620e-01, -3.8456e-01,
         -1.0000e-01,  3.7801e-01,  3.1419e-01, -1.2546e-01,  1.5747e-01,
          1.4084e-01],
        [-1.3160e-01,  1.4912e-01, -1.9429e-01,  1.5197e-03,  8.2881e-02,
          1.4162e-01,  9.1436e-02,  3.8984e-01,  1.8229e-01,  2.8289e-01,
          2.2420e-01, -2.1476e-01, -9.4242e-02, -2.4406e-01, -1.2109e-01,
         -1.2409e-01],
        [-3.2547e-02,  1.7094e-01, -3.7912e-01,  4.1696e-01,  1.8763e-01,
          1.8551e-02,  2.9404e-01,  1.5744e-02,  2.7353e-01,  1.9836e-01,
         -1.4673e-01, -1.2128e-01, -2.8609e-01,  1.1805e-01,  3.3973e-03,
         -5.9864e-02],
        [ 3.9375e-01,  1.7423e-01,  4.2771e-01, -1.9625e-01,  1.0617e-01,
         -2.5380e-01, -2.2192e-01, -2.6744e-01, -2.6040e-01, -1.1083e-02,
         -1.2222e-02,  7.8900e-02, -3.7504e-03,  2.2844e-01,  3.3166e-03,
          1.4537e-01],
        [-4.5274e-02,  2.9134e-01,  3.7013e-01, -3.5603e-01, -1.6557e-01,
         -3.3270e-01, -1.1685e-01, -2.7101e-01, -1.8600e-01, -1.9968e-01,
         -6.6293e-02,  3.1116e-02,  2.7931e-01, -8.4399e-02,  1.7214e-01,
          3.5164e-01],
        [ 6.2834e-02,  2.7965e-01,  3.2621e-01, -2.6899e-01,  9.2019e-03,
         -3.9076e-01, -1.9930e-01, -1.4072e-01,  2.9049e-02, -3.0323e-01,
         -1.1212e-01,  9.1610e-02, -4.9159e-02,  1.4521e-01,  3.9473e-02,
          8.3124e-02],
        [-3.1608e-01, -5.8394e-02, -1.1884e-01,  4.7155e-03, -1.6413e-02,
          2.0195e-01,  8.6410e-02,  2.8733e-01,  2.8953e-01, -1.7026e-02,
          2.3304e-01, -4.3976e-02, -2.9822e-01, -8.1579e-02, -2.1626e-01,
         -1.7640e-01],
        [-3.6703e-01,  1.0038e-01, -7.1883e-02, -3.6335e-02, -1.5431e-01,
          4.5558e-01,  2.5464e-01,  1.4541e-01,  3.4390e-01,  2.2852e-01,
          6.1488e-02, -2.4448e-03, -1.9001e-01,  1.3514e-01, -4.0202e-01,
         -3.0991e-01],
        [-1.4741e-01, -1.1688e-01, -3.9850e-02,  1.0046e-01,  1.3671e-01,
          1.5747e-01,  4.0280e-01,  1.9121e-01,  1.8079e-01,  3.2705e-01,
          1.4892e-01,  3.2927e-02, -4.3409e-01, -1.9984e-01, -2.7884e-01,
         -1.8111e-01],
        [ 3.7623e-01,  1.8940e-01,  2.0110e-01, -2.0170e-01,  4.7528e-02,
         -4.0526e-02, -1.3486e-01, -3.7682e-01, -3.5797e-01, -1.0543e-01,
         -1.1387e-01,  6.5039e-02,  1.3129e-02,  2.0617e-01,  2.0209e-01,
          1.6162e-02],
        [ 2.4513e-01,  3.3173e-01,  3.9953e-01, -3.6849e-02, -2.0193e-01,
         -7.3873e-02, -8.9703e-02, -1.1793e-01, -2.3858e-01, -1.6566e-01,
         -2.1211e-01,  1.4498e-01,  1.6696e-01,  8.2240e-02, -9.1543e-03,
          2.4176e-01],
        [-3.9688e-01, -2.7754e-01, -8.6502e-02, -3.2413e-02,  2.2609e-01,
          4.4919e-01,  1.3055e-01,  1.4834e-01, -2.8552e-02,  1.6983e-01,
          1.2264e-01, -3.2768e-01, -1.1468e-01, -1.2084e-01, -2.9858e-01,
         -1.5508e-01],
        [-6.6224e-02, -1.9147e-01,  1.8572e-01,  7.6717e-02, -2.3699e-01,
         -4.3271e-02, -1.8540e-01, -3.4836e-01, -2.0559e-01, -2.3560e-03,
          1.7133e-02,  4.7360e-01,  1.7575e-01, -6.8289e-02,  4.7275e-01,
          1.6050e-02],
        [ 3.3234e-01,  2.4578e-01,  2.1372e-01, -3.5985e-01, -2.3150e-01,
         -7.3203e-02, -1.3075e-01, -3.1884e-02, -3.6659e-01, -1.6932e-01,
          1.4675e-01,  3.0210e-01,  3.7468e-01,  2.8283e-01,  1.4111e-01,
         -3.4881e-02],
        [-3.1425e-01,  4.1129e-03, -2.6112e-01,  1.4729e-01,  8.7130e-03,
          3.3766e-01,  3.1964e-01,  3.0172e-01,  1.4075e-01,  2.6963e-01,
         -4.3732e-02, -2.5814e-01, -1.9316e-01, -2.2151e-01,  3.1657e-02,
         -1.7097e-01],
        [ 2.4391e-01,  9.9792e-02,  1.6419e-01, -2.9693e-01, -2.9484e-02,
         -4.0871e-01, -3.1445e-01,  3.7543e-03, -3.9346e-01, -1.1028e-01,
         -3.4844e-02, -7.0193e-02,  2.2295e-01,  2.5090e-01,  3.7850e-01,
          1.8398e-01],
        [ 3.8641e-01,  1.1055e-01,  2.8404e-01, -9.5932e-02, -1.9115e-01,
         -2.6460e-01, -3.8180e-01,  8.1183e-03, -4.0578e-02, -2.5792e-01,
         -6.3254e-02,  2.5624e-01, -4.9019e-02,  1.0357e-01,  3.4014e-01,
          1.8708e-01],
        [-2.1281e-01,  9.9298e-02, -7.3136e-02, -4.5158e-02,  1.7413e-01,
          1.5446e-02,  3.4884e-01,  4.2734e-01,  2.1272e-01,  6.9680e-02,
         -7.3749e-02, -3.2489e-01, -2.4140e-01, -2.2372e-01,  1.3373e-02,
         -2.4599e-01],
        [-8.2203e-02, -3.1361e-01, -5.5748e-02,  3.8504e-01, -1.3140e-01,
          1.4239e-01,  2.6355e-01, -4.3513e-02,  1.5309e-02,  2.3792e-01,
          2.4830e-01, -2.6893e-01, -1.8052e-01, -3.3920e-01, -4.6653e-01,
          7.5858e-02],
        [ 3.7271e-01,  8.3295e-03,  6.0168e-02, -1.5904e-01,  1.4089e-01,
         -4.1990e-01, -3.1333e-01, -2.3121e-01, -2.3362e-01, -1.3336e-01,
          1.2448e-01,  2.0713e-01, -8.7594e-02,  3.0742e-01,  3.8621e-01,
          2.1049e-01],
        [ 2.7163e-01,  1.7804e-01,  3.5299e-01, -3.7158e-01, -1.0476e-01,
         -1.9827e-01, -2.0727e-01, -2.9004e-01, -3.4535e-01, -3.0700e-01,
         -9.9130e-02,  3.4181e-01,  2.7699e-01,  1.4398e-01,  1.2261e-02,
          2.7062e-02],
        [ 2.4000e-01, -1.6502e-01,  1.9318e-01, -1.4674e-01,  1.5855e-01,
         -3.0547e-01,  1.5256e-04, -2.3538e-01, -3.8770e-01,  6.8879e-02,
          1.7897e-01,  4.1074e-02,  8.9926e-02,  2.4540e-01,  1.1013e-01,
          3.1348e-01],
        [ 8.5836e-02, -9.1159e-03,  1.2537e-01,  4.9767e-02, -1.0457e-01,
         -2.7856e-01, -7.7400e-02, -4.0059e-01, -2.0417e-01, -3.5835e-01,
         -2.9026e-01,  1.6332e-01,  2.3626e-01,  3.5133e-01,  1.3224e-02,
          7.6179e-02],
        [ 2.2833e-01,  1.8147e-01,  3.0756e-01, -3.4461e-01, -2.2646e-02,
         -1.2202e-01, -3.7885e-01, -2.0620e-02, -3.6261e-01,  2.7847e-02,
          9.7826e-03,  7.8943e-02,  2.2356e-01,  2.9234e-01,  3.7085e-01,
          2.8738e-01],
        [-3.3726e-01, -1.3566e-02,  3.2838e-03,  2.1321e-01,  2.2329e-01,
          5.5030e-02,  3.9168e-01,  1.9813e-01, -4.8950e-02,  8.2257e-02,
          2.1287e-01, -2.8759e-01, -2.3975e-01, -1.9327e-01, -3.6146e-01,
         -9.4060e-02],
        [ 3.2014e-01,  1.2119e-01,  1.5096e-01, -1.3338e-01, -2.0213e-01,
         -3.1930e-01, -1.6956e-01, -3.6491e-01, -1.6342e-02, -9.3714e-02,
          7.5272e-03,  1.5020e-01,  3.3891e-01,  3.0686e-01,  3.0932e-01,
          2.5888e-01],
        [-2.8519e-01,  2.2049e-02, -3.3034e-01,  2.5420e-01, -2.1918e-01,
          1.7916e-01,  3.5998e-01,  3.1409e-01,  3.4646e-01,  2.1624e-01,
          1.8148e-01, -8.4188e-02,  2.6369e-02,  4.8873e-02, -1.1413e-01,
         -2.2127e-01],
        [-2.9903e-01, -1.5294e-01, -5.6347e-02,  2.2176e-02,  7.5066e-02,
          4.1570e-01,  4.0703e-01, -4.8885e-03,  2.2077e-01,  3.0277e-01,
         -1.9866e-01, -1.9929e-02, -3.1514e-01, -2.6224e-01, -3.1197e-01,
         -2.3614e-01],
        [ 8.4284e-02,  1.7898e-01,  2.7975e-01, -8.0481e-02,  1.5649e-01,
         -3.6201e-01, -4.4845e-01, -4.0639e-01, -3.0936e-01, -2.7524e-01,
          3.6457e-02,  1.0714e-02,  1.8752e-02,  2.6188e-01,  6.5937e-02,
          1.9270e-01]], device='cuda:0', requires_grad=True)

Parameter name: road_linear_0.bias
Shape: torch.Size([32])
Values: Parameter containing:
tensor([-8.5065e-02, -7.1632e-02,  1.9981e-01, -1.3886e-02, -1.0793e-01,
        -6.0802e-02,  8.8606e-02,  7.6118e-02, -1.7380e-02, -7.4131e-02,
        -4.2391e-02,  4.2213e-02,  1.4538e-01,  1.1362e-01, -2.9664e-02,
        -5.5559e-03, -1.2313e-01,  7.6791e-03,  1.3148e-01,  2.8628e-02,
        -3.0298e-02, -1.8809e-01, -1.6566e-04, -3.8955e-02, -9.9759e-03,
         2.4435e-01,  1.3836e-01,  4.8203e-03, -3.7084e-02, -1.6052e-01,
        -1.1934e-03,  4.5267e-02], device='cuda:0', requires_grad=True)

Parameter name: road_linear_1.weight
Shape: torch.Size([1, 32])
Values: Parameter containing:
tensor([[-0.2095,  0.3052, -0.2279, -0.2607,  0.3072,  0.3459, -0.2764, -0.3767,
         -0.3003,  0.3411,  0.2664,  0.3830, -0.2504, -0.3792,  0.3030, -0.2174,
         -0.3003,  0.3387, -0.2292, -0.2424,  0.3861,  0.3592, -0.3751, -0.3780,
         -0.2950, -0.3282, -0.3190,  0.3564, -0.3682,  0.3844,  0.2999, -0.2378]],
       device='cuda:0', requires_grad=True)

Parameter name: linear_0.weight
Shape: torch.Size([32, 39])
Values: Parameter containing:
tensor([[-0.0083,  0.0011,  0.0249,  ...,  0.2104, -0.3707, -0.1137],
        [-0.0788, -0.1851,  0.0817,  ...,  0.1470, -0.3418,  0.0871],
        [-0.0571,  0.1528,  0.0927,  ...,  0.0081,  0.2523,  0.0345],
        ...,
        [ 0.0446, -0.1516,  0.0118,  ...,  0.0689, -0.2998, -0.1180],
        [ 0.0305, -0.0762,  0.0091,  ..., -0.3067,  0.1398,  0.1557],
        [-0.0877,  0.1570,  0.0134,  ..., -0.1744,  0.0848, -0.0509]],
       device='cuda:0', requires_grad=True)

Parameter name: linear_0.bias
Shape: torch.Size([32])
Values: Parameter containing:
tensor([ 0.0511,  0.0546, -0.0938, -0.1202, -0.0570,  0.0459, -0.1299,  0.0622,
        -0.0460,  0.0927,  0.0343,  0.0069,  0.0094,  0.0630, -0.0784, -0.0201,
         0.0463, -0.1417, -0.0325, -0.0146, -0.1084,  0.0496,  0.0815, -0.0069,
        -0.0851,  0.0672,  0.0242, -0.0957,  0.0642,  0.1476,  0.1344, -0.0663],
       device='cuda:0', requires_grad=True)

Parameter name: linear_1.weight
Shape: torch.Size([32, 32])
Values: Parameter containing:
tensor([[ 0.0290, -0.2022, -0.0750,  ..., -0.1503, -0.0077,  0.2695],
        [-0.2469, -0.0497,  0.1087,  ..., -0.0806,  0.0036,  0.2767],
        [ 0.1732, -0.0135, -0.1823,  ...,  0.0918, -0.0313, -0.0752],
        ...,
        [ 0.1611,  0.1173,  0.0761,  ...,  0.2736, -0.2310,  0.0491],
        [-0.0627, -0.1803,  0.0829,  ..., -0.0073,  0.2568,  0.0936],
        [-0.0276, -0.1268,  0.2160,  ...,  0.0410,  0.1476,  0.1374]],
       device='cuda:0', requires_grad=True)

Parameter name: linear_1.bias
Shape: torch.Size([32])
Values: Parameter containing:
tensor([ 0.0886,  0.1239, -0.0365, -0.0559, -0.0319, -0.0360, -0.0329, -0.0627,
         0.1103, -0.1770,  0.1226, -0.1329,  0.1650, -0.0189, -0.1430,  0.1067,
        -0.1280, -0.1546,  0.0137, -0.0299,  0.0081,  0.1078, -0.1909,  0.2034,
        -0.0684, -0.0281,  0.0878, -0.0354, -0.1126, -0.0609,  0.1129,  0.0020],
       device='cuda:0', requires_grad=True)

Parameter name: linear_2.weight
Shape: torch.Size([1, 32])
Values: Parameter containing:
tensor([[ 0.5629,  0.4874, -0.5667, -0.5686,  0.4143,  0.4231, -0.4704,  0.4799,
          0.4783, -0.5027, -0.4922,  0.4525,  0.4747, -0.4162,  0.4959,  0.4450,
         -0.5734, -0.5642,  0.4412,  0.4590, -0.5275, -0.5003, -0.5635,  0.3984,
          0.5383,  0.5637, -0.5385,  0.6070, -0.4739, -0.5554,  0.5413,  0.5548]],
       device='cuda:0', requires_grad=True)

Parameter name: linear_2.bias
Shape: torch.Size([1])
Values: Parameter containing:
tensor([0.2803], device='cuda:0', requires_grad=True)

Parameter name: road_linear_0.weight
Shape: torch.Size([32, 16])
Values: Parameter containing:
tensor([[ 1.3133e-02,  3.2376e-01,  3.1640e-01, -3.3803e-01, -4.8261e-02,
         -1.8168e-01, -8.0136e-02, -4.1975e-01, -1.8465e-01, -6.4597e-02,
          3.3287e-02,  1.8678e-01,  8.9960e-02, -4.9586e-02,  3.3592e-01,
          3.4373e-01],
        [-2.8360e-01, -3.1304e-01, -1.2835e-01,  1.3818e-02, -1.3683e-01,
          2.9540e-01,  2.0598e-01,  2.0071e-01,  4.1477e-01,  1.2442e-01,
          2.1747e-01, -2.8931e-01, -3.3942e-02, -5.4953e-02, -2.4904e-02,
         -7.1444e-02],
        [ 9.4449e-02,  2.1621e-01,  3.9170e-01, -1.2655e-01,  1.1872e-01,
         -3.7293e-01, -7.2345e-02, -4.3954e-01,  4.8078e-02, -5.7671e-02,
         -8.6308e-02, -5.1370e-02,  4.2354e-01,  3.0566e-01,  4.4429e-01,
          2.4213e-01],
        [ 2.9266e-01,  4.0617e-02,  1.0078e-01, -8.4617e-02,  7.7053e-02,
         -2.3366e-01, -1.8268e-01, -1.2615e-01, -4.1620e-01, -3.8456e-01,
         -1.0000e-01,  3.7802e-01,  3.1420e-01, -1.2546e-01,  1.5747e-01,
          1.4083e-01],
        [-1.3160e-01,  1.4913e-01, -1.9429e-01,  1.5169e-03,  8.2892e-02,
          1.4162e-01,  9.1436e-02,  3.8985e-01,  1.8230e-01,  2.8288e-01,
          2.2419e-01, -2.1477e-01, -9.4250e-02, -2.4405e-01, -1.2109e-01,
         -1.2408e-01],
        [-3.2546e-02,  1.7095e-01, -3.7911e-01,  4.1695e-01,  1.8764e-01,
          1.8552e-02,  2.9404e-01,  1.5752e-02,  2.7353e-01,  1.9836e-01,
         -1.4674e-01, -1.2129e-01, -2.8610e-01,  1.1805e-01,  3.3936e-03,
         -5.9857e-02],
        [ 3.9375e-01,  1.7422e-01,  4.2771e-01, -1.9625e-01,  1.0616e-01,
         -2.5380e-01, -2.2192e-01, -2.6745e-01, -2.6040e-01, -1.1078e-02,
         -1.2219e-02,  7.8905e-02, -3.7429e-03,  2.2843e-01,  3.3201e-03,
          1.4537e-01],
        [-4.5275e-02,  2.9133e-01,  3.7013e-01, -3.5603e-01, -1.6557e-01,
         -3.3269e-01, -1.1685e-01, -2.7102e-01, -1.8600e-01, -1.9968e-01,
         -6.6290e-02,  3.1120e-02,  2.7932e-01, -8.4403e-02,  1.7214e-01,
          3.5163e-01],
        [ 6.2833e-02,  2.7964e-01,  3.2621e-01, -2.6899e-01,  9.1946e-03,
         -3.9076e-01, -1.9930e-01, -1.4073e-01,  2.9048e-02, -3.0322e-01,
         -1.1212e-01,  9.1615e-02, -4.9151e-02,  1.4521e-01,  3.9477e-02,
          8.3118e-02],
        [-3.1608e-01, -5.8384e-02, -1.1883e-01,  4.7130e-03, -1.6403e-02,
          2.0195e-01,  8.6410e-02,  2.8733e-01,  2.8953e-01, -1.7032e-02,
          2.3303e-01, -4.3982e-02, -2.9823e-01, -8.1574e-02, -2.1627e-01,
         -1.7640e-01],
        [-3.6703e-01,  1.0039e-01, -7.1878e-02, -3.6338e-02, -1.5430e-01,
          4.5558e-01,  2.5464e-01,  1.4542e-01,  3.4390e-01,  2.2851e-01,
          6.1485e-02, -2.4502e-03, -1.9002e-01,  1.3515e-01, -4.0202e-01,
         -3.0990e-01],
        [-1.4741e-01, -1.1687e-01, -3.9846e-02,  1.0045e-01,  1.3672e-01,
          1.5747e-01,  4.0280e-01,  1.9122e-01,  1.8080e-01,  3.2704e-01,
          1.4891e-01,  3.2922e-02, -4.3410e-01, -1.9984e-01, -2.7884e-01,
         -1.8110e-01],
        [ 3.7623e-01,  1.8939e-01,  2.0109e-01, -2.0170e-01,  4.7518e-02,
         -4.0525e-02, -1.3486e-01, -3.7683e-01, -3.5797e-01, -1.0542e-01,
         -1.1387e-01,  6.5046e-02,  1.3137e-02,  2.0617e-01,  2.0209e-01,
          1.6153e-02],
        [ 2.4513e-01,  3.3172e-01,  3.9952e-01, -3.6847e-02, -2.0193e-01,
         -7.3874e-02, -8.9703e-02, -1.1794e-01, -2.3858e-01, -1.6566e-01,
         -2.1211e-01,  1.4499e-01,  1.6697e-01,  8.2236e-02, -9.1511e-03,
          2.4175e-01],
        [-3.9688e-01, -2.7753e-01, -8.6499e-02, -3.2416e-02,  2.2609e-01,
          4.4919e-01,  1.3055e-01,  1.4835e-01, -2.8551e-02,  1.6983e-01,
          1.2263e-01, -3.2769e-01, -1.1469e-01, -1.2084e-01, -2.9858e-01,
         -1.5508e-01],
        [-6.6225e-02, -1.9148e-01,  1.8572e-01,  7.6719e-02, -2.3700e-01,
         -4.3271e-02, -1.8540e-01, -3.4837e-01, -2.0559e-01, -2.3495e-03,
          1.7135e-02,  4.7361e-01,  1.7576e-01, -6.8293e-02,  4.7276e-01,
          1.6042e-02],
        [ 3.3234e-01,  2.4577e-01,  2.1371e-01, -3.5984e-01, -2.3151e-01,
         -7.3203e-02, -1.3075e-01, -3.1891e-02, -3.6659e-01, -1.6931e-01,
          1.4675e-01,  3.0210e-01,  3.7469e-01,  2.8283e-01,  1.4111e-01,
         -3.4887e-02],
        [-3.1425e-01,  4.1214e-03, -2.6111e-01,  1.4729e-01,  8.7202e-03,
          3.3766e-01,  3.1964e-01,  3.0172e-01,  1.4075e-01,  2.6962e-01,
         -4.3735e-02, -2.5814e-01, -1.9317e-01, -2.2151e-01,  3.1654e-02,
         -1.7096e-01],
        [ 2.4390e-01,  9.9782e-02,  1.6418e-01, -2.9693e-01, -2.9491e-02,
         -4.0871e-01, -3.1445e-01,  3.7476e-03, -3.9346e-01, -1.1028e-01,
         -3.4842e-02, -7.0188e-02,  2.2296e-01,  2.5090e-01,  3.7851e-01,
          1.8397e-01],
        [ 3.8641e-01,  1.1054e-01,  2.8403e-01, -9.5930e-02, -1.9116e-01,
         -2.6460e-01, -3.8180e-01,  8.1117e-03, -4.0579e-02, -2.5792e-01,
         -6.3252e-02,  2.5625e-01, -4.9011e-02,  1.0357e-01,  3.4015e-01,
          1.8707e-01],
        [-2.1281e-01,  9.9306e-02, -7.3132e-02, -4.5160e-02,  1.7414e-01,
          1.5446e-02,  3.4884e-01,  4.2735e-01,  2.1272e-01,  6.9675e-02,
         -7.3752e-02, -3.2490e-01, -2.4141e-01, -2.2372e-01,  1.3369e-02,
         -2.4599e-01],
        [-8.2202e-02, -3.1360e-01, -5.5744e-02,  3.8504e-01, -1.3139e-01,
          1.4239e-01,  2.6355e-01, -4.3507e-02,  1.5311e-02,  2.3792e-01,
          2.4830e-01, -2.6893e-01, -1.8053e-01, -3.3920e-01, -4.6653e-01,
          7.5864e-02],
        [ 3.7271e-01,  8.3211e-03,  6.0165e-02, -1.5904e-01,  1.4088e-01,
         -4.1990e-01, -3.1333e-01, -2.3122e-01, -2.3363e-01, -1.3336e-01,
          1.2448e-01,  2.0713e-01, -8.7586e-02,  3.0742e-01,  3.8621e-01,
          2.1048e-01],
        [ 2.7163e-01,  1.7803e-01,  3.5299e-01, -3.7158e-01, -1.0476e-01,
         -1.9827e-01, -2.0727e-01, -2.9005e-01, -3.4535e-01, -3.0700e-01,
         -9.9127e-02,  3.4182e-01,  2.7699e-01,  1.4398e-01,  1.2264e-02,
          2.7057e-02],
        [ 2.4000e-01, -1.6503e-01,  1.9317e-01, -1.4673e-01,  1.5854e-01,
         -3.0547e-01,  1.5277e-04, -2.3539e-01, -3.8770e-01,  6.8885e-02,
          1.7897e-01,  4.1081e-02,  8.9934e-02,  2.4539e-01,  1.1014e-01,
          3.1347e-01],
        [ 8.5835e-02, -9.1256e-03,  1.2536e-01,  4.9770e-02, -1.0458e-01,
         -2.7856e-01, -7.7399e-02, -4.0060e-01, -2.0417e-01, -3.5834e-01,
         -2.9025e-01,  1.6333e-01,  2.3627e-01,  3.5132e-01,  1.3228e-02,
          7.6172e-02],
        [ 2.2833e-01,  1.8146e-01,  3.0755e-01, -3.4461e-01, -2.2652e-02,
         -1.2202e-01, -3.7884e-01, -2.0626e-02, -3.6261e-01,  2.7852e-02,
          9.7851e-03,  7.8947e-02,  2.2356e-01,  2.9234e-01,  3.7086e-01,
          2.8737e-01],
        [-3.3726e-01, -1.3556e-02,  3.2882e-03,  2.1321e-01,  2.2329e-01,
          5.5030e-02,  3.9168e-01,  1.9814e-01, -4.8948e-02,  8.2251e-02,
          2.1287e-01, -2.8760e-01, -2.3975e-01, -1.9327e-01, -3.6146e-01,
         -9.4053e-02],
        [ 3.2014e-01,  1.2118e-01,  1.5096e-01, -1.3338e-01, -2.0214e-01,
         -3.1930e-01, -1.6955e-01, -3.6491e-01, -1.6344e-02, -9.3710e-02,
          7.5300e-03,  1.5021e-01,  3.3892e-01,  3.0686e-01,  3.0933e-01,
          2.5888e-01],
        [-2.8519e-01,  2.2057e-02, -3.3034e-01,  2.5420e-01, -2.1917e-01,
          1.7916e-01,  3.5998e-01,  3.1410e-01,  3.4646e-01,  2.1624e-01,
          1.8148e-01, -8.4192e-02,  2.6362e-02,  4.8877e-02, -1.1414e-01,
         -2.2127e-01],
        [-2.9903e-01, -1.5293e-01, -5.6343e-02,  2.2173e-02,  7.5074e-02,
          4.1570e-01,  4.0703e-01, -4.8820e-03,  2.2077e-01,  3.0277e-01,
         -1.9866e-01, -1.9934e-02, -3.1515e-01, -2.6224e-01, -3.1198e-01,
         -2.3614e-01],
        [ 8.4283e-02,  1.7897e-01,  2.7974e-01, -8.0479e-02,  1.5648e-01,
         -3.6201e-01, -4.4845e-01, -4.0640e-01, -3.0936e-01, -2.7524e-01,
          3.6460e-02,  1.0720e-02,  1.8760e-02,  2.6187e-01,  6.5941e-02,
          1.9270e-01]], device='cuda:0', requires_grad=True)

Parameter name: road_linear_0.bias
Shape: torch.Size([32])
Values: Parameter containing:
tensor([-8.5067e-02, -7.1630e-02,  1.9981e-01, -1.3888e-02, -1.0793e-01,
        -6.0801e-02,  8.8606e-02,  7.6117e-02, -1.7383e-02, -7.4129e-02,
        -4.2390e-02,  4.2214e-02,  1.4538e-01,  1.1362e-01, -2.9663e-02,
        -5.5742e-03, -1.2313e-01,  7.6804e-03,  1.3148e-01,  2.8627e-02,
        -3.0292e-02, -1.8809e-01, -1.6743e-04, -3.8957e-02, -9.9768e-03,
         2.4435e-01,  1.3836e-01,  4.8220e-03, -3.7086e-02, -1.6051e-01,
        -1.1920e-03,  4.5266e-02], device='cuda:0', requires_grad=True)

Parameter name: road_linear_1.weight
Shape: torch.Size([1, 32])
Values: Parameter containing:
tensor([[-0.2095,  0.3052, -0.2279, -0.2607,  0.3072,  0.3459, -0.2764, -0.3767,
         -0.3003,  0.3411,  0.2664,  0.3830, -0.2504, -0.3792,  0.3030, -0.2175,
         -0.3003,  0.3387, -0.2292, -0.2424,  0.3861,  0.3592, -0.3751, -0.3780,
         -0.2950, -0.3282, -0.3190,  0.3564, -0.3682,  0.3844,  0.2999, -0.2378]],
       device='cuda:0', requires_grad=True)

Parameter name: linear_0.weight
Shape: torch.Size([32, 39])
Values: Parameter containing:
tensor([[-0.0083,  0.0011,  0.0249,  ...,  0.2104, -0.3707, -0.1137],
        [-0.0788, -0.1851,  0.0817,  ...,  0.1470, -0.3418,  0.0871],
        [-0.0571,  0.1528,  0.0927,  ...,  0.0081,  0.2523,  0.0345],
        ...,
        [ 0.0446, -0.1516,  0.0118,  ...,  0.0689, -0.2998, -0.1180],
        [ 0.0305, -0.0762,  0.0091,  ..., -0.3067,  0.1398,  0.1557],
        [-0.0877,  0.1570,  0.0134,  ..., -0.1744,  0.0848, -0.0509]],
       device='cuda:0', requires_grad=True)

Parameter name: linear_0.bias
Shape: torch.Size([32])
Values: Parameter containing:
tensor([ 0.0511,  0.0546, -0.0938, -0.1202, -0.0570,  0.0459, -0.1299,  0.0622,
        -0.0460,  0.0927,  0.0343,  0.0069,  0.0094,  0.0630, -0.0784, -0.0201,
         0.0463, -0.1417, -0.0325, -0.0146, -0.1084,  0.0496,  0.0815, -0.0069,
        -0.0851,  0.0672,  0.0242, -0.0957,  0.0642,  0.1476,  0.1344, -0.0663],
       device='cuda:0', requires_grad=True)

Parameter name: linear_1.weight
Shape: torch.Size([32, 32])
Values: Parameter containing:
tensor([[ 0.0290, -0.2022, -0.0750,  ..., -0.1503, -0.0077,  0.2695],
        [-0.2469, -0.0497,  0.1087,  ..., -0.0806,  0.0036,  0.2767],
        [ 0.1732, -0.0135, -0.1823,  ...,  0.0918, -0.0313, -0.0752],
        ...,
        [ 0.1611,  0.1173,  0.0761,  ...,  0.2736, -0.2310,  0.0491],
        [-0.0627, -0.1803,  0.0829,  ..., -0.0073,  0.2568,  0.0936],
        [-0.0276, -0.1268,  0.2160,  ...,  0.0410,  0.1476,  0.1374]],
       device='cuda:0', requires_grad=True)

Parameter name: linear_1.bias
Shape: torch.Size([32])
Values: Parameter containing:
tensor([ 0.0886,  0.1239, -0.0365, -0.0559, -0.0319, -0.0360, -0.0329, -0.0627,
         0.1103, -0.1770,  0.1226, -0.1329,  0.1650, -0.0189, -0.1430,  0.1067,
        -0.1280, -0.1546,  0.0137, -0.0299,  0.0081,  0.1078, -0.1909,  0.2034,
        -0.0684, -0.0281,  0.0878, -0.0354, -0.1126, -0.0609,  0.1129,  0.0020],
       device='cuda:0', requires_grad=True)

Parameter name: linear_2.weight
Shape: torch.Size([1, 32])
Values: Parameter containing:
tensor([[ 0.5629,  0.4874, -0.5667, -0.5686,  0.4143,  0.4231, -0.4704,  0.4799,
          0.4783, -0.5027, -0.4922,  0.4525,  0.4747, -0.4162,  0.4959,  0.4450,
         -0.5734, -0.5642,  0.4412,  0.4590, -0.5275, -0.5003, -0.5635,  0.3984,
          0.5383,  0.5637, -0.5385,  0.6070, -0.4739, -0.5554,  0.5413,  0.5548]],
       device='cuda:0', requires_grad=True)

Parameter name: linear_2.bias
Shape: torch.Size([1])
Values: Parameter containing:
tensor([0.2803], device='cuda:0', requires_grad=True)

Parameter name: road_linear_0.weight
Shape: torch.Size([32, 16])
Values: Parameter containing:
tensor([[-4.9494e-04,  3.3270e-01,  3.1056e-01, -2.9414e-01, -3.6629e-01,
         -2.0879e-01, -9.6689e-02, -5.1091e-01, -2.7399e-01, -7.6984e-02,
         -1.3285e-02,  2.6469e-01,  1.1958e-01, -4.0839e-02,  6.0757e-02,
          3.5284e-01],
        [-2.5539e-01, -3.1482e-01, -1.0854e-01, -2.6700e-02,  1.0563e-01,
          2.9070e-01,  2.0209e-01,  2.5400e-01,  4.7162e-01,  1.4589e-01,
          2.7386e-01, -3.2535e-01, -3.3740e-02, -7.1074e-02,  2.3176e-01,
         -7.1771e-02],
        [ 8.0073e-02,  2.2135e-01,  3.8189e-01, -8.9863e-02, -2.2264e-01,
         -3.8544e-01, -8.4571e-02, -5.2735e-01, -4.8162e-02, -7.4143e-02,
         -1.2557e-01,  7.4490e-03,  4.4438e-01,  3.5438e-01,  1.7614e-01,
          2.4986e-01],
        [ 2.7614e-01,  4.8607e-02,  9.1308e-02, -5.2880e-02, -1.9170e-01,
         -2.4220e-01, -1.9313e-01, -2.0234e-01, -5.0495e-01, -4.1686e-01,
         -1.0687e-01,  4.3661e-01,  3.1799e-01, -8.5568e-02, -9.5665e-02,
          1.4746e-01],
        [-9.4940e-02,  1.1274e-01, -1.7308e-01, -5.0285e-02,  3.0401e-01,
          1.3040e-01,  8.0443e-02,  4.2744e-01,  2.2403e-01,  3.0695e-01,
          3.0573e-01, -2.2945e-01, -8.7222e-02, -2.6680e-01,  1.6264e-01,
         -1.4398e-01],
        [-1.1029e-02,  1.5000e-01, -3.6723e-01,  3.8434e-01,  4.7778e-01,
          2.0921e-02,  3.0077e-01,  7.0226e-02,  3.3235e-01,  2.2768e-01,
         -1.0520e-01, -1.5477e-01, -2.8524e-01,  9.8178e-02,  2.8287e-01,
         -7.1076e-02],
        [ 3.7853e-01,  9.5207e-02,  4.1757e-01, -1.7106e-01, -1.8361e-01,
         -2.5701e-01, -2.1954e-01, -3.3575e-01, -3.3662e-01, -4.1788e-02,
         -4.5521e-02,  1.2938e-01, -2.5359e-02,  2.6159e-01, -1.5879e-01,
          1.5135e-01],
        [-5.7829e-02,  2.4716e-01,  3.6164e-01, -3.3943e-01, -4.4099e-01,
         -3.3205e-01, -1.1569e-01, -3.4096e-01, -2.6014e-01, -2.2691e-01,
         -9.2070e-02,  8.2233e-02,  2.7593e-01, -5.7448e-02,  3.0736e-02,
          3.5288e-01],
        [ 4.5769e-02,  2.8673e-01,  3.1664e-01, -2.3209e-01, -1.7892e-01,
         -3.9725e-01, -2.0979e-01, -1.9999e-01, -3.7749e-02, -3.3526e-01,
         -2.5031e-01,  1.2719e-01, -1.8100e-02,  2.0433e-01, -2.2353e-01,
          9.3426e-02],
        [-2.9327e-01, -8.0828e-02, -1.0683e-01, -3.2817e-02,  2.1648e-01,
          2.0678e-01,  9.3898e-02,  3.4767e-01,  3.5424e-01,  1.6129e-02,
          3.1791e-01, -7.8839e-02, -3.1445e-01, -1.1747e-01,  6.4946e-02,
         -1.9224e-01],
        [-3.6352e-01,  7.1204e-02, -7.4586e-02, -5.1114e-02,  1.0282e-01,
          4.7831e-01,  2.7645e-01,  2.3381e-01,  4.3884e-01,  2.7408e-01,
          1.2075e-01, -7.0687e-02, -1.9896e-01,  7.7022e-02, -1.0666e-01,
         -3.2958e-01],
        [-1.3316e-01, -1.4051e-01, -3.5667e-02,  7.4741e-02,  2.9749e-01,
          1.6869e-01,  4.1180e-01,  2.5353e-01,  2.4530e-01,  3.6934e-01,
          2.3658e-01, -6.6209e-03, -4.1987e-01, -2.7793e-01, -3.9791e-02,
         -2.0257e-01],
        [ 3.4067e-01,  2.1888e-01,  1.7696e-01, -1.5032e-01, -2.9642e-01,
         -4.5240e-02, -1.4236e-01, -4.7544e-01, -4.3001e-01, -1.3056e-01,
         -1.4827e-01,  1.2725e-01,  3.8428e-03,  2.1117e-01, -1.3927e-01,
          2.6387e-02],
        [ 2.1676e-01,  3.1400e-01,  3.7874e-01, -1.9031e-04, -4.2748e-01,
         -6.4027e-02, -7.8643e-02, -1.5969e-01, -2.8750e-01, -1.8351e-01,
         -2.6237e-01,  1.7038e-01,  1.5925e-01,  9.9058e-02, -2.2478e-01,
          2.3854e-01],
        [-3.7955e-01, -2.7429e-01, -7.4777e-02, -6.0108e-02,  4.9383e-01,
          4.5149e-01,  1.3445e-01,  2.1460e-01,  4.3523e-02,  1.9717e-01,
          1.7279e-01, -3.7425e-01, -1.2190e-01, -1.4966e-01, -7.9499e-02,
         -1.5875e-01],
        [-7.9925e-02, -1.1045e-01,  1.9516e-01,  1.2160e-01, -5.0353e-01,
         -9.1290e-02, -2.4111e-01, -4.6497e-01, -3.1325e-01, -7.2785e-02,
         -1.0583e-01,  5.0169e-01,  2.2073e-01,  8.9298e-03,  1.8535e-01,
          5.3626e-02],
        [ 3.2225e-01,  2.4914e-01,  2.1029e-01, -3.4040e-01, -4.8453e-01,
         -8.3311e-02, -1.4148e-01, -9.6152e-02, -4.4430e-01, -2.0735e-01,
          1.1085e-01,  3.5561e-01,  3.9819e-01,  3.2524e-01, -4.2100e-02,
         -2.5825e-02],
        [-2.9939e-01,  1.2367e-02, -2.5191e-01,  1.2773e-01,  2.4450e-01,
          3.3470e-01,  3.1747e-01,  3.5477e-01,  2.0795e-01,  2.9778e-01,
         -1.2450e-02, -2.9845e-01, -1.8891e-01, -2.5929e-01,  1.7992e-01,
         -1.7461e-01],
        [ 2.1738e-01,  8.9668e-02,  1.4080e-01, -2.4658e-01, -3.6476e-01,
         -4.1400e-01, -3.2082e-01, -8.4386e-02, -4.9511e-01, -1.1174e-01,
         -9.4456e-02, -1.3241e-02,  2.6829e-01,  3.0450e-01,  1.3138e-01,
          1.7208e-01],
        [ 3.7965e-01,  1.1265e-01,  2.8132e-01, -7.3785e-02, -4.5050e-01,
         -2.7979e-01, -3.9850e-01, -7.7209e-02, -1.3264e-01, -2.9497e-01,
         -1.3650e-01,  3.1979e-01, -2.1080e-02,  1.5154e-01,  1.2858e-01,
          1.9703e-01],
        [-1.8197e-01,  7.7904e-02, -5.2703e-02, -8.5859e-02,  3.9172e-01,
         -8.1458e-04,  3.3691e-01,  4.4565e-01,  2.3898e-01,  8.4853e-02,
         -2.3285e-02, -3.2636e-01, -2.2231e-01, -2.3434e-01,  2.6803e-01,
         -2.5141e-01],
        [-8.0888e-02, -3.1341e-01, -5.9188e-02,  3.6612e-01,  1.1018e-01,
          1.6724e-01,  2.9851e-01,  4.5663e-02,  1.0789e-01,  2.8604e-01,
          3.7436e-01, -3.2914e-01, -2.4092e-01, -4.0532e-01, -1.9845e-01,
          5.6801e-02],
        [ 3.7240e-01,  1.3103e-02,  6.3645e-02, -1.5206e-01, -1.1232e-01,
         -4.3682e-01, -3.3285e-01, -3.1065e-01, -3.2248e-01, -1.7511e-01,
          7.6600e-02,  2.6903e-01, -5.6913e-02,  3.5843e-01,  2.1511e-01,
          2.2308e-01],
        [ 2.6149e-01,  1.8418e-01,  3.4790e-01, -3.5978e-01, -3.2976e-01,
         -1.9675e-01, -2.0999e-01, -3.5387e-01, -4.1861e-01, -3.3628e-01,
         -8.6778e-02,  3.9071e-01,  2.7226e-01,  1.7739e-01, -1.2368e-01,
          2.7261e-02],
        [ 2.1788e-01, -1.3579e-01,  1.8315e-01, -1.0498e-01, -7.9265e-02,
         -3.1320e-01, -5.8587e-03, -2.8520e-01, -4.5429e-01,  3.0308e-02,
          8.5185e-02,  7.8072e-02,  1.0920e-01,  2.8518e-01, -2.0053e-01,
          3.3788e-01],
        [ 4.3134e-02,  4.5660e-03,  9.3385e-02,  9.9744e-02, -3.4460e-01,
         -2.5019e-01, -5.0489e-02, -4.1871e-01, -2.2707e-01, -3.6554e-01,
         -3.4335e-01,  1.6506e-01,  2.0631e-01,  3.4878e-01, -2.5297e-01,
          7.6089e-02],
        [ 2.2805e-01,  1.7648e-01,  3.1049e-01, -3.3756e-01, -2.8840e-01,
         -1.3811e-01, -3.9629e-01, -1.0489e-01, -4.5491e-01, -1.2957e-02,
         -3.0861e-02,  1.4442e-01,  2.5171e-01,  3.3865e-01,  2.1496e-01,
          2.9819e-01],
        [-3.2340e-01, -3.0744e-02,  8.0603e-03,  1.8791e-01,  4.3880e-01,
          6.9368e-02,  4.0580e-01,  2.7366e-01,  2.5793e-02,  1.2263e-01,
          2.8025e-01, -3.3839e-01, -2.5569e-01, -2.4131e-01, -1.2364e-01,
         -1.1118e-01],
        [ 3.1010e-01,  1.4568e-01,  1.4715e-01, -1.1906e-01, -4.1628e-01,
         -3.2814e-01, -1.8111e-01, -4.3023e-01, -8.9359e-02, -1.2818e-01,
          8.1702e-03,  2.0174e-01,  3.2386e-01,  3.5271e-01,  9.9112e-02,
          2.6749e-01],
        [-2.7803e-01,  4.1406e-02, -3.2692e-01,  2.4239e-01,  3.2328e-02,
          1.8360e-01,  3.6673e-01,  3.8324e-01,  4.2308e-01,  2.4878e-01,
          2.2761e-01, -1.3518e-01,  1.7924e-02,  1.0082e-02,  3.3458e-02,
         -2.2927e-01],
        [-2.9292e-01, -1.6414e-01, -5.5392e-02,  5.7402e-03,  3.1974e-01,
          4.3038e-01,  4.2102e-01,  6.8101e-02,  3.0489e-01,  3.4278e-01,
         -1.4052e-01, -7.6581e-02, -3.4081e-01, -3.1690e-01, -1.0898e-01,
         -2.4837e-01],
        [ 6.0757e-02,  1.5368e-01,  2.6157e-01, -3.1379e-02, -1.2130e-01,
         -3.6296e-01, -4.4463e-01, -4.7546e-01, -3.9329e-01, -2.8435e-01,
         -2.0704e-02,  5.6705e-02,  2.2480e-02,  3.0839e-01, -1.3962e-01,
          1.9058e-01]], device='cuda:0', requires_grad=True)

Parameter name: road_linear_0.bias
Shape: torch.Size([32])
Values: Parameter containing:
tensor([-0.0482, -0.0160,  0.1131, -0.0342, -0.0736, -0.1075,  0.0750,  0.0857,
        -0.0193, -0.0711, -0.0139,  0.0556,  0.1566,  0.0827,  0.0132, -0.0328,
        -0.0521, -0.0020,  0.0956,  0.0076, -0.0564, -0.1428, -0.0246, -0.0071,
         0.0103,  0.1723,  0.1201,  0.0080, -0.0635, -0.1446,  0.0295, -0.0452],
       device='cuda:0', requires_grad=True)

Parameter name: road_linear_1.weight
Shape: torch.Size([1, 32])
Values: Parameter containing:
tensor([[-0.2511,  0.3396, -0.2447, -0.2800,  0.3495,  0.3878, -0.2956, -0.3983,
         -0.3273,  0.3730,  0.2829,  0.3928, -0.2888, -0.4137,  0.3220, -0.3419,
         -0.3369,  0.3450, -0.2462, -0.2645,  0.4274,  0.3282, -0.3868, -0.3905,
         -0.3564, -0.3625, -0.3265,  0.3745, -0.3758,  0.3956,  0.3054, -0.2524]],
       device='cuda:0', requires_grad=True)

Parameter name: linear_0.weight
Shape: torch.Size([32, 39])
Values: Parameter containing:
tensor([[-0.0086, -0.0061,  0.0441,  ...,  0.2365, -0.3780, -0.1137],
        [-0.0818, -0.1898,  0.0888,  ...,  0.1475, -0.3604,  0.0871],
        [-0.0446,  0.1740,  0.0720,  ..., -0.0054,  0.2844,  0.0345],
        ...,
        [ 0.0304, -0.1885,  0.0432,  ...,  0.0665, -0.3106, -0.1180],
        [ 0.0455, -0.0524, -0.0195,  ..., -0.3053,  0.1653,  0.1557],
        [-0.2013,  0.0509,  0.0039,  ...,  0.0409, -0.2588, -0.0509]],
       device='cuda:0', requires_grad=True)

Parameter name: linear_0.bias
Shape: torch.Size([32])
Values: Parameter containing:
tensor([ 0.0563,  0.0561, -0.0868, -0.1203, -0.0587,  0.0536, -0.1268,  0.0597,
        -0.0481,  0.0815,  0.0302,  0.0106,  0.0270,  0.0744, -0.0770, -0.0175,
         0.0479, -0.1508, -0.0303, -0.0247, -0.0741,  0.0475,  0.0895, -0.0059,
        -0.0879,  0.0877,  0.0328, -0.0876,  0.0482,  0.1377,  0.1478, -0.1071],
       device='cuda:0', requires_grad=True)

Parameter name: linear_1.weight
Shape: torch.Size([32, 32])
Values: Parameter containing:
tensor([[ 0.0238, -0.1900, -0.0814,  ..., -0.1131, -0.0236,  0.0736],
        [-0.2588, -0.0442,  0.1146,  ..., -0.0450, -0.0019,  0.0615],
        [ 0.1806, -0.0282, -0.1773,  ...,  0.0519, -0.0134,  0.1663],
        ...,
        [ 0.1594,  0.0955,  0.0918,  ...,  0.2237, -0.2033,  0.2389],
        [-0.0765, -0.1669,  0.0805,  ...,  0.0339,  0.2427, -0.1662],
        [-0.0422, -0.1238,  0.2129,  ...,  0.0753,  0.1372, -0.0284]],
       device='cuda:0', requires_grad=True)

Parameter name: linear_1.bias
Shape: torch.Size([32])
Values: Parameter containing:
tensor([ 0.0852,  0.1233, -0.0255, -0.0600, -0.0332, -0.0634, -0.0278, -0.0597,
         0.0962, -0.1380,  0.1361, -0.1263,  0.1531,  0.0589, -0.1343,  0.0897,
        -0.1198, -0.1479,  0.0038, -0.0133,  0.0054,  0.1084, -0.1860,  0.1752,
        -0.0633, -0.0304,  0.0897, -0.0415, -0.1108, -0.0550,  0.0982,  0.0043],
       device='cuda:0', requires_grad=True)

Parameter name: linear_2.weight
Shape: torch.Size([1, 32])
Values: Parameter containing:
tensor([[ 0.6043,  0.5276, -0.6041, -0.6061,  0.4718,  0.4629, -0.5186,  0.5128,
          0.5367, -0.5433, -0.4992,  0.4968,  0.4959,  0.5069,  0.5348,  0.4911,
         -0.6047, -0.6100,  0.4731,  0.4998, -0.5605, -0.5382, -0.6057,  0.4651,
          0.5894,  0.6111, -0.5880,  0.6377, -0.5170, -0.6010,  0.5848,  0.6037]],
       device='cuda:0', requires_grad=True)

Parameter name: linear_2.bias
Shape: torch.Size([1])
Values: Parameter containing:
tensor([0.3172], device='cuda:0', requires_grad=True)

Parameter name: road_linear_0.weight
Shape: torch.Size([32, 16])
Values: Parameter containing:
tensor([[ 1.0932e-02, -1.3804e-03,  2.7485e-01, -3.1160e-01, -3.1499e-01,
         -1.3464e-01, -4.7957e-02, -4.8198e-01, -2.4239e-01, -3.0222e-02,
          1.7580e-01,  1.9039e-01,  4.3903e-02, -8.7341e-02, -2.2146e-01,
          3.4119e-01],
        [-2.6429e-01, -1.8216e-02, -9.1101e-02,  4.3328e-03,  6.1863e-02,
          2.3846e-01,  1.6050e-01,  2.2356e-01,  4.6258e-01,  1.2455e-01,
          7.6323e-02, -2.7206e-01,  9.8060e-04, -4.1149e-02,  4.9387e-01,
         -6.7583e-02],
        [ 8.7529e-02, -5.6837e-02,  3.5699e-01, -1.1277e-01, -1.6485e-01,
         -3.3364e-01, -3.8134e-02, -4.8427e-01, -7.9399e-03, -4.7908e-02,
         -7.2796e-02, -5.5046e-02,  3.9677e-01,  3.0715e-01, -9.7470e-02,
          2.4739e-01],
        [ 2.7097e-01, -1.0031e-01,  5.7530e-02, -6.7883e-02, -1.2215e-01,
         -1.6583e-01, -1.2525e-01, -1.4686e-01, -4.7085e-01, -3.7345e-01,
          2.2468e-02,  3.5446e-01,  2.7469e-01, -1.3980e-01, -3.1672e-01,
          1.2270e-01],
        [-9.9312e-02,  4.0080e-01, -1.4871e-01, -1.9591e-02,  2.4642e-01,
          6.9947e-02,  3.0852e-02,  3.8197e-01,  1.9502e-01,  2.8239e-01,
          6.2735e-02, -1.6258e-01, -4.2556e-02, -2.2766e-01,  4.0904e-01,
         -1.3975e-01],
        [-2.4044e-03,  3.6441e-01, -3.3753e-01,  4.0245e-01,  3.9108e-01,
         -5.1728e-02,  2.4379e-01,  1.1387e-02,  2.9090e-01,  1.9646e-01,
         -1.1595e-01, -8.4231e-02, -2.2315e-01,  1.3339e-01,  4.8040e-01,
         -6.1457e-02],
        [ 3.7080e-01, -5.0901e-02,  3.8528e-01, -1.8481e-01, -1.2455e-01,
         -1.9237e-01, -1.5902e-01, -2.8692e-01, -2.9647e-01, -7.7884e-03,
         -1.1677e-04,  6.0358e-02, -7.7060e-02,  1.6221e-01, -3.8265e-01,
          1.3261e-01],
        [-6.3561e-02,  9.6256e-02,  3.3729e-01, -3.5630e-01, -3.9734e-01,
         -2.8665e-01, -7.5950e-02, -3.1081e-01, -2.3672e-01, -2.0757e-01,
         -5.2156e-02,  3.5197e-02,  2.4393e-01, -1.1071e-01, -1.6757e-01,
          3.4246e-01],
        [ 5.3589e-02, -4.5388e-02,  2.9687e-01, -2.6421e-01, -1.5029e-01,
         -3.4725e-01, -1.7123e-01, -1.7831e-01, -2.1471e-02, -3.1454e-01,
          1.7055e-02,  7.6726e-02, -4.8174e-02,  1.7557e-01, -4.7629e-01,
          9.2801e-02],
        [-3.0346e-01,  2.3015e-01, -9.1970e-02,  4.1635e-03,  1.6434e-01,
          1.5218e-01,  4.9785e-02,  3.0645e-01,  3.3116e-01, -1.7184e-03,
          1.0993e-01, -2.3577e-02, -2.7305e-01, -9.3618e-02,  3.1631e-01,
         -1.9575e-01],
        [-3.6408e-01,  2.7096e-01, -4.6403e-02, -2.9759e-02,  4.8043e-02,
          4.1424e-01,  2.2596e-01,  1.9033e-01,  4.1114e-01,  2.4154e-01,
          2.9538e-03, -2.4265e-03, -2.0162e-01,  1.0234e-01,  1.2452e-01,
         -3.1760e-01],
        [-1.2927e-01,  7.5770e-02, -6.8266e-03,  9.7463e-02,  2.3747e-01,
          1.1217e-01,  3.4938e-01,  2.0174e-01,  2.0534e-01,  3.3680e-01,
          8.3270e-02,  6.0780e-02, -4.1561e-01, -2.2294e-01,  1.6401e-01,
         -1.8947e-01],
        [ 3.4466e-01, -6.8800e-02,  1.4087e-01, -1.7603e-01, -2.1643e-01,
          4.0045e-02, -7.8739e-02, -4.1372e-01, -4.0122e-01, -8.8692e-02,
         -1.0083e-01,  4.2662e-02, -3.6647e-02,  1.7565e-01, -4.3318e-01,
          1.2539e-02],
        [ 2.1700e-01,  5.6234e-02,  3.5768e-01, -2.3982e-02, -3.7994e-01,
         -1.6261e-02, -3.3266e-02, -1.2495e-01, -2.7024e-01, -1.6165e-01,
         -1.0952e-01,  1.1949e-01,  1.2486e-01,  5.1525e-02, -4.6091e-01,
          2.3038e-01],
        [-3.8561e-01, -4.5701e-03, -5.6108e-02, -3.0948e-02,  4.5691e-01,
          4.0755e-01,  9.8490e-02,  1.8799e-01,  2.6372e-02,  1.8101e-01,
          2.9620e-02, -3.2455e-01, -1.0004e-01, -1.2079e-01,  1.8953e-01,
         -1.5628e-01],
        [-4.0589e-02, -4.7856e-01,  1.6780e-01,  6.2571e-02, -4.7719e-01,
          1.1571e-03, -1.8645e-01, -4.3761e-01, -3.1257e-01, -3.5437e-02,
         -5.0553e-02,  4.2791e-01,  1.5857e-01, -6.2801e-02, -1.4068e-01,
          6.6371e-02],
        [ 3.1642e-01,  6.2223e-02,  1.8120e-01, -3.5369e-01, -4.0047e-01,
         -1.7817e-02, -7.4015e-02, -4.2371e-02, -4.2215e-01, -1.6916e-01,
          1.8509e-01,  2.8654e-01,  3.3407e-01,  2.4571e-01, -2.2069e-01,
         -4.8852e-02],
        [-2.8110e-01,  1.4925e-01, -2.1323e-01,  1.3150e-01,  1.5465e-01,
          2.6988e-01,  2.5231e-01,  2.9633e-01,  1.5799e-01,  2.6021e-01,
         -5.7571e-02, -2.2452e-01, -1.2691e-01, -1.6999e-01,  2.9994e-01,
         -1.4931e-01],
        [ 2.3477e-01, -1.4478e-01,  1.2610e-01, -2.7707e-01, -2.7136e-01,
         -3.6287e-01, -2.6525e-01, -3.4303e-02, -4.5411e-01, -8.9640e-02,
          2.0365e-02, -7.8241e-02,  1.8861e-01,  2.2965e-01, -1.0210e-01,
          1.7393e-01],
        [ 3.7723e-01, -1.2123e-01,  2.4710e-01, -9.2433e-02, -4.0339e-01,
         -2.2280e-01, -3.4549e-01, -4.2307e-02, -1.0414e-01, -2.6137e-01,
          9.8467e-02,  2.5155e-01, -4.7001e-02,  9.3563e-02, -1.3616e-01,
          1.8002e-01],
        [-1.7172e-01,  2.8242e-01, -2.2384e-02, -7.0633e-02,  3.1025e-01,
         -5.9008e-02,  2.8622e-01,  3.9084e-01,  2.0110e-01,  5.7469e-02,
         -1.1508e-01, -2.6156e-01, -1.8036e-01, -1.8541e-01,  4.3658e-01,
         -2.3827e-01],
        [-1.0653e-01,  8.8148e-02, -5.2205e-02,  4.1117e-01,  1.0569e-01,
          1.2912e-01,  2.7285e-01,  4.3925e-02,  1.1879e-01,  2.7889e-01,
          2.1179e-01, -3.0491e-01, -2.2719e-01, -3.8707e-01,  5.7115e-02,
          4.9589e-02],
        [ 3.7013e-01, -1.9602e-01,  3.8870e-02, -1.7257e-01, -6.2975e-02,
         -3.8995e-01, -2.8714e-01, -2.7994e-01, -2.9934e-01, -1.5305e-01,
          2.1012e-01,  2.1839e-01, -7.7354e-02,  3.0527e-01,  1.7056e-03,
          2.1070e-01],
        [ 2.4412e-01,  9.4375e-02,  3.1193e-01, -3.6021e-01, -2.2362e-01,
         -1.3364e-01, -1.4048e-01, -2.9695e-01, -3.8387e-01, -2.9334e-01,
          1.1117e-02,  3.2327e-01,  2.3675e-01,  9.3024e-02, -2.3004e-01,
         -8.2571e-03],
        [ 2.1973e-01, -4.2600e-01,  1.6134e-01, -1.3775e-01, -1.1852e-02,
         -2.4358e-01,  5.2256e-02, -2.2647e-01, -4.1246e-01,  5.7737e-02,
          1.9145e-01,  7.8255e-03,  5.1214e-02,  2.5503e-01, -4.4341e-01,
          3.3639e-01],
        [ 4.1104e-02, -2.3110e-01,  6.8382e-02,  7.7816e-02, -2.7391e-01,
         -1.9960e-01, -1.3993e-02, -3.7301e-01, -1.9624e-01, -3.4519e-01,
         -2.5698e-01,  1.0639e-01,  1.8304e-01,  3.1874e-01, -4.9064e-01,
          6.9256e-02],
        [ 2.2080e-01, -5.5299e-02,  2.7602e-01, -3.4938e-01, -2.3259e-01,
         -8.8820e-02, -3.3885e-01, -7.0868e-02, -4.2324e-01,  1.7461e-02,
          5.3078e-02,  8.4781e-02,  2.2354e-01,  2.4817e-01,  9.6842e-03,
          2.7619e-01],
        [-3.3048e-01,  2.2985e-01,  2.9517e-02,  2.1848e-01,  3.8768e-01,
          1.7340e-02,  3.5349e-01,  2.3247e-01, -3.9604e-03,  9.9212e-02,
          6.7741e-02, -2.7750e-01, -2.2660e-01, -1.9292e-01,  1.0499e-01,
         -1.0678e-01],
        [ 2.9899e-01,  5.7025e-03,  1.1307e-01, -1.3108e-01, -3.4247e-01,
         -2.7257e-01, -1.2575e-01, -3.8065e-01, -5.2019e-02, -9.4245e-02,
          1.1701e-01,  1.3318e-01,  3.4249e-01,  3.0093e-01, -6.9628e-02,
          2.4613e-01],
        [-2.6828e-01,  1.9334e-01, -2.9787e-01,  2.5490e-01, -2.3311e-02,
          1.3326e-01,  3.1680e-01,  3.4420e-01,  3.9174e-01,  2.2277e-01,
          1.4419e-01, -8.1386e-02,  5.7275e-02,  7.2544e-02,  2.2492e-01,
         -2.1219e-01],
        [-2.8548e-01,  6.3659e-02, -2.1702e-02,  2.0418e-02,  2.5905e-01,
          3.7017e-01,  3.6448e-01,  2.7052e-02,  2.7129e-01,  3.0975e-01,
         -2.3796e-01, -7.2142e-03, -3.0408e-01, -2.5781e-01,  1.0909e-01,
         -2.3014e-01],
        [ 5.6151e-02, -6.1750e-02,  2.2557e-01, -4.7973e-02, -5.3558e-02,
         -2.9656e-01, -3.7523e-01, -4.1169e-01, -3.4332e-01, -2.4389e-01,
          9.8407e-02, -2.7893e-02, -5.3617e-02,  1.9737e-01, -3.6495e-01,
          1.7323e-01]], device='cuda:0', requires_grad=True)

Parameter name: road_linear_0.bias
Shape: torch.Size([32])
Values: Parameter containing:
tensor([-0.0723, -0.0453,  0.1226, -0.0923, -0.0497, -0.0262,  0.0738,  0.1393,
        -0.0475, -0.0568,  0.0311,  0.0683,  0.1781,  0.1002, -0.0559,  0.0943,
        -0.1700, -0.0042,  0.0191,  0.0008, -0.0212, -0.1073, -0.0626, -0.0415,
        -0.1711,  0.2643,  0.1036,  0.0255, -0.0851, -0.2246,  0.1603, -0.0325],
       device='cuda:0', requires_grad=True)

Parameter name: road_linear_1.weight
Shape: torch.Size([1, 32])
Values: Parameter containing:
tensor([[-0.2949,  0.3814, -0.2760, -0.2913,  0.3891,  0.4213, -0.3262, -0.4063,
         -0.3673,  0.4357,  0.2968,  0.4243, -0.3351, -0.4576,  0.3536, -0.3847,
         -0.3547,  0.3505, -0.2657, -0.2836,  0.4573,  0.3852, -0.3993, -0.3956,
         -0.4290, -0.3983, -0.3425,  0.4048, -0.3721,  0.4108,  0.3146, -0.2682]],
       device='cuda:0', requires_grad=True)

Parameter name: linear_0.weight
Shape: torch.Size([32, 39])
Values: Parameter containing:
tensor([[-0.0387,  0.1080,  0.0531,  ...,  0.2237, -0.3587, -0.1137],
        [-0.1062, -0.0530,  0.1136,  ...,  0.1575, -0.3498,  0.0871],
        [-0.0054, -0.0337,  0.0222,  ...,  0.0246,  0.2607,  0.0345],
        ...,
        [ 0.0118,  0.0116,  0.0541,  ...,  0.0876, -0.3524, -0.1180],
        [ 0.0829, -0.2067, -0.0498,  ..., -0.3310,  0.1773,  0.1557],
        [-0.2017,  0.1478,  0.0341,  ...,  0.0999, -0.3099, -0.0509]],
       device='cuda:0', requires_grad=True)

Parameter name: linear_0.bias
Shape: torch.Size([32])
Values: Parameter containing:
tensor([ 0.0424,  0.0406, -0.0664, -0.1338, -0.0722,  0.0585, -0.1105,  0.0461,
        -0.0394,  0.0806,  0.0187,  0.0115,  0.0295,  0.0784, -0.0525, -0.0187,
         0.0588, -0.1533,  0.0014,  0.0281, -0.0516,  0.0342,  0.1088,  0.0063,
        -0.0929,  0.1038,  0.0474, -0.0977,  0.0546,  0.1396,  0.1669, -0.1230],
       device='cuda:0', requires_grad=True)

Parameter name: linear_1.weight
Shape: torch.Size([32, 32])
Values: Parameter containing:
tensor([[ 0.0730, -0.1916, -0.1067,  ..., -0.1466, -0.0159,  0.0738],
        [-0.2081, -0.0481,  0.0955,  ..., -0.0798,  0.0079,  0.0481],
        [ 0.1410, -0.0155, -0.1721,  ...,  0.0978, -0.0322,  0.1913],
        ...,
        [ 0.1208,  0.1039,  0.1126,  ...,  0.2686, -0.2263,  0.2464],
        [-0.0076, -0.1602,  0.0515,  ...,  0.0022,  0.2392, -0.1704],
        [-0.0055, -0.1443,  0.2094,  ...,  0.0213,  0.1664, -0.0525]],
       device='cuda:0', requires_grad=True)

Parameter name: linear_1.bias
Shape: torch.Size([32])
Values: Parameter containing:
tensor([ 0.1052,  0.1496, -0.0618, -0.0850,  0.0005, -0.0453, -0.0593, -0.0431,
         0.1254, -0.1709,  0.1306, -0.1165,  0.1740,  0.0874, -0.1217,  0.1291,
        -0.1388, -0.1745, -0.0554, -0.0026, -0.0042,  0.0836, -0.2130,  0.2159,
        -0.0452, -0.0043,  0.0730, -0.0288, -0.1368, -0.0737,  0.1246,  0.0447],
       device='cuda:0', requires_grad=True)

Parameter name: linear_2.weight
Shape: torch.Size([1, 32])
Values: Parameter containing:
tensor([[ 0.5529,  0.4753, -0.5651, -0.5498,  0.4318,  0.4121, -0.4751,  0.4510,
          0.4707, -0.4976, -0.4425,  0.4611,  0.4417,  0.4229,  0.4897,  0.4871,
         -0.5483, -0.5621, -0.4200,  0.4664, -0.5104, -0.4907, -0.5633,  0.4049,
          0.5334,  0.5626, -0.5479,  0.5555, -0.4770, -0.5497,  0.5378,  0.5631]],
       device='cuda:0', requires_grad=True)

Parameter name: linear_2.bias
Shape: torch.Size([1])
Values: Parameter containing:
tensor([0.3026], device='cuda:0', requires_grad=True)

Parameter name: road_linear_0.weight
Shape: torch.Size([32, 16])
Values: Parameter containing:
tensor([[-1.5580e-02,  3.1617e-01,  2.6537e-01, -2.8166e-01, -3.2829e-01,
         -1.1626e-01, -3.2278e-02, -4.6871e-01, -2.3598e-01, -1.2757e-02,
          1.5898e-01,  1.7605e-01,  3.9974e-02, -9.3269e-02, -2.1479e-01,
          3.1951e-01],
        [-2.3966e-01, -3.1359e-01, -7.2891e-02, -2.3943e-02,  6.7617e-02,
          2.2248e-01,  1.4889e-01,  2.0709e-01,  4.4700e-01,  1.0528e-01,
          7.4253e-02, -2.5409e-01,  1.0085e-02, -2.8965e-02,  4.8808e-01,
         -4.4583e-02],
        [ 6.7246e-02,  2.2198e-01,  3.4288e-01, -9.0464e-02, -1.7942e-01,
         -3.2600e-01, -3.6870e-02, -4.8673e-01, -1.9978e-03, -3.4460e-02,
         -6.5862e-02, -6.4230e-02,  4.0944e-01,  3.1398e-01, -9.7734e-02,
          2.3483e-01],
        [ 2.4910e-01,  3.1235e-02,  4.5566e-02, -4.6093e-02, -1.4641e-01,
         -1.5592e-01, -1.2066e-01, -1.3508e-01, -4.6909e-01, -3.5900e-01,
          2.2448e-02,  3.4613e-01,  2.7397e-01, -1.4521e-01, -3.2511e-01,
          1.0077e-01],
        [-9.1538e-02,  1.1998e-01, -1.4421e-01, -3.8460e-02,  2.8566e-01,
          6.3766e-02,  3.6104e-02,  3.9662e-01,  2.1524e-01,  2.7229e-01,
          8.9145e-02, -1.6427e-01, -5.9300e-02, -2.3715e-01,  4.4355e-01,
         -1.2450e-01],
        [ 4.0317e-03,  1.5583e-01, -3.3661e-01,  3.8911e-01,  4.1935e-01,
         -5.0970e-02,  2.4558e-01,  1.0716e-02,  3.0038e-01,  1.9003e-01,
         -1.1241e-01, -8.4742e-02, -2.3882e-01,  1.2967e-01,  5.2972e-01,
         -5.0429e-02],
        [ 3.5019e-01,  9.2995e-02,  3.7215e-01, -1.6333e-01, -1.3865e-01,
         -1.8571e-01, -1.5622e-01, -2.7594e-01, -2.8021e-01,  4.8227e-03,
          7.6081e-03,  5.0522e-02, -7.4453e-02,  1.6059e-01, -3.9225e-01,
          1.1608e-01],
        [-8.2971e-02,  2.5417e-01,  3.2373e-01, -3.3477e-01, -3.8957e-01,
         -2.7821e-01, -6.8325e-02, -2.9447e-01, -2.1573e-01, -1.9479e-01,
         -5.6401e-02,  2.0987e-02,  2.4259e-01, -1.1374e-01, -1.6227e-01,
          3.2889e-01],
        [ 3.3672e-02,  2.9400e-01,  2.8172e-01, -2.4159e-01, -1.4879e-01,
         -3.3519e-01, -1.6334e-01, -1.6318e-01, -8.7228e-03, -2.9851e-01,
          2.0569e-02,  6.4249e-02, -4.9771e-02,  1.7023e-01, -4.7631e-01,
          7.4387e-02],
        [-2.9067e-01, -8.1971e-02, -8.2533e-02, -1.7219e-02,  1.8785e-01,
          1.4369e-01,  4.8320e-02,  3.0929e-01,  3.3683e-01, -1.4419e-02,
          1.2881e-01, -1.7661e-02, -2.8023e-01, -9.2875e-02,  3.3390e-01,
         -1.7963e-01],
        [-3.5277e-01,  7.5313e-02, -4.1483e-02, -4.2269e-02,  7.6258e-02,
          4.1111e-01,  2.2801e-01,  1.9302e-01,  4.1817e-01,  2.3403e-01,
         -1.4024e-02, -3.7545e-03, -2.0985e-01,  9.4096e-02,  1.5131e-01,
         -3.0522e-01],
        [-1.1359e-01, -1.2764e-01,  4.3042e-03,  7.8806e-02,  2.4666e-01,
          1.0066e-01,  3.4890e-01,  1.9921e-01,  1.9990e-01,  3.2494e-01,
          9.6403e-02,  6.7257e-02, -4.1429e-01, -2.2903e-01,  1.7424e-01,
         -1.7471e-01],
        [ 3.1894e-01,  2.0619e-01,  1.2628e-01, -1.4538e-01, -2.4860e-01,
          5.7946e-02, -7.1485e-02, -4.1382e-01, -4.0093e-01, -6.9916e-02,
         -9.9713e-02,  2.7077e-02, -3.6407e-02,  1.7184e-01, -4.3581e-01,
         -1.0288e-02],
        [ 1.9516e-01,  3.1383e-01,  3.4014e-01,  8.2207e-05, -3.7833e-01,
         -2.8304e-03, -2.5170e-02, -1.0881e-01, -2.5030e-01, -1.4473e-01,
         -1.0520e-01,  1.0371e-01,  1.1780e-01,  4.4343e-02, -4.5650e-01,
          2.1154e-01],
        [-3.6622e-01, -2.8243e-01, -4.2360e-02, -5.3116e-02,  4.5979e-01,
          3.9616e-01,  9.1665e-02,  1.7553e-01,  1.4408e-02,  1.6642e-01,
          2.6416e-02, -3.1210e-01, -9.8071e-02, -1.1719e-01,  1.8417e-01,
         -1.3945e-01],
        [-2.9474e-01, -1.7875e-01,  4.0565e-02,  2.3284e-01,  2.1226e-01,
          1.5860e-01,  9.9537e-02,  1.2722e-01,  2.2302e-01,  1.0036e-01,
          3.6621e-02,  1.4272e-01, -1.5398e-01, -2.6625e-01,  6.4918e-01,
         -5.9760e-02],
        [ 2.9221e-01,  2.0436e-01,  1.6700e-01, -3.3014e-01, -4.1283e-01,
         -4.6674e-03, -6.7464e-02, -2.0004e-02, -4.0867e-01, -1.5300e-01,
          1.7232e-01,  2.7394e-01,  3.2258e-01,  2.4097e-01, -2.0664e-01,
         -7.0063e-02],
        [-2.6467e-01,  6.8182e-02, -2.0397e-01,  1.1249e-01,  1.6863e-01,
          2.6669e-01,  2.5165e-01,  2.8786e-01,  1.4992e-01,  2.5098e-01,
         -5.9261e-02, -2.1792e-01, -1.3665e-01, -1.6612e-01,  3.1332e-01,
         -1.3474e-01],
        [ 2.1433e-01,  8.2803e-02,  1.1555e-01, -2.5584e-01, -2.9340e-01,
         -3.5325e-01, -2.6347e-01, -3.0538e-02, -4.5875e-01, -7.5143e-02,
          3.2180e-02, -8.3539e-02,  1.9312e-01,  2.3069e-01, -1.0158e-01,
          1.5281e-01],
        [ 3.6048e-01,  1.1119e-01,  2.3869e-01, -7.5757e-02, -4.1749e-01,
         -2.1266e-01, -3.4653e-01, -3.3975e-02, -1.0340e-01, -2.4959e-01,
          9.9076e-02,  2.4808e-01, -4.4353e-02,  1.0241e-01, -1.4241e-01,
          1.6264e-01],
        [-1.6038e-01,  9.2008e-02, -1.5588e-02, -8.9025e-02,  3.2713e-01,
         -6.3818e-02,  2.8754e-01,  3.9016e-01,  2.0167e-01,  4.8607e-02,
         -9.3463e-02, -2.5586e-01, -1.9006e-01, -1.9287e-01,  4.7824e-01,
         -2.2600e-01],
        [-9.0257e-02, -3.1519e-01, -4.3436e-02,  3.9223e-01,  1.0145e-01,
          1.2070e-01,  2.6980e-01,  3.0424e-02,  1.0698e-01,  2.6678e-01,
          2.1320e-01, -2.9423e-01, -2.3144e-01, -3.8852e-01,  5.9608e-02,
          6.1156e-02],
        [ 3.5958e-01, -3.6242e-04,  3.3754e-02, -1.5897e-01, -7.8878e-02,
         -3.8660e-01, -2.9164e-01, -2.7662e-01, -2.9899e-01, -1.4672e-01,
          1.9755e-01,  2.1799e-01, -6.8760e-02,  3.1217e-01, -7.5546e-03,
          2.0036e-01],
        [ 2.1800e-01,  1.4500e-01,  2.9590e-01, -3.3487e-01, -2.3003e-01,
         -1.2249e-01, -1.3323e-01, -2.7154e-01, -3.6198e-01, -2.7845e-01,
          1.0402e-02,  3.0628e-01,  2.2935e-01,  8.3791e-02, -2.1315e-01,
         -2.6899e-02],
        [ 2.1459e-01, -1.2484e-01,  1.5979e-01, -1.2452e-01, -4.3812e-02,
         -2.4326e-01,  4.6543e-02, -2.3434e-01, -4.2543e-01,  6.3124e-02,
          1.9833e-01,  1.1662e-02,  6.6962e-02,  2.6405e-01, -4.7141e-01,
          3.2766e-01],
        [ 2.7589e-02,  1.5535e-02,  5.8805e-02,  9.6764e-02, -2.8993e-01,
         -1.9355e-01, -9.5896e-03, -3.7434e-01, -1.9400e-01, -3.3519e-01,
         -2.6709e-01,  9.8359e-02,  1.9094e-01,  3.2353e-01, -5.1777e-01,
          5.7552e-02],
        [ 2.0270e-01,  1.4196e-01,  2.6581e-01, -3.3195e-01, -2.3853e-01,
         -7.8745e-02, -3.4084e-01, -5.8513e-02, -4.1197e-01,  2.8112e-02,
          4.5195e-02,  7.8297e-02,  2.2263e-01,  2.6230e-01,  8.6622e-03,
          2.6325e-01],
        [-3.2035e-01, -2.5222e-02,  3.3531e-02,  2.0298e-01,  4.0829e-01,
          9.5786e-03,  3.5755e-01,  2.3444e-01,  1.7765e-03,  9.1709e-02,
          8.6931e-02, -2.7707e-01, -2.3396e-01, -2.0805e-01,  1.2942e-01,
         -9.5003e-02],
        [ 2.7998e-01,  1.3369e-01,  1.0086e-01, -1.1205e-01, -3.4825e-01,
         -2.6086e-01, -1.2434e-01, -3.6917e-01, -3.9120e-02, -8.2527e-02,
          1.0862e-01,  1.2365e-01,  3.3961e-01,  3.0483e-01, -6.9307e-02,
          2.3219e-01],
        [-2.5613e-01,  4.1883e-02, -2.9097e-01,  2.3963e-01, -9.9936e-03,
          1.3125e-01,  3.1967e-01,  3.4023e-01,  3.8617e-01,  2.1648e-01,
          1.4241e-01, -7.7798e-02,  4.6595e-02,  6.4967e-02,  2.4542e-01,
         -2.0255e-01],
        [-2.6811e-01, -1.3818e-01, -1.1651e-02,  2.2528e-03,  2.6904e-01,
          3.6183e-01,  3.6328e-01,  1.5567e-02,  2.6550e-01,  2.9749e-01,
         -2.3454e-01, -1.8234e-03, -3.0720e-01, -2.5774e-01,  1.0509e-01,
         -2.1339e-01],
        [ 3.1605e-02,  1.0509e-01,  2.1120e-01, -2.1923e-02, -7.0451e-02,
         -2.8486e-01, -3.7263e-01, -4.1034e-01, -3.4028e-01, -2.2854e-01,
          1.0157e-01, -3.6728e-02, -5.2305e-02,  1.9561e-01, -3.6112e-01,
          1.5149e-01]], device='cuda:0', requires_grad=True)

Parameter name: road_linear_0.bias
Shape: torch.Size([32])
Values: Parameter containing:
tensor([-0.0916, -0.0175,  0.1378, -0.0973, -0.0379, -0.0097,  0.0812,  0.1480,
        -0.0485, -0.0360,  0.0104,  0.0846,  0.1458,  0.0871, -0.0417, -0.0524,
        -0.1943, -0.0022,  0.0111, -0.0094, -0.0076, -0.0989, -0.0679, -0.0464,
        -0.1490,  0.2673,  0.0933,  0.0449, -0.0940, -0.2293,  0.1753, -0.0412],
       device='cuda:0', requires_grad=True)

Parameter name: road_linear_1.weight
Shape: torch.Size([1, 32])
Values: Parameter containing:
tensor([[-0.2975,  0.3816, -0.2803, -0.3018,  0.4240,  0.4487, -0.3337, -0.4069,
         -0.3816,  0.4484,  0.3099,  0.4253, -0.3489, -0.4642,  0.3547,  0.3805,
         -0.3571,  0.3576, -0.2706, -0.2875,  0.4704,  0.3764, -0.4041, -0.3974,
         -0.4691, -0.4135, -0.3446,  0.4107, -0.3772,  0.4162,  0.3196, -0.2750]],
       device='cuda:0', requires_grad=True)

Parameter name: linear_0.weight
Shape: torch.Size([32, 39])
Values: Parameter containing:
tensor([[-0.0132,  0.1032,  0.0763,  ...,  0.1596, -0.2978, -0.1137],
        [-0.1102, -0.0419,  0.1174,  ...,  0.1307, -0.3294,  0.0871],
        [-0.0052, -0.0402,  0.0318,  ...,  0.0266,  0.2594,  0.0345],
        ...,
        [ 0.0098,  0.0233,  0.0526,  ...,  0.0687, -0.3465, -0.1180],
        [ 0.0904, -0.2206, -0.0526,  ..., -0.3039,  0.1645,  0.1557],
        [-0.1933,  0.1599,  0.0395,  ...,  0.0650, -0.3014, -0.0509]],
       device='cuda:0', requires_grad=True)

Parameter name: linear_0.bias
Shape: torch.Size([32])
Values: Parameter containing:
tensor([ 0.0465,  0.0395, -0.0691, -0.1361, -0.0741,  0.0495, -0.1098,  0.0500,
        -0.0415,  0.0775,  0.0249,  0.0123,  0.0239,  0.0754, -0.0500, -0.0211,
         0.0568, -0.1573, -0.0645,  0.0379, -0.0581,  0.0302,  0.1056,  0.0084,
        -0.0874,  0.0523,  0.0429, -0.1161,  0.0545,  0.1435,  0.1674, -0.1287],
       device='cuda:0', requires_grad=True)

Parameter name: linear_1.weight
Shape: torch.Size([32, 32])
Values: Parameter containing:
tensor([[ 0.0604, -0.1845, -0.1022,  ..., -0.1227, -0.0158,  0.0716],
        [-0.2161, -0.0417,  0.1136,  ..., -0.0498, -0.0020,  0.0439],
        [ 0.1419, -0.0223, -0.1770,  ...,  0.0663, -0.0167,  0.1884],
        ...,
        [ 0.1162,  0.0812,  0.1204,  ...,  0.2339, -0.2126,  0.2329],
        [-0.0101, -0.1565,  0.0623,  ...,  0.0393,  0.2228, -0.1734],
        [-0.0023, -0.1284,  0.2029,  ...,  0.0598,  0.1478, -0.0413]],
       device='cuda:0', requires_grad=True)

Parameter name: linear_1.bias
Shape: torch.Size([32])
Values: Parameter containing:
tensor([ 0.1075,  0.1623, -0.0641, -0.0828, -0.0043, -0.0450, -0.0588, -0.0407,
         0.1368, -0.1799,  0.1168, -0.1292,  0.1953,  0.1054, -0.1230,  0.1392,
        -0.1378, -0.1741,  0.0473, -0.0121, -0.0068,  0.0858, -0.2014,  0.2419,
        -0.0431, -0.0064,  0.0729, -0.0291, -0.1366, -0.0687,  0.1328,  0.0388],
       device='cuda:0', requires_grad=True)

Parameter name: linear_2.weight
Shape: torch.Size([1, 32])
Values: Parameter containing:
tensor([[ 0.5532,  0.4818, -0.5599, -0.5334,  0.4210,  0.4271, -0.4680,  0.4378,
          0.4523, -0.5005, -0.4475,  0.4417,  0.4393,  0.4290,  0.4745,  0.4894,
         -0.5386, -0.5510,  0.4015,  0.4517, -0.5039, -0.4844, -0.5493,  0.3962,
          0.5291,  0.5506, -0.5336,  0.5466, -0.4671, -0.5374,  0.5316,  0.5454]],
       device='cuda:0', requires_grad=True)

Parameter name: linear_2.bias
Shape: torch.Size([1])
Values: Parameter containing:
tensor([0.2926], device='cuda:0', requires_grad=True)

Parameter name: road_linear_0.weight
Shape: torch.Size([32, 16])
Values: Parameter containing:
tensor([[-0.4837,  0.6458, -0.1449, -0.3161,  0.2860, -0.2630,  0.5490,  0.0707,
          0.2767,  0.1378,  0.1741, -0.2422, -0.1881,  0.0368,  0.3142, -0.1036],
        [-0.3668,  0.1108, -0.1979, -0.2885,  0.1401, -0.1507,  0.3224,  0.2827,
          0.5042,  0.0289,  0.1504, -0.3564,  0.1319,  0.3200,  0.4708, -0.1900],
        [-0.3530,  0.4062, -0.0421, -0.0635,  0.3894, -0.3464,  0.4901,  0.0487,
          0.4791,  0.1108,  0.0413, -0.4944,  0.1407,  0.3304,  0.4127, -0.1714],
        [ 0.3784, -0.3604,  0.1573,  0.1813, -0.1735,  0.1438, -0.3088, -0.1860,
         -0.4843, -0.2865, -0.0299,  0.4155,  0.1319, -0.4081, -0.2661,  0.2549],
        [-0.2222,  0.5102, -0.2531, -0.3083,  0.2771, -0.2764,  0.1674,  0.4005,
          0.2105,  0.1800,  0.1839, -0.2256,  0.1058,  0.0847,  0.3622, -0.2603],
        [-0.1118,  0.5336, -0.4272,  0.0813,  0.4195, -0.4015,  0.3686,  0.0277,
          0.2946,  0.0105, -0.1511, -0.1414, -0.1990,  0.4529,  0.4044, -0.1702],
        [ 0.3956, -0.2595,  0.5023,  0.1743, -0.2130,  0.2441, -0.3519, -0.3490,
         -0.3436,  0.2271, -0.0427,  0.1330, -0.0661, -0.1602, -0.3049,  0.2764],
        [ 0.0392, -0.1018,  0.4418, -0.0311, -0.4825,  0.0884, -0.2345, -0.3732,
         -0.2782, -0.0118, -0.0832,  0.1192,  0.2724, -0.4163, -0.1691,  0.4695],
        [ 0.1828, -0.2085,  0.4526,  0.1027, -0.3039,  0.1566, -0.4101, -0.3064,
         -0.1515, -0.2022, -0.2106,  0.2096, -0.1402, -0.2914, -0.5343,  0.2560],
        [-0.4448,  0.3217, -0.2086, -0.2396,  0.2106, -0.1656,  0.1984,  0.3382,
          0.3590, -0.0068,  0.1032, -0.0914, -0.0147,  0.2246,  0.2838, -0.3320],
        [-0.5316,  0.5487, -0.1705, -0.3222,  0.0638,  0.0571,  0.4066,  0.2032,
          0.4188,  0.1839,  0.0441, -0.0588, -0.0009,  0.4554,  0.0431, -0.4784],
        [-0.3031,  0.2569, -0.1423, -0.1330,  0.3179, -0.1893,  0.5161,  0.2601,
          0.2680,  0.3523,  0.1577, -0.0308, -0.1761,  0.0560,  0.2240, -0.3438],
        [ 0.4527, -0.2614,  0.2630,  0.1793, -0.2417,  0.4828, -0.2344, -0.4202,
         -0.4022,  0.0820, -0.1325,  0.1188, -0.1025, -0.2448, -0.2921,  0.1534],
        [ 0.3225, -0.0565,  0.4522,  0.2436, -0.4264,  0.3191, -0.1720, -0.1569,
         -0.2798, -0.0504, -0.1495,  0.1699,  0.0178, -0.2400, -0.4181,  0.3457],
        [-0.5256,  0.1913, -0.1824, -0.3421,  0.5307, -0.0054,  0.2837,  0.2491,
          0.0776,  0.0760,  0.0870, -0.4063,  0.0057,  0.2774,  0.1534, -0.3048],
        [ 0.0808, -0.3668,  0.3279,  0.2851, -0.4081,  0.2459, -0.2986, -0.3737,
         -0.2683,  0.0230,  0.0637,  0.4966, -0.0563, -0.2580, -0.0053,  0.2179],
        [ 0.4404, -0.1725,  0.3311, -0.0693, -0.5807,  0.3460, -0.3011, -0.1809,
         -0.5336, -0.0708,  0.1770,  0.4346,  0.2727, -0.0903, -0.3229,  0.1194],
        [-0.3132,  0.3618, -0.3111, -0.1474,  0.2818, -0.0593,  0.4339,  0.3843,
          0.2090,  0.0727,  0.0071, -0.3128, -0.1694,  0.0740,  0.2798, -0.2772],
        [-0.2403,  0.3066, -0.2796, -0.2429,  0.2495, -0.3969,  0.2367,  0.4747,
          0.0250,  0.0870,  0.0246, -0.5028, -0.0018,  0.2987,  0.3848, -0.2434],
        [ 0.5129, -0.3565,  0.3677,  0.2102, -0.4340,  0.1529, -0.5268, -0.0619,
         -0.1107, -0.1399, -0.0901,  0.3000, -0.1409, -0.2487, -0.0424,  0.3374],
        [-0.2428,  0.3442, -0.0997, -0.2781,  0.3596, -0.2884,  0.4021,  0.4306,
          0.2272, -0.0460, -0.1514, -0.3192, -0.0720, -0.0105,  0.4111, -0.3193],
        [ 0.3522, -0.3418,  0.2323,  0.3026, -0.2644,  0.0820, -0.0012, -0.2681,
         -0.2969, -0.0809,  0.2323,  0.0853,  0.0059, -0.3175, -0.5589,  0.2852],
        [ 0.4650, -0.4267,  0.1542,  0.1646, -0.1594,  0.0263, -0.4621, -0.3492,
         -0.3469,  0.0072,  0.0549,  0.3004, -0.1011, -0.0725,  0.0428,  0.3589],
        [ 0.2882, -0.1554,  0.4195, -0.1181, -0.4194,  0.1524, -0.3400, -0.4234,
         -0.4606, -0.1568, -0.1109,  0.4458,  0.2625, -0.1226, -0.2588,  0.1333],
        [ 0.3515, -0.6129,  0.2841,  0.1888, -0.0996,  0.1768, -0.1378, -0.2976,
         -0.4740,  0.1365,  0.2049,  0.0951, -0.1079, -0.1859, -0.4126,  0.4818],
        [ 0.1514, -0.3881,  0.1698,  0.3784, -0.3553,  0.1697, -0.1617, -0.4384,
         -0.2442, -0.2075, -0.2902,  0.1921,  0.1347, -0.0096, -0.4684,  0.1836],
        [ 0.3519, -0.2436,  0.4076, -0.0643, -0.3231,  0.2704, -0.5279, -0.1320,
         -0.4729,  0.1261,  0.0097,  0.1704,  0.1672, -0.0380,  0.0108,  0.4362],
        [-0.4961,  0.3626, -0.1041, -0.0161,  0.4339, -0.2848,  0.5019,  0.2622,
          0.0413,  0.0955,  0.1365, -0.3548,  0.0122,  0.0843,  0.1315, -0.2518],
        [ 0.4483, -0.2733,  0.2447,  0.1108, -0.4566,  0.0352, -0.3066, -0.4682,
         -0.1230, -0.0506,  0.0380,  0.2356,  0.2248,  0.0053, -0.1168,  0.3956],
        [-0.3301,  0.3806, -0.3814, -0.0514,  0.0234, -0.2109,  0.4576,  0.3699,
          0.3870,  0.0266,  0.2266, -0.1262,  0.0426,  0.3324,  0.1127, -0.3329],
        [-0.4396,  0.3152, -0.1580, -0.2762,  0.3616, -0.0186,  0.5677,  0.1053,
          0.3337,  0.2314, -0.1821, -0.1047, -0.2179,  0.1259,  0.1279, -0.3946],
        [ 0.1194, -0.2636,  0.3409,  0.2758, -0.1445,  0.0805, -0.5931, -0.5029,
         -0.3940, -0.0724, -0.0139,  0.0837, -0.0478, -0.1083, -0.3245,  0.3165]],
       device='cuda:0', requires_grad=True)

Parameter name: road_linear_0.bias
Shape: torch.Size([32])
Values: Parameter containing:
tensor([-0.2340,  0.0592,  0.1652, -0.0820, -0.0032, -0.0999,  0.0657,  0.1114,
        -0.2042, -0.0739,  0.0297,  0.0676,  0.1181,  0.0921,  0.0080,  0.0932,
        -0.1121,  0.0621, -0.0544, -0.1032, -0.0532,  0.0182, -0.1397, -0.1254,
        -0.1261,  0.1952,  0.1045,  0.0506, -0.0788, -0.1278,  0.1526, -0.1555],
       device='cuda:0', requires_grad=True)

Parameter name: road_linear_1.weight
Shape: torch.Size([1, 32])
Values: Parameter containing:
tensor([[ 0.4625,  0.4970,  0.4325, -0.4602,  0.5559,  0.5952, -0.4522, -0.5705,
         -0.4913,  0.6001,  0.4810,  0.6144, -0.5003, -0.5711,  0.4952, -0.4891,
         -0.4771,  0.5225,  0.4397, -0.4577,  0.5672, -0.3439, -0.5688, -0.5449,
         -0.5049, -0.5779, -0.4835,  0.5676, -0.5612,  0.5722,  0.5017, -0.4254]],
       device='cuda:0', requires_grad=True)

Parameter name: linear_0.weight
Shape: torch.Size([32, 39])
Values: Parameter containing:
tensor([[ 0.2071,  0.1402, -0.0018,  ...,  0.0509, -0.0385, -0.1137],
        [-0.1359, -0.2050,  0.1680,  ..., -0.0006, -0.3834,  0.0871],
        [-0.0429,  0.1196,  0.0825,  ...,  0.1227,  0.2086,  0.0345],
        ...,
        [-0.0296, -0.1667,  0.0682,  ..., -0.1104, -0.2309, -0.1180],
        [ 0.0116, -0.1044, -0.0246,  ..., -0.1671,  0.0645,  0.1557],
        [-0.0926,  0.1268, -0.0272,  ..., -0.0739,  0.0668, -0.0509]],
       device='cuda:0', requires_grad=True)

Parameter name: linear_0.bias
Shape: torch.Size([32])
Values: Parameter containing:
tensor([ 0.0497,  0.0712, -0.1522, -0.0626, -0.0478,  0.0278, -0.1355,  0.1017,
        -0.0607,  0.1473,  0.0301, -0.0490, -0.0380,  0.0623, -0.0791, -0.0437,
         0.1000, -0.1352, -0.0378,  0.0369, -0.0910,  0.1236,  0.0934, -0.0562,
        -0.0180,  0.1091,  0.0127, -0.1280,  0.0791,  0.1762,  0.0983, -0.1328],
       device='cuda:0', requires_grad=True)

Parameter name: linear_1.weight
Shape: torch.Size([32, 32])
Values: Parameter containing:
tensor([[ 0.1996, -0.1656, -0.1010,  ..., -0.0604, -0.1102,  0.1707],
        [ 0.0057, -0.0055,  0.1394,  ..., -0.0326, -0.0436,  0.2432],
        [-0.0583, -0.0883, -0.1799,  ...,  0.0204,  0.0454,  0.0058],
        ...,
        [-0.0307,  0.0449,  0.0854,  ...,  0.1901, -0.1437,  0.1356],
        [ 0.1905, -0.1082,  0.0835,  ...,  0.0624,  0.1843,  0.0194],
        [ 0.1722, -0.0722,  0.2385,  ...,  0.0893,  0.0948,  0.0995]],
       device='cuda:0', requires_grad=True)

Parameter name: linear_1.bias
Shape: torch.Size([32])
Values: Parameter containing:
tensor([ 0.0512,  0.0288,  0.0580,  0.0163, -0.0875, -0.1372,  0.0551, -0.1804,
         0.0300, -0.0566,  0.2304, -0.1845,  0.0808,  0.0959, -0.2148, -0.0180,
        -0.0597, -0.1085, -0.0575, -0.1062,  0.0950,  0.1957, -0.1105,  0.2008,
        -0.1461, -0.0722,  0.1470, -0.1425, -0.0459, -0.0083,  0.0017, -0.0539],
       device='cuda:0', requires_grad=True)

Parameter name: linear_2.weight
Shape: torch.Size([1, 32])
Values: Parameter containing:
tensor([[ 0.3268,  0.2413, -0.3405, -0.2989,  0.1998,  0.1925, -0.2327,  0.2624,
          0.2374, -0.2378, -0.2222,  0.2209,  0.2257, -0.1979,  0.2657,  0.2127,
         -0.3217, -0.3296,  0.1899,  0.2213, -0.2853, -0.2654, -0.3362, -0.1528,
          0.3007,  0.3313, -0.3099,  0.3137, -0.2383, -0.3140,  0.3096,  0.3090]],
       device='cuda:0', requires_grad=True)

Parameter name: linear_2.bias
Shape: torch.Size([1])
Values: Parameter containing:
tensor([-0.1413], device='cuda:0', requires_grad=True)

