Parameter name: road_linear_0.weight
Shape: torch.Size([32, 16])
Values: Parameter containing:
tensor([[-2.8519e-01,  4.7821e-01,  8.4218e-02, -7.1345e-02,  3.6093e-01,
          1.8546e-01,  3.6935e-01,  1.6372e-01,  3.6286e-01,  1.7530e-01,
          1.3836e-01, -3.2211e-01, -3.7641e-01, -2.5528e-01,  3.8894e-01,
          1.2422e-01],
        [-1.0939e-01, -1.4176e-01,  6.3425e-02, -1.2864e-01,  1.3661e-01,
          2.2344e-01,  5.1669e-02,  3.5280e-01,  6.8834e-01, -3.8723e-02,
          2.6548e-01, -4.5082e-01,  6.3475e-02,  1.2034e-01,  6.8182e-01,
          7.1442e-02],
        [ 1.2990e-01, -2.1050e-01,  3.3859e-01, -9.7039e-02, -3.4448e-01,
         -3.4175e-01, -1.9237e-01, -6.3342e-01, -1.7868e-01, -4.1089e-02,
          8.8732e-02,  1.5505e-01,  6.0964e-01,  2.7034e-01, -1.1302e-01,
          2.5127e-01],
        [ 5.7624e-02, -1.2663e-01, -1.3642e-01,  8.9898e-02, -1.3946e-01,
         -1.3604e-01,  4.8131e-03, -2.4963e-01, -6.7065e-01, -1.8516e-01,
         -1.8939e-01,  4.8575e-01,  1.8774e-01, -3.4968e-01, -4.3611e-01,
         -5.0892e-02],
        [ 7.4700e-02,  2.8403e-01,  2.2793e-02, -1.6299e-01,  2.8057e-01,
          4.2590e-02, -5.6757e-02,  5.0279e-01,  4.1220e-01,  1.0082e-01,
          3.0599e-01, -2.9480e-01,  2.8498e-02, -4.7168e-02,  5.2011e-01,
          7.7599e-03],
        [-6.6860e-02,  5.1032e-01, -3.2325e-01,  3.7582e-01,  5.6065e-01,
         -1.6055e-02,  3.9492e-01,  1.6026e-01,  3.9086e-01,  1.8494e-01,
         -2.6938e-01, -2.5512e-01, -3.7316e-01,  1.7801e-01,  4.6960e-01,
         -7.0756e-02],
        [ 1.9486e-01, -3.5054e-02,  2.1270e-01, -4.3541e-02, -2.0118e-01,
         -1.5515e-01, -8.8278e-02, -4.1257e-01, -5.2011e-01,  1.6120e-01,
         -1.0044e-01,  2.0947e-01, -8.8760e-02,  1.7849e-02, -5.0340e-01,
         -1.6026e-02],
        [-2.1950e-01,  6.0650e-02,  1.7158e-01, -2.1630e-01, -4.9893e-01,
         -2.3451e-01, -1.1752e-02, -4.4874e-01, -4.5030e-01, -4.2552e-02,
         -1.2755e-01,  1.9528e-01,  2.5604e-01, -2.8381e-01, -2.9848e-01,
          1.9495e-01],
        [-1.1708e-01,  6.6331e-02,  1.3034e-01, -1.2063e-01, -2.6427e-01,
         -2.9805e-01, -5.3523e-02, -3.2695e-01, -3.0252e-01, -1.3496e-01,
         -2.7184e-01,  2.8085e-01, -1.1765e-01, -8.5405e-03, -6.5934e-01,
         -5.9417e-02],
        [-1.3897e-01,  1.0237e-01,  7.2385e-02, -1.3611e-01,  2.2516e-01,
          1.2385e-01, -4.9413e-02,  4.4499e-01,  5.8012e-01, -1.7489e-01,
          3.1046e-01, -1.8994e-01, -2.0585e-01,  8.4876e-02,  4.7235e-01,
         -4.9169e-02],
        [-2.4364e-01,  4.2805e-01,  8.5155e-02, -1.3692e-01,  1.5928e-01,
          3.7035e-01,  2.0844e-01,  3.1758e-01,  6.0418e-01,  1.1781e-01,
          8.8899e-02, -1.7123e-01, -2.3562e-01,  2.6621e-01,  1.9462e-01,
         -2.1185e-01],
        [ 4.0873e-02,  1.0121e-01,  1.6516e-01, -5.1933e-02,  3.4955e-01,
          5.6501e-02,  2.4655e-01,  3.5277e-01,  4.6745e-01,  1.6274e-01,
          3.6193e-01, -1.2316e-01, -3.7849e-01, -4.9189e-02,  3.3707e-01,
         -3.8448e-02],
        [ 2.0030e-01, -3.7404e-02,  1.8608e-03, -6.5765e-02, -2.6917e-01,
          3.6741e-02, -4.0706e-02, -5.2624e-01, -6.1193e-01,  4.2121e-02,
         -1.0038e-01,  2.0082e-01, -5.7036e-02,  1.7275e-02, -4.6705e-01,
         -9.4414e-02],
        [ 3.8071e-02,  1.8174e-01,  1.7950e-01,  1.2675e-01, -4.5109e-01,
          1.2347e-02,  7.3616e-02, -2.6810e-01, -5.3292e-01,  2.2258e-02,
         -2.9199e-01,  2.8223e-01,  5.0785e-02, -1.2343e-01, -6.3654e-01,
          7.0846e-02],
        [-2.0739e-01, -9.3920e-02,  1.1358e-01, -1.7463e-01,  5.3654e-01,
          3.6104e-01, -2.6468e-02,  3.2268e-01,  2.8217e-01,  1.2831e-04,
          1.9385e-01, -4.9977e-01, -2.0452e-02,  6.7987e-02,  3.3458e-01,
          4.7757e-04],
        [-1.5080e-01, -3.4406e-01,  7.9699e-02,  1.4719e-01, -4.8114e-01,
         -2.2569e-02, -1.7445e-01, -5.0048e-01, -4.2498e-01,  6.1136e-02,
         -4.3349e-02,  5.7567e-01,  1.5540e-01, -1.6480e-01, -1.2604e-01,
          6.0453e-03],
        [ 8.8991e-02,  9.8393e-02, -2.5927e-02, -1.7660e-01, -4.5490e-01,
          2.0342e-02,  6.2952e-02, -1.6483e-01, -6.2443e-01,  3.0027e-02,
          4.8749e-02,  4.2865e-01,  2.6059e-01,  3.8374e-02, -3.7943e-01,
         -2.3771e-01],
        [-1.8727e-01,  2.5861e-01, -1.0290e-01,  3.2932e-02,  2.7848e-01,
          2.4297e-01,  2.8055e-01,  4.1803e-01,  2.4572e-01,  1.6028e-01,
         -5.0232e-02, -3.5997e-01, -1.9902e-01, -6.1858e-02,  3.8703e-01,
         -5.4382e-02],
        [ 2.3198e-01, -3.0163e-01,  6.4520e-02, -2.2435e-01, -4.3831e-01,
         -3.5435e-01, -3.7520e-01, -1.8048e-01, -5.9617e-01, -5.2050e-02,
          1.3197e-01,  1.1850e-01,  3.8353e-01,  1.6512e-01, -1.5668e-01,
          1.3825e-01],
        [ 3.9136e-01, -2.9865e-01,  1.9723e-01, -3.7973e-02, -5.8462e-01,
         -2.1852e-01, -4.6596e-01, -1.9668e-01, -2.4247e-01, -2.1952e-01,
          5.9390e-02,  4.5109e-01,  1.1502e-01,  3.5519e-02, -1.9665e-01,
          1.5666e-01],
        [-4.3364e-02,  2.4313e-01,  1.1730e-01, -1.9264e-01,  3.6636e-01,
         -6.6354e-02,  2.6057e-01,  5.0977e-01,  3.2790e-01, -7.8346e-02,
         -4.3292e-02, -3.5089e-01, -1.5179e-01, -3.8666e-02,  4.7859e-01,
         -1.1725e-01],
        [ 1.9723e-03,  1.9124e-02,  7.0288e-02,  3.0100e-01,  2.7392e-01,
          9.8390e-02,  2.2623e-01,  1.9376e-01,  3.5169e-01,  1.4391e-01,
          3.2349e-01, -5.1413e-01, -2.6514e-01, -2.4249e-01,  2.0990e-01,
          1.4925e-01],
        [ 3.6939e-01, -3.4776e-01, -2.6171e-02, -1.0070e-01, -2.3303e-01,
         -3.6436e-01, -3.8590e-01, -4.2817e-01, -4.3917e-01, -9.4032e-02,
          2.5254e-01,  4.0268e-01,  7.9244e-02,  2.3267e-01, -7.5074e-02,
          1.6769e-01],
        [ 1.2347e-02,  7.0980e-02,  1.0466e-01, -1.8505e-01, -2.8765e-01,
         -8.4558e-02, -1.7669e-02, -4.1305e-01, -5.3710e-01, -9.8179e-02,
         -1.8649e-01,  4.3927e-01,  1.6942e-01, -1.2486e-01, -3.8415e-01,
         -1.9623e-01],
        [ 3.5168e-02, -3.4976e-01, -1.9955e-02,  1.5658e-02, -6.5444e-02,
         -1.9708e-01,  1.5098e-01, -3.4542e-01, -6.7020e-01,  2.4404e-01,
          1.0428e-01,  1.4926e-01, -1.7562e-02,  4.7909e-02, -5.4320e-01,
          1.7235e-01],
        [-1.3127e-01, -1.2673e-01, -1.0783e-01,  2.2194e-01, -3.0541e-01,
         -1.7118e-01,  7.1733e-02, -4.9858e-01, -4.1517e-01, -1.6284e-01,
         -3.6726e-01,  2.0397e-01,  1.1267e-01,  1.3158e-01, -5.8760e-01,
         -8.1899e-02],
        [ 3.4882e-01, -1.9767e-01,  2.9607e-01, -3.3721e-01, -4.4095e-01,
         -1.1757e-01, -5.7062e-01, -2.5157e-01, -5.8287e-01, -4.0600e-03,
          2.0591e-01,  2.8654e-01,  4.6116e-01,  2.9816e-01, -9.1687e-02,
          3.2301e-01],
        [-1.9341e-01,  2.4771e-01,  1.7833e-01,  9.0794e-02,  5.0456e-01,
         -1.6719e-02,  3.0352e-01,  3.6893e-01,  1.9560e-01, -4.9745e-02,
          2.9630e-01, -4.4709e-01, -2.2960e-01, -4.4785e-02,  2.2126e-01,
          1.6293e-02],
        [ 1.5708e-01, -1.3057e-01, -3.2432e-02, -2.9117e-03, -4.5531e-01,
         -2.2168e-01, -6.6601e-02, -5.1036e-01, -2.2092e-01,  4.2534e-02,
         -4.9367e-02,  2.9571e-01,  3.6141e-01,  1.3172e-01, -1.7491e-01,
          1.1862e-01],
        [-3.1622e-01,  3.5719e-01, -2.6736e-01,  2.2156e-01,  1.5970e-01,
          1.4263e-01,  4.6897e-01,  5.0265e-01,  5.1949e-01,  2.0028e-01,
          8.1273e-02, -2.6023e-01, -1.0823e-01,  1.0012e-01,  2.7172e-01,
         -2.1109e-01],
        [-2.6538e-01,  2.1852e-01,  4.8924e-02, -5.6781e-02,  4.2537e-01,
          3.5340e-01,  4.4362e-01,  1.7289e-01,  4.1973e-01,  2.4542e-01,
         -3.0938e-01, -1.9757e-01, -4.7574e-01, -1.7379e-01,  1.9370e-01,
         -1.7752e-01],
        [-1.2690e-01, -5.9704e-02,  5.8190e-02,  8.5092e-02, -1.0901e-01,
         -2.4800e-01, -2.9543e-01, -5.3437e-01, -5.4141e-01, -8.8671e-02,
         -2.0076e-03,  1.2906e-01, -6.7114e-02,  4.9584e-02, -4.8898e-01,
          2.6719e-02]], device='cuda:0', requires_grad=True)

Parameter name: road_linear_0.bias
Shape: torch.Size([32])
Values: Parameter containing:
tensor([-0.0962,  0.1224,  0.1787, -0.1870,  0.1528, -0.1423, -0.0119,  0.1236,
        -0.1104,  0.1138, -0.0304,  0.1094, -0.0147, -0.0714,  0.1260, -0.0222,
        -0.1674, -0.0560,  0.1833,  0.1219,  0.0825, -0.0898,  0.0856, -0.0876,
        -0.2050, -0.0124,  0.2294,  0.0595, -0.0311, -0.2498, -0.0602, -0.0553],
       device='cuda:0', requires_grad=True)

Parameter name: road_linear_1.weight
Shape: torch.Size([1, 32])
Values: Parameter containing:
tensor([[ 0.4808,  0.6485, -0.4065, -0.5504,  0.6239,  0.5773, -0.5510, -0.6218,
         -0.5614,  0.6808,  0.4743,  0.6452, -0.5567, -0.7202,  0.5790, -0.5577,
         -0.5740,  0.5475, -0.3794, -0.4219,  0.7027,  0.4737, -0.5289, -0.6472,
         -0.6080, -0.6544, -0.4847,  0.6118, -0.5597,  0.6008,  0.4334, -0.4818]],
       device='cuda:0', requires_grad=True)

Parameter name: linear_0.weight
Shape: torch.Size([32, 39])
Values: Parameter containing:
tensor([[-0.0239,  0.1001,  0.0556,  ...,  0.1842, -0.4583, -0.1137],
        [-0.1394, -0.0336,  0.1384,  ...,  0.0554, -0.4537,  0.0871],
        [ 0.0279, -0.0422,  0.0242,  ...,  0.0629,  0.4275,  0.0345],
        ...,
        [ 0.1403, -0.1608, -0.0390,  ..., -0.1719,  0.1708, -0.1180],
        [ 0.1147, -0.2179, -0.0745,  ..., -0.2302,  0.3046,  0.1557],
        [-0.2168,  0.1770,  0.0700,  ...,  0.0787, -0.4222, -0.0509]],
       device='cuda:0', requires_grad=True)

Parameter name: linear_0.bias
Shape: torch.Size([32])
Values: Parameter containing:
tensor([ 0.0828,  0.0297, -0.0636, -0.1381, -0.0831,  0.0416, -0.0865,  0.0704,
        -0.0386,  0.0487,  0.0487,  0.0184, -0.0245,  0.1038, -0.0252, -0.0159,
         0.0509, -0.1642, -0.0034,  0.0899, -0.0915,  0.0021,  0.1174,  0.0497,
        -0.1093,  0.1112,  0.0575, -0.1478,  0.0446,  0.1952,  0.1814, -0.1050],
       device='cuda:0', requires_grad=True)

Parameter name: linear_1.weight
Shape: torch.Size([32, 32])
Values: Parameter containing:
tensor([[ 0.0896, -0.2129, -0.0060,  ...,  0.1039, -0.0047,  0.0583],
        [-0.1931, -0.0570,  0.1957,  ...,  0.2000,  0.0099,  0.0318],
        [ 0.1280, -0.0273, -0.2422,  ..., -0.1810, -0.0196,  0.2074],
        ...,
        [ 0.1327,  0.0912,  0.0270,  ...,  0.0396, -0.2264,  0.3136],
        [ 0.0397, -0.2145,  0.1373,  ...,  0.3221,  0.2655, -0.1427],
        [ 0.0124, -0.1327,  0.2811,  ...,  0.2685,  0.1502, -0.0638]],
       device='cuda:0', requires_grad=True)

Parameter name: linear_1.bias
Shape: torch.Size([32])
Values: Parameter containing:
tensor([ 0.1483,  0.1899, -0.0699, -0.1533,  0.0394, -0.0056, -0.0975,  0.0523,
         0.2079, -0.1788,  0.1379, -0.1944,  0.2372,  0.0730, -0.0700,  0.2075,
        -0.0045, -0.1921,  0.0662,  0.0661, -0.0798,  0.0632, -0.2385,  0.2275,
         0.0102, -0.0983,  0.0794,  0.0131, -0.1946, -0.0849,  0.1966,  0.0562],
       device='cuda:0', requires_grad=True)

Parameter name: linear_2.weight
Shape: torch.Size([1, 32])
Values: Parameter containing:
tensor([[ 0.9971,  0.9238, -0.9827, -0.9627,  0.8301,  0.8470, -0.8981,  0.8154,
          0.8816, -0.9479, -0.8601,  0.8685,  0.8644,  0.8731,  0.8882,  0.8621,
         -0.9818, -1.0057,  0.8590,  0.8496, -0.9100, -0.9073, -1.0114,  0.8644,
          0.9510,  0.9899, -0.9827,  0.9616, -0.9022, -1.0024,  0.9111,  0.9830]],
       device='cuda:0', requires_grad=True)

Parameter name: linear_2.bias
Shape: torch.Size([1])
Values: Parameter containing:
tensor([0.7386], device='cuda:0', requires_grad=True)

