Parameter name: road_linear_0.weight
Shape: torch.Size([32, 16])
Values: Parameter containing:
tensor([[-0.3281,  0.5195,  0.0443, -0.0490,  0.3825,  0.2243,  0.4427,  0.1712,
          0.3484,  0.1942,  0.1087, -0.3115, -0.4321, -0.2905,  0.3510,  0.0949],
        [-0.0846, -0.1651,  0.0868, -0.1506,  0.1428,  0.2121,  0.0280,  0.3765,
          0.7407, -0.0667,  0.3047, -0.4545,  0.0841,  0.1382,  0.7225,  0.0972],
        [ 0.2039, -0.2772,  0.4059, -0.1400, -0.4022, -0.3986, -0.3070, -0.6508,
         -0.1713, -0.0826,  0.1402,  0.1589,  0.7034,  0.3314, -0.0875,  0.3086],
        [ 0.0315, -0.1014, -0.1597,  0.1116, -0.1427, -0.1242,  0.0277, -0.2720,
         -0.7230, -0.1563, -0.2288,  0.4872,  0.1660, -0.3680, -0.4735, -0.0766],
        [ 0.1035,  0.2542,  0.0468, -0.1845,  0.2790,  0.0298, -0.0803,  0.5199,
          0.4631,  0.0701,  0.3454, -0.2883,  0.0525, -0.0277,  0.5517,  0.0342],
        [-0.1364,  0.5688, -0.3896,  0.4189,  0.5982,  0.0327,  0.4995,  0.1700,
          0.3750,  0.2221, -0.3186, -0.2456, -0.4529,  0.1205,  0.4293, -0.1245],
        [ 0.1737, -0.0178,  0.1908, -0.0226, -0.1964, -0.1374, -0.0713, -0.4260,
         -0.5566,  0.1857, -0.1344,  0.2063, -0.1068,  0.0029, -0.5265, -0.0374],
        [-0.2296,  0.0660,  0.1571, -0.2002, -0.4922, -0.2201, -0.0051, -0.4597,
         -0.4748, -0.0259, -0.1494,  0.1945,  0.2488, -0.2903, -0.3128,  0.1813],
        [-0.1429,  0.0875,  0.1051, -0.0970, -0.2698, -0.2831, -0.0300, -0.3522,
         -0.3541, -0.1064, -0.3127,  0.2881, -0.1384, -0.0275, -0.6994, -0.0856],
        [-0.1138,  0.0788,  0.0969, -0.1590,  0.2253,  0.1083, -0.0733,  0.4653,
          0.6282, -0.2031,  0.3484, -0.1904, -0.1839,  0.1030,  0.5098, -0.0237],
        [-0.2677,  0.4561,  0.0710, -0.1329,  0.1614,  0.3810,  0.2459,  0.3233,
          0.5968,  0.1249,  0.0773, -0.1691, -0.2682,  0.2465,  0.1782, -0.2243],
        [ 0.0579,  0.0884,  0.1847, -0.0716,  0.3436,  0.0420,  0.2318,  0.3685,
          0.5017,  0.1404,  0.3922, -0.1242, -0.3647, -0.0368,  0.3608, -0.0197],
        [ 0.1727, -0.0106, -0.0229, -0.0434, -0.2644,  0.0538, -0.0181, -0.5407,
         -0.6557,  0.0714, -0.1393,  0.1932, -0.0812, -0.0018, -0.4942, -0.1200],
        [ 0.0139,  0.2029,  0.1556,  0.1492, -0.4569,  0.0252,  0.0965, -0.2925,
         -0.5839,  0.0500, -0.3301,  0.2877,  0.0313, -0.1411, -0.6784,  0.0457],
        [-0.1815, -0.1183,  0.1370, -0.1963,  0.5365,  0.3462, -0.0484,  0.3421,
          0.3303, -0.0282,  0.2322, -0.4987,  0.0013,  0.0857,  0.3665,  0.0254],
        [-0.1640, -0.3292,  0.0689,  0.1591, -0.4689, -0.0138, -0.1697, -0.5058,
         -0.4500,  0.0794, -0.0662,  0.5629,  0.1457, -0.1708, -0.1277, -0.0070],
        [ 0.0641,  0.1179, -0.0525, -0.1514, -0.4561,  0.0399,  0.0876, -0.1890,
         -0.6743,  0.0580,  0.0073,  0.4369,  0.2374,  0.0187, -0.4189, -0.2638],
        [-0.2355,  0.3050, -0.1428,  0.0549,  0.2965,  0.2742,  0.3554,  0.4226,
          0.2274,  0.1832, -0.0830, -0.3526, -0.2569, -0.1009,  0.3520, -0.0861],
        [ 0.3106, -0.3742,  0.1316, -0.2656, -0.4902, -0.4050, -0.4882, -0.1995,
         -0.5812, -0.0968,  0.1855,  0.1255,  0.4797,  0.2292, -0.1307,  0.1978],
        [ 0.4554, -0.3520,  0.2607, -0.0794, -0.6528, -0.2779, -0.5745, -0.2204,
         -0.2493, -0.2506,  0.1025,  0.4533,  0.1974,  0.0884, -0.1751,  0.2069],
        [-0.0316,  0.2296,  0.1271, -0.2038,  0.3496, -0.0775,  0.2574,  0.5095,
          0.3431, -0.0954, -0.0246, -0.3314, -0.1412, -0.0336,  0.4711, -0.1055],
        [-0.0059,  0.0338,  0.0693,  0.2951,  0.2893,  0.1102,  0.2475,  0.2126,
          0.3692,  0.1382,  0.3285, -0.5195, -0.2860, -0.2484,  0.2171,  0.1494],
        [ 0.4377, -0.4080,  0.0361, -0.1405, -0.2891, -0.4172, -0.4928, -0.4447,
         -0.4347, -0.1303,  0.3000,  0.4041,  0.1649,  0.2888, -0.0496,  0.2200],
        [-0.0143,  0.0955,  0.0802, -0.1624, -0.2869, -0.0681,  0.0060, -0.4333,
         -0.5857, -0.0695, -0.2269,  0.4409,  0.1458, -0.1440, -0.4175, -0.2220],
        [ 0.0105, -0.3289, -0.0465,  0.0404, -0.0608, -0.1751,  0.1756, -0.3639,
         -0.7131,  0.2715,  0.0653,  0.1504, -0.0417,  0.0288, -0.5782,  0.1469],
        [-0.1632, -0.0931, -0.1346,  0.2451, -0.3001, -0.1543,  0.0984, -0.5102,
         -0.4656, -0.1296, -0.4080,  0.1892,  0.0841,  0.1098, -0.6161, -0.1102],
        [ 0.4241, -0.2602,  0.3752, -0.3938, -0.5221, -0.1864, -0.6928, -0.2866,
         -0.5984, -0.0473,  0.2566,  0.3021,  0.5663,  0.3655, -0.0800,  0.3925],
        [-0.1966,  0.2539,  0.1795,  0.0846,  0.5002, -0.0152,  0.3164,  0.3772,
          0.2073, -0.0573,  0.3034, -0.4433, -0.2394, -0.0494,  0.2203,  0.0186],
        [ 0.1809, -0.1594, -0.0211, -0.0045, -0.4557, -0.2277, -0.1001, -0.5171,
         -0.2141,  0.0356, -0.0394,  0.2968,  0.3909,  0.1504, -0.1637,  0.1297],
        [-0.3761,  0.4072, -0.3274,  0.2605,  0.2073,  0.1956,  0.5703,  0.5136,
          0.5150,  0.2300,  0.0379, -0.2529, -0.1850,  0.0497,  0.2381, -0.2573],
        [-0.3397,  0.2867, -0.0174, -0.0150,  0.4866,  0.4103,  0.5549,  0.1969,
          0.4137,  0.2861, -0.3598, -0.2054, -0.5700, -0.2348,  0.1707, -0.2348],
        [-0.1457, -0.0449,  0.0373,  0.1055, -0.1011, -0.2286, -0.2789, -0.5479,
         -0.5750, -0.0660, -0.0348,  0.1273, -0.0849,  0.0361, -0.5101,  0.0067]],
       device='cuda:0', requires_grad=True)

Parameter name: road_linear_0.bias
Shape: torch.Size([32])
Values: Parameter containing:
tensor([-0.1134,  0.1549,  0.2026, -0.2317,  0.2013, -0.1645, -0.0296,  0.1352,
        -0.1476,  0.1448, -0.0713,  0.1138, -0.0584, -0.1038,  0.1717, -0.0429,
        -0.1852, -0.0866,  0.2205,  0.1271,  0.0968, -0.1049,  0.1049, -0.1248,
        -0.2229, -0.0578,  0.2347,  0.0479,  0.0156, -0.2557, -0.0895, -0.0635],
       device='cuda:0', requires_grad=True)

Parameter name: road_linear_1.weight
Shape: torch.Size([1, 32])
Values: Parameter containing:
tensor([[ 0.5549,  0.7195, -0.4989, -0.6240,  0.6979,  0.6542, -0.6368, -0.6991,
         -0.6495,  0.7571,  0.5488,  0.7299, -0.6428, -0.8036,  0.6530, -0.6212,
         -0.6603,  0.6188, -0.4639, -0.4981,  0.7749,  0.5415, -0.6110, -0.7279,
         -0.6928, -0.7268, -0.5761,  0.6755, -0.6330,  0.6775,  0.5186, -0.5608]],
       device='cuda:0', requires_grad=True)

Parameter name: linear_0.weight
Shape: torch.Size([32, 39])
Values: Parameter containing:
tensor([[-0.0259,  0.1084,  0.0533,  ...,  0.2001, -0.6695, -0.1137],
        [-0.1402, -0.0351,  0.1418,  ...,  0.0523, -0.5827,  0.0871],
        [ 0.0282, -0.0395,  0.0210,  ...,  0.0651,  0.6138,  0.0345],
        ...,
        [ 0.1382, -0.1532, -0.0415,  ..., -0.1689,  0.2893, -0.1180],
        [ 0.1113, -0.2125, -0.0736,  ..., -0.2316,  0.4633,  0.1557],
        [-0.2241,  0.1952,  0.0701,  ...,  0.0848, -0.5893, -0.0509]],
       device='cuda:0', requires_grad=True)

Parameter name: linear_0.bias
Shape: torch.Size([32])
Values: Parameter containing:
tensor([ 8.7074e-02,  2.6182e-02, -6.0196e-02, -1.3276e-01, -8.6310e-02,
         4.3873e-02, -8.2898e-02,  7.0442e-02, -4.0781e-02,  4.8021e-02,
         5.2367e-02,  1.3136e-02, -2.4068e-02,  1.0740e-01, -2.0285e-02,
        -1.8157e-02,  5.6391e-02, -1.6645e-01, -1.1468e-04,  9.4193e-02,
        -9.7469e-02, -6.7308e-03,  1.1982e-01,  6.1908e-02, -1.0810e-01,
         1.1363e-01,  6.1920e-02, -1.5946e-01,  4.6720e-02,  1.9846e-01,
         1.8065e-01, -1.0215e-01], device='cuda:0', requires_grad=True)

Parameter name: linear_1.weight
Shape: torch.Size([32, 32])
Values: Parameter containing:
tensor([[ 0.0984, -0.2226,  0.0118,  ...,  0.1146, -0.0039,  0.0737],
        [-0.1862, -0.0648,  0.2125,  ...,  0.2088,  0.0094,  0.0444],
        [ 0.1386, -0.0353, -0.2398,  ..., -0.1735, -0.0096,  0.2191],
        ...,
        [ 0.1484,  0.0864,  0.0224,  ...,  0.0470, -0.2325,  0.3570],
        [ 0.0576, -0.2344,  0.1659,  ...,  0.3425,  0.2757, -0.1165],
        [ 0.0186, -0.1388,  0.2940,  ...,  0.2760,  0.1471, -0.0500]],
       device='cuda:0', requires_grad=True)

Parameter name: linear_1.bias
Shape: torch.Size([32])
Values: Parameter containing:
tensor([ 0.1590,  0.1987, -0.0629, -0.1657,  0.0406, -0.0014, -0.1017,  0.0736,
         0.2263, -0.1726,  0.1367, -0.1390,  0.2531,  0.0703, -0.0534,  0.2268,
         0.0645, -0.1966,  0.0627,  0.0775, -0.0947,  0.0627, -0.2320,  0.2337,
         0.0170, -0.0297,  0.0857,  0.0011, -0.2049, -0.0755,  0.2165,  0.0642],
       device='cuda:0', requires_grad=True)

Parameter name: linear_2.weight
Shape: torch.Size([1, 32])
Values: Parameter containing:
tensor([[ 1.1950,  1.1253, -1.2033, -1.1590,  1.0441,  1.0574, -1.1078,  1.0061,
          1.0740, -1.1705, -1.0698,  1.0570,  1.0617,  1.0910,  1.0800,  1.0522,
         -1.1722, -1.2121,  1.0758,  1.0487, -1.1054, -1.1210, -1.2313,  1.0685,
          1.1551,  1.1877, -1.1997,  1.1839, -1.1017, -1.2174,  1.1010,  1.1860]],
       device='cuda:0', requires_grad=True)

Parameter name: linear_2.bias
Shape: torch.Size([1])
Values: Parameter containing:
tensor([0.9270], device='cuda:0', requires_grad=True)

