Parameter name: road_linear_0.weight
Shape: torch.Size([32, 16])
Values: Parameter containing:
tensor([[-2.6947e-01,  4.5506e-01,  8.4384e-02, -6.6128e-02,  2.6914e-01,
          1.5697e-01,  3.5074e-01,  7.3355e-02,  3.1310e-01,  1.7094e-01,
          6.9426e-02, -2.2940e-01, -3.8110e-01, -2.9461e-01,  3.6338e-01,
          1.2042e-01],
        [-1.5384e-01, -9.8456e-02,  5.7171e-03, -7.6989e-02,  6.0618e-02,
          2.2063e-01,  1.2084e-01,  2.1535e-01,  5.0896e-01,  1.7740e-02,
          1.5790e-01, -2.9288e-01,  1.5585e-02,  4.5876e-02,  5.3098e-01,
          1.4121e-02],
        [ 3.3772e-02, -1.2446e-01,  2.9543e-01, -7.7360e-02, -2.0968e-01,
         -3.0914e-01, -9.9825e-02, -5.2505e-01, -1.1714e-01,  6.8513e-03,
          7.4330e-02,  3.5463e-02,  5.0341e-01,  2.5472e-01, -5.8089e-02,
          2.0728e-01],
        [ 1.3641e-01, -2.1456e-01, -5.5446e-02,  1.9624e-02, -1.1179e-01,
         -1.4681e-01, -9.0810e-02, -1.4183e-01, -5.0163e-01, -2.6561e-01,
         -4.6272e-02,  3.7836e-01,  2.8872e-01, -2.4508e-01, -3.0547e-01,
          2.9951e-02],
        [-9.3954e-03,  3.8288e-01, -6.0206e-02, -9.2957e-02,  2.6441e-01,
          4.9840e-02,  3.9295e-02,  4.0835e-01,  2.6411e-01,  1.8411e-01,
          1.5947e-01, -2.1165e-01, -7.7624e-02, -1.5663e-01,  4.0521e-01,
         -7.4629e-02],
        [ 1.6702e-02,  4.4229e-01, -2.7651e-01,  3.4992e-01,  4.4032e-01,
         -5.2745e-02,  3.0994e-01,  6.2195e-02,  3.6476e-01,  1.3607e-01,
         -2.8277e-01, -1.5360e-01, -3.1520e-01,  1.8386e-01,  4.5261e-01,
         -3.0241e-02],
        [ 2.6461e-01, -8.6657e-02,  2.8537e-01, -1.0587e-01, -1.5280e-01,
         -1.6848e-01, -1.6791e-01, -3.1652e-01, -3.7680e-01,  9.3159e-02,
          3.4215e-02,  1.1379e-01, -1.0678e-02,  1.1970e-01, -4.0676e-01,
          5.5158e-02],
        [-1.6158e-01,  3.9087e-02,  2.3974e-01, -2.7655e-01, -4.4218e-01,
         -2.5672e-01, -8.3477e-02, -3.5375e-01, -3.2664e-01, -1.0303e-01,
         -8.2168e-03,  9.5570e-02,  3.1389e-01, -1.8901e-01, -2.0751e-01,
          2.5908e-01],
        [-4.6803e-02,  8.5538e-03,  2.0932e-01, -1.9047e-01, -1.9957e-01,
         -3.1474e-01, -1.4694e-01, -2.0041e-01, -1.1964e-01, -2.1170e-01,
         -1.3412e-01,  1.3974e-01, -3.6983e-02,  9.1316e-02, -5.2121e-01,
          1.6549e-02],
        [-2.0541e-01,  1.7739e-01,  5.0130e-04, -7.3611e-02,  1.8086e-01,
          1.2922e-01,  3.5014e-02,  3.2726e-01,  4.0942e-01, -1.0487e-01,
          1.8116e-01, -6.8256e-02, -2.8850e-01, -8.3304e-03,  3.3742e-01,
         -1.2058e-01],
        [-2.7265e-01,  4.2371e-01,  3.9686e-02, -9.4002e-02,  8.4928e-02,
          3.7877e-01,  2.4842e-01,  2.2024e-01,  5.0398e-01,  1.5577e-01,
         -7.5824e-03, -6.9088e-02, -2.6528e-01,  1.9215e-01,  1.1945e-01,
         -2.5401e-01],
        [-2.1224e-02,  1.4166e-01,  9.2673e-02,  1.2746e-02,  2.8334e-01,
          7.3910e-02,  3.2787e-01,  2.3572e-01,  3.0620e-01,  2.3210e-01,
          2.3186e-01,  1.9638e-03, -4.4768e-01, -1.4514e-01,  2.1709e-01,
         -1.0721e-01],
        [ 2.8151e-01, -1.2118e-01,  8.0183e-02, -1.3104e-01, -2.4242e-01,
          2.7986e-02, -1.2765e-01, -4.4176e-01, -4.8028e-01, -3.2139e-02,
          4.5388e-02,  1.2588e-01,  4.1866e-02,  1.2681e-01, -3.7722e-01,
         -1.5935e-02],
        [ 1.0860e-01,  1.0447e-01,  2.5475e-01,  6.1173e-02, -4.0515e-01,
          7.1536e-03, -1.5212e-02, -1.5083e-01, -3.5823e-01, -5.1366e-02,
         -1.5672e-01,  1.5779e-01,  1.3750e-01, -2.5703e-02, -5.0095e-01,
          1.4570e-01],
        [-2.7874e-01, -2.5729e-02,  3.6577e-02, -1.0791e-01,  4.9003e-01,
          3.7806e-01,  6.4702e-02,  2.0800e-01,  1.1501e-01,  7.4689e-02,
          5.8389e-02, -3.7728e-01, -1.0869e-01, -3.0586e-02,  2.0758e-01,
         -7.3834e-02],
        [-9.0768e-02, -4.0854e-01,  1.3994e-01,  9.7587e-02, -4.5096e-01,
         -2.4103e-02, -2.3748e-01, -4.2833e-01, -3.3641e-01,  6.6768e-03,
          8.3900e-02,  5.1181e-01,  2.3963e-01, -7.2436e-02, -7.0691e-02,
          6.5697e-02],
        [ 1.6928e-01,  2.8915e-02,  5.7477e-02, -2.5008e-01, -4.1088e-01,
          6.9184e-03, -3.2286e-02, -5.3911e-02, -4.4425e-01, -5.3124e-02,
          1.9602e-01,  3.1552e-01,  3.5230e-01,  1.4804e-01, -2.5489e-01,
         -1.5542e-01],
        [-1.7520e-01,  2.2283e-01, -1.1437e-01,  5.0081e-02,  1.9771e-01,
          2.4087e-01,  2.7287e-01,  3.3477e-01,  2.0297e-01,  1.6407e-01,
         -1.0971e-01, -2.6933e-01, -1.9622e-01, -1.0459e-01,  3.5077e-01,
         -6.5691e-02],
        [ 1.5453e-01, -2.1871e-01,  4.4679e-02, -2.2529e-01, -3.0683e-01,
         -3.3331e-01, -3.0956e-01, -6.4703e-02, -5.2090e-01, -2.5310e-02,
          1.2828e-01, -5.6407e-03,  2.8006e-01,  1.7011e-01, -8.4621e-02,
          1.1301e-01],
        [ 3.1039e-01, -2.1933e-01,  1.7077e-01, -3.0272e-02, -4.4174e-01,
         -1.9256e-01, -3.9323e-01, -7.7569e-02, -1.7850e-01, -1.8443e-01,
          6.1844e-02,  3.2789e-01,  3.0087e-02,  4.2103e-02, -1.2671e-01,
          1.2676e-01],
        [-1.0265e-01,  3.1317e-01,  6.1254e-02, -1.4685e-01,  3.4972e-01,
         -6.4056e-02,  3.1904e-01,  4.5250e-01,  2.5859e-01, -2.7615e-02,
         -1.6953e-01, -3.0784e-01, -2.4401e-01, -1.2783e-01,  4.4894e-01,
         -1.7499e-01],
        [-2.9189e-02,  6.7378e-03,  1.7711e-02,  3.5104e-01,  1.6256e-01,
          9.6615e-02,  2.7495e-01,  6.8493e-02,  2.1045e-01,  1.8983e-01,
          2.1774e-01, -3.8171e-01, -2.7795e-01, -3.2304e-01,  9.9820e-02,
          1.0226e-01],
        [ 2.9647e-01, -2.6945e-01, -4.6113e-02, -9.8925e-02, -1.0612e-01,
         -3.4840e-01, -3.2254e-01, -3.1971e-01, -3.8007e-01, -6.5230e-02,
          2.5442e-01,  2.8606e-01, -5.3255e-03,  2.4010e-01, -1.2305e-02,
          1.4345e-01],
        [ 9.8016e-02,  2.1827e-03,  1.9122e-01, -2.5981e-01, -2.6357e-01,
         -1.1038e-01, -1.1649e-01, -3.1994e-01, -3.9134e-01, -1.8269e-01,
         -4.0821e-02,  3.4888e-01,  2.6814e-01, -1.1908e-02, -2.7618e-01,
         -1.1152e-01],
        [ 1.1226e-01, -4.2699e-01,  5.7713e-02, -5.1519e-02, -2.7126e-02,
         -2.0516e-01,  6.1412e-02, -2.4202e-01, -4.9786e-01,  1.6740e-01,
          2.4873e-01,  4.7722e-02,  7.7170e-02,  1.5283e-01, -4.2747e-01,
          2.5046e-01],
        [-4.0149e-02, -2.3541e-01, -2.0029e-02,  1.4867e-01, -3.1134e-01,
         -1.8262e-01, -2.8926e-02, -4.2286e-01, -2.8137e-01, -2.5119e-01,
         -2.1903e-01,  1.5380e-01,  2.2845e-01,  2.4542e-01, -4.8280e-01,
          5.2108e-03],
        [ 1.9583e-01, -1.1314e-01,  2.1055e-01, -2.8811e-01, -2.7629e-01,
         -5.8359e-02, -4.1603e-01, -1.1932e-01, -4.9144e-01,  7.5913e-02,
          1.5454e-01,  1.5892e-01,  3.1214e-01,  2.4126e-01, -1.8509e-02,
          2.3628e-01],
        [-2.3507e-01,  2.6688e-01,  1.2448e-01,  1.3890e-01,  4.2935e-01,
         -1.2935e-02,  3.5859e-01,  2.6537e-01,  8.4245e-02, -2.4757e-03,
          1.8374e-01, -3.3813e-01, -2.7787e-01, -1.2763e-01,  1.3428e-01,
         -3.3915e-02],
        [ 1.8395e-01, -1.1904e-01,  1.4487e-02, -4.7922e-02, -3.7967e-01,
         -2.3614e-01, -1.0904e-01, -4.1188e-01, -1.1844e-01,  3.5660e-03,
          4.3216e-02,  1.8939e-01,  3.8562e-01,  2.0414e-01, -9.4643e-02,
          1.6065e-01],
        [-2.4170e-01,  2.8727e-01, -2.3375e-01,  2.0454e-01,  4.0661e-02,
          1.1499e-01,  3.9614e-01,  4.0853e-01,  4.8466e-01,  1.5884e-01,
          7.0945e-02, -1.5703e-01, -4.6411e-02,  9.8917e-02,  2.4054e-01,
         -1.7914e-01],
        [-1.8971e-01,  1.3659e-01,  7.1229e-02, -5.8347e-02,  2.9129e-01,
          3.2971e-01,  3.7826e-01,  5.5567e-02,  3.4212e-01,  2.1895e-01,
         -3.0680e-01, -7.2779e-02, -3.7232e-01, -1.7661e-01,  1.2215e-01,
         -1.5076e-01],
        [-5.8345e-02, -1.0582e-01,  1.3330e-01,  1.9450e-02, -6.5084e-02,
         -2.7028e-01, -3.7827e-01, -4.3512e-01, -3.9469e-01, -1.5958e-01,
          1.2985e-01,  2.8066e-02,  9.5781e-03,  1.5116e-01, -3.8530e-01,
          9.9253e-02]], device='cuda:0', requires_grad=True)

Parameter name: road_linear_0.bias
Shape: torch.Size([32])
Values: Parameter containing:
tensor([-0.1099,  0.0520,  0.1063, -0.0748,  0.0229, -0.0962,  0.0814,  0.1488,
        -0.0413,  0.0073, -0.0294,  0.0657,  0.1213,  0.0364,  0.0350,  0.0780,
        -0.0779, -0.0207,  0.1054,  0.0547, -0.0297, -0.0779,  0.0113, -0.0022,
        -0.0853,  0.1271,  0.1748,  0.0293, -0.0555, -0.2028,  0.0171,  0.0063],
       device='cuda:0', requires_grad=True)

Parameter name: road_linear_1.weight
Shape: torch.Size([1, 32])
Values: Parameter containing:
tensor([[ 0.3317,  0.4483, -0.2829, -0.3456,  0.4232,  0.4514, -0.3617, -0.4500,
         -0.3604,  0.4787,  0.3156,  0.4616, -0.3548, -0.5065,  0.3782, -0.3775,
         -0.3793,  0.4027, -0.2710, -0.3030,  0.5236,  0.3325, -0.4103, -0.4524,
         -0.4128, -0.4612, -0.3706,  0.4412, -0.4063,  0.4639,  0.3272, -0.3039]],
       device='cuda:0', requires_grad=True)

Parameter name: linear_0.weight
Shape: torch.Size([32, 39])
Values: Parameter containing:
tensor([[-0.0407,  0.1164,  0.0704,  ...,  0.1438, -0.2079, -0.1137],
        [-0.1469, -0.0214,  0.1381,  ...,  0.0557, -0.2433,  0.0871],
        [ 0.0361, -0.0551,  0.0242,  ...,  0.0657,  0.1876,  0.0345],
        ...,
        [ 0.1479, -0.1762, -0.0358,  ..., -0.1774, -0.0440, -0.1180],
        [ 0.1266, -0.2349, -0.0777,  ..., -0.2265,  0.0764,  0.1557],
        [-0.2207,  0.1775,  0.0749,  ...,  0.0597, -0.1955, -0.0509]],
       device='cuda:0', requires_grad=True)

Parameter name: linear_0.bias
Shape: torch.Size([32])
Values: Parameter containing:
tensor([ 0.0704,  0.0334, -0.0671, -0.1412, -0.0793,  0.0497, -0.0902,  0.0636,
        -0.0372,  0.0479,  0.0346,  0.0176, -0.0214,  0.1017, -0.0310, -0.0130,
         0.0462, -0.1622, -0.0133,  0.0812, -0.0827,  0.0119,  0.1135,  0.0335,
        -0.1054,  0.1066,  0.0514, -0.1315,  0.0417,  0.1881,  0.1809, -0.1090],
       device='cuda:0', requires_grad=True)

Parameter name: linear_1.weight
Shape: torch.Size([32, 32])
Values: Parameter containing:
tensor([[ 0.0910, -0.1947, -0.0886,  ...,  0.0904, -0.0167,  0.0640],
        [-0.1938, -0.0392,  0.1166,  ...,  0.1864, -0.0020,  0.0360],
        [ 0.1233, -0.0378, -0.1818,  ..., -0.1747, -0.0127,  0.1964],
        ...,
        [ 0.1355,  0.0717,  0.0821,  ...,  0.0533, -0.2017,  0.2952],
        [ 0.0350, -0.1818,  0.0413,  ...,  0.2958,  0.2411, -0.1454],
        [ 0.0153, -0.1230,  0.2201,  ...,  0.2621,  0.1478, -0.0603]],
       device='cuda:0', requires_grad=True)

Parameter name: linear_1.bias
Shape: torch.Size([32])
Values: Parameter containing:
tensor([ 0.1363,  0.1780, -0.0650, -0.1422,  0.0290, -0.0190, -0.0884,  0.0276,
         0.1895, -0.1686,  0.1459, -0.1618,  0.2231,  0.0610, -0.0894,  0.1831,
        -0.0756, -0.1828,  0.0609,  0.0555, -0.0650,  0.0697, -0.2261,  0.2170,
        -0.0015, -0.0696,  0.0896,  0.0139, -0.1814, -0.0770,  0.1722,  0.0491],
       device='cuda:0', requires_grad=True)

Parameter name: linear_2.weight
Shape: torch.Size([1, 32])
Values: Parameter containing:
tensor([[ 0.6125,  0.5343, -0.5898, -0.5824,  0.4350,  0.4517, -0.5061,  0.4448,
          0.5079, -0.5505, -0.4701,  0.4879,  0.4851,  0.4766,  0.5145,  0.4926,
         -0.6037, -0.6159,  0.4663,  0.4658, -0.5306, -0.5160, -0.6127,  0.4739,
          0.5592,  0.6086, -0.5864,  0.5745, -0.5150, -0.6043,  0.5424,  0.5965]],
       device='cuda:0', requires_grad=True)

Parameter name: linear_2.bias
Shape: torch.Size([1])
Values: Parameter containing:
tensor([0.3756], device='cuda:0', requires_grad=True)

