Parameter name: road_linear_0.weight
Shape: torch.Size([32, 16])
Values: Parameter containing:
tensor([[-2.7112e-01,  4.6820e-01,  9.4366e-02, -7.7246e-02,  3.4466e-01,
          1.6984e-01,  3.5581e-01,  1.5242e-01,  3.5883e-01,  1.6863e-01,
          1.4881e-01, -3.0718e-01, -3.5944e-01, -2.4803e-01,  3.8177e-01,
          1.3116e-01],
        [-9.9361e-02, -1.5158e-01,  6.9496e-02, -1.3279e-01,  1.1817e-01,
          2.1027e-01,  4.4644e-02,  3.3753e-01,  6.7463e-01, -4.3609e-02,
          2.7117e-01, -4.3022e-01,  7.7304e-02,  1.2530e-01,  6.6831e-01,
          7.5730e-02],
        [ 1.1268e-01, -1.9747e-01,  3.2997e-01, -9.3709e-02, -3.2808e-01,
         -3.2983e-01, -1.7759e-01, -6.1963e-01, -1.7916e-01, -3.4075e-02,
          7.5884e-02,  1.3876e-01,  5.8947e-01,  2.6254e-01, -1.0049e-01,
          2.4374e-01],
        [ 4.9250e-02, -1.1865e-01, -1.4134e-01,  9.3079e-02, -1.2181e-01,
         -1.2333e-01,  1.0551e-02, -2.3425e-01, -6.5693e-01, -1.8148e-01,
         -1.9370e-01,  4.6460e-01,  1.7559e-01, -3.5337e-01, -4.2206e-01,
         -5.4085e-02],
        [ 8.2186e-02,  2.7837e-01,  2.8215e-02, -1.6677e-01,  2.6332e-01,
          2.8267e-02, -6.2727e-02,  4.8788e-01,  3.9723e-01,  9.7563e-02,
          3.0991e-01, -2.7466e-01,  4.0182e-02, -4.3544e-02,  5.0728e-01,
          1.0912e-02],
        [-5.0421e-02,  4.9834e-01, -3.1448e-01,  3.7209e-01,  5.4606e-01,
         -2.7153e-02,  3.8133e-01,  1.4799e-01,  3.9217e-01,  1.7822e-01,
         -2.5741e-01, -2.4025e-01, -3.5558e-01,  1.8494e-01,  4.5835e-01,
         -6.3703e-02],
        [ 1.8769e-01, -2.8548e-02,  2.0918e-01, -4.1873e-02, -1.8517e-01,
         -1.4354e-01, -8.3559e-02, -3.9850e-01, -5.0791e-01,  1.6354e-01,
         -1.0371e-01,  1.9048e-01, -9.9882e-02,  1.5594e-02, -4.9078e-01,
         -1.7913e-02],
        [-2.2705e-01,  6.8180e-02,  1.6874e-01, -2.1545e-01, -4.8459e-01,
         -2.2519e-01, -7.4784e-03, -4.3560e-01, -4.4093e-01, -4.0260e-02,
         -1.3122e-01,  1.7748e-01,  2.4513e-01, -2.8597e-01, -2.8660e-01,
          1.9320e-01],
        [-1.2493e-01,  7.5094e-02,  1.2696e-01, -1.1893e-01, -2.4659e-01,
         -2.8722e-01, -4.9033e-02, -3.1136e-01, -2.8961e-01, -1.3208e-01,
         -2.7536e-01,  2.5939e-01, -1.2962e-01, -1.1248e-02, -6.4507e-01,
         -6.1635e-02],
        [-1.3033e-01,  9.4330e-02,  7.7786e-02, -1.3977e-01,  2.0762e-01,
          1.1080e-01, -5.5671e-02,  4.3002e-01,  5.6659e-01, -1.7891e-01,
          3.1516e-01, -1.6956e-01, -1.9335e-01,  8.8981e-02,  4.5916e-01,
         -4.5591e-02],
        [-2.3311e-01,  4.1899e-01,  9.0764e-02, -1.3951e-01,  1.4422e-01,
          3.5871e-01,  2.0023e-01,  3.0531e-01,  5.9813e-01,  1.1362e-01,
          9.5813e-02, -1.5476e-01, -2.2164e-01,  2.7055e-01,  1.8469e-01,
         -2.0796e-01],
        [ 4.8442e-02,  9.3336e-02,  1.6835e-01, -5.3277e-02,  3.3373e-01,
          4.6382e-02,  2.4203e-01,  3.3852e-01,  4.5670e-01,  1.6022e-01,
          3.6555e-01, -1.0391e-01, -3.6716e-01, -4.6736e-02,  3.2416e-01,
         -3.6390e-02],
        [ 1.9346e-01, -3.2396e-02, -2.6141e-03, -6.3025e-02, -2.5243e-01,
          5.0268e-02, -3.5433e-02, -5.1193e-01, -5.9773e-01,  4.4629e-02,
         -1.0347e-01,  1.8170e-01, -6.7816e-02,  1.4716e-02, -4.5431e-01,
         -9.6621e-02],
        [ 2.9622e-02,  1.8994e-01,  1.7448e-01,  1.3002e-01, -4.3306e-01,
          2.5374e-02,  7.9562e-02, -2.5275e-01, -5.1884e-01,  2.6012e-02,
         -2.9638e-01,  2.6127e-01,  3.8198e-02, -1.2726e-01, -6.2283e-01,
          6.7577e-02],
        [-1.9953e-01, -1.0190e-01,  1.1760e-01, -1.7697e-01,  5.1965e-01,
          3.4973e-01, -3.1461e-02,  3.0789e-01,  2.6963e-01, -3.0323e-03,
          1.9775e-01, -4.7923e-01, -8.8008e-03,  7.1052e-02,  3.2117e-01,
          3.0764e-03],
        [-1.5806e-01, -3.3935e-01,  7.4608e-02,  1.5021e-01, -4.6686e-01,
         -9.6268e-03, -1.6852e-01, -4.8838e-01, -4.1401e-01,  6.3906e-02,
         -4.7423e-02,  5.5921e-01,  1.4485e-01, -1.6783e-01, -1.1646e-01,
          3.3991e-03],
        [ 8.1886e-02,  1.0689e-01, -2.8226e-02, -1.7588e-01, -4.3883e-01,
          2.9746e-02,  6.6254e-02, -1.4919e-01, -6.1220e-01,  3.2164e-02,
          4.5964e-02,  4.0703e-01,  2.4975e-01,  3.6477e-02, -3.6442e-01,
         -2.3926e-01],
        [-1.7354e-01,  2.4785e-01, -9.4989e-02,  2.9119e-02,  2.6459e-01,
          2.3151e-01,  2.6891e-01,  4.0757e-01,  2.4490e-01,  1.5419e-01,
         -4.0172e-02, -3.4568e-01, -1.8310e-01, -5.5504e-02,  3.7932e-01,
         -4.8559e-02],
        [ 2.1417e-01, -2.8782e-01,  5.6471e-02, -2.2173e-01, -4.2257e-01,
         -3.4371e-01, -3.6103e-01, -1.6615e-01, -5.9727e-01, -4.5164e-02,
          1.1881e-01,  1.0166e-01,  3.6271e-01,  1.5701e-01, -1.4405e-01,
          1.3063e-01],
        [ 3.7538e-01, -2.8741e-01,  1.8932e-01, -3.4968e-02, -5.6632e-01,
         -2.0653e-01, -4.5222e-01, -1.8192e-01, -2.3999e-01, -2.1351e-01,
          4.8205e-02,  4.3465e-01,  9.6693e-02,  2.9323e-02, -1.8181e-01,
          1.5024e-01],
        [-3.6117e-02,  2.3920e-01,  1.2313e-01, -1.9629e-01,  3.5255e-01,
         -8.0186e-02,  2.5393e-01,  4.9863e-01,  3.1743e-01, -8.1380e-02,
         -3.9044e-02, -3.3625e-01, -1.4151e-01, -3.5373e-02,  4.7094e-01,
         -1.1431e-01],
        [ 1.1667e-02,  1.0599e-02,  7.4989e-02,  2.9910e-01,  2.5623e-01,
          8.5936e-02,  2.1884e-01,  1.7942e-01,  3.4208e-01,  1.4069e-01,
          3.2903e-01, -4.9605e-01, -2.5092e-01, -2.3911e-01,  1.9747e-01,
          1.5231e-01],
        [ 3.5323e-01, -3.3573e-01, -3.3799e-02, -9.7992e-02, -2.1708e-01,
         -3.5372e-01, -3.7248e-01, -4.1485e-01, -4.3916e-01, -8.7697e-02,
          2.4086e-01,  3.8714e-01,  6.0777e-02,  2.2591e-01, -6.2770e-02,
          1.6108e-01],
        [ 5.7187e-03,  7.8072e-02,  1.0222e-01, -1.8414e-01, -2.7212e-01,
         -7.5180e-02, -1.4393e-02, -3.9830e-01, -5.2514e-01, -9.6159e-02,
         -1.8899e-01,  4.1923e-01,  1.5958e-01, -1.2657e-01, -3.7000e-01,
         -1.9760e-01],
        [ 2.7759e-02, -3.4262e-01, -2.3836e-02,  1.7866e-02, -4.8837e-02,
         -1.8500e-01,  1.5579e-01, -3.3054e-01, -6.5680e-01,  2.4681e-01,
          1.0091e-01,  1.2880e-01, -2.8872e-02,  4.5195e-02, -5.2960e-01,
          1.7002e-01],
        [-1.3822e-01, -1.2246e-01, -1.1350e-01,  2.2613e-01, -2.8881e-01,
         -1.5681e-01,  7.7638e-02, -4.8401e-01, -4.0014e-01, -1.5976e-01,
         -3.7090e-01,  1.8526e-01,  1.0181e-01,  1.2806e-01, -5.7521e-01,
         -8.5038e-02],
        [ 3.3359e-01, -1.8843e-01,  2.8833e-01, -3.3472e-01, -4.2137e-01,
         -1.0442e-01, -5.5691e-01, -2.3296e-01, -5.7647e-01, -8.3460e-05,
          1.9518e-01,  2.6988e-01,  4.4069e-01,  2.9213e-01, -7.4684e-02,
          3.1630e-01],
        [-1.8462e-01,  2.4058e-01,  1.8347e-01,  8.8142e-02,  4.8915e-01,
         -2.9090e-02,  2.9656e-01,  3.5643e-01,  1.8637e-01, -5.3051e-02,
          3.0158e-01, -4.3032e-01, -2.1717e-01, -4.1221e-02,  2.1105e-01,
          1.9448e-02],
        [ 1.4693e-01, -1.2107e-01, -3.6804e-02, -1.3743e-03, -4.4157e-01,
         -2.1226e-01, -5.9731e-02, -4.9838e-01, -2.1618e-01,  4.6292e-02,
         -5.5780e-02,  2.7948e-01,  3.4825e-01,  1.2797e-01, -1.6470e-01,
          1.1534e-01],
        [-3.0058e-01,  3.4635e-01, -2.5807e-01,  2.1699e-01,  1.4357e-01,
          1.3000e-01,  4.5468e-01,  4.9095e-01,  5.1817e-01,  1.9360e-01,
          9.2891e-02, -2.4589e-01, -9.0342e-02,  1.0723e-01,  2.6172e-01,
         -2.0412e-01],
        [-2.4804e-01,  2.0475e-01,  5.6425e-02, -5.9020e-02,  4.0915e-01,
          3.4282e-01,  4.3005e-01,  1.5792e-01,  4.2060e-01,  2.3876e-01,
         -2.9664e-01, -1.8025e-01, -4.5530e-01, -1.6628e-01,  1.8009e-01,
         -1.7026e-01],
        [-1.3428e-01, -5.2080e-02,  5.5241e-02,  8.6242e-02, -9.3673e-02,
         -2.3799e-01, -2.9130e-01, -5.2014e-01, -5.3046e-01, -8.6275e-02,
         -5.3389e-03,  1.0955e-01, -7.8045e-02,  4.7412e-02, -4.7595e-01,
          2.4906e-02]], device='cuda:0', requires_grad=True)

Parameter name: road_linear_0.bias
Shape: torch.Size([32])
Values: Parameter containing:
tensor([-0.0880,  0.1318,  0.1633, -0.1949,  0.1522, -0.1275, -0.0184,  0.1116,
        -0.1251,  0.1205, -0.0177,  0.1226, -0.0137, -0.0792,  0.1366, -0.0219,
        -0.1825, -0.0423,  0.1662,  0.1094,  0.0797, -0.0793,  0.0709, -0.0984,
        -0.2124, -0.0094,  0.2204,  0.0660, -0.0461, -0.2388, -0.0430, -0.0665],
       device='cuda:0', requires_grad=True)

Parameter name: road_linear_1.weight
Shape: torch.Size([1, 32])
Values: Parameter containing:
tensor([[ 0.4528,  0.6319, -0.3792, -0.5296,  0.6037,  0.5528, -0.5220, -0.5930,
         -0.5352,  0.6619,  0.4455,  0.6183, -0.5302, -0.6994,  0.5544, -0.5319,
         -0.5470,  0.5195, -0.3546, -0.3979,  0.6749,  0.4471, -0.5033, -0.6203,
         -0.5832, -0.6360, -0.4618,  0.5856, -0.5307,  0.5757,  0.4079, -0.4545]],
       device='cuda:0', requires_grad=True)

Parameter name: linear_0.weight
Shape: torch.Size([32, 39])
Values: Parameter containing:
tensor([[-0.0249,  0.1009,  0.0568,  ...,  0.1800, -0.4265, -0.1137],
        [-0.1389, -0.0341,  0.1379,  ...,  0.0557, -0.4330,  0.0871],
        [ 0.0276, -0.0418,  0.0247,  ...,  0.0629,  0.3998,  0.0345],
        ...,
        [ 0.1404, -0.1613, -0.0386,  ..., -0.1722,  0.1521, -0.1180],
        [ 0.1149, -0.2180, -0.0745,  ..., -0.2299,  0.2801,  0.1557],
        [-0.2149,  0.1739,  0.0692,  ...,  0.0779, -0.3968, -0.0509]],
       device='cuda:0', requires_grad=True)

Parameter name: linear_0.bias
Shape: torch.Size([32])
Values: Parameter containing:
tensor([ 0.0815,  0.0302, -0.0640, -0.1383, -0.0828,  0.0416, -0.0870,  0.0704,
        -0.0384,  0.0489,  0.0477,  0.0187, -0.0244,  0.1033, -0.0259, -0.0155,
         0.0504, -0.1639, -0.0042,  0.0893, -0.0908,  0.0032,  0.1171,  0.0478,
        -0.1090,  0.1105,  0.0567, -0.1460,  0.0447,  0.1949,  0.1814, -0.1047],
       device='cuda:0', requires_grad=True)

Parameter name: linear_1.weight
Shape: torch.Size([32, 32])
Values: Parameter containing:
tensor([[ 0.0894, -0.2113, -0.0127,  ...,  0.1024, -0.0056,  0.0584],
        [-0.1931, -0.0556,  0.1890,  ...,  0.1987,  0.0091,  0.0324],
        [ 0.1267, -0.0275, -0.2372,  ..., -0.1810, -0.0195,  0.2049],
        ...,
        [ 0.1324,  0.0888,  0.0352,  ...,  0.0414, -0.2225,  0.3086],
        [ 0.0377, -0.2113,  0.1306,  ...,  0.3191,  0.2636, -0.1451],
        [ 0.0128, -0.1320,  0.2760,  ...,  0.2679,  0.1504, -0.0636]],
       device='cuda:0', requires_grad=True)

Parameter name: linear_1.bias
Shape: torch.Size([32])
Values: Parameter containing:
tensor([ 0.1470,  0.1889, -0.0702, -0.1519,  0.0386, -0.0065, -0.0968,  0.0492,
         0.2054, -0.1785,  0.1438, -0.1945,  0.2354,  0.0727, -0.0725,  0.2046,
        -0.0165, -0.1915,  0.0661,  0.0650, -0.0779,  0.0634, -0.2375,  0.2268,
         0.0093, -0.0994,  0.0814,  0.0141, -0.1932, -0.0842,  0.1936,  0.0556],
       device='cuda:0', requires_grad=True)

Parameter name: linear_2.weight
Shape: torch.Size([1, 32])
Values: Parameter containing:
tensor([[ 0.9630,  0.8895, -0.9482, -0.9287,  0.7956,  0.8125, -0.8637,  0.7817,
          0.8478, -0.9132, -0.8257,  0.8359,  0.8304,  0.8385,  0.8545,  0.8285,
         -0.9490, -0.9713,  0.8245,  0.8155, -0.8760, -0.8729, -0.9767,  0.8300,
          0.9166,  0.9573, -0.9480,  0.9272, -0.8680, -0.9676,  0.8775,  0.9488]],
       device='cuda:0', requires_grad=True)

Parameter name: linear_2.bias
Shape: torch.Size([1])
Values: Parameter containing:
tensor([0.7051], device='cuda:0', requires_grad=True)

