Parameter name: road_linear_0.weight
Shape: torch.Size([32, 16])
Values: Parameter containing:
tensor([[-2.7191e-01,  4.5143e-01,  8.3799e-02, -6.7125e-02,  2.8096e-01,
          1.6484e-01,  3.5530e-01,  8.3611e-02,  3.2419e-01,  1.7091e-01,
          7.7860e-02, -2.3790e-01, -3.8256e-01, -2.8726e-01,  3.6887e-01,
          1.2369e-01],
        [-1.5016e-01, -1.0708e-01,  9.2417e-03, -7.9665e-02,  6.7072e-02,
          2.2198e-01,  1.1697e-01,  2.2357e-01,  5.1807e-01,  1.4035e-02,
          1.6641e-01, -3.0192e-01,  2.1974e-02,  5.3010e-02,  5.3859e-01,
          1.8819e-02],
        [ 4.0531e-02, -1.2438e-01,  2.9713e-01, -7.7510e-02, -2.1979e-01,
         -3.1415e-01, -1.0658e-01, -5.3344e-01, -1.2827e-01,  5.0325e-03,
          7.0629e-02,  4.3170e-02,  5.0745e-01,  2.4879e-01, -6.3582e-02,
          2.0635e-01],
        [ 1.3204e-01, -2.0577e-01, -5.9385e-02,  2.2990e-02, -1.1820e-01,
         -1.4906e-01, -8.7031e-02, -1.4890e-01, -5.1010e-01, -2.6125e-01,
         -5.7552e-02,  3.8434e-01,  2.8078e-01, -2.5429e-01, -3.1091e-01,
          2.4213e-02],
        [-6.1343e-03,  3.7446e-01, -5.7065e-02, -9.6196e-02,  2.7248e-01,
          5.4545e-02,  3.7401e-02,  4.1700e-01,  2.7283e-01,  1.8049e-01,
          1.7019e-01, -2.1834e-01, -7.2804e-02, -1.4769e-01,  4.1076e-01,
         -6.8890e-02],
        [ 9.7047e-03,  4.3973e-01, -2.8000e-01,  3.5078e-01,  4.5134e-01,
         -4.3728e-02,  3.1798e-01,  7.1407e-02,  3.7518e-01,  1.3849e-01,
         -2.7622e-01, -1.6120e-01, -3.1815e-01,  1.8988e-01,  4.5710e-01,
         -2.8948e-02],
        [ 2.6293e-01, -8.2259e-02,  2.8323e-01, -1.0356e-01, -1.6112e-01,
         -1.7242e-01, -1.6749e-01, -3.2398e-01, -3.8640e-01,  9.5770e-02,
          2.4907e-02,  1.2006e-01, -1.2818e-02,  1.1076e-01, -4.1175e-01,
          5.0508e-02],
        [-1.6280e-01,  4.2350e-02,  2.3777e-01, -2.7438e-01, -4.5028e-01,
         -2.6019e-01, -8.3267e-02, -3.6085e-01, -3.3577e-01, -1.0057e-01,
         -1.6594e-02,  1.0176e-01,  3.1269e-01, -1.9799e-01, -2.1236e-01,
          2.5471e-01],
        [-5.0121e-02,  1.5173e-02,  2.0598e-01, -1.8777e-01, -2.1025e-01,
         -3.1619e-01, -1.4336e-01, -2.0831e-01, -1.3122e-01, -2.0802e-01,
         -1.4417e-01,  1.4834e-01, -4.2795e-02,  8.3268e-02, -5.2772e-01,
          1.1951e-02],
        [-2.0228e-01,  1.6939e-01,  3.6350e-03, -7.6358e-02,  1.8989e-01,
          1.3206e-01,  3.2350e-02,  3.3638e-01,  4.2021e-01, -1.0824e-01,
          1.9058e-01, -7.6964e-02, -2.8312e-01, -6.3137e-04,  3.4429e-01,
         -1.1569e-01],
        [-2.7366e-01,  4.2187e-01,  4.0544e-02, -9.5378e-02,  9.5307e-02,
          3.8252e-01,  2.5036e-01,  2.2871e-01,  5.1493e-01,  1.5477e-01,
         -4.6888e-04, -7.6955e-02, -2.6646e-01,  1.9968e-01,  1.2498e-01,
         -2.5082e-01],
        [-1.9743e-02,  1.3794e-01,  9.4931e-02,  1.0652e-02,  2.9602e-01,
          7.6388e-02,  3.2663e-01,  2.4484e-01,  3.1915e-01,  2.2962e-01,
          2.4103e-01, -7.5328e-03, -4.4616e-01, -1.3764e-01,  2.2368e-01,
         -1.0334e-01],
        [ 2.7968e-01, -1.1444e-01,  7.8182e-02, -1.2832e-01, -2.5106e-01,
          2.1458e-02, -1.2804e-01, -4.5021e-01, -4.8943e-01, -2.9493e-02,
          3.4987e-02,  1.3205e-01,  3.9441e-02,  1.1755e-01, -3.8213e-01,
         -2.1468e-02],
        [ 1.0442e-01,  1.1420e-01,  2.5103e-01,  6.4334e-02, -4.1224e-01,
          4.2568e-03, -1.1487e-02, -1.5787e-01, -3.6833e-01, -4.7154e-02,
         -1.6765e-01,  1.6398e-01,  1.3028e-01, -3.4464e-02, -5.0695e-01,
          1.4016e-01],
        [-2.7565e-01, -3.2151e-02,  3.9765e-02, -1.1060e-01,  5.0003e-01,
          3.7970e-01,  6.1683e-02,  2.1638e-01,  1.2532e-01,  7.1257e-02,
          6.7703e-02, -3.8589e-01, -1.0316e-01, -2.2726e-02,  2.1382e-01,
         -6.9235e-02],
        [-9.1143e-02, -4.0192e-01,  1.3895e-01,  9.9934e-02, -4.6179e-01,
         -3.2814e-02, -2.3966e-01, -4.3859e-01, -3.4631e-01,  8.3497e-03,
          7.3839e-02,  5.1969e-01,  2.3909e-01, -8.0972e-02, -7.6225e-02,
          6.0573e-02],
        [ 1.6537e-01,  3.5136e-02,  5.3938e-02, -2.4701e-01, -4.1779e-01,
          4.3290e-03, -2.8988e-02, -6.0407e-02, -4.5435e-01, -4.8915e-02,
          1.8438e-01,  3.2118e-01,  3.4637e-01,  1.3821e-01, -2.6006e-01,
         -1.6085e-01],
        [-1.7680e-01,  2.2072e-01, -1.1405e-01,  4.8846e-02,  2.0659e-01,
          2.4546e-01,  2.7590e-01,  3.4273e-01,  2.1127e-01,  1.6337e-01,
         -1.0273e-01, -2.7599e-01, -1.9655e-01, -9.6900e-02,  3.5509e-01,
         -6.2503e-02],
        [ 1.6034e-01, -2.1885e-01,  4.5413e-02, -2.2477e-01, -3.1618e-01,
         -3.3734e-01, -3.1505e-01, -7.2704e-02, -5.3202e-01, -2.6047e-02,
          1.2475e-01,  1.8021e-03,  2.8401e-01,  1.6327e-01, -9.0266e-02,
          1.1147e-01],
        [ 3.1636e-01, -2.1889e-01,  1.7189e-01, -2.9903e-02, -4.5194e-01,
         -1.9774e-01, -3.9963e-01, -8.5996e-02, -1.8917e-01, -1.8542e-01,
          5.7418e-02,  3.3560e-01,  3.3614e-02,  3.5176e-02, -1.3233e-01,
          1.2505e-01],
        [-1.0234e-01,  3.0683e-01,  6.2079e-02, -1.4917e-01,  3.5893e-01,
         -5.5750e-02,  3.2137e-01,  4.6227e-01,  2.6671e-01, -2.9135e-02,
         -1.6003e-01, -3.1471e-01, -2.4264e-01, -1.1987e-01,  4.5341e-01,
         -1.6997e-01],
        [-2.9208e-02,  4.1082e-03,  1.9205e-02,  3.4928e-01,  1.7525e-01,
          1.0048e-01,  2.7532e-01,  7.7651e-02,  2.2417e-01,  1.8801e-01,
          2.2633e-01, -3.9088e-01, -2.7995e-01, -3.1544e-01,  1.0669e-01,
          1.0572e-01],
        [ 3.0239e-01, -2.6945e-01, -4.5058e-02, -9.8617e-02, -1.1555e-01,
         -3.5272e-01, -3.2850e-01, -3.2768e-01, -3.9032e-01, -6.6358e-02,
          2.5073e-01,  2.9341e-01, -1.7991e-03,  2.3367e-01, -1.7605e-02,
          1.4204e-01],
        [ 9.4405e-02,  7.0849e-03,  1.8778e-01, -2.5667e-01, -2.6939e-01,
         -1.1257e-01, -1.1384e-01, -3.2613e-01, -3.9777e-01, -1.7868e-01,
         -5.1049e-02,  3.5375e-01,  2.6317e-01, -2.1750e-02, -2.8035e-01,
         -1.1698e-01],
        [ 1.0977e-01, -4.2085e-01,  5.5227e-02, -4.9157e-02, -3.5233e-02,
         -2.0879e-01,  6.2955e-02, -2.4930e-01, -5.0886e-01,  1.7038e-01,
          2.3837e-01,  5.4039e-02,  7.2772e-02,  1.4434e-01, -4.3270e-01,
          2.4577e-01],
        [-4.3489e-02, -2.2731e-01, -2.3305e-02,  1.5224e-01, -3.1762e-01,
         -1.8758e-01, -2.7252e-02, -4.3126e-01, -2.8813e-01, -2.4754e-01,
         -2.2920e-01,  1.5909e-01,  2.2341e-01,  2.3649e-01, -4.8779e-01,
         -8.1945e-04],
        [ 2.0856e-01, -1.1370e-01,  2.1569e-01, -2.8999e-01, -2.8606e-01,
         -6.4958e-02, -4.2697e-01, -1.2755e-01, -5.0275e-01,  7.0911e-02,
          1.5273e-01,  1.6645e-01,  3.1761e-01,  2.3755e-01, -2.3990e-02,
          2.3809e-01],
        [-2.3440e-01,  2.6243e-01,  1.2609e-01,  1.3684e-01,  4.4191e-01,
         -7.8813e-03,  3.5914e-01,  2.7498e-01,  9.6187e-02, -4.5500e-03,
          1.9333e-01, -3.4710e-01, -2.7778e-01, -1.1945e-01,  1.4062e-01,
         -2.9693e-02],
        [ 1.8402e-01, -1.1711e-01,  1.3047e-02, -4.6215e-02, -3.8936e-01,
         -2.3910e-01, -1.0974e-01, -4.1990e-01, -1.2881e-01,  5.2102e-03,
          3.5898e-02,  1.9691e-01,  3.8585e-01,  1.9639e-01, -1.0005e-01,
          1.5725e-01],
        [-2.4865e-01,  2.8572e-01, -2.3666e-01,  2.0510e-01,  5.1377e-02,
          1.2278e-01,  4.0431e-01,  4.1723e-01,  4.9522e-01,  1.6123e-01,
          7.6206e-02, -1.6450e-01, -4.9999e-02,  1.0483e-01,  2.4554e-01,
         -1.7774e-01],
        [-1.9448e-01,  1.3685e-01,  7.0919e-02, -5.8987e-02,  3.0069e-01,
          3.3306e-01,  3.8278e-01,  6.3543e-02,  3.5303e-01,  2.1933e-01,
         -3.0308e-01, -8.0326e-02, -3.7589e-01, -1.6993e-01,  1.2766e-01,
         -1.4917e-01],
        [-5.9832e-02, -1.0255e-01,  1.3101e-01,  2.1774e-02, -7.3665e-02,
         -2.7293e-01, -3.7758e-01, -4.4288e-01, -4.0377e-01, -1.5702e-01,
          1.2126e-01,  3.4946e-02,  7.4263e-03,  1.4253e-01, -3.9042e-01,
          9.4911e-02]], device='cuda:0', requires_grad=True)

Parameter name: road_linear_0.bias
Shape: torch.Size([32])
Values: Parameter containing:
tensor([-0.1033,  0.0626,  0.1040, -0.0835,  0.0329, -0.0903,  0.0762,  0.1448,
        -0.0470,  0.0169, -0.0261,  0.0700,  0.1127,  0.0262,  0.0410,  0.0680,
        -0.0838, -0.0170,  0.1038,  0.0521, -0.0204, -0.0737,  0.0095, -0.0068,
        -0.0920,  0.1168,  0.1727,  0.0355, -0.0584, -0.1980,  0.0183,  0.0026],
       device='cuda:0', requires_grad=True)

Parameter name: road_linear_1.weight
Shape: torch.Size([1, 32])
Values: Parameter containing:
tensor([[ 0.3446,  0.4649, -0.2923, -0.3607,  0.4385,  0.4637, -0.3737, -0.4612,
         -0.3718,  0.4941,  0.3263,  0.4726, -0.3689, -0.5217,  0.3915, -0.3922,
         -0.3909,  0.4153, -0.2786, -0.3125,  0.5379,  0.3408, -0.4195, -0.4655,
         -0.4244, -0.4765, -0.3791,  0.4541, -0.4168,  0.4762,  0.3350, -0.3158]],
       device='cuda:0', requires_grad=True)

Parameter name: linear_0.weight
Shape: torch.Size([32, 39])
Values: Parameter containing:
tensor([[-0.0388,  0.1144,  0.0686,  ...,  0.1472, -0.2185, -0.1137],
        [-0.1463, -0.0224,  0.1376,  ...,  0.0563, -0.2485,  0.0871],
        [ 0.0352, -0.0539,  0.0249,  ...,  0.0647,  0.1939,  0.0345],
        ...,
        [ 0.1475, -0.1754, -0.0355,  ..., -0.1777, -0.0410, -0.1180],
        [ 0.1257, -0.2338, -0.0770,  ..., -0.2274,  0.0821,  0.1557],
        [-0.2198,  0.1765,  0.0741,  ...,  0.0615, -0.2041, -0.0509]],
       device='cuda:0', requires_grad=True)

Parameter name: linear_0.bias
Shape: torch.Size([32])
Values: Parameter containing:
tensor([ 0.0718,  0.0336, -0.0675, -0.1408, -0.0794,  0.0485, -0.0909,  0.0649,
        -0.0377,  0.0489,  0.0367,  0.0178, -0.0215,  0.1009, -0.0313, -0.0132,
         0.0470, -0.1619, -0.0122,  0.0810, -0.0836,  0.0123,  0.1138,  0.0336,
        -0.1055,  0.1068,  0.0518, -0.1321,  0.0419,  0.1880,  0.1804, -0.1086],
       device='cuda:0', requires_grad=True)

Parameter name: linear_1.weight
Shape: torch.Size([32, 32])
Values: Parameter containing:
tensor([[ 8.9493e-02, -1.9624e-01, -8.0740e-02,  ...,  9.1243e-02,
         -1.5574e-02,  6.1487e-02],
        [-1.9440e-01, -4.1541e-02,  1.2528e-01,  ...,  1.8804e-01,
         -1.1958e-04,  3.4251e-02],
        [ 1.2343e-01, -3.5407e-02, -1.9001e-01,  ..., -1.7654e-01,
         -1.4702e-02,  1.9764e-01],
        ...,
        [ 1.3323e-01,  7.5211e-02,  7.6208e-02,  ...,  5.0438e-02,
         -2.0497e-01,  2.9409e-01],
        [ 3.2685e-02, -1.8318e-01,  4.7849e-02,  ...,  2.9637e-01,
          2.4223e-01, -1.4844e-01],
        [ 1.3818e-02, -1.2387e-01,  2.2706e-01,  ...,  2.6245e-01,
          1.4823e-01, -6.2648e-02]], device='cuda:0', requires_grad=True)

Parameter name: linear_1.bias
Shape: torch.Size([32])
Values: Parameter containing:
tensor([ 0.1363,  0.1787, -0.0659, -0.1416,  0.0304, -0.0170, -0.0891,  0.0271,
         0.1890, -0.1706,  0.1472, -0.1663,  0.2227,  0.0636, -0.0899,  0.1829,
        -0.0689, -0.1834,  0.0615,  0.0551, -0.0646,  0.0692, -0.2282,  0.2178,
        -0.0005, -0.0739,  0.0885,  0.0134, -0.1818, -0.0789,  0.1719,  0.0488],
       device='cuda:0', requires_grad=True)

Parameter name: linear_2.weight
Shape: torch.Size([1, 32])
Values: Parameter containing:
tensor([[ 0.6496,  0.5729, -0.6287, -0.6182,  0.4744,  0.4913, -0.5449,  0.4781,
          0.5420, -0.5902, -0.5078,  0.5244,  0.5206,  0.5163,  0.5487,  0.5257,
         -0.6395, -0.6544,  0.5050,  0.5028, -0.5662, -0.5547, -0.6523,  0.5125,
          0.5982,  0.6453, -0.6252,  0.6118, -0.5528, -0.6437,  0.5752,  0.6342]],
       device='cuda:0', requires_grad=True)

Parameter name: linear_2.bias
Shape: torch.Size([1])
Values: Parameter containing:
tensor([0.4067], device='cuda:0', requires_grad=True)

