Parameter name: road_linear_0.weight
Shape: torch.Size([32, 16])
Values: Parameter containing:
tensor([[-0.2794,  0.4548,  0.0714, -0.0569,  0.2611,  0.1640,  0.3597,  0.0650,
          0.3026,  0.1826,  0.0615, -0.2206, -0.3837, -0.3099,  0.3531,  0.1112],
        [-0.1651, -0.0885, -0.0060, -0.0682,  0.0577,  0.2291,  0.1327,  0.2107,
          0.4924,  0.0289,  0.1452, -0.2838,  0.0057,  0.0342,  0.5154,  0.0045],
        [ 0.0381, -0.1182,  0.3067, -0.0856, -0.1979, -0.3173, -0.1036, -0.5142,
         -0.1034, -0.0014,  0.0736,  0.0232,  0.4976,  0.2658, -0.0460,  0.2140],
        [ 0.1512, -0.2222, -0.0409,  0.0086, -0.1099, -0.1568, -0.1058, -0.1373,
         -0.4882, -0.2798, -0.0309,  0.3724,  0.3021, -0.2296, -0.2931,  0.0420],
        [-0.0227,  0.3901, -0.0740, -0.0827,  0.2614,  0.0585,  0.0524,  0.4035,
          0.2531,  0.1974,  0.1454, -0.2065, -0.0884, -0.1719,  0.3943, -0.0859],
        [ 0.0096,  0.4395, -0.2892,  0.3587,  0.4317, -0.0462,  0.3153,  0.0532,
          0.3561,  0.1464, -0.2867, -0.1444, -0.3150,  0.1695,  0.4432, -0.0382],
        [ 0.2776, -0.0860,  0.2993, -0.1162, -0.1446, -0.1776, -0.1802, -0.3085,
         -0.3632,  0.0804,  0.0437,  0.1045, -0.0068,  0.1350, -0.3952,  0.0659],
        [-0.1485,  0.0416,  0.2538, -0.2869, -0.4332, -0.2663, -0.0957, -0.3452,
         -0.3136, -0.1157, -0.0008,  0.0856,  0.3158, -0.1741, -0.1959,  0.2696],
        [-0.0344,  0.0058,  0.2220, -0.2001, -0.1889, -0.3240, -0.1603, -0.1922,
         -0.1006, -0.2236, -0.1207,  0.1277, -0.0280,  0.1043, -0.5074,  0.0267],
        [-0.2177,  0.1854, -0.0123, -0.0640,  0.1760,  0.1379,  0.0476,  0.3212,
          0.3930, -0.0927,  0.1674, -0.0599, -0.2990, -0.0218,  0.3238, -0.1311],
        [-0.2842,  0.4203,  0.0263, -0.0841,  0.0748,  0.3884,  0.2596,  0.2107,
          0.4900,  0.1677, -0.0140, -0.0579, -0.2658,  0.1781,  0.1072, -0.2638],
        [-0.0342,  0.1424,  0.0795,  0.0226,  0.2733,  0.0832,  0.3419,  0.2273,
          0.2892,  0.2446,  0.2189,  0.0131, -0.4547, -0.1593,  0.2041, -0.1176],
        [ 0.2945, -0.1236,  0.0945, -0.1414, -0.2362,  0.0199, -0.1392, -0.4350,
         -0.4696, -0.0452,  0.0568,  0.1190,  0.0484,  0.1431, -0.3672, -0.0047],
        [ 0.1222,  0.0962,  0.2683,  0.0510, -0.4012, -0.0014, -0.0290, -0.1458,
         -0.3420, -0.0644, -0.1416,  0.1509,  0.1495, -0.0112, -0.4883,  0.1569],
        [-0.2906, -0.0226,  0.0242, -0.0985,  0.4810,  0.3875,  0.0772,  0.2000,
          0.0977,  0.0864,  0.0462, -0.3657, -0.1173, -0.0432,  0.1940, -0.0837],
        [-0.0800, -0.4110,  0.1532,  0.0881, -0.4443, -0.0313, -0.2471, -0.4211,
         -0.3272, -0.0053,  0.0941,  0.5048,  0.2452, -0.0572, -0.0612,  0.0756],
        [ 0.1857,  0.0261,  0.0731, -0.2618, -0.4058, -0.0028, -0.0486, -0.0476,
         -0.4298, -0.0683,  0.2109,  0.3080,  0.3624,  0.1652, -0.2430, -0.1427],
        [-0.1851,  0.2199, -0.1272,  0.0594,  0.1894,  0.2496,  0.2816,  0.3262,
          0.1926,  0.1755, -0.1146, -0.2597, -0.1967, -0.1183,  0.3402, -0.0747],
        [ 0.1635, -0.2130,  0.0583, -0.2353, -0.2962, -0.3424, -0.3170, -0.0544,
         -0.5074, -0.0361,  0.1290, -0.0172,  0.2757,  0.1842, -0.0724,  0.1221],
        [ 0.3173, -0.2136,  0.1832, -0.0392, -0.4305, -0.2010, -0.3996, -0.0672,
         -0.1664, -0.1942,  0.0626,  0.3162,  0.0263,  0.0549, -0.1151,  0.1343],
        [-0.1138,  0.3175,  0.0482, -0.1374,  0.3462, -0.0572,  0.3284,  0.4472,
          0.2520, -0.0156, -0.1803, -0.3037, -0.2516, -0.1431,  0.4413, -0.1852],
        [-0.0402,  0.0039,  0.0055,  0.3602,  0.1493,  0.1047,  0.2870,  0.0583,
          0.1927,  0.2009,  0.2078, -0.3691, -0.2781, -0.3365,  0.0867,  0.0931],
        [ 0.3034, -0.2637, -0.0338, -0.1079, -0.0955, -0.3570, -0.3285, -0.3096,
         -0.3677, -0.0749,  0.2547,  0.2746, -0.0096,  0.2526, -0.0007,  0.1513],
        [ 0.1131,  0.0014,  0.2063, -0.2711, -0.2586, -0.1207, -0.1312, -0.3136,
         -0.3809, -0.1971, -0.0297,  0.3414,  0.2753,  0.0042, -0.2653, -0.0996],
        [ 0.1267, -0.4303,  0.0720, -0.0622, -0.0214, -0.2139,  0.0475, -0.2357,
         -0.4825,  0.1538,  0.2627,  0.0402,  0.0865,  0.1687, -0.4157,  0.2621],
        [-0.0273, -0.2435, -0.0063,  0.1383, -0.3103, -0.1912, -0.0412, -0.4191,
         -0.2726, -0.2643, -0.2056,  0.1510,  0.2392,  0.2606, -0.4730,  0.0165],
        [ 0.1949, -0.1066,  0.2221, -0.2964, -0.2655, -0.0656, -0.4159, -0.1086,
         -0.4801,  0.0694,  0.1519,  0.1474,  0.3060,  0.2521, -0.0072,  0.2418],
        [-0.2469,  0.2668,  0.1115,  0.1484,  0.4191, -0.0046,  0.3710,  0.2566,
          0.0705,  0.0096,  0.1731, -0.3276, -0.2822, -0.1422,  0.1224, -0.0437],
        [ 0.1956, -0.1161,  0.0275, -0.0576, -0.3699, -0.2455, -0.1207, -0.4028,
         -0.1042, -0.0082,  0.0502,  0.1785,  0.3866,  0.2179, -0.0826,  0.1703],
        [-0.2468,  0.2825, -0.2458,  0.2127,  0.0304,  0.1224,  0.4002,  0.3988,
          0.4746,  0.1678,  0.0696, -0.1464, -0.0439,  0.0863,  0.2302, -0.1861],
        [-0.1988,  0.1310,  0.0584, -0.0487,  0.2807,  0.3388,  0.3864,  0.0453,
          0.3281,  0.2295, -0.3081, -0.0611, -0.3681, -0.1897,  0.1099, -0.1595],
        [-0.0453, -0.1048,  0.1473,  0.0091, -0.0573, -0.2803, -0.3913, -0.4271,
         -0.3814, -0.1725,  0.1390,  0.0184,  0.0137,  0.1662, -0.3734,  0.1100]],
       device='cuda:0', requires_grad=True)

Parameter name: road_linear_0.bias
Shape: torch.Size([32])
Values: Parameter containing:
tensor([-0.1087,  0.0421,  0.1003, -0.0704,  0.0177, -0.0929,  0.0799,  0.1455,
        -0.0404,  0.0007, -0.0253,  0.0665,  0.1227,  0.0429,  0.0340,  0.0791,
        -0.0773, -0.0169,  0.0996,  0.0491, -0.0320, -0.0754,  0.0055, -0.0035,
        -0.0836,  0.1336,  0.1686,  0.0303, -0.0593, -0.1980,  0.0228,  0.0039],
       device='cuda:0', requires_grad=True)

Parameter name: road_linear_1.weight
Shape: torch.Size([1, 32])
Values: Parameter containing:
tensor([[ 0.3199,  0.4298, -0.2786, -0.3310,  0.4077,  0.4406, -0.3527, -0.4428,
         -0.3529,  0.4626,  0.3086,  0.4533, -0.3412, -0.4913,  0.3682, -0.3630,
         -0.3698,  0.3939, -0.2680, -0.2981,  0.5085,  0.3278, -0.4061, -0.4428,
         -0.4021, -0.4452, -0.3665,  0.4304, -0.4000,  0.4547,  0.3243, -0.2957]],
       device='cuda:0', requires_grad=True)

Parameter name: linear_0.weight
Shape: torch.Size([32, 39])
Values: Parameter containing:
tensor([[-0.0420,  0.1171,  0.0724,  ...,  0.1412, -0.2051, -0.1137],
        [-0.1441, -0.0248,  0.1364,  ...,  0.0571, -0.2446,  0.0871],
        [ 0.0336, -0.0521,  0.0256,  ...,  0.0647,  0.1876,  0.0345],
        ...,
        [ 0.1446, -0.1723, -0.0337,  ..., -0.1791, -0.0416, -0.1180],
        [ 0.1242, -0.2319, -0.0766,  ..., -0.2273,  0.0768,  0.1557],
        [-0.2203,  0.1766,  0.0752,  ...,  0.0591, -0.1949, -0.0509]],
       device='cuda:0', requires_grad=True)

Parameter name: linear_0.bias
Shape: torch.Size([32])
Values: Parameter containing:
tensor([ 0.0684,  0.0347, -0.0682, -0.1404, -0.0780,  0.0505, -0.0915,  0.0614,
        -0.0382,  0.0484,  0.0314,  0.0163, -0.0202,  0.1003, -0.0323, -0.0121,
         0.0468, -0.1612, -0.0152,  0.0799, -0.0809,  0.0123,  0.1126,  0.0329,
        -0.1037,  0.1059,  0.0514, -0.1301,  0.0421,  0.1866,  0.1801, -0.1095],
       device='cuda:0', requires_grad=True)

Parameter name: linear_1.weight
Shape: torch.Size([32, 32])
Values: Parameter containing:
tensor([[ 0.0890, -0.1915, -0.0896,  ...,  0.0873, -0.0203,  0.0627],
        [-0.1967, -0.0358,  0.1163,  ...,  0.1829, -0.0059,  0.0338],
        [ 0.1265, -0.0408, -0.1825,  ..., -0.1716, -0.0092,  0.1990],
        ...,
        [ 0.1385,  0.0709,  0.0770,  ...,  0.0547, -0.2001,  0.2982],
        [ 0.0348, -0.1792,  0.0389,  ...,  0.2936,  0.2381, -0.1450],
        [ 0.0128, -0.1201,  0.2202,  ...,  0.2592,  0.1444, -0.0621]],
       device='cuda:0', requires_grad=True)

Parameter name: linear_1.bias
Shape: torch.Size([32])
Values: Parameter containing:
tensor([ 0.1343,  0.1755, -0.0626, -0.1407,  0.0267, -0.0215, -0.0861,  0.0266,
         0.1884, -0.1663,  0.1427, -0.1557,  0.2218,  0.0584, -0.0905,  0.1820,
        -0.0834, -0.1804,  0.0587,  0.0537, -0.0634,  0.0721, -0.2245,  0.2146,
        -0.0041, -0.0634,  0.0890,  0.0122, -0.1792, -0.0759,  0.1711,  0.0471],
       device='cuda:0', requires_grad=True)

Parameter name: linear_2.weight
Shape: torch.Size([1, 32])
Values: Parameter containing:
tensor([[ 0.5826,  0.5034, -0.5586, -0.5537,  0.4035,  0.4203, -0.4750,  0.4182,
          0.4808, -0.5191, -0.4406,  0.4591,  0.4566,  0.4452,  0.4872,  0.4664,
         -0.5755, -0.5849,  0.4353,  0.4362, -0.5020, -0.4850, -0.5812,  0.4430,
          0.5279,  0.5797, -0.5559,  0.5445, -0.4846, -0.5734,  0.5164,  0.5662]],
       device='cuda:0', requires_grad=True)

Parameter name: linear_2.bias
Shape: torch.Size([1])
Values: Parameter containing:
tensor([0.3511], device='cuda:0', requires_grad=True)

