Parameter name: road_linear_0.weight
Shape: torch.Size([32, 16])
Values: Parameter containing:
tensor([[-3.4971e-01,  4.3372e-01, -3.7544e-02,  2.8454e-02,  1.5989e-01,
          1.9338e-01,  3.0882e-01, -4.2793e-02,  1.8326e-01,  2.9363e-01,
         -3.3342e-02, -1.6826e-01, -3.0742e-01, -3.8960e-01,  2.1853e-01,
          2.3658e-02],
        [-2.8374e-01, -2.1892e-02, -1.3503e-01,  3.8323e-02,  1.1515e-02,
          2.6744e-01,  1.7947e-01,  1.6285e-01,  4.2322e-01,  1.6741e-01,
         -2.6403e-02, -2.8830e-01, -1.0743e-02, -8.3003e-02,  3.5375e-01,
         -1.2124e-01],
        [ 1.0710e-01, -7.6101e-02,  4.0725e-01, -1.6372e-01, -8.4111e-02,
         -3.6797e-01, -4.4980e-02, -4.0909e-01,  3.3772e-02, -1.0544e-01,
          1.3900e-01, -3.9417e-02,  4.1005e-01,  3.4669e-01,  1.0041e-01,
          2.9739e-01],
        [ 2.8209e-01, -2.4246e-01,  9.9726e-02, -1.0551e-01, -4.8392e-02,
         -2.0574e-01, -1.3490e-01, -7.2649e-02, -4.0196e-01, -4.2522e-01,
          1.1519e-01,  3.6568e-01,  2.9423e-01, -1.0194e-01, -1.5620e-01,
          1.7599e-01],
        [-1.1698e-01,  3.9759e-01, -1.9319e-01,  1.2815e-02,  1.7461e-01,
          9.2342e-02,  3.7489e-02,  3.0721e-01,  1.5141e-01,  3.2190e-01,
          1.8134e-02, -1.7393e-01, -4.7448e-02, -2.6639e-01,  2.5115e-01,
         -1.9075e-01],
        [-4.8991e-03,  4.0227e-01, -3.6037e-01,  4.1840e-01,  3.1619e-01,
         -3.3188e-02,  2.2717e-01, -6.0973e-02,  2.2802e-01,  2.2186e-01,
         -3.4894e-01, -7.2232e-02, -2.2184e-01,  1.3116e-01,  3.1876e-01,
         -8.9181e-02],
        [ 3.8242e-01, -7.0955e-02,  4.2360e-01, -2.1406e-01, -5.6276e-02,
         -2.2362e-01, -1.6487e-01, -2.2113e-01, -2.4848e-01, -4.6173e-02,
          1.4920e-01,  6.6652e-02, -6.0974e-02,  2.3992e-01, -2.6086e-01,
          1.7692e-01],
        [-4.7435e-02,  6.6335e-02,  3.7404e-01, -3.8228e-01, -3.3611e-01,
         -3.1507e-01, -7.4098e-02, -2.5548e-01, -1.9430e-01, -2.4054e-01,
          9.2612e-02,  4.3656e-02,  2.5699e-01, -7.2776e-02, -5.9561e-02,
          3.7749e-01],
        [ 6.8862e-02, -1.0007e-02,  3.3811e-01, -2.9485e-01, -8.7400e-02,
         -3.6912e-01, -1.8232e-01, -1.1221e-01,  1.9067e-02, -3.5126e-01,
          3.1293e-02,  8.6703e-02, -4.8230e-02,  2.1031e-01, -3.4243e-01,
          1.3947e-01],
        [-3.1727e-01,  2.1757e-01, -1.2925e-01,  3.0289e-02,  9.9882e-02,
          1.7195e-01,  5.6159e-02,  2.3901e-01,  2.8963e-01,  3.1448e-02,
          1.3739e-02, -3.1354e-02, -2.7604e-01, -1.2149e-01,  1.6808e-01,
         -2.4114e-01],
        [-3.7509e-01,  3.8872e-01, -8.5031e-02,  3.9053e-03, -3.5822e-02,
          4.3939e-01,  2.2699e-01,  1.1217e-01,  3.5855e-01,  2.8532e-01,
         -1.0685e-01, -6.7603e-03, -1.9747e-01,  8.3828e-02, -4.1733e-02,
         -3.6359e-01],
        [-1.4345e-01,  1.4131e-01, -4.5051e-02,  1.2465e-01,  1.7030e-01,
          1.3129e-01,  3.5189e-01,  1.3995e-01,  1.6359e-01,  3.7559e-01,
          7.9717e-02,  5.3134e-02, -4.1526e-01, -2.7287e-01,  4.8926e-02,
         -2.3633e-01],
        [ 3.6681e-01, -1.1312e-01,  2.0021e-01, -2.2397e-01, -1.4087e-01,
         -5.6533e-03, -9.6599e-02, -3.3008e-01, -3.5366e-01, -1.5283e-01,
          1.6239e-01,  6.7958e-02, -1.9457e-02,  2.1887e-01, -2.3508e-01,
          8.2481e-02],
        [ 2.3444e-01,  6.6576e-02,  3.9559e-01, -5.2320e-02, -3.3234e-01,
         -3.8805e-02, -4.4786e-02, -7.1922e-02, -2.3974e-01, -1.9798e-01,
          1.1206e-02,  1.3093e-01,  1.3188e-01,  1.0029e-01, -3.4369e-01,
          2.7776e-01],
        [-4.0851e-01,  3.6851e-03, -1.0248e-01,  3.6798e-03,  4.0142e-01,
          4.3531e-01,  1.1193e-01,  1.2817e-01, -3.7784e-03,  2.2154e-01,
         -1.0896e-01, -3.4094e-01, -1.0888e-01, -1.6042e-01,  3.6823e-02,
         -2.0468e-01],
        [-2.5352e-02, -3.9915e-01,  2.4749e-01,  1.5886e-02, -3.3660e-01,
         -4.6727e-02, -1.9042e-01, -3.0175e-01, -2.0840e-01, -1.0377e-01,
          1.9453e-01,  4.4207e-01,  1.6815e-01,  4.4492e-03,  7.7272e-02,
          1.4706e-01],
        [ 3.1718e-01,  2.2949e-02,  2.1099e-01, -3.7727e-01, -3.3684e-01,
         -5.3676e-02, -7.3254e-02,  1.8187e-02, -3.3807e-01, -2.1203e-01,
          3.4405e-01,  2.8974e-01,  3.4241e-01,  2.9976e-01, -1.1459e-01,
         -1.2849e-02],
        [-2.8847e-01,  1.9147e-01, -2.5325e-01,  1.5995e-01,  1.0556e-01,
          3.0369e-01,  2.5885e-01,  2.4266e-01,  1.0461e-01,  3.0276e-01,
         -1.8955e-01, -2.3081e-01, -1.4541e-01, -2.2210e-01,  2.1759e-01,
         -1.8222e-01],
        [ 2.4210e-01, -1.6963e-01,  1.6840e-01, -3.2538e-01, -1.8880e-01,
         -3.9735e-01, -2.6890e-01,  4.2642e-02, -3.7716e-01, -1.4900e-01,
          1.9388e-01, -7.1784e-02,  2.0034e-01,  2.8087e-01,  6.7980e-02,
          2.1918e-01],
        [ 3.8868e-01, -1.6875e-01,  2.9111e-01, -1.2505e-01, -3.1436e-01,
         -2.5121e-01, -3.4239e-01,  3.5942e-02, -3.7836e-02, -3.0677e-01,
          1.2558e-01,  2.5871e-01, -5.0738e-02,  1.4024e-01,  2.7339e-02,
          2.2692e-01],
        [-1.7779e-01,  3.1621e-01, -5.0390e-02, -5.1701e-02,  2.5956e-01,
         -4.4117e-02,  2.8072e-01,  3.3879e-01,  1.5442e-01,  8.5773e-02,
         -2.8983e-01, -2.5972e-01, -1.8526e-01, -2.1217e-01,  3.2021e-01,
         -2.6794e-01],
        [-1.0247e-01, -1.9177e-02, -8.1611e-02,  4.3120e-01,  9.6421e-03,
          1.3867e-01,  2.6148e-01, -5.0454e-02,  4.3512e-02,  3.0228e-01,
          8.9368e-02, -2.9186e-01, -2.0601e-01, -4.0906e-01, -8.4175e-02,
          1.2709e-02],
        [ 3.7846e-01, -2.2128e-01,  7.1384e-02, -1.9331e-01,  1.3715e-02,
         -4.1041e-01, -2.7830e-01, -2.1178e-01, -2.4051e-01, -1.8415e-01,
          3.1729e-01,  2.1885e-01, -8.4982e-02,  3.4099e-01,  1.4059e-01,
          2.4327e-01],
        [ 2.5172e-01,  6.0630e-03,  3.5161e-01, -3.9010e-01, -2.0108e-01,
         -1.7834e-01, -1.5638e-01, -2.5464e-01, -3.2108e-01, -3.4579e-01,
          7.6283e-02,  3.3670e-01,  2.6126e-01,  1.3826e-01, -1.5201e-01,
          3.2176e-02],
        [ 2.1964e-01, -4.2231e-01,  1.8406e-01, -1.5158e-01,  7.2193e-02,
         -2.5465e-01,  6.3990e-02, -1.4841e-01, -3.5643e-01,  3.6608e-02,
          3.8793e-01, -1.7439e-03,  3.8412e-02,  2.6405e-01, -2.6938e-01,
          3.6688e-01],
        [ 6.7287e-02, -2.5806e-01,  1.1486e-01,  4.1005e-02, -2.3935e-01,
         -2.2130e-01, -2.6575e-02, -3.2436e-01, -1.8364e-01, -3.8682e-01,
         -7.7892e-02,  1.2575e-01,  2.0028e-01,  3.5453e-01, -3.4031e-01,
          1.1991e-01],
        [ 2.2389e-01, -5.2275e-02,  3.0903e-01, -3.6917e-01, -1.5425e-01,
         -1.1149e-01, -3.3206e-01, -4.1812e-03, -3.5246e-01, -1.8070e-02,
          1.8749e-01,  8.5631e-02,  2.1676e-01,  3.1270e-01,  1.2533e-01,
          3.0854e-01],
        [-3.3905e-01,  2.5735e-01, -5.4892e-03,  2.4249e-01,  3.0864e-01,
          3.3222e-02,  3.5124e-01,  1.5618e-01, -5.3568e-02,  1.3375e-01,
          5.4231e-02, -2.7957e-01, -2.2305e-01, -2.3824e-01, -2.7724e-02,
         -1.4968e-01],
        [ 3.1318e-01, -1.0070e-01,  1.5503e-01, -1.6153e-01, -2.8262e-01,
         -3.0130e-01, -1.2550e-01, -3.2283e-01,  3.9156e-04, -1.3998e-01,
          1.5834e-01,  1.4563e-01,  3.4298e-01,  3.3763e-01,  5.3789e-02,
          2.8780e-01],
        [-2.8426e-01,  2.3657e-01, -3.3473e-01,  2.8156e-01, -8.3863e-02,
          1.5628e-01,  3.1885e-01,  2.8767e-01,  3.4745e-01,  2.5826e-01,
          2.0761e-02, -8.4447e-02,  4.7073e-02,  3.2877e-02,  9.9225e-02,
         -2.5313e-01],
        [-2.9273e-01,  9.3292e-02, -5.7564e-02,  4.6058e-02,  1.7786e-01,
          3.9834e-01,  3.5661e-01, -4.6679e-02,  2.0415e-01,  3.4811e-01,
         -3.8359e-01, -1.2102e-02, -3.0213e-01, -2.9772e-01, -3.1521e-02,
         -2.6503e-01],
        [ 7.1161e-02, -8.6832e-02,  2.7775e-01, -9.5335e-02,  2.8613e-02,
         -3.3589e-01, -3.8709e-01, -3.4223e-01, -2.7760e-01, -3.0646e-01,
          2.4237e-01, -1.2112e-02, -3.1714e-02,  2.8198e-01, -2.3822e-01,
          2.2686e-01]], device='cuda:0', requires_grad=True)

Parameter name: road_linear_0.bias
Shape: torch.Size([32])
Values: Parameter containing:
tensor([-0.1147, -0.0152,  0.0751, -0.0577, -0.0026, -0.0979,  0.0750,  0.1322,
        -0.0291, -0.0369, -0.0062,  0.0672,  0.1398,  0.0729,  0.0181,  0.1043,
        -0.0759,  0.0045,  0.0712,  0.0222, -0.0609, -0.0777, -0.0236, -0.0129,
        -0.0808,  0.1643,  0.1380,  0.0259, -0.0741, -0.1825,  0.0525, -0.0110],
       device='cuda:0', requires_grad=True)

Parameter name: road_linear_1.weight
Shape: torch.Size([1, 32])
Values: Parameter containing:
tensor([[ 0.2267,  0.3106, -0.2372, -0.2502,  0.3082,  0.3577, -0.2868, -0.3879,
         -0.2976,  0.3568,  0.2560,  0.3820, -0.2492, -0.3975,  0.3038, -0.2629,
         -0.3070,  0.3293, -0.2296, -0.2573,  0.3935,  0.2844, -0.3723, -0.3794,
         -0.3334, -0.3335, -0.3210,  0.3482, -0.3485,  0.3863,  0.2895, -0.2315]],
       device='cuda:0', requires_grad=True)

Parameter name: linear_0.weight
Shape: torch.Size([32, 39])
Values: Parameter containing:
tensor([[-0.0483,  0.1205,  0.0897,  ...,  0.1331, -0.2662, -0.1137],
        [-0.1363, -0.0321,  0.1299,  ...,  0.0707, -0.2993,  0.0871],
        [ 0.0277, -0.0459,  0.0277,  ...,  0.0548,  0.2440,  0.0345],
        ...,
        [ 0.1377, -0.1666, -0.0249,  ..., -0.1961,  0.0090, -0.1180],
        [ 0.1172, -0.2253, -0.0708,  ..., -0.2389,  0.1236,  0.1557],
        [-0.2162,  0.1700,  0.0812,  ...,  0.0595, -0.2520, -0.0509]],
       device='cuda:0', requires_grad=True)

Parameter name: linear_0.bias
Shape: torch.Size([32])
Values: Parameter containing:
tensor([ 0.0477,  0.0429, -0.0707, -0.1430, -0.0757,  0.0637, -0.1029,  0.0383,
        -0.0387,  0.0590,  0.0020,  0.0124, -0.0271,  0.0856, -0.0467,  0.0031,
         0.0480, -0.1610, -0.0389,  0.0666, -0.0588,  0.0251,  0.1187,  0.0141,
        -0.0960,  0.1111,  0.0612, -0.1136,  0.0381,  0.1741,  0.1727, -0.1188],
       device='cuda:0', requires_grad=True)

Parameter name: linear_1.weight
Shape: torch.Size([32, 32])
Values: Parameter containing:
tensor([[ 0.0741, -0.1609, -0.0935,  ...,  0.0557, -0.0450,  0.0568],
        [-0.1999, -0.0124,  0.1020,  ...,  0.1569, -0.0284,  0.0408],
        [ 0.1222, -0.0602, -0.1628,  ..., -0.1479,  0.0115,  0.1848],
        ...,
        [ 0.1188,  0.0725,  0.0938,  ...,  0.0606, -0.1919,  0.2671],
        [ 0.0034, -0.1244,  0.0483,  ...,  0.2423,  0.2028, -0.1692],
        [ 0.0078, -0.1002,  0.2097,  ...,  0.2368,  0.1241, -0.0565]],
       device='cuda:0', requires_grad=True)

Parameter name: linear_1.bias
Shape: torch.Size([32])
Values: Parameter containing:
tensor([ 0.1072,  0.1577, -0.0495, -0.1061,  0.0156, -0.0224, -0.0700, -0.0225,
         0.1463, -0.1639,  0.1061, -0.1054,  0.1897,  0.0732, -0.1267,  0.1295,
        -0.1472, -0.1700,  0.0480,  0.0249, -0.0256,  0.0821, -0.2166,  0.1998,
        -0.0224, -0.0108,  0.0695, -0.0114, -0.1536, -0.0832,  0.1225,  0.0321],
       device='cuda:0', requires_grad=True)

Parameter name: linear_2.weight
Shape: torch.Size([1, 32])
Values: Parameter containing:
tensor([[ 0.3131,  0.2316, -0.2851, -0.2867,  0.1290,  0.1491, -0.2017,  0.1615,
          0.2226, -0.2473, -0.1777,  0.1951,  0.1946,  0.1771,  0.2282,  0.2101,
         -0.3126, -0.3153,  0.1631,  0.1665, -0.2353, -0.2125, -0.3057,  0.1720,
          0.2535,  0.3167, -0.2879,  0.2748, -0.2134, -0.3038,  0.2619,  0.2962]],
       device='cuda:0', requires_grad=True)

Parameter name: linear_2.bias
Shape: torch.Size([1])
Values: Parameter containing:
tensor([0.1121], device='cuda:0', requires_grad=True)

