Parameter name: road_linear_0.weight
Shape: torch.Size([32, 16])
Values: Parameter containing:
tensor([[-3.0391e-01,  4.5638e-01,  2.9500e-02, -1.7004e-02,  2.2406e-01,
          1.5993e-01,  3.5300e-01,  1.8893e-02,  2.3452e-01,  2.2876e-01,
          2.0139e-02, -1.8090e-01, -3.5327e-01, -3.3923e-01,  3.0172e-01,
          7.3834e-02],
        [-2.2493e-01, -3.6276e-02, -6.8359e-02, -1.1844e-02,  6.2110e-02,
          2.3764e-01,  1.8496e-01,  1.9131e-01,  4.4407e-01,  9.4853e-02,
          6.4389e-02, -2.8024e-01, -1.7847e-02, -2.2220e-02,  4.4513e-01,
         -5.7930e-02],
        [ 5.8313e-02, -9.9282e-02,  3.4202e-01, -1.2146e-01, -1.5067e-01,
         -3.2922e-01, -8.5462e-02, -4.6599e-01, -2.6822e-02, -3.9758e-02,
          8.6236e-02, -2.2440e-02,  4.5524e-01,  2.9179e-01,  8.2855e-03,
          2.4509e-01],
        [ 2.1152e-01, -2.4593e-01,  2.1275e-02, -4.6351e-02, -9.8233e-02,
         -1.6796e-01, -1.4600e-01, -1.0664e-01, -4.3216e-01, -3.4517e-01,
          3.8819e-02,  3.5527e-01,  3.1081e-01, -1.7428e-01, -2.3806e-01,
          1.0374e-01],
        [-6.8708e-02,  4.1274e-01, -1.2862e-01, -3.2437e-02,  2.4039e-01,
          5.9570e-02,  7.4481e-02,  3.6359e-01,  1.9346e-01,  2.5570e-01,
          8.1174e-02, -1.7924e-01, -8.0333e-02, -2.1586e-01,  3.3865e-01,
         -1.3841e-01],
        [ 1.8319e-02,  4.3079e-01, -3.1114e-01,  3.8534e-01,  3.8536e-01,
         -5.7798e-02,  2.8324e-01,  3.5956e-03,  2.8583e-01,  1.7355e-01,
         -3.0716e-01, -9.6928e-02, -2.7405e-01,  1.6011e-01,  3.9532e-01,
         -5.5871e-02],
        [ 3.2426e-01, -8.6620e-02,  3.5186e-01, -1.6289e-01, -1.1325e-01,
         -1.8725e-01, -1.9493e-01, -2.6876e-01, -2.9594e-01,  2.5094e-02,
          8.8492e-02,  7.1700e-02, -2.6830e-02,  1.7834e-01, -3.4282e-01,
          1.1530e-01],
        [-1.0596e-01,  4.8904e-02,  3.0275e-01, -3.3127e-01, -3.9512e-01,
         -2.7779e-01, -1.0401e-01, -3.0224e-01, -2.4278e-01, -1.6824e-01,
          3.3544e-02,  4.8468e-02,  2.8949e-01, -1.3445e-01, -1.4283e-01,
          3.1522e-01],
        [ 1.8557e-02, -1.1888e-02,  2.7700e-01, -2.4998e-01, -1.5483e-01,
         -3.3680e-01, -1.9982e-01, -1.5015e-01, -1.7616e-02, -2.8206e-01,
         -5.0241e-02,  9.2356e-02, -2.9465e-02,  1.5439e-01, -4.4169e-01,
          8.1895e-02],
        [-2.7131e-01,  2.2201e-01, -7.0486e-02, -1.0930e-02,  1.6285e-01,
          1.4304e-01,  8.4732e-02,  2.8733e-01,  3.2823e-01, -3.1278e-02,
          9.0289e-02, -3.8790e-02, -3.0288e-01, -7.2305e-02,  2.6014e-01,
         -1.8972e-01],
        [-3.2316e-01,  4.1162e-01, -1.8997e-02, -4.1180e-02,  3.3106e-02,
          4.0033e-01,  2.6582e-01,  1.6569e-01,  4.1405e-01,  2.1713e-01,
         -4.8967e-02, -1.7310e-02, -2.3536e-01,  1.4010e-01,  5.1706e-02,
         -3.0694e-01],
        [-8.2008e-02,  1.4772e-01,  2.7184e-02,  7.0504e-02,  2.3132e-01,
          9.4499e-02,  3.7005e-01,  1.8124e-01,  2.0295e-01,  3.0017e-01,
          1.5779e-01,  5.3589e-02, -4.3709e-01, -2.0542e-01,  1.4124e-01,
         -1.6972e-01],
        [ 3.2743e-01, -1.3350e-01,  1.4036e-01, -1.8461e-01, -2.0574e-01,
          2.4004e-02, -1.4227e-01, -3.9209e-01, -4.0482e-01, -9.4541e-02,
          1.0671e-01,  8.4803e-02,  2.4776e-02,  1.7666e-01, -3.1605e-01,
          3.8132e-02],
        [ 1.7874e-01,  6.3744e-02,  3.2826e-01, -2.9116e-03, -3.8904e-01,
         -8.3348e-03, -6.7372e-02, -1.1336e-01, -2.7836e-01, -1.2780e-01,
         -6.5792e-02,  1.3181e-01,  1.5577e-01,  4.1696e-02, -4.2872e-01,
          2.1717e-01],
        [-3.4709e-01, -3.8811e-04, -3.3414e-02, -4.6970e-02,  4.5843e-01,
          4.0074e-01,  1.1974e-01,  1.6326e-01,  2.6125e-02,  1.4680e-01,
         -2.3897e-02, -3.3822e-01, -1.2202e-01, -9.5557e-02,  1.3129e-01,
         -1.4045e-01],
        [-5.8043e-02, -4.2104e-01,  1.9216e-01,  4.9768e-02, -4.0679e-01,
         -1.8714e-02, -2.4052e-01, -3.7222e-01, -2.5953e-01, -4.8375e-02,
          1.4189e-01,  4.6239e-01,  2.1474e-01, -3.1686e-02, -8.3680e-03,
          1.1049e-01],
        [ 2.4486e-01,  2.0265e-02,  1.2952e-01, -3.1458e-01, -3.7917e-01,
         -1.6001e-02, -7.9801e-02, -1.0673e-02, -3.6449e-01, -1.3077e-01,
          2.6983e-01,  2.8067e-01,  3.5707e-01,  2.2009e-01, -1.8930e-01,
         -8.8380e-02],
        [-2.2111e-01,  2.0975e-01, -1.7310e-01,  1.0172e-01,  1.5424e-01,
          2.6127e-01,  2.8107e-01,  2.8441e-01,  1.3389e-01,  2.2550e-01,
         -1.4037e-01, -2.2448e-01, -1.7162e-01, -1.5337e-01,  2.9207e-01,
         -1.1439e-01],
        [ 1.8679e-01, -1.9271e-01,  9.6324e-02, -2.7451e-01, -2.4980e-01,
         -3.5657e-01, -3.0218e-01, -6.0337e-03, -4.3243e-01, -7.7097e-02,
          1.4080e-01, -6.1307e-02,  2.3697e-01,  2.1572e-01, -1.7898e-02,
          1.5704e-01],
        [ 3.3223e-01, -1.9221e-01,  2.1887e-01, -7.4399e-02, -3.7897e-01,
         -2.1110e-01, -3.7725e-01, -1.5537e-02, -9.0784e-02, -2.3248e-01,
          7.2997e-02,  2.6757e-01, -1.4774e-02,  7.8231e-02, -6.0234e-02,
          1.6640e-01],
        [-1.3835e-01,  3.3257e-01,  8.6037e-03, -9.4483e-02,  3.1981e-01,
         -6.9831e-02,  3.2569e-01,  4.0297e-01,  1.9521e-01,  3.0128e-02,
         -2.3379e-01, -2.7181e-01, -2.2901e-01, -1.7092e-01,  3.9433e-01,
         -2.2191e-01],
        [-7.3074e-02, -4.0064e-03, -3.6054e-02,  4.0160e-01,  8.8355e-02,
          1.1225e-01,  2.9617e-01,  1.1941e-03,  9.4982e-02,  2.4714e-01,
          1.5994e-01, -3.1703e-01, -2.3993e-01, -3.7116e-01,  1.8718e-02,
          5.1589e-02],
        [ 3.2394e-01, -2.4246e-01,  2.2836e-03, -1.4493e-01, -4.8033e-02,
         -3.7057e-01, -3.1102e-01, -2.6087e-01, -2.9454e-01, -1.1399e-01,
          2.6459e-01,  2.2959e-01, -4.9117e-02,  2.7970e-01,  5.3071e-02,
          1.8375e-01],
        [ 1.7065e-01,  1.7951e-03,  2.6292e-01, -3.2231e-01, -2.3492e-01,
         -1.3686e-01, -1.5676e-01, -2.7878e-01, -3.3028e-01, -2.5968e-01,
          1.3436e-02,  3.1645e-01,  2.6814e-01,  5.4890e-02, -2.1730e-01,
         -4.7244e-02],
        [ 1.7727e-01, -4.4138e-01,  1.2647e-01, -1.1152e-01,  4.7076e-03,
         -2.2197e-01,  2.3864e-02, -1.9886e-01, -4.1243e-01,  9.6620e-02,
          3.2547e-01,  1.1758e-02,  7.6337e-02,  2.1647e-01, -3.6115e-01,
          3.1602e-01],
        [ 2.0958e-02, -2.7199e-01,  5.0761e-02,  8.4564e-02, -2.9957e-01,
         -1.9076e-01, -6.4458e-02, -3.8398e-01, -2.2488e-01, -3.2426e-01,
         -1.3847e-01,  1.3300e-01,  2.3664e-01,  3.0661e-01, -4.2181e-01,
          7.0783e-02],
        [ 1.8044e-01, -8.1609e-02,  2.4271e-01, -3.2390e-01, -2.1579e-01,
         -7.2382e-02, -3.7391e-01, -5.7702e-02, -4.0677e-01,  4.6868e-02,
          1.4943e-01,  1.0021e-01,  2.6025e-01,  2.5969e-01,  4.4203e-02,
          2.5658e-01],
        [-2.8320e-01,  2.6858e-01,  6.4466e-02,  1.9179e-01,  3.7354e-01,
         -1.4241e-03,  3.8059e-01,  2.0700e-01, -1.0575e-02,  6.0837e-02,
          1.2388e-01, -2.8323e-01, -2.5366e-01, -1.7839e-01,  6.2300e-02,
         -8.9952e-02],
        [ 2.4271e-01, -1.0860e-01,  7.6357e-02, -1.0363e-01, -3.3182e-01,
         -2.6104e-01, -1.3716e-01, -3.5978e-01, -3.2811e-02, -6.1567e-02,
          8.9252e-02,  1.4126e-01,  3.6335e-01,  2.6237e-01, -2.7664e-02,
          2.1680e-01],
        [-2.4343e-01,  2.6745e-01, -2.7172e-01,  2.3998e-01, -1.7571e-02,
          1.2054e-01,  3.6768e-01,  3.4965e-01,  4.0198e-01,  1.9696e-01,
          5.8634e-02, -9.9171e-02,  1.0461e-04,  7.6168e-02,  1.8026e-01,
         -2.0743e-01],
        [-2.3170e-01,  1.1179e-01,  1.6418e-02, -6.8141e-03,  2.3569e-01,
          3.5648e-01,  3.8230e-01, -2.2517e-03,  2.5438e-01,  2.7433e-01,
         -3.2527e-01, -1.8514e-02, -3.3355e-01, -2.2791e-01,  5.5029e-02,
         -1.9912e-01],
        [ 5.0233e-03, -1.0332e-01,  1.9990e-01, -3.8868e-02, -2.6633e-02,
         -2.9439e-01, -4.1110e-01, -3.8763e-01, -3.1746e-01, -2.2975e-01,
          1.8247e-01, -1.3849e-02, -3.0907e-03,  2.1271e-01, -3.2095e-01,
          1.5895e-01]], device='cuda:0', requires_grad=True)

Parameter name: road_linear_0.bias
Shape: torch.Size([32])
Values: Parameter containing:
tensor([-0.1189,  0.0016,  0.0871, -0.0559, -0.0040, -0.0986,  0.0806,  0.1400,
        -0.0336, -0.0281, -0.0188,  0.0652,  0.1391,  0.0655,  0.0234,  0.1023,
        -0.0755, -0.0098,  0.0840,  0.0354, -0.0567, -0.0708, -0.0101, -0.0068,
        -0.0757,  0.1620,  0.1528,  0.0247, -0.0672, -0.1952,  0.0395,  0.0006],
       device='cuda:0', requires_grad=True)

Parameter name: road_linear_1.weight
Shape: torch.Size([1, 32])
Values: Parameter containing:
tensor([[ 0.2747,  0.3599, -0.2615, -0.2885,  0.3571,  0.4048, -0.3215, -0.4205,
         -0.3290,  0.4072,  0.2852,  0.4236, -0.2961, -0.4439,  0.3364, -0.3152,
         -0.3413,  0.3627, -0.2552, -0.2840,  0.4527,  0.3152, -0.3923, -0.4124,
         -0.3679, -0.3869, -0.3504,  0.3955, -0.3779,  0.4239,  0.3121, -0.2649]],
       device='cuda:0', requires_grad=True)

Parameter name: linear_0.weight
Shape: torch.Size([32, 39])
Values: Parameter containing:
tensor([[-0.0607,  0.1370,  0.0867,  ...,  0.1401, -0.2532, -0.1137],
        [-0.1551, -0.0102,  0.1378,  ...,  0.0667, -0.2918,  0.0871],
        [ 0.0460, -0.0676,  0.0216,  ...,  0.0561,  0.2368,  0.0345],
        ...,
        [ 0.1554, -0.1875, -0.0331,  ..., -0.1909,  0.0024, -0.1180],
        [ 0.1361, -0.2476, -0.0786,  ..., -0.2362,  0.1202,  0.1557],
        [-0.2343,  0.1920,  0.0852,  ...,  0.0616, -0.2459, -0.0509]],
       device='cuda:0', requires_grad=True)

Parameter name: linear_0.bias
Shape: torch.Size([32])
Values: Parameter containing:
tensor([ 0.0574,  0.0393, -0.0697, -0.1409, -0.0757,  0.0578, -0.0974,  0.0482,
        -0.0406,  0.0529,  0.0123,  0.0147, -0.0209,  0.0951, -0.0388, -0.0033,
         0.0481, -0.1598, -0.0273,  0.0751, -0.0703,  0.0203,  0.1141,  0.0229,
        -0.0976,  0.1071,  0.0551, -0.1252,  0.0399,  0.1792,  0.1760, -0.1162],
       device='cuda:0', requires_grad=True)

Parameter name: linear_1.weight
Shape: torch.Size([32, 32])
Values: Parameter containing:
tensor([[ 0.0790, -0.1848, -0.0867,  ...,  0.0794, -0.0209,  0.0500],
        [-0.2050, -0.0330,  0.1191,  ...,  0.1776, -0.0043,  0.0233],
        [ 0.1343, -0.0404, -0.1878,  ..., -0.1685, -0.0130,  0.2090],
        ...,
        [ 0.1421,  0.0841,  0.0596,  ...,  0.0478, -0.2136,  0.3046],
        [ 0.0239, -0.1643,  0.0412,  ...,  0.2809,  0.2326, -0.1593],
        [ 0.0024, -0.1154,  0.2253,  ...,  0.2527,  0.1446, -0.0748]],
       device='cuda:0', requires_grad=True)

Parameter name: linear_1.bias
Shape: torch.Size([32])
Values: Parameter containing:
tensor([ 0.1242,  0.1684, -0.0576, -0.1293,  0.0234, -0.0232, -0.0801,  0.0113,
         0.1748, -0.1648,  0.1234, -0.1220,  0.2106,  0.0596, -0.1032,  0.1660,
        -0.1276, -0.1748,  0.0515,  0.0436, -0.0520,  0.0784, -0.2250,  0.2073,
        -0.0103, -0.0305,  0.0784,  0.0041, -0.1707, -0.0800,  0.1564,  0.0384],
       device='cuda:0', requires_grad=True)

Parameter name: linear_2.weight
Shape: torch.Size([1, 32])
Values: Parameter containing:
tensor([[ 0.4477,  0.3659, -0.4200, -0.4226,  0.2642,  0.2828, -0.3366,  0.2975,
          0.3574, -0.3811, -0.3102,  0.3286,  0.3288,  0.3092,  0.3627,  0.3466,
         -0.4461, -0.4484,  0.2965,  0.3022, -0.3720, -0.3469, -0.4413,  0.3053,
          0.3895,  0.4494, -0.4213,  0.4100, -0.3485, -0.4374,  0.3977,  0.4300]],
       device='cuda:0', requires_grad=True)

Parameter name: linear_2.bias
Shape: torch.Size([1])
Values: Parameter containing:
tensor([0.2414], device='cuda:0', requires_grad=True)

