Parameter name: road_linear_0.weight
Shape: torch.Size([32, 16])
Values: Parameter containing:
tensor([[-0.3134,  0.4637,  0.0190, -0.0067,  0.2241,  0.1557,  0.3635,  0.0177,
          0.2288,  0.2430,  0.0097, -0.1757, -0.3457, -0.3518,  0.2926,  0.0634],
        [-0.2371, -0.0224, -0.0802,  0.0010,  0.0672,  0.2340,  0.2048,  0.1934,
          0.4436,  0.1100,  0.0470, -0.2802, -0.0176, -0.0371,  0.4365, -0.0709],
        [ 0.0666, -0.1039,  0.3511, -0.1307, -0.1495, -0.3268, -0.0950, -0.4640,
         -0.0202, -0.0525,  0.0934, -0.0276,  0.4467,  0.3043,  0.0166,  0.2543],
        [ 0.2235, -0.2547,  0.0326, -0.0582, -0.1005, -0.1650, -0.1628, -0.1073,
         -0.4289, -0.3603,  0.0515,  0.3536,  0.3065, -0.1596, -0.2302,  0.1159],
        [-0.0802,  0.4221, -0.1406, -0.0203,  0.2422,  0.0563,  0.0896,  0.3629,
          0.1900,  0.2711,  0.0686, -0.1762, -0.0758, -0.2299,  0.3291, -0.1506],
        [ 0.0135,  0.4370, -0.3183,  0.3924,  0.3839, -0.0630,  0.2894,  0.0017,
          0.2787,  0.1845, -0.3150, -0.0897, -0.2651,  0.1516,  0.3866, -0.0629],
        [ 0.3344, -0.0930,  0.3621, -0.1734, -0.1134, -0.1843, -0.2064, -0.2678,
         -0.2907,  0.0111,  0.0981,  0.0676, -0.0338,  0.1917, -0.3347,  0.1261],
        [-0.0965,  0.0431,  0.3124, -0.3412, -0.3949, -0.2751, -0.1153, -0.3011,
         -0.2371, -0.1819,  0.0421,  0.0442,  0.2822, -0.1216, -0.1348,  0.3254],
        [ 0.0270, -0.0207,  0.2861, -0.2603, -0.1550, -0.3336, -0.2150, -0.1486,
         -0.0118, -0.2947, -0.0380,  0.0878, -0.0353,  0.1666, -0.4322,  0.0920],
        [-0.2821,  0.2330, -0.0815,  0.0008,  0.1651,  0.1392,  0.1010,  0.2872,
          0.3253, -0.0170,  0.0747, -0.0361, -0.2995, -0.0863,  0.2510, -0.2017],
        [-0.3320,  0.4174, -0.0283, -0.0314,  0.0325,  0.3976,  0.2777,  0.1641,
          0.4077,  0.2303, -0.0578, -0.0125, -0.2273,  0.1273,  0.0432, -0.3168],
        [-0.0900,  0.1554,  0.0183,  0.0803,  0.2307,  0.0912,  0.3844,  0.1792,
          0.1956,  0.3127,  0.1469,  0.0592, -0.4290, -0.2176,  0.1315, -0.1794],
        [ 0.3378, -0.1414,  0.1515, -0.1957, -0.2064,  0.0278, -0.1535, -0.3909,
         -0.4009, -0.1089,  0.1182,  0.0806,  0.0192,  0.1897, -0.3072,  0.0495],
        [ 0.1897,  0.0539,  0.3392, -0.0145, -0.3910, -0.0047, -0.0831, -0.1134,
         -0.2749, -0.1423, -0.0518,  0.1291,  0.1516,  0.0557, -0.4201,  0.2290],
        [-0.3582,  0.0097, -0.0442, -0.0353,  0.4611,  0.3977,  0.1388,  0.1638,
          0.0233,  0.1612, -0.0382, -0.3364, -0.1189, -0.1101,  0.1231, -0.1522],
        [-0.0471, -0.4297,  0.2044,  0.0381, -0.4081, -0.0152, -0.2534, -0.3712,
         -0.2561, -0.0637,  0.1534,  0.4588,  0.2100, -0.0182,  0.0012,  0.1221],
        [ 0.2545,  0.0136,  0.1392, -0.3249, -0.3793, -0.0130, -0.0918, -0.0100,
         -0.3589, -0.1442,  0.2800,  0.2769,  0.3505,  0.2337, -0.1813, -0.0779],
        [-0.2312,  0.2150, -0.1834,  0.1118,  0.1543,  0.2588,  0.2912,  0.2837,
          0.1286,  0.2398, -0.1475, -0.2210, -0.1643, -0.1657,  0.2843, -0.1246],
        [ 0.1930, -0.1966,  0.1041, -0.2828, -0.2476, -0.3540, -0.3096, -0.0034,
         -0.4241, -0.0887,  0.1464, -0.0678,  0.2271,  0.2272, -0.0092,  0.1652],
        [ 0.3394, -0.1965,  0.2273, -0.0832, -0.3772, -0.2087, -0.3867, -0.0132,
         -0.0830, -0.2452,  0.0786,  0.2615, -0.0242,  0.0895, -0.0514,  0.1749],
        [-0.1489,  0.3423, -0.0030, -0.0831,  0.3215, -0.0747,  0.3367,  0.4025,
          0.1924,  0.0444, -0.2472, -0.2682, -0.2250, -0.1839,  0.3852, -0.2337],
        [-0.0779,  0.0024, -0.0429,  0.4098,  0.0849,  0.1088,  0.3059, -0.0034,
          0.0856,  0.2574,  0.1512, -0.3087, -0.2306, -0.3803,  0.0076,  0.0441],
        [ 0.3314, -0.2466,  0.0108, -0.1538, -0.0465, -0.3684, -0.3199, -0.2587,
         -0.2872, -0.1263,  0.2703,  0.2241, -0.0581,  0.2915,  0.0615,  0.1925],
        [ 0.1822, -0.0043,  0.2740, -0.3334, -0.2361, -0.1347, -0.1692, -0.2790,
         -0.3264, -0.2747,  0.0218,  0.3146,  0.2627,  0.0687, -0.2101, -0.0359],
        [ 0.1859, -0.4485,  0.1354, -0.1213,  0.0050, -0.2183,  0.0130, -0.1976,
         -0.4067,  0.0842,  0.3372,  0.0069,  0.0695,  0.2290, -0.3528,  0.3261],
        [ 0.0343, -0.2823,  0.0644,  0.0712, -0.3027, -0.1873, -0.0795, -0.3844,
         -0.2235, -0.3407, -0.1241,  0.1316,  0.2343,  0.3220, -0.4129,  0.0845],
        [ 0.1837, -0.0844,  0.2489, -0.3302, -0.2128, -0.0696, -0.3782, -0.0547,
         -0.3978,  0.0367,  0.1525,  0.0927,  0.2494,  0.2682,  0.0527,  0.2624],
        [-0.2919,  0.2761,  0.0548,  0.2020,  0.3732, -0.0047,  0.3949,  0.2050,
         -0.0171,  0.0744,  0.1139, -0.2778, -0.2458, -0.1907,  0.0525, -0.0999],
        [ 0.2528, -0.1148,  0.0863, -0.1140, -0.3321, -0.2585, -0.1504, -0.3589,
         -0.0275, -0.0752,  0.0987,  0.1376,  0.3566,  0.2762, -0.0196,  0.2273],
        [-0.2504,  0.2719, -0.2806,  0.2485, -0.0190,  0.1176,  0.3754,  0.3474,
          0.3951,  0.2099,  0.0530, -0.0931,  0.0092,  0.0661,  0.1714, -0.2159],
        [-0.2392,  0.1162,  0.0080,  0.0022,  0.2341,  0.3541,  0.3914, -0.0044,
          0.2467,  0.2864, -0.3320, -0.0130, -0.3245, -0.2403,  0.0466, -0.2081],
        [ 0.0156, -0.1096,  0.2104, -0.0496, -0.0270, -0.2917, -0.4237, -0.3869,
         -0.3121, -0.2441,  0.1917, -0.0175, -0.0102,  0.2264, -0.3127,  0.1699]],
       device='cuda:0', requires_grad=True)

Parameter name: road_linear_0.bias
Shape: torch.Size([32])
Values: Parameter containing:
tensor([-0.1262, -0.0088,  0.0916, -0.0489, -0.0115, -0.1057,  0.0865,  0.1452,
        -0.0267, -0.0372, -0.0240,  0.0588,  0.1465,  0.0737,  0.0157,  0.1096,
        -0.0695, -0.0146,  0.0880,  0.0395, -0.0657, -0.0765, -0.0062, -0.0017,
        -0.0689,  0.1704,  0.1564,  0.0184, -0.0619, -0.1998,  0.0352,  0.0061],
       device='cuda:0', requires_grad=True)

Parameter name: road_linear_1.weight
Shape: torch.Size([1, 32])
Values: Parameter containing:
tensor([[ 0.2713,  0.3520, -0.2594, -0.2836,  0.3526,  0.4025, -0.3182, -0.4176,
         -0.3252,  0.4011,  0.2826,  0.4200, -0.2926, -0.4385,  0.3317, -0.3117,
         -0.3372,  0.3596, -0.2537, -0.2829,  0.4481,  0.3134, -0.3911, -0.4087,
         -0.3637, -0.3815, -0.3497,  0.3924, -0.3747,  0.4226,  0.3100, -0.2617]],
       device='cuda:0', requires_grad=True)

Parameter name: linear_0.weight
Shape: torch.Size([32, 39])
Values: Parameter containing:
tensor([[-0.0606,  0.1365,  0.0878,  ...,  0.1432, -0.2728, -0.1137],
        [-0.1550, -0.0104,  0.1379,  ...,  0.0693, -0.3079,  0.0871],
        [ 0.0457, -0.0671,  0.0212,  ...,  0.0528,  0.2569,  0.0345],
        ...,
        [ 0.1564, -0.1884, -0.0340,  ..., -0.1930,  0.0172, -0.1180],
        [ 0.1363, -0.2476, -0.0790,  ..., -0.2386,  0.1354,  0.1557],
        [-0.2332,  0.1905,  0.0854,  ...,  0.0650, -0.2652, -0.0509]],
       device='cuda:0', requires_grad=True)

Parameter name: linear_0.bias
Shape: torch.Size([32])
Values: Parameter containing:
tensor([ 0.0557,  0.0394, -0.0691, -0.1414, -0.0760,  0.0589, -0.0975,  0.0463,
        -0.0406,  0.0528,  0.0098,  0.0154, -0.0218,  0.0950, -0.0391, -0.0018,
         0.0471, -0.1602, -0.0290,  0.0758, -0.0688,  0.0201,  0.1149,  0.0225,
        -0.0974,  0.1078,  0.0562, -0.1260,  0.0396,  0.1795,  0.1762, -0.1171],
       device='cuda:0', requires_grad=True)

Parameter name: linear_1.weight
Shape: torch.Size([32, 32])
Values: Parameter containing:
tensor([[ 0.0786, -0.1852, -0.0885,  ...,  0.0785, -0.0191,  0.0504],
        [-0.2053, -0.0340,  0.1171,  ...,  0.1767, -0.0025,  0.0244],
        [ 0.1347, -0.0391, -0.1859,  ..., -0.1675, -0.0147,  0.2079],
        ...,
        [ 0.1431,  0.0866,  0.0604,  ...,  0.0483, -0.2157,  0.3036],
        [ 0.0235, -0.1641,  0.0403,  ...,  0.2805,  0.2350, -0.1600],
        [ 0.0018, -0.1151,  0.2230,  ...,  0.2509,  0.1451, -0.0739]],
       device='cuda:0', requires_grad=True)

Parameter name: linear_1.bias
Shape: torch.Size([32])
Values: Parameter containing:
tensor([ 0.1238,  0.1685, -0.0577, -0.1283,  0.0236, -0.0231, -0.0801,  0.0103,
         0.1739, -0.1650,  0.1225, -0.1186,  0.2106,  0.0603, -0.1037,  0.1648,
        -0.1323, -0.1751,  0.0511,  0.0431, -0.0516,  0.0785, -0.2257,  0.2073,
        -0.0105, -0.0275,  0.0774,  0.0037, -0.1707, -0.0806,  0.1554,  0.0378],
       device='cuda:0', requires_grad=True)

Parameter name: linear_2.weight
Shape: torch.Size([1, 32])
Values: Parameter containing:
tensor([[ 0.4397,  0.3579, -0.4118, -0.4145,  0.2562,  0.2749, -0.3286,  0.2896,
          0.3495, -0.3731, -0.3024,  0.3207,  0.3208,  0.3013,  0.3547,  0.3387,
         -0.4380, -0.4405,  0.2884,  0.2941, -0.3638, -0.3389, -0.4331,  0.2973,
          0.3815,  0.4415, -0.4134,  0.4019, -0.3405, -0.4294,  0.3898,  0.4219]],
       device='cuda:0', requires_grad=True)

Parameter name: linear_2.bias
Shape: torch.Size([1])
Values: Parameter containing:
tensor([0.2340], device='cuda:0', requires_grad=True)

