Parameter name: road_linear_0.weight
Shape: torch.Size([32, 16])
Values: Parameter containing:
tensor([[-0.3177,  0.5042,  0.0541, -0.0502,  0.3996,  0.2110,  0.4184,  0.1730,
          0.3678,  0.1977,  0.1223, -0.3333, -0.4072, -0.2823,  0.3717,  0.0981],
        [-0.1027, -0.1493,  0.0694, -0.1317,  0.1564,  0.2174,  0.0465,  0.3625,
          0.7237, -0.0421,  0.2891, -0.4637,  0.0754,  0.1235,  0.6975,  0.0769],
        [ 0.1698, -0.2414,  0.3715, -0.1172, -0.3981, -0.3712, -0.2565, -0.6554,
         -0.1876, -0.0671,  0.1072,  0.1770,  0.6506,  0.3009, -0.1135,  0.2818],
        [ 0.0538, -0.1222, -0.1396,  0.0908, -0.1611, -0.1310,  0.0059, -0.2587,
         -0.7031, -0.1843, -0.2104,  0.4993,  0.1779, -0.3506, -0.4485, -0.0539],
        [ 0.0790,  0.2776,  0.0250, -0.1625,  0.3003,  0.0383, -0.0569,  0.5083,
          0.4430,  0.0997,  0.3257, -0.3036,  0.0384, -0.0467,  0.5282,  0.0100],
        [-0.1039,  0.5380, -0.3536,  0.3945,  0.6014,  0.0072,  0.4500,  0.1766,
          0.3929,  0.2083, -0.2866, -0.2707, -0.4066,  0.1508,  0.4625, -0.0986],
        [ 0.2006, -0.0430,  0.2158, -0.0469, -0.2260, -0.1506, -0.0980, -0.4200,
         -0.5414,  0.1546, -0.1133,  0.2249, -0.0899,  0.0242, -0.5067, -0.0119],
        [-0.2065,  0.0445,  0.1788, -0.2220, -0.5253, -0.2315, -0.0278, -0.4569,
         -0.4651, -0.0540, -0.1342,  0.2136,  0.2616, -0.2724, -0.2991,  0.2036],
        [-0.1171,  0.0633,  0.1283, -0.1200, -0.2922, -0.2932, -0.0558, -0.3401,
         -0.3346, -0.1370, -0.2914,  0.3018, -0.1230, -0.0073, -0.6745, -0.0607],
        [-0.1352,  0.0985,  0.0763, -0.1377,  0.2452,  0.1177, -0.0512,  0.4538,
          0.6116, -0.1760,  0.3308, -0.2032, -0.1963,  0.0859,  0.4853, -0.0460],
        [-0.2720,  0.4558,  0.0639, -0.1218,  0.1929,  0.3813,  0.2457,  0.3257,
          0.6083,  0.1391,  0.0794, -0.1880, -0.2589,  0.2427,  0.1835, -0.2330],
        [ 0.0337,  0.1116,  0.1625, -0.0495,  0.3748,  0.0520,  0.2560,  0.3626,
          0.4869,  0.1700,  0.3739, -0.1416, -0.3781, -0.0556,  0.3427, -0.0428],
        [ 0.1994, -0.0358,  0.0017, -0.0676, -0.2900,  0.0421, -0.0446, -0.5309,
         -0.6377,  0.0403, -0.1179,  0.2103, -0.0647,  0.0194, -0.4706, -0.0942],
        [ 0.0351,  0.1837,  0.1758,  0.1285, -0.4746,  0.0169,  0.0748, -0.2799,
         -0.5670,  0.0229, -0.3125,  0.2995,  0.0429, -0.1242, -0.6531,  0.0678],
        [-0.2071, -0.0935,  0.1145, -0.1739,  0.5601,  0.3561, -0.0238,  0.3313,
          0.3111,  0.0022,  0.2116, -0.5147, -0.0142,  0.0661,  0.3442,  0.0008],
        [-0.1402, -0.3522,  0.0901,  0.1374, -0.5019, -0.0230, -0.1913, -0.5005,
         -0.4380,  0.0508, -0.0487,  0.5821,  0.1582, -0.1527, -0.1142,  0.0159],
        [ 0.0885,  0.0945, -0.0296, -0.1743, -0.4797,  0.0295,  0.0624, -0.1779,
         -0.6532,  0.0283,  0.0275,  0.4502,  0.2519,  0.0382, -0.3940, -0.2398],
        [-0.2221,  0.2877, -0.1315,  0.0521,  0.3152,  0.2621,  0.3300,  0.4269,
          0.2465,  0.1846, -0.0666, -0.3734, -0.2297, -0.0899,  0.3718, -0.0806],
        [ 0.2756, -0.3379,  0.0963, -0.2425, -0.4882, -0.3784, -0.4381, -0.2043,
         -0.5989, -0.0807,  0.1517,  0.1443,  0.4257,  0.1981, -0.1575,  0.1704],
        [ 0.4260, -0.3234,  0.2262, -0.0559, -0.6395, -0.2463, -0.5243, -0.2202,
         -0.2559, -0.2407,  0.0734,  0.4712,  0.1504,  0.0603, -0.2006,  0.1828],
        [-0.0550,  0.2519,  0.1059, -0.1823,  0.3849, -0.0655,  0.2786,  0.5083,
          0.3375, -0.0674, -0.0398, -0.3551, -0.1553, -0.0515,  0.4628, -0.1281],
        [-0.0181,  0.0407,  0.0566,  0.3102,  0.3139,  0.1092,  0.2554,  0.2092,
          0.3692,  0.1587,  0.3238, -0.5357, -0.2832, -0.2584,  0.2122,  0.1352],
        [ 0.4062, -0.3756,  0.0037, -0.1191, -0.2836, -0.3901, -0.4449, -0.4485,
         -0.4478, -0.1178,  0.2691,  0.4225,  0.1161,  0.2603, -0.0747,  0.1955],
        [ 0.0115,  0.0703,  0.1030, -0.1851, -0.3110, -0.0776, -0.0197, -0.4218,
         -0.5643, -0.1002, -0.2059,  0.4547,  0.1611, -0.1239, -0.3931, -0.1973],
        [ 0.0344, -0.3516, -0.0228,  0.0170, -0.0868, -0.1885,  0.1499, -0.3548,
         -0.6971,  0.2425,  0.0850,  0.1658, -0.0260,  0.0484, -0.5541,  0.1709],
        [-0.1394, -0.1158, -0.1132,  0.2236, -0.3197, -0.1634,  0.0760, -0.5003,
         -0.4445, -0.1586, -0.3891,  0.2069,  0.0982,  0.1282, -0.5941, -0.0867],
        [ 0.3815, -0.2202,  0.3236, -0.3538, -0.5004, -0.1478, -0.6282, -0.2874,
         -0.6044, -0.0229,  0.2153,  0.3129,  0.5000,  0.3217, -0.1059,  0.3508],
        [-0.2107,  0.2648,  0.1649,  0.1011,  0.5339, -0.0106,  0.3281,  0.3761,
          0.2080, -0.0358,  0.2967, -0.4611, -0.2415, -0.0602,  0.2150,  0.0030],
        [ 0.1848, -0.1590, -0.0139, -0.0157, -0.4880, -0.2290, -0.1011, -0.5197,
         -0.2250,  0.0216, -0.0417,  0.3147,  0.3831,  0.1540, -0.1674,  0.1382],
        [-0.3498,  0.3808, -0.2987,  0.2424,  0.2063,  0.1704,  0.5254,  0.5174,
          0.5282,  0.2220,  0.0650, -0.2737, -0.1423,  0.0741,  0.2640, -0.2376],
        [-0.3066,  0.2524,  0.0190, -0.0396,  0.4769,  0.3788,  0.5041,  0.1981,
          0.4258,  0.2720, -0.3277, -0.2234, -0.5169, -0.2045,  0.1973, -0.2080],
        [-0.1194, -0.0699,  0.0618,  0.0815, -0.1326, -0.2415, -0.3057, -0.5411,
         -0.5595, -0.0967, -0.0139,  0.1451, -0.0683,  0.0570, -0.4906,  0.0318]],
       device='cuda:0', requires_grad=True)

Parameter name: road_linear_0.bias
Shape: torch.Size([32])
Values: Parameter containing:
tensor([-0.0960,  0.1695,  0.1891, -0.2383,  0.2031, -0.1539, -0.0374,  0.1196,
        -0.1534,  0.1585, -0.0431,  0.1238, -0.0617, -0.1188,  0.1727, -0.0465,
        -0.1941, -0.0672,  0.2031,  0.1258,  0.1031, -0.0884,  0.0945, -0.1269,
        -0.2368, -0.0575,  0.2317,  0.0678, -0.0142, -0.2493, -0.0780, -0.0716],
       device='cuda:0', requires_grad=True)

Parameter name: road_linear_1.weight
Shape: torch.Size([1, 32])
Values: Parameter containing:
tensor([[ 0.5401,  0.6889, -0.4678, -0.5980,  0.6716,  0.6314, -0.6073, -0.6761,
         -0.6194,  0.7240,  0.5341,  0.7060, -0.6115, -0.7706,  0.6290, -0.6056,
         -0.6302,  0.6054, -0.4378, -0.4771,  0.7551,  0.5323, -0.5875, -0.7022,
         -0.6583, -0.6964, -0.5403,  0.6674, -0.6181,  0.6571,  0.4929, -0.5356]],
       device='cuda:0', requires_grad=True)

Parameter name: linear_0.weight
Shape: torch.Size([32, 39])
Values: Parameter containing:
tensor([[-0.0234,  0.1027,  0.0530,  ...,  0.1966, -0.5619, -0.1137],
        [-0.1394, -0.0357,  0.1408,  ...,  0.0532, -0.5103,  0.0871],
        [ 0.0278, -0.0398,  0.0218,  ...,  0.0646,  0.5188,  0.0345],
        ...,
        [ 0.1389, -0.1554, -0.0413,  ..., -0.1691,  0.2273, -0.1180],
        [ 0.1118, -0.2129, -0.0741,  ..., -0.2308,  0.3766,  0.1557],
        [-0.2196,  0.1859,  0.0689,  ...,  0.0842, -0.4965, -0.0509]],
       device='cuda:0', requires_grad=True)

Parameter name: linear_0.bias
Shape: torch.Size([32])
Values: Parameter containing:
tensor([ 8.6504e-02,  2.7093e-02, -6.0930e-02, -1.3400e-01, -8.5377e-02,
         4.1771e-02, -8.3555e-02,  7.1202e-02, -3.9782e-02,  4.7868e-02,
         5.2057e-02,  1.5128e-02, -2.4484e-02,  1.0660e-01, -2.1348e-02,
        -1.7488e-02,  5.4536e-02, -1.6599e-01, -1.4176e-04,  9.3686e-02,
        -9.5673e-02, -4.4343e-03,  1.1930e-01,  5.7887e-02, -1.0900e-01,
         1.1314e-01,  6.0820e-02, -1.5577e-01,  4.6229e-02,  1.9824e-01,
         1.8130e-01, -1.0213e-01], device='cuda:0', requires_grad=True)

Parameter name: linear_1.weight
Shape: torch.Size([32, 32])
Values: Parameter containing:
tensor([[ 0.0956, -0.2200,  0.0068,  ...,  0.1115, -0.0027,  0.0681],
        [-0.1884, -0.0627,  0.2078,  ...,  0.2062,  0.0108,  0.0397],
        [ 0.1345, -0.0319, -0.2424,  ..., -0.1766, -0.0133,  0.2143],
        ...,
        [ 0.1432,  0.0881,  0.0221,  ...,  0.0446, -0.2294,  0.3409],
        [ 0.0523, -0.2289,  0.1571,  ...,  0.3366,  0.2743, -0.1258],
        [ 0.0166, -0.1372,  0.2901,  ...,  0.2737,  0.1491, -0.0548]],
       device='cuda:0', requires_grad=True)

Parameter name: linear_1.bias
Shape: torch.Size([32])
Values: Parameter containing:
tensor([ 0.1561,  0.1963, -0.0661, -0.1624,  0.0407, -0.0024, -0.1008,  0.0674,
         0.2210, -0.1754,  0.1377, -0.1687,  0.2485,  0.0719, -0.0579,  0.2213,
         0.0282, -0.1957,  0.0646,  0.0745, -0.0906,  0.0622, -0.2349,  0.2321,
         0.0152, -0.0552,  0.0828,  0.0063, -0.2021, -0.0786,  0.2109,  0.0620],
       device='cuda:0', requires_grad=True)

Parameter name: linear_2.weight
Shape: torch.Size([1, 32])
Values: Parameter containing:
tensor([[ 1.1252,  1.0526, -1.1127, -1.0904,  0.9601,  0.9767, -1.0276,  0.9417,
          1.0084, -1.0785, -0.9917,  0.9923,  0.9923,  1.0033,  1.0149,  0.9882,
         -1.1073, -1.1348,  0.9889,  0.9778, -1.0375, -1.0369, -1.1425,  0.9934,
          1.0801,  1.1146, -1.1141,  1.0914, -1.0308, -1.1339,  1.0371,  1.1116]],
       device='cuda:0', requires_grad=True)

Parameter name: linear_2.bias
Shape: torch.Size([1])
Values: Parameter containing:
tensor([0.8639], device='cuda:0', requires_grad=True)

