Parameter name: road_linear_0.weight
Shape: torch.Size([32, 16])
Values: Parameter containing:
tensor([[-3.1721e-01,  4.6330e-01,  1.3348e-02, -2.1881e-03,  2.2412e-01,
          1.5815e-01,  3.6629e-01,  1.6666e-02,  2.2827e-01,  2.4869e-01,
          8.8749e-03, -1.7735e-01, -3.4579e-01, -3.5598e-01,  2.8985e-01,
          6.0006e-02],
        [-2.4201e-01, -1.9840e-02, -8.6187e-02,  6.4208e-03,  6.9631e-02,
          2.3547e-01,  2.1108e-01,  1.9487e-01,  4.4508e-01,  1.1667e-01,
          4.2327e-02, -2.8440e-01, -1.9659e-02, -4.2500e-02,  4.3449e-01,
         -7.5623e-02],
        [ 7.1557e-02, -1.0373e-01,  3.5740e-01, -1.3602e-01, -1.4985e-01,
         -3.2913e-01, -9.8550e-02, -4.6336e-01, -1.9993e-02, -5.9066e-02,
          9.5130e-02, -2.5474e-02,  4.4700e-01,  3.0977e-01,  1.9146e-02,
          2.5871e-01],
        [ 2.2814e-01, -2.5518e-01,  3.8708e-02, -6.3585e-02, -1.0121e-01,
         -1.6708e-01, -1.6726e-01, -1.0698e-01, -4.2887e-01, -3.6698e-01,
          5.3982e-02,  3.5631e-01,  3.0697e-01, -1.5446e-01, -2.2746e-01,
          1.2022e-01],
        [-8.3789e-02,  4.2222e-01, -1.4587e-01, -1.5777e-02,  2.4256e-01,
          5.8439e-02,  9.3068e-02,  3.6217e-01,  1.8965e-01,  2.7672e-01,
          6.6988e-02, -1.7835e-01, -7.5871e-02, -2.3395e-01,  3.2627e-01,
         -1.5407e-01],
        [ 1.0935e-02,  4.3563e-01, -3.2307e-01,  3.9626e-01,  3.8310e-01,
         -6.0482e-02,  2.9070e-01, -1.1627e-04,  2.7739e-01,  1.8919e-01,
         -3.1453e-01, -9.0198e-02, -2.6426e-01,  1.4871e-01,  3.8351e-01,
         -6.5368e-02],
        [ 3.3903e-01, -9.2913e-02,  3.6822e-01, -1.7867e-01, -1.1372e-01,
         -1.8651e-01, -2.0982e-01, -2.6713e-01, -2.9051e-01,  4.6886e-03,
          9.9918e-02,  6.9777e-02, -3.3481e-02,  1.9668e-01, -3.3206e-01,
          1.3031e-01],
        [-9.1834e-02,  4.3242e-02,  3.1862e-01, -3.4668e-01, -3.9516e-01,
         -2.7734e-01, -1.1888e-01, -3.0033e-01, -2.3675e-01, -1.8856e-01,
          4.3779e-02,  4.6314e-02,  2.8224e-01, -1.1654e-01, -1.3209e-01,
          3.2976e-01],
        [ 3.1853e-02, -2.2517e-02,  2.9220e-01, -2.6596e-01, -1.5685e-01,
         -3.3528e-01, -2.2124e-01, -1.4928e-01, -1.2829e-02, -3.0180e-01,
         -3.3722e-02,  9.1586e-02, -3.3868e-02,  1.7210e-01, -4.3001e-01,
          9.6884e-02],
        [-2.8665e-01,  2.3473e-01, -8.7151e-02,  5.8291e-03,  1.6663e-01,
          1.4084e-01,  1.0598e-01,  2.8787e-01,  3.2613e-01, -1.0826e-02,
          7.0866e-02, -3.9430e-02, -3.0094e-01, -9.1219e-02,  2.4886e-01,
         -2.0587e-01],
        [-3.3694e-01,  4.1763e-01, -3.4535e-02, -2.5988e-02,  3.3120e-02,
          3.9978e-01,  2.8195e-01,  1.6370e-01,  4.0763e-01,  2.3705e-01,
         -6.0100e-02, -1.4997e-02, -2.2778e-01,  1.2190e-01,  4.0662e-02,
         -3.2135e-01],
        [-9.4986e-02,  1.5668e-01,  1.2142e-02,  8.5897e-02,  2.3210e-01,
          9.3028e-02,  3.9035e-01,  1.7955e-01,  1.9620e-01,  3.1969e-01,
          1.4327e-01,  5.5766e-02, -4.3012e-01, -2.2322e-01,  1.2911e-01,
         -1.8413e-01],
        [ 3.4115e-01, -1.4108e-01,  1.5659e-01, -1.9986e-01, -2.0643e-01,
          2.5622e-02, -1.5592e-01, -3.8995e-01, -4.0032e-01, -1.1399e-01,
          1.1926e-01,  8.2118e-02,  1.9182e-02,  1.9334e-01, -3.0450e-01,
          5.2566e-02],
        [ 1.9420e-01,  5.2820e-02,  3.4501e-01, -1.9749e-02, -3.9204e-01,
         -6.5324e-03, -8.7544e-02, -1.1346e-01, -2.7528e-01, -1.4864e-01,
         -4.8722e-02,  1.3203e-01,  1.5243e-01,  6.0575e-02, -4.1767e-01,
          2.3330e-01],
        [-3.6366e-01,  1.1536e-02, -5.0660e-02, -2.9588e-02,  4.6323e-01,
          3.9951e-01,  1.4561e-01,  1.6479e-01,  2.4753e-02,  1.6834e-01,
         -4.2595e-02, -3.4065e-01, -1.2083e-01, -1.1599e-01,  1.2101e-01,
         -1.5721e-01],
        [-4.4271e-02, -4.2897e-01,  2.0909e-01,  3.4423e-02, -4.0786e-01,
         -1.7572e-02, -2.5559e-01, -3.6974e-01, -2.5519e-01, -6.8467e-02,
          1.5386e-01,  4.6004e-01,  2.0959e-01, -1.4987e-02,  4.2834e-03,
          1.2472e-01],
        [ 2.5931e-01,  1.3330e-02,  1.4550e-01, -3.3057e-01, -3.7990e-01,
         -1.5206e-02, -9.5808e-02, -9.5576e-03, -3.5880e-01, -1.5098e-01,
          2.8234e-01,  2.7938e-01,  3.5097e-01,  2.3921e-01, -1.7868e-01,
         -7.3253e-02],
        [-2.3532e-01,  2.1430e-01, -1.8945e-01,  1.1691e-01,  1.5412e-01,
          2.6132e-01,  2.9385e-01,  2.8247e-01,  1.2769e-01,  2.4607e-01,
         -1.4819e-01, -2.2241e-01, -1.6389e-01, -1.7033e-01,  2.8133e-01,
         -1.2844e-01],
        [ 1.9818e-01, -1.9651e-01,  1.1070e-01, -2.8865e-01, -2.4801e-01,
         -3.5637e-01, -3.1325e-01, -2.8057e-03, -4.2398e-01, -9.5790e-02,
          1.4836e-01, -6.5505e-02,  2.2749e-01,  2.3316e-01, -6.7268e-03,
          1.7018e-01],
        [ 3.4406e-01, -1.9605e-01,  2.3376e-01, -8.8772e-02, -3.7737e-01,
         -2.1117e-01, -3.9023e-01, -1.2183e-02, -8.2399e-02, -2.5227e-01,
          7.9760e-02,  2.6348e-01, -2.4378e-02,  9.4603e-02, -4.8598e-02,
          1.7938e-01],
        [-1.5171e-01,  3.4210e-01, -7.4074e-03, -7.9615e-02,  3.2149e-01,
         -7.2753e-02,  3.3880e-01,  4.0161e-01,  1.9189e-01,  4.8583e-02,
         -2.4808e-01, -2.6953e-01, -2.2515e-01, -1.8710e-01,  3.8260e-01,
         -2.3611e-01],
        [-8.1898e-02,  3.7927e-03, -4.8359e-02,  4.1485e-01,  8.6188e-02,
          1.1044e-01,  3.1091e-01, -3.1987e-03,  8.6047e-02,  2.6388e-01,
          1.4746e-01, -3.1179e-01, -2.3145e-01, -3.8503e-01,  5.1906e-03,
          3.9793e-02],
        [ 3.3615e-01, -2.4621e-01,  1.7135e-02, -1.5932e-01, -4.6715e-02,
         -3.7076e-01, -3.2343e-01, -2.5785e-01, -2.8681e-01, -1.3305e-01,
          2.7179e-01,  2.2610e-01, -5.8069e-02,  2.9694e-01,  6.4176e-02,
          1.9702e-01],
        [ 1.8669e-01, -3.9736e-03,  2.8033e-01, -3.3892e-01, -2.3624e-01,
         -1.3711e-01, -1.7248e-01, -2.7808e-01, -3.2589e-01, -2.8137e-01,
          2.3045e-02,  3.1657e-01,  2.6255e-01,  7.3747e-02, -2.0718e-01,
         -3.1657e-02],
        [ 1.9013e-01, -4.4887e-01,  1.4109e-01, -1.2636e-01,  4.4846e-03,
         -2.2025e-01,  9.5385e-03, -1.9720e-01, -4.0658e-01,  7.8256e-02,
          3.3972e-01,  9.1619e-03,  6.9941e-02,  2.3379e-01, -3.5035e-01,
          3.3026e-01],
        [ 3.7927e-02, -2.8257e-01,  6.9562e-02,  6.6975e-02, -3.0317e-01,
         -1.8938e-01, -8.2577e-02, -3.8390e-01, -2.2343e-01, -3.4598e-01,
         -1.2251e-01,  1.3378e-01,  2.3485e-01,  3.2598e-01, -4.1028e-01,
          8.7689e-02],
        [ 1.8779e-01, -8.3373e-02,  2.5504e-01, -3.3550e-01, -2.1246e-01,
         -7.2194e-02, -3.8034e-01, -5.3320e-02, -3.9680e-01,  3.0314e-02,
          1.5283e-01,  9.3905e-02,  2.4887e-01,  2.7295e-01,  5.5573e-02,
          2.6653e-01],
        [-2.9617e-01,  2.7656e-01,  4.8964e-02,  2.0707e-01,  3.7389e-01,
         -2.6207e-03,  3.9944e-01,  2.0458e-01, -1.7276e-02,  8.0879e-02,
          1.1166e-01, -2.8038e-01, -2.4613e-01, -1.9538e-01,  4.9715e-02,
         -1.0399e-01],
        [ 2.5804e-01, -1.1531e-01,  9.2841e-02, -1.1972e-01, -3.3296e-01,
         -2.6072e-01, -1.5523e-01, -3.5877e-01, -2.7810e-02, -8.2199e-02,
          1.0141e-01,  1.4059e-01,  3.5739e-01,  2.8213e-01, -1.7151e-02,
          2.3212e-01],
        [-2.5361e-01,  2.7070e-01, -2.8601e-01,  2.5295e-01, -1.9550e-02,
          1.2017e-01,  3.7715e-01,  3.4572e-01,  3.9386e-01,  2.1535e-01,
          5.3211e-02, -9.3933e-02,  1.0067e-02,  6.2599e-02,  1.6833e-01,
         -2.1894e-01],
        [-2.4456e-01,  1.1640e-01,  1.3685e-03,  8.0410e-03,  2.3474e-01,
          3.5639e-01,  3.9564e-01, -4.7983e-03,  2.4680e-01,  2.9355e-01,
         -3.3444e-01, -1.5545e-02, -3.2507e-01, -2.4664e-01,  4.4090e-02,
         -2.1310e-01],
        [ 2.0341e-02, -1.0947e-01,  2.1666e-01, -5.4952e-02, -2.7312e-02,
         -2.9407e-01, -4.2750e-01, -3.8611e-01, -3.1180e-01, -2.5079e-01,
          1.9335e-01, -1.5337e-02, -1.0052e-02,  2.3167e-01, -3.0993e-01,
          1.7423e-01]], device='cuda:0', requires_grad=True)

Parameter name: road_linear_0.bias
Shape: torch.Size([32])
Values: Parameter containing:
tensor([-0.1244, -0.0091,  0.0900, -0.0501, -0.0100, -0.1034,  0.0850,  0.1436,
        -0.0272, -0.0369, -0.0226,  0.0596,  0.1449,  0.0729,  0.0161,  0.1077,
        -0.0708, -0.0127,  0.0865,  0.0375, -0.0645, -0.0756, -0.0080, -0.0034,
        -0.0700,  0.1692,  0.1542,  0.0198, -0.0631, -0.1976,  0.0366,  0.0045],
       device='cuda:0', requires_grad=True)

Parameter name: road_linear_1.weight
Shape: torch.Size([1, 32])
Values: Parameter containing:
tensor([[ 0.2722,  0.3521, -0.2610, -0.2846,  0.3534,  0.4034, -0.3194, -0.4190,
         -0.3265,  0.4013,  0.2838,  0.4211, -0.2934, -0.4392,  0.3328, -0.3125,
         -0.3385,  0.3610, -0.2553, -0.2848,  0.4484,  0.3150, -0.3929, -0.4103,
         -0.3645, -0.3820, -0.3514,  0.3935, -0.3761,  0.4239,  0.3117, -0.2630]],
       device='cuda:0', requires_grad=True)

Parameter name: linear_0.weight
Shape: torch.Size([32, 39])
Values: Parameter containing:
tensor([[-0.0607,  0.1368,  0.0879,  ...,  0.1427, -0.2702, -0.1137],
        [-0.1556, -0.0097,  0.1384,  ...,  0.0687, -0.3057,  0.0871],
        [ 0.0462, -0.0676,  0.0209,  ...,  0.0534,  0.2541,  0.0345],
        ...,
        [ 0.1571, -0.1892, -0.0345,  ..., -0.1924,  0.0152, -0.1180],
        [ 0.1369, -0.2483, -0.0794,  ..., -0.2380,  0.1333,  0.1557],
        [-0.2334,  0.1908,  0.0855,  ...,  0.0645, -0.2625, -0.0509]],
       device='cuda:0', requires_grad=True)

Parameter name: linear_0.bias
Shape: torch.Size([32])
Values: Parameter containing:
tensor([ 0.0559,  0.0392, -0.0691, -0.1414, -0.0761,  0.0589, -0.0971,  0.0463,
        -0.0406,  0.0523,  0.0101,  0.0154, -0.0218,  0.0956, -0.0388, -0.0019,
         0.0468, -0.1604, -0.0288,  0.0763, -0.0688,  0.0198,  0.1149,  0.0228,
        -0.0975,  0.1077,  0.0560, -0.1265,  0.0396,  0.1798,  0.1763, -0.1169],
       device='cuda:0', requires_grad=True)

Parameter name: linear_1.weight
Shape: torch.Size([32, 32])
Values: Parameter containing:
tensor([[ 0.0794, -0.1844, -0.0901,  ...,  0.0781, -0.0195,  0.0514],
        [-0.2045, -0.0330,  0.1153,  ...,  0.1762, -0.0031,  0.0255],
        [ 0.1340, -0.0403, -0.1841,  ..., -0.1668, -0.0138,  0.2070],
        ...,
        [ 0.1426,  0.0852,  0.0621,  ...,  0.0492, -0.2146,  0.3027],
        [ 0.0244, -0.1637,  0.0391,  ...,  0.2805,  0.2349, -0.1591],
        [ 0.0025, -0.1143,  0.2213,  ...,  0.2505,  0.1446, -0.0729]],
       device='cuda:0', requires_grad=True)

Parameter name: linear_1.bias
Shape: torch.Size([32])
Values: Parameter containing:
tensor([ 0.1240,  0.1686, -0.0576, -0.1286,  0.0236, -0.0232, -0.0801,  0.0107,
         0.1743, -0.1648,  0.1231, -0.1192,  0.2109,  0.0601, -0.1033,  0.1651,
        -0.1317, -0.1752,  0.0512,  0.0433, -0.0519,  0.0786, -0.2255,  0.2074,
        -0.0105, -0.0280,  0.0778,  0.0038, -0.1708, -0.0803,  0.1558,  0.0379],
       device='cuda:0', requires_grad=True)

Parameter name: linear_2.weight
Shape: torch.Size([1, 32])
Values: Parameter containing:
tensor([[ 0.4375,  0.3557, -0.4095, -0.4122,  0.2539,  0.2726, -0.3263,  0.2875,
          0.3473, -0.3708, -0.3001,  0.3184,  0.3186,  0.2991,  0.3526,  0.3366,
         -0.4358, -0.4382,  0.2861,  0.2918, -0.3616, -0.3366, -0.4309,  0.2951,
          0.3792,  0.4393, -0.4112,  0.3996, -0.3383, -0.4272,  0.3877,  0.4196]],
       device='cuda:0', requires_grad=True)

Parameter name: linear_2.bias
Shape: torch.Size([1])
Values: Parameter containing:
tensor([0.2322], device='cuda:0', requires_grad=True)

