Parameter name: road_linear_0.weight
Shape: torch.Size([32, 16])
Values: Parameter containing:
tensor([[-3.0138e-01,  4.5815e-01,  3.3252e-02, -2.0562e-02,  2.2649e-01,
          1.5796e-01,  3.5290e-01,  2.2205e-02,  2.3700e-01,  2.2560e-01,
          2.0018e-02, -1.8260e-01, -3.5459e-01, -3.3638e-01,  3.0512e-01,
          7.6551e-02],
        [-2.2157e-01, -3.6072e-02, -6.4658e-02, -1.5510e-02,  6.2492e-02,
          2.3582e-01,  1.8217e-01,  1.9285e-01,  4.4449e-01,  9.1347e-02,
          6.6338e-02, -2.7927e-01, -1.6742e-02, -1.8968e-02,  4.4795e-01,
         -5.4704e-02],
        [ 5.5263e-02, -1.0092e-01,  3.3829e-01, -1.1785e-01, -1.5261e-01,
         -3.2715e-01, -8.4813e-02, -4.6859e-01, -2.8973e-02, -3.6457e-02,
          8.6724e-02, -2.1352e-02,  4.5639e-01,  2.8877e-01,  5.2833e-03,
          2.4211e-01],
        [ 2.0806e-01, -2.4721e-01,  1.7364e-02, -4.2518e-02, -9.9696e-02,
         -1.6583e-01, -1.4408e-01, -1.0896e-01, -4.3367e-01, -3.4156e-01,
          3.8355e-02,  3.5538e-01,  3.1094e-01, -1.7758e-01, -2.4106e-01,
          1.0047e-01],
        [-6.5996e-02,  4.1426e-01, -1.2506e-01, -3.5857e-02,  2.4250e-01,
          5.7655e-02,  7.3603e-02,  3.6663e-01,  1.9543e-01,  2.5258e-01,
          8.1522e-02, -1.8014e-01, -8.1060e-02, -2.1307e-01,  3.4191e-01,
         -1.3567e-01],
        [ 1.9936e-02,  4.3286e-01, -3.0776e-01,  3.8213e-01,  3.8823e-01,
         -5.9699e-02,  2.8395e-01,  7.1712e-03,  2.8861e-01,  1.7088e-01,
         -3.0771e-01, -9.9295e-02, -2.7570e-01,  1.6241e-01,  3.9879e-01,
         -5.3708e-02],
        [ 3.2124e-01, -8.8207e-02,  3.4811e-01, -1.5926e-01, -1.1522e-01,
         -1.8522e-01, -1.9424e-01, -2.7142e-01, -2.9811e-01,  2.8402e-02,
          8.8659e-02,  7.2745e-02, -2.5828e-02,  1.7536e-01, -3.4588e-01,
          1.1231e-01],
        [-1.0909e-01,  4.7267e-02,  2.9898e-01, -3.2760e-01, -3.9705e-01,
         -2.7568e-01, -1.0316e-01, -3.0482e-01, -2.4484e-01, -1.6486e-01,
          3.3878e-02,  4.9392e-02,  2.9041e-01, -1.3748e-01, -1.4584e-01,
          3.1218e-01],
        [ 1.5312e-02, -1.2680e-02,  2.7341e-01, -2.4636e-01, -1.5580e-01,
         -3.3492e-01, -1.9723e-01, -1.5201e-01, -1.8655e-02, -2.7862e-01,
         -5.1511e-02,  9.1986e-02, -2.9890e-02,  1.5121e-01, -4.4456e-01,
          7.8746e-02],
        [-2.6826e-01,  2.2289e-01, -6.6895e-02, -1.4452e-02,  1.6418e-01,
          1.4125e-01,  8.2894e-02,  2.8969e-01,  3.2948e-01, -3.4559e-02,
          9.1585e-02, -3.8861e-02, -3.0273e-01, -6.9197e-02,  2.6313e-01,
         -1.8672e-01],
        [-3.1982e-01,  4.1314e-01, -1.5153e-02, -4.4936e-02,  3.4861e-02,
          3.9821e-01,  2.6448e-01,  1.6817e-01,  4.1592e-01,  2.1364e-01,
         -4.9036e-02, -1.7961e-02, -2.3602e-01,  1.4339e-01,  5.4707e-02,
         -3.0374e-01],
        [-7.8730e-02,  1.4888e-01,  3.0873e-02,  6.6816e-02,  2.3275e-01,
          9.2507e-02,  3.6781e-01,  1.8356e-01,  2.0447e-01,  2.9672e-01,
          1.5860e-01,  5.3504e-02, -4.3710e-01, -2.0211e-01,  1.4428e-01,
         -1.6655e-01],
        [ 3.2523e-01, -1.3523e-01,  1.3694e-01, -1.8139e-01, -2.0817e-01,
          2.5825e-02, -1.4233e-01, -3.9534e-01, -4.0720e-01, -9.1732e-02,
          1.0675e-01,  8.6483e-02,  2.6082e-02,  1.7415e-01, -3.1931e-01,
          3.5698e-02],
        [ 1.7571e-01,  6.2617e-02,  3.2466e-01,  6.2679e-04, -3.9060e-01,
         -6.4761e-03, -6.5833e-02, -1.1578e-01, -2.7996e-01, -1.2453e-01,
         -6.6631e-02,  1.3214e-01,  1.5598e-01,  3.8684e-02, -4.3171e-01,
          2.1420e-01],
        [-3.4358e-01,  3.5026e-04, -2.9646e-02, -5.0696e-02,  4.5924e-01,
          3.9876e-01,  1.1692e-01,  1.6506e-01,  2.6913e-02,  1.4323e-01,
         -2.2654e-02, -3.3761e-01, -1.2134e-01, -9.2202e-02,  1.3408e-01,
         -1.3717e-01],
        [-6.0246e-02, -4.2283e-01,  1.8867e-01,  5.2983e-02, -4.0929e-01,
         -1.6796e-02, -2.4041e-01, -3.7575e-01, -2.6177e-01, -4.5493e-02,
          1.4200e-01,  4.6400e-01,  2.1597e-01, -3.4246e-02, -1.1789e-02,
          1.0811e-01],
        [ 2.4160e-01,  1.8937e-02,  1.2574e-01, -3.1081e-01, -3.8078e-01,
         -1.3979e-02, -7.8439e-02, -1.2992e-02, -3.6637e-01, -1.2732e-01,
          2.6962e-01,  2.8124e-01,  3.5762e-01,  2.1685e-01, -1.9227e-01,
         -9.1567e-02],
        [-2.1812e-01,  2.1157e-01, -1.6923e-01,  9.8014e-02,  1.5632e-01,
          2.5905e-01,  2.8067e-01,  2.8717e-01,  1.3613e-01,  2.2211e-01,
         -1.4108e-01, -2.2568e-01, -1.7287e-01, -1.5063e-01,  2.9519e-01,
         -1.1142e-01],
        [ 1.8373e-01, -1.9431e-01,  9.2592e-02, -2.7080e-01, -2.5171e-01,
         -3.5451e-01, -3.0149e-01, -8.5426e-03, -4.3465e-01, -7.3753e-02,
          1.4121e-01, -6.0222e-02,  2.3805e-01,  2.1253e-01, -2.0892e-02,
          1.5393e-01],
        [ 3.2918e-01, -1.9399e-01,  2.1513e-01, -7.0734e-02, -3.8105e-01,
         -2.0894e-01, -3.7654e-01, -1.8210e-02, -9.3039e-02, -2.2909e-01,
          7.3632e-02,  2.6869e-01, -1.3629e-02,  7.5311e-02, -6.3313e-02,
          1.6341e-01],
        [-1.3668e-01,  3.3422e-01,  1.1731e-02, -9.7405e-02,  3.2243e-01,
         -7.1375e-02,  3.2609e-01,  4.0671e-01,  1.9764e-01,  2.7709e-02,
         -2.3358e-01, -2.7383e-01, -2.3040e-01, -1.6864e-01,  3.9779e-01,
         -2.1983e-01],
        [-7.0253e-02, -2.8611e-03, -3.2689e-02,  3.9817e-01,  8.9812e-02,
          1.1040e-01,  2.9414e-01,  3.4900e-03,  9.6407e-02,  2.4393e-01,
          1.6083e-01, -3.1721e-01, -2.4000e-01, -3.6818e-01,  2.1772e-02,
          5.4461e-02],
        [ 3.2079e-01, -2.4410e-01, -1.4720e-03, -1.4125e-01, -4.9914e-02,
         -3.6846e-01, -3.1021e-01, -2.6335e-01, -2.9666e-01, -1.1063e-01,
          2.6510e-01,  2.3055e-01, -4.8087e-02,  2.7664e-01,  5.0088e-02,
          1.8067e-01],
        [ 1.6742e-01,  1.7763e-04,  2.5904e-01, -3.1854e-01, -2.3669e-01,
         -1.3462e-01, -1.5581e-01, -2.8123e-01, -3.3221e-01, -2.5619e-01,
          1.3874e-02,  3.1718e-01,  2.6899e-01,  5.1996e-02, -2.2028e-01,
         -5.0362e-02],
        [ 1.7430e-01, -4.4269e-01,  1.2285e-01, -1.0792e-01,  2.9509e-03,
         -2.2013e-01,  2.4899e-02, -2.0134e-01, -4.1437e-01,  9.9844e-02,
          3.2495e-01,  1.2556e-02,  7.6901e-02,  2.1331e-01, -3.6414e-01,
          3.1300e-01],
        [ 1.8513e-02, -2.7340e-01,  4.7286e-02,  8.7830e-02, -3.0169e-01,
         -1.8901e-01, -6.4019e-02, -3.8715e-01, -2.2687e-01, -3.2134e-01,
         -1.3891e-01,  1.3418e-01,  2.3752e-01,  3.0398e-01, -4.2505e-01,
          6.8217e-02],
        [ 1.7809e-01, -8.3552e-02,  2.3911e-01, -3.2037e-01, -2.1814e-01,
         -7.0272e-02, -3.7418e-01, -6.0584e-02, -4.0942e-01,  4.9948e-02,
          1.5045e-01,  1.0197e-01,  2.6188e-01,  2.5707e-01,  4.1066e-02,
          2.5386e-01],
        [-2.8019e-01,  2.7016e-01,  6.8143e-02,  1.8820e-01,  3.7556e-01,
         -3.5013e-03,  3.7915e-01,  2.0988e-01, -8.6276e-03,  5.7489e-02,
          1.2405e-01, -2.8393e-01, -2.5428e-01, -1.7535e-01,  6.5535e-02,
         -8.7021e-02],
        [ 2.3932e-01, -1.0998e-01,  7.2549e-02, -9.9894e-02, -3.3339e-01,
         -2.5894e-01, -1.3561e-01, -3.6209e-01, -3.4549e-02, -5.8095e-02,
          8.9213e-02,  1.4170e-01,  3.6388e-01,  2.5912e-01, -3.0590e-02,
          2.1361e-01],
        [-2.4115e-01,  2.6954e-01, -2.6807e-01,  2.3657e-01, -1.4999e-02,
          1.1838e-01,  3.6802e-01,  3.5287e-01,  4.0464e-01,  1.9393e-01,
          5.7693e-02, -1.0104e-01, -1.5600e-03,  7.8576e-02,  1.8357e-01,
         -2.0492e-01],
        [-2.2839e-01,  1.1322e-01,  2.0184e-02, -1.0560e-02,  2.3734e-01,
          3.5444e-01,  3.8113e-01,  4.0137e-05,  2.5634e-01,  2.7091e-01,
         -3.2543e-01, -1.9233e-02, -3.3434e-01, -2.2461e-01,  5.7932e-02,
         -1.9589e-01],
        [ 1.6551e-03, -1.0486e-01,  1.9598e-01, -3.5076e-02, -2.8427e-02,
         -2.9224e-01, -4.0996e-01, -3.9016e-01, -3.1942e-01, -2.2624e-01,
          1.8258e-01, -1.3131e-02, -2.3368e-03,  2.0951e-01, -3.2399e-01,
          1.5575e-01]], device='cuda:0', requires_grad=True)

Parameter name: road_linear_0.bias
Shape: torch.Size([32])
Values: Parameter containing:
tensor([-0.1207,  0.0005,  0.0891, -0.0541, -0.0056, -0.1004,  0.0824,  0.1419,
        -0.0321, -0.0294, -0.0207,  0.0635,  0.1407,  0.0669,  0.0219,  0.1040,
        -0.0738, -0.0118,  0.0858,  0.0374, -0.0581, -0.0725, -0.0082, -0.0049,
        -0.0742,  0.1634,  0.1548,  0.0228, -0.0654, -0.1973,  0.0377,  0.0024],
       device='cuda:0', requires_grad=True)

Parameter name: road_linear_1.weight
Shape: torch.Size([1, 32])
Values: Parameter containing:
tensor([[ 0.2740,  0.3594, -0.2599, -0.2875,  0.3565,  0.4041, -0.3203, -0.4191,
         -0.3276,  0.4066,  0.2839,  0.4223, -0.2955, -0.4430,  0.3352, -0.3148,
         -0.3399,  0.3614, -0.2535, -0.2823,  0.4528,  0.3134, -0.3907, -0.4110,
         -0.3669, -0.3866, -0.3487,  0.3944, -0.3764,  0.4228,  0.3105, -0.2637]],
       device='cuda:0', requires_grad=True)

Parameter name: linear_0.weight
Shape: torch.Size([32, 39])
Values: Parameter containing:
tensor([[-0.0610,  0.1373,  0.0868,  ...,  0.1397, -0.2523, -0.1137],
        [-0.1553, -0.0100,  0.1379,  ...,  0.0665, -0.2911,  0.0871],
        [ 0.0462, -0.0679,  0.0215,  ...,  0.0565,  0.2359,  0.0345],
        ...,
        [ 0.1554, -0.1875, -0.0332,  ..., -0.1907,  0.0017, -0.1180],
        [ 0.1363, -0.2478, -0.0787,  ..., -0.2360,  0.1195,  0.1557],
        [-0.2347,  0.1924,  0.0854,  ...,  0.0612, -0.2450, -0.0509]],
       device='cuda:0', requires_grad=True)

Parameter name: linear_0.bias
Shape: torch.Size([32])
Values: Parameter containing:
tensor([ 0.0573,  0.0392, -0.0695, -0.1410, -0.0758,  0.0579, -0.0973,  0.0482,
        -0.0404,  0.0528,  0.0123,  0.0148, -0.0210,  0.0952, -0.0387, -0.0032,
         0.0480, -0.1599, -0.0274,  0.0752, -0.0703,  0.0203,  0.1143,  0.0231,
        -0.0978,  0.1072,  0.0552, -0.1253,  0.0398,  0.1793,  0.1761, -0.1164],
       device='cuda:0', requires_grad=True)

Parameter name: linear_1.weight
Shape: torch.Size([32, 32])
Values: Parameter containing:
tensor([[ 0.0790, -0.1849, -0.0866,  ...,  0.0796, -0.0208,  0.0499],
        [-0.2049, -0.0331,  0.1193,  ...,  0.1778, -0.0041,  0.0232],
        [ 0.1341, -0.0401, -0.1880,  ..., -0.1688, -0.0133,  0.2091],
        ...,
        [ 0.1417,  0.0842,  0.0599,  ...,  0.0475, -0.2138,  0.3045],
        [ 0.0240, -0.1643,  0.0412,  ...,  0.2809,  0.2322, -0.1591],
        [ 0.0025, -0.1156,  0.2255,  ...,  0.2530,  0.1449, -0.0749]],
       device='cuda:0', requires_grad=True)

Parameter name: linear_1.bias
Shape: torch.Size([32])
Values: Parameter containing:
tensor([ 0.1243,  0.1685, -0.0578, -0.1294,  0.0235, -0.0230, -0.0803,  0.0114,
         0.1749, -0.1651,  0.1232, -0.1220,  0.2106,  0.0598, -0.1031,  0.1662,
        -0.1274, -0.1749,  0.0517,  0.0437, -0.0521,  0.0782, -0.2252,  0.2075,
        -0.0101, -0.0305,  0.0782,  0.0042, -0.1708, -0.0802,  0.1566,  0.0386],
       device='cuda:0', requires_grad=True)

Parameter name: linear_2.weight
Shape: torch.Size([1, 32])
Values: Parameter containing:
tensor([[ 0.4492,  0.3674, -0.4215, -0.4240,  0.2656,  0.2842, -0.3381,  0.2989,
          0.3589, -0.3825, -0.3116,  0.3300,  0.3302,  0.3106,  0.3641,  0.3480,
         -0.4474, -0.4499,  0.2979,  0.3036, -0.3734, -0.3484, -0.4427,  0.3068,
          0.3910,  0.4507, -0.4227,  0.4115, -0.3499, -0.4388,  0.3991,  0.4315]],
       device='cuda:0', requires_grad=True)

Parameter name: linear_2.bias
Shape: torch.Size([1])
Values: Parameter containing:
tensor([0.2427], device='cuda:0', requires_grad=True)

