Parameter name: road_linear_0.weight
Shape: torch.Size([32, 16])
Values: Parameter containing:
tensor([[-0.2632,  0.4715,  0.0988, -0.0800,  0.3384,  0.1587,  0.3477,  0.1362,
          0.3523,  0.1720,  0.1425, -0.3014, -0.3554, -0.2519,  0.3846,  0.1362],
        [-0.1079, -0.1403,  0.0542, -0.1204,  0.1068,  0.2117,  0.0643,  0.3055,
          0.6247, -0.0254,  0.2505, -0.3984,  0.0731,  0.1093,  0.6230,  0.0641],
        [ 0.0760, -0.1821,  0.3008, -0.0743, -0.3036, -0.3051, -0.1363, -0.6011,
         -0.1694, -0.0187,  0.0571,  0.1217,  0.5522,  0.2407, -0.1001,  0.2157],
        [ 0.0668, -0.1435, -0.1205,  0.0767, -0.1203, -0.1280, -0.0152, -0.2069,
         -0.6024, -0.2065, -0.1664,  0.4436,  0.1903, -0.3311, -0.3786, -0.0370],
        [ 0.0612,  0.3082,  0.0049, -0.1488,  0.2661,  0.0344, -0.0349,  0.4629,
          0.3447,  0.1248,  0.2797, -0.2599,  0.0210, -0.0689,  0.4657, -0.0083],
        [-0.0215,  0.4911, -0.2875,  0.3527,  0.5281, -0.0505,  0.3471,  0.1326,
          0.3882,  0.1659, -0.2479, -0.2316, -0.3332,  0.1997,  0.4715, -0.0405],
        [ 0.2093, -0.0589,  0.2319, -0.0593, -0.1896, -0.1497, -0.1108, -0.3784,
         -0.4563,  0.1358, -0.0734,  0.1813, -0.0806,  0.0409, -0.4601,  0.0008],
        [-0.2096,  0.0448,  0.1891, -0.2315, -0.4887, -0.2327, -0.0318, -0.4174,
         -0.3972, -0.0650, -0.1049,  0.1676,  0.2608, -0.2638, -0.2604,  0.2090],
        [-0.1064,  0.0508,  0.1492, -0.1367, -0.2428, -0.2929, -0.0764, -0.2825,
         -0.2317, -0.1588, -0.2469,  0.2354, -0.1157,  0.0121, -0.6021, -0.0436],
        [-0.1454,  0.1153,  0.0587, -0.1248,  0.2038,  0.1148, -0.0323,  0.4019,
          0.5147, -0.1561,  0.2904, -0.1466, -0.2051,  0.0687,  0.4161, -0.0609],
        [-0.2398,  0.4325,  0.0797, -0.1306,  0.1442,  0.3592,  0.2119,  0.2887,
          0.5701,  0.1299,  0.0789, -0.1464, -0.2275,  0.2562,  0.1687, -0.2150],
        [ 0.0313,  0.1172,  0.1481, -0.0373,  0.3333,  0.0513,  0.2666,  0.3150,
          0.4047,  0.1856,  0.3394, -0.0879, -0.3807, -0.0686,  0.2895, -0.0523],
        [ 0.2178, -0.0673,  0.0219, -0.0816, -0.2595,  0.0434, -0.0647, -0.4924,
         -0.5465,  0.0152, -0.0708,  0.1755, -0.0452,  0.0421, -0.4212, -0.0759],
        [ 0.0449,  0.1686,  0.1938,  0.1148, -0.4277,  0.0222,  0.0558, -0.2234,
         -0.4646,  0.0028, -0.2710,  0.2362,  0.0495, -0.1067, -0.5788,  0.0832],
        [-0.2187, -0.0757,  0.0956, -0.1597,  0.5199,  0.3565, -0.0044,  0.2824,
          0.2163,  0.0233,  0.1693, -0.4607, -0.0251,  0.0476,  0.2813, -0.0148],
        [-0.1399, -0.3681,  0.0940,  0.1358, -0.4762, -0.0163, -0.1912, -0.4741,
         -0.3816,  0.0401, -0.0203,  0.5587,  0.1646, -0.1449, -0.0975,  0.0188],
        [ 0.1023,  0.0776, -0.0061, -0.1933, -0.4378,  0.0261,  0.0389, -0.1233,
         -0.5488,  0.0043,  0.0756,  0.3888,  0.2658,  0.0603, -0.3246, -0.2209],
        [-0.1643,  0.2483, -0.0913,  0.0273,  0.2602,  0.2251,  0.2619,  0.3949,
          0.2379,  0.1573, -0.0440, -0.3389, -0.1770, -0.0574,  0.3799, -0.0431],
        [ 0.1821, -0.2743,  0.0342, -0.2077, -0.3983, -0.3226, -0.3270, -0.1453,
         -0.5794, -0.0347,  0.1039,  0.0827,  0.3272,  0.1395, -0.1372,  0.1070],
        [ 0.3438, -0.2763,  0.1645, -0.0180, -0.5371, -0.1817, -0.4166, -0.1576,
         -0.2232, -0.2022,  0.0369,  0.4157,  0.0660,  0.0150, -0.1743,  0.1268],
        [-0.0554,  0.2693,  0.1038, -0.1819,  0.3653, -0.0725,  0.2765,  0.4882,
          0.2912, -0.0577, -0.0669, -0.3419, -0.1642, -0.0589,  0.4605, -0.1304],
        [ 0.0029,  0.0243,  0.0611,  0.3105,  0.2468,  0.0823,  0.2329,  0.1538,
          0.2998,  0.1604,  0.3093, -0.4788, -0.2533, -0.2563,  0.1687,  0.1430],
        [ 0.3234, -0.3242, -0.0556, -0.0835, -0.1939, -0.3334, -0.3401, -0.3955,
         -0.4254, -0.0776,  0.2283,  0.3707,  0.0304,  0.2110, -0.0585,  0.1390],
        [ 0.0282,  0.0474,  0.1259, -0.2026, -0.2765, -0.0829, -0.0439, -0.3763,
         -0.4690, -0.1250, -0.1580,  0.4064,  0.1796, -0.1011, -0.3335, -0.1778],
        [ 0.0484, -0.3729, -0.0019,  0.0008, -0.0502, -0.1893,  0.1289, -0.3066,
         -0.5981,  0.2196,  0.1306,  0.1142, -0.0111,  0.0693, -0.4918,  0.1885],
        [-0.1155, -0.1536, -0.0889,  0.2073, -0.2950, -0.1646,  0.0486, -0.4621,
         -0.3490, -0.1881, -0.3398,  0.1760,  0.1237,  0.1546, -0.5344, -0.0646],
        [ 0.2839, -0.1738,  0.2409, -0.3002, -0.3790, -0.0661, -0.4943, -0.2038,
         -0.5475,  0.0250,  0.1681,  0.2462,  0.3879,  0.2546, -0.0669,  0.2718],
        [-0.1954,  0.2581,  0.1686,  0.0998,  0.4890, -0.0272,  0.3129,  0.3365,
          0.1542, -0.0335,  0.2807, -0.4198, -0.2267, -0.0594,  0.1881,  0.0090],
        [ 0.1522, -0.1319, -0.0262, -0.0102, -0.4405, -0.2137, -0.0712, -0.4816,
         -0.1867,  0.0306, -0.0404,  0.2691,  0.3520,  0.1410, -0.1475,  0.1216],
        [-0.2751,  0.3378, -0.2379,  0.2031,  0.1265,  0.1113,  0.4266,  0.4753,
          0.5139,  0.1847,  0.1014, -0.2348, -0.0684,  0.1181,  0.2662, -0.1852],
        [-0.2144,  0.1915,  0.0819, -0.0759,  0.3826,  0.3183,  0.3926,  0.1364,
          0.4014,  0.2265, -0.2805, -0.1613, -0.4180, -0.1466,  0.1749, -0.1445],
        [-0.1142, -0.0800,  0.0773,  0.0692, -0.0979, -0.2455, -0.3185, -0.4998,
         -0.4770, -0.1134,  0.0236,  0.0983, -0.0601,  0.0714, -0.4440,  0.0427]],
       device='cuda:0', requires_grad=True)

Parameter name: road_linear_0.bias
Shape: torch.Size([32])
Values: Parameter containing:
tensor([-0.0839,  0.1379,  0.1453, -0.1779,  0.1287, -0.1213,  0.0138,  0.1256,
        -0.1087,  0.1093, -0.0185,  0.1053,  0.0246, -0.0665,  0.1161, -0.0010,
        -0.1533, -0.0300,  0.1488,  0.0982,  0.0543, -0.0825,  0.0560, -0.0693,
        -0.1802,  0.0162,  0.2150,  0.0611, -0.0512, -0.2276, -0.0276, -0.0434],
       device='cuda:0', requires_grad=True)

Parameter name: road_linear_1.weight
Shape: torch.Size([1, 32])
Values: Parameter containing:
tensor([[ 0.4240,  0.5782, -0.3454, -0.4735,  0.5502,  0.5265, -0.4656, -0.5443,
         -0.4749,  0.6042,  0.4068,  0.5671, -0.4698, -0.6365,  0.4983, -0.4901,
         -0.4858,  0.4890, -0.3246, -0.3700,  0.6308,  0.4112, -0.4735, -0.5635,
         -0.5210, -0.5821, -0.4274,  0.5476, -0.4935,  0.5452,  0.3784, -0.4037]],
       device='cuda:0', requires_grad=True)

Parameter name: linear_0.weight
Shape: torch.Size([32, 39])
Values: Parameter containing:
tensor([[-0.0310,  0.1075,  0.0619,  ...,  0.1660, -0.3223, -0.1137],
        [-0.1406, -0.0305,  0.1373,  ...,  0.0561, -0.3546,  0.0871],
        [ 0.0291, -0.0455,  0.0256,  ...,  0.0631,  0.3023,  0.0345],
        ...,
        [ 0.1411, -0.1650, -0.0363,  ..., -0.1749,  0.0780, -0.1180],
        [ 0.1180, -0.2234, -0.0751,  ..., -0.2289,  0.1896,  0.1557],
        [-0.2174,  0.1755,  0.0721,  ...,  0.0708, -0.3046, -0.0509]],
       device='cuda:0', requires_grad=True)

Parameter name: linear_0.bias
Shape: torch.Size([32])
Values: Parameter containing:
tensor([ 0.0769,  0.0313, -0.0655, -0.1405, -0.0820,  0.0450, -0.0892,  0.0688,
        -0.0377,  0.0496,  0.0437,  0.0194, -0.0239,  0.1012, -0.0285, -0.0135,
         0.0487, -0.1630, -0.0084,  0.0852, -0.0873,  0.0079,  0.1166,  0.0408,
        -0.1082,  0.1096,  0.0557, -0.1397,  0.0426,  0.1918,  0.1813, -0.1077],
       device='cuda:0', requires_grad=True)

Parameter name: linear_1.weight
Shape: torch.Size([32, 32])
Values: Parameter containing:
tensor([[ 0.0881, -0.2063, -0.0275,  ...,  0.0983, -0.0082,  0.0569],
        [-0.1942, -0.0516,  0.1764,  ...,  0.1953,  0.0073,  0.0312],
        [ 0.1241, -0.0278, -0.2315,  ..., -0.1816, -0.0204,  0.2017],
        ...,
        [ 0.1281,  0.0883,  0.0410,  ...,  0.0404, -0.2195,  0.2976],
        [ 0.0307, -0.1998,  0.1086,  ...,  0.3086,  0.2555, -0.1535],
        [ 0.0119, -0.1292,  0.2676,  ...,  0.2656,  0.1505, -0.0660]],
       device='cuda:0', requires_grad=True)

Parameter name: linear_1.bias
Shape: torch.Size([32])
Values: Parameter containing:
tensor([ 0.1423,  0.1849, -0.0700, -0.1464,  0.0371, -0.0091, -0.0946,  0.0378,
         0.1967, -0.1781,  0.1456, -0.1835,  0.2288,  0.0715, -0.0815,  0.1938,
        -0.0410, -0.1888,  0.0658,  0.0599, -0.0711,  0.0648, -0.2372,  0.2239,
         0.0060, -0.0896,  0.0811,  0.0146, -0.1887, -0.0860,  0.1825,  0.0521],
       device='cuda:0', requires_grad=True)

Parameter name: linear_2.weight
Shape: torch.Size([1, 32])
Values: Parameter containing:
tensor([[ 0.8492,  0.7753, -0.8333, -0.8152,  0.6804,  0.6975, -0.7489,  0.6694,
          0.7351, -0.7978, -0.7104,  0.7225,  0.7169,  0.7233,  0.7418,  0.7163,
         -0.8356, -0.8569,  0.7095,  0.7017, -0.7626, -0.7582, -0.8609,  0.7156,
          0.8020,  0.8437, -0.8320,  0.8127, -0.7539, -0.8517,  0.7654,  0.8348]],
       device='cuda:0', requires_grad=True)

Parameter name: linear_2.bias
Shape: torch.Size([1])
Values: Parameter containing:
tensor([0.5936], device='cuda:0', requires_grad=True)

