Parameter name: road_linear_0.weight
Shape: torch.Size([32, 16])
Values: Parameter containing:
tensor([[-3.0986e-01,  5.0762e-01,  6.5287e-02, -6.3478e-02,  4.0209e-01,
          2.0622e-01,  4.1243e-01,  1.8854e-01,  3.6059e-01,  1.9393e-01,
          1.3859e-01, -3.4111e-01, -3.9661e-01, -2.6787e-01,  3.7430e-01,
          1.1054e-01],
        [-9.3838e-02, -1.5155e-01,  7.9544e-02, -1.4255e-01,  1.5432e-01,
          2.1152e-01,  3.6023e-02,  3.7328e-01,  7.2553e-01, -4.7683e-02,
          3.0380e-01, -4.7010e-01,  8.5718e-02,  1.3405e-01,  7.0716e-01,
          8.8227e-02],
        [ 1.6546e-01, -2.4543e-01,  3.6806e-01, -1.1017e-01, -4.0920e-01,
         -3.7546e-01, -2.5933e-01, -6.7097e-01, -1.8585e-01, -6.5949e-02,
          9.4378e-02,  1.8529e-01,  6.4674e-01,  2.8908e-01, -1.1275e-01,
          2.7319e-01],
        [ 4.3321e-02, -1.1847e-01, -1.5130e-01,  1.0282e-01, -1.5737e-01,
         -1.2349e-01,  1.8163e-02, -2.6935e-01, -7.0538e-01, -1.7756e-01,
         -2.2662e-01,  5.0525e-01,  1.6560e-01, -3.6248e-01, -4.5934e-01,
         -6.6497e-02],
        [ 9.0334e-02,  2.7239e-01,  3.6585e-02, -1.7439e-01,  2.9636e-01,
          3.1272e-02, -6.8841e-02,  5.1812e-01,  4.4645e-01,  9.2227e-02,
          3.4212e-01, -3.0755e-01,  5.1114e-02, -3.4551e-02,  5.3743e-01,
          2.2959e-02],
        [-9.9722e-02,  5.4199e-01, -3.4981e-01,  3.8722e-01,  6.0968e-01,
          9.5512e-03,  4.5171e-01,  1.9060e-01,  3.8936e-01,  2.0749e-01,
         -2.7429e-01, -2.7793e-01, -4.0153e-01,  1.6193e-01,  4.6029e-01,
         -9.0124e-02],
        [ 1.8777e-01, -3.7871e-02,  2.0210e-01, -3.3515e-02, -2.2063e-01,
         -1.4123e-01, -8.3651e-02, -4.2990e-01, -5.4324e-01,  1.6265e-01,
         -1.3158e-01,  2.2939e-01, -1.0515e-01,  1.0171e-02, -5.1624e-01,
         -2.6225e-02],
        [-2.1807e-01,  4.7908e-02,  1.6585e-01, -2.0916e-01, -5.2017e-01,
         -2.2257e-01, -1.4285e-02, -4.6680e-01, -4.6523e-01, -4.7045e-02,
         -1.5132e-01,  2.1874e-01,  2.4745e-01, -2.8570e-01, -3.0748e-01,
          1.9022e-01],
        [-1.2891e-01,  6.7769e-02,  1.1559e-01, -1.0731e-01, -2.8771e-01,
         -2.8474e-01, -4.2068e-02, -3.5062e-01, -3.3739e-01, -1.2948e-01,
         -3.0896e-01,  3.0776e-01, -1.3684e-01, -2.0162e-02, -6.8556e-01,
         -7.4138e-02],
        [-1.2510e-01,  9.4955e-02,  8.7583e-02, -1.4942e-01,  2.4150e-01,
          1.1037e-01, -6.2929e-02,  4.6393e-01,  6.1339e-01, -1.8249e-01,
          3.4632e-01, -2.0867e-01, -1.8440e-01,  9.7312e-02,  4.9541e-01,
         -3.3796e-02],
        [-2.6291e-01,  4.5668e-01,  7.6199e-02, -1.3515e-01,  1.9112e-01,
          3.7399e-01,  2.3573e-01,  3.3844e-01,  6.0333e-01,  1.3415e-01,
          9.5690e-02, -1.9481e-01, -2.4677e-01,  2.5633e-01,  1.8884e-01,
         -2.2032e-01],
        [ 4.5258e-02,  1.0781e-01,  1.7553e-01, -6.2444e-02,  3.6913e-01,
          4.2690e-02,  2.4198e-01,  3.7248e-01,  4.8760e-01,  1.6280e-01,
          3.9108e-01, -1.4706e-01, -3.6374e-01, -4.2447e-02,  3.5247e-01,
         -2.9425e-02],
        [ 1.8687e-01, -3.0419e-02, -1.1693e-02, -5.4254e-02, -2.8487e-01,
          5.1026e-02, -3.0664e-02, -5.4087e-01, -6.4013e-01,  4.8314e-02,
         -1.3585e-01,  2.1447e-01, -7.9216e-02,  5.8344e-03, -4.8100e-01,
         -1.0844e-01],
        [ 2.5012e-02,  1.8714e-01,  1.6469e-01,  1.3997e-01, -4.7142e-01,
          2.3863e-02,  8.6411e-02, -2.9038e-01, -5.6924e-01,  2.9333e-02,
         -3.2803e-01,  3.0548e-01,  3.1185e-02, -1.3555e-01, -6.6343e-01,
          5.5647e-02],
        [-1.9543e-01, -9.8354e-02,  1.2698e-01, -1.8640e-01,  5.5513e-01,
          3.4752e-01, -3.6998e-02,  3.4114e-01,  3.1341e-01, -5.3812e-03,
          2.2868e-01, -5.1940e-01, -4.8586e-04,  7.8711e-02,  3.5415e-01,
          1.4138e-02],
        [-1.5079e-01, -3.4963e-01,  7.7272e-02,  1.5052e-01, -4.9631e-01,
         -1.3481e-02, -1.7875e-01, -5.1056e-01, -4.3609e-01,  5.7102e-02,
         -6.5102e-02,  5.8710e-01,  1.4472e-01, -1.6542e-01, -1.2225e-01,
          2.8529e-03],
        [ 7.6882e-02,  9.9251e-02, -4.1841e-02, -1.6207e-01, -4.7537e-01,
          3.7424e-02,  7.5798e-02, -1.8796e-01, -6.5682e-01,  3.5696e-02,
          1.0454e-02,  4.5611e-01,  2.3831e-01,  2.5523e-02, -4.0490e-01,
         -2.5289e-01],
        [-2.1504e-01,  2.9107e-01, -1.2134e-01,  4.0030e-02,  3.1788e-01,
          2.5804e-01,  3.2448e-01,  4.4120e-01,  2.4006e-01,  1.8143e-01,
         -5.1620e-02, -3.8086e-01, -2.2020e-01, -7.6658e-02,  3.7407e-01,
         -6.9074e-02],
        [ 2.7154e-01, -3.4113e-01,  9.4436e-02, -2.3675e-01, -4.9888e-01,
         -3.8379e-01, -4.4149e-01, -2.1872e-01, -5.9849e-01, -7.9542e-02,
          1.3942e-01,  1.5165e-01,  4.2237e-01,  1.8706e-01, -1.5575e-01,
          1.6254e-01],
        [ 4.2089e-01, -3.2791e-01,  2.2063e-01, -4.6998e-02, -6.5044e-01,
         -2.4864e-01, -5.2511e-01, -2.3649e-01, -2.5394e-01, -2.3932e-01,
          5.9651e-02,  4.8055e-01,  1.4573e-01,  4.7737e-02, -2.0222e-01,
          1.7288e-01],
        [-4.4003e-02,  2.4873e-01,  1.1846e-01, -1.9521e-01,  3.7970e-01,
         -7.4507e-02,  2.6670e-01,  5.1806e-01,  3.3546e-01, -7.4037e-02,
         -2.3256e-02, -3.5846e-01, -1.4152e-01, -3.8542e-02,  4.6891e-01,
         -1.1485e-01],
        [-6.8903e-03,  3.9617e-02,  6.9901e-02,  2.9646e-01,  3.1291e-01,
          1.0278e-01,  2.4350e-01,  2.2202e-01,  3.6821e-01,  1.5219e-01,
          3.4149e-01, -5.4267e-01, -2.7051e-01, -2.4382e-01,  2.1974e-01,
          1.4907e-01],
        [ 4.0140e-01, -3.7950e-01, -1.1530e-03, -1.1103e-01, -2.9339e-01,
         -3.9265e-01, -4.4574e-01, -4.6358e-01, -4.4565e-01, -1.1638e-01,
          2.5608e-01,  4.3078e-01,  1.1143e-01,  2.4839e-01, -7.5201e-02,
          1.8636e-01],
        [-3.1742e-04,  7.4962e-02,  9.0065e-02, -1.7236e-01, -3.0570e-01,
         -6.8595e-02, -5.5819e-03, -4.3182e-01, -5.6676e-01, -9.2608e-02,
         -2.2314e-01,  4.6035e-01,  1.4707e-01, -1.3686e-01, -4.0428e-01,
         -2.1076e-01],
        [ 2.2921e-02, -3.4682e-01, -3.4988e-02,  2.9150e-02, -8.2364e-02,
         -1.8046e-01,  1.6294e-01, -3.6452e-01, -7.0002e-01,  2.4987e-01,
          6.8183e-02,  1.7082e-01, -3.9562e-02,  3.5797e-02, -5.6448e-01,
          1.5782e-01],
        [-1.5077e-01, -1.0989e-01, -1.2410e-01,  2.3490e-01, -3.1579e-01,
         -1.5749e-01,  8.7195e-02, -5.0906e-01, -4.4885e-01, -1.5097e-01,
         -4.0487e-01,  2.0891e-01,  8.6107e-02,  1.1644e-01, -6.0181e-01,
         -9.9387e-02],
        [ 3.8006e-01, -2.2269e-01,  3.3072e-01, -3.5603e-01, -5.1653e-01,
         -1.5877e-01, -6.4042e-01, -3.0099e-01, -6.0954e-01, -2.3628e-02,
          2.0672e-01,  3.1931e-01,  5.0295e-01,  3.1458e-01, -1.0169e-01,
          3.4737e-01],
        [-2.0156e-01,  2.6491e-01,  1.7696e-01,  8.8385e-02,  5.3067e-01,
         -1.8311e-02,  3.1730e-01,  3.8753e-01,  2.0464e-01, -4.0980e-02,
          3.1215e-01, -4.6785e-01, -2.2988e-01, -4.7835e-02,  2.2210e-01,
          1.5214e-02],
        [ 1.7610e-01, -1.5994e-01, -2.5514e-02, -3.0668e-03, -4.8610e-01,
         -2.2192e-01, -9.1190e-02, -5.3181e-01, -2.2029e-01,  2.6323e-02,
         -5.7274e-02,  3.2144e-01,  3.7141e-01,  1.4099e-01, -1.7270e-01,
          1.2609e-01],
        [-3.4429e-01,  3.8527e-01, -2.9144e-01,  2.3240e-01,  2.1404e-01,
          1.7052e-01,  5.2408e-01,  5.3290e-01,  5.2405e-01,  2.2011e-01,
          7.8795e-02, -2.8230e-01, -1.3601e-01,  8.6799e-02,  2.6546e-01,
         -2.2735e-01],
        [-3.0215e-01,  2.5570e-01,  2.1023e-02, -4.5567e-02,  4.8864e-01,
          3.8432e-01,  5.0764e-01,  2.1330e-01,  4.2567e-01,  2.7080e-01,
         -3.1491e-01, -2.3115e-01, -5.1335e-01, -1.9306e-01,  1.9585e-01,
         -1.9978e-01],
        [-1.3195e-01, -6.5164e-02,  4.7990e-02,  9.4962e-02, -1.2650e-01,
         -2.3124e-01, -2.9095e-01, -5.5098e-01, -5.6041e-01, -8.8955e-02,
         -3.2192e-02,  1.4990e-01, -8.3886e-02,  4.3007e-02, -5.0026e-01,
          1.7629e-02]], device='cuda:0', requires_grad=True)

Parameter name: road_linear_0.bias
Shape: torch.Size([32])
Values: Parameter containing:
tensor([-0.1020,  0.1662,  0.1869, -0.2361,  0.2067, -0.1528, -0.0385,  0.1221,
        -0.1515,  0.1562, -0.0502,  0.1199, -0.0638, -0.1162,  0.1726, -0.0417,
        -0.1943, -0.0724,  0.1995,  0.1253,  0.1013, -0.0909,  0.0935, -0.1254,
        -0.2377, -0.0643,  0.2238,  0.0597, -0.0074, -0.2509, -0.0740, -0.0704],
       device='cuda:0', requires_grad=True)

Parameter name: road_linear_1.weight
Shape: torch.Size([1, 32])
Values: Parameter containing:
tensor([[ 0.5397,  0.7032, -0.4640, -0.6130,  0.6879,  0.6268, -0.6166, -0.6821,
         -0.6341,  0.7383,  0.5363,  0.7156, -0.6251, -0.7855,  0.6430, -0.6154,
         -0.6404,  0.6045, -0.4320, -0.4746,  0.7633,  0.5350, -0.5839, -0.7150,
         -0.6687, -0.7129, -0.5353,  0.6735, -0.6196,  0.6551,  0.4872, -0.5444]],
       device='cuda:0', requires_grad=True)

Parameter name: linear_0.weight
Shape: torch.Size([32, 39])
Values: Parameter containing:
tensor([[-0.0255,  0.1063,  0.0539,  ...,  0.1981, -0.5869, -0.1137],
        [-0.1399, -0.0347,  0.1411,  ...,  0.0530, -0.5163,  0.0871],
        [ 0.0281, -0.0404,  0.0216,  ...,  0.0645,  0.5352,  0.0345],
        ...,
        [ 0.1386, -0.1550, -0.0410,  ..., -0.1695,  0.2319, -0.1180],
        [ 0.1119, -0.2136, -0.0738,  ..., -0.2314,  0.3909,  0.1557],
        [-0.2230,  0.1916,  0.0705,  ...,  0.0838, -0.5116, -0.0509]],
       device='cuda:0', requires_grad=True)

Parameter name: linear_0.bias
Shape: torch.Size([32])
Values: Parameter containing:
tensor([ 0.0861,  0.0269, -0.0609, -0.1338, -0.0856,  0.0438, -0.0835,  0.0701,
        -0.0402,  0.0482,  0.0514,  0.0143, -0.0242,  0.1066, -0.0213, -0.0177,
         0.0553, -0.1660, -0.0008,  0.0934, -0.0959, -0.0049,  0.1194,  0.0588,
        -0.1085,  0.1133,  0.0610, -0.1567,  0.0460,  0.1978,  0.1809, -0.1030],
       device='cuda:0', requires_grad=True)

Parameter name: linear_1.weight
Shape: torch.Size([32, 32])
Values: Parameter containing:
tensor([[ 0.0960, -0.2207,  0.0093,  ...,  0.1123, -0.0029,  0.0691],
        [-0.1882, -0.0632,  0.2102,  ...,  0.2068,  0.0105,  0.0403],
        [ 0.1368, -0.0334, -0.2420,  ..., -0.1752, -0.0124,  0.2178],
        ...,
        [ 0.1448,  0.0886,  0.0199,  ...,  0.0446, -0.2321,  0.3482],
        [ 0.0537, -0.2306,  0.1608,  ...,  0.3384,  0.2749, -0.1235],
        [ 0.0167, -0.1375,  0.2921,  ...,  0.2742,  0.1485, -0.0542]],
       device='cuda:0', requires_grad=True)

Parameter name: linear_1.bias
Shape: torch.Size([32])
Values: Parameter containing:
tensor([ 0.1568,  0.1968, -0.0645, -0.1632,  0.0403, -0.0024, -0.1008,  0.0692,
         0.2226, -0.1742,  0.1351, -0.1519,  0.2498,  0.0709, -0.0567,  0.2229,
         0.0338, -0.1955,  0.0634,  0.0752, -0.0918,  0.0628, -0.2340,  0.2322,
         0.0155, -0.0352,  0.0833,  0.0039, -0.2028, -0.0781,  0.2124,  0.0623],
       device='cuda:0', requires_grad=True)

Parameter name: linear_2.weight
Shape: torch.Size([1, 32])
Values: Parameter containing:
tensor([[ 1.1438,  1.0712, -1.1318, -1.1089,  0.9791,  0.9956, -1.0465,  0.9599,
          1.0266, -1.0976, -1.0114,  1.0101,  1.0107,  1.0223,  1.0332,  1.0063,
         -1.1253, -1.1535,  1.0079,  0.9964, -1.0559, -1.0557, -1.1617,  1.0122,
          1.0989,  1.1332, -1.1335,  1.1106, -1.0494, -1.1534,  1.0552,  1.1302]],
       device='cuda:0', requires_grad=True)

Parameter name: linear_2.bias
Shape: torch.Size([1])
Values: Parameter containing:
tensor([0.8819], device='cuda:0', requires_grad=True)

