Parameter name: road_linear_0.weight
Shape: torch.Size([32, 16])
Values: Parameter containing:
tensor([[-5.7046e-01,  7.7243e-01, -2.2693e-01, -3.5479e-01,  2.6317e-01,
         -3.5664e-01,  6.5804e-01,  5.7762e-02,  2.9401e-01,  1.9407e-01,
          1.9340e-01, -2.6577e-01, -2.2701e-01,  7.0832e-02,  3.1959e-01,
         -1.8070e-01],
        [-3.6788e-01,  1.2547e-01, -2.1254e-01, -2.9925e-01,  2.0063e-01,
         -1.9367e-01,  3.6355e-01,  3.5015e-01,  5.8449e-01,  5.2898e-02,
          1.2221e-01, -4.5722e-01,  9.9433e-02,  3.3751e-01,  5.6676e-01,
         -1.8060e-01],
        [-3.5865e-01,  4.2333e-01, -6.0993e-02, -7.1206e-02,  4.4596e-01,
         -3.8080e-01,  5.3797e-01,  1.1282e-01,  5.5757e-01,  1.3580e-01,
          1.4788e-02, -5.9305e-01,  1.2012e-01,  3.4792e-01,  5.0436e-01,
         -1.6419e-01],
        [ 4.0567e-01, -4.1040e-01,  1.8579e-01,  1.8989e-01, -1.8920e-01,
          1.8640e-01, -3.6425e-01, -2.1221e-01, -5.2669e-01, -3.1198e-01,
         -2.4864e-02,  4.6607e-01,  1.4840e-01, -4.3145e-01, -3.1707e-01,
          2.6523e-01],
        [-2.5170e-01,  5.6555e-01, -2.7939e-01, -3.2219e-01,  2.9564e-01,
         -3.2352e-01,  2.2261e-01,  4.2718e-01,  2.4626e-01,  2.1418e-01,
          1.8595e-01, -2.7010e-01,  8.8644e-02,  1.1193e-01,  4.0981e-01,
         -2.7291e-01],
        [-1.5845e-01,  6.0166e-01, -4.6677e-01,  6.7497e-02,  4.2510e-01,
         -4.4882e-01,  4.2784e-01,  4.1074e-02,  3.2352e-01,  4.7307e-02,
         -1.4688e-01, -1.7993e-01, -2.1355e-01,  4.8057e-01,  4.4119e-01,
         -1.9798e-01],
        [ 4.4937e-01, -3.3885e-01,  5.5240e-01,  1.9041e-01, -2.0711e-01,
          3.0254e-01, -4.2103e-01, -3.5328e-01, -3.6541e-01,  1.9254e-01,
         -5.2728e-02,  1.7002e-01, -4.4688e-02, -1.9179e-01, -3.3000e-01,
          3.1225e-01],
        [ 6.6866e-02, -1.4875e-01,  4.6942e-01, -1.4578e-02, -5.1171e-01,
          1.3768e-01, -2.8406e-01, -4.0932e-01, -3.2523e-01, -4.5243e-02,
         -7.6852e-02,  1.8105e-01,  2.9759e-01, -4.4268e-01, -2.2958e-01,
          4.8170e-01],
        [ 1.9606e-01, -2.3813e-01,  4.7696e-01,  1.1561e-01, -3.5807e-01,
          2.0164e-01, -4.6776e-01, -3.6956e-01, -2.2812e-01, -2.3569e-01,
         -1.8599e-01,  3.0102e-01, -1.1596e-01, -3.1474e-01, -6.2193e-01,
          2.5603e-01],
        [-5.0227e-01,  4.0933e-01, -2.5787e-01, -2.6331e-01,  2.1055e-01,
         -2.3125e-01,  2.6808e-01,  3.4621e-01,  3.8367e-01,  4.1188e-02,
          1.1556e-01, -1.2700e-01, -3.9040e-02,  2.6149e-01,  3.1164e-01,
         -3.7314e-01],
        [-6.4176e-01,  6.8022e-01, -2.7222e-01, -3.7198e-01,  4.4968e-02,
         -4.3367e-02,  5.0094e-01,  1.9433e-01,  4.5618e-01,  2.4379e-01,
          4.9446e-02, -9.9636e-02, -4.9043e-02,  4.9436e-01,  5.7801e-02,
         -5.8194e-01],
        [-3.5861e-01,  3.4063e-01, -1.8276e-01, -1.5609e-01,  3.2074e-01,
         -2.4375e-01,  5.8277e-01,  2.7005e-01,  2.9052e-01,  4.0573e-01,
          1.6743e-01, -5.9018e-02, -1.8624e-01,  9.2168e-02,  2.5466e-01,
         -3.8064e-01],
        [ 4.8707e-01, -3.2427e-01,  2.9762e-01,  1.9368e-01, -2.5456e-01,
          5.3820e-01, -2.9698e-01, -4.4210e-01, -4.3407e-01,  4.8080e-02,
         -1.3911e-01,  1.6691e-01, -7.9690e-02, -2.7506e-01, -3.3294e-01,
          1.7061e-01],
        [ 3.5644e-01, -1.1571e-01,  4.8332e-01,  2.5639e-01, -4.3320e-01,
          3.6977e-01, -2.2346e-01, -1.7270e-01, -3.1000e-01, -7.8394e-02,
         -1.5298e-01,  2.0853e-01,  4.0354e-02, -2.6504e-01, -4.5656e-01,
          3.6311e-01],
        [-5.7078e-01,  2.6869e-01, -2.2121e-01, -3.6117e-01,  5.3078e-01,
         -6.6712e-02,  3.5142e-01,  2.6129e-01,  1.0397e-01,  1.0880e-01,
          9.6806e-02, -4.3686e-01, -1.7622e-02,  3.0747e-01,  1.8285e-01,
         -3.3286e-01],
        [ 1.0387e-01, -4.1137e-01,  3.5345e-01,  2.9718e-01, -4.3810e-01,
          2.9082e-01, -3.5258e-01, -4.1244e-01, -3.1614e-01, -5.9206e-03,
          6.8371e-02,  5.5702e-01, -3.5274e-02, -2.8305e-01, -6.4471e-02,
          2.2536e-01],
        [ 4.3861e-01, -1.7010e-01,  3.4542e-01, -5.9639e-02, -6.7813e-01,
          3.6654e-01, -3.4192e-01, -2.8240e-01, -6.5193e-01, -1.0885e-01,
          2.2907e-01,  5.7204e-01,  2.8787e-01, -1.0652e-01, -4.5509e-01,
          1.1209e-01],
        [-3.3630e-01,  4.0189e-01, -3.3568e-01, -1.5722e-01,  3.0666e-01,
         -9.7665e-02,  4.8091e-01,  4.1692e-01,  2.5428e-01,  9.9634e-02,
         -1.2951e-03, -3.7017e-01, -1.8537e-01,  9.5712e-02,  3.3813e-01,
         -2.8428e-01],
        [-2.4659e-01,  3.3326e-01, -2.9453e-01, -2.4903e-01,  2.8634e-01,
         -4.3812e-01,  2.8290e-01,  5.2187e-01,  8.2018e-02,  1.0343e-01,
          1.2591e-02, -5.7279e-01, -2.6269e-02,  3.1542e-01,  4.5378e-01,
         -2.3427e-01],
        [ 6.1246e-01, -4.8243e-01,  4.5463e-01,  2.4677e-01, -4.0898e-01,
          2.3351e-01, -6.2024e-01, -4.9335e-02, -1.3402e-01, -1.9210e-01,
         -1.0031e-01,  3.2305e-01, -1.1313e-01, -2.8573e-01, -4.9616e-02,
          4.2612e-01],
        [-2.3394e-01,  3.4755e-01, -1.0489e-01, -2.8453e-01,  4.1473e-01,
         -3.2146e-01,  4.2681e-01,  4.9019e-01,  2.9746e-01, -3.4476e-02,
         -1.7716e-01, -4.1311e-01, -1.0325e-01, -7.5414e-04,  5.0121e-01,
         -3.0126e-01],
        [ 3.5829e-01, -3.6579e-01,  2.5865e-01,  3.1414e-01, -3.2820e-01,
          1.3963e-01, -5.5651e-02, -3.3997e-01, -3.8226e-01, -1.0583e-01,
          2.5371e-01,  2.0516e-01,  5.0252e-02, -3.4249e-01, -6.5614e-01,
          2.7831e-01],
        [ 5.4256e-01, -5.2374e-01,  2.1536e-01,  1.9202e-01, -1.5658e-01,
          8.7999e-02, -5.3848e-01, -3.5432e-01, -3.7296e-01, -5.2053e-02,
          4.6172e-02,  3.3484e-01, -8.7158e-02, -1.1326e-01,  1.5100e-02,
          4.1855e-01],
        [ 2.9475e-01, -1.6042e-01,  4.3707e-01, -1.0655e-01, -4.9751e-01,
          1.7328e-01, -3.7856e-01, -5.0356e-01, -5.6002e-01, -1.9418e-01,
         -6.6969e-02,  5.6453e-01,  2.7657e-01, -1.3656e-01, -3.7633e-01,
          1.3210e-01],
        [ 3.9317e-01, -6.7365e-01,  3.2523e-01,  1.9798e-01, -1.1523e-01,
          2.1991e-01, -2.0283e-01, -3.2132e-01, -5.1380e-01,  9.5254e-02,
          2.0411e-01,  1.4972e-01, -9.8912e-02, -2.2022e-01, -4.6074e-01,
          5.0724e-01],
        [ 1.6012e-01, -4.1995e-01,  1.8096e-01,  3.9122e-01, -3.9102e-01,
          2.1646e-01, -2.0185e-01, -4.7996e-01, -2.8954e-01, -2.3249e-01,
         -2.8543e-01,  2.5397e-01,  1.6189e-01, -3.0558e-02, -5.3301e-01,
          1.7776e-01],
        [ 4.4855e-01, -3.6096e-01,  4.9012e-01, -3.1813e-02, -2.9988e-01,
          3.4636e-01, -6.1206e-01, -1.1769e-01, -4.8865e-01,  6.9000e-02,
         -5.3704e-03,  1.9886e-01,  1.9073e-01, -8.0457e-02,  2.8259e-03,
          5.1786e-01],
        [-5.5841e-01,  4.5556e-01, -1.5343e-01, -4.2739e-02,  4.3574e-01,
         -3.4795e-01,  5.7711e-01,  2.7304e-01,  6.7412e-02,  1.4726e-01,
          1.4509e-01, -3.8479e-01, -5.1453e-03,  1.1988e-01,  1.6077e-01,
         -2.9677e-01],
        [ 4.7878e-01, -3.2232e-01,  2.7199e-01,  1.2337e-01, -4.8003e-01,
          7.5957e-02, -3.5703e-01, -4.9862e-01, -1.6498e-01, -8.6141e-02,
          4.3422e-02,  2.8784e-01,  2.3753e-01, -2.2357e-02, -1.7299e-01,
          4.0954e-01],
        [-4.1669e-01,  4.8663e-01, -4.6122e-01, -9.3466e-02,  1.9605e-02,
         -2.9697e-01,  5.3863e-01,  3.7438e-01,  4.2093e-01,  7.7756e-02,
          2.3147e-01, -1.7190e-01, -5.0927e-04,  3.6584e-01,  1.3650e-01,
         -4.0726e-01],
        [-5.1084e-01,  4.1180e-01, -2.1148e-01, -2.9377e-01,  3.4399e-01,
         -6.8656e-02,  6.4063e-01,  9.7004e-02,  3.4580e-01,  2.8013e-01,
         -1.6680e-01, -1.2225e-01, -2.2046e-01,  1.6444e-01,  1.4248e-01,
         -4.4600e-01],
        [ 1.2812e-01, -2.8395e-01,  3.5999e-01,  2.8504e-01, -1.9742e-01,
          1.1597e-01, -6.3720e-01, -5.6208e-01, -4.6599e-01, -9.9819e-02,
          9.3637e-03,  1.7732e-01, -2.6902e-02, -1.2912e-01, -4.1152e-01,
          3.1170e-01]], device='cuda:0', requires_grad=True)

Parameter name: road_linear_0.bias
Shape: torch.Size([32])
Values: Parameter containing:
tensor([-0.2385,  0.1099,  0.2018, -0.0944,  0.0042, -0.1030,  0.0658,  0.0936,
        -0.2338, -0.0781,  0.0282,  0.0470,  0.1064,  0.0812,  0.0082,  0.0750,
        -0.1525,  0.0762, -0.0199, -0.0854,  0.0047, -0.0454, -0.1147, -0.1563,
        -0.1264,  0.1610,  0.1263,  0.0328, -0.0835, -0.1263,  0.1236, -0.1921],
       device='cuda:0', requires_grad=True)

Parameter name: road_linear_1.weight
Shape: torch.Size([1, 32])
Values: Parameter containing:
tensor([[ 0.6859,  0.7247,  0.6491, -0.6801,  0.7828,  0.8180, -0.6685, -0.7838,
         -0.7290,  0.8331,  0.6832,  0.8345, -0.7310, -0.7935,  0.7185, -0.7052,
         -0.6888,  0.7338,  0.6572, -0.6487,  0.7686, -0.6024, -0.7777, -0.7421,
         -0.7383, -0.8027, -0.6821,  0.7767, -0.7772,  0.7643,  0.7230, -0.6354]],
       device='cuda:0', requires_grad=True)

Parameter name: linear_0.weight
Shape: torch.Size([32, 39])
Values: Parameter containing:
tensor([[ 0.2916,  0.2132, -0.0179,  ...,  0.1051, -0.1949, -0.1137],
        [-0.1112, -0.2130,  0.1726,  ...,  0.0045, -0.4132,  0.0871],
        [ 0.0266,  0.1845,  0.0723,  ...,  0.1551,  0.1336,  0.0345],
        ...,
        [-0.0499, -0.2092,  0.0724,  ..., -0.1381, -0.1819, -0.1180],
        [ 0.0275, -0.0750, -0.0127,  ..., -0.1627,  0.0183,  0.1557],
        [-0.0662,  0.1742, -0.0346,  ..., -0.0498,  0.0308, -0.0509]],
       device='cuda:0', requires_grad=True)

Parameter name: linear_0.bias
Shape: torch.Size([32])
Values: Parameter containing:
tensor([ 0.0495,  0.0638, -0.1533, -0.0518, -0.0557,  0.0404, -0.1256,  0.1091,
        -0.0427,  0.1482,  0.0216, -0.0449, -0.0591,  0.0688, -0.0751, -0.0459,
         0.1091, -0.1387, -0.0468,  0.0504, -0.0812,  0.1449,  0.0980, -0.0602,
         0.0095,  0.1180,  0.0151, -0.1363,  0.0862,  0.1803,  0.0832, -0.1328],
       device='cuda:0', requires_grad=True)

Parameter name: linear_1.weight
Shape: torch.Size([32, 32])
Values: Parameter containing:
tensor([[ 0.1824, -0.1998, -0.1119,  ..., -0.0512, -0.1210,  0.1632],
        [ 0.0623,  0.0039,  0.1482,  ..., -0.0374, -0.0373,  0.2482],
        [-0.1263, -0.0870, -0.1822,  ...,  0.0200,  0.0465,  0.0070],
        ...,
        [-0.0876,  0.0281,  0.0744,  ...,  0.1967, -0.1522,  0.1292],
        [ 0.2566, -0.1077,  0.0870,  ...,  0.0619,  0.1843,  0.0195],
        [ 0.2281, -0.0601,  0.2499,  ...,  0.0812,  0.1019,  0.1089]],
       device='cuda:0', requires_grad=True)

Parameter name: linear_1.bias
Shape: torch.Size([32])
Values: Parameter containing:
tensor([ 0.0611,  0.0216,  0.0579,  0.0219, -0.0738, -0.1275,  0.0618, -0.1796,
         0.0234, -0.0666,  0.2305, -0.1873,  0.0804,  0.1011, -0.2232, -0.0249,
        -0.0496, -0.1046, -0.0653, -0.1051,  0.0998,  0.1986, -0.1057,  0.2064,
        -0.1506, -0.0563,  0.1400, -0.1449, -0.0418,  0.0003,  0.0007, -0.0600],
       device='cuda:0', requires_grad=True)

Parameter name: linear_2.weight
Shape: torch.Size([1, 32])
Values: Parameter containing:
tensor([[ 0.3396,  0.2436, -0.3456, -0.3017,  0.2113,  0.2075, -0.2348,  0.2677,
          0.2374, -0.2508, -0.2268,  0.2208,  0.2303, -0.2027,  0.2674,  0.2213,
         -0.3219, -0.3296,  0.1942,  0.2251, -0.2884, -0.2689, -0.3397, -0.1574,
          0.3027,  0.3391, -0.3236,  0.3181, -0.2416, -0.3129,  0.3172,  0.3112]],
       device='cuda:0', requires_grad=True)

Parameter name: linear_2.bias
Shape: torch.Size([1])
Values: Parameter containing:
tensor([-0.1442], device='cuda:0', requires_grad=True)

