Parameter name: road_linear_0.weight
Shape: torch.Size([32, 16])
Values: Parameter containing:
tensor([[-0.3130,  0.4605,  0.0189, -0.0066,  0.2217,  0.1579,  0.3607,  0.0149,
          0.2273,  0.2419,  0.0120, -0.1737, -0.3449, -0.3495,  0.2909,  0.0630],
        [-0.2380, -0.0262, -0.0812,  0.0020,  0.0651,  0.2369,  0.2030,  0.1907,
          0.4433,  0.1098,  0.0488, -0.2794, -0.0183, -0.0363,  0.4348, -0.0721],
        [ 0.0668, -0.1005,  0.3517, -0.1314, -0.1469, -0.3294, -0.0918, -0.4612,
         -0.0185, -0.0516,  0.0907, -0.0297,  0.4460,  0.3018,  0.0185,  0.2552],
        [ 0.2239, -0.2509,  0.0333, -0.0589, -0.0978, -0.1677, -0.1597, -0.1043,
         -0.4275, -0.3596,  0.0490,  0.3517,  0.3061, -0.1615, -0.2282,  0.1167],
        [-0.0805,  0.4187, -0.1411, -0.0198,  0.2400,  0.0587,  0.0873,  0.3603,
          0.1891,  0.2704,  0.0705, -0.1749, -0.0757, -0.2284,  0.3275, -0.1513],
        [ 0.0138,  0.4337, -0.3184,  0.3926,  0.3815, -0.0607,  0.2869, -0.0009,
          0.2772,  0.1834, -0.3128, -0.0877, -0.2643,  0.1538,  0.3848, -0.0633],
        [ 0.3345, -0.0895,  0.3627, -0.1740, -0.1109, -0.1869, -0.2035, -0.2649,
         -0.2892,  0.0120,  0.0956,  0.0656, -0.0343,  0.1894, -0.3327,  0.1269],
        [-0.0962,  0.0467,  0.3131, -0.3420, -0.3923, -0.2778, -0.1123, -0.2982,
         -0.2355, -0.1810,  0.0394,  0.0422,  0.2817, -0.1238, -0.1328,  0.3263],
        [ 0.0282, -0.0170,  0.2874, -0.2615, -0.1529, -0.3365, -0.2131, -0.1462,
         -0.0116, -0.2947, -0.0398,  0.0871, -0.0343,  0.1658, -0.4306,  0.0935],
        [-0.2829,  0.2293, -0.0824,  0.0017,  0.1630,  0.1420,  0.0990,  0.2844,
          0.3248, -0.0173,  0.0768, -0.0350, -0.2999, -0.0852,  0.2493, -0.2027],
        [-0.3324,  0.4138, -0.0290, -0.0307,  0.0299,  0.4003,  0.2745,  0.1613,
          0.4062,  0.2295, -0.0552, -0.0106, -0.2269,  0.1295,  0.0413, -0.3178],
        [-0.0911,  0.1517,  0.0172,  0.0814,  0.2284,  0.0940,  0.3820,  0.1766,
          0.1950,  0.3125,  0.1489,  0.0603, -0.4296, -0.2164,  0.1298, -0.1807],
        [ 0.3378, -0.1381,  0.1519, -0.1960, -0.2042,  0.0254, -0.1512, -0.3883,
         -0.3996, -0.1081,  0.1161,  0.0789,  0.0188,  0.1879, -0.3055,  0.0500],
        [ 0.1904,  0.0576,  0.3400, -0.0154, -0.3887, -0.0075, -0.0808, -0.1106,
         -0.2741, -0.1418, -0.0540,  0.1277,  0.1518,  0.0543, -0.4183,  0.2300],
        [-0.3591,  0.0059, -0.0452, -0.0343,  0.4587,  0.4005,  0.1362,  0.1610,
          0.0225,  0.1609, -0.0360, -0.3352, -0.1193, -0.1088,  0.1212, -0.1534],
        [-0.0471, -0.4265,  0.2046,  0.0379, -0.4059, -0.0175, -0.2510, -0.3685,
         -0.2549, -0.0629,  0.1515,  0.4572,  0.2094, -0.0200,  0.0029,  0.1225],
        [ 0.2548,  0.0173,  0.1399, -0.3256, -0.3767, -0.0158, -0.0888, -0.0071,
         -0.3573, -0.1434,  0.2773,  0.2749,  0.3501,  0.2314, -0.1793, -0.0770],
        [-0.2307,  0.2116, -0.1836,  0.1122,  0.1517,  0.2612,  0.2880,  0.2808,
          0.1267,  0.2386, -0.1449, -0.2186, -0.1633, -0.1629,  0.2823, -0.1251],
        [ 0.1932, -0.1931,  0.1048, -0.2836, -0.2450, -0.3567, -0.3065, -0.0006,
         -0.4224, -0.0878,  0.1438, -0.0698,  0.2266,  0.2245, -0.0073,  0.1662],
        [ 0.3398, -0.1931,  0.2281, -0.0839, -0.3747, -0.2113, -0.3835, -0.0105,
         -0.0815, -0.2443,  0.0762,  0.2596, -0.0245,  0.0871, -0.0496,  0.1759],
        [-0.1485,  0.3392, -0.0030, -0.0831,  0.3193, -0.0727,  0.3345,  0.3998,
          0.1911,  0.0434, -0.2452, -0.2664, -0.2241, -0.1821,  0.3835, -0.2338],
        [-0.0795, -0.0011, -0.0444,  0.4111,  0.0834,  0.1118,  0.3047, -0.0054,
          0.0859,  0.2577,  0.1525, -0.3086, -0.2320, -0.3800,  0.0062,  0.0424],
        [ 0.3316, -0.2432,  0.0115, -0.1545, -0.0440, -0.3709, -0.3168, -0.2560,
         -0.2856, -0.1254,  0.2678,  0.2221, -0.0586,  0.2889,  0.0634,  0.1934],
        [ 0.1820, -0.0007,  0.2744, -0.3339, -0.2333, -0.1372, -0.1659, -0.2760,
         -0.3245, -0.2736,  0.0191,  0.3122,  0.2618,  0.0660, -0.2080, -0.0353],
        [ 0.1863, -0.4449,  0.1362, -0.1221,  0.0074, -0.2210,  0.0156, -0.1948,
         -0.4054,  0.0848,  0.3347,  0.0053,  0.0692,  0.2272, -0.3509,  0.3271],
        [ 0.0342, -0.2791,  0.0646,  0.0710, -0.3004, -0.1895, -0.0771, -0.3816,
         -0.2224, -0.3399, -0.1261,  0.1299,  0.2338,  0.3202, -0.4112,  0.0848],
        [ 0.1835, -0.0811,  0.2494, -0.3307, -0.2103, -0.0721, -0.3752, -0.0520,
         -0.3960,  0.0379,  0.1500,  0.0906,  0.2486,  0.2653,  0.0546,  0.2632],
        [-0.2927,  0.2726,  0.0539,  0.2028,  0.3709, -0.0020,  0.3924,  0.2024,
         -0.0179,  0.0740,  0.1158, -0.2765, -0.2461, -0.1893,  0.0508, -0.1010],
        [ 0.2531, -0.1112,  0.0871, -0.1148, -0.3294, -0.2612, -0.1472, -0.3560,
         -0.0259, -0.0745,  0.0961,  0.1357,  0.3561,  0.2740, -0.0176,  0.2283],
        [-0.2502,  0.2687, -0.2810,  0.2489, -0.0213,  0.1200,  0.3726,  0.3448,
          0.3936,  0.2088,  0.0552, -0.0911,  0.0099,  0.0684,  0.1696, -0.2164],
        [-0.2395,  0.1127,  0.0072,  0.0030,  0.2315,  0.3568,  0.3882, -0.0072,
          0.2451,  0.2856, -0.3293, -0.0110, -0.3240, -0.2378,  0.0446, -0.2091],
        [ 0.0157, -0.1061,  0.2109, -0.0501, -0.0244, -0.2942, -0.4206, -0.3840,
         -0.3106, -0.2432,  0.1892, -0.0196, -0.0108,  0.2241, -0.3108,  0.1707]],
       device='cuda:0', requires_grad=True)

Parameter name: road_linear_0.bias
Shape: torch.Size([32])
Values: Parameter containing:
tensor([-0.1235, -0.0053,  0.0885, -0.0521, -0.0087, -0.1031,  0.0834,  0.1420,
        -0.0300, -0.0338, -0.0209,  0.0620,  0.1436,  0.0704,  0.0191,  0.1070,
        -0.0727, -0.0118,  0.0850,  0.0365, -0.0633, -0.0732, -0.0091, -0.0047,
        -0.0720,  0.1677,  0.1536,  0.0215, -0.0650, -0.1972,  0.0383,  0.0031],
       device='cuda:0', requires_grad=True)

Parameter name: road_linear_1.weight
Shape: torch.Size([1, 32])
Values: Parameter containing:
tensor([[ 0.2734,  0.3550, -0.2622, -0.2863,  0.3550,  0.4045, -0.3209, -0.4204,
         -0.3281,  0.4039,  0.2853,  0.4228, -0.2949, -0.4413,  0.3347, -0.3139,
         -0.3400,  0.3620, -0.2564, -0.2854,  0.4500,  0.3162, -0.3937, -0.4114,
         -0.3664, -0.3837, -0.3522,  0.3950, -0.3775,  0.4249,  0.3128, -0.2643]],
       device='cuda:0', requires_grad=True)

Parameter name: linear_0.weight
Shape: torch.Size([32, 39])
Values: Parameter containing:
tensor([[-0.0602,  0.1362,  0.0873,  ...,  0.1431, -0.2704, -0.1137],
        [-0.1545, -0.0109,  0.1375,  ...,  0.0693, -0.3059,  0.0871],
        [ 0.0452, -0.0666,  0.0216,  ...,  0.0529,  0.2544,  0.0345],
        ...,
        [ 0.1558, -0.1878, -0.0335,  ..., -0.1930,  0.0153, -0.1180],
        [ 0.1358, -0.2472, -0.0786,  ..., -0.2385,  0.1335,  0.1557],
        [-0.2328,  0.1902,  0.0850,  ...,  0.0649, -0.2628, -0.0509]],
       device='cuda:0', requires_grad=True)

Parameter name: linear_0.bias
Shape: torch.Size([32])
Values: Parameter containing:
tensor([ 0.0562,  0.0397, -0.0695, -0.1410, -0.0757,  0.0584, -0.0978,  0.0469,
        -0.0410,  0.0531,  0.0104,  0.0150, -0.0213,  0.0947, -0.0393, -0.0023,
         0.0476, -0.1599, -0.0285,  0.0754, -0.0692,  0.0204,  0.1145,  0.0223,
        -0.0971,  0.1074,  0.0558, -0.1256,  0.0399,  0.1792,  0.1759, -0.1166],
       device='cuda:0', requires_grad=True)

Parameter name: linear_1.weight
Shape: torch.Size([32, 32])
Values: Parameter containing:
tensor([[ 0.0785, -0.1847, -0.0883,  ...,  0.0782, -0.0200,  0.0503],
        [-0.2055, -0.0334,  0.1174,  ...,  0.1763, -0.0034,  0.0241],
        [ 0.1350, -0.0397, -0.1863,  ..., -0.1672, -0.0138,  0.2083],
        ...,
        [ 0.1434,  0.0859,  0.0599,  ...,  0.0487, -0.2149,  0.3041],
        [ 0.0236, -0.1638,  0.0402,  ...,  0.2803,  0.2343, -0.1598],
        [ 0.0016, -0.1147,  0.2234,  ...,  0.2507,  0.1444, -0.0742]],
       device='cuda:0', requires_grad=True)

Parameter name: linear_1.bias
Shape: torch.Size([32])
Values: Parameter containing:
tensor([ 0.1236,  0.1681, -0.0573, -0.1282,  0.0232, -0.0235, -0.0797,  0.0103,
         0.1739, -0.1646,  0.1230, -0.1192,  0.2104,  0.0597, -0.1038,  0.1648,
        -0.1315, -0.1748,  0.0508,  0.0429, -0.0514,  0.0789, -0.2253,  0.2070,
        -0.0108, -0.0281,  0.0779,  0.0034, -0.1704, -0.0801,  0.1554,  0.0376],
       device='cuda:0', requires_grad=True)

Parameter name: linear_2.weight
Shape: torch.Size([1, 32])
Values: Parameter containing:
tensor([[ 0.4397,  0.3580, -0.4119, -0.4145,  0.2562,  0.2749, -0.3286,  0.2896,
          0.3495, -0.3732, -0.3025,  0.3208,  0.3208,  0.3014,  0.3548,  0.3387,
         -0.4382, -0.4405,  0.2885,  0.2941, -0.3639, -0.3389, -0.4332,  0.2974,
          0.3816,  0.4417, -0.4135,  0.4020, -0.3406, -0.4295,  0.3898,  0.4220]],
       device='cuda:0', requires_grad=True)

Parameter name: linear_2.bias
Shape: torch.Size([1])
Values: Parameter containing:
tensor([0.2340], device='cuda:0', requires_grad=True)

