Parameter name: road_linear_0.weight
Shape: torch.Size([32, 16])
Values: Parameter containing:
tensor([[-3.3855e-01,  5.3068e-01,  3.8287e-02, -4.6202e-02,  3.7429e-01,
          2.2745e-01,  4.4975e-01,  1.6796e-01,  3.3652e-01,  1.9839e-01,
          9.8251e-02, -3.1262e-01, -4.4163e-01, -2.9447e-01,  3.4638e-01,
          8.9900e-02],
        [-8.6470e-02, -1.6243e-01,  8.7321e-02, -1.5145e-01,  1.4346e-01,
          2.1670e-01,  2.6259e-02,  3.8078e-01,  7.3799e-01, -6.7720e-02,
          3.0246e-01, -4.5850e-01,  8.1270e-02,  1.4131e-01,  7.2617e-01,
          9.8552e-02],
        [ 2.1751e-01, -2.9032e-01,  4.1526e-01, -1.4589e-01, -3.9815e-01,
         -4.0161e-01, -3.1808e-01, -6.4651e-01, -1.6205e-01, -9.0509e-02,
          1.5270e-01,  1.6070e-01,  7.1563e-01,  3.4048e-01, -8.2527e-02,
          3.1825e-01],
        [ 3.2433e-02, -1.0303e-01, -1.6151e-01,  1.1344e-01, -1.4130e-01,
         -1.2665e-01,  3.0884e-02, -2.7541e-01, -7.1875e-01, -1.5449e-01,
         -2.2734e-01,  4.9054e-01,  1.6735e-01, -3.7209e-01, -4.7708e-01,
         -7.8820e-02],
        [ 1.0250e-01,  2.5597e-01,  4.8273e-02, -1.8606e-01,  2.7812e-01,
          3.2914e-02, -8.3174e-02,  5.2348e-01,  4.5931e-01,  6.8325e-02,
          3.4380e-01, -2.9148e-01,  5.0906e-02, -2.3697e-02,  5.5490e-01,
          3.6245e-02],
        [-1.4974e-01,  5.8114e-01, -3.9849e-01,  4.2443e-01,  5.9286e-01,
          3.5343e-02,  5.0959e-01,  1.6551e-01,  3.6570e-01,  2.2941e-01,
         -3.3092e-01, -2.4625e-01, -4.6379e-01,  1.1224e-01,  4.2344e-01,
         -1.3372e-01],
        [ 1.7406e-01, -1.8638e-02,  1.8824e-01, -2.0153e-02, -1.9251e-01,
         -1.3785e-01, -6.7218e-02, -4.2802e-01, -5.4920e-01,  1.8803e-01,
         -1.3359e-01,  2.0849e-01, -1.0700e-01, -1.7971e-03, -5.2854e-01,
         -4.0091e-02],
        [-2.2848e-01,  6.4451e-02,  1.5454e-01, -1.9771e-01, -4.8594e-01,
         -2.1919e-01, -1.1412e-03, -4.6029e-01, -4.6503e-01, -2.4012e-02,
         -1.4794e-01,  1.9619e-01,  2.4859e-01, -2.9458e-01, -3.1411e-01,
          1.7902e-01],
        [-1.4260e-01,  8.6636e-02,  1.0290e-01, -9.4901e-02, -2.6796e-01,
         -2.8501e-01, -2.6347e-02, -3.5548e-01, -3.4983e-01, -1.0416e-01,
         -3.1194e-01,  2.9095e-01, -1.3790e-01, -3.2007e-02, -7.0260e-01,
         -8.8150e-02],
        [-1.1507e-01,  8.0863e-02,  9.8163e-02, -1.6038e-01,  2.2478e-01,
          1.1171e-01, -7.5815e-02,  4.6904e-01,  6.2412e-01, -2.0470e-01,
          3.4667e-01, -1.9378e-01, -1.8580e-01,  1.0673e-01,  5.1307e-01,
         -2.1770e-02],
        [-2.7511e-01,  4.6460e-01,  6.9533e-02, -1.3296e-01,  1.5078e-01,
          3.8090e-01,  2.4717e-01,  3.2048e-01,  5.8280e-01,  1.2706e-01,
          6.9945e-02, -1.7067e-01, -2.7378e-01,  2.4601e-01,  1.7637e-01,
         -2.2635e-01],
        [ 5.7608e-02,  8.8932e-02,  1.8731e-01, -7.4067e-02,  3.3841e-01,
          4.2082e-02,  2.2752e-01,  3.6989e-01,  4.9448e-01,  1.3787e-01,
          3.9129e-01, -1.2589e-01, -3.6455e-01, -3.2189e-02,  3.6259e-01,
         -1.7080e-02],
        [ 1.7298e-01, -1.1603e-02, -2.5139e-02, -4.1278e-02, -2.6228e-01,
          5.1814e-02, -1.4395e-02, -5.4380e-01, -6.5063e-01,  7.3672e-02,
         -1.3847e-01,  1.9591e-01, -8.0704e-02, -6.3399e-03, -4.9704e-01,
         -1.2264e-01],
        [ 1.5099e-02,  2.0083e-01,  1.5455e-01,  1.5042e-01, -4.5698e-01,
          2.1188e-02,  9.8814e-02, -2.9648e-01, -5.8088e-01,  5.1489e-02,
         -3.2839e-01,  2.9133e-01,  3.3309e-02, -1.4477e-01, -6.8176e-01,
          4.3895e-02],
        [-1.8199e-01, -1.1707e-01,  1.3921e-01, -1.9841e-01,  5.3417e-01,
          3.4784e-01, -5.2090e-02,  3.4511e-01,  3.2529e-01, -3.0379e-02,
          2.3116e-01, -5.0155e-01,  6.4298e-04,  9.0174e-02,  3.6961e-01,
          2.7900e-02],
        [-1.6368e-01, -3.2969e-01,  6.5531e-02,  1.6233e-01, -4.6054e-01,
         -1.1769e-02, -1.6464e-01, -5.0613e-01, -4.4037e-01,  8.1982e-02,
         -6.5220e-02,  5.6410e-01,  1.4457e-01, -1.7564e-01, -1.2954e-01,
         -9.8990e-03],
        [ 6.3847e-02,  1.1762e-01, -5.5501e-02, -1.4868e-01, -4.5301e-01,
          3.9462e-02,  9.2160e-02, -1.9164e-01, -6.6814e-01,  6.0609e-02,
          7.4582e-03,  4.3952e-01,  2.3686e-01,  1.3588e-02, -4.2200e-01,
         -2.6685e-01],
        [-2.4663e-01,  3.1652e-01, -1.4849e-01,  5.7513e-02,  2.8702e-01,
          2.7631e-01,  3.6204e-01,  4.1859e-01,  2.1492e-01,  1.8796e-01,
         -9.3734e-02, -3.5382e-01, -2.6625e-01, -1.0514e-01,  3.4771e-01,
         -9.1472e-02],
        [ 3.2509e-01, -3.8824e-01,  1.4164e-01, -2.7198e-01, -4.8626e-01,
         -4.0826e-01, -4.9995e-01, -1.9523e-01, -5.7165e-01, -1.0543e-01,
          1.9880e-01,  1.2764e-01,  4.9300e-01,  2.3897e-01, -1.2546e-01,
          2.0818e-01],
        [ 4.6852e-01, -3.6380e-01,  2.6976e-01, -8.5458e-02, -6.4964e-01,
         -2.8197e-01, -5.8480e-01, -2.1696e-01, -2.4189e-01, -2.5726e-01,
          1.1455e-01,  4.5473e-01,  2.0829e-01,  9.6476e-02, -1.7039e-01,
          2.1621e-01],
        [-3.2939e-02,  2.3153e-01,  1.2929e-01, -2.0615e-01,  3.4335e-01,
         -7.7759e-02,  2.5398e-01,  5.1016e-01,  3.3326e-01, -9.7125e-02,
         -2.6545e-02, -3.3289e-01, -1.4156e-01, -2.9594e-02,  4.7174e-01,
         -1.0342e-01],
        [-1.1513e-02,  4.0546e-02,  6.8203e-02,  2.9501e-01,  2.8226e-01,
          1.1239e-01,  2.4811e-01,  2.1177e-01,  3.5840e-01,  1.3902e-01,
          3.2268e-01, -5.2155e-01, -2.9115e-01, -2.4766e-01,  2.1630e-01,
          1.4846e-01],
        [ 4.5158e-01, -4.2104e-01,  4.5312e-02, -1.4631e-01, -2.8483e-01,
         -4.2056e-01, -5.0358e-01, -4.4055e-01, -4.2562e-01, -1.3791e-01,
          3.1264e-01,  4.0596e-01,  1.7681e-01,  2.9756e-01, -4.4859e-02,
          2.2961e-01],
        [-1.4588e-02,  9.5475e-02,  7.7117e-02, -1.5965e-01, -2.8322e-01,
         -6.8366e-02,  1.0680e-02, -4.3591e-01, -5.8019e-01, -6.6749e-02,
         -2.2670e-01,  4.4332e-01,  1.4520e-01, -1.4903e-01, -4.2094e-01,
         -2.2505e-01],
        [ 1.0436e-02, -3.2952e-01, -4.9275e-02,  4.3048e-02, -5.8123e-02,
         -1.7592e-01,  1.7994e-01, -3.6678e-01, -7.0635e-01,  2.7399e-01,
          6.5588e-02,  1.5306e-01, -4.1962e-02,  2.3851e-02, -5.8122e-01,
          1.4394e-01],
        [-1.6176e-01, -9.5247e-02, -1.3530e-01,  2.4604e-01, -3.0044e-01,
         -1.5882e-01,  1.0040e-01, -5.1413e-01, -4.6284e-01, -1.2821e-01,
         -4.0595e-01,  1.9266e-01,  8.6526e-02,  1.0619e-01, -6.1893e-01,
         -1.1191e-01],
        [ 4.3733e-01, -2.7299e-01,  3.8474e-01, -4.0034e-01, -5.2107e-01,
         -1.9014e-01, -7.0425e-01, -2.8380e-01, -5.9188e-01, -5.6373e-02,
          2.6844e-01,  3.0452e-01,  5.7891e-01,  3.7642e-01, -7.5654e-02,
          4.0358e-01],
        [-2.0020e-01,  2.5812e-01,  1.8058e-01,  8.2904e-02,  4.9042e-01,
         -1.5656e-02,  3.1424e-01,  3.7609e-01,  1.9580e-01, -5.7822e-02,
          2.9931e-01, -4.4448e-01, -2.4158e-01, -4.6904e-02,  2.2019e-01,
          1.9276e-02],
        [ 1.8820e-01, -1.6782e-01, -1.9874e-02, -4.3177e-03, -4.4473e-01,
         -2.2734e-01, -1.0111e-01, -5.1422e-01, -1.9981e-01,  3.3502e-02,
         -3.2315e-02,  2.9845e-01,  3.9625e-01,  1.5074e-01, -1.6202e-01,
          1.3162e-01],
        [-3.8896e-01,  4.1912e-01, -3.3628e-01,  2.6615e-01,  2.0217e-01,
          1.9904e-01,  5.8055e-01,  5.0938e-01,  5.0610e-01,  2.3637e-01,
          2.5875e-02, -2.5377e-01, -1.9586e-01,  4.2101e-02,  2.3266e-01,
         -2.6590e-01],
        [-3.5350e-01,  3.0005e-01, -2.7034e-02, -8.8535e-03,  4.8376e-01,
          4.1423e-01,  5.6609e-01,  1.9348e-01,  4.0527e-01,  2.9404e-01,
         -3.7244e-01, -2.0794e-01, -5.8264e-01, -2.4383e-01,  1.6610e-01,
         -2.4461e-01],
        [-1.4563e-01, -4.5263e-02,  3.4294e-02,  1.0827e-01, -9.6100e-02,
         -2.2824e-01, -2.7432e-01, -5.4957e-01, -5.6716e-01, -6.3399e-02,
         -3.4198e-02,  1.2922e-01, -8.5607e-02,  3.1148e-02, -5.1236e-01,
          3.8324e-03]], device='cuda:0', requires_grad=True)

Parameter name: road_linear_0.bias
Shape: torch.Size([32])
Values: Parameter containing:
tensor([-0.1266,  0.1505,  0.2117, -0.2260,  0.1959, -0.1732, -0.0199,  0.1491,
        -0.1417,  0.1395, -0.0889,  0.1045, -0.0520, -0.0991,  0.1648, -0.0306,
        -0.1789, -0.1002,  0.2298,  0.1346,  0.0827, -0.1209,  0.1141, -0.1183,
        -0.2163, -0.0537,  0.2410,  0.0312,  0.0333, -0.2644, -0.0979, -0.0542],
       device='cuda:0', requires_grad=True)

Parameter name: road_linear_1.weight
Shape: torch.Size([1, 32])
Values: Parameter containing:
tensor([[ 0.5650,  0.7241, -0.5128, -0.6294,  0.7023,  0.6663, -0.6435, -0.7062,
         -0.6550,  0.7622,  0.5583,  0.7341, -0.6484, -0.8083,  0.6591, -0.6267,
         -0.6662,  0.6295, -0.4762, -0.5100,  0.7811,  0.5476, -0.6234, -0.7337,
         -0.6990, -0.7308, -0.5898,  0.6818, -0.6418,  0.6893,  0.5310, -0.5658]],
       device='cuda:0', requires_grad=True)

Parameter name: linear_0.weight
Shape: torch.Size([32, 39])
Values: Parameter containing:
tensor([[-0.0274,  0.1113,  0.0540,  ...,  0.2000, -0.6861, -0.1137],
        [-0.1409, -0.0332,  0.1420,  ...,  0.0523, -0.5957,  0.0871],
        [ 0.0288, -0.0412,  0.0209,  ...,  0.0650,  0.6299,  0.0345],
        ...,
        [ 0.1385, -0.1546, -0.0413,  ..., -0.1693,  0.3007, -0.1180],
        [ 0.1119, -0.2143, -0.0736,  ..., -0.2318,  0.4777,  0.1557],
        [-0.2263,  0.1991,  0.0714,  ...,  0.0839, -0.6044, -0.0509]],
       device='cuda:0', requires_grad=True)

Parameter name: linear_0.bias
Shape: torch.Size([32])
Values: Parameter containing:
tensor([ 0.0866,  0.0262, -0.0603, -0.1332, -0.0863,  0.0451, -0.0830,  0.0697,
        -0.0408,  0.0482,  0.0517,  0.0132, -0.0240,  0.1073, -0.0205, -0.0183,
         0.0563, -0.1664, -0.0008,  0.0939, -0.0974, -0.0064,  0.1198,  0.0618,
        -0.1081,  0.1137,  0.0619, -0.1593,  0.0463,  0.1981,  0.1805, -0.1031],
       device='cuda:0', requires_grad=True)

Parameter name: linear_1.weight
Shape: torch.Size([32, 32])
Values: Parameter containing:
tensor([[ 0.0980, -0.2224,  0.0120,  ...,  0.1145, -0.0038,  0.0731],
        [-0.1866, -0.0646,  0.2128,  ...,  0.2087,  0.0096,  0.0437],
        [ 0.1393, -0.0357, -0.2396,  ..., -0.1731, -0.0100,  0.2208],
        ...,
        [ 0.1484,  0.0872,  0.0216,  ...,  0.0464, -0.2350,  0.3601],
        [ 0.0574, -0.2345,  0.1665,  ...,  0.3427,  0.2759, -0.1167],
        [ 0.0182, -0.1387,  0.2942,  ...,  0.2759,  0.1472, -0.0507]],
       device='cuda:0', requires_grad=True)

Parameter name: linear_1.bias
Shape: torch.Size([32])
Values: Parameter containing:
tensor([ 0.1588,  0.1985, -0.0624, -0.1655,  0.0403, -0.0016, -0.1015,  0.0736,
         0.2263, -0.1723,  0.1347, -0.1330,  0.2529,  0.0699, -0.0535,  0.2268,
         0.0707, -0.1962,  0.0621,  0.0773, -0.0946,  0.0630, -0.2320,  0.2333,
         0.0168, -0.0267,  0.0855,  0.0004, -0.2047, -0.0760,  0.2165,  0.0639],
       device='cuda:0', requires_grad=True)

Parameter name: linear_2.weight
Shape: torch.Size([1, 32])
Values: Parameter containing:
tensor([[ 1.2067,  1.1375, -1.2183, -1.1704,  1.0582,  1.0710, -1.1213,  1.0167,
          1.0847, -1.1856, -1.0833,  1.0680,  1.0733,  1.1057,  1.0906,  1.0626,
         -1.1829, -1.2252,  1.0904,  1.0605, -1.1166, -1.1352, -1.2462,  1.0812,
          1.1676,  1.2004, -1.2142,  1.1992, -1.1135, -1.2317,  1.1114,  1.1986]],
       device='cuda:0', requires_grad=True)

Parameter name: linear_2.bias
Shape: torch.Size([1])
Values: Parameter containing:
tensor([0.9373], device='cuda:0', requires_grad=True)

