Parameter name: road_linear_0.weight
Shape: torch.Size([32, 16])
Values: Parameter containing:
tensor([[-0.5733,  0.7861, -0.2305, -0.3777,  0.2718, -0.3928,  0.6725,  0.0676,
          0.3138,  0.2019,  0.1796, -0.2753, -0.2530,  0.0684,  0.3384, -0.1853],
        [-0.3634,  0.1239, -0.2085, -0.3015,  0.2116, -0.1990,  0.3685,  0.3621,
          0.5964,  0.0698,  0.1189, -0.4755,  0.0967,  0.3435,  0.5836, -0.1755],
        [-0.3565,  0.4237, -0.0584, -0.0745,  0.4556, -0.3865,  0.5449,  0.1234,
          0.5682,  0.1546,  0.0121, -0.6094,  0.1189,  0.3548,  0.5201, -0.1613],
        [ 0.4066, -0.4172,  0.1851,  0.1967, -0.1937,  0.1992, -0.3751, -0.2178,
         -0.5346, -0.3290, -0.0238,  0.4732,  0.1553, -0.4370, -0.3295,  0.2649],
        [-0.2534,  0.5740, -0.2794, -0.3293,  0.2993, -0.3382,  0.2354,  0.4317,
          0.2520,  0.2317,  0.1867, -0.2759,  0.0810,  0.1188,  0.4200, -0.2734],
        [-0.1634,  0.6145, -0.4691,  0.0583,  0.4252, -0.4669,  0.4425,  0.0420,
          0.3278,  0.0624, -0.1461, -0.1807, -0.2235,  0.4855,  0.4492, -0.2015],
        [ 0.4591, -0.3561,  0.5590,  0.2025, -0.2055,  0.3250, -0.4383, -0.3526,
         -0.3698,  0.1785, -0.0530,  0.1713, -0.0325, -0.1976, -0.3369,  0.3205],
        [ 0.0668, -0.1551,  0.4683, -0.0080, -0.5173,  0.1512, -0.2952, -0.4160,
         -0.3321, -0.0624, -0.0772,  0.1905,  0.3052, -0.4501, -0.2411,  0.4804],
        [ 0.1943, -0.2396,  0.4747,  0.1203, -0.3678,  0.2094, -0.4759, -0.3802,
         -0.2392, -0.2552, -0.1829,  0.3169, -0.1129, -0.3216, -0.6380,  0.2535],
        [-0.5100,  0.4251, -0.2632, -0.2760,  0.2115, -0.2544,  0.2849,  0.3480,
          0.3905,  0.0563,  0.1145, -0.1307, -0.0530,  0.2670,  0.3207, -0.3799],
        [-0.6485,  0.6941, -0.2804, -0.3979,  0.0548, -0.0816,  0.5125,  0.2065,
          0.4813,  0.2482,  0.0296, -0.1121, -0.0751,  0.4907,  0.0808, -0.5917],
        [-0.3619,  0.3532, -0.1835, -0.1700,  0.3256, -0.2671,  0.5990,  0.2756,
          0.2999,  0.4218,  0.1639, -0.0635, -0.2008,  0.0968,  0.2674, -0.3829],
        [ 0.4910, -0.3356,  0.2998,  0.2012, -0.2552,  0.5547, -0.3111, -0.4435,
         -0.4372,  0.0319, -0.1416,  0.1703, -0.0712, -0.2822, -0.3401,  0.1731],
        [ 0.3602, -0.1268,  0.4852,  0.2646, -0.4341,  0.3866, -0.2364, -0.1746,
         -0.3149, -0.0935, -0.1539,  0.2121,  0.0503, -0.2708, -0.4651,  0.3656],
        [-0.5729,  0.2793, -0.2212, -0.3719,  0.5339, -0.0864,  0.3646,  0.2662,
          0.1120,  0.1213,  0.0953, -0.4404, -0.0296,  0.3119,  0.1938, -0.3336],
        [ 0.1041, -0.4176,  0.3524,  0.3021, -0.4419,  0.3024, -0.3636, -0.4176,
         -0.3210, -0.0226,  0.0665,  0.5640, -0.0298, -0.2906, -0.0742,  0.2243],
        [ 0.4265, -0.1593,  0.3358, -0.0610, -0.6954,  0.3658, -0.3382, -0.3016,
         -0.6715, -0.1180,  0.2381,  0.5967,  0.2892, -0.1079, -0.4787,  0.0999],
        [-0.3378,  0.4091, -0.3355, -0.1637,  0.3107, -0.1104,  0.4924,  0.4219,
          0.2606,  0.1173, -0.0012, -0.3775, -0.1915,  0.1026,  0.3492, -0.2845],
        [-0.2440,  0.3360, -0.2914, -0.2521,  0.2919, -0.4472,  0.2907,  0.5287,
          0.0887,  0.1194,  0.0133, -0.5826, -0.0313,  0.3221,  0.4655, -0.2306],
        [ 0.6184, -0.4961,  0.4603,  0.2704, -0.4181,  0.2685, -0.6337, -0.0609,
         -0.1561, -0.1972, -0.0834,  0.3325, -0.0911, -0.2838, -0.0707,  0.4335],
        [-0.2272,  0.3448, -0.0989, -0.2848,  0.4235, -0.3267,  0.4288,  0.5002,
          0.3072, -0.0219, -0.1789, -0.4289, -0.1080,  0.0046,  0.5160, -0.2939],
        [ 0.3524, -0.3641,  0.2538,  0.3149, -0.3378,  0.1460, -0.0594, -0.3509,
         -0.3931, -0.1196,  0.2553,  0.2222,  0.0552, -0.3483, -0.6717,  0.2718],
        [ 0.5528, -0.5413,  0.2222,  0.2082, -0.1595,  0.1139, -0.5570, -0.3584,
         -0.3837, -0.0663,  0.0514,  0.3396, -0.0724, -0.1177,  0.0027,  0.4280],
        [ 0.2888, -0.1549,  0.4319, -0.1056, -0.5115,  0.1743, -0.3803, -0.5186,
         -0.5758, -0.2098, -0.0600,  0.5865,  0.2762, -0.1403, -0.3967,  0.1259],
        [ 0.4025, -0.6874,  0.3315,  0.2053, -0.1139,  0.2338, -0.2183, -0.3202,
         -0.5165,  0.0761,  0.2021,  0.1522, -0.0944, -0.2273, -0.4674,  0.5151],
        [ 0.1579, -0.4236,  0.1780,  0.3945, -0.3962,  0.2268, -0.2104, -0.4858,
         -0.2945, -0.2490, -0.2873,  0.2633,  0.1680, -0.0380, -0.5433,  0.1746],
        [ 0.4611, -0.3808,  0.5010, -0.0097, -0.3039,  0.3818, -0.6301, -0.1230,
         -0.5043,  0.0595,  0.0049,  0.2069,  0.2133, -0.0831, -0.0122,  0.5317],
        [-0.5613,  0.4682, -0.1543, -0.0580,  0.4418, -0.3732,  0.5936,  0.2806,
          0.0793,  0.1598,  0.1396, -0.3902, -0.0205,  0.1236,  0.1749, -0.2987],
        [ 0.4815, -0.3310,  0.2727,  0.1307, -0.4836,  0.0898, -0.3696, -0.5030,
         -0.1708, -0.1040,  0.0431,  0.2944,  0.2442, -0.0295, -0.1834,  0.4109],
        [-0.4227,  0.5018, -0.4675, -0.1156,  0.0284, -0.3322,  0.5551,  0.3852,
          0.4403,  0.0855,  0.2190, -0.1834, -0.0236,  0.3683,  0.1551, -0.4142],
        [-0.5206,  0.4295, -0.2167, -0.3088,  0.3432, -0.0933,  0.6568,  0.0968,
          0.3533,  0.2930, -0.1706, -0.1216, -0.2349,  0.1665,  0.1521, -0.4547],
        [ 0.1264, -0.2854,  0.3577,  0.2886, -0.2057,  0.1232, -0.6447, -0.5712,
         -0.4751, -0.1183,  0.0110,  0.1922, -0.0244, -0.1365, -0.4259,  0.3091]],
       device='cuda:0', requires_grad=True)

Parameter name: road_linear_0.bias
Shape: torch.Size([32])
Values: Parameter containing:
tensor([-0.2277,  0.1253,  0.2123, -0.1016,  0.0101, -0.0998,  0.0643,  0.0850,
        -0.2435, -0.0745,  0.0377,  0.0508,  0.1015,  0.0750,  0.0137,  0.0676,
        -0.1767,  0.0826, -0.0080, -0.0911,  0.0249, -0.0653, -0.1155, -0.1718,
        -0.1260,  0.1494,  0.1220,  0.0365, -0.0884, -0.1193,  0.1248, -0.2030],
       device='cuda:0', requires_grad=True)

Parameter name: road_linear_1.weight
Shape: torch.Size([1, 32])
Values: Parameter containing:
tensor([[ 0.7363,  0.7734,  0.6990, -0.7318,  0.8360,  0.8719, -0.7205, -0.8341,
         -0.7796,  0.8865,  0.7278,  0.8868, -0.7840, -0.8463,  0.7689, -0.7548,
         -0.7312,  0.7851,  0.7069, -0.6913,  0.8122, -0.6483, -0.8258, -0.7868,
         -0.7896, -0.8511, -0.7292,  0.8255, -0.8281,  0.8105,  0.7751, -0.6845]],
       device='cuda:0', requires_grad=True)

Parameter name: linear_0.weight
Shape: torch.Size([32, 39])
Values: Parameter containing:
tensor([[ 0.3078,  0.2270, -0.0173,  ...,  0.1086, -0.2183, -0.1137],
        [-0.1087, -0.2144,  0.1711,  ...,  0.0098, -0.4247,  0.0871],
        [ 0.0392,  0.1976,  0.0714,  ...,  0.1587,  0.1191,  0.0345],
        ...,
        [-0.0544, -0.2185,  0.0721,  ..., -0.1380, -0.1770, -0.1180],
        [ 0.0318, -0.0671, -0.0102,  ..., -0.1639,  0.0106,  0.1557],
        [-0.0609,  0.1838, -0.0345,  ..., -0.0504,  0.0278, -0.0509]],
       device='cuda:0', requires_grad=True)

Parameter name: linear_0.bias
Shape: torch.Size([32])
Values: Parameter containing:
tensor([ 0.0478,  0.0652, -0.1534, -0.0493, -0.0565,  0.0399, -0.1276,  0.1113,
        -0.0400,  0.1454,  0.0216, -0.0454, -0.0641,  0.0711, -0.0748, -0.0470,
         0.1121, -0.1404, -0.0483,  0.0533, -0.0810,  0.1496,  0.0976, -0.0617,
         0.0154,  0.1197,  0.0148, -0.1387,  0.0893,  0.1819,  0.0793, -0.1342],
       device='cuda:0', requires_grad=True)

Parameter name: linear_1.weight
Shape: torch.Size([32, 32])
Values: Parameter containing:
tensor([[ 0.1863, -0.2066, -0.1084,  ..., -0.0552, -0.1177,  0.1677],
        [ 0.0766,  0.0062,  0.1502,  ..., -0.0386, -0.0357,  0.2490],
        [-0.1472, -0.0881, -0.1836,  ...,  0.0204,  0.0460,  0.0069],
        ...,
        [-0.0990,  0.0254,  0.0725,  ...,  0.1977, -0.1539,  0.1286],
        [ 0.2756, -0.1070,  0.0877,  ...,  0.0622,  0.1843,  0.0190],
        [ 0.2431, -0.0581,  0.2517,  ...,  0.0800,  0.1032,  0.1097]],
       device='cuda:0', requires_grad=True)

Parameter name: linear_1.bias
Shape: torch.Size([32])
Values: Parameter containing:
tensor([ 0.0578,  0.0198,  0.0586,  0.0234, -0.0717, -0.1277,  0.0632, -0.1806,
         0.0232, -0.0690,  0.2310, -0.1867,  0.0789,  0.1023, -0.2248, -0.0253,
        -0.0466, -0.1060, -0.0660, -0.1058,  0.1022,  0.2005, -0.1041,  0.2081,
        -0.1519, -0.0535,  0.1400, -0.1464, -0.0414,  0.0021,  0.0005, -0.0615],
       device='cuda:0', requires_grad=True)

Parameter name: linear_2.weight
Shape: torch.Size([1, 32])
Values: Parameter containing:
tensor([[ 0.3469,  0.2440, -0.3472, -0.3029,  0.2188,  0.2160, -0.2356,  0.2691,
          0.2383, -0.2573, -0.2282,  0.2215,  0.2316, -0.2041,  0.2684,  0.2237,
         -0.3223, -0.3315,  0.1960,  0.2265, -0.2896, -0.2702, -0.3410, -0.1587,
          0.3034,  0.3448, -0.3316,  0.3195, -0.2428, -0.3130,  0.3198,  0.3124]],
       device='cuda:0', requires_grad=True)

Parameter name: linear_2.bias
Shape: torch.Size([1])
Values: Parameter containing:
tensor([-0.1456], device='cuda:0', requires_grad=True)

