Parameter name: road_linear_0.weight
Shape: torch.Size([32, 16])
Values: Parameter containing:
tensor([[-0.2468,  0.4599,  0.1130, -0.0900,  0.3201,  0.1428,  0.3290,  0.1252,
          0.3459,  0.1589,  0.1513, -0.2905, -0.3414, -0.2405,  0.3882,  0.1479],
        [-0.0971, -0.1495,  0.0624, -0.1266,  0.0905,  0.1995,  0.0547,  0.2944,
          0.6121, -0.0340,  0.2553, -0.3843,  0.0833,  0.1168,  0.6179,  0.0717],
        [ 0.0581, -0.1689,  0.2882, -0.0665, -0.2872, -0.2969, -0.1169, -0.5896,
         -0.1728, -0.0057,  0.0474,  0.1104,  0.5374,  0.2307, -0.1005,  0.2047],
        [ 0.0578, -0.1372, -0.1277,  0.0822, -0.1055, -0.1154, -0.0069, -0.1956,
         -0.5894, -0.1994, -0.1699,  0.4302,  0.1821, -0.3373, -0.3743, -0.0437],
        [ 0.0699,  0.3036,  0.0126, -0.1547,  0.2526,  0.0205, -0.0436,  0.4524,
          0.3317,  0.1179,  0.2834, -0.2483,  0.0290, -0.0624,  0.4629, -0.0014],
        [-0.0042,  0.4793, -0.2736,  0.3437,  0.5111, -0.0617,  0.3275,  0.1214,
          0.3883,  0.1527, -0.2389, -0.2212, -0.3194,  0.2104,  0.4744, -0.0292],
        [ 0.1990, -0.0509,  0.2239, -0.0535, -0.1744, -0.1377, -0.1006, -0.3680,
         -0.4466,  0.1441, -0.0774,  0.1694, -0.0894,  0.0344, -0.4587, -0.0063],
        [-0.2213,  0.0549,  0.1807, -0.2256, -0.4729, -0.2222, -0.0206, -0.4072,
         -0.3897, -0.0560, -0.1099,  0.1557,  0.2509, -0.2708, -0.2592,  0.2014],
        [-0.1158,  0.0594,  0.1427, -0.1320, -0.2266, -0.2821, -0.0684, -0.2707,
         -0.2198, -0.1517, -0.2503,  0.2210, -0.1245,  0.0065, -0.5971, -0.0498],
        [-0.1362,  0.1083,  0.0660, -0.1302,  0.1894,  0.1028, -0.0408,  0.3908,
          0.5029, -0.1633,  0.2942, -0.1334, -0.1965,  0.0751,  0.4120, -0.0543],
        [-0.2263,  0.4211,  0.0897, -0.1374,  0.1272,  0.3474,  0.1980,  0.2776,
          0.5637,  0.1194,  0.0854, -0.1345, -0.2158,  0.2645,  0.1684, -0.2060],
        [ 0.0417,  0.1071,  0.1551, -0.0421,  0.3172,  0.0408,  0.2573,  0.3028,
          0.3950,  0.1779,  0.3438, -0.0739, -0.3710, -0.0626,  0.2853, -0.0456],
        [ 0.2082, -0.0616,  0.0136, -0.0753, -0.2453,  0.0571, -0.0546, -0.4826,
         -0.5352,  0.0232, -0.0747,  0.1647, -0.0533,  0.0354, -0.4207, -0.0831],
        [ 0.0359,  0.1754,  0.1867,  0.1201, -0.4124,  0.0347,  0.0641, -0.2120,
         -0.4519,  0.0100, -0.2744,  0.2225,  0.0410, -0.1128, -0.5743,  0.0767],
        [-0.2092, -0.0834,  0.1026, -0.1649,  0.5050,  0.3451, -0.0129,  0.2715,
          0.2050,  0.0160,  0.1731, -0.4476, -0.0165,  0.0537,  0.2776, -0.0083],
        [-0.1523, -0.3608,  0.0827,  0.1443, -0.4613, -0.0007, -0.1776, -0.4652,
         -0.3720,  0.0503, -0.0269,  0.5489,  0.1538, -0.1544, -0.1004,  0.0091],
        [ 0.0933,  0.0855, -0.0122, -0.1890, -0.4224,  0.0371,  0.0466, -0.1109,
         -0.5369,  0.0110,  0.0728,  0.3741,  0.2578,  0.0553, -0.3196, -0.2268],
        [-0.1486,  0.2361, -0.0791,  0.0191,  0.2433,  0.2140,  0.2449,  0.3850,
          0.2356,  0.1450, -0.0359, -0.3284, -0.1643, -0.0475,  0.3824, -0.0327],
        [ 0.1646, -0.2613,  0.0227, -0.2008, -0.3813, -0.3149, -0.3086, -0.1328,
         -0.5816, -0.0224,  0.0947,  0.0707,  0.3122,  0.1302, -0.1358,  0.0964],
        [ 0.3258, -0.2647,  0.1514, -0.0097, -0.5187, -0.1714, -0.3967, -0.1451,
         -0.2215, -0.1889,  0.0279,  0.4043,  0.0514,  0.0049, -0.1730,  0.1156],
        [-0.0437,  0.2623,  0.1147, -0.1901,  0.3513, -0.0871,  0.2632,  0.4799,
          0.2827, -0.0678, -0.0610, -0.3330, -0.1546, -0.0499,  0.4651, -0.1212],
        [ 0.0170,  0.0126,  0.0710,  0.3039,  0.2269,  0.0691,  0.2190,  0.1405,
          0.2898,  0.1501,  0.3156, -0.4648, -0.2401, -0.2482,  0.1648,  0.1520],
        [ 0.3064, -0.3117, -0.0671, -0.0766, -0.1769, -0.3256, -0.3219, -0.3837,
         -0.4269, -0.0653,  0.2195,  0.3594,  0.0164,  0.2018, -0.0577,  0.1288],
        [ 0.0191,  0.0545,  0.1193, -0.1978, -0.2621, -0.0724, -0.0357, -0.3658,
         -0.4583, -0.1179, -0.1612,  0.3939,  0.1721, -0.1066, -0.3304, -0.1840],
        [ 0.0398, -0.3663, -0.0086,  0.0057, -0.0357, -0.1771,  0.1371, -0.2952,
         -0.5860,  0.2265,  0.1278,  0.1010, -0.0187,  0.0639, -0.4882,  0.1825],
        [-0.1231, -0.1501, -0.0959,  0.2126, -0.2834, -0.1518,  0.0564, -0.4523,
         -0.3370, -0.1819, -0.3430,  0.1659,  0.1168,  0.1488, -0.5323, -0.0707],
        [ 0.2669, -0.1643,  0.2285, -0.2925, -0.3641, -0.0587, -0.4752, -0.1917,
         -0.5507,  0.0370,  0.1592,  0.2362,  0.3743,  0.2457, -0.0654,  0.2607],
        [-0.1817,  0.2478,  0.1795,  0.0920,  0.4713, -0.0418,  0.2987,  0.3253,
          0.1445, -0.0441,  0.2877, -0.4077, -0.2142, -0.0502,  0.1872,  0.0186],
        [ 0.1385, -0.1194, -0.0355, -0.0040, -0.4237, -0.2039, -0.0579, -0.4705,
         -0.1818,  0.0408, -0.0470,  0.2567,  0.3403,  0.1331, -0.1464,  0.1131],
        [-0.2579,  0.3270, -0.2239,  0.1937,  0.1097,  0.0992,  0.4069,  0.4654,
          0.5126,  0.1716,  0.1106, -0.2255, -0.0544,  0.1289,  0.2693, -0.1738],
        [-0.1970,  0.1778,  0.0927, -0.0822,  0.3657,  0.3117,  0.3748,  0.1236,
          0.4045,  0.2144, -0.2712, -0.1489, -0.4031, -0.1376,  0.1729, -0.1342],
        [-0.1243, -0.0706,  0.0703,  0.0740, -0.0832, -0.2358, -0.3093, -0.4890,
         -0.4685, -0.1055,  0.0196,  0.0855, -0.0685,  0.0655, -0.4416,  0.0361]],
       device='cuda:0', requires_grad=True)

Parameter name: road_linear_0.bias
Shape: torch.Size([32])
Values: Parameter containing:
tensor([-0.0834,  0.1384,  0.1337, -0.1749,  0.1229, -0.1137,  0.0146,  0.1200,
        -0.1119,  0.1082, -0.0112,  0.1141,  0.0313, -0.0635,  0.1166,  0.0038,
        -0.1563, -0.0215,  0.1370,  0.0898,  0.0491, -0.0752,  0.0447, -0.0698,
        -0.1779,  0.0210,  0.2078,  0.0628, -0.0629, -0.2224, -0.0144, -0.0491],
       device='cuda:0', requires_grad=True)

Parameter name: road_linear_1.weight
Shape: torch.Size([1, 32])
Values: Parameter containing:
tensor([[ 0.3996,  0.5681, -0.3207, -0.4593,  0.5359,  0.5042, -0.4418, -0.5200,
         -0.4545,  0.5915,  0.3816,  0.5447, -0.4490, -0.6220,  0.4797, -0.4698,
         -0.4655,  0.4642, -0.3019, -0.3464,  0.6093,  0.3881, -0.4494, -0.5425,
         -0.5021, -0.5693, -0.4056,  0.5252, -0.4685,  0.5210,  0.3551, -0.3804]],
       device='cuda:0', requires_grad=True)

Parameter name: linear_0.weight
Shape: torch.Size([32, 39])
Values: Parameter containing:
tensor([[-0.0323,  0.1089,  0.0629,  ...,  0.1632, -0.3041, -0.1137],
        [-0.1415, -0.0290,  0.1372,  ...,  0.0561, -0.3326,  0.0871],
        [ 0.0300, -0.0471,  0.0257,  ...,  0.0633,  0.2784,  0.0345],
        ...,
        [ 0.1418, -0.1668, -0.0358,  ..., -0.1756,  0.0510, -0.1180],
        [ 0.1191, -0.2253, -0.0752,  ..., -0.2287,  0.1675,  0.1557],
        [-0.2182,  0.1761,  0.0727,  ...,  0.0691, -0.2871, -0.0509]],
       device='cuda:0', requires_grad=True)

Parameter name: linear_0.bias
Shape: torch.Size([32])
Values: Parameter containing:
tensor([ 0.0761,  0.0317, -0.0659, -0.1411, -0.0818,  0.0456, -0.0897,  0.0684,
        -0.0375,  0.0499,  0.0426,  0.0195, -0.0238,  0.1007, -0.0293, -0.0134,
         0.0482, -0.1628, -0.0092,  0.0839, -0.0867,  0.0095,  0.1164,  0.0383,
        -0.1080,  0.1093,  0.0552, -0.1376,  0.0421,  0.1909,  0.1811, -0.1082],
       device='cuda:0', requires_grad=True)

Parameter name: linear_1.weight
Shape: torch.Size([32, 32])
Values: Parameter containing:
tensor([[ 0.0882, -0.2048, -0.0340,  ...,  0.0972, -0.0091,  0.0569],
        [-0.1940, -0.0505,  0.1709,  ...,  0.1945,  0.0068,  0.0313],
        [ 0.1231, -0.0280, -0.2278,  ..., -0.1817, -0.0207,  0.2008],
        ...,
        [ 0.1267,  0.0878,  0.0460,  ...,  0.0404, -0.2188,  0.2948],
        [ 0.0293, -0.1958,  0.0992,  ...,  0.3051,  0.2523, -0.1550],
        [ 0.0121, -0.1286,  0.2639,  ...,  0.2651,  0.1506, -0.0663]],
       device='cuda:0', requires_grad=True)

Parameter name: linear_1.bias
Shape: torch.Size([32])
Values: Parameter containing:
tensor([ 0.1409,  0.1839, -0.0699, -0.1448,  0.0366, -0.0097, -0.0940,  0.0341,
         0.1940, -0.1779,  0.1462, -0.1818,  0.2268,  0.0712, -0.0845,  0.1901,
        -0.0489, -0.1880,  0.0656,  0.0585, -0.0691,  0.0653, -0.2369,  0.2230,
         0.0052, -0.0881,  0.0814,  0.0144, -0.1874, -0.0863,  0.1787,  0.0512],
       device='cuda:0', requires_grad=True)

Parameter name: linear_2.weight
Shape: torch.Size([1, 32])
Values: Parameter containing:
tensor([[ 0.8108,  0.7367, -0.7946, -0.7770,  0.6416,  0.6587, -0.7103,  0.6315,
          0.6970, -0.7589, -0.6714,  0.6840,  0.6787,  0.6845,  0.7038,  0.6784,
         -0.7974, -0.8184,  0.6708,  0.6634, -0.7244, -0.7196, -0.8218,  0.6770,
          0.7634,  0.8052, -0.7928,  0.7742, -0.7154, -0.8126,  0.7275,  0.7964]],
       device='cuda:0', requires_grad=True)

Parameter name: linear_2.bias
Shape: torch.Size([1])
Values: Parameter containing:
tensor([0.5559], device='cuda:0', requires_grad=True)

