Parameter name: road_linear_0.weight
Shape: torch.Size([32, 16])
Values: Parameter containing:
tensor([[-0.3171,  0.5029,  0.0529, -0.0491,  0.4009,  0.2131,  0.4190,  0.1725,
          0.3711,  0.1971,  0.1216, -0.3329, -0.4087, -0.2832,  0.3725,  0.0977],
        [-0.1011, -0.1511,  0.0707, -0.1326,  0.1543,  0.2150,  0.0447,  0.3612,
          0.7224, -0.0431,  0.2903, -0.4626,  0.0775,  0.1247,  0.6977,  0.0777],
        [ 0.1697, -0.2407,  0.3729, -0.1184, -0.3998, -0.3732, -0.2575, -0.6551,
         -0.1910, -0.0667,  0.1084,  0.1769,  0.6528,  0.3025, -0.1145,  0.2825],
        [ 0.0526, -0.1207, -0.1406,  0.0912, -0.1592, -0.1289,  0.0074, -0.2573,
         -0.7019, -0.1836, -0.2113,  0.4984,  0.1760, -0.3514, -0.4487, -0.0544],
        [ 0.0802,  0.2761,  0.0260, -0.1630,  0.2985,  0.0362, -0.0583,  0.5070,
          0.4418,  0.0990,  0.3266, -0.3029,  0.0402, -0.0459,  0.5285,  0.0105],
        [-0.1037,  0.5373, -0.3551,  0.3958,  0.6033,  0.0092,  0.4511,  0.1764,
          0.3963,  0.2078, -0.2876, -0.2706, -0.4086,  0.1493,  0.4635, -0.0993],
        [ 0.2001, -0.0420,  0.2156, -0.0471, -0.2249, -0.1495, -0.0973, -0.4189,
         -0.5409,  0.1549, -0.1133,  0.2245, -0.0906,  0.0243, -0.5070, -0.0118],
        [-0.2070,  0.0454,  0.1788, -0.2223, -0.5244, -0.2308, -0.0272, -0.4558,
         -0.4651, -0.0538, -0.1341,  0.2131,  0.2612, -0.2722, -0.2995,  0.2038],
        [-0.1180,  0.0646,  0.1277, -0.1198, -0.2905, -0.2914, -0.0546, -0.3388,
         -0.3335, -0.1365, -0.2920,  0.3010, -0.1246, -0.0078, -0.6746, -0.0609],
        [-0.1339,  0.0969,  0.0773, -0.1383,  0.2433,  0.1155, -0.0527,  0.4524,
          0.6103, -0.1767,  0.3317, -0.2023, -0.1944,  0.0867,  0.4855, -0.0454],
        [-0.2717,  0.4548,  0.0633, -0.1211,  0.1933,  0.3822,  0.2457,  0.3250,
          0.6101,  0.1388,  0.0789, -0.1878, -0.2597,  0.2421,  0.1843, -0.2334],
        [ 0.0342,  0.1107,  0.1625, -0.0491,  0.3739,  0.0510,  0.2554,  0.3614,
          0.4866,  0.1698,  0.3739, -0.1410, -0.3774, -0.0557,  0.3428, -0.0430],
        [ 0.1986, -0.0346,  0.0011, -0.0674, -0.2885,  0.0437, -0.0435, -0.5297,
         -0.6368,  0.0407, -0.1184,  0.2097, -0.0659,  0.0191, -0.4710, -0.0944],
        [ 0.0338,  0.1853,  0.1748,  0.1290, -0.4727,  0.0190,  0.0763, -0.2786,
         -0.5657,  0.0236, -0.3133,  0.2986,  0.0410, -0.1250, -0.6532,  0.0672],
        [-0.2062, -0.0949,  0.1152, -0.1742,  0.5584,  0.3542, -0.0250,  0.3300,
          0.3100,  0.0016,  0.2122, -0.5139, -0.0126,  0.0666,  0.3444,  0.0011],
        [-0.1409, -0.3511,  0.0898,  0.1373, -0.5009, -0.0220, -0.1905, -0.4995,
         -0.4378,  0.0512, -0.0488,  0.5817,  0.1575, -0.1528, -0.1150,  0.0159],
        [ 0.0879,  0.0955, -0.0299, -0.1745, -0.4785,  0.0310,  0.0631, -0.1765,
         -0.6523,  0.0285,  0.0272,  0.4495,  0.2508,  0.0382, -0.3939, -0.2396],
        [-0.2215,  0.2865, -0.1325,  0.0531,  0.3163,  0.2639,  0.3304,  0.4264,
          0.2496,  0.1840, -0.0672, -0.3730, -0.2311, -0.0908,  0.3727, -0.0809],
        [ 0.2756, -0.3374,  0.0975, -0.2436, -0.4898, -0.3801, -0.4389, -0.2041,
         -0.6022, -0.0803,  0.1528,  0.1444,  0.4276,  0.1997, -0.1587,  0.1711],
        [ 0.4256, -0.3224,  0.2279, -0.0574, -0.6414, -0.2484, -0.5256, -0.2198,
         -0.2594, -0.2401,  0.0745,  0.4709,  0.1524,  0.0618, -0.2013,  0.1834],
        [-0.0543,  0.2509,  0.1061, -0.1822,  0.3841, -0.0661,  0.2778,  0.5075,
          0.3376, -0.0678, -0.0397, -0.3549, -0.1548, -0.0515,  0.4637, -0.1281],
        [-0.0173,  0.0393,  0.0564,  0.3107,  0.3136,  0.1093,  0.2549,  0.2082,
          0.3704,  0.1581,  0.3237, -0.5350, -0.2831, -0.2586,  0.2127,  0.1351],
        [ 0.4060, -0.3748,  0.0052, -0.1205, -0.2854, -0.3921, -0.4460, -0.4482,
         -0.4511, -0.1174,  0.2702,  0.4223,  0.1181,  0.2618, -0.0756,  0.1962],
        [ 0.0109,  0.0713,  0.1026, -0.1852, -0.3096, -0.0761, -0.0188, -0.4205,
         -0.5634, -0.0998, -0.2062,  0.4540,  0.1599, -0.1241, -0.3932, -0.1973],
        [ 0.0338, -0.3506, -0.0232,  0.0169, -0.0855, -0.1869,  0.1507, -0.3535,
         -0.6961,  0.2428,  0.0847,  0.1652, -0.0272,  0.0483, -0.5542,  0.1709],
        [-0.1406, -0.1144, -0.1142,  0.2242, -0.3180, -0.1615,  0.0774, -0.4992,
         -0.4433, -0.1579, -0.3900,  0.2063,  0.0965,  0.1273, -0.5946, -0.0873],
        [ 0.3815, -0.2200,  0.3242, -0.3543, -0.5015, -0.1487, -0.6285, -0.2875,
         -0.6068, -0.0225,  0.2163,  0.3132,  0.5016,  0.3232, -0.1074,  0.3512],
        [-0.2099,  0.2634,  0.1649,  0.1014,  0.5333, -0.0107,  0.3275,  0.3751,
          0.2089, -0.0364,  0.2967, -0.4604, -0.2413, -0.0603,  0.2155,  0.0029],
        [ 0.1844, -0.1580, -0.0133, -0.0164, -0.4883, -0.2297, -0.1011, -0.5189,
         -0.2267,  0.0219, -0.0412,  0.3143,  0.3838,  0.1546, -0.1681,  0.1386],
        [-0.3493,  0.3797, -0.3002,  0.2437,  0.2081,  0.1727,  0.5264,  0.5171,
          0.5318,  0.2213,  0.0640, -0.2733, -0.1443,  0.0728,  0.2648, -0.2382],
        [-0.3066,  0.2519,  0.0176, -0.0384,  0.4786,  0.3806,  0.5051,  0.1979,
          0.4290,  0.2717, -0.3288, -0.2234, -0.5189, -0.2061,  0.1984, -0.2087],
        [-0.1198, -0.0691,  0.0617,  0.0811, -0.1317, -0.2405, -0.3051, -0.5400,
         -0.5590, -0.0966, -0.0138,  0.1447, -0.0688,  0.0572, -0.4910,  0.0321]],
       device='cuda:0', requires_grad=True)

Parameter name: road_linear_0.bias
Shape: torch.Size([32])
Values: Parameter containing:
tensor([-0.0922,  0.1692,  0.1871, -0.2378,  0.2024, -0.1515, -0.0370,  0.1195,
        -0.1528,  0.1581, -0.0408,  0.1242, -0.0609, -0.1181,  0.1719, -0.0462,
        -0.1939, -0.0640,  0.2015,  0.1231,  0.1030, -0.0862,  0.0921, -0.1265,
        -0.2363, -0.0569,  0.2312,  0.0696, -0.0162, -0.2462, -0.0764, -0.0712],
       device='cuda:0', requires_grad=True)

Parameter name: road_linear_1.weight
Shape: torch.Size([1, 32])
Values: Parameter containing:
tensor([[ 0.5382,  0.6881, -0.4666, -0.5966,  0.6703,  0.6303, -0.6054, -0.6741,
         -0.6179,  0.7228,  0.5318,  0.7038, -0.6097, -0.7696,  0.6273, -0.6036,
         -0.6285,  0.6035, -0.4368, -0.4757,  0.7530,  0.5304, -0.5862, -0.7004,
         -0.6566, -0.6954, -0.5397,  0.6652, -0.6160,  0.6555,  0.4919, -0.5336]],
       device='cuda:0', requires_grad=True)

Parameter name: linear_0.weight
Shape: torch.Size([32, 39])
Values: Parameter containing:
tensor([[-0.0235,  0.1028,  0.0532,  ...,  0.1963, -0.5606, -0.1137],
        [-0.1393, -0.0357,  0.1407,  ...,  0.0532, -0.5095,  0.0871],
        [ 0.0278, -0.0399,  0.0218,  ...,  0.0646,  0.5175,  0.0345],
        ...,
        [ 0.1390, -0.1555, -0.0413,  ..., -0.1691,  0.2261, -0.1180],
        [ 0.1118, -0.2130, -0.0740,  ..., -0.2309,  0.3754,  0.1557],
        [-0.2196,  0.1857,  0.0690,  ...,  0.0841, -0.4955, -0.0509]],
       device='cuda:0', requires_grad=True)

Parameter name: linear_0.bias
Shape: torch.Size([32])
Values: Parameter containing:
tensor([ 0.0863,  0.0272, -0.0610, -0.1341, -0.0853,  0.0419, -0.0836,  0.0711,
        -0.0398,  0.0479,  0.0518,  0.0152, -0.0245,  0.1065, -0.0214, -0.0174,
         0.0545, -0.1660, -0.0003,  0.0936, -0.0956, -0.0043,  0.1193,  0.0576,
        -0.1090,  0.1131,  0.0608, -0.1554,  0.0462,  0.1982,  0.1813, -0.1022],
       device='cuda:0', requires_grad=True)

Parameter name: linear_1.weight
Shape: torch.Size([32, 32])
Values: Parameter containing:
tensor([[ 0.0955, -0.2199,  0.0063,  ...,  0.1113, -0.0026,  0.0678],
        [-0.1885, -0.0626,  0.2073,  ...,  0.2061,  0.0109,  0.0395],
        [ 0.1344, -0.0319, -0.2421,  ..., -0.1766, -0.0135,  0.2143],
        ...,
        [ 0.1430,  0.0881,  0.0224,  ...,  0.0446, -0.2294,  0.3405],
        [ 0.0521, -0.2287,  0.1565,  ...,  0.3364,  0.2743, -0.1261],
        [ 0.0166, -0.1371,  0.2896,  ...,  0.2736,  0.1492, -0.0551]],
       device='cuda:0', requires_grad=True)

Parameter name: linear_1.bias
Shape: torch.Size([32])
Values: Parameter containing:
tensor([ 0.1560,  0.1963, -0.0661, -0.1622,  0.0407, -0.0024, -0.1007,  0.0672,
         0.2208, -0.1754,  0.1377, -0.1691,  0.2483,  0.0719, -0.0581,  0.2211,
         0.0267, -0.1956,  0.0646,  0.0743, -0.0905,  0.0623, -0.2350,  0.2320,
         0.0151, -0.0565,  0.0827,  0.0065, -0.2020, -0.0787,  0.2106,  0.0619],
       device='cuda:0', requires_grad=True)

Parameter name: linear_2.weight
Shape: torch.Size([1, 32])
Values: Parameter containing:
tensor([[ 1.1232,  1.0506, -1.1107, -1.0885,  0.9581,  0.9747, -1.0256,  0.9397,
          1.0064, -1.0764, -0.9897,  0.9904,  0.9903,  1.0012,  1.0130,  0.9862,
         -1.1051, -1.1327,  0.9869,  0.9758, -1.0355, -1.0348, -1.1404,  0.9914,
          1.0781,  1.1127, -1.1120,  1.0894, -1.0288, -1.1319,  1.0351,  1.1096]],
       device='cuda:0', requires_grad=True)

Parameter name: linear_2.bias
Shape: torch.Size([1])
Values: Parameter containing:
tensor([0.8620], device='cuda:0', requires_grad=True)

