Parameter name: road_linear_0.weight
Shape: torch.Size([32, 16])
Values: Parameter containing:
tensor([[ 0.0077,  0.3857,  0.3008, -0.3040, -0.1966, -0.1558, -0.1017, -0.4170,
         -0.3318, -0.0799, -0.0164,  0.2209, -0.3480, -0.0815, -0.0695,  0.3928],
        [-0.2504, -0.3747, -0.0910, -0.0337, -0.0245,  0.2512,  0.1768,  0.1820,
          0.4911,  0.1366,  0.2853, -0.2820,  0.3923, -0.0118,  0.3698, -0.0910],
        [ 0.1101,  0.2911,  0.3899, -0.1166, -0.1198, -0.3518, -0.1265, -0.4858,
         -0.1470, -0.1005, -0.1528,  0.0018, -0.0336,  0.3449, -0.0672,  0.3011],
        [ 0.2868,  0.1031,  0.0859, -0.0608, -0.0704, -0.2212, -0.1922, -0.1476,
         -0.5410, -0.4285, -0.2030,  0.4110, -0.1124, -0.1332, -0.2424,  0.1806],
        [-0.1028,  0.0463, -0.1658, -0.0442,  0.1753,  0.0982,  0.0665,  0.3597,
          0.2506,  0.3088,  0.3383, -0.1971,  0.3633, -0.2200,  0.3291, -0.1774],
        [-0.0347,  0.0663, -0.3744,  0.4021,  0.3772,  0.0035,  0.3189,  0.0345,
          0.3938,  0.2458, -0.0778, -0.1476,  0.1747,  0.1209,  0.4846, -0.1163],
        [ 0.3686,  0.2346,  0.3978, -0.1635, -0.0579, -0.2080, -0.2012, -0.2574,
         -0.3582, -0.0311, -0.0326,  0.0815, -0.3882,  0.1874, -0.3294,  0.1639],
        [-0.0523,  0.3569,  0.3587, -0.3484, -0.3554, -0.3012, -0.1228, -0.2947,
         -0.3043, -0.2328, -0.0879,  0.0613, -0.0724, -0.1052, -0.1594,  0.3765],
        [ 0.0411,  0.3542,  0.3019, -0.2336, -0.0585, -0.3478, -0.1815, -0.1187,
         -0.0515, -0.3239, -0.2784,  0.0731, -0.4494,  0.1548, -0.3308,  0.1166],
        [-0.3137, -0.1617, -0.1121, -0.0129,  0.1084,  0.1815,  0.1028,  0.2918,
          0.3940,  0.0283,  0.3624, -0.0569,  0.1613, -0.0917,  0.2483, -0.2386],
        [-0.3770,  0.0262, -0.0717, -0.0403, -0.0204,  0.4524,  0.2841,  0.1815,
          0.4797,  0.2851,  0.2185, -0.0468,  0.2358,  0.1134,  0.0587, -0.3667],
        [-0.1526, -0.2048, -0.0424,  0.0932,  0.2025,  0.1446,  0.4181,  0.1931,
          0.2801,  0.3791,  0.4085,  0.0234, -0.0246, -0.2668,  0.0819, -0.2483],
        [ 0.3404,  0.2773,  0.1585, -0.1490, -0.1100,  0.0172, -0.1067, -0.3583,
         -0.4335, -0.1187, -0.1648,  0.0675, -0.4765,  0.1393, -0.2810,  0.0554],
        [ 0.2153,  0.3972,  0.3688, -0.0009, -0.3192, -0.0249, -0.0584, -0.0928,
         -0.3069, -0.1774, -0.2749,  0.1295, -0.2297,  0.0526, -0.3647,  0.2591],
        [-0.3830, -0.3454, -0.0671, -0.0496,  0.3777,  0.4083,  0.1297,  0.1496,
          0.0744,  0.1992,  0.1832, -0.3390,  0.2886, -0.1008,  0.0996, -0.1854],
        [-0.0398, -0.0253,  0.1922,  0.1136, -0.3840, -0.0713, -0.2603, -0.4190,
         -0.4212, -0.1060, -0.1259,  0.5198, -0.3927, -0.0460, -0.0342,  0.1296],
        [ 0.3386,  0.3274,  0.2153, -0.3560, -0.3907, -0.0617, -0.1425, -0.0470,
         -0.4887, -0.2176,  0.0745,  0.3321,  0.0034,  0.2999, -0.1864,  0.0125],
        [-0.3007, -0.0488, -0.2434,  0.1273,  0.1441,  0.3094,  0.3128,  0.3065,
          0.2445,  0.3002, -0.0013, -0.2742,  0.1398, -0.1980,  0.3243, -0.1934],
        [ 0.2367,  0.1418,  0.1366, -0.2578, -0.2260, -0.3767, -0.3531, -0.0262,
         -0.5893, -0.1287, -0.1044, -0.0313, -0.1936,  0.2801, -0.0964,  0.2179],
        [ 0.3770,  0.1713,  0.2683, -0.0771, -0.3122, -0.2303, -0.3806,  0.0075,
         -0.1511, -0.2911, -0.1604,  0.2648, -0.4321,  0.0932,  0.0069,  0.2205],
        [-0.1951,  0.0133, -0.0529, -0.0802,  0.2970, -0.0127,  0.3380,  0.4133,
          0.2936,  0.0961,  0.0018, -0.3181,  0.1614, -0.1974,  0.4352, -0.2814],
        [-0.0949, -0.4113, -0.0613,  0.3901,  0.0015,  0.1240,  0.3004, -0.0226,
          0.1406,  0.2906,  0.4024, -0.2948,  0.2265, -0.3744, -0.0217,  0.0142],
        [ 0.3707,  0.0696,  0.0530, -0.1539, -0.0023, -0.4009, -0.3183, -0.2515,
         -0.3492, -0.1719,  0.0644,  0.2333, -0.4185,  0.3035,  0.0643,  0.2423],
        [ 0.2611,  0.2236,  0.3399, -0.3563, -0.2391, -0.1728, -0.1972, -0.3056,
         -0.4480, -0.3374, -0.1242,  0.3633, -0.0070,  0.1135, -0.2113,  0.0431],
        [ 0.2402, -0.0526,  0.1826, -0.1160,  0.0212, -0.2983, -0.0173, -0.2498,
         -0.5225,  0.0143,  0.0487,  0.0688, -0.4142,  0.2578, -0.3879,  0.3868],
        [ 0.0565,  0.0734,  0.0909,  0.0904, -0.2396, -0.2248, -0.0578, -0.3818,
         -0.2823, -0.3775, -0.3567,  0.1554, -0.1954,  0.3043, -0.4369,  0.1092],
        [ 0.2375,  0.2504,  0.3097, -0.3471, -0.1928, -0.1068, -0.3952, -0.0519,
         -0.5006, -0.0199, -0.0526,  0.1156, -0.1165,  0.2995,  0.0584,  0.3279],
        [-0.3369, -0.0999,  0.0062,  0.2049,  0.3247,  0.0351,  0.4060,  0.1982,
          0.0510,  0.1284,  0.3766, -0.2989,  0.1743, -0.2186,  0.0319, -0.1513],
        [ 0.3242,  0.1910,  0.1505, -0.1349, -0.3216, -0.3013, -0.1881, -0.3795,
         -0.1313, -0.1387, -0.1001,  0.1745,  0.0020,  0.3250, -0.0417,  0.3028],
        [-0.2699, -0.0291, -0.3107,  0.2331, -0.0747,  0.1485,  0.3513,  0.3254,
          0.4491,  0.2422,  0.2159, -0.1012,  0.3542,  0.0817,  0.1664, -0.2389],
        [-0.3114, -0.2304, -0.0608,  0.0235,  0.2231,  0.4097,  0.4303,  0.0228,
          0.3543,  0.3574, -0.0898, -0.0560,  0.0667, -0.2929,  0.0728, -0.2888],
        [ 0.0471,  0.2125,  0.2332, -0.0159,  0.0103, -0.3166, -0.4254, -0.3953,
         -0.4434, -0.2749, -0.0203,  0.0098, -0.3877,  0.2453, -0.2826,  0.2006]],
       device='cuda:0', requires_grad=True)

Parameter name: road_linear_0.bias
Shape: torch.Size([32])
Values: Parameter containing:
tensor([-0.0751, -0.0289, -0.0358, -0.0205, -0.0024, -0.2349,  0.0919,  0.1114,
        -0.0679, -0.0078,  0.0337,  0.0824,  0.1369,  0.0646,  0.0679,  0.0137,
        -0.0320, -0.0422,  0.0726, -0.0395, -0.1217, -0.0451, -0.0290,  0.0333,
        -0.0292,  0.1400,  0.1408,  0.0529, -0.1112, -0.1868,  0.0315,  0.0317],
       device='cuda:0', requires_grad=True)

Parameter name: road_linear_1.weight
Shape: torch.Size([1, 32])
Values: Parameter containing:
tensor([[-0.2656,  0.3609, -0.2774, -0.3100,  0.3602,  0.4314, -0.3197, -0.4077,
         -0.3592,  0.4075,  0.3181,  0.4260, -0.3186, -0.4365,  0.3242, -0.3591,
         -0.3662,  0.3693, -0.2854, -0.2715,  0.4692,  0.3648, -0.4128, -0.4071,
         -0.3739, -0.3871, -0.3573,  0.3918, -0.3889,  0.4175,  0.3489, -0.2798]],
       device='cuda:0', requires_grad=True)

Parameter name: linear_0.weight
Shape: torch.Size([32, 39])
Values: Parameter containing:
tensor([[-0.0140,  0.1692,  0.0606,  ...,  0.2065, -0.3333, -0.1137],
        [-0.0604, -0.0653,  0.1183,  ...,  0.1026, -0.3031,  0.0871],
        [-0.1292,  0.2421,  0.0825,  ...,  0.2125, -0.0322,  0.0345],
        ...,
        [ 0.0877, -0.1251, -0.0377,  ..., -0.1685, -0.0053, -0.1180],
        [ 0.0291, -0.1973, -0.0377,  ..., -0.2634,  0.1083,  0.1557],
        [-0.1711,  0.1447,  0.0452,  ...,  0.0755, -0.2708, -0.0509]],
       device='cuda:0', requires_grad=True)

Parameter name: linear_0.bias
Shape: torch.Size([32])
Values: Parameter containing:
tensor([ 0.0596,  0.0283, -0.0873, -0.1557, -0.0823, -0.0086, -0.1003,  0.0452,
        -0.0359,  0.0581,  0.0332, -0.0094,  0.0190,  0.1032, -0.0414, -0.0200,
         0.0532, -0.1673,  0.0081,  0.0835, -0.0648,  0.0158,  0.1112,  0.0255,
        -0.1084,  0.0986,  0.0449, -0.1067,  0.0507,  0.2081,  0.1696, -0.1265],
       device='cuda:0', requires_grad=True)

Parameter name: linear_1.weight
Shape: torch.Size([32, 32])
Values: Parameter containing:
tensor([[ 0.0434, -0.1660, -0.1938,  ...,  0.0365, -0.0408,  0.0657],
        [-0.2221, -0.0207, -0.0192,  ...,  0.1426, -0.0220,  0.0491],
        [ 0.1567, -0.0448, -0.0335,  ..., -0.1447, -0.0040,  0.1893],
        ...,
        [ 0.1719,  0.0500,  0.2408,  ...,  0.1136, -0.1753,  0.2509],
        [-0.0131, -0.1509, -0.0382,  ...,  0.2519,  0.2273, -0.1782],
        [-0.0020, -0.1192,  0.1326,  ...,  0.2306,  0.1360, -0.0456]],
       device='cuda:0', requires_grad=True)

Parameter name: linear_1.bias
Shape: torch.Size([32])
Values: Parameter containing:
tensor([ 0.1005,  0.1506, -0.0483, -0.1081, -0.0989, -0.1808, -0.0739, -0.0180,
         0.1505, -0.1806,  0.1401, -0.1336,  0.2074,  0.1042, -0.0996,  0.1352,
        -0.1305, -0.1875,  0.0833,  0.0140, -0.0226,  0.0711, -0.2063,  0.2275,
        -0.0398, -0.0161,  0.0755, -0.0478, -0.1618, -0.0497,  0.1332,  0.0370],
       device='cuda:0', requires_grad=True)

Parameter name: linear_2.weight
Shape: torch.Size([1, 32])
Values: Parameter containing:
tensor([[ 0.4492,  0.3742, -0.4177, -0.4453, -0.3086, -0.2983, -0.3558,  0.3331,
          0.3425, -0.3597, -0.3249,  0.3379,  0.3414,  0.2947,  0.3604,  0.3398,
         -0.4408, -0.4418,  0.2968,  0.3491, -0.4042, -0.3504, -0.4558,  0.2892,
          0.4178,  0.4666, -0.4215,  0.4457, -0.3559, -0.4477,  0.4085,  0.4482]],
       device='cuda:0', requires_grad=True)

Parameter name: linear_2.bias
Shape: torch.Size([1])
Values: Parameter containing:
tensor([0.1846], device='cuda:0', requires_grad=True)

Parameter name: road_linear_0.weight
Shape: torch.Size([32, 16])
Values: Parameter containing:
tensor([[ 2.0204e-02,  3.0491e-01,  3.1816e-01, -3.4467e-01, -7.2723e-02,
         -1.9155e-01, -1.0377e-01, -4.4934e-01, -1.9480e-01, -5.8349e-02,
          3.8237e-02,  2.0690e-01,  9.6125e-02, -7.2966e-02,  3.8411e-01,
          3.2920e-01],
        [-2.9349e-01, -2.9531e-01, -1.3351e-01,  2.3296e-02, -1.1148e-01,
          3.0861e-01,  2.3082e-01,  2.3176e-01,  4.2868e-01,  1.2255e-01,
          2.1345e-01, -3.1119e-01, -4.4569e-02, -3.6379e-02, -7.2176e-02,
         -6.0296e-02],
        [ 9.6124e-02,  1.9804e-01,  3.8965e-01, -1.2812e-01,  9.7614e-02,
         -3.7696e-01, -9.2143e-02, -4.6270e-01,  4.3650e-02, -4.8960e-02,
         -8.0903e-02, -3.6330e-02,  4.2523e-01,  2.8325e-01,  4.8645e-01,
          2.2696e-01],
        [ 2.9666e-01,  2.1216e-02,  1.0092e-01, -8.9513e-02,  5.0917e-02,
         -2.4112e-01, -2.0159e-01, -1.5364e-01, -4.2641e-01, -3.7782e-01,
         -9.1180e-02,  3.9795e-01,  3.2114e-01, -1.4917e-01,  1.9723e-01,
          1.2537e-01],
        [-1.4504e-01,  1.7024e-01, -2.0189e-01,  1.4950e-02,  1.1411e-01,
          1.6073e-01,  1.2127e-01,  4.2637e-01,  2.0192e-01,  2.8182e-01,
          2.1477e-01, -2.4327e-01, -1.0882e-01, -2.2700e-01, -1.7926e-01,
         -1.1020e-01],
        [-4.2698e-02,  1.9267e-01, -3.8479e-01,  4.2927e-01,  2.1995e-01,
          3.4770e-02,  3.1540e-01,  4.8895e-02,  2.9613e-01,  1.9761e-01,
         -1.6095e-01, -1.5149e-01, -3.0574e-01,  1.2906e-01, -4.2448e-02,
         -4.7042e-02],
        [ 3.9865e-01,  1.5622e-01,  4.2853e-01, -2.0079e-01,  8.3417e-02,
         -2.6131e-01, -2.4178e-01, -2.9441e-01, -2.6945e-01, -5.0543e-03,
         -7.1018e-03,  9.7216e-02,  2.3024e-03,  2.0772e-01,  4.3937e-02,
          1.3257e-01],
        [-4.2869e-02,  2.7418e-01,  3.6976e-01, -3.5879e-01, -1.8698e-01,
         -3.3756e-01, -1.3207e-01, -2.9504e-01, -1.9378e-01, -1.9345e-01,
         -6.0347e-02,  4.7471e-02,  2.8457e-01, -1.0397e-01,  2.0431e-01,
          3.4006e-01],
        [ 7.3914e-02,  2.6001e-01,  3.3023e-01, -2.7809e-01, -2.0779e-02,
         -4.0380e-01, -2.2205e-01, -1.7605e-01,  1.3547e-02, -2.9828e-01,
         -1.0606e-01,  1.1744e-01, -3.7357e-02,  1.1992e-01,  8.7108e-02,
          7.0218e-02],
        [-3.2668e-01, -3.9532e-02, -1.2469e-01,  1.5228e-02,  1.2185e-02,
          2.1657e-01,  1.1272e-01,  3.1987e-01,  3.0459e-01, -1.8410e-02,
          2.2646e-01, -6.7549e-02, -3.0939e-01, -6.2292e-02, -2.6612e-01,
         -1.6414e-01],
        [-3.7074e-01,  1.1817e-01, -7.1481e-02, -3.2912e-02, -1.3247e-01,
          4.6137e-01,  2.7511e-01,  1.6951e-01,  3.5019e-01,  2.2182e-01,
          5.7124e-02, -1.8513e-02, -1.9376e-01,  1.5772e-01, -4.4433e-01,
         -2.9582e-01],
        [-1.5393e-01, -9.7964e-02, -4.1101e-02,  1.0471e-01,  1.6380e-01,
          1.6631e-01,  4.2695e-01,  2.2243e-01,  1.9133e-01,  3.1927e-01,
          1.4219e-01,  1.2059e-02, -4.4025e-01, -1.7007e-01, -3.2336e-01,
         -1.6581e-01],
        [ 3.8752e-01,  1.6927e-01,  2.0667e-01, -2.1294e-01,  2.1112e-02,
         -5.7083e-02, -1.6403e-01, -4.0887e-01, -3.7285e-01, -1.0242e-01,
         -1.0756e-01,  8.8819e-02,  2.3620e-02,  1.8785e-01,  2.6006e-01,
          1.7012e-03],
        [ 2.5540e-01,  3.1443e-01,  4.0527e-01, -4.6528e-02, -2.2840e-01,
         -8.7281e-02, -1.1330e-01, -1.5028e-01, -2.5424e-01, -1.6464e-01,
         -2.0788e-01,  1.6793e-01,  1.7987e-01,  6.4770e-02,  3.5333e-02,
          2.3225e-01],
        [-4.0253e-01, -2.6082e-01, -8.8505e-02, -2.6892e-02,  2.4827e-01,
          4.5726e-01,  1.5079e-01,  1.7397e-01, -1.9691e-02,  1.6555e-01,
          1.1856e-01, -3.4509e-01, -1.2083e-01, -1.0142e-01, -3.3927e-01,
         -1.4354e-01],
        [-5.1140e-02, -2.2701e-01,  1.8665e-01,  5.7726e-02, -2.8262e-01,
         -6.4153e-02, -2.0667e-01, -3.9036e-01, -2.3330e-01, -1.5610e-04,
          3.9091e-02,  5.1683e-01,  2.0548e-01, -7.0811e-02,  5.4583e-01,
         -5.5634e-03],
        [ 3.3494e-01,  2.2441e-01,  2.1302e-01, -3.6296e-01, -2.6310e-01,
         -7.9986e-02, -1.4792e-01, -6.4536e-02, -3.7972e-01, -1.5976e-01,
          1.6047e-01,  3.2572e-01,  3.8276e-01,  2.5254e-01,  1.7545e-01,
         -5.1990e-02],
        [-3.1559e-01,  2.1940e-02, -2.5985e-01,  1.4911e-01,  3.1748e-02,
          3.4160e-01,  3.3506e-01,  3.2560e-01,  1.4781e-01,  2.6223e-01,
         -5.1287e-02, -2.7446e-01, -1.9764e-01, -1.9896e-01, -7.1365e-04,
         -1.5761e-01],
        [ 2.4450e-01,  8.0703e-02,  1.6019e-01, -2.9690e-01, -5.1239e-02,
         -4.1100e-01, -3.3248e-01, -2.0264e-02, -3.9750e-01, -9.9357e-02,
         -2.8902e-02, -5.4285e-02,  2.2383e-01,  2.2597e-01,  4.1937e-01,
          1.6767e-01],
        [ 3.9083e-01,  9.2474e-02,  2.8290e-01, -9.9242e-02, -2.1232e-01,
         -2.7035e-01, -4.0117e-01, -1.6965e-02, -4.7536e-02, -2.4974e-01,
         -5.8800e-02,  2.7372e-01, -4.5075e-02,  8.1669e-02,  3.8369e-01,
          1.7309e-01],
        [-2.2252e-01,  1.2187e-01, -7.7395e-02, -3.3007e-02,  2.0740e-01,
          2.9979e-02,  3.6770e-01,  4.5949e-01,  2.3419e-01,  6.9246e-02,
         -8.8623e-02, -3.5466e-01, -2.6132e-01, -2.1468e-01, -3.2283e-02,
         -2.3328e-01],
        [-8.9913e-02, -2.9546e-01, -5.8188e-02,  3.9140e-01, -1.0457e-01,
          1.5210e-01,  2.8438e-01, -1.2429e-02,  2.6819e-02,  2.3203e-01,
          2.4206e-01, -2.9063e-01, -1.8757e-01, -3.1418e-01, -5.1013e-01,
          8.8803e-02],
        [ 3.7475e-01, -7.6313e-03,  5.9024e-02, -1.6080e-01,  1.2091e-01,
         -4.2322e-01, -3.2869e-01, -2.5299e-01, -2.3827e-01, -1.2656e-01,
          1.2863e-01,  2.2133e-01, -8.5680e-02,  2.8601e-01,  4.1962e-01,
          1.9876e-01],
        [ 2.7098e-01,  1.6087e-01,  3.4970e-01, -3.7163e-01, -1.2524e-01,
         -1.9938e-01, -2.1913e-01, -3.1055e-01, -3.4985e-01, -2.9849e-01,
         -9.2645e-02,  3.5597e-01,  2.7938e-01,  1.2190e-01,  4.0401e-02,
          1.4085e-02],
        [ 2.5252e-01, -1.8840e-01,  1.9979e-01, -1.5903e-01,  1.2081e-01,
         -3.2450e-01, -2.8973e-02, -2.7799e-01, -4.0998e-01,  7.2877e-02,
          1.9310e-01,  7.3390e-02,  1.0560e-01,  2.1919e-01,  1.6464e-01,
          2.9653e-01],
        [ 9.7580e-02, -2.9161e-02,  1.3282e-01,  3.6951e-02, -1.3451e-01,
         -2.9613e-01, -1.0393e-01, -4.3477e-01, -2.2418e-01, -3.5836e-01,
         -2.8045e-01,  1.9071e-01,  2.5197e-01,  3.3755e-01,  6.4650e-02,
          6.4048e-02],
        [ 2.2862e-01,  1.6398e-01,  3.0449e-01, -3.4477e-01, -4.3013e-02,
         -1.2372e-01, -3.9294e-01, -4.2269e-02, -3.6639e-01,  3.6857e-02,
          1.5399e-02,  9.3329e-02,  2.2461e-01,  2.6991e-01,  4.0428e-01,
          2.7376e-01],
        [-3.4317e-01,  4.0860e-03,  1.0809e-03,  2.1881e-01,  2.4814e-01,
          6.3614e-02,  4.1388e-01,  2.2536e-01, -3.9552e-02,  7.7514e-02,
          2.0682e-01, -3.0600e-01, -2.4590e-01, -1.7045e-01, -4.0421e-01,
         -8.0699e-02],
        [ 3.2215e-01,  1.0454e-01,  1.5018e-01, -1.3547e-01, -2.2450e-01,
         -3.2326e-01, -1.8606e-01, -3.8774e-01, -2.2050e-02, -8.7041e-02,
          1.3636e-02,  1.6522e-01,  3.4194e-01,  2.8330e-01,  3.4324e-01,
          2.4586e-01],
        [-2.8713e-01,  3.8117e-02, -3.2947e-01,  2.5650e-01, -2.0054e-01,
          1.8285e-01,  3.7468e-01,  3.3443e-01,  3.5191e-01,  2.1059e-01,
          1.7740e-01, -9.7868e-02,  2.2457e-02,  6.6147e-02, -1.4671e-01,
         -2.1038e-01],
        [-3.0170e-01, -1.3437e-01, -5.4834e-02,  2.3689e-02,  9.9008e-02,
          4.2050e-01,  4.2587e-01,  2.1935e-02,  2.2780e-01,  2.9354e-01,
         -2.0552e-01, -3.7850e-02, -3.1834e-01, -2.3595e-01, -3.5062e-01,
         -2.2112e-01],
        [ 8.7720e-02,  1.5953e-01,  2.7825e-01, -8.2895e-02,  1.3307e-01,
         -3.6815e-01, -4.6961e-01, -4.3373e-01, -3.1763e-01, -2.6587e-01,
          4.3120e-02,  2.9449e-02,  2.3611e-02,  2.3750e-01,  1.0952e-01,
          1.7689e-01]], device='cuda:0', requires_grad=True)

Parameter name: road_linear_0.bias
Shape: torch.Size([32])
Values: Parameter containing:
tensor([-0.0711, -0.0859,  0.2140,  0.0027, -0.1317, -0.0818,  0.1030,  0.0897,
         0.0012, -0.0938, -0.0540,  0.0224,  0.1606,  0.1303, -0.0428, -0.0055,
        -0.0958, -0.0079,  0.1458,  0.0411, -0.0488, -0.2083,  0.0123, -0.0276,
         0.0265,  0.2664,  0.1517, -0.0118, -0.0225, -0.1703, -0.0192,  0.0616],
       device='cuda:0', requires_grad=True)

Parameter name: road_linear_1.weight
Shape: torch.Size([1, 32])
Values: Parameter containing:
tensor([[-0.2330,  0.3299, -0.2482, -0.2852,  0.3552,  0.3866, -0.2937, -0.3939,
         -0.3179,  0.3798,  0.2910,  0.4105, -0.2850, -0.3989,  0.3270, -0.2892,
         -0.3216,  0.3570, -0.2480, -0.2623,  0.4341,  0.3834, -0.3948, -0.3938,
         -0.3314, -0.3670, -0.3360,  0.3928, -0.3901,  0.4024,  0.3189, -0.2559]],
       device='cuda:0', requires_grad=True)

Parameter name: linear_0.weight
Shape: torch.Size([32, 39])
Values: Parameter containing:
tensor([[-0.0102,  0.0011,  0.0248,  ...,  0.2107, -0.3890, -0.1137],
        [-0.0801, -0.1844,  0.0811,  ...,  0.1479, -0.3551,  0.0871],
        [-0.0560,  0.1519,  0.0938,  ...,  0.0063,  0.2701,  0.0345],
        ...,
        [ 0.0429, -0.1512,  0.0113,  ...,  0.0698, -0.3200, -0.1180],
        [ 0.0301, -0.0788,  0.0117,  ..., -0.3100,  0.1530,  0.1557],
        [-0.0861,  0.1566,  0.0137,  ..., -0.1752,  0.1067, -0.0509]],
       device='cuda:0', requires_grad=True)

Parameter name: linear_0.bias
Shape: torch.Size([32])
Values: Parameter containing:
tensor([ 0.0506,  0.0547, -0.0945, -0.1208, -0.0565,  0.0465, -0.1306,  0.0618,
        -0.0453,  0.0927,  0.0358,  0.0053,  0.0100,  0.0637, -0.0778, -0.0193,
         0.0456, -0.1419, -0.0331, -0.0145, -0.1083,  0.0516,  0.0814, -0.0069,
        -0.0855,  0.0671,  0.0247, -0.0952,  0.0638,  0.1476,  0.1320, -0.0661],
       device='cuda:0', requires_grad=True)

Parameter name: linear_1.weight
Shape: torch.Size([32, 32])
Values: Parameter containing:
tensor([[ 0.0237, -0.2065, -0.0718,  ..., -0.1559, -0.0042,  0.2734],
        [-0.2531, -0.0534,  0.1105,  ..., -0.0859,  0.0048,  0.2806],
        [ 0.1782, -0.0089, -0.1862,  ...,  0.0972, -0.0359, -0.0786],
        ...,
        [ 0.1655,  0.1212,  0.0727,  ...,  0.2788, -0.2358,  0.0463],
        [-0.0689, -0.1855,  0.0868,  ..., -0.0135,  0.2604,  0.0981],
        [-0.0321, -0.1303,  0.2187,  ...,  0.0361,  0.1512,  0.1405]],
       device='cuda:0', requires_grad=True)

Parameter name: linear_1.bias
Shape: torch.Size([32])
Values: Parameter containing:
tensor([ 0.0907,  0.1267, -0.0375, -0.0578, -0.0320, -0.0375, -0.0338, -0.0631,
         0.1113, -0.1795,  0.1239, -0.1332,  0.1661, -0.0209, -0.1438,  0.1091,
        -0.1292, -0.1554,  0.0149, -0.0300,  0.0076,  0.1068, -0.1933,  0.2060,
        -0.0667, -0.0276,  0.0882, -0.0335, -0.1135, -0.0617,  0.1153,  0.0034],
       device='cuda:0', requires_grad=True)

Parameter name: linear_2.weight
Shape: torch.Size([1, 32])
Values: Parameter containing:
tensor([[ 0.6176,  0.5420, -0.6229, -0.6234,  0.4697,  0.4793, -0.5258,  0.5362,
          0.5329, -0.5586, -0.5481,  0.5077,  0.5295, -0.4714,  0.5515,  0.5007,
         -0.6283, -0.6188,  0.4956,  0.5142, -0.5835, -0.5559, -0.6186,  0.4528,
          0.5938,  0.6184, -0.5941,  0.6628, -0.5290, -0.6103,  0.5971,  0.6093]],
       device='cuda:0', requires_grad=True)

Parameter name: linear_2.bias
Shape: torch.Size([1])
Values: Parameter containing:
tensor([0.3296], device='cuda:0', requires_grad=True)

Parameter name: road_linear_0.weight
Shape: torch.Size([32, 16])
Values: Parameter containing:
tensor([[ 2.0190e-02,  3.0471e-01,  3.1804e-01, -3.4460e-01, -7.2882e-02,
         -1.9157e-01, -1.0378e-01, -4.4949e-01, -1.9483e-01, -5.8216e-02,
          3.8295e-02,  2.0701e-01,  9.6288e-02, -7.3057e-02,  3.8425e-01,
          3.2903e-01],
        [-2.9348e-01, -2.9512e-01, -1.3342e-01,  2.3239e-02, -1.1131e-01,
          3.0862e-01,  2.3082e-01,  2.3191e-01,  4.2872e-01,  1.2244e-01,
          2.1339e-01, -3.1129e-01, -4.4723e-02, -3.6283e-02, -7.2286e-02,
         -6.0146e-02],
        [ 9.6109e-02,  1.9784e-01,  3.8953e-01, -1.2805e-01,  9.7468e-02,
         -3.7698e-01, -9.2151e-02, -4.6284e-01,  4.3616e-02, -4.8835e-02,
         -8.0850e-02, -3.6228e-02,  4.2540e-01,  2.8316e-01,  4.8659e-01,
          2.2681e-01],
        [ 2.9664e-01,  2.1024e-02,  1.0081e-01, -8.9452e-02,  5.0761e-02,
         -2.4114e-01, -2.0159e-01, -1.5379e-01, -4.2645e-01, -3.7770e-01,
         -9.1117e-02,  3.9806e-01,  3.2130e-01, -1.4926e-01,  1.9735e-01,
          1.2521e-01],
        [-1.4502e-01,  1.7044e-01, -2.0176e-01,  1.4881e-02,  1.1429e-01,
          1.6075e-01,  1.2127e-01,  4.2653e-01,  2.0196e-01,  2.8169e-01,
          2.1470e-01, -2.4340e-01, -1.0898e-01, -2.2691e-01, -1.7939e-01,
         -1.1003e-01],
        [-4.2682e-02,  1.9284e-01, -3.8469e-01,  4.2922e-01,  2.2011e-01,
          3.4775e-02,  3.1539e-01,  4.9023e-02,  2.9616e-01,  1.9750e-01,
         -1.6102e-01, -1.5159e-01, -3.0588e-01,  1.2913e-01, -4.2547e-02,
         -4.6905e-02],
        [ 3.9864e-01,  1.5604e-01,  4.2844e-01, -2.0073e-01,  8.3266e-02,
         -2.6132e-01, -2.4178e-01, -2.9456e-01, -2.6948e-01, -4.9395e-03,
         -7.0419e-03,  9.7317e-02,  2.4599e-03,  2.0763e-01,  4.4045e-02,
          1.3243e-01],
        [-4.2880e-02,  2.7401e-01,  3.6968e-01, -3.5874e-01, -1.8711e-01,
         -3.3757e-01, -1.3208e-01, -2.9518e-01, -1.9381e-01, -1.9335e-01,
         -6.0294e-02,  4.7564e-02,  2.8472e-01, -1.0405e-01,  2.0440e-01,
          3.3995e-01],
        [ 7.3910e-02,  2.5982e-01,  3.3014e-01, -2.7804e-01, -2.0936e-02,
         -4.0381e-01, -2.2206e-01, -1.7620e-01,  1.3513e-02, -2.9817e-01,
         -1.0601e-01,  1.1754e-01, -3.7194e-02,  1.1982e-01,  8.7235e-02,
          7.0071e-02],
        [-3.2667e-01, -3.9335e-02, -1.2458e-01,  1.5168e-02,  1.2357e-02,
          2.1658e-01,  1.1272e-01,  3.2003e-01,  3.0462e-01, -1.8531e-02,
          2.2639e-01, -6.7660e-02, -3.0955e-01, -6.2197e-02, -2.6624e-01,
         -1.6398e-01],
        [-3.7072e-01,  1.1836e-01, -7.1372e-02, -3.2973e-02, -1.3232e-01,
          4.6139e-01,  2.7511e-01,  1.6965e-01,  3.5022e-01,  2.2170e-01,
          5.7072e-02, -1.8613e-02, -1.9392e-01,  1.5780e-01, -4.4446e-01,
         -2.9566e-01],
        [-1.5392e-01, -9.7770e-02, -4.1003e-02,  1.0465e-01,  1.6396e-01,
          1.6633e-01,  4.2697e-01,  2.2258e-01,  1.9137e-01,  3.1915e-01,
          1.4213e-01,  1.1954e-02, -4.4042e-01, -1.6997e-01, -3.2350e-01,
         -1.6565e-01],
        [ 3.8750e-01,  1.6907e-01,  2.0653e-01, -2.1286e-01,  2.0941e-02,
         -5.7101e-02, -1.6403e-01, -4.0903e-01, -3.7288e-01, -1.0228e-01,
         -1.0749e-01,  8.8937e-02,  2.3781e-02,  1.8775e-01,  2.6019e-01,
          1.5200e-03],
        [ 2.5539e-01,  3.1425e-01,  4.0519e-01, -4.6480e-02, -2.2857e-01,
         -8.7296e-02, -1.1331e-01, -1.5042e-01, -2.5428e-01, -1.6453e-01,
         -2.0782e-01,  1.6803e-01,  1.8002e-01,  6.4667e-02,  3.5427e-02,
          2.3212e-01],
        [-4.0252e-01, -2.6064e-01, -8.8410e-02, -2.6948e-02,  2.4842e-01,
          4.5727e-01,  1.5079e-01,  1.7411e-01, -1.9660e-02,  1.6544e-01,
          1.1851e-01, -3.4519e-01, -1.2099e-01, -1.0133e-01, -3.3938e-01,
         -1.4340e-01],
        [-5.1165e-02, -2.2724e-01,  1.8647e-01,  5.7801e-02, -2.8278e-01,
         -6.4135e-02, -2.0661e-01, -3.9049e-01, -2.3328e-01, -4.8490e-06,
          3.9068e-02,  5.1694e-01,  2.0566e-01, -7.0857e-02,  5.4604e-01,
         -5.7576e-03],
        [ 3.3493e-01,  2.2423e-01,  2.1292e-01, -3.6291e-01, -2.6326e-01,
         -8.0001e-02, -1.4792e-01, -6.4682e-02, -3.7976e-01, -1.5965e-01,
          1.6053e-01,  3.2583e-01,  3.8292e-01,  2.5246e-01,  1.7556e-01,
         -5.2130e-02],
        [-3.1558e-01,  2.2112e-02, -2.5977e-01,  1.4906e-01,  3.1889e-02,
          3.4162e-01,  3.3507e-01,  3.2573e-01,  1.4785e-01,  2.6213e-01,
         -5.1341e-02, -2.7456e-01, -1.9779e-01, -1.9888e-01, -8.1819e-04,
         -1.5749e-01],
        [ 2.4449e-01,  8.0509e-02,  1.6008e-01, -2.9683e-01, -5.1383e-02,
         -4.1103e-01, -3.3249e-01, -2.0408e-02, -3.9754e-01, -9.9231e-02,
         -2.8850e-02, -5.4181e-02,  2.2401e-01,  2.2588e-01,  4.1950e-01,
          1.6752e-01],
        [ 3.9082e-01,  9.2285e-02,  2.8279e-01, -9.9180e-02, -2.1246e-01,
         -2.7037e-01, -4.0118e-01, -1.7109e-02, -4.7570e-02, -2.4962e-01,
         -5.8752e-02,  2.7382e-01, -4.4908e-02,  8.1582e-02,  3.8383e-01,
          1.7294e-01],
        [-2.2250e-01,  1.2204e-01, -7.7297e-02, -3.3056e-02,  2.0754e-01,
          2.9979e-02,  3.6769e-01,  4.5961e-01,  2.3421e-01,  6.9146e-02,
         -8.8665e-02, -3.5476e-01, -2.6146e-01, -2.1462e-01, -3.2395e-02,
         -2.3315e-01],
        [-8.9906e-02, -2.9527e-01, -5.8098e-02,  3.9135e-01, -1.0441e-01,
          1.5212e-01,  2.8439e-01, -1.2282e-02,  2.6854e-02,  2.3192e-01,
          2.4201e-01, -2.9073e-01, -1.8773e-01, -3.1408e-01, -5.1025e-01,
          8.8947e-02],
        [ 3.7474e-01, -7.8051e-03,  5.8940e-02, -1.6075e-01,  1.2077e-01,
         -4.2323e-01, -3.2870e-01, -2.5312e-01, -2.3830e-01, -1.2646e-01,
          1.2868e-01,  2.2142e-01, -8.5523e-02,  2.8593e-01,  4.1973e-01,
          1.9863e-01],
        [ 2.7097e-01,  1.6070e-01,  3.4961e-01, -3.7158e-01, -1.2537e-01,
         -1.9940e-01, -2.1913e-01, -3.1068e-01, -3.4988e-01, -2.9840e-01,
         -9.2597e-02,  3.5606e-01,  2.7953e-01,  1.2183e-01,  4.0504e-02,
          1.3967e-02],
        [ 2.5250e-01, -1.8861e-01,  1.9967e-01, -1.5896e-01,  1.2062e-01,
         -3.2451e-01, -2.8970e-02, -2.7816e-01, -4.1002e-01,  7.3010e-02,
          1.9318e-01,  7.3515e-02,  1.0576e-01,  2.1909e-01,  1.6476e-01,
          2.9635e-01],
        [ 9.7564e-02, -2.9346e-02,  1.3272e-01,  3.7009e-02, -1.3468e-01,
         -2.9614e-01, -1.0392e-01, -4.3491e-01, -2.2422e-01, -3.5824e-01,
         -2.8038e-01,  1.9081e-01,  2.5212e-01,  3.3746e-01,  6.4760e-02,
          6.3897e-02],
        [ 2.2861e-01,  1.6381e-01,  3.0439e-01, -3.4472e-01, -4.3150e-02,
         -1.2373e-01, -3.9294e-01, -4.2402e-02, -3.6642e-01,  3.6963e-02,
          1.5449e-02,  9.3423e-02,  2.2477e-01,  2.6983e-01,  4.0439e-01,
          2.7363e-01],
        [-3.4315e-01,  4.2781e-03,  1.1862e-03,  2.1876e-01,  2.4830e-01,
          6.3628e-02,  4.1389e-01,  2.2551e-01, -3.9521e-02,  7.7397e-02,
          2.0676e-01, -3.0611e-01, -2.4606e-01, -1.7035e-01, -4.0434e-01,
         -8.0542e-02],
        [ 3.2214e-01,  1.0437e-01,  1.5009e-01, -1.3542e-01, -2.2465e-01,
         -3.2328e-01, -1.8606e-01, -3.8788e-01, -2.2080e-02, -8.6939e-02,
          1.3688e-02,  1.6532e-01,  3.4209e-01,  2.8322e-01,  3.4336e-01,
          2.4572e-01],
        [-2.8712e-01,  3.8284e-02, -3.2939e-01,  2.5645e-01, -2.0041e-01,
          1.8287e-01,  3.7468e-01,  3.3456e-01,  3.5193e-01,  2.1050e-01,
          1.7735e-01, -9.7956e-02,  2.2311e-02,  6.6226e-02, -1.4681e-01,
         -2.1026e-01],
        [-3.0169e-01, -1.3419e-01, -5.4738e-02,  2.3633e-02,  9.9155e-02,
          4.2052e-01,  4.2588e-01,  2.2078e-02,  2.2784e-01,  2.9343e-01,
         -2.0558e-01, -3.7952e-02, -3.1851e-01, -2.3586e-01, -3.5075e-01,
         -2.2098e-01],
        [ 8.7708e-02,  1.5934e-01,  2.7814e-01, -8.2830e-02,  1.3292e-01,
         -3.6817e-01, -4.6962e-01, -4.3387e-01, -3.1767e-01, -2.6574e-01,
          4.3178e-02,  2.9553e-02,  2.3777e-02,  2.3741e-01,  1.0965e-01,
          1.7673e-01]], device='cuda:0', requires_grad=True)

Parameter name: road_linear_0.bias
Shape: torch.Size([32])
Values: Parameter containing:
tensor([-0.0712, -0.0859,  0.2140,  0.0027, -0.1316, -0.0817,  0.1029,  0.0897,
         0.0011, -0.0938, -0.0539,  0.0224,  0.1606,  0.1303, -0.0428, -0.0058,
        -0.0958, -0.0079,  0.1458,  0.0411, -0.0487, -0.2083,  0.0123, -0.0276,
         0.0264,  0.2663,  0.1516, -0.0117, -0.0225, -0.1703, -0.0191,  0.0616],
       device='cuda:0', requires_grad=True)

Parameter name: road_linear_1.weight
Shape: torch.Size([1, 32])
Values: Parameter containing:
tensor([[-0.2330,  0.3299, -0.2481, -0.2852,  0.3552,  0.3867, -0.2937, -0.3939,
         -0.3178,  0.3798,  0.2910,  0.4105, -0.2850, -0.3989,  0.3270, -0.2894,
         -0.3216,  0.3570, -0.2480, -0.2623,  0.4342,  0.3834, -0.3948, -0.3938,
         -0.3314, -0.3670, -0.3360,  0.3929, -0.3901,  0.4023,  0.3189, -0.2559]],
       device='cuda:0', requires_grad=True)

Parameter name: linear_0.weight
Shape: torch.Size([32, 39])
Values: Parameter containing:
tensor([[-0.0102,  0.0011,  0.0248,  ...,  0.2107, -0.3890, -0.1137],
        [-0.0801, -0.1844,  0.0811,  ...,  0.1479, -0.3551,  0.0871],
        [-0.0560,  0.1519,  0.0938,  ...,  0.0063,  0.2701,  0.0345],
        ...,
        [ 0.0429, -0.1512,  0.0113,  ...,  0.0698, -0.3200, -0.1180],
        [ 0.0301, -0.0788,  0.0117,  ..., -0.3100,  0.1530,  0.1557],
        [-0.0861,  0.1566,  0.0137,  ..., -0.1752,  0.1067, -0.0509]],
       device='cuda:0', requires_grad=True)

Parameter name: linear_0.bias
Shape: torch.Size([32])
Values: Parameter containing:
tensor([ 0.0506,  0.0547, -0.0945, -0.1208, -0.0565,  0.0465, -0.1306,  0.0618,
        -0.0453,  0.0927,  0.0358,  0.0053,  0.0100,  0.0637, -0.0778, -0.0193,
         0.0456, -0.1419, -0.0331, -0.0145, -0.1083,  0.0516,  0.0814, -0.0069,
        -0.0855,  0.0671,  0.0247, -0.0952,  0.0638,  0.1476,  0.1320, -0.0661],
       device='cuda:0', requires_grad=True)

Parameter name: linear_1.weight
Shape: torch.Size([32, 32])
Values: Parameter containing:
tensor([[ 0.0237, -0.2065, -0.0718,  ..., -0.1559, -0.0042,  0.2734],
        [-0.2531, -0.0534,  0.1105,  ..., -0.0859,  0.0048,  0.2806],
        [ 0.1782, -0.0089, -0.1862,  ...,  0.0972, -0.0359, -0.0786],
        ...,
        [ 0.1655,  0.1212,  0.0727,  ...,  0.2788, -0.2358,  0.0463],
        [-0.0689, -0.1855,  0.0868,  ..., -0.0135,  0.2604,  0.0981],
        [-0.0321, -0.1303,  0.2187,  ...,  0.0361,  0.1512,  0.1405]],
       device='cuda:0', requires_grad=True)

Parameter name: linear_1.bias
Shape: torch.Size([32])
Values: Parameter containing:
tensor([ 0.0907,  0.1267, -0.0375, -0.0578, -0.0320, -0.0375, -0.0338, -0.0631,
         0.1113, -0.1795,  0.1239, -0.1332,  0.1661, -0.0209, -0.1438,  0.1091,
        -0.1292, -0.1554,  0.0149, -0.0300,  0.0076,  0.1068, -0.1933,  0.2060,
        -0.0667, -0.0276,  0.0882, -0.0335, -0.1135, -0.0617,  0.1153,  0.0034],
       device='cuda:0', requires_grad=True)

Parameter name: linear_2.weight
Shape: torch.Size([1, 32])
Values: Parameter containing:
tensor([[ 0.6176,  0.5420, -0.6229, -0.6234,  0.4697,  0.4793, -0.5258,  0.5362,
          0.5329, -0.5586, -0.5481,  0.5077,  0.5295, -0.4714,  0.5515,  0.5007,
         -0.6283, -0.6188,  0.4956,  0.5142, -0.5835, -0.5559, -0.6186,  0.4528,
          0.5938,  0.6184, -0.5941,  0.6628, -0.5290, -0.6103,  0.5971,  0.6093]],
       device='cuda:0', requires_grad=True)

Parameter name: linear_2.bias
Shape: torch.Size([1])
Values: Parameter containing:
tensor([0.3296], device='cuda:0', requires_grad=True)

Parameter name: road_linear_0.weight
Shape: torch.Size([32, 16])
Values: Parameter containing:
tensor([[-2.2917e-02,  2.9681e-01,  2.8797e-01, -2.6823e-01, -4.1787e-01,
         -2.1375e-01, -8.7906e-02, -5.3394e-01, -2.9279e-01, -5.9281e-02,
          9.7532e-03,  2.7944e-01,  1.3538e-01, -6.7972e-02,  1.2076e-01,
          3.2522e-01],
        [-2.4129e-01, -2.8495e-01, -9.4166e-02, -4.5984e-02,  1.5190e-01,
          2.9570e-01,  1.9735e-01,  2.7295e-01,  4.8759e-01,  1.3435e-01,
          2.5386e-01, -3.3863e-01, -4.8373e-02, -4.9726e-02,  1.7628e-01,
         -5.3307e-02],
        [ 5.7206e-02,  1.8654e-01,  3.5931e-01, -6.5033e-02, -2.7003e-01,
         -3.8593e-01, -7.3327e-02, -5.4479e-01, -5.9831e-02, -5.5023e-02,
         -1.0254e-01,  1.6464e-02,  4.5456e-01,  3.2421e-01,  2.4371e-01,
          2.2368e-01],
        [ 2.5620e-01,  1.6620e-02,  7.1138e-02, -2.9593e-02, -2.3901e-01,
         -2.4359e-01, -1.8222e-01, -2.2010e-01, -5.1933e-01, -4.0018e-01,
         -8.3747e-02,  4.4798e-01,  3.2935e-01, -1.1143e-01, -3.8919e-02,
          1.2374e-01],
        [-7.6890e-02,  1.4573e-01, -1.5474e-01, -7.2940e-02,  3.5360e-01,
          1.3514e-01,  7.4506e-02,  4.4935e-01,  2.4023e-01,  2.9200e-01,
          2.8387e-01, -2.4294e-01, -1.0310e-01, -2.4047e-01,  1.0291e-01,
         -1.2129e-01],
        [ 3.6729e-03,  1.7992e-01, -3.5245e-01,  3.6450e-01,  5.2686e-01,
          2.6323e-02,  2.9857e-01,  9.0902e-02,  3.4967e-01,  2.1537e-01,
         -1.2366e-01, -1.6733e-01, -3.0203e-01,  1.1949e-01,  2.2786e-01,
         -5.2812e-02],
        [ 3.6297e-01,  6.5422e-02,  4.0232e-01, -1.5155e-01, -2.2972e-01,
         -2.6034e-01, -2.1273e-01, -3.5246e-01, -3.5076e-01, -2.8804e-02,
         -2.6380e-02,  1.4082e-01, -1.5449e-02,  2.3886e-01, -1.0173e-01,
          1.3231e-01],
        [-7.2761e-02,  2.2006e-01,  3.4736e-01, -3.2144e-01, -4.8239e-01,
         -3.3209e-01, -1.0804e-01, -3.5200e-01, -2.6884e-01, -2.1360e-01,
         -7.3543e-02,  8.8744e-02,  2.8154e-01, -7.9823e-02,  8.4484e-02,
          3.3621e-01],
        [ 3.6775e-02,  2.6044e-01,  3.0748e-01, -2.1577e-01, -2.2189e-01,
         -4.0498e-01, -2.1009e-01, -2.1922e-01, -5.4693e-02, -3.2889e-01,
         -2.3588e-01,  1.4159e-01, -4.8263e-04,  1.8916e-01, -1.7319e-01,
          7.9127e-02],
        [-2.7664e-01, -4.8642e-02, -8.9914e-02, -5.4341e-02,  2.6485e-01,
          2.1213e-01,  8.9722e-02,  3.6891e-01,  3.7126e-01,  2.3442e-03,
          2.9678e-01, -9.1961e-02, -3.3198e-01, -9.2886e-02,  6.1918e-03,
         -1.7105e-01],
        [-3.4446e-01,  1.0318e-01, -5.5410e-02, -7.3714e-02,  1.4914e-01,
          4.8051e-01,  2.6794e-01,  2.5168e-01,  4.5233e-01,  2.5808e-01,
          9.8132e-02, -8.1340e-02, -2.1221e-01,  1.0376e-01, -1.6711e-01,
         -3.0644e-01],
        [-1.1784e-01, -1.1193e-01, -2.0089e-02,  5.4693e-02,  3.3841e-01,
          1.7179e-01,  4.0453e-01,  2.6922e-01,  2.5793e-01,  3.5678e-01,
          2.1446e-01, -1.7577e-02, -4.3264e-01, -2.5338e-01, -9.6659e-02,
         -1.8245e-01],
        [ 3.1526e-01,  1.8112e-01,  1.5138e-01, -1.2265e-01, -3.4958e-01,
         -4.9314e-02, -1.3257e-01, -5.0118e-01, -4.4789e-01, -1.1003e-01,
         -1.2474e-01,  1.4121e-01,  2.0008e-02,  1.8044e-01, -7.4952e-02,
         -3.4745e-03],
        [ 2.0487e-01,  2.8680e-01,  3.6690e-01,  1.6634e-02, -4.6974e-01,
         -6.7981e-02, -7.4879e-02, -1.7493e-01, -3.0080e-01, -1.7356e-01,
         -2.4364e-01,  1.8118e-01,  1.7129e-01,  7.9280e-02, -1.6954e-01,
          2.2312e-01],
        [-3.6316e-01, -2.4455e-01, -5.8469e-02, -8.0493e-02,  5.3875e-01,
          4.5331e-01,  1.2664e-01,  2.3032e-01,  5.5288e-02,  1.8323e-01,
          1.5200e-01, -3.8420e-01, -1.3168e-01, -1.2586e-01, -1.3665e-01,
         -1.3906e-01],
        [-1.0919e-01, -1.4846e-01,  1.6596e-01,  1.5220e-01, -5.5835e-01,
         -9.4965e-02, -2.3278e-01, -4.9515e-01, -3.3150e-01, -5.0291e-02,
         -8.3478e-02,  5.1387e-01,  2.3786e-01, -2.1727e-02,  2.3780e-01,
          1.9886e-02],
        [ 3.0731e-01,  2.2046e-01,  1.9525e-01, -3.2118e-01, -5.2889e-01,
         -8.6143e-02, -1.3355e-01, -1.1100e-01, -4.5965e-01, -1.9453e-01,
          1.3289e-01,  3.6714e-01,  4.1068e-01,  3.0356e-01,  1.1270e-02,
         -4.3868e-02],
        [-2.8435e-01,  3.9538e-02, -2.3695e-01,  1.0925e-01,  2.8794e-01,
          3.3543e-01,  3.0752e-01,  3.6781e-01,  2.1908e-01,  2.8460e-01,
         -3.2942e-02, -3.0804e-01, -1.9582e-01, -2.3704e-01,  1.2779e-01,
         -1.5730e-01],
        [ 1.9178e-01,  5.2919e-02,  1.1554e-01, -2.1973e-01, -4.1167e-01,
         -4.1341e-01, -3.0701e-01, -1.0071e-01, -5.0742e-01, -9.0376e-02,
         -6.8593e-02, -4.5102e-03,  2.7879e-01,  2.7163e-01,  2.0142e-01,
          1.4285e-01],
        [ 3.6124e-01,  8.0622e-02,  2.6306e-01, -5.1526e-02, -4.9540e-01,
         -2.8152e-01, -3.8894e-01, -9.3214e-02, -1.4403e-01, -2.7958e-01,
         -1.1410e-01,  3.3017e-01, -1.1714e-02,  1.2448e-01,  1.9198e-01,
          1.7449e-01],
        [-1.6654e-01,  1.0664e-01, -3.6955e-02, -1.0552e-01,  4.3626e-01,
          7.1457e-04,  3.3007e-01,  4.6172e-01,  2.5157e-01,  7.0858e-02,
         -4.4065e-02, -3.3603e-01, -2.3376e-01, -2.1138e-01,  2.1696e-01,
         -2.3303e-01],
        [-6.9575e-02, -2.8411e-01, -4.7771e-02,  3.4828e-01,  1.5816e-01,
          1.7582e-01,  2.9982e-01,  6.7236e-02,  1.2593e-01,  2.7755e-01,
          3.5843e-01, -3.4382e-01, -2.6015e-01, -3.8607e-01, -2.5682e-01,
          7.2790e-02],
        [ 3.5944e-01, -1.3450e-02,  5.0726e-02, -1.3478e-01, -1.5545e-01,
         -4.3960e-01, -3.2689e-01, -3.2513e-01, -3.3513e-01, -1.6380e-01,
          9.5717e-02,  2.7941e-01, -4.5923e-02,  3.3769e-01,  2.6741e-01,
          2.0725e-01],
        [ 2.4735e-01,  1.5917e-01,  3.3373e-01, -3.4226e-01, -3.7068e-01,
         -1.9674e-01, -1.9902e-01, -3.6482e-01, -4.2904e-01, -3.2381e-01,
         -6.6804e-02,  3.9953e-01,  2.7733e-01,  1.5693e-01, -7.8037e-02,
          1.1297e-02],
        [ 2.0498e-01, -1.6721e-01,  1.6957e-01, -8.5263e-02, -1.3190e-01,
         -3.2402e-01, -6.4664e-03, -3.1109e-01, -4.7919e-01,  4.0377e-02,
          1.0458e-01,  9.6847e-02,  1.3485e-01,  2.6516e-01, -1.4621e-01,
          3.1944e-01],
        [ 2.5561e-02, -2.6316e-02,  7.5805e-02,  1.2096e-01, -3.9069e-01,
         -2.5121e-01, -4.2459e-02, -4.3524e-01, -2.3831e-01, -3.5013e-01,
         -3.2254e-01,  1.7412e-01,  2.1603e-01,  3.2318e-01, -1.9401e-01,
          5.5617e-02],
        [ 2.1146e-01,  1.4708e-01,  2.9436e-01, -3.1793e-01, -3.2952e-01,
         -1.3842e-01, -3.8717e-01, -1.1640e-01, -4.6467e-01,  1.8217e-03,
         -8.8729e-03,  1.5161e-01,  2.5970e-01,  3.1288e-01,  2.7707e-01,
          2.7919e-01],
        [-3.0558e-01,  3.9023e-04,  2.6001e-02,  1.6593e-01,  4.8380e-01,
          7.2052e-02,  3.9826e-01,  2.9147e-01,  3.8474e-02,  1.0768e-01,
          2.5765e-01, -3.4925e-01, -2.6839e-01, -2.1429e-01, -1.8444e-01,
         -8.8834e-02],
        [ 2.9552e-01,  1.1971e-01,  1.3219e-01, -1.0056e-01, -4.5789e-01,
         -3.2953e-01, -1.7199e-01, -4.4390e-01, -1.0107e-01, -1.1539e-01,
          2.9436e-02,  2.1168e-01,  3.3389e-01,  3.2988e-01,  1.4867e-01,
          2.4986e-01],
        [-2.6412e-01,  6.7987e-02, -3.1342e-01,  2.2497e-01,  7.3743e-02,
          1.8454e-01,  3.5997e-01,  3.9565e-01,  4.3188e-01,  2.3642e-01,
          2.0917e-01, -1.4277e-01,  1.1006e-02,  3.2735e-02, -2.2000e-02,
         -2.1306e-01],
        [-2.7599e-01, -1.3369e-01, -3.8502e-02, -1.4769e-02,  3.6333e-01,
          4.3202e-01,  4.1147e-01,  8.2345e-02,  3.1753e-01,  3.2821e-01,
         -1.6361e-01, -8.6662e-02, -3.5181e-01, -2.9161e-01, -1.6921e-01,
         -2.2815e-01],
        [ 4.2084e-02,  1.2104e-01,  2.4281e-01, -9.2357e-03, -1.6810e-01,
         -3.6599e-01, -4.3404e-01, -4.9371e-01, -4.0810e-01, -2.6938e-01,
          1.9626e-03,  6.9702e-02,  3.3757e-02,  2.8278e-01, -7.9957e-02,
          1.6742e-01]], device='cuda:0', requires_grad=True)

Parameter name: road_linear_0.bias
Shape: torch.Size([32])
Values: Parameter containing:
tensor([-0.0346, -0.0268,  0.1318, -0.0268, -0.0943, -0.1314,  0.0842,  0.0998,
        -0.0129, -0.0938, -0.0327,  0.0450,  0.1775,  0.0948,  0.0006, -0.0183,
        -0.0467, -0.0034,  0.1149,  0.0187, -0.0742, -0.1641, -0.0120, -0.0114,
         0.0324,  0.1904,  0.1364, -0.0120, -0.0568, -0.1597,  0.0182, -0.0420],
       device='cuda:0', requires_grad=True)

Parameter name: road_linear_1.weight
Shape: torch.Size([1, 32])
Values: Parameter containing:
tensor([[-0.2735,  0.3577, -0.2626, -0.2997,  0.3778,  0.4188, -0.3079, -0.4131,
         -0.3389,  0.4023,  0.3039,  0.4117, -0.3153, -0.4286,  0.3413, -0.4029,
         -0.3538,  0.3569, -0.2659, -0.2787,  0.4552,  0.3465, -0.4018, -0.4009,
         -0.3858, -0.3867, -0.3393,  0.3994, -0.3917,  0.4071,  0.3214, -0.2660]],
       device='cuda:0', requires_grad=True)

Parameter name: linear_0.weight
Shape: torch.Size([32, 39])
Values: Parameter containing:
tensor([[-0.0070, -0.0058,  0.0454,  ...,  0.2367, -0.3916, -0.1137],
        [-0.0805, -0.1897,  0.0904,  ...,  0.1473, -0.3759,  0.0871],
        [-0.0456,  0.1743,  0.0704,  ..., -0.0058,  0.3058,  0.0345],
        ...,
        [ 0.0317, -0.1885,  0.0445,  ...,  0.0670, -0.3325, -0.1180],
        [ 0.0435, -0.0531, -0.0202,  ..., -0.3065,  0.1817,  0.1557],
        [-0.2012,  0.0499,  0.0061,  ...,  0.0404, -0.2836, -0.0509]],
       device='cuda:0', requires_grad=True)

Parameter name: linear_0.bias
Shape: torch.Size([32])
Values: Parameter containing:
tensor([ 0.0558,  0.0551, -0.0860, -0.1212, -0.0597,  0.0541, -0.1260,  0.0588,
        -0.0477,  0.0816,  0.0294,  0.0115,  0.0275,  0.0750, -0.0762, -0.0177,
         0.0465, -0.1514, -0.0315, -0.0251, -0.0736,  0.0505,  0.0902, -0.0050,
        -0.0883,  0.0883,  0.0327, -0.0876,  0.0478,  0.1372,  0.1476, -0.1086],
       device='cuda:0', requires_grad=True)

Parameter name: linear_1.weight
Shape: torch.Size([32, 32])
Values: Parameter containing:
tensor([[ 0.0266, -0.1914, -0.0822,  ..., -0.1107, -0.0225,  0.0741],
        [-0.2559, -0.0459,  0.1140,  ..., -0.0426, -0.0007,  0.0619],
        [ 0.1785, -0.0257, -0.1776,  ...,  0.0495, -0.0145,  0.1670],
        ...,
        [ 0.1556,  0.0964,  0.0934,  ...,  0.2207, -0.2033,  0.2382],
        [-0.0749, -0.1704,  0.0818,  ...,  0.0361,  0.2441, -0.1678],
        [-0.0388, -0.1244,  0.2111,  ...,  0.0782,  0.1377, -0.0272]],
       device='cuda:0', requires_grad=True)

Parameter name: linear_1.bias
Shape: torch.Size([32])
Values: Parameter containing:
tensor([ 0.0869,  0.1250, -0.0279, -0.0610, -0.0319, -0.0630, -0.0295, -0.0596,
         0.0979, -0.1409,  0.1366, -0.1253,  0.1543,  0.0606, -0.1340,  0.0920,
        -0.1216, -0.1503,  0.0048, -0.0126,  0.0039,  0.1070, -0.1883,  0.1776,
        -0.0622, -0.0294,  0.0880, -0.0406, -0.1124, -0.0567,  0.1012,  0.0055],
       device='cuda:0', requires_grad=True)

Parameter name: linear_2.weight
Shape: torch.Size([1, 32])
Values: Parameter containing:
tensor([[ 0.6705,  0.5945, -0.6703, -0.6718,  0.5380,  0.5297, -0.5848,  0.5784,
          0.6021, -0.6105, -0.5631,  0.5624,  0.5608,  0.5729,  0.5997,  0.5581,
         -0.6707, -0.6758,  0.5380,  0.5653, -0.6267, -0.6040, -0.6726,  0.5312,
          0.6562,  0.6762, -0.6541,  0.7038, -0.5833, -0.6666,  0.6517,  0.6695]],
       device='cuda:0', requires_grad=True)

Parameter name: linear_2.bias
Shape: torch.Size([1])
Values: Parameter containing:
tensor([0.3774], device='cuda:0', requires_grad=True)

Parameter name: road_linear_0.weight
Shape: torch.Size([32, 16])
Values: Parameter containing:
tensor([[ 7.1641e-03, -4.4723e-02,  2.5531e-01, -2.9038e-01, -3.4646e-01,
         -1.0634e-01, -4.7061e-02, -4.8430e-01, -2.7212e-01, -1.0495e-02,
          1.6125e-01,  1.6808e-01,  2.1474e-03, -1.0310e-01, -2.2185e-01,
          3.0640e-01],
        [-2.6889e-01,  1.8130e-02, -8.3008e-02, -6.1422e-03,  8.4820e-02,
          2.2460e-01,  1.5801e-01,  2.3039e-01,  4.9256e-01,  1.1270e-01,
          9.9660e-02, -2.6548e-01,  2.3259e-02, -2.9425e-02,  5.0121e-01,
         -4.6531e-02],
        [ 7.4757e-02, -9.9139e-02,  3.4179e-01, -9.8831e-02, -1.9024e-01,
         -3.1905e-01, -4.8625e-02, -4.8134e-01, -6.5732e-03, -4.0126e-02,
         -6.2850e-02, -7.6558e-02,  3.7939e-01,  3.0628e-01, -9.6844e-02,
          2.3275e-01],
        [ 2.7889e-01, -1.2903e-01,  4.8507e-02, -5.5990e-02, -1.4572e-01,
         -1.4904e-01, -1.1771e-01, -1.5726e-01, -5.1111e-01, -3.5711e-01,
          3.5565e-04,  3.4972e-01,  2.4949e-01, -1.5535e-01, -3.2848e-01,
          9.7871e-02],
        [-8.7782e-02,  4.4904e-01, -1.2887e-01, -3.9996e-02,  2.6563e-01,
          4.7228e-02,  2.6137e-02,  3.7627e-01,  2.0118e-01,  2.6486e-01,
          6.2239e-02, -1.3630e-01, -4.5315e-03, -2.0922e-01,  4.0161e-01,
         -1.1302e-01],
        [ 7.5119e-03,  4.0044e-01, -3.2349e-01,  3.8666e-01,  4.0603e-01,
         -7.0662e-02,  2.4362e-01,  5.9768e-03,  2.9284e-01,  1.8518e-01,
         -1.1681e-01, -6.4234e-02, -1.9399e-01,  1.4161e-01,  4.7168e-01,
         -4.4278e-02],
        [ 3.6715e-01, -7.9808e-02,  3.7209e-01, -1.6939e-01, -1.3880e-01,
         -1.7399e-01, -1.5284e-01, -2.8620e-01, -3.1414e-01,  7.6684e-03,
         -1.2368e-02,  4.5201e-02, -1.0445e-01,  1.4630e-01, -3.8129e-01,
          1.1006e-01],
        [-7.3713e-02,  6.8897e-02,  3.2518e-01, -3.4327e-01, -4.0899e-01,
         -2.7311e-01, -7.7268e-02, -3.0514e-01, -2.3387e-01, -1.9828e-01,
         -4.6095e-02,  1.7092e-02,  2.2735e-01, -1.1640e-01, -1.6098e-01,
          3.2965e-01],
        [ 4.9259e-02, -9.2640e-02,  2.8421e-01, -2.5166e-01, -1.7335e-01,
         -3.3673e-01, -1.7344e-01, -1.8401e-01, -3.3002e-02, -3.0361e-01,
          2.2684e-02,  6.3809e-02, -6.1969e-02,  1.6676e-01, -4.8590e-01,
          7.6026e-02],
        [-3.0366e-01,  2.7125e-01, -8.2493e-02, -6.9671e-03,  1.8708e-01,
          1.3799e-01,  5.0267e-02,  3.0967e-01,  3.5202e-01, -1.1812e-02,
          1.2691e-01, -1.2989e-02, -2.4980e-01, -8.4778e-02,  3.1920e-01,
         -1.7659e-01],
        [-3.6273e-01,  3.0783e-01, -3.3722e-02, -4.3753e-02,  6.9825e-02,
          3.9761e-01,  2.2278e-01,  1.9448e-01,  4.3297e-01,  2.2697e-01,
          1.1958e-02,  1.0466e-02, -1.7701e-01,  1.1535e-01,  1.3053e-01,
         -2.9534e-01],
        [-1.2453e-01,  1.1848e-01,  6.5410e-03,  8.5100e-02,  2.5771e-01,
          1.0323e-01,  3.4855e-01,  2.0751e-01,  2.1487e-01,  3.2408e-01,
          7.3794e-02,  7.3797e-02, -4.0497e-01, -2.1096e-01,  1.7464e-01,
         -1.7302e-01],
        [ 3.3702e-01, -1.1746e-01,  1.1782e-01, -1.5135e-01, -2.4334e-01,
          7.2914e-02, -6.9746e-02, -4.1277e-01, -4.2569e-01, -6.5350e-02,
         -1.1706e-01,  1.5904e-02, -9.1713e-02,  1.5176e-01, -4.3059e-01,
         -2.4196e-02],
        [ 2.1525e-01,  1.9753e-02,  3.4818e-01, -1.3168e-02, -3.9668e-01,
         -5.3171e-03, -3.2025e-02, -1.2765e-01, -2.8453e-01, -1.5141e-01,
         -1.1729e-01,  1.0927e-01,  1.0892e-01,  4.1329e-02, -4.6515e-01,
          2.1439e-01],
        [-3.7945e-01,  3.4368e-02, -4.3315e-02, -4.4501e-02,  4.7487e-01,
          3.9328e-01,  9.8527e-02,  1.8767e-01,  3.5183e-02,  1.6963e-01,
          3.0742e-02, -3.0864e-01, -7.9691e-02, -1.1106e-01,  1.9017e-01,
         -1.3869e-01],
        [-6.8833e-02, -5.4996e-01,  1.2161e-01,  1.0467e-01, -5.1662e-01,
          5.3972e-02, -1.6966e-01, -4.3311e-01, -3.2450e-01,  4.2449e-03,
         -4.5363e-02,  3.7354e-01,  7.3056e-02, -1.0152e-01, -1.3773e-01,
          1.3458e-02],
        [ 3.2105e-01,  3.4548e-02,  1.7143e-01, -3.4159e-01, -4.1785e-01,
         -4.6369e-03, -6.4735e-02, -5.2586e-02, -4.5384e-01, -1.5260e-01,
          1.6939e-01,  2.8147e-01,  3.1553e-01,  2.2715e-01, -2.3586e-01,
         -7.0400e-02],
        [-2.6940e-01,  1.6984e-01, -1.9675e-01,  1.1300e-01,  1.5687e-01,
          2.4901e-01,  2.4467e-01,  2.8536e-01,  1.5875e-01,  2.4281e-01,
         -5.6917e-02, -2.0063e-01, -9.9027e-02, -1.5478e-01,  2.8705e-01,
         -1.2830e-01],
        [ 2.2601e-01, -1.8595e-01,  1.0700e-01, -2.5805e-01, -2.9256e-01,
         -3.4390e-01, -2.6046e-01, -3.7010e-02, -4.6661e-01, -7.0912e-02,
          2.2812e-02, -9.8874e-02,  1.6329e-01,  2.1180e-01, -1.0938e-01,
          1.4879e-01],
        [ 3.6643e-01, -1.6590e-01,  2.2737e-01, -7.3586e-02, -4.2372e-01,
         -2.0719e-01, -3.4221e-01, -4.4501e-02, -1.0981e-01, -2.4378e-01,
          1.0726e-01,  2.2965e-01, -6.7470e-02,  7.5855e-02, -1.4305e-01,
          1.5697e-01],
        [-1.5848e-01,  3.1391e-01, -6.3831e-03, -8.8456e-02,  3.1623e-01,
         -7.9665e-02,  2.8241e-01,  3.7686e-01,  1.9578e-01,  4.4183e-02,
         -1.1478e-01, -2.3606e-01, -1.4682e-01, -1.7267e-01,  4.1174e-01,
         -2.1856e-01],
        [-1.0599e-01,  1.4762e-01, -3.9437e-02,  4.0036e-01,  1.4111e-01,
          1.2466e-01,  2.8069e-01,  6.2638e-02,  1.3748e-01,  2.6909e-01,
          1.9665e-01, -2.9833e-01, -2.2456e-01, -3.8097e-01,  8.5099e-02,
          6.3059e-02],
        [ 3.6441e-01, -2.2938e-01,  2.6222e-02, -1.5896e-01, -7.7020e-02,
         -3.7745e-01, -2.8395e-01, -2.8057e-01, -3.0764e-01, -1.4024e-01,
          2.1043e-01,  2.0378e-01, -9.4511e-02,  2.9221e-01, -1.5919e-03,
          1.9381e-01],
        [ 2.4282e-01,  7.9820e-02,  2.9823e-01, -3.4265e-01, -2.2320e-01,
         -1.1413e-01, -1.2398e-01, -2.9623e-01, -4.0802e-01, -2.7148e-01,
         -3.4893e-03,  3.0941e-01,  2.0965e-01,  6.9777e-02, -2.2941e-01,
         -3.3087e-02],
        [ 2.2249e-01, -4.6388e-01,  1.5380e-01, -1.2794e-01, -3.4156e-02,
         -2.3041e-01,  5.2459e-02, -2.3144e-01, -4.3680e-01,  6.7323e-02,
          1.6992e-01,  3.6655e-04,  2.9106e-02,  2.4673e-01, -4.4843e-01,
          3.1805e-01],
        [ 2.4646e-02, -2.7110e-01,  5.0214e-02,  9.6753e-02, -2.8456e-01,
         -1.7786e-01, -1.2911e-02, -3.5906e-01, -1.8663e-01, -3.3227e-01,
         -2.4927e-01,  7.7696e-02,  1.4789e-01,  3.0743e-01, -4.6874e-01,
          4.9527e-02],
        [ 2.1133e-01, -9.2186e-02,  2.6047e-01, -3.3414e-01, -2.4855e-01,
         -7.7083e-02, -3.3759e-01, -7.1885e-02, -4.2567e-01,  3.0947e-02,
          6.1051e-02,  6.7056e-02,  2.1024e-01,  2.3507e-01,  3.6560e-03,
          2.5940e-01],
        [-3.2511e-01,  2.7572e-01,  4.4389e-02,  2.0434e-01,  4.1053e-01,
          5.5053e-03,  3.5297e-01,  2.3740e-01,  7.6223e-03,  8.5541e-02,
          6.1942e-02, -2.6215e-01, -2.1069e-01, -1.7972e-01,  1.1373e-01,
         -8.6974e-02],
        [ 2.9152e-01, -2.2659e-02,  9.9688e-02, -1.1691e-01, -3.5342e-01,
         -2.5856e-01, -1.2262e-01, -3.7710e-01, -5.7452e-02, -8.0985e-02,
          1.1788e-01,  1.1565e-01,  3.2411e-01,  2.8919e-01, -6.6903e-02,
          2.2864e-01],
        [-2.5948e-01,  2.2071e-01, -2.8391e-01,  2.3924e-01, -1.4607e-02,
          1.1702e-01,  3.1215e-01,  3.3875e-01,  3.9484e-01,  2.0898e-01,
          1.4516e-01, -6.2278e-02,  8.0652e-02,  8.5964e-02,  2.1832e-01,
         -1.9425e-01],
        [-2.7677e-01,  1.0144e-01, -6.0687e-03,  5.1354e-03,  2.7675e-01,
          3.5672e-01,  3.6236e-01,  2.8558e-02,  2.7648e-01,  2.9524e-01,
         -2.4749e-01,  1.0658e-02, -2.8764e-01, -2.4497e-01,  1.1604e-01,
         -2.1236e-01],
        [ 4.4211e-02, -9.8184e-02,  2.0526e-01, -2.7358e-02, -6.9839e-02,
         -2.7356e-01, -3.6885e-01, -4.0530e-01, -3.5104e-01, -2.2430e-01,
          9.8517e-02, -5.4470e-02, -8.7803e-02,  1.7846e-01, -3.5900e-01,
          1.4564e-01]], device='cuda:0', requires_grad=True)

Parameter name: road_linear_0.bias
Shape: torch.Size([32])
Values: Parameter containing:
tensor([-0.0874, -0.0191,  0.1368, -0.1202, -0.0503, -0.0283,  0.0576,  0.1472,
        -0.0414, -0.0396,  0.0427,  0.0591,  0.1596,  0.0908, -0.0546,  0.0989,
        -0.1925, -0.0011,  0.0194,  0.0088, -0.0218, -0.1240, -0.0643, -0.0644,
        -0.1940,  0.2750,  0.1110,  0.0199, -0.0857, -0.2218,  0.1514, -0.0338],
       device='cuda:0', requires_grad=True)

Parameter name: road_linear_1.weight
Shape: torch.Size([1, 32])
Values: Parameter containing:
tensor([[-0.3335,  0.4200, -0.3047, -0.3207,  0.4327,  0.4579, -0.3526, -0.4281,
         -0.4007,  0.4803,  0.3268,  0.4560, -0.3808, -0.4892,  0.3838, -0.4484,
         -0.3813,  0.3710, -0.2933, -0.3097,  0.4907,  0.4310, -0.4237, -0.4147,
         -0.4709, -0.4347, -0.3651,  0.4420, -0.3947,  0.4337,  0.3393, -0.2951]],
       device='cuda:0', requires_grad=True)

Parameter name: linear_0.weight
Shape: torch.Size([32, 39])
Values: Parameter containing:
tensor([[-0.0324,  0.0991,  0.0519,  ...,  0.2248, -0.3805, -0.1137],
        [-0.0983, -0.0642,  0.1120,  ...,  0.1587, -0.3655,  0.0871],
        [-0.0131, -0.0225,  0.0238,  ...,  0.0229,  0.2844,  0.0345],
        ...,
        [ 0.0194,  0.0007,  0.0526,  ...,  0.0887, -0.3778, -0.1180],
        [ 0.0754, -0.1961, -0.0484,  ..., -0.3322,  0.1963,  0.1557],
        [-0.1936,  0.1363,  0.0324,  ...,  0.1012, -0.3328, -0.0509]],
       device='cuda:0', requires_grad=True)

Parameter name: linear_0.bias
Shape: torch.Size([32])
Values: Parameter containing:
tensor([ 0.0426,  0.0410, -0.0668, -0.1335, -0.0718,  0.0585, -0.1109,  0.0466,
        -0.0397,  0.0812,  0.0192,  0.0113,  0.0291,  0.0779, -0.0529, -0.0197,
         0.0593, -0.1525,  0.0011,  0.0276, -0.0524,  0.0349,  0.1079,  0.0060,
        -0.0930,  0.1033,  0.0471, -0.0966,  0.0551,  0.1399,  0.1666, -0.1225],
       device='cuda:0', requires_grad=True)

Parameter name: linear_1.weight
Shape: torch.Size([32, 32])
Values: Parameter containing:
tensor([[ 0.0675, -0.1984, -0.1019,  ..., -0.1618, -0.0094,  0.0712],
        [-0.2137, -0.0549,  0.1004,  ..., -0.0949,  0.0142,  0.0455],
        [ 0.1469, -0.0082, -0.1778,  ...,  0.1117, -0.0392,  0.1951],
        ...,
        [ 0.1266,  0.1102,  0.1087,  ...,  0.2836, -0.2329,  0.2490],
        [-0.0132, -0.1677,  0.0570,  ..., -0.0128,  0.2458, -0.1738],
        [-0.0109, -0.1510,  0.2142,  ...,  0.0071,  0.1727, -0.0555]],
       device='cuda:0', requires_grad=True)

Parameter name: linear_1.bias
Shape: torch.Size([32])
Values: Parameter containing:
tensor([ 0.1055,  0.1499, -0.0628, -0.0858,  0.0008, -0.0454, -0.0597, -0.0426,
         0.1257, -0.1710,  0.1303, -0.1160,  0.1744,  0.0871, -0.1207,  0.1299,
        -0.1387, -0.1749, -0.0544, -0.0020, -0.0050,  0.0828, -0.2136,  0.2162,
        -0.0450, -0.0041,  0.0726, -0.0277, -0.1370, -0.0738,  0.1256,  0.0455],
       device='cuda:0', requires_grad=True)

Parameter name: linear_2.weight
Shape: torch.Size([1, 32])
Values: Parameter containing:
tensor([[ 0.6365,  0.5605, -0.6536, -0.6355,  0.5203,  0.4996, -0.5621,  0.5403,
          0.5532, -0.5834, -0.5269,  0.5473,  0.5253,  0.5078,  0.5766,  0.5748,
         -0.6324, -0.6459, -0.5071,  0.5538, -0.5972, -0.5788, -0.6503,  0.4879,
          0.6210,  0.6465, -0.6325,  0.6424, -0.5642, -0.6337,  0.6226,  0.6489]],
       device='cuda:0', requires_grad=True)

Parameter name: linear_2.bias
Shape: torch.Size([1])
Values: Parameter containing:
tensor([0.3717], device='cuda:0', requires_grad=True)

Parameter name: road_linear_0.weight
Shape: torch.Size([32, 16])
Values: Parameter containing:
tensor([[-0.0321,  0.2626,  0.2247, -0.2547, -0.3915, -0.0801,  0.0073, -0.4831,
         -0.2711,  0.0315,  0.1753,  0.1724, -0.0035, -0.1526, -0.2504,  0.2736],
        [-0.2296, -0.2655, -0.0428, -0.0449,  0.1208,  0.1962,  0.1179,  0.2117,
          0.4754,  0.0693,  0.0665, -0.2510,  0.0478,  0.0232,  0.5185, -0.0088],
        [ 0.0645,  0.2012,  0.3177, -0.0820, -0.2366, -0.3254, -0.0393, -0.5198,
         -0.0145, -0.0172, -0.0279, -0.0575,  0.4218,  0.2971, -0.1407,  0.2298],
        [ 0.2365, -0.0224,  0.0111, -0.0211, -0.2067, -0.1205, -0.0779, -0.1368,
         -0.5074, -0.3159,  0.0257,  0.3425,  0.2207, -0.2057, -0.3555,  0.0557],
        [-0.0785,  0.1723, -0.1085, -0.0631,  0.3461,  0.0319, -0.0007,  0.4038,
          0.2467,  0.2306,  0.0776, -0.1599, -0.0150, -0.1783,  0.4783, -0.0830],
        [ 0.0139,  0.2044, -0.3097,  0.3684,  0.4685, -0.0788,  0.2165,  0.0125,
          0.3246,  0.1563, -0.1154, -0.0800, -0.1966,  0.1765,  0.5581, -0.0180],
        [ 0.3395,  0.0504,  0.3427, -0.1438, -0.1895, -0.1633, -0.1305, -0.2841,
         -0.3011,  0.0375,  0.0235,  0.0463, -0.1035,  0.1134, -0.4228,  0.0863],
        [-0.0902,  0.2293,  0.3023, -0.3226, -0.4312, -0.2688, -0.0594, -0.3078,
         -0.2213, -0.1749, -0.0290,  0.0180,  0.2358, -0.1381, -0.1929,  0.3167],
        [ 0.0289,  0.2578,  0.2536, -0.2268, -0.2043, -0.3247, -0.1496, -0.1851,
         -0.0317, -0.2707,  0.0517,  0.0696, -0.0564,  0.1340, -0.5192,  0.0532],
        [-0.2822, -0.0349, -0.0531, -0.0370,  0.2441,  0.1193,  0.0202,  0.3184,
          0.3662, -0.0491,  0.1179, -0.0171, -0.2461, -0.0434,  0.3690, -0.1458],
        [-0.3442,  0.1189, -0.0105, -0.0613,  0.1348,  0.3889,  0.2013,  0.2072,
          0.4470,  0.1999, -0.0336, -0.0048, -0.1815,  0.1410,  0.1886, -0.2731],
        [-0.1075, -0.0933,  0.0324,  0.0637,  0.3004,  0.0886,  0.3322,  0.2174,
          0.2211,  0.2964,  0.0682,  0.0641, -0.4038, -0.1913,  0.2133, -0.1519],
        [ 0.2993,  0.1469,  0.0843, -0.1148, -0.3127,  0.1024, -0.0249, -0.4198,
         -0.4372, -0.0219, -0.0938,  0.0177, -0.0964,  0.1065, -0.4679, -0.0607],
        [ 0.1877,  0.2753,  0.3157,  0.0160, -0.4228,  0.0133, -0.0061, -0.1163,
         -0.2680, -0.1173, -0.0891,  0.1015,  0.0969,  0.0036, -0.4862,  0.1876],
        [-0.3585, -0.2475, -0.0170, -0.0683,  0.5076,  0.3809,  0.0750,  0.1877,
          0.0305,  0.1404,  0.0046, -0.3102, -0.0801, -0.0812,  0.2160, -0.1180],
        [-0.2717, -0.1185,  0.0880,  0.2002,  0.2854,  0.1078,  0.0557,  0.1489,
          0.2666,  0.0492,  0.0211,  0.1480, -0.1014, -0.2010,  0.6879, -0.0083],
        [ 0.2819,  0.1546,  0.1368, -0.3077, -0.4670,  0.0234, -0.0327, -0.0225,
         -0.4416, -0.1146,  0.1763,  0.2713,  0.2822,  0.1852, -0.2358, -0.1078],
        [-0.2523,  0.1041, -0.1758,  0.0936,  0.2110,  0.2466,  0.2290,  0.2928,
          0.1595,  0.2206, -0.0797, -0.2092, -0.1119, -0.1250,  0.3377, -0.1103],
        [ 0.2039,  0.0388,  0.0809, -0.2351, -0.3537, -0.3307, -0.2357, -0.0490,
         -0.4882, -0.0388,  0.0545, -0.0826,  0.1679,  0.1807, -0.1393,  0.1194],
        [ 0.3507,  0.0685,  0.2046, -0.0557, -0.4756, -0.1938, -0.3222, -0.0529,
         -0.1293, -0.2144,  0.1245,  0.2492, -0.0630,  0.0542, -0.1812,  0.1318],
        [-0.1471,  0.1352,  0.0116, -0.1104,  0.3626, -0.0878,  0.2628,  0.3880,
          0.2104,  0.0173, -0.1052, -0.2441, -0.1556, -0.1483,  0.4979, -0.1982],
        [-0.0898, -0.2780, -0.0136,  0.3783,  0.1670,  0.1156,  0.2615,  0.0654,
          0.1392,  0.2386,  0.1742, -0.3092, -0.2376, -0.3559,  0.1140,  0.0795],
        [ 0.3537, -0.0348,  0.0091, -0.1444, -0.1297, -0.3741, -0.2759, -0.2916,
         -0.3187, -0.1205,  0.2217,  0.2197, -0.0811,  0.2758, -0.0445,  0.1798],
        [ 0.2033,  0.1005,  0.2639, -0.3104, -0.2716, -0.0956, -0.0996, -0.2710,
         -0.3794, -0.2403,  0.0227,  0.2952,  0.1943,  0.0326, -0.2341, -0.0601],
        [ 0.2081, -0.1731,  0.1325, -0.1057, -0.1007, -0.2193,  0.0746, -0.2427,
         -0.4582,  0.0972,  0.2044,  0.0136,  0.0322,  0.2148, -0.5080,  0.2935],
        [ 0.0162, -0.0205,  0.0320,  0.1146, -0.3323, -0.1749,  0.0088, -0.3818,
         -0.2013, -0.3082, -0.2439,  0.0899,  0.1662,  0.2859, -0.5456,  0.0359],
        [ 0.1956,  0.1093,  0.2382, -0.3167, -0.2906, -0.0681, -0.3275, -0.0784,
         -0.4284,  0.0548,  0.0746,  0.0797,  0.2165,  0.2265, -0.0297,  0.2446],
        [-0.3134,  0.0163,  0.0628,  0.1857,  0.4644, -0.0090,  0.3339,  0.2485,
          0.0296,  0.0594,  0.0681, -0.2793, -0.2110, -0.1625,  0.1660, -0.0648],
        [ 0.2713,  0.1033,  0.0753, -0.0970, -0.3933, -0.2476, -0.1088, -0.3809,
         -0.0496, -0.0572,  0.1341,  0.1200,  0.3254,  0.2715, -0.0991,  0.2133],
        [-0.2482,  0.0754, -0.2667,  0.2245,  0.0356,  0.1171,  0.3033,  0.3510,
          0.3996,  0.1908,  0.1193, -0.0752,  0.0621,  0.1003,  0.2771, -0.1828],
        [-0.2601, -0.1040,  0.0175, -0.0142,  0.3239,  0.3482,  0.3460,  0.0346,
          0.2844,  0.2684, -0.2651, -0.0029, -0.2958, -0.2197,  0.1441, -0.1913],
        [ 0.0179,  0.0637,  0.1759, -0.0007, -0.1271, -0.2610, -0.3439, -0.4242,
         -0.3608, -0.1924,  0.1265, -0.0418, -0.0807,  0.1462, -0.3950,  0.1193]],
       device='cuda:0', requires_grad=True)

Parameter name: road_linear_0.bias
Shape: torch.Size([32])
Values: Parameter containing:
tensor([-9.4864e-02, -1.6263e-03,  1.8041e-01, -1.2105e-01, -2.3818e-02,
         1.1329e-02,  8.1732e-02,  1.7426e-01, -2.5337e-02, -2.3461e-02,
         7.9261e-03,  6.5625e-02,  1.2556e-01,  8.7830e-02, -5.3251e-02,
        -4.6829e-02, -2.1442e-01, -1.2663e-02,  1.9401e-02,  3.8690e-03,
        -1.6818e-04, -1.3388e-01, -5.4489e-02, -5.0034e-02, -1.7052e-01,
         2.7906e-01,  1.1676e-01,  4.2325e-02, -7.5416e-02, -2.4327e-01,
         1.5275e-01, -2.8409e-02], device='cuda:0', requires_grad=True)

Parameter name: road_linear_1.weight
Shape: torch.Size([1, 32])
Values: Parameter containing:
tensor([[-0.3358,  0.4192, -0.3059, -0.3345,  0.4757,  0.4946, -0.3604, -0.4277,
         -0.4079,  0.4971,  0.3407,  0.4511, -0.3984, -0.4948,  0.3834,  0.4455,
         -0.3841,  0.3784, -0.2959, -0.3112,  0.5101,  0.4028, -0.4262, -0.4154,
         -0.5203, -0.4517, -0.3636,  0.4474, -0.3986,  0.4383,  0.3403, -0.3000]],
       device='cuda:0', requires_grad=True)

Parameter name: linear_0.weight
Shape: torch.Size([32, 39])
Values: Parameter containing:
tensor([[-0.0096,  0.0988,  0.0753,  ...,  0.1624, -0.3560, -0.1137],
        [-0.1051, -0.0485,  0.1157,  ...,  0.1334, -0.3658,  0.0871],
        [-0.0102, -0.0336,  0.0334,  ...,  0.0233,  0.3119,  0.0345],
        ...,
        [ 0.0120,  0.0212,  0.0523,  ...,  0.0714, -0.4036, -0.1180],
        [ 0.0856, -0.2148, -0.0508,  ..., -0.3073,  0.2131,  0.1557],
        [-0.1868,  0.1509,  0.0374,  ...,  0.0678, -0.3546, -0.0509]],
       device='cuda:0', requires_grad=True)

Parameter name: linear_0.bias
Shape: torch.Size([32])
Values: Parameter containing:
tensor([ 0.0465,  0.0401, -0.0696, -0.1356, -0.0737,  0.0497, -0.1102,  0.0502,
        -0.0412,  0.0786,  0.0246,  0.0117,  0.0242,  0.0758, -0.0505, -0.0207,
         0.0575, -0.1561, -0.0640,  0.0378, -0.0577,  0.0320,  0.1051,  0.0079,
        -0.0879,  0.0525,  0.0436, -0.1171,  0.0551,  0.1430,  0.1667, -0.1279],
       device='cuda:0', requires_grad=True)

Parameter name: linear_1.weight
Shape: torch.Size([32, 32])
Values: Parameter containing:
tensor([[ 0.0424, -0.1943, -0.0933,  ..., -0.1379,  0.0089,  0.0639],
        [-0.2332, -0.0502,  0.1218,  ..., -0.0644,  0.0189,  0.0374],
        [ 0.1583, -0.0133, -0.1860,  ...,  0.0812, -0.0342,  0.1952],
        ...,
        [ 0.1333,  0.0894,  0.1129,  ...,  0.2483, -0.2364,  0.2394],
        [-0.0258, -0.1656,  0.0713,  ...,  0.0252,  0.2400, -0.1802],
        [-0.0184, -0.1364,  0.2105,  ...,  0.0457,  0.1675, -0.0474]],
       device='cuda:0', requires_grad=True)

Parameter name: linear_1.bias
Shape: torch.Size([32])
Values: Parameter containing:
tensor([ 0.1096,  0.1640, -0.0662, -0.0849, -0.0030, -0.0434, -0.0602, -0.0401,
         0.1379, -0.1817,  0.1169, -0.1273,  0.1965,  0.1063, -0.1219,  0.1415,
        -0.1387, -0.1753,  0.0486, -0.0106, -0.0088,  0.0843, -0.2035,  0.2438,
        -0.0411, -0.0057,  0.0714, -0.0266, -0.1379, -0.0701,  0.1351,  0.0404],
       device='cuda:0', requires_grad=True)

Parameter name: linear_2.weight
Shape: torch.Size([1, 32])
Values: Parameter containing:
tensor([[ 0.6746,  0.6054, -0.6836, -0.6562,  0.5457,  0.5553, -0.5917,  0.5640,
          0.5705, -0.6241, -0.5696,  0.5631,  0.5588,  0.5501,  0.5950,  0.6121,
         -0.6585, -0.6695,  0.5204,  0.5750, -0.6291, -0.6100, -0.6711,  0.5109,
          0.6558,  0.6694, -0.6512,  0.6699, -0.5899, -0.6569,  0.6515,  0.6664]],
       device='cuda:0', requires_grad=True)

Parameter name: linear_2.bias
Shape: torch.Size([1])
Values: Parameter containing:
tensor([0.3890], device='cuda:0', requires_grad=True)

Parameter name: road_linear_0.weight
Shape: torch.Size([32, 16])
Values: Parameter containing:
tensor([[-5.2489e-01,  7.0929e-01, -1.7930e-01, -3.3107e-01,  2.7494e-01,
         -2.9899e-01,  5.9960e-01,  6.1370e-02,  2.7674e-01,  1.6166e-01,
          1.9095e-01, -2.5053e-01, -1.9359e-01,  6.2853e-02,  3.1033e-01,
         -1.3814e-01],
        [-3.7495e-01,  1.2508e-01, -2.1314e-01, -2.9715e-01,  1.6674e-01,
         -1.7115e-01,  3.4298e-01,  3.0834e-01,  5.3303e-01,  3.8107e-02,
          1.4067e-01, -3.9569e-01,  1.2276e-01,  3.3431e-01,  5.0985e-01,
         -1.9236e-01],
        [-3.6296e-01,  4.2135e-01, -5.9896e-02, -6.9786e-02,  4.1545e-01,
         -3.6157e-01,  5.1445e-01,  7.4134e-02,  5.0841e-01,  1.1970e-01,
          3.2675e-02, -5.3608e-01,  1.3656e-01,  3.4450e-01,  4.5023e-01,
         -1.7462e-01],
        [ 3.9583e-01, -3.8817e-01,  1.7670e-01,  1.8721e-01, -1.8293e-01,
          1.6123e-01, -3.3331e-01, -1.9651e-01, -4.9971e-01, -2.9652e-01,
         -2.9430e-02,  4.4111e-01,  1.3422e-01, -4.2477e-01, -2.8711e-01,
          2.6419e-01],
        [-2.3943e-01,  5.3887e-01, -2.6982e-01, -3.1663e-01,  2.8812e-01,
         -2.9526e-01,  1.9010e-01,  4.1159e-01,  2.2315e-01,  1.9303e-01,
          1.8678e-01, -2.4730e-01,  1.0379e-01,  1.0241e-01,  3.8248e-01,
         -2.6954e-01],
        [-1.3585e-01,  5.6671e-01, -4.4809e-01,  7.3730e-02,  4.2594e-01,
         -4.1853e-01,  3.9155e-01,  3.4065e-02,  3.0505e-01,  2.4951e-02,
         -1.4735e-01, -1.6198e-01, -1.9934e-01,  4.7129e-01,  4.2043e-01,
         -1.8460e-01],
        [ 4.1905e-01, -2.9558e-01,  5.2452e-01,  1.8324e-01, -2.1629e-01,
          2.6700e-01, -3.7939e-01, -3.5348e-01, -3.5272e-01,  2.1415e-01,
         -4.8324e-02,  1.5368e-01, -6.2115e-02, -1.7971e-01, -3.1729e-01,
          2.9131e-01],
        [ 5.6986e-02, -1.2805e-01,  4.5920e-01, -2.0129e-02, -4.9727e-01,
          1.0866e-01, -2.5502e-01, -3.8673e-01, -2.9466e-01, -2.5304e-02,
         -8.2724e-02,  1.4539e-01,  2.7728e-01, -4.3344e-01, -1.9470e-01,
          4.7956e-01],
        [ 1.9588e-01, -2.2988e-01,  4.7213e-01,  1.1291e-01, -3.2988e-01,
          1.7866e-01, -4.3911e-01, -3.3264e-01, -1.8104e-01, -2.1679e-01,
         -2.0145e-01,  2.4953e-01, -1.3403e-01, -3.0929e-01, -5.7158e-01,
          2.6229e-01],
        [-4.7025e-01,  3.6262e-01, -2.3033e-01, -2.5197e-01,  2.1618e-01,
         -1.9200e-01,  2.2512e-01,  3.4392e-01,  3.6869e-01,  1.2611e-02,
          1.1071e-01, -1.1015e-01, -1.8978e-02,  2.4768e-01,  2.9684e-01,
         -3.4947e-01],
        [-5.7929e-01,  6.1163e-01, -2.0828e-01, -3.4225e-01,  5.8833e-02,
          1.7486e-02,  4.4622e-01,  1.9859e-01,  4.2977e-01,  2.1068e-01,
          5.4653e-02, -7.7343e-02, -1.2765e-02,  4.8340e-01,  4.5222e-02,
         -5.1912e-01],
        [-3.2932e-01,  2.9654e-01, -1.6219e-01, -1.4348e-01,  3.2345e-01,
         -2.0833e-01,  5.4056e-01,  2.6552e-01,  2.7585e-01,  3.7501e-01,
          1.6510e-01, -4.6641e-02, -1.7194e-01,  7.9557e-02,  2.3742e-01,
         -3.6068e-01],
        [ 4.7203e-01, -2.9389e-01,  2.8263e-01,  1.8890e-01, -2.5162e-01,
          5.0628e-01, -2.6201e-01, -4.3083e-01, -4.1457e-01,  6.8424e-02,
         -1.3719e-01,  1.4252e-01, -9.8313e-02, -2.6452e-01, -3.1038e-01,
          1.6452e-01],
        [ 3.3994e-01, -8.5159e-02,  4.6881e-01,  2.5142e-01, -4.3291e-01,
          3.3910e-01, -1.9148e-01, -1.6385e-01, -2.9038e-01, -6.0724e-02,
         -1.5211e-01,  1.8936e-01,  2.2288e-02, -2.5604e-01, -4.3452e-01,
          3.5533e-01],
        [-5.4698e-01,  2.2811e-01, -2.0231e-01, -3.5257e-01,  5.3495e-01,
         -3.1340e-02,  3.1078e-01,  2.5503e-01,  8.7496e-02,  8.8595e-02,
          9.2869e-02, -4.2434e-01,  4.3476e-04,  2.9719e-01,  1.6647e-01,
         -3.1827e-01],
        [ 9.6563e-02, -3.9177e-01,  3.4567e-01,  2.9380e-01, -4.2398e-01,
          2.6466e-01, -3.2242e-01, -3.8932e-01, -2.8605e-01,  1.1785e-02,
          6.4238e-02,  5.2422e-01, -5.2283e-02, -2.7434e-01, -3.0525e-02,
          2.2626e-01],
        [ 4.5262e-01, -1.8355e-01,  3.5013e-01, -6.0621e-02, -6.2196e-01,
          3.5497e-01, -3.2606e-01, -2.1931e-01, -5.7510e-01, -9.0959e-02,
          1.9524e-01,  4.8688e-01,  2.6957e-01, -1.0908e-01, -3.7724e-01,
          1.2694e-01],
        [-3.2799e-01,  3.8341e-01, -3.2767e-01, -1.5410e-01,  2.9564e-01,
         -7.3766e-02,  4.5331e-01,  3.9766e-01,  2.2560e-01,  8.2897e-02,
          4.9980e-03, -3.3976e-01, -1.7099e-01,  8.8626e-02,  3.0493e-01,
         -2.8455e-01],
        [-2.4885e-01,  3.2364e-01, -2.9408e-01, -2.4870e-01,  2.6796e-01,
         -4.1468e-01,  2.5877e-01,  4.9403e-01,  4.6616e-02,  9.2709e-02,
          2.0717e-02, -5.3464e-01, -7.8675e-03,  3.1112e-01,  4.1403e-01,
         -2.4489e-01],
        [ 5.5512e-01, -4.1553e-01,  4.0013e-01,  2.2343e-01, -4.2480e-01,
          1.8217e-01, -5.6256e-01, -5.4643e-02, -1.1488e-01, -1.6109e-01,
         -1.0151e-01,  3.1105e-01, -1.3763e-01, -2.7450e-01, -4.0943e-02,
          3.7126e-01],
        [-2.4772e-01,  3.5242e-01, -1.1156e-01, -2.8289e-01,  3.8251e-01,
         -3.0013e-01,  4.1599e-01,  4.5118e-01,  2.4998e-01, -4.1012e-02,
         -1.5846e-01, -3.5363e-01, -7.7067e-02, -9.3534e-04,  4.4612e-01,
         -3.1891e-01],
        [ 3.6825e-01, -3.6368e-01,  2.5889e-01,  3.1410e-01, -2.9533e-01,
          1.1112e-01, -3.3337e-02, -2.9812e-01, -3.3211e-01, -9.6494e-02,
          2.4044e-01,  1.4116e-01,  1.9683e-02, -3.3810e-01, -6.0142e-01,
          2.9308e-01],
        [ 4.9718e-01, -4.6937e-01,  1.7876e-01,  1.7701e-01, -1.6402e-01,
          4.8734e-02, -4.8859e-01, -3.5358e-01, -3.5668e-01, -1.7231e-02,
          4.8115e-02,  3.1924e-01, -1.0237e-01, -9.7643e-02,  2.9651e-02,
          3.8116e-01],
        [ 2.9953e-01, -1.6641e-01,  4.3611e-01, -1.0928e-01, -4.5262e-01,
          1.6164e-01, -3.5925e-01, -4.5263e-01, -4.9476e-01, -1.7137e-01,
         -9.6064e-02,  4.9017e-01,  2.6239e-01, -1.3625e-01, -3.0676e-01,
          1.3993e-01],
        [ 3.7380e-01, -6.4446e-01,  3.0701e-01,  1.9618e-01, -1.1186e-01,
          1.9530e-01, -1.6608e-01, -3.0993e-01, -4.9057e-01,  1.1861e-01,
          2.0388e-01,  1.2352e-01, -1.0867e-01, -2.0834e-01, -4.3480e-01,
          4.9609e-01],
        [ 1.6130e-01, -4.0781e-01,  1.8231e-01,  3.8732e-01, -3.7273e-01,
          1.8969e-01, -1.8048e-01, -4.5484e-01, -2.6007e-01, -2.1749e-01,
         -2.9026e-01,  2.1783e-01,  1.4068e-01, -2.3957e-02, -4.9578e-01,
          1.8677e-01],
        [ 3.9078e-01, -2.9541e-01,  4.3709e-01, -5.1417e-02, -3.1935e-01,
          2.9624e-01, -5.5816e-01, -1.2874e-01, -4.7808e-01,  1.0163e-01,
         -7.4369e-04,  1.8577e-01,  1.6792e-01, -6.4173e-02,  7.0557e-03,
          4.6531e-01],
        [-5.2418e-01,  4.0619e-01, -1.2615e-01, -2.8080e-02,  4.3854e-01,
         -3.0808e-01,  5.2903e-01,  2.6721e-01,  4.9985e-02,  1.1645e-01,
          1.4393e-01, -3.7092e-01,  1.2521e-02,  1.0790e-01,  1.4376e-01,
         -2.7079e-01],
        [ 4.6580e-01, -2.9901e-01,  2.6151e-01,  1.1943e-01, -4.7082e-01,
          5.1151e-02, -3.2674e-01, -4.8137e-01, -1.3885e-01, -6.5768e-02,
          3.9531e-02,  2.6053e-01,  2.2457e-01, -1.2807e-02, -1.4229e-01,
          4.0543e-01],
        [-3.6664e-01,  4.2737e-01, -4.1013e-01, -6.8021e-02,  2.5616e-02,
         -2.4094e-01,  4.8588e-01,  3.7204e-01,  3.9744e-01,  4.5161e-02,
          2.3446e-01, -1.4581e-01,  3.2974e-02,  3.5326e-01,  1.2059e-01,
         -3.6046e-01],
        [-4.7047e-01,  3.5883e-01, -1.8226e-01, -2.8374e-01,  3.6125e-01,
         -3.5670e-02,  5.9586e-01,  1.0590e-01,  3.3908e-01,  2.5352e-01,
         -1.7359e-01, -1.2013e-01, -2.1114e-01,  1.5139e-01,  1.3636e-01,
         -4.1556e-01],
        [ 1.3068e-01, -2.8031e-01,  3.5782e-01,  2.8346e-01, -1.6936e-01,
          9.5718e-02, -6.1557e-01, -5.2672e-01, -4.2035e-01, -8.3567e-02,
         -6.6186e-03,  1.2211e-01, -4.4627e-02, -1.2397e-01, -3.6073e-01,
          3.2107e-01]], device='cuda:0', requires_grad=True)

Parameter name: road_linear_0.bias
Shape: torch.Size([32])
Values: Parameter containing:
tensor([-0.2399,  0.0757,  0.1765, -0.0865, -0.0010, -0.1015,  0.0637,  0.1066,
        -0.2142, -0.0752,  0.0278,  0.0566,  0.1142,  0.0875,  0.0100,  0.0873,
        -0.1165,  0.0663, -0.0421, -0.0952, -0.0387, -0.0013, -0.1292, -0.1309,
        -0.1257,  0.1852,  0.1146,  0.0426, -0.0785, -0.1271,  0.1396, -0.1651],
       device='cuda:0', requires_grad=True)

Parameter name: road_linear_1.weight
Shape: torch.Size([1, 32])
Values: Parameter containing:
tensor([[ 0.5343,  0.5622,  0.4913, -0.5192,  0.6195,  0.6561, -0.5091, -0.6256,
         -0.5670,  0.6672,  0.5442,  0.6775, -0.5656, -0.6296,  0.5593, -0.5476,
         -0.5405,  0.5758,  0.4994, -0.5153,  0.6190, -0.4352, -0.6277, -0.5975,
         -0.5732, -0.6437, -0.5381,  0.6286, -0.6170,  0.6252,  0.5641, -0.4802]],
       device='cuda:0', requires_grad=True)

Parameter name: linear_0.weight
Shape: torch.Size([32, 39])
Values: Parameter containing:
tensor([[ 0.2387,  0.1678, -0.0120,  ...,  0.0829, -0.1050, -0.1137],
        [-0.1300, -0.2115,  0.1753,  ..., -0.0079, -0.3819,  0.0871],
        [-0.0295,  0.1301,  0.0859,  ...,  0.1344,  0.1774,  0.0345],
        ...,
        [-0.0288, -0.1715,  0.0645,  ..., -0.1253, -0.2016, -0.1180],
        [ 0.0096, -0.1037, -0.0170,  ..., -0.1624,  0.0418,  0.1557],
        [-0.0920,  0.1326, -0.0242,  ..., -0.0619,  0.0423, -0.0509]],
       device='cuda:0', requires_grad=True)

Parameter name: linear_0.bias
Shape: torch.Size([32])
Values: Parameter containing:
tensor([ 0.0538,  0.0647, -0.1577, -0.0562, -0.0551,  0.0366, -0.1280,  0.1086,
        -0.0572,  0.1538,  0.0220, -0.0492, -0.0490,  0.0598, -0.0735, -0.0427,
         0.1034, -0.1379, -0.0454,  0.0465, -0.0813,  0.1331,  0.0990, -0.0573,
        -0.0050,  0.1167,  0.0186, -0.1340,  0.0835,  0.1814,  0.0931, -0.1371],
       device='cuda:0', requires_grad=True)

Parameter name: linear_1.weight
Shape: torch.Size([32, 32])
Values: Parameter containing:
tensor([[ 0.2018, -0.1897, -0.1071,  ..., -0.0554, -0.1174,  0.1665],
        [ 0.0199,  0.0024,  0.1447,  ..., -0.0349, -0.0386,  0.2458],
        [-0.0694, -0.0922, -0.1825,  ...,  0.0210,  0.0432,  0.0054],
        ...,
        [-0.0471,  0.0330,  0.0795,  ...,  0.1923, -0.1491,  0.1334],
        [ 0.2026, -0.1041,  0.0862,  ...,  0.0619,  0.1866,  0.0197],
        [ 0.1869, -0.0596,  0.2479,  ...,  0.0825,  0.1032,  0.1074]],
       device='cuda:0', requires_grad=True)

Parameter name: linear_1.bias
Shape: torch.Size([32])
Values: Parameter containing:
tensor([ 0.0577,  0.0237,  0.0602,  0.0221, -0.0773, -0.1295,  0.0608, -0.1821,
         0.0254, -0.0630,  0.2330, -0.1844,  0.0776,  0.1023, -0.2214, -0.0194,
        -0.0532, -0.1135, -0.0668, -0.1099,  0.0998,  0.1999, -0.1056,  0.2090,
        -0.1490, -0.0628,  0.1431, -0.1459, -0.0463, -0.0033, -0.0007, -0.0608],
       device='cuda:0', requires_grad=True)

Parameter name: linear_2.weight
Shape: torch.Size([1, 32])
Values: Parameter containing:
tensor([[ 0.3353,  0.2468, -0.3467, -0.3044,  0.2086,  0.2028, -0.2378,  0.2695,
          0.2421, -0.2461, -0.2288,  0.2251,  0.2323, -0.2036,  0.2704,  0.2197,
         -0.3264, -0.3356,  0.1947,  0.2271, -0.2910, -0.2713, -0.3414, -0.1593,
          0.3060,  0.3363, -0.3193,  0.3203, -0.2438, -0.3174,  0.3162,  0.3138]],
       device='cuda:0', requires_grad=True)

Parameter name: linear_2.bias
Shape: torch.Size([1])
Values: Parameter containing:
tensor([-0.1465], device='cuda:0', requires_grad=True)

