Parameter name: road_linear_0.weight
Shape: torch.Size([32, 16])
Values: Parameter containing:
tensor([[-0.2477,  0.4588,  0.1117, -0.0892,  0.3198,  0.1460,  0.3304,  0.1257,
          0.3489,  0.1583,  0.1488, -0.2895, -0.3456, -0.2420,  0.3893,  0.1474],
        [-0.0985, -0.1505,  0.0606, -0.1253,  0.0900,  0.2031,  0.0569,  0.2938,
          0.6115, -0.0336,  0.2529, -0.3819,  0.0797,  0.1153,  0.6159,  0.0706],
        [ 0.0565, -0.1678,  0.2865, -0.0649, -0.2844, -0.2957, -0.1147, -0.5889,
         -0.1722, -0.0033,  0.0476,  0.1089,  0.5377,  0.2296, -0.1012,  0.2030],
        [ 0.0599, -0.1378, -0.1254,  0.0804, -0.1063, -0.1192, -0.0096, -0.1957,
         -0.5888, -0.2004, -0.1669,  0.4290,  0.1865, -0.3352, -0.3727, -0.0420],
        [ 0.0674,  0.3045,  0.0099, -0.1526,  0.2539,  0.0249, -0.0405,  0.4528,
          0.3317,  0.1191,  0.2802, -0.2476,  0.0242, -0.0649,  0.4614, -0.0034],
        [-0.0036,  0.4782, -0.2731,  0.3431,  0.5095, -0.0611,  0.3269,  0.1211,
          0.3905,  0.1510, -0.2403, -0.2200, -0.3220,  0.2100,  0.4759, -0.0285],
        [ 0.2011, -0.0518,  0.2260, -0.0551, -0.1751, -0.1410, -0.1031, -0.3684,
         -0.4462,  0.1433, -0.0743,  0.1687, -0.0848,  0.0365, -0.4580, -0.0048],
        [-0.2197,  0.0545,  0.1824, -0.2269, -0.4731, -0.2250, -0.0227, -0.4075,
         -0.3895, -0.0563, -0.1072,  0.1548,  0.2552, -0.2691, -0.2587,  0.2025],
        [-0.1138,  0.0589,  0.1448, -0.1337, -0.2270, -0.2853, -0.0710, -0.2704,
         -0.2187, -0.1526, -0.2474,  0.2195, -0.1202,  0.0085, -0.5955, -0.0482],
        [-0.1381,  0.1084,  0.0637, -0.1284,  0.1899,  0.1068, -0.0382,  0.3906,
          0.5024, -0.1624,  0.2914, -0.1318, -0.2007,  0.0730,  0.4102, -0.0559],
        [-0.2277,  0.4209,  0.0882, -0.1363,  0.1272,  0.3503,  0.1998,  0.2779,
          0.5645,  0.1195,  0.0828, -0.1335, -0.2200,  0.2629,  0.1683, -0.2070],
        [ 0.0399,  0.1077,  0.1532, -0.0406,  0.3176,  0.0438,  0.2597,  0.3028,
          0.3943,  0.1787,  0.3410, -0.0728, -0.3753, -0.0645,  0.2841, -0.0470],
        [ 0.2108, -0.0627,  0.0162, -0.0774, -0.2467,  0.0529, -0.0578, -0.4833,
         -0.5357,  0.0220, -0.0712,  0.1643, -0.0482,  0.0380, -0.4200, -0.0812],
        [ 0.0379,  0.1751,  0.1889,  0.1184, -0.4129,  0.0309,  0.0615, -0.2117,
         -0.4512,  0.0091, -0.2715,  0.2210,  0.0453, -0.1107, -0.5725,  0.0783],
        [-0.2112, -0.0829,  0.1004, -0.1632,  0.5056,  0.3487, -0.0103,  0.2715,
          0.2043,  0.0169,  0.1702, -0.4463, -0.0209,  0.0516,  0.2761, -0.0099],
        [-0.1501, -0.3610,  0.0852,  0.1425, -0.4626, -0.0052, -0.1805, -0.4663,
         -0.3740,  0.0496, -0.0237,  0.5486,  0.1589, -0.1521, -0.1006,  0.0107],
        [ 0.0953,  0.0842, -0.0102, -0.1906, -0.4229,  0.0345,  0.0442, -0.1107,
         -0.5353,  0.0100,  0.0757,  0.3732,  0.2621,  0.0573, -0.3183, -0.2252],
        [-0.1491,  0.2353, -0.0798,  0.0195,  0.2427,  0.2161,  0.2457,  0.3854,
          0.2377,  0.1441, -0.0378, -0.3275, -0.1679, -0.0484,  0.3833, -0.0329],
        [ 0.1634, -0.2605,  0.0216, -0.1999, -0.3787, -0.3139, -0.3070, -0.1319,
         -0.5806, -0.0205,  0.0953,  0.0691,  0.3128,  0.1296, -0.1359,  0.0953],
        [ 0.3251, -0.2633,  0.1512, -0.0094, -0.5165, -0.1719, -0.3961, -0.1442,
         -0.2227, -0.1872,  0.0292,  0.4026,  0.0533,  0.0053, -0.1731,  0.1150],
        [-0.0460,  0.2628,  0.1121, -0.1882,  0.3528, -0.0826,  0.2662,  0.4813,
          0.2851, -0.0670, -0.0642, -0.3331, -0.1598, -0.0524,  0.4658, -0.1229],
        [ 0.0155,  0.0122,  0.0692,  0.3052,  0.2264,  0.0717,  0.2210,  0.1400,
          0.2899,  0.1504,  0.3128, -0.4633, -0.2441, -0.2500,  0.1639,  0.1508],
        [ 0.3055, -0.3106, -0.0677, -0.0760, -0.1748, -0.3256, -0.3209, -0.3830,
         -0.4273, -0.0636,  0.2204,  0.3579,  0.0177,  0.2018, -0.0580,  0.1280],
        [ 0.0212,  0.0534,  0.1214, -0.1995, -0.2631, -0.0755, -0.0384, -0.3661,
         -0.4575, -0.1189, -0.1581,  0.3932,  0.1767, -0.1045, -0.3294, -0.1823],
        [ 0.0420, -0.3675, -0.0063,  0.0039, -0.0365, -0.1805,  0.1344, -0.2954,
         -0.5850,  0.2254,  0.1309,  0.1002, -0.0141,  0.0661, -0.4869,  0.1842],
        [-0.1205, -0.1512, -0.0930,  0.2102, -0.2851, -0.1565,  0.0531, -0.4529,
         -0.3373, -0.1834, -0.3396,  0.1656,  0.1217,  0.1515, -0.5309, -0.0685],
        [ 0.2645, -0.1639,  0.2253, -0.2899, -0.3604, -0.0554, -0.4712, -0.1900,
         -0.5478,  0.0398,  0.1589,  0.2345,  0.3726,  0.2437, -0.0656,  0.2582],
        [-0.1834,  0.2474,  0.1775,  0.0935,  0.4716, -0.0382,  0.3010,  0.3255,
          0.1458, -0.0438,  0.2849, -0.4065, -0.2187, -0.0521,  0.1867,  0.0174],
        [ 0.1396, -0.1192, -0.0343, -0.0049, -0.4233, -0.2062, -0.0593, -0.4706,
         -0.1820,  0.0410, -0.0447,  0.2556,  0.3440,  0.1344, -0.1461,  0.1138],
        [-0.2574,  0.3257, -0.2237,  0.1933,  0.1081,  0.1003,  0.4065,  0.4653,
          0.5147,  0.1699,  0.1092, -0.2242, -0.0569,  0.1286,  0.2705, -0.1732],
        [-0.1958,  0.1770,  0.0939, -0.0832,  0.3630,  0.3107,  0.3732,  0.1227,
          0.4035,  0.2126, -0.2717, -0.1474, -0.4035, -0.1370,  0.1731, -0.1330],
        [-0.1224, -0.0716,  0.0722,  0.0726, -0.0838, -0.2386, -0.3116, -0.4893,
         -0.4676, -0.1063,  0.0224,  0.0847, -0.0642,  0.0674, -0.4407,  0.0375]],
       device='cuda:0', requires_grad=True)

Parameter name: road_linear_0.bias
Shape: torch.Size([32])
Values: Parameter containing:
tensor([-0.0842,  0.1394,  0.1355, -0.1730,  0.1213, -0.1149,  0.0187,  0.1232,
        -0.1092,  0.1073, -0.0135,  0.1111,  0.0342, -0.0619,  0.1144,  0.0051,
        -0.1520, -0.0230,  0.1385,  0.0900,  0.0474, -0.0765,  0.0455, -0.0660,
        -0.1743,  0.0223,  0.2100,  0.0620, -0.0608, -0.2233, -0.0158, -0.0451],
       device='cuda:0', requires_grad=True)

Parameter name: road_linear_1.weight
Shape: torch.Size([1, 32])
Values: Parameter containing:
tensor([[ 0.3996,  0.5660, -0.3211, -0.4569,  0.5331,  0.5043, -0.4410, -0.5197,
         -0.4523,  0.5894,  0.3814,  0.5435, -0.4473, -0.6196,  0.4777, -0.4684,
         -0.4640,  0.4642, -0.3023, -0.3461,  0.6083,  0.3876, -0.4494, -0.5410,
         -0.5005, -0.5668, -0.4055,  0.5240, -0.4685,  0.5209,  0.3555, -0.3796]],
       device='cuda:0', requires_grad=True)

Parameter name: linear_0.weight
Shape: torch.Size([32, 39])
Values: Parameter containing:
tensor([[-0.0319,  0.1084,  0.0627,  ...,  0.1630, -0.3007, -0.1137],
        [-0.1414, -0.0291,  0.1373,  ...,  0.0560, -0.3285,  0.0871],
        [ 0.0299, -0.0469,  0.0256,  ...,  0.0635,  0.2742,  0.0345],
        ...,
        [ 0.1419, -0.1669, -0.0360,  ..., -0.1753,  0.0461, -0.1180],
        [ 0.1191, -0.2252, -0.0753,  ..., -0.2285,  0.1634,  0.1557],
        [-0.2176,  0.1753,  0.0723,  ...,  0.0692, -0.2838, -0.0509]],
       device='cuda:0', requires_grad=True)

Parameter name: linear_0.bias
Shape: torch.Size([32])
Values: Parameter containing:
tensor([ 0.0762,  0.0316, -0.0658, -0.1410, -0.0818,  0.0454, -0.0896,  0.0687,
        -0.0374,  0.0497,  0.0428,  0.0196, -0.0238,  0.1009, -0.0291, -0.0136,
         0.0481, -0.1629, -0.0090,  0.0841, -0.0869,  0.0092,  0.1164,  0.0385,
        -0.1081,  0.1093,  0.0551, -0.1377,  0.0423,  0.1912,  0.1813, -0.1079],
       device='cuda:0', requires_grad=True)

Parameter name: linear_1.weight
Shape: torch.Size([32, 32])
Values: Parameter containing:
tensor([[ 0.0886, -0.2045, -0.0366,  ...,  0.0970, -0.0094,  0.0577],
        [-0.1937, -0.0502,  0.1683,  ...,  0.1943,  0.0065,  0.0320],
        [ 0.1228, -0.0283, -0.2255,  ..., -0.1815, -0.0204,  0.2001],
        ...,
        [ 0.1269,  0.0869,  0.0489,  ...,  0.0411, -0.2177,  0.2942],
        [ 0.0298, -0.1954,  0.0966,  ...,  0.3049,  0.2520, -0.1542],
        [ 0.0125, -0.1285,  0.2618,  ...,  0.2651,  0.1505, -0.0656]],
       device='cuda:0', requires_grad=True)

Parameter name: linear_1.bias
Shape: torch.Size([32])
Values: Parameter containing:
tensor([ 0.1409,  0.1839, -0.0699, -0.1449,  0.0365, -0.0099, -0.0939,  0.0341,
         0.1940, -0.1777,  0.1476, -0.1825,  0.2269,  0.0711, -0.0844,  0.1900,
        -0.0490, -0.1880,  0.0656,  0.0586, -0.0691,  0.0652, -0.2365,  0.2230,
         0.0051, -0.0888,  0.0821,  0.0146, -0.1873, -0.0858,  0.1787,  0.0514],
       device='cuda:0', requires_grad=True)

Parameter name: linear_2.weight
Shape: torch.Size([1, 32])
Values: Parameter containing:
tensor([[ 0.8045,  0.7304, -0.7882, -0.7706,  0.6352,  0.6522, -0.7039,  0.6252,
          0.6908, -0.7525, -0.6651,  0.6778,  0.6724,  0.6781,  0.6975,  0.6722,
         -0.7912, -0.8120,  0.6644,  0.6570, -0.7181, -0.7132, -0.8154,  0.6706,
          0.7570,  0.7990, -0.7863,  0.7678, -0.7091, -0.8061,  0.7213,  0.7900]],
       device='cuda:0', requires_grad=True)

Parameter name: linear_2.bias
Shape: torch.Size([1])
Values: Parameter containing:
tensor([0.5497], device='cuda:0', requires_grad=True)

