Parameter name: road_linear_0.weight
Shape: torch.Size([32, 16])
Values: Parameter containing:
tensor([[-0.3593,  0.5489,  0.0111, -0.0238,  0.3829,  0.2504,  0.4790,  0.1646,
          0.3335,  0.2084,  0.0841, -0.3204, -0.4685, -0.3042,  0.3293,  0.0711],
        [-0.0976, -0.1579,  0.0821, -0.1451,  0.1490,  0.2221,  0.0258,  0.3816,
          0.7499, -0.0603,  0.3000, -0.4805,  0.0731,  0.1376,  0.7411,  0.0888],
        [ 0.2493, -0.3221,  0.4586, -0.1823, -0.4332, -0.4414, -0.3701, -0.6556,
         -0.1716, -0.1070,  0.1748,  0.1816,  0.7698,  0.3632, -0.0736,  0.3501],
        [ 0.0376, -0.1010, -0.1619,  0.1120, -0.1410, -0.1253,  0.0378, -0.2747,
         -0.7301, -0.1576, -0.2296,  0.5088,  0.1687, -0.3732, -0.4926, -0.0738],
        [ 0.0981,  0.2532,  0.0493, -0.1849,  0.2773,  0.0310, -0.0908,  0.5221,
          0.4705,  0.0712,  0.3467, -0.3089,  0.0507, -0.0219,  0.5698,  0.0316],
        [-0.1801,  0.6100, -0.4411,  0.4605,  0.6207,  0.0699,  0.5586,  0.1715,
          0.3714,  0.2451, -0.3508, -0.2606, -0.5087,  0.0911,  0.4081, -0.1645],
        [ 0.1707, -0.0080,  0.1832, -0.0175, -0.1894, -0.1335, -0.0552, -0.4273,
         -0.5687,  0.1910, -0.1421,  0.2207, -0.1124, -0.0084, -0.5408, -0.0407],
        [-0.2319,  0.0752,  0.1488, -0.1941, -0.4781, -0.2117,  0.0116, -0.4574,
         -0.4790, -0.0208, -0.1562,  0.2066,  0.2418, -0.3014, -0.3243,  0.1780],
        [-0.1413,  0.0928,  0.1001, -0.0944, -0.2674, -0.2824, -0.0168, -0.3555,
         -0.3658, -0.1048, -0.3176,  0.3079, -0.1399, -0.0357, -0.7181, -0.0857],
        [-0.1221,  0.0811,  0.0957, -0.1565,  0.2282,  0.1151, -0.0794,  0.4696,
          0.6399, -0.2004,  0.3470, -0.2126, -0.1907,  0.1059,  0.5269, -0.0285],
        [-0.2886,  0.4743,  0.0606, -0.1254,  0.1399,  0.3846,  0.2538,  0.3120,
          0.5769,  0.1336,  0.0624, -0.1797, -0.2863,  0.2423,  0.1707, -0.2371],
        [ 0.0602,  0.0784,  0.1925, -0.0770,  0.3316,  0.0363,  0.2148,  0.3678,
          0.5097,  0.1350,  0.3987, -0.1376, -0.3592, -0.0257,  0.3752, -0.0168],
        [ 0.1730, -0.0045, -0.0280, -0.0407, -0.2616,  0.0539, -0.0047, -0.5435,
         -0.6686,  0.0740, -0.1445,  0.2109, -0.0831, -0.0107, -0.5107, -0.1208],
        [ 0.0220,  0.2007,  0.1559,  0.1473, -0.4597,  0.0198,  0.1036, -0.2967,
         -0.5940,  0.0468, -0.3297,  0.3113,  0.0366, -0.1445, -0.6968,  0.0504],
        [-0.1832, -0.1236,  0.1425, -0.1993,  0.5307,  0.3433, -0.0623,  0.3432,
          0.3379, -0.0297,  0.2365, -0.5169,  0.0036,  0.0941,  0.3840,  0.0255],
        [-0.1671, -0.3177,  0.0598,  0.1657, -0.4482, -0.0034, -0.1514, -0.5013,
         -0.4516,  0.0854, -0.0722,  0.5723,  0.1379, -0.1823, -0.1393, -0.0107],
        [ 0.0642,  0.1242, -0.0588, -0.1474, -0.4527,  0.0418,  0.1022, -0.1926,
         -0.6894,  0.0613,  0.0015,  0.4564,  0.2353,  0.0093, -0.4380, -0.2654],
        [-0.2711,  0.3386, -0.1765,  0.0805,  0.2952,  0.2980,  0.3934,  0.4137,
          0.2104,  0.2007, -0.1102, -0.3634, -0.2961, -0.1180,  0.3322, -0.1129],
        [ 0.3592, -0.4232,  0.1839, -0.3067, -0.5186, -0.4467, -0.5511, -0.2043,
         -0.5784, -0.1238,  0.2218,  0.1508,  0.5482,  0.2628, -0.1170,  0.2406],
        [ 0.4968, -0.3894,  0.3113, -0.1219, -0.6835, -0.3163, -0.6327, -0.2253,
         -0.2514, -0.2710,  0.1325,  0.4717,  0.2493,  0.1155, -0.1591,  0.2464],
        [-0.0292,  0.2203,  0.1348, -0.2093,  0.3323, -0.0862,  0.2414,  0.5053,
          0.3432, -0.1003, -0.0189, -0.3398, -0.1338, -0.0224,  0.4778, -0.1024],
        [-0.0175,  0.0417,  0.0662,  0.2973,  0.2725,  0.1118,  0.2456,  0.2057,
          0.3578,  0.1413,  0.3227, -0.5318, -0.2947, -0.2453,  0.2168,  0.1431],
        [ 0.4829, -0.4515,  0.0869, -0.1815, -0.3181, -0.4568, -0.5531, -0.4480,
         -0.4335, -0.1541,  0.3339,  0.4258,  0.2248,  0.3192, -0.0354,  0.2607],
        [-0.0149,  0.1035,  0.0735, -0.1582, -0.2815, -0.0652,  0.0213, -0.4364,
         -0.5983, -0.0658, -0.2332,  0.4591,  0.1425, -0.1536, -0.4370, -0.2238],
        [ 0.0116, -0.3241, -0.0511,  0.0432, -0.0593, -0.1759,  0.1883, -0.3680,
         -0.7297,  0.2742,  0.0606,  0.1695, -0.0419,  0.0204, -0.5956,  0.1461],
        [-0.1557, -0.0948, -0.1356,  0.2440, -0.3004, -0.1566,  0.1072, -0.5118,
         -0.4716, -0.1330, -0.4080,  0.2112,  0.0873,  0.1056, -0.6334, -0.1058],
        [ 0.4666, -0.3048,  0.4260, -0.4351, -0.5633, -0.2338, -0.7545, -0.3049,
         -0.6080, -0.0712,  0.2846,  0.3336,  0.6359,  0.3969, -0.0746,  0.4347],
        [-0.2036,  0.2549,  0.1817,  0.0829,  0.4742, -0.0220,  0.3073,  0.3680,
          0.1958, -0.0569,  0.3008, -0.4523, -0.2404, -0.0437,  0.2221,  0.0158],
        [ 0.2021, -0.1780, -0.0109, -0.0118, -0.4346, -0.2310, -0.1076, -0.5062,
         -0.1948,  0.0267, -0.0247,  0.3084,  0.4092,  0.1549, -0.1576,  0.1426],
        [-0.4171,  0.4452, -0.3769,  0.3011,  0.2321,  0.2321,  0.6282,  0.5137,
          0.5126,  0.2504,  0.0068, -0.2683, -0.2372,  0.0234,  0.2193, -0.2947],
        [-0.3846,  0.3311, -0.0690,  0.0262,  0.5183,  0.4535,  0.6155,  0.2044,
          0.4151,  0.3097, -0.3929, -0.2295, -0.6342, -0.2654,  0.1573, -0.2755],
        [-0.1489, -0.0343,  0.0295,  0.1108, -0.0925, -0.2242, -0.2622, -0.5489,
         -0.5873, -0.0602, -0.0422,  0.1413, -0.0905,  0.0247, -0.5251,  0.0033]],
       device='cuda:0', requires_grad=True)

Parameter name: road_linear_0.bias
Shape: torch.Size([32])
Values: Parameter containing:
tensor([-0.1299,  0.1362,  0.2078, -0.2122,  0.1824, -0.1691, -0.0235,  0.1519,
        -0.1343,  0.1298, -0.1062,  0.1002, -0.0499, -0.0851,  0.1553, -0.0260,
        -0.1721, -0.1072,  0.2296,  0.1275,  0.0827, -0.1350,  0.1111, -0.1130,
        -0.2113, -0.0367,  0.2339,  0.0154,  0.0512, -0.2598, -0.0937, -0.0564],
       device='cuda:0', requires_grad=True)

Parameter name: road_linear_1.weight
Shape: torch.Size([1, 32])
Values: Parameter containing:
tensor([[ 0.5827,  0.7405, -0.5461, -0.6479,  0.7167,  0.6959, -0.6630, -0.7250,
         -0.6761,  0.7767,  0.5749,  0.7498, -0.6662, -0.8280,  0.6766, -0.6377,
         -0.6881,  0.6494, -0.5073, -0.5382,  0.7927,  0.5624, -0.6529, -0.7543,
         -0.7182, -0.7437, -0.6274,  0.6931, -0.6558,  0.7174,  0.5605, -0.5811]],
       device='cuda:0', requires_grad=True)

Parameter name: linear_0.weight
Shape: torch.Size([32, 39])
Values: Parameter containing:
tensor([[-0.0326,  0.1246,  0.0546,  ...,  0.2019, -0.7580, -0.1137],
        [-0.1434, -0.0296,  0.1438,  ...,  0.0509, -0.6577,  0.0871],
        [ 0.0313, -0.0438,  0.0186,  ...,  0.0669,  0.7077,  0.0345],
        ...,
        [ 0.1398, -0.1554, -0.0425,  ..., -0.1684,  0.3636, -0.1180],
        [ 0.1129, -0.2172, -0.0736,  ..., -0.2322,  0.5278,  0.1557],
        [-0.2308,  0.2129,  0.0704,  ...,  0.0868, -0.6592, -0.0509]],
       device='cuda:0', requires_grad=True)

Parameter name: linear_0.bias
Shape: torch.Size([32])
Values: Parameter containing:
tensor([ 8.7545e-02,  2.4767e-02, -5.8329e-02, -1.3032e-01, -8.7884e-02,
         4.3483e-02, -8.1768e-02,  6.8341e-02, -4.2021e-02,  4.7495e-02,
         5.0954e-02,  1.0319e-02, -2.3800e-02,  1.0967e-01, -1.8201e-02,
        -1.7791e-02,  5.8922e-02, -1.6745e-01,  4.5937e-05,  9.5470e-02,
        -9.9425e-02, -9.9635e-03,  1.2098e-01,  6.7282e-02, -1.0736e-01,
         1.1457e-01,  6.4405e-02, -1.6551e-01,  4.8375e-02,  1.9899e-01,
         1.8010e-01, -1.0043e-01], device='cuda:0', requires_grad=True)

Parameter name: linear_1.weight
Shape: torch.Size([32, 32])
Values: Parameter containing:
tensor([[ 0.1045, -0.2272,  0.0189,  ...,  0.1206, -0.0063,  0.0848],
        [-0.1809, -0.0688,  0.2194,  ...,  0.2143,  0.0068,  0.0543],
        [ 0.1429, -0.0399, -0.2360,  ..., -0.1700, -0.0036,  0.2231],
        ...,
        [ 0.1570,  0.0829,  0.0266,  ...,  0.0513, -0.2388,  0.3816],
        [ 0.0659, -0.2418,  0.1765,  ...,  0.3512,  0.2759, -0.1031],
        [ 0.0240, -0.1429,  0.3006,  ...,  0.2814,  0.1442, -0.0398]],
       device='cuda:0', requires_grad=True)

Parameter name: linear_1.bias
Shape: torch.Size([32])
Values: Parameter containing:
tensor([ 0.1643,  0.2033, -0.0587, -0.1714,  0.0417,  0.0016, -0.1046,  0.0821,
         0.2342, -0.1686,  0.1372, -0.1140,  0.2604,  0.0690, -0.0470,  0.2344,
         0.0970, -0.1994,  0.0610,  0.0828, -0.1008,  0.0620, -0.2271,  0.2377,
         0.0210, -0.0254,  0.0913, -0.0062, -0.2096, -0.0706,  0.2243,  0.0688],
       device='cuda:0', requires_grad=True)

Parameter name: linear_2.weight
Shape: torch.Size([1, 32])
Values: Parameter containing:
tensor([[ 1.2639,  1.1974, -1.2919, -1.2265,  1.1277,  1.1378, -1.1877,  1.0691,
          1.1382, -1.2596, -1.1496,  1.1258,  1.1302,  1.1780,  1.1436,  1.1148,
         -1.2372, -1.2893,  1.1617,  1.1186, -1.1721, -1.2050, -1.3183,  1.1431,
          1.2295,  1.2644, -1.2844,  1.2730, -1.1718, -1.3001,  1.1635,  1.2599]],
       device='cuda:0', requires_grad=True)

Parameter name: linear_2.bias
Shape: torch.Size([1])
Values: Parameter containing:
tensor([0.9886], device='cuda:0', requires_grad=True)

