Parameter name: road_linear_0.weight
Shape: torch.Size([32, 16])
Values: Parameter containing:
tensor([[-2.6147e-01,  4.4694e-01,  9.2613e-02, -7.6800e-02,  2.7745e-01,
          1.6569e-01,  3.4949e-01,  8.7260e-02,  3.2127e-01,  1.6018e-01,
          9.9113e-02, -2.3762e-01, -3.7346e-01, -2.7165e-01,  3.6800e-01,
          1.3595e-01],
        [-1.3731e-01, -1.2163e-01,  2.0541e-02, -9.1890e-02,  5.7108e-02,
          2.2213e-01,  1.0546e-01,  2.2975e-01,  5.2520e-01,  1.0195e-03,
          1.8714e-01, -2.9905e-01,  3.5680e-02,  6.8107e-02,  5.4671e-01,
          3.2720e-02],
        [ 3.6710e-02, -1.2684e-01,  2.9084e-01, -6.9361e-02, -2.2318e-01,
         -3.1400e-01, -1.0561e-01, -5.4029e-01, -1.2715e-01,  1.2318e-02,
          5.8536e-02,  4.8280e-02,  5.0820e-01,  2.3626e-01, -6.6677e-02,
          1.9719e-01],
        [ 1.1485e-01, -1.8908e-01, -7.3609e-02,  3.8026e-02, -1.0295e-01,
         -1.4855e-01, -7.2470e-02, -1.5185e-01, -5.1330e-01, -2.4462e-01,
         -8.5125e-02,  3.7854e-01,  2.6025e-01, -2.7388e-01, -3.1600e-01,
          6.5278e-03],
        [ 1.1671e-02,  3.5844e-01, -4.2100e-02, -1.1151e-01,  2.5621e-01,
          5.2275e-02,  2.2371e-02,  4.1760e-01,  2.6990e-01,  1.6356e-01,
          1.9766e-01, -2.1056e-01, -5.1708e-02, -1.2722e-01,  4.1291e-01,
         -5.1010e-02],
        [ 1.0727e-02,  4.4226e-01, -2.7621e-01,  3.4461e-01,  4.5381e-01,
         -4.2964e-02,  3.2013e-01,  7.7529e-02,  3.7144e-01,  1.3363e-01,
         -2.6301e-01, -1.6488e-01, -3.1675e-01,  2.0006e-01,  4.5647e-01,
         -2.1797e-02],
        [ 2.4744e-01, -7.5106e-02,  2.7086e-01, -9.0477e-02, -1.5476e-01,
         -1.7157e-01, -1.5584e-01, -3.2820e-01, -3.8572e-01,  1.1043e-01,
         -1.8903e-04,  1.2003e-01, -2.7034e-02,  9.1782e-02, -4.1487e-01,
          3.4574e-02],
        [-1.7734e-01,  4.6392e-02,  2.2599e-01, -2.6175e-01, -4.4658e-01,
         -2.5890e-01, -7.2443e-02, -3.6599e-01, -3.3452e-01, -8.6545e-02,
         -3.9174e-02,  1.0353e-01,  3.0206e-01, -2.1632e-01, -2.1597e-01,
          2.3949e-01],
        [-6.4778e-02,  2.7714e-02,  1.9380e-01, -1.7468e-01, -1.9995e-01,
         -3.1563e-01, -1.3042e-01, -2.1502e-01, -1.3708e-01, -1.9351e-01,
         -1.7004e-01,  1.4953e-01, -6.0103e-02,  6.5773e-02, -5.3457e-01,
         -3.2745e-03],
        [-1.8622e-01,  1.5261e-01,  1.7253e-02, -9.0636e-02,  1.7541e-01,
          1.3088e-01,  1.8357e-02,  3.3935e-01,  4.2298e-01, -1.2381e-01,
          2.1613e-01, -7.0974e-02, -2.6363e-01,  1.7790e-02,  3.4968e-01,
         -9.9228e-02],
        [-2.5945e-01,  4.1795e-01,  5.2183e-02, -1.0797e-01,  9.2008e-02,
          3.8150e-01,  2.3979e-01,  2.3425e-01,  5.1403e-01,  1.4081e-01,
          2.2467e-02, -7.9052e-02, -2.5648e-01,  2.1802e-01,  1.2871e-01,
         -2.3569e-01],
        [-5.1088e-03,  1.2915e-01,  1.0716e-01, -2.5875e-03,  2.8867e-01,
          7.5502e-02,  3.1392e-01,  2.5163e-01,  3.2243e-01,  2.1501e-01,
          2.6714e-01, -9.8950e-03, -4.3081e-01, -1.1940e-01,  2.2978e-01,
         -8.7916e-02],
        [ 2.6284e-01, -1.0391e-01,  6.4387e-02, -1.1420e-01, -2.4058e-01,
          2.3280e-02, -1.1540e-01, -4.5198e-01, -4.8519e-01, -1.3872e-02,
          8.5924e-03,  1.2808e-01,  2.1586e-02,  9.7506e-02, -3.8270e-01,
         -3.8522e-02],
        [ 8.8326e-02,  1.2996e-01,  2.3745e-01,  7.8615e-02, -3.9813e-01,
          5.4866e-03,  2.4924e-03, -1.6144e-01, -3.7115e-01, -3.1560e-02,
         -1.9358e-01,  1.5928e-01,  1.1076e-01, -5.3095e-02, -5.1242e-01,
          1.2366e-01],
        [-2.6050e-01, -4.6003e-02,  5.2205e-02, -1.2375e-01,  4.8745e-01,
          3.7907e-01,  4.8630e-02,  2.2120e-01,  1.2916e-01,  5.6540e-02,
          9.3436e-02, -3.8401e-01, -8.4668e-02, -5.1138e-03,  2.1929e-01,
         -5.3827e-02],
        [-1.0718e-01, -3.9135e-01,  1.2580e-01,  1.1310e-01, -4.5134e-01,
         -3.1368e-02, -2.2822e-01, -4.3918e-01, -3.4103e-01,  2.3234e-02,
          4.8555e-02,  5.1446e-01,  2.2263e-01, -1.0014e-01, -7.4512e-02,
          4.4453e-02],
        [ 1.4945e-01,  4.4943e-02,  4.1063e-02, -2.3294e-01, -4.1013e-01,
          4.2289e-03, -1.6319e-02, -6.6030e-02, -4.5892e-01, -3.3301e-02,
          1.5727e-01,  3.2172e-01,  3.3046e-01,  1.1893e-01, -2.6559e-01,
         -1.7775e-01],
        [-1.6682e-01,  2.1864e-01, -1.0534e-01,  3.8841e-02,  2.0532e-01,
          2.4588e-01,  2.7027e-01,  3.4779e-01,  2.0952e-01,  1.5246e-01,
         -8.3884e-02, -2.7798e-01, -1.9090e-01, -8.1823e-02,  3.5662e-01,
         -5.0059e-02],
        [ 1.5414e-01, -2.2172e-01,  3.6717e-02, -2.1412e-01, -3.1944e-01,
         -3.3603e-01, -3.1094e-01, -8.0570e-02, -5.3089e-01, -1.6323e-02,
          1.1306e-01,  7.8218e-03,  2.8494e-01,  1.4781e-01, -9.5175e-02,
          9.9794e-02],
        [ 3.1320e-01, -2.2250e-01,  1.6504e-01, -2.1251e-02, -4.5551e-01,
         -1.9631e-01, -3.9798e-01, -9.3362e-02, -1.8650e-01, -1.7782e-01,
          4.6561e-02,  3.4135e-01,  3.4061e-02,  2.2462e-02, -1.3571e-01,
          1.1605e-01],
        [-8.7275e-02,  2.9571e-01,  7.4275e-02, -1.6142e-01,  3.4788e-01,
         -5.6705e-02,  3.1107e-01,  4.6169e-01,  2.6074e-01, -4.3037e-02,
         -1.3543e-01, -3.0781e-01, -2.2602e-01, -1.0188e-01,  4.4952e-01,
         -1.5465e-01],
        [-1.7102e-02,  2.1047e-03,  2.9979e-02,  3.3738e-01,  1.7448e-01,
          9.8931e-02,  2.6494e-01,  8.5451e-02,  2.2539e-01,  1.7536e-01,
          2.4887e-01, -3.9594e-01, -2.7161e-01, -2.9824e-01,  1.1246e-01,
          1.1917e-01],
        [ 2.9717e-01, -2.7217e-01, -5.2793e-02, -8.9042e-02, -1.1870e-01,
         -3.5170e-01, -3.2561e-01, -3.3497e-01, -3.8877e-01, -5.7499e-02,
          2.3905e-01,  2.9897e-01, -1.2378e-03,  2.1980e-01, -2.1593e-02,
          1.3151e-01],
        [ 7.7802e-02,  1.6044e-02,  1.7455e-01, -2.4253e-01, -2.6113e-01,
         -1.1218e-01, -1.0086e-01, -3.3034e-01, -3.9842e-01, -1.6261e-01,
         -7.7077e-02,  3.5306e-01,  2.4820e-01, -4.1339e-02, -2.8428e-01,
         -1.3421e-01],
        [ 9.3364e-02, -4.0917e-01,  4.1957e-02, -3.5021e-02, -2.5331e-02,
         -2.0831e-01,  7.6019e-02, -2.5322e-01, -5.1090e-01,  1.8607e-01,
          2.1082e-01,  5.2071e-02,  5.4060e-02,  1.2488e-01, -4.3689e-01,
          2.2879e-01],
        [-6.2528e-02, -2.0989e-01, -3.9457e-02,  1.6841e-01, -2.9970e-01,
         -1.8432e-01, -1.1212e-02, -4.2872e-01, -2.8247e-01, -2.2970e-01,
         -2.5682e-01,  1.4753e-01,  2.0091e-01,  2.1518e-01, -4.8768e-01,
         -1.9614e-02],
        [ 2.1574e-01, -1.1994e-01,  2.1284e-01, -2.8356e-01, -2.9207e-01,
         -6.3670e-02, -4.3276e-01, -1.3607e-01, -4.9979e-01,  7.2826e-02,
          1.4833e-01,  1.7379e-01,  3.2215e-01,  2.2963e-01, -2.7715e-02,
          2.3347e-01],
        [-2.2082e-01,  2.5654e-01,  1.3760e-01,  1.2458e-01,  4.3609e-01,
         -9.2897e-03,  3.4822e-01,  2.8027e-01,  9.4605e-02, -1.8063e-02,
          2.1707e-01, -3.4842e-01, -2.6515e-01, -1.0175e-01,  1.4388e-01,
         -1.5348e-02],
        [ 1.7117e-01, -1.1375e-01,  2.3597e-03, -3.4427e-02, -3.8703e-01,
         -2.3855e-01, -1.0004e-01, -4.2599e-01, -1.2922e-01,  1.8256e-02,
          1.3980e-02,  1.9983e-01,  3.7743e-01,  1.7921e-01, -1.0421e-01,
          1.4316e-01],
        [-2.4581e-01,  2.8827e-01, -2.3113e-01,  1.9805e-01,  5.3776e-02,
          1.2205e-01,  4.0444e-01,  4.2281e-01,  4.9134e-01,  1.5514e-01,
          8.8347e-02, -1.6840e-01, -4.8666e-02,  1.1609e-01,  2.4629e-01,
         -1.6981e-01],
        [-1.8763e-01,  1.3896e-01,  7.9236e-02, -6.9241e-02,  3.0367e-01,
          3.3243e-01,  3.7835e-01,  7.1309e-02,  3.5309e-01,  2.0947e-01,
         -2.8998e-01, -8.6088e-02, -3.7665e-01, -1.5492e-01,  1.3254e-01,
         -1.3764e-01],
        [-7.5714e-02, -9.4669e-02,  1.1827e-01,  3.5435e-02, -6.6915e-02,
         -2.7260e-01, -3.6519e-01, -4.4774e-01, -4.0471e-01, -1.4161e-01,
          9.5439e-02,  3.5408e-02, -6.4366e-03,  1.2306e-01, -3.9452e-01,
          7.8285e-02]], device='cuda:0', requires_grad=True)

Parameter name: road_linear_0.bias
Shape: torch.Size([32])
Values: Parameter containing:
tensor([-0.0976,  0.0782,  0.1052, -0.0975,  0.0460, -0.0907,  0.0704,  0.1420,
        -0.0555,  0.0322, -0.0232,  0.0753,  0.1038,  0.0131,  0.0516,  0.0583,
        -0.0913, -0.0142,  0.1066,  0.0553, -0.0099, -0.0734,  0.0117, -0.0136,
        -0.1013,  0.1013,  0.1782,  0.0394, -0.0609, -0.1990,  0.0164, -0.0035],
       device='cuda:0', requires_grad=True)

Parameter name: road_linear_1.weight
Shape: torch.Size([1, 32])
Values: Parameter containing:
tensor([[ 0.3408,  0.4770, -0.2877, -0.3659,  0.4419,  0.4571, -0.3714, -0.4583,
         -0.3728,  0.5014,  0.3242,  0.4722, -0.3670, -0.5264,  0.3947, -0.3916,
         -0.3889,  0.4116, -0.2728, -0.3080,  0.5353,  0.3374, -0.4145, -0.4648,
         -0.4230, -0.4803, -0.3726,  0.4534, -0.4142,  0.4722,  0.3294, -0.3139]],
       device='cuda:0', requires_grad=True)

Parameter name: linear_0.weight
Shape: torch.Size([32, 39])
Values: Parameter containing:
tensor([[-0.0355,  0.1107,  0.0662,  ...,  0.1500, -0.2239, -0.1137],
        [-0.1441, -0.0255,  0.1373,  ...,  0.0559, -0.2512,  0.0871],
        [ 0.0328, -0.0506,  0.0254,  ...,  0.0648,  0.1971,  0.0345],
        ...,
        [ 0.1456, -0.1724, -0.0357,  ..., -0.1766, -0.0394, -0.1180],
        [ 0.1234, -0.2304, -0.0766,  ..., -0.2271,  0.0853,  0.1557],
        [-0.2170,  0.1732,  0.0724,  ...,  0.0632, -0.2087, -0.0509]],
       device='cuda:0', requires_grad=True)

Parameter name: linear_0.bias
Shape: torch.Size([32])
Values: Parameter containing:
tensor([ 0.0737,  0.0330, -0.0671, -0.1408, -0.0800,  0.0471, -0.0903,  0.0674,
        -0.0374,  0.0486,  0.0401,  0.0183, -0.0220,  0.1013, -0.0305, -0.0145,
         0.0469, -0.1623, -0.0103,  0.0818, -0.0853,  0.0110,  0.1140,  0.0349,
        -0.1064,  0.1071,  0.0521, -0.1332,  0.0423,  0.1892,  0.1809, -0.1075],
       device='cuda:0', requires_grad=True)

Parameter name: linear_1.weight
Shape: torch.Size([32, 32])
Values: Parameter containing:
tensor([[ 0.0905, -0.1974, -0.0797,  ...,  0.0921, -0.0151,  0.0629],
        [-0.1931, -0.0428,  0.1265,  ...,  0.1890,  0.0004,  0.0360],
        [ 0.1223, -0.0345, -0.1909,  ..., -0.1772, -0.0150,  0.1960],
        ...,
        [ 0.1318,  0.0755,  0.0777,  ...,  0.0503, -0.2050,  0.2923],
        [ 0.0335, -0.1848,  0.0490,  ...,  0.2976,  0.2433, -0.1474],
        [ 0.0148, -0.1247,  0.2277,  ...,  0.2630,  0.1483, -0.0611]],
       device='cuda:0', requires_grad=True)

Parameter name: linear_1.bias
Shape: torch.Size([32])
Values: Parameter containing:
tensor([ 0.1373,  0.1798, -0.0668, -0.1425,  0.0314, -0.0159, -0.0901,  0.0285,
         0.1902, -0.1716,  0.1497, -0.1717,  0.2239,  0.0646, -0.0887,  0.1842,
        -0.0613, -0.1845,  0.0624,  0.0562, -0.0657,  0.0682, -0.2290,  0.2189,
         0.0006, -0.0793,  0.0889,  0.0142, -0.1830, -0.0793,  0.1731,  0.0497],
       device='cuda:0', requires_grad=True)

Parameter name: linear_2.weight
Shape: torch.Size([1, 32])
Values: Parameter containing:
tensor([[ 0.6673,  0.5909, -0.6470, -0.6355,  0.4928,  0.5097, -0.5631,  0.4945,
          0.5587, -0.6087, -0.5258,  0.5421,  0.5377,  0.5346,  0.5654,  0.5420,
         -0.6570, -0.6724,  0.5233,  0.5203, -0.5834, -0.5729, -0.6709,  0.5306,
          0.6164,  0.6630, -0.6435,  0.6295, -0.5707, -0.6621,  0.5915,  0.6520]],
       device='cuda:0', requires_grad=True)

Parameter name: linear_2.bias
Shape: torch.Size([1])
Values: Parameter containing:
tensor([0.4224], device='cuda:0', requires_grad=True)

