Parameter name: road_linear_0.weight
Shape: torch.Size([32, 16])
Values: Parameter containing:
tensor([[-3.1827e-01,  5.0122e-01,  5.6747e-02, -4.9908e-02,  3.8879e-01,
          2.0510e-01,  4.1058e-01,  1.6173e-01,  3.7486e-01,  1.9519e-01,
          1.1291e-01, -3.2805e-01, -4.1161e-01, -2.8789e-01,  3.8000e-01,
          9.5353e-02],
        [-1.0975e-01, -1.4580e-01,  6.4391e-02, -1.2598e-01,  1.5359e-01,
          2.1935e-01,  5.2548e-02,  3.5434e-01,  7.2236e-01, -3.9552e-02,
          2.7468e-01, -4.5833e-01,  6.3743e-02,  1.1517e-01,  6.9466e-01,
          6.8904e-02],
        [ 1.6773e-01, -2.4017e-01,  3.6053e-01, -1.1010e-01, -3.7998e-01,
         -3.5853e-01, -2.3878e-01, -6.4615e-01, -1.8837e-01, -6.2314e-02,
          1.1462e-01,  1.7385e-01,  6.5065e-01,  3.0233e-01, -1.2307e-01,
          2.7952e-01],
        [ 6.0212e-02, -1.2469e-01, -1.3479e-01,  8.4835e-02, -1.5791e-01,
         -1.3280e-01,  5.3500e-04, -2.4935e-01, -7.0257e-01, -1.8647e-01,
         -1.9648e-01,  4.9273e-01,  1.8918e-01, -3.4249e-01, -4.4564e-01,
         -4.6119e-02],
        [ 7.2883e-02,  2.8024e-01,  2.0763e-02, -1.5708e-01,  2.9672e-01,
          3.9508e-02, -5.2465e-02,  4.9930e-01,  4.4238e-01,  1.0162e-01,
          3.1244e-01, -2.9798e-01,  2.7741e-02, -5.4537e-02,  5.2682e-01,
          2.6471e-03],
        [-1.0113e-01,  5.3596e-01, -3.4368e-01,  3.8831e-01,  5.8621e-01,
         -2.7936e-03,  4.3438e-01,  1.6801e-01,  3.9552e-01,  2.0331e-01,
         -2.9309e-01, -2.6749e-01, -4.0678e-01,  1.4958e-01,  4.7308e-01,
         -9.6453e-02],
        [ 2.0636e-01, -4.4459e-02,  2.1925e-01, -5.1803e-02, -2.2298e-01,
         -1.5263e-01, -1.0081e-01, -4.1216e-01, -5.4547e-01,  1.5358e-01,
         -9.9765e-02,  2.2062e-01, -7.8345e-02,  3.1962e-02, -5.0979e-01,
         -5.0403e-03],
        [-2.0319e-01,  4.5336e-02,  1.8065e-01, -2.2573e-01, -5.2158e-01,
         -2.3268e-01, -2.8356e-02, -4.4889e-01, -4.7067e-01, -5.3557e-02,
         -1.2258e-01,  2.0853e-01,  2.7106e-01, -2.6649e-01, -3.0302e-01,
          2.0873e-01],
        [-1.1082e-01,  6.1104e-02,  1.3275e-01, -1.2558e-01, -2.8830e-01,
         -2.9469e-01, -6.0673e-02, -3.3080e-01, -3.3419e-01, -1.3891e-01,
         -2.7723e-01,  2.9492e-01, -1.1155e-01,  5.5977e-04, -6.7204e-01,
         -5.3180e-02],
        [-1.4138e-01,  1.0094e-01,  7.1682e-02, -1.3203e-01,  2.4242e-01,
          1.1965e-01, -4.6054e-02,  4.4515e-01,  6.1145e-01, -1.7392e-01,
          3.1741e-01, -1.9743e-01, -2.0722e-01,  7.8031e-02,  4.8312e-01,
         -5.3499e-02],
        [-2.7262e-01,  4.5228e-01,  6.4867e-02, -1.1998e-01,  1.8549e-01,
          3.7903e-01,  2.4083e-01,  3.1580e-01,  6.1631e-01,  1.3672e-01,
          6.9847e-02, -1.8267e-01, -2.6492e-01,  2.3783e-01,  1.9090e-01,
         -2.3619e-01],
        [ 2.9723e-02,  1.1152e-01,  1.5954e-01, -4.4804e-02,  3.7087e-01,
          5.2899e-02,  2.5834e-01,  3.5337e-01,  4.8970e-01,  1.7031e-01,
          3.6180e-01, -1.3505e-01, -3.8779e-01, -6.2052e-02,  3.4323e-01,
         -4.8625e-02],
        [ 2.0640e-01, -3.8423e-02,  6.6018e-03, -7.3628e-02, -2.8779e-01,
          3.9115e-02, -4.9217e-02, -5.2281e-01, -6.4054e-01,  3.8231e-02,
         -1.0357e-01,  2.0593e-01, -5.2202e-02,  2.8185e-02, -4.7210e-01,
         -8.6176e-02],
        [ 4.1396e-02,  1.8111e-01,  1.8042e-01,  1.2286e-01, -4.7122e-01,
          1.5437e-02,  6.9469e-02, -2.7094e-01, -5.6594e-01,  2.0689e-02,
         -2.9880e-01,  2.9305e-01,  5.3846e-02, -1.1628e-01, -6.4990e-01,
          7.5294e-02],
        [-2.1308e-01, -9.1681e-02,  1.1013e-01, -1.6832e-01,  5.5702e-01,
          3.5812e-01, -1.9176e-02,  3.2247e-01,  3.1186e-01,  3.8465e-03,
          1.9818e-01, -5.0867e-01, -2.5281e-02,  5.8419e-02,  3.4288e-01,
         -6.4450e-03],
        [-1.3651e-01, -3.5110e-01,  9.2955e-02,  1.3264e-01, -4.9887e-01,
         -2.5090e-02, -1.9254e-01, -4.9138e-01, -4.4439e-01,  5.0979e-02,
         -3.6956e-02,  5.7671e-01,  1.6793e-01, -1.4595e-01, -1.1867e-01,
          2.1840e-02],
        [ 9.4958e-02,  9.1283e-02, -2.5653e-02, -1.7950e-01, -4.7609e-01,
          2.8662e-02,  5.7809e-02, -1.6936e-01, -6.5285e-01,  2.6270e-02,
          4.1861e-02,  4.4443e-01,  2.6389e-01,  4.6137e-02, -3.9307e-01,
         -2.3239e-01],
        [-2.2117e-01,  2.8385e-01, -1.2783e-01,  5.1639e-02,  3.0491e-01,
          2.5708e-01,  3.2112e-01,  4.1708e-01,  2.5423e-01,  1.8105e-01,
         -7.4871e-02, -3.6861e-01, -2.3352e-01, -9.3865e-02,  3.8076e-01,
         -8.2084e-02],
        [ 2.7163e-01, -3.3643e-01,  8.2398e-02, -2.3304e-01, -4.6955e-01,
         -3.6435e-01, -4.1769e-01, -1.9593e-01, -5.9913e-01, -7.4615e-02,
          1.5760e-01,  1.4190e-01,  4.2386e-01,  1.9714e-01, -1.6883e-01,
          1.6601e-01],
        [ 4.2434e-01, -3.2182e-01,  2.1787e-01, -5.0933e-02, -6.2227e-01,
         -2.3650e-01, -5.0932e-01, -2.0997e-01, -2.5691e-01, -2.3664e-01,
          8.1157e-02,  4.6696e-01,  1.5100e-01,  6.2868e-02, -2.0779e-01,
          1.8165e-01],
        [-5.8888e-02,  2.5125e-01,  1.0310e-01, -1.7762e-01,  3.8254e-01,
         -6.3160e-02,  2.7951e-01,  5.0016e-01,  3.4522e-01, -6.7472e-02,
         -5.1311e-02, -3.5118e-01, -1.6510e-01, -5.8545e-02,  4.6919e-01,
         -1.3403e-01],
        [-1.9910e-02,  3.8371e-02,  5.6559e-02,  3.1285e-01,  3.0466e-01,
          1.0606e-01,  2.5212e-01,  1.9818e-01,  3.7305e-01,  1.5736e-01,
          3.1281e-01, -5.2891e-01, -2.8953e-01, -2.6408e-01,  2.1537e-01,
          1.3119e-01],
        [ 4.0445e-01, -3.7410e-01, -5.3909e-03, -1.1357e-01, -2.6683e-01,
         -3.7961e-01, -4.2927e-01, -4.3920e-01, -4.4935e-01, -1.1344e-01,
          2.7638e-01,  4.1902e-01,  1.1659e-01,  2.6235e-01, -8.3546e-02,
          1.9410e-01],
        [ 1.8016e-02,  6.7835e-02,  1.0753e-01, -1.9077e-01, -3.0837e-01,
         -8.0089e-02, -2.4601e-02, -4.1351e-01, -5.6573e-01, -1.0205e-01,
         -1.9182e-01,  4.4921e-01,  1.7323e-01, -1.1591e-01, -3.9259e-01,
         -1.8976e-01],
        [ 4.1411e-02, -3.5505e-01, -1.8349e-02,  1.1381e-02, -8.4347e-02,
         -1.9059e-01,  1.4509e-01, -3.4707e-01, -6.9845e-01,  2.4021e-01,
          9.9385e-02,  1.6135e-01, -1.3568e-02,  5.6920e-02, -5.5453e-01,
          1.7872e-01],
        [-1.3263e-01, -1.1956e-01, -1.0860e-01,  2.1799e-01, -3.1706e-01,
         -1.6528e-01,  7.1171e-02, -4.9292e-01, -4.4376e-01, -1.6108e-01,
         -3.7596e-01,  2.0351e-01,  1.0929e-01,  1.3631e-01, -5.9410e-01,
         -7.9042e-02],
        [ 3.7832e-01, -2.2173e-01,  3.0569e-01, -3.3891e-01, -4.7856e-01,
         -1.3264e-01, -6.0475e-01, -2.7996e-01, -5.9773e-01, -1.7345e-02,
          2.2121e-01,  3.1202e-01,  4.9613e-01,  3.1901e-01, -1.1529e-01,
          3.4326e-01],
        [-2.1243e-01,  2.6191e-01,  1.6380e-01,  1.0461e-01,  5.2786e-01,
         -1.1163e-02,  3.2675e-01,  3.6572e-01,  2.1375e-01, -3.7116e-02,
          2.8635e-01, -4.5416e-01, -2.4871e-01, -6.5731e-02,  2.1826e-01,
         -1.3664e-03],
        [ 1.8477e-01, -1.5522e-01, -1.5061e-02, -1.7228e-02, -4.8081e-01,
         -2.2694e-01, -9.6233e-02, -5.1035e-01, -2.3273e-01,  2.4379e-02,
         -3.2595e-02,  3.0919e-01,  3.8882e-01,  1.5810e-01, -1.7409e-01,
          1.4084e-01],
        [-3.4929e-01,  3.7918e-01, -2.9183e-01,  2.3867e-01,  1.9157e-01,
          1.6149e-01,  5.1260e-01,  5.0783e-01,  5.3160e-01,  2.1840e-01,
          5.6972e-02, -2.6996e-01, -1.4416e-01,  7.0362e-02,  2.7290e-01,
         -2.3785e-01],
        [-3.0321e-01,  2.5109e-01,  3.1389e-02, -4.7988e-02,  4.5824e-01,
          3.6545e-01,  4.8516e-01,  1.8912e-01,  4.2552e-01,  2.6658e-01,
         -3.3411e-01, -2.2039e-01, -5.1555e-01, -2.0438e-01,  2.0709e-01,
         -2.0434e-01],
        [-1.1436e-01, -7.0644e-02,  6.5012e-02,  7.6670e-02, -1.2998e-01,
         -2.4382e-01, -3.0825e-01, -5.3319e-01, -5.6429e-01, -9.7337e-02,
         -6.8407e-04,  1.4049e-01, -5.6806e-02,  6.4276e-02, -4.9397e-01,
          3.8326e-02]], device='cuda:0', requires_grad=True)

Parameter name: road_linear_0.bias
Shape: torch.Size([32])
Values: Parameter containing:
tensor([-0.1067,  0.1539,  0.2034, -0.2233,  0.1879, -0.1664, -0.0216,  0.1292,
        -0.1354,  0.1443, -0.0503,  0.1138, -0.0452, -0.1021,  0.1573, -0.0395,
        -0.1755, -0.0753,  0.2175,  0.1376,  0.0953, -0.0981,  0.1073, -0.1116,
        -0.2182, -0.0427,  0.2475,  0.0627, -0.0088, -0.2622, -0.0918, -0.0592],
       device='cuda:0', requires_grad=True)

Parameter name: road_linear_1.weight
Shape: torch.Size([1, 32])
Values: Parameter containing:
tensor([[ 0.5313,  0.6755, -0.4587, -0.5827,  0.6550,  0.6243, -0.5937, -0.6632,
         -0.6011,  0.7105,  0.5227,  0.6908, -0.5965, -0.7554,  0.6123, -0.5910,
         -0.6170,  0.5954, -0.4302, -0.4680,  0.7422,  0.5202, -0.5789, -0.6860,
         -0.6470, -0.6814, -0.5320,  0.6532, -0.6062,  0.6482,  0.4853, -0.5220]],
       device='cuda:0', requires_grad=True)

Parameter name: linear_0.weight
Shape: torch.Size([32, 39])
Values: Parameter containing:
tensor([[-0.0235,  0.1017,  0.0539,  ...,  0.1940, -0.5443, -0.1137],
        [-0.1392, -0.0356,  0.1403,  ...,  0.0535, -0.4987,  0.0871],
        [ 0.0278, -0.0401,  0.0221,  ...,  0.0645,  0.5001,  0.0345],
        ...,
        [ 0.1394, -0.1566, -0.0412,  ..., -0.1693,  0.2116, -0.1180],
        [ 0.1124, -0.2137, -0.0744,  ..., -0.2304,  0.3621,  0.1557],
        [-0.2186,  0.1828,  0.0692,  ...,  0.0830, -0.4842, -0.0509]],
       device='cuda:0', requires_grad=True)

Parameter name: linear_0.bias
Shape: torch.Size([32])
Values: Parameter containing:
tensor([ 0.0853,  0.0275, -0.0612, -0.1352, -0.0850,  0.0416, -0.0839,  0.0706,
        -0.0392,  0.0477,  0.0506,  0.0163, -0.0248,  0.1062, -0.0220, -0.0166,
         0.0533, -0.1659, -0.0012,  0.0933, -0.0942, -0.0033,  0.1191,  0.0562,
        -0.1095,  0.1129,  0.0603, -0.1540,  0.0457,  0.1980,  0.1816, -0.1030],
       device='cuda:0', requires_grad=True)

Parameter name: linear_1.weight
Shape: torch.Size([32, 32])
Values: Parameter containing:
tensor([[ 0.0945, -0.2187,  0.0038,  ...,  0.1099, -0.0028,  0.0657],
        [-0.1893, -0.0617,  0.2049,  ...,  0.2049,  0.0109,  0.0378],
        [ 0.1324, -0.0303, -0.2428,  ..., -0.1781, -0.0153,  0.2120],
        ...,
        [ 0.1402,  0.0893,  0.0222,  ...,  0.0430, -0.2290,  0.3333],
        [ 0.0499, -0.2259,  0.1522,  ...,  0.3336,  0.2726, -0.1294],
        [ 0.0159, -0.1363,  0.2875,  ...,  0.2726,  0.1495, -0.0569]],
       device='cuda:0', requires_grad=True)

Parameter name: linear_1.bias
Shape: torch.Size([32])
Values: Parameter containing:
tensor([ 0.1546,  0.1951, -0.0676, -0.1605,  0.0408, -0.0028, -0.1003,  0.0644,
         0.2183, -0.1767,  0.1374, -0.1785,  0.2461,  0.0726, -0.0603,  0.2186,
         0.0169, -0.1952,  0.0655,  0.0728, -0.0885,  0.0621, -0.2363,  0.2313,
         0.0143, -0.0736,  0.0814,  0.0088, -0.2007, -0.0806,  0.2080,  0.0609],
       device='cuda:0', requires_grad=True)

Parameter name: linear_2.weight
Shape: torch.Size([1, 32])
Values: Parameter containing:
tensor([[ 1.0954,  1.0225, -1.0822, -1.0607,  0.9297,  0.9464, -0.9973,  0.9123,
          0.9789, -1.0478, -0.9607,  0.9633,  0.9625,  0.9728,  0.9855,  0.9589,
         -1.0772, -1.1046,  0.9585,  0.9479, -1.0078, -1.0065, -1.1117,  0.9633,
          1.0499,  1.0852, -1.0832,  1.0610, -1.0008, -1.1030,  1.0078,  1.0815]],
       device='cuda:0', requires_grad=True)

Parameter name: linear_2.bias
Shape: torch.Size([1])
Values: Parameter containing:
tensor([0.8348], device='cuda:0', requires_grad=True)

