Parameter name: road_linear_0.weight
Shape: torch.Size([32, 16])
Values: Parameter containing:
tensor([[-0.3570,  0.5483,  0.0143, -0.0267,  0.3817,  0.2478,  0.4768,  0.1648,
          0.3332,  0.2072,  0.0868, -0.3201, -0.4665, -0.3022,  0.3294,  0.0732],
        [-0.0999, -0.1556,  0.0801, -0.1434,  0.1525,  0.2236,  0.0287,  0.3823,
          0.7529, -0.0580,  0.2986, -0.4826,  0.0707,  0.1345,  0.7411,  0.0865],
        [ 0.2453, -0.3205,  0.4569, -0.1805, -0.4341, -0.4417, -0.3696, -0.6559,
         -0.1729, -0.1037,  0.1715,  0.1793,  0.7692,  0.3598, -0.0717,  0.3470],
        [ 0.0397, -0.1032, -0.1602,  0.1106, -0.1447, -0.1266,  0.0351, -0.2753,
         -0.7333, -0.1597, -0.2283,  0.5108,  0.1710, -0.3703, -0.4928, -0.0716],
        [ 0.0962,  0.2552,  0.0477, -0.1835,  0.2809,  0.0321, -0.0883,  0.5226,
          0.4735,  0.0732,  0.3456, -0.3108,  0.0485, -0.0247,  0.5699,  0.0295],
        [-0.1762,  0.6084, -0.4392,  0.4585,  0.6212,  0.0698,  0.5580,  0.1716,
          0.3724,  0.2421, -0.3474, -0.2582, -0.5077,  0.0945,  0.4062, -0.1613],
        [ 0.1721, -0.0095,  0.1844, -0.0186, -0.1931, -0.1346, -0.0573, -0.4279,
         -0.5723,  0.1895, -0.1413,  0.2222, -0.1104, -0.0061, -0.5409, -0.0391],
        [-0.2310,  0.0741,  0.1497, -0.1949, -0.4817, -0.2126,  0.0097, -0.4580,
         -0.4823, -0.0220, -0.1558,  0.2077,  0.2435, -0.2994, -0.3244,  0.1793],
        [-0.1396,  0.0909,  0.1016, -0.0957, -0.2710, -0.2835, -0.0192, -0.3561,
         -0.3691, -0.1066, -0.3166,  0.3097, -0.1378, -0.0330, -0.7183, -0.0837],
        [-0.1243,  0.0834,  0.0937, -0.1548,  0.2319,  0.1167, -0.0766,  0.4703,
          0.6434, -0.1982,  0.3456, -0.2146, -0.1932,  0.1029,  0.5269, -0.0308],
        [-0.2880,  0.4746,  0.0616, -0.1264,  0.1409,  0.3831,  0.2540,  0.3121,
          0.5778,  0.1335,  0.0635, -0.1797, -0.2860,  0.2422,  0.1705, -0.2368],
        [ 0.0588,  0.0799,  0.1915, -0.0761,  0.3351,  0.0370,  0.2168,  0.3684,
          0.5126,  0.1365,  0.3980, -0.1391, -0.3609, -0.0280,  0.3755, -0.0184],
        [ 0.1748, -0.0064, -0.0265, -0.0421, -0.2654,  0.0526, -0.0071, -0.5442,
         -0.6720,  0.0722, -0.1435,  0.2126, -0.0809, -0.0081, -0.5108, -0.1189],
        [ 0.0241,  0.1985,  0.1577,  0.1457, -0.4633,  0.0184,  0.1009, -0.2974,
         -0.5972,  0.0447, -0.3284,  0.3133,  0.0390, -0.1416, -0.6969,  0.0526],
        [-0.1851, -0.1216,  0.1410, -0.1980,  0.5343,  0.3445, -0.0599,  0.3438,
          0.3411, -0.0278,  0.2354, -0.5187,  0.0014,  0.0913,  0.3841,  0.0235],
        [-0.1659, -0.3190,  0.0608,  0.1649, -0.4516, -0.0040, -0.1533, -0.5017,
         -0.4544,  0.0840, -0.0715,  0.5735,  0.1396, -0.1801, -0.1394, -0.0093],
        [ 0.0660,  0.1222, -0.0573, -0.1486, -0.4565,  0.0404,  0.0998, -0.1935,
         -0.6933,  0.0595,  0.0027,  0.4583,  0.2377,  0.0120, -0.4385, -0.2634],
        [-0.2687,  0.3379, -0.1736,  0.0779,  0.2942,  0.2956,  0.3915,  0.4138,
          0.2102,  0.1994, -0.1075, -0.3629, -0.2942, -0.1160,  0.3321, -0.1108],
        [ 0.3552, -0.4216,  0.1825, -0.3050, -0.5197, -0.4471, -0.5510, -0.2045,
         -0.5800, -0.1205,  0.2184,  0.1482,  0.5478,  0.2593, -0.1149,  0.2375],
        [ 0.4928, -0.3877,  0.3089, -0.1195, -0.6837, -0.3156, -0.6313, -0.2255,
         -0.2521, -0.2681,  0.1290,  0.4699,  0.2479,  0.1120, -0.1577,  0.2431],
        [-0.0301,  0.2214,  0.1340, -0.2086,  0.3355, -0.0856,  0.2431,  0.5056,
          0.3459, -0.0991, -0.0194, -0.3409, -0.1352, -0.0243,  0.4777, -0.1037],
        [-0.0173,  0.0423,  0.0668,  0.2968,  0.2747,  0.1108,  0.2463,  0.2060,
          0.3592,  0.1418,  0.3235, -0.5325, -0.2948, -0.2460,  0.2170,  0.1428],
        [ 0.4790, -0.4498,  0.0848, -0.1794, -0.3185, -0.4565, -0.5521, -0.4483,
         -0.4345, -0.1510,  0.3305,  0.4237,  0.2237,  0.3157, -0.0339,  0.2575],
        [-0.0131,  0.1016,  0.0749, -0.1594, -0.2854, -0.0664,  0.0189, -0.4372,
         -0.6018, -0.0675, -0.2321,  0.4608,  0.1447, -0.1509, -0.4373, -0.2219],
        [ 0.0135, -0.3262, -0.0494,  0.0418, -0.0631, -0.1776,  0.1857, -0.3689,
         -0.7340,  0.2724,  0.0619,  0.1714, -0.0393,  0.0232, -0.5958,  0.1482],
        [-0.1537, -0.0967, -0.1338,  0.2425, -0.3037, -0.1577,  0.1046, -0.5124,
         -0.4743, -0.1350, -0.4070,  0.2130,  0.0893,  0.1084, -0.6334, -0.1037],
        [ 0.4624, -0.3033,  0.4256, -0.4345, -0.5653, -0.2356, -0.7555, -0.3052,
         -0.6100, -0.0670,  0.2813,  0.3306,  0.6365,  0.3933, -0.0719,  0.4316],
        [-0.2041,  0.2559,  0.1815,  0.0830,  0.4768, -0.0225,  0.3086,  0.3681,
          0.1974, -0.0560,  0.3009, -0.4532, -0.2412, -0.0451,  0.2221,  0.0150],
        [ 0.2015, -0.1782, -0.0118, -0.0109, -0.4360, -0.2297, -0.1079, -0.5064,
         -0.1959,  0.0267, -0.0259,  0.3085,  0.4090,  0.1551, -0.1575,  0.1423],
        [-0.4135,  0.4436, -0.3740,  0.2983,  0.2317,  0.2308,  0.6262,  0.5140,
          0.5129,  0.2479,  0.0103, -0.2669, -0.2353,  0.0268,  0.2185, -0.2915],
        [-0.3805,  0.3295, -0.0674,  0.0245,  0.5194,  0.4538,  0.6153,  0.2047,
          0.4165,  0.3063, -0.3895, -0.2270, -0.6336, -0.2619,  0.1552, -0.2723],
        [-0.1476, -0.0357,  0.0307,  0.1098, -0.0963, -0.2253, -0.2643, -0.5495,
         -0.5908, -0.0616, -0.0414,  0.1427, -0.0885,  0.0270, -0.5252,  0.0049]],
       device='cuda:0', requires_grad=True)

Parameter name: road_linear_0.bias
Shape: torch.Size([32])
Values: Parameter containing:
tensor([-0.1305,  0.1358,  0.2056, -0.2117,  0.1819, -0.1671, -0.0245,  0.1504,
        -0.1341,  0.1296, -0.1064,  0.0996, -0.0501, -0.0846,  0.1549, -0.0261,
        -0.1715, -0.1075,  0.2270,  0.1260,  0.0838, -0.1352,  0.1093, -0.1127,
        -0.2113, -0.0363,  0.2305,  0.0149,  0.0511, -0.2589, -0.0913, -0.0570],
       device='cuda:0', requires_grad=True)

Parameter name: road_linear_1.weight
Shape: torch.Size([1, 32])
Values: Parameter containing:
tensor([[ 0.5841,  0.7411, -0.5460, -0.6490,  0.7178,  0.6957, -0.6650, -0.7273,
         -0.6775,  0.7774,  0.5773,  0.7526, -0.6678, -0.8290,  0.6777, -0.6396,
         -0.6901,  0.6505, -0.5074, -0.5381,  0.7949,  0.5652, -0.6528, -0.7560,
         -0.7196, -0.7444, -0.6269,  0.6957, -0.6580,  0.7175,  0.5605, -0.5834]],
       device='cuda:0', requires_grad=True)

Parameter name: linear_0.weight
Shape: torch.Size([32, 39])
Values: Parameter containing:
tensor([[-0.0333,  0.1261,  0.0548,  ...,  0.2019, -0.7609, -0.1137],
        [-0.1434, -0.0295,  0.1438,  ...,  0.0509, -0.6602,  0.0871],
        [ 0.0313, -0.0438,  0.0186,  ...,  0.0669,  0.7114,  0.0345],
        ...,
        [ 0.1396, -0.1551, -0.0424,  ..., -0.1686,  0.3663, -0.1180],
        [ 0.1129, -0.2174, -0.0736,  ..., -0.2323,  0.5290,  0.1557],
        [-0.2313,  0.2144,  0.0704,  ...,  0.0869, -0.6608, -0.0509]],
       device='cuda:0', requires_grad=True)

Parameter name: linear_0.bias
Shape: torch.Size([32])
Values: Parameter containing:
tensor([ 8.7475e-02,  2.4792e-02, -5.8339e-02, -1.3017e-01, -8.7884e-02,
         4.3361e-02, -8.1864e-02,  6.8058e-02, -4.2121e-02,  4.7553e-02,
         5.0634e-02,  1.0143e-02, -2.3686e-02,  1.0968e-01, -1.8211e-02,
        -1.7750e-02,  5.9087e-02, -1.6740e-01, -4.2779e-05,  9.5384e-02,
        -9.9384e-02, -1.0018e-02,  1.2096e-01,  6.7486e-02, -1.0729e-01,
         1.1454e-01,  6.4474e-02, -1.6575e-01,  4.8490e-02,  1.9884e-01,
         1.8001e-01, -1.0030e-01], device='cuda:0', requires_grad=True)

Parameter name: linear_1.weight
Shape: torch.Size([32, 32])
Values: Parameter containing:
tensor([[ 0.1047, -0.2273,  0.0194,  ...,  0.1208, -0.0067,  0.0854],
        [-0.1808, -0.0689,  0.2200,  ...,  0.2145,  0.0065,  0.0548],
        [ 0.1432, -0.0401, -0.2361,  ..., -0.1698, -0.0033,  0.2234],
        ...,
        [ 0.1575,  0.0830,  0.0262,  ...,  0.0513, -0.2396,  0.3833],
        [ 0.0661, -0.2420,  0.1772,  ...,  0.3515,  0.2757, -0.1025],
        [ 0.0242, -0.1430,  0.3011,  ...,  0.2816,  0.1439, -0.0393]],
       device='cuda:0', requires_grad=True)

Parameter name: linear_1.bias
Shape: torch.Size([32])
Values: Parameter containing:
tensor([ 0.1644,  0.2034, -0.0584, -0.1716,  0.0417,  0.0017, -0.1047,  0.0824,
         0.2345, -0.1684,  0.1372, -0.1126,  0.2607,  0.0688, -0.0469,  0.2346,
         0.0995, -0.1994,  0.0608,  0.0830, -0.1010,  0.0620, -0.2269,  0.2378,
         0.0211, -0.0253,  0.0916, -0.0066, -0.2097, -0.0704,  0.2245,  0.0689],
       device='cuda:0', requires_grad=True)

Parameter name: linear_2.weight
Shape: torch.Size([1, 32])
Values: Parameter containing:
tensor([[ 1.2664,  1.2001, -1.2955, -1.2289,  1.1310,  1.1409, -1.1907,  1.0714,
          1.1405, -1.2632, -1.1531,  1.1288,  1.1327,  1.1814,  1.1459,  1.1171,
         -1.2395, -1.2922,  1.1651,  1.1212, -1.1746, -1.2083, -1.3218,  1.1459,
          1.2323,  1.2677, -1.2878,  1.2765, -1.1744, -1.3034,  1.1658,  1.2627]],
       device='cuda:0', requires_grad=True)

Parameter name: linear_2.bias
Shape: torch.Size([1])
Values: Parameter containing:
tensor([0.9909], device='cuda:0', requires_grad=True)

