Parameter name: road_linear_0.weight
Shape: torch.Size([32, 16])
Values: Parameter containing:
tensor([[-0.2669,  0.4739,  0.0973, -0.0789,  0.3473,  0.1627,  0.3503,  0.1503,
          0.3536,  0.1757,  0.1560, -0.3126, -0.3475, -0.2467,  0.3793,  0.1347],
        [-0.0973, -0.1539,  0.0654, -0.1295,  0.1084,  0.2117,  0.0489,  0.3214,
          0.6512, -0.0365,  0.2721, -0.4114,  0.0884,  0.1238,  0.6404,  0.0747],
        [ 0.0888, -0.1891,  0.3114, -0.0809, -0.3217, -0.3176, -0.1510, -0.6197,
         -0.1781, -0.0284,  0.0501,  0.1368,  0.5566,  0.2430, -0.0985,  0.2240],
        [ 0.0535, -0.1251, -0.1334,  0.0870, -0.1170, -0.1266,  0.0018, -0.2199,
         -0.6295, -0.1933, -0.1892,  0.4513,  0.1715, -0.3473, -0.3937, -0.0489],
        [ 0.0746,  0.2884,  0.0174, -0.1585,  0.2613,  0.0333, -0.0512,  0.4733,
          0.3699,  0.1117,  0.3021, -0.2639,  0.0399, -0.0530,  0.4780,  0.0030],
        [-0.0317,  0.4976, -0.2957,  0.3584,  0.5436, -0.0420,  0.3581,  0.1498,
          0.3904,  0.1753, -0.2373, -0.2455, -0.3310,  0.2004,  0.4659, -0.0470],
        [ 0.1973, -0.0434,  0.2201, -0.0498, -0.1868, -0.1476, -0.0959, -0.3898,
         -0.4784,  0.1471, -0.0961,  0.1872, -0.0996,  0.0251, -0.4682, -0.0099],
        [-0.2184,  0.0550,  0.1792, -0.2233, -0.4882, -0.2305, -0.0194, -0.4294,
         -0.4156, -0.0562, -0.1252,  0.1758,  0.2446, -0.2775, -0.2675,  0.2004],
        [-0.1189,  0.0659,  0.1359, -0.1256, -0.2424, -0.2908, -0.0593, -0.2984,
         -0.2597, -0.1456, -0.2698,  0.2477, -0.1333, -0.0043, -0.6190, -0.0556],
        [-0.1331,  0.0990,  0.0710, -0.1346,  0.2017,  0.1134, -0.0483,  0.4154,
          0.5404, -0.1684,  0.3120, -0.1554, -0.1878,  0.0840,  0.4315, -0.0496],
        [-0.2364,  0.4282,  0.0851, -0.1352,  0.1479,  0.3596,  0.2055,  0.3017,
          0.5817,  0.1262,  0.0959, -0.1561, -0.2155,  0.2663,  0.1716, -0.2107],
        [ 0.0411,  0.1053,  0.1592, -0.0466,  0.3332,  0.0498,  0.2524,  0.3292,
          0.4285,  0.1749,  0.3597, -0.0982, -0.3651, -0.0542,  0.3021, -0.0427],
        [ 0.2040, -0.0481,  0.0091, -0.0717, -0.2539,  0.0462, -0.0485, -0.5014,
         -0.5680,  0.0277, -0.0943,  0.1779, -0.0656,  0.0255, -0.4286, -0.0874],
        [ 0.0327,  0.1846,  0.1813,  0.1248, -0.4267,  0.0234,  0.0720, -0.2380,
         -0.4914,  0.0152, -0.2930,  0.2468,  0.0324, -0.1222, -0.5953,  0.0718],
        [-0.2061, -0.0922,  0.1082, -0.1699,  0.5173,  0.3542, -0.0209,  0.2955,
          0.2418,  0.0107,  0.1917, -0.4692, -0.0068,  0.0634,  0.2953, -0.0035],
        [-0.1470, -0.3559,  0.0871,  0.1407, -0.4738, -0.0156, -0.1820, -0.4820,
         -0.3936,  0.0465, -0.0387,  0.5619,  0.1490, -0.1563, -0.0975,  0.0130],
        [ 0.0885,  0.0961, -0.0193, -0.1823, -0.4352,  0.0267,  0.0561, -0.1372,
         -0.5790,  0.0182,  0.0519,  0.3970,  0.2465,  0.0434, -0.3386, -0.2332],
        [-0.1682,  0.2513, -0.0925,  0.0278,  0.2688,  0.2280,  0.2641,  0.4081,
          0.2405,  0.1607, -0.0314, -0.3501, -0.1699, -0.0525,  0.3764, -0.0444],
        [ 0.1927, -0.2800,  0.0416, -0.2114, -0.4161, -0.3341, -0.3383, -0.1649,
         -0.5928, -0.0415,  0.0954,  0.0983,  0.3311,  0.1395, -0.1394,  0.1130],
        [ 0.3551, -0.2846,  0.1710, -0.0215, -0.5567, -0.1907, -0.4272, -0.1788,
         -0.2314, -0.2106,  0.0271,  0.4334,  0.0679,  0.0133, -0.1784,  0.1326],
        [-0.0474,  0.2570,  0.1115, -0.1874,  0.3612, -0.0753,  0.2666,  0.4943,
          0.2992, -0.0643, -0.0478, -0.3427, -0.1468, -0.0468,  0.4566, -0.1237],
        [ 0.0068,  0.0213,  0.0683,  0.3040,  0.2548,  0.0841,  0.2250,  0.1715,
          0.3182,  0.1549,  0.3270, -0.4936, -0.2438, -0.2448,  0.1798,  0.1486],
        [ 0.3337, -0.3311, -0.0491, -0.0871, -0.2110, -0.3422, -0.3503, -0.4141,
         -0.4338, -0.0851,  0.2195,  0.3861,  0.0322,  0.2102, -0.0598,  0.1446],
        [ 0.0146,  0.0650,  0.1129, -0.1921, -0.2721, -0.0800, -0.0268, -0.3879,
         -0.4945, -0.1118, -0.1814,  0.4126,  0.1597, -0.1178, -0.3450, -0.1897],
        [ 0.0344, -0.3538, -0.0152,  0.0116, -0.0461, -0.1875,  0.1460, -0.3187,
         -0.6254,  0.2331,  0.1070,  0.1201, -0.0312,  0.0524, -0.5039,  0.1762],
        [-0.1304, -0.1325, -0.1026,  0.2177, -0.2870, -0.1619,  0.0660, -0.4692,
         -0.3728, -0.1738, -0.3626,  0.1752,  0.1031,  0.1378, -0.5446, -0.0769],
        [ 0.3001, -0.1788,  0.2582, -0.3117, -0.4038, -0.0853, -0.5169, -0.2276,
         -0.5670,  0.0132,  0.1624,  0.2629,  0.3994,  0.2611, -0.0699,  0.2847],
        [-0.1918,  0.2533,  0.1746,  0.0950,  0.4930, -0.0268,  0.3057,  0.3502,
          0.1675, -0.0380,  0.2972, -0.4310, -0.2155, -0.0492,  0.1947,  0.0134],
        [ 0.1498, -0.1293, -0.0312, -0.0056, -0.4453, -0.2142, -0.0652, -0.4952,
         -0.1996,  0.0341, -0.0563,  0.2801,  0.3416,  0.1317, -0.1519,  0.1178],
        [-0.2844,  0.3444, -0.2445,  0.2075,  0.1414,  0.1188,  0.4361,  0.4916,
          0.5163,  0.1930,  0.1114, -0.2486, -0.0668,  0.1195,  0.2626, -0.1907],
        [-0.2255,  0.1972,  0.0735, -0.0713,  0.4009,  0.3307,  0.4049,  0.1562,
          0.4150,  0.2338, -0.2725, -0.1769, -0.4224, -0.1475,  0.1765, -0.1513],
        [-0.1256, -0.0654,  0.0658,  0.0785, -0.0952, -0.2433, -0.3036, -0.5116,
         -0.5007, -0.1021,  0.0016,  0.1051, -0.0784,  0.0561, -0.4532,  0.0324]],
       device='cuda:0', requires_grad=True)

Parameter name: road_linear_0.bias
Shape: torch.Size([32])
Values: Parameter containing:
tensor([-0.0779,  0.1632,  0.1455, -0.2086,  0.1573, -0.1194, -0.0147,  0.1090,
        -0.1357,  0.1366, -0.0091,  0.1244, -0.0075, -0.0956,  0.1460, -0.0203,
        -0.1850, -0.0285,  0.1493,  0.1013,  0.0739, -0.0771,  0.0580, -0.0983,
        -0.2136, -0.0114,  0.2109,  0.0704, -0.0559, -0.2266, -0.0280, -0.0672],
       device='cuda:0', requires_grad=True)

Parameter name: road_linear_1.weight
Shape: torch.Size([1, 32])
Values: Parameter containing:
tensor([[ 0.4364,  0.6066, -0.3574, -0.5026,  0.5777,  0.5358, -0.4910, -0.5661,
         -0.5058,  0.6334,  0.4247,  0.5913, -0.4978, -0.6682,  0.5274, -0.5104,
         -0.5134,  0.5027, -0.3343, -0.3822,  0.6496,  0.4280, -0.4855, -0.5911,
         -0.5495, -0.6089, -0.4376,  0.5668, -0.5101,  0.5591,  0.3874, -0.4272]],
       device='cuda:0', requires_grad=True)

Parameter name: linear_0.weight
Shape: torch.Size([32, 39])
Values: Parameter containing:
tensor([[-0.0269,  0.1035,  0.0582,  ...,  0.1732, -0.3625, -0.1137],
        [-0.1403, -0.0316,  0.1379,  ...,  0.0557, -0.3914,  0.0871],
        [ 0.0287, -0.0442,  0.0249,  ...,  0.0631,  0.3457,  0.0345],
        ...,
        [ 0.1415, -0.1641, -0.0381,  ..., -0.1731,  0.1174, -0.1180],
        [ 0.1170, -0.2215, -0.0752,  ..., -0.2291,  0.2300,  0.1557],
        [-0.2154,  0.1741,  0.0698,  ...,  0.0749, -0.3417, -0.0509]],
       device='cuda:0', requires_grad=True)

Parameter name: linear_0.bias
Shape: torch.Size([32])
Values: Parameter containing:
tensor([ 0.0805,  0.0306, -0.0647, -0.1391, -0.0825,  0.0420, -0.0879,  0.0713,
        -0.0379,  0.0487,  0.0479,  0.0192, -0.0242,  0.1029, -0.0266, -0.0150,
         0.0493, -0.1634, -0.0050,  0.0881, -0.0899,  0.0050,  0.1168,  0.0451,
        -0.1088,  0.1099,  0.0563, -0.1439,  0.0440,  0.1938,  0.1816, -0.1053],
       device='cuda:0', requires_grad=True)

Parameter name: linear_1.weight
Shape: torch.Size([32, 32])
Values: Parameter containing:
tensor([[ 0.0888, -0.2087, -0.0207,  ...,  0.1003, -0.0071,  0.0581],
        [-0.1936, -0.0534,  0.1820,  ...,  0.1969,  0.0079,  0.0322],
        [ 0.1248, -0.0277, -0.2334,  ..., -0.1815, -0.0196,  0.2021],
        ...,
        [ 0.1303,  0.0876,  0.0405,  ...,  0.0416, -0.2195,  0.3020],
        [ 0.0344, -0.2059,  0.1198,  ...,  0.3142,  0.2602, -0.1492],
        [ 0.0127, -0.1307,  0.2713,  ...,  0.2669,  0.1505, -0.0640]],
       device='cuda:0', requires_grad=True)

Parameter name: linear_1.bias
Shape: torch.Size([32])
Values: Parameter containing:
tensor([ 0.1448,  0.1870, -0.0705, -0.1495,  0.0379, -0.0078, -0.0958,  0.0439,
         0.2014, -0.1784,  0.1476, -0.1944,  0.2326,  0.0722, -0.0766,  0.1996,
        -0.0191, -0.1903,  0.0663,  0.0628, -0.0748,  0.0638, -0.2372,  0.2255,
         0.0077, -0.0996,  0.0819,  0.0151, -0.1910, -0.0847,  0.1885,  0.0542],
       device='cuda:0', requires_grad=True)

Parameter name: linear_2.weight
Shape: torch.Size([1, 32])
Values: Parameter containing:
tensor([[ 0.9066,  0.8329, -0.8912, -0.8725,  0.7385,  0.7555, -0.8068,  0.7261,
          0.7920, -0.8560, -0.7687,  0.7802,  0.7742,  0.7815,  0.7987,  0.7729,
         -0.8934, -0.9147,  0.7675,  0.7591, -0.8198, -0.8160, -0.9193,  0.7733,
          0.8598,  0.9015, -0.8906,  0.8704, -0.8115, -0.9102,  0.8220,  0.8923]],
       device='cuda:0', requires_grad=True)

Parameter name: linear_2.bias
Shape: torch.Size([1])
Values: Parameter containing:
tensor([0.6499], device='cuda:0', requires_grad=True)

