Parameter name: road_linear_0.weight
Shape: torch.Size([32, 16])
Values: Parameter containing:
tensor([[-0.2468,  0.4600,  0.1130, -0.0900,  0.3205,  0.1429,  0.3291,  0.1255,
          0.3463,  0.1590,  0.1515, -0.2907, -0.3412, -0.2406,  0.3884,  0.1479],
        [-0.0973, -0.1489,  0.0623, -0.1266,  0.0917,  0.1997,  0.0549,  0.2954,
          0.6134, -0.0337,  0.2554, -0.3855,  0.0830,  0.1166,  0.6189,  0.0716],
        [ 0.0585, -0.1691,  0.2886, -0.0667, -0.2878, -0.2973, -0.1175, -0.5899,
         -0.1733, -0.0060,  0.0475,  0.1107,  0.5378,  0.2311, -0.1006,  0.2049],
        [ 0.0577, -0.1372, -0.1278,  0.0823, -0.1063, -0.1156, -0.0068, -0.1965,
         -0.5907, -0.1994, -0.1702,  0.4311,  0.1820, -0.3373, -0.3752, -0.0438],
        [ 0.0701,  0.3035,  0.0127, -0.1549,  0.2532,  0.0206, -0.0437,  0.4531,
          0.3330,  0.1178,  0.2838, -0.2489,  0.0293, -0.0624,  0.4637, -0.0013],
        [-0.0043,  0.4795, -0.2737,  0.3437,  0.5115, -0.0615,  0.3278,  0.1217,
          0.3884,  0.1528, -0.2389, -0.2214, -0.3195,  0.2102,  0.4745, -0.0293],
        [ 0.1987, -0.0506,  0.2237, -0.0534, -0.1748, -0.1378, -0.1004, -0.3684,
         -0.4477,  0.1442, -0.0778,  0.1698, -0.0898,  0.0343, -0.4593, -0.0065],
        [-0.2216,  0.0551,  0.1805, -0.2255, -0.4733, -0.2222, -0.0204, -0.4076,
         -0.3907, -0.0559, -0.1103,  0.1561,  0.2506, -0.2708, -0.2596,  0.2012],
        [-0.1159,  0.0593,  0.1426, -0.1319, -0.2275, -0.2822, -0.0683, -0.2715,
         -0.2211, -0.1517, -0.2506,  0.2219, -0.1246,  0.0065, -0.5979, -0.0499],
        [-0.1362,  0.1085,  0.0660, -0.1302,  0.1903,  0.1029, -0.0408,  0.3917,
          0.5042, -0.1633,  0.2945, -0.1344, -0.1966,  0.0750,  0.4129, -0.0542],
        [-0.2262,  0.4210,  0.0899, -0.1376,  0.1276,  0.3475,  0.1979,  0.2780,
          0.5645,  0.1194,  0.0857, -0.1348, -0.2156,  0.2645,  0.1688, -0.2059],
        [ 0.0419,  0.1071,  0.1553, -0.0422,  0.3178,  0.0409,  0.2571,  0.3034,
          0.3962,  0.1778,  0.3441, -0.0745, -0.3709, -0.0625,  0.2860, -0.0454],
        [ 0.2079, -0.0613,  0.0133, -0.0751, -0.2456,  0.0570, -0.0544, -0.4830,
         -0.5363,  0.0233, -0.0751,  0.1650, -0.0537,  0.0353, -0.4213, -0.0834],
        [ 0.0358,  0.1753,  0.1866,  0.1202, -0.4133,  0.0345,  0.0641, -0.2128,
         -0.4532,  0.0099, -0.2747,  0.2235,  0.0410, -0.1127, -0.5752,  0.0766],
        [-0.2091, -0.0833,  0.1027, -0.1650,  0.5057,  0.3451, -0.0130,  0.2723,
          0.2062,  0.0160,  0.1735, -0.4484, -0.0164,  0.0537,  0.2784, -0.0081],
        [-0.1525, -0.3605,  0.0825,  0.1445, -0.4616, -0.0007, -0.1775, -0.4654,
         -0.3728,  0.0504, -0.0273,  0.5491,  0.1535, -0.1545, -0.1008,  0.0089],
        [ 0.0931,  0.0856, -0.0124, -0.1889, -0.4230,  0.0370,  0.0468, -0.1115,
         -0.5383,  0.0111,  0.0724,  0.3748,  0.2576,  0.0552, -0.3204, -0.2269],
        [-0.1486,  0.2362, -0.0791,  0.0191,  0.2436,  0.2139,  0.2450,  0.3852,
          0.2360,  0.1450, -0.0357, -0.3286, -0.1641, -0.0476,  0.3825, -0.0327],
        [ 0.1648, -0.2614,  0.0229, -0.2009, -0.3819, -0.3152, -0.3091, -0.1332,
         -0.5822, -0.0225,  0.0947,  0.0710,  0.3125,  0.1305, -0.1360,  0.0966],
        [ 0.3260, -0.2649,  0.1515, -0.0097, -0.5193, -0.1716, -0.3971, -0.1455,
         -0.2219, -0.1891,  0.0279,  0.4046,  0.0516,  0.0051, -0.1733,  0.1157],
        [-0.0434,  0.2620,  0.1149, -0.1902,  0.3515, -0.0872,  0.2631,  0.4800,
          0.2834, -0.0679, -0.0606, -0.3331, -0.1542, -0.0499,  0.4653, -0.1210],
        [ 0.0171,  0.0126,  0.0711,  0.3038,  0.2275,  0.0692,  0.2189,  0.1410,
          0.2909,  0.1501,  0.3159, -0.4653, -0.2399, -0.2482,  0.1654,  0.1521],
        [ 0.3066, -0.3118, -0.0670, -0.0767, -0.1775, -0.3258, -0.3223, -0.3841,
         -0.4273, -0.0654,  0.2195,  0.3596,  0.0165,  0.2021, -0.0579,  0.1289],
        [ 0.0188,  0.0548,  0.1191, -0.1976, -0.2626, -0.0724, -0.0355, -0.3663,
         -0.4595, -0.1177, -0.1617,  0.3944,  0.1717, -0.1067, -0.3310, -0.1842],
        [ 0.0396, -0.3663, -0.0088,  0.0058, -0.0363, -0.1772,  0.1373, -0.2959,
         -0.5873,  0.2266,  0.1275,  0.1017, -0.0189,  0.0639, -0.4890,  0.1823],
        [-0.1233, -0.1499, -0.0961,  0.2128, -0.2838, -0.1520,  0.0566, -0.4529,
         -0.3383, -0.1818, -0.3434,  0.1665,  0.1166,  0.1487, -0.5332, -0.0710],
        [ 0.2674, -0.1643,  0.2290, -0.2929, -0.3648, -0.0594, -0.4760, -0.1923,
         -0.5515,  0.0367,  0.1594,  0.2364,  0.3749,  0.2463, -0.0656,  0.2611],
        [-0.1816,  0.2477,  0.1796,  0.0919,  0.4718, -0.0418,  0.2986,  0.3257,
          0.1454, -0.0441,  0.2880, -0.4081, -0.2140, -0.0501,  0.1877,  0.0187],
        [ 0.1384, -0.1194, -0.0356, -0.0039, -0.4241, -0.2039, -0.0579, -0.4708,
         -0.1827,  0.0409, -0.0473,  0.2571,  0.3401,  0.1331, -0.1467,  0.1130],
        [-0.2581,  0.3271, -0.2240,  0.1938,  0.1102,  0.0994,  0.4072,  0.4657,
          0.5128,  0.1718,  0.1106, -0.2257, -0.0544,  0.1287,  0.2694, -0.1739],
        [-0.1972,  0.1780,  0.0926, -0.0821,  0.3663,  0.3120,  0.3753,  0.1240,
          0.4051,  0.2146, -0.2712, -0.1493, -0.4034, -0.1379,  0.1732, -0.1344],
        [-0.1246, -0.0704,  0.0701,  0.0742, -0.0836, -0.2357, -0.3091, -0.4894,
         -0.4697, -0.1054,  0.0191,  0.0859, -0.0689,  0.0654, -0.4421,  0.0359]],
       device='cuda:0', requires_grad=True)

Parameter name: road_linear_0.bias
Shape: torch.Size([32])
Values: Parameter containing:
tensor([-0.0828,  0.1383,  0.1336, -0.1756,  0.1239, -0.1136,  0.0133,  0.1189,
        -0.1128,  0.1086, -0.0104,  0.1150,  0.0299, -0.0641,  0.1174,  0.0027,
        -0.1573, -0.0211,  0.1369,  0.0897,  0.0502, -0.0743,  0.0446, -0.0711,
        -0.1789,  0.0201,  0.2075,  0.0639, -0.0635, -0.2222, -0.0144, -0.0501],
       device='cuda:0', requires_grad=True)

Parameter name: road_linear_1.weight
Shape: torch.Size([1, 32])
Values: Parameter containing:
tensor([[ 0.4008,  0.5692, -0.3217, -0.4606,  0.5373,  0.5051, -0.4435, -0.5215,
         -0.4563,  0.5927,  0.3830,  0.5464, -0.4506, -0.6235,  0.4812, -0.4711,
         -0.4672,  0.4654, -0.3029, -0.3474,  0.6107,  0.3895, -0.4504, -0.5441,
         -0.5038, -0.5706, -0.4065,  0.5265, -0.4699,  0.5220,  0.3562, -0.3821]],
       device='cuda:0', requires_grad=True)

Parameter name: linear_0.weight
Shape: torch.Size([32, 39])
Values: Parameter containing:
tensor([[-0.0322,  0.1088,  0.0629,  ...,  0.1633, -0.3048, -0.1137],
        [-0.1413, -0.0292,  0.1371,  ...,  0.0562, -0.3334,  0.0871],
        [ 0.0298, -0.0469,  0.0258,  ...,  0.0631,  0.2793,  0.0345],
        ...,
        [ 0.1416, -0.1665, -0.0357,  ..., -0.1757,  0.0521, -0.1180],
        [ 0.1190, -0.2251, -0.0752,  ..., -0.2288,  0.1684,  0.1557],
        [-0.2180,  0.1759,  0.0726,  ...,  0.0693, -0.2878, -0.0509]],
       device='cuda:0', requires_grad=True)

Parameter name: linear_0.bias
Shape: torch.Size([32])
Values: Parameter containing:
tensor([ 0.0761,  0.0318, -0.0660, -0.1410, -0.0817,  0.0456, -0.0898,  0.0683,
        -0.0376,  0.0500,  0.0425,  0.0194, -0.0237,  0.1006, -0.0293, -0.0134,
         0.0483, -0.1627, -0.0092,  0.0839, -0.0867,  0.0095,  0.1163,  0.0384,
        -0.1079,  0.1092,  0.0552, -0.1377,  0.0423,  0.1909,  0.1811, -0.1081],
       device='cuda:0', requires_grad=True)

Parameter name: linear_1.weight
Shape: torch.Size([32, 32])
Values: Parameter containing:
tensor([[ 0.0880, -0.2048, -0.0335,  ...,  0.0971, -0.0092,  0.0568],
        [-0.1942, -0.0504,  0.1713,  ...,  0.1944,  0.0067,  0.0311],
        [ 0.1233, -0.0281, -0.2282,  ..., -0.1816, -0.0205,  0.2010],
        ...,
        [ 0.1269,  0.0877,  0.0456,  ...,  0.0405, -0.2187,  0.2950],
        [ 0.0292, -0.1959,  0.0999,  ...,  0.3052,  0.2524, -0.1551],
        [ 0.0119, -0.1285,  0.2643,  ...,  0.2650,  0.1504, -0.0664]],
       device='cuda:0', requires_grad=True)

Parameter name: linear_1.bias
Shape: torch.Size([32])
Values: Parameter containing:
tensor([ 0.1408,  0.1838, -0.0698, -0.1447,  0.0365, -0.0098, -0.0939,  0.0341,
         0.1940, -0.1778,  0.1462, -0.1817,  0.2268,  0.0711, -0.0844,  0.1901,
        -0.0489, -0.1879,  0.0655,  0.0585, -0.0690,  0.0653, -0.2368,  0.2230,
         0.0051, -0.0880,  0.0815,  0.0143, -0.1873, -0.0862,  0.1788,  0.0511],
       device='cuda:0', requires_grad=True)

Parameter name: linear_2.weight
Shape: torch.Size([1, 32])
Values: Parameter containing:
tensor([[ 0.8123,  0.7383, -0.7961, -0.7785,  0.6432,  0.6602, -0.7118,  0.6329,
          0.6985, -0.7605, -0.6730,  0.6856,  0.6802,  0.6860,  0.7053,  0.6799,
         -0.7989, -0.8199,  0.6723,  0.6649, -0.7259, -0.7211, -0.8234,  0.6785,
          0.7649,  0.8067, -0.7944,  0.7757, -0.7169, -0.8141,  0.7290,  0.7979]],
       device='cuda:0', requires_grad=True)

Parameter name: linear_2.bias
Shape: torch.Size([1])
Values: Parameter containing:
tensor([0.5574], device='cuda:0', requires_grad=True)

