Parameter name: road_linear_0.weight
Shape: torch.Size([32, 16])
Values: Parameter containing:
tensor([[-0.2442,  0.4433,  0.1098, -0.0877,  0.2971,  0.1469,  0.3290,  0.0975,
          0.3325,  0.1540,  0.1228, -0.2596, -0.3526, -0.2505,  0.3809,  0.1470],
        [-0.1166, -0.1385,  0.0400, -0.1068,  0.0765,  0.2035,  0.0804,  0.2549,
          0.5638, -0.0157,  0.2178, -0.3444,  0.0625,  0.0912,  0.5795,  0.0507],
        [ 0.0368, -0.1409,  0.2805, -0.0624, -0.2502, -0.2978, -0.0997, -0.5562,
         -0.1466,  0.0086,  0.0540,  0.0750,  0.5153,  0.2257, -0.0839,  0.1949],
        [ 0.0844, -0.1609, -0.1002,  0.0587, -0.1086, -0.1251, -0.0391, -0.1641,
         -0.5447, -0.2232, -0.1263,  0.4053,  0.2161, -0.3057, -0.3413, -0.0183],
        [ 0.0433,  0.3287, -0.0143, -0.1326,  0.2579,  0.0282, -0.0120,  0.4252,
          0.2923,  0.1405,  0.2392, -0.2293, -0.0064, -0.0941,  0.4340, -0.0257],
        [ 0.0160,  0.4512, -0.2649,  0.3377,  0.4773, -0.0598,  0.3108,  0.0893,
          0.3796,  0.1362, -0.2522, -0.1874, -0.3116,  0.2127,  0.4680, -0.0189],
        [ 0.2203, -0.0618,  0.2470, -0.0728, -0.1690, -0.1494, -0.1268, -0.3395,
         -0.4082,  0.1265, -0.0347,  0.1434, -0.0598,  0.0625, -0.4340,  0.0141],
        [-0.2042,  0.0544,  0.2022, -0.2440, -0.4623, -0.2369, -0.0443, -0.3778,
         -0.3547, -0.0708, -0.0709,  0.1266,  0.2743, -0.2452, -0.2347,  0.2195],
        [-0.0910,  0.0453,  0.1704, -0.1563, -0.2202, -0.2950, -0.1003, -0.2340,
         -0.1718, -0.1752, -0.2078,  0.1862, -0.0958,  0.0374, -0.5610, -0.0247],
        [-0.1609,  0.1295,  0.0402, -0.1082,  0.1879,  0.1097, -0.0107,  0.3569,
          0.4573, -0.1414,  0.2522, -0.1055, -0.2276,  0.0453,  0.3775, -0.0781],
        [-0.2374,  0.4153,  0.0731, -0.1233,  0.1122,  0.3603,  0.2152,  0.2479,
          0.5343,  0.1287,  0.0498, -0.1048, -0.2347,  0.2433,  0.1476, -0.2193],
        [ 0.0203,  0.1157,  0.1301, -0.0203,  0.3099,  0.0546,  0.2860,  0.2687,
          0.3526,  0.1982,  0.3033, -0.0422, -0.3978, -0.0912,  0.2537, -0.0676],
        [ 0.2324, -0.0812,  0.0379, -0.0948, -0.2467,  0.0472, -0.0828, -0.4587,
         -0.5015,  0.0043, -0.0297,  0.1454, -0.0182,  0.0655, -0.3992, -0.0615],
        [ 0.0609,  0.1551,  0.2130,  0.0975, -0.4095,  0.0268,  0.0335, -0.1772,
         -0.4056, -0.0125, -0.2320,  0.1917,  0.0716, -0.0825, -0.5392,  0.1010],
        [-0.2340, -0.0662,  0.0759, -0.1420,  0.5025,  0.3572,  0.0181,  0.2378,
          0.1601,  0.0384,  0.1306, -0.4178, -0.0476,  0.0232,  0.2441, -0.0324],
        [-0.1366, -0.3699,  0.0998,  0.1314, -0.4568, -0.0082, -0.1968, -0.4441,
         -0.3498,  0.0398,  0.0126,  0.5286,  0.1826, -0.1310, -0.0873,  0.0232],
        [ 0.1192,  0.0657,  0.0149, -0.2126, -0.4214,  0.0259,  0.0151, -0.0784,
         -0.4896, -0.0128,  0.1169,  0.3462,  0.2902,  0.0869, -0.2883, -0.2018],
        [-0.1473,  0.2187, -0.0860,  0.0253,  0.2220,  0.2247,  0.2490,  0.3579,
          0.2199,  0.1435, -0.0622, -0.2986, -0.1727, -0.0592,  0.3703, -0.0366],
        [ 0.1487, -0.2354,  0.0221, -0.2033, -0.3449, -0.3186, -0.2996, -0.0973,
         -0.5511, -0.0142,  0.1064,  0.0347,  0.2919,  0.1321, -0.1148,  0.0926],
        [ 0.3059, -0.2345,  0.1490, -0.0099, -0.4803, -0.1781, -0.3843, -0.1091,
         -0.2013, -0.1758,  0.0381,  0.3668,  0.0353,  0.0057, -0.1533,  0.1089],
        [-0.0602,  0.2738,  0.0979, -0.1776,  0.3502, -0.0788,  0.2824,  0.4632,
          0.2655, -0.0576, -0.1015, -0.3174, -0.1867, -0.0736,  0.4583, -0.1355],
        [ 0.0058,  0.0010,  0.0517,  0.3209,  0.2023,  0.0798,  0.2383,  0.1036,
          0.2529,  0.1613,  0.2801, -0.4268, -0.2515, -0.2714,  0.1352,  0.1369],
        [ 0.2903, -0.2844, -0.0679, -0.0782, -0.1424, -0.3333, -0.3129, -0.3502,
         -0.4047, -0.0555,  0.2314,  0.3242,  0.0014,  0.2038, -0.0392,  0.1244],
        [ 0.0447,  0.0374,  0.1466, -0.2211, -0.2650, -0.0881, -0.0676, -0.3380,
         -0.4185, -0.1407, -0.1172,  0.3704,  0.2064, -0.0750, -0.3029, -0.1595],
        [ 0.0660, -0.3892,  0.0179, -0.0168, -0.0371, -0.1869,  0.1063, -0.2654,
         -0.5411,  0.2038,  0.1730,  0.0770,  0.0166,  0.0954, -0.4591,  0.2070],
        [-0.0943, -0.1792, -0.0677,  0.1896, -0.2956, -0.1596,  0.0230, -0.4312,
         -0.2999, -0.2062, -0.2975,  0.1572,  0.1557,  0.1820, -0.5060, -0.0451],
        [ 0.2323, -0.1371,  0.2079, -0.2797, -0.3189, -0.0507, -0.4402, -0.1534,
         -0.5175,  0.0601,  0.1538,  0.2001,  0.3398,  0.2288, -0.0459,  0.2398],
        [-0.1940,  0.2433,  0.1616,  0.1069,  0.4554, -0.0310,  0.3175,  0.2938,
          0.1151, -0.0340,  0.2517, -0.3751, -0.2337, -0.0726,  0.1635,  0.0045],
        [ 0.1486, -0.1111, -0.0188, -0.0187, -0.4069, -0.2176, -0.0752, -0.4396,
         -0.1501,  0.0312, -0.0136,  0.2253,  0.3555,  0.1536, -0.1232,  0.1263],
        [-0.2401,  0.2990, -0.2180,  0.1897,  0.0773,  0.1036,  0.3930,  0.4357,
          0.5005,  0.1571,  0.0976, -0.1921, -0.0456,  0.1301,  0.2599, -0.1655],
        [-0.1813,  0.1521,  0.0935, -0.0798,  0.3292,  0.3152,  0.3662,  0.0879,
          0.3738,  0.2067, -0.2824, -0.1129, -0.3824, -0.1394,  0.1519, -0.1304],
        [-0.1027, -0.0821,  0.0943,  0.0535, -0.0806, -0.2499, -0.3370, -0.4597,
         -0.4277, -0.1249,  0.0612,  0.0599, -0.0391,  0.0938, -0.4147,  0.0575]],
       device='cuda:0', requires_grad=True)

Parameter name: road_linear_0.bias
Shape: torch.Size([32])
Values: Parameter containing:
tensor([-0.0887,  0.1125,  0.1135, -0.1311,  0.0805, -0.0929,  0.0553,  0.1335,
        -0.0795,  0.0658, -0.0179,  0.0920,  0.0787, -0.0202,  0.0762,  0.0357,
        -0.1120, -0.0113,  0.1158,  0.0637,  0.0138, -0.0681,  0.0206, -0.0332,
        -0.1246,  0.0645,  0.1907,  0.0529, -0.0656, -0.2039,  0.0073, -0.0176],
       device='cuda:0', requires_grad=True)

Parameter name: road_linear_1.weight
Shape: torch.Size([1, 32])
Values: Parameter containing:
tensor([[ 0.3633,  0.5189, -0.2927, -0.4067,  0.4834,  0.4757, -0.3924, -0.4755,
         -0.3989,  0.5402,  0.3399,  0.4954, -0.3972, -0.5675,  0.4251, -0.4232,
         -0.4159,  0.4291, -0.2786, -0.3177,  0.5656,  0.3513, -0.4211, -0.4913,
         -0.4508, -0.5194, -0.3812,  0.4799, -0.4292,  0.4872,  0.3325, -0.3337]],
       device='cuda:0', requires_grad=True)

Parameter name: linear_0.weight
Shape: torch.Size([32, 39])
Values: Parameter containing:
tensor([[-0.0313,  0.1065,  0.0632,  ...,  0.1557, -0.2503, -0.1137],
        [-0.1410, -0.0297,  0.1369,  ...,  0.0554, -0.2674,  0.0871],
        [ 0.0292, -0.0459,  0.0263,  ...,  0.0645,  0.2152,  0.0345],
        ...,
        [ 0.1425, -0.1678, -0.0360,  ..., -0.1750, -0.0268, -0.1180],
        [ 0.1197, -0.2256, -0.0758,  ..., -0.2270,  0.1028,  0.1557],
        [-0.2143,  0.1704,  0.0706,  ...,  0.0666, -0.2316, -0.0509]],
       device='cuda:0', requires_grad=True)

Parameter name: linear_0.bias
Shape: torch.Size([32])
Values: Parameter containing:
tensor([ 0.0757,  0.0319, -0.0664, -0.1408, -0.0811,  0.0452, -0.0895,  0.0695,
        -0.0370,  0.0481,  0.0434,  0.0193, -0.0230,  0.1019, -0.0291, -0.0147,
         0.0469, -0.1627, -0.0085,  0.0839, -0.0866,  0.0086,  0.1150,  0.0379,
        -0.1078,  0.1079,  0.0537, -0.1368,  0.0427,  0.1911,  0.1817, -0.1066],
       device='cuda:0', requires_grad=True)

Parameter name: linear_1.weight
Shape: torch.Size([32, 32])
Values: Parameter containing:
tensor([[ 0.0904, -0.1998, -0.0707,  ...,  0.0937, -0.0139,  0.0626],
        [-0.1929, -0.0454,  0.1366,  ...,  0.1908,  0.0018,  0.0359],
        [ 0.1219, -0.0322, -0.1998,  ..., -0.1788, -0.0162,  0.1960],
        ...,
        [ 0.1294,  0.0788,  0.0723,  ...,  0.0478, -0.2081,  0.2910],
        [ 0.0336, -0.1890,  0.0573,  ...,  0.3005,  0.2461, -0.1475],
        [ 0.0146, -0.1261,  0.2351,  ...,  0.2638,  0.1484, -0.0613]],
       device='cuda:0', requires_grad=True)

Parameter name: linear_1.bias
Shape: torch.Size([32])
Values: Parameter containing:
tensor([ 0.1391,  0.1818, -0.0685, -0.1439,  0.0337, -0.0132, -0.0919,  0.0315,
         0.1923, -0.1743,  0.1531, -0.1805,  0.2259,  0.0676, -0.0864,  0.1870,
        -0.0512, -0.1862,  0.0641,  0.0577, -0.0675,  0.0665, -0.2318,  0.2209,
         0.0027, -0.0875,  0.0875,  0.0151, -0.1850, -0.0815,  0.1758,  0.0509],
       device='cuda:0', requires_grad=True)

Parameter name: linear_2.weight
Shape: torch.Size([1, 32])
Values: Parameter containing:
tensor([[ 0.7250,  0.6503, -0.7075, -0.6916,  0.5543,  0.5714, -0.6233,  0.5474,
          0.6125, -0.6714, -0.5854,  0.5997,  0.5933,  0.5971,  0.6194,  0.5946,
         -0.7138, -0.7318,  0.5837,  0.5776, -0.6392, -0.6328, -0.7341,  0.5904,
          0.6767,  0.7208, -0.7054,  0.6876, -0.6292, -0.7248,  0.6438,  0.7103]],
       device='cuda:0', requires_grad=True)

Parameter name: linear_2.bias
Shape: torch.Size([1])
Values: Parameter containing:
tensor([0.4729], device='cuda:0', requires_grad=True)

