Parameter name: road_linear_0.weight
Shape: torch.Size([32, 16])
Values: Parameter containing:
tensor([[-3.5631e-01,  5.3683e-01,  1.0738e-02, -2.1901e-02,  3.7704e-01,
          2.5179e-01,  4.7555e-01,  1.5833e-01,  3.4316e-01,  2.0305e-01,
          7.6508e-02, -3.0457e-01, -4.7038e-01, -3.1115e-01,  3.3264e-01,
          6.8620e-02],
        [-9.4084e-02, -1.6812e-01,  8.0419e-02, -1.4454e-01,  1.3972e-01,
          2.2827e-01,  2.6487e-02,  3.7402e-01,  7.5918e-01, -6.9291e-02,
          2.9025e-01, -4.5722e-01,  6.7761e-02,  1.3386e-01,  7.3718e-01,
          8.8633e-02],
        [ 2.3845e-01, -3.0314e-01,  4.4610e-01, -1.7346e-01, -4.1195e-01,
         -4.2585e-01, -3.5055e-01, -6.4339e-01, -1.6938e-01, -9.9322e-02,
          1.7388e-01,  1.6142e-01,  7.5054e-01,  3.6174e-01, -7.3698e-02,
          3.4417e-01],
        [ 3.7103e-02, -9.3635e-02, -1.5673e-01,  1.0835e-01, -1.3525e-01,
         -1.3660e-01,  3.3155e-02, -2.6804e-01, -7.4210e-01, -1.5080e-01,
         -2.1715e-01,  4.8668e-01,  1.7854e-01, -3.6666e-01, -4.8745e-01,
         -7.0920e-02],
        [ 9.9108e-02,  2.4561e-01,  4.4691e-02, -1.8191e-01,  2.7049e-01,
          4.1474e-02, -8.6937e-02,  5.1566e-01,  4.8150e-01,  6.3957e-02,
          3.3454e-01, -2.8687e-01,  4.1282e-02, -2.7978e-02,  5.6557e-01,
          2.9284e-02],
        [-1.7049e-01,  5.9234e-01, -4.2939e-01,  4.5229e-01,  6.0379e-01,
          5.7690e-02,  5.4082e-01,  1.6156e-01,  3.7164e-01,  2.3777e-01,
         -3.5147e-01, -2.4391e-01, -4.9456e-01,  9.1592e-02,  4.1170e-01,
         -1.5966e-01],
        [ 1.7373e-01, -4.3738e-03,  1.8971e-01, -2.2207e-02, -1.8265e-01,
         -1.4524e-01, -6.1404e-02, -4.1997e-01, -5.7679e-01,  1.9489e-01,
         -1.2684e-01,  1.9978e-01, -9.9482e-02,  4.7149e-04, -5.3698e-01,
         -3.5554e-02],
        [-2.2767e-01,  7.7575e-02,  1.5671e-01, -2.0015e-01, -4.7376e-01,
         -2.2594e-01,  3.7184e-03, -4.5078e-01, -4.8811e-01, -1.7959e-02,
         -1.4012e-01,  1.8633e-01,  2.5692e-01, -2.9137e-01, -3.2054e-01,
          1.8437e-01],
        [-1.4113e-01,  9.9358e-02,  1.0547e-01, -9.8093e-02, -2.6023e-01,
         -2.9325e-01, -2.1602e-02, -3.4811e-01, -3.7568e-01, -9.8518e-02,
         -3.0425e-01,  2.8501e-01, -1.2947e-01, -2.8728e-02, -7.1297e-01,
         -8.2443e-02],
        [-1.2050e-01,  7.2648e-02,  9.2670e-02, -1.5475e-01,  2.1973e-01,
          1.2265e-01, -7.7238e-02,  4.6220e-01,  6.4927e-01, -2.0785e-01,
          3.3596e-01, -1.9055e-01, -1.9784e-01,  1.0070e-01,  5.2335e-01,
         -3.0191e-02],
        [-2.8894e-01,  4.6659e-01,  5.3944e-02, -1.1927e-01,  1.4032e-01,
          3.9690e-01,  2.5902e-01,  3.0731e-01,  5.9046e-01,  1.2935e-01,
          5.1053e-02, -1.6133e-01, -2.9669e-01,  2.3329e-01,  1.7020e-01,
         -2.4212e-01],
        [ 5.6400e-02,  7.5658e-02,  1.8438e-01, -7.0794e-02,  3.2819e-01,
          5.0476e-02,  2.2302e-01,  3.6146e-01,  5.2011e-01,  1.3181e-01,
          3.8319e-01, -1.1751e-01, -3.7349e-01, -3.5685e-02,  3.7043e-01,
         -2.2914e-02],
        [ 1.7408e-01,  1.1812e-03, -2.2653e-02, -4.4355e-02, -2.5451e-01,
          4.3181e-02, -9.5600e-03, -5.3653e-01, -6.7807e-01,  7.9594e-02,
         -1.3087e-01,  1.8941e-01, -7.2174e-02, -3.2872e-03, -5.0685e-01,
         -1.1715e-01],
        [ 1.9595e-02,  2.0980e-01,  1.5885e-01,  1.4575e-01, -4.5087e-01,
          1.1927e-02,  1.0153e-01, -2.8935e-01, -6.0394e-01,  5.5008e-02,
         -3.1867e-01,  2.8802e-01,  4.3812e-02, -1.3972e-01, -6.9278e-01,
          5.1496e-02],
        [-1.8346e-01, -1.2988e-01,  1.3677e-01, -1.9529e-01,  5.2551e-01,
          3.5560e-01, -5.7052e-02,  3.3719e-01,  3.4968e-01, -3.6036e-02,
          2.2332e-01, -4.9519e-01, -7.4864e-03,  8.7011e-02,  3.7943e-01,
          2.2208e-02],
        [-1.6286e-01, -3.1564e-01,  6.8644e-02,  1.5881e-01, -4.4848e-01,
         -1.9604e-02, -1.6046e-01, -4.9623e-01, -4.6362e-01,  8.8244e-02,
         -5.6902e-02,  5.5353e-01,  1.5315e-01, -1.7220e-01, -1.3498e-01,
         -4.1856e-03],
        [ 6.5953e-02,  1.2941e-01, -5.3164e-02, -1.5133e-01, -4.4551e-01,
          3.0992e-02,  9.6903e-02, -1.8517e-01, -6.9893e-01,  6.6107e-02,
          1.5504e-02,  4.3453e-01,  2.4645e-01,  1.7352e-02, -4.3312e-01,
         -2.6104e-01],
        [-2.6691e-01,  3.2539e-01, -1.7631e-01,  8.1870e-02,  2.8864e-01,
          2.9905e-01,  3.8902e-01,  4.0765e-01,  2.1980e-01,  1.9464e-01,
         -1.1689e-01, -3.4672e-01, -2.9649e-01, -1.2390e-01,  3.3485e-01,
         -1.1446e-01],
        [ 3.4699e-01, -4.0275e-01,  1.7072e-01, -2.9744e-01, -4.9818e-01,
         -4.3112e-01, -5.3080e-01, -1.9249e-01, -5.7731e-01, -1.1506e-01,
          2.2007e-01,  1.2980e-01,  5.2796e-01,  2.6026e-01, -1.1779e-01,
          2.3386e-01],
        [ 4.8921e-01, -3.7355e-01,  3.0292e-01, -1.1623e-01, -6.6608e-01,
         -3.0610e-01, -6.1842e-01, -2.1413e-01, -2.5114e-01, -2.6507e-01,
          1.3533e-01,  4.5348e-01,  2.3849e-01,  1.1781e-01, -1.5926e-01,
          2.4374e-01],
        [-3.3360e-02,  2.1805e-01,  1.2649e-01, -2.0287e-01,  3.3016e-01,
         -7.0623e-02,  2.4947e-01,  4.9975e-01,  3.5413e-01, -1.0327e-01,
         -3.4514e-02, -3.2138e-01, -1.4921e-01, -3.2464e-02,  4.7544e-01,
         -1.0879e-01],
        [-2.1934e-02,  3.8194e-02,  5.6078e-02,  3.0583e-01,  2.7200e-01,
          1.2639e-01,  2.5506e-01,  2.0023e-01,  3.6941e-01,  1.3911e-01,
          3.0722e-01, -5.1293e-01, -3.0930e-01, -2.5757e-01,  2.1429e-01,
          1.3534e-01],
        [ 4.7320e-01, -4.3351e-01,  7.6764e-02, -1.7462e-01, -2.9909e-01,
         -4.4458e-01, -5.3637e-01, -4.3689e-01, -4.3323e-01, -1.4681e-01,
          3.3444e-01,  4.0605e-01,  2.1006e-01,  3.1922e-01, -3.5467e-02,
          2.5624e-01],
        [-1.3245e-02,  1.0859e-01,  7.9847e-02, -1.6283e-01, -2.7617e-01,
         -7.7424e-02,  1.5146e-02, -4.2931e-01, -6.0879e-01, -6.0735e-02,
         -2.1901e-01,  4.3726e-01,  1.5431e-01, -1.4554e-01, -4.3137e-01,
         -2.1942e-01],
        [ 1.3324e-02, -3.1884e-01, -4.6316e-02,  3.9965e-02, -5.1148e-02,
         -1.8493e-01,  1.8387e-01, -3.6029e-01, -7.3772e-01,  2.7896e-01,
          7.4321e-02,  1.4815e-01, -3.1598e-02,  2.8126e-02, -5.9189e-01,
          1.5022e-01],
        [-1.5819e-01, -8.6011e-02, -1.3300e-01,  2.4308e-01, -2.9152e-01,
         -1.6463e-01,  1.0546e-01, -5.0594e-01, -4.8076e-01, -1.2437e-01,
         -3.9711e-01,  1.8912e-01,  9.4583e-02,  1.0995e-01, -6.3096e-01,
         -1.0524e-01],
        [ 4.5496e-01, -2.8572e-01,  4.1074e-01, -4.2375e-01, -5.3829e-01,
         -2.1299e-01, -7.3224e-01, -2.8781e-01, -6.0021e-01, -6.4715e-02,
          2.8232e-01,  3.1177e-01,  6.0941e-01,  3.9430e-01, -7.1591e-02,
          4.2692e-01],
        [-2.0838e-01,  2.5272e-01,  1.7134e-01,  9.1386e-02,  4.7668e-01,
         -5.1728e-03,  3.1758e-01,  3.6336e-01,  2.0822e-01, -5.9031e-02,
          2.8535e-01, -4.3424e-01, -2.5623e-01, -5.5297e-02,  2.1915e-01,
          8.1291e-03],
        [ 2.0299e-01, -1.7075e-01, -4.2320e-03, -1.7882e-02, -4.3451e-01,
         -2.4312e-01, -1.1318e-01, -5.0124e-01, -2.0769e-01,  3.0541e-02,
         -1.2976e-02,  2.8987e-01,  4.2004e-01,  1.6424e-01, -1.5697e-01,
          1.4787e-01],
        [-4.0943e-01,  4.2905e-01, -3.6893e-01,  2.9592e-01,  2.1525e-01,
          2.2271e-01,  6.1391e-01,  5.0383e-01,  5.1385e-01,  2.4391e-01,
          4.2231e-03, -2.5047e-01, -2.2688e-01,  2.1298e-02,  2.2044e-01,
         -2.9209e-01],
        [-3.7404e-01,  3.1226e-01, -5.6394e-02,  1.7321e-02,  4.9763e-01,
          4.3812e-01,  5.9650e-01,  1.9184e-01,  4.1297e-01,  3.0221e-01,
         -3.9280e-01, -2.0941e-01, -6.1609e-01, -2.6426e-01,  1.5821e-01,
         -2.6992e-01],
        [-1.4528e-01, -3.1227e-02,  3.6564e-02,  1.0559e-01, -8.6860e-02,
         -2.3670e-01, -2.6924e-01, -5.4176e-01, -5.9593e-01, -5.6759e-02,
         -2.6719e-02,  1.2074e-01, -7.6892e-02,  3.4105e-02, -5.2093e-01,
          8.9838e-03]], device='cuda:0', requires_grad=True)

Parameter name: road_linear_0.bias
Shape: torch.Size([32])
Values: Parameter containing:
tensor([-0.1250,  0.1413,  0.2096, -0.2213,  0.1906, -0.1708, -0.0250,  0.1477,
        -0.1423,  0.1337, -0.0956,  0.1083, -0.0539, -0.0914,  0.1648, -0.0361,
        -0.1760, -0.1018,  0.2304,  0.1287,  0.0885, -0.1262,  0.1117, -0.1205,
        -0.2116, -0.0408,  0.2378,  0.0264,  0.0416, -0.2602, -0.0959, -0.0591],
       device='cuda:0', requires_grad=True)

Parameter name: road_linear_1.weight
Shape: torch.Size([1, 32])
Values: Parameter containing:
tensor([[ 0.5783,  0.7311, -0.5400, -0.6344,  0.7031,  0.6904, -0.6555, -0.7164,
         -0.6616,  0.7690,  0.5706,  0.7388, -0.6565, -0.8177,  0.6622, -0.6244,
         -0.6792,  0.6452, -0.5031, -0.5319,  0.7829,  0.5533, -0.6478, -0.7407,
         -0.7139, -0.7331, -0.6197,  0.6799, -0.6519,  0.7117,  0.5563, -0.5744]],
       device='cuda:0', requires_grad=True)

Parameter name: linear_0.weight
Shape: torch.Size([32, 39])
Values: Parameter containing:
tensor([[-0.0291,  0.1164,  0.0537,  ...,  0.2016, -0.7314, -0.1137],
        [-0.1424, -0.0317,  0.1433,  ...,  0.0511, -0.6303,  0.0871],
        [ 0.0304, -0.0424,  0.0192,  ...,  0.0666,  0.6762,  0.0345],
        ...,
        [ 0.1399, -0.1552, -0.0428,  ..., -0.1679,  0.3330, -0.1180],
        [ 0.1122, -0.2150, -0.0737,  ..., -0.2319,  0.5091,  0.1557],
        [-0.2276,  0.2045,  0.0702,  ...,  0.0860, -0.6395, -0.0509]],
       device='cuda:0', requires_grad=True)

Parameter name: linear_0.bias
Shape: torch.Size([32])
Values: Parameter containing:
tensor([ 8.7578e-02,  2.4969e-02, -5.8658e-02, -1.3135e-01, -8.7558e-02,
         4.3946e-02, -8.1622e-02,  6.9623e-02, -4.1474e-02,  4.7502e-02,
         5.2126e-02,  1.1397e-02, -2.4185e-02,  1.0914e-01, -1.8580e-02,
        -1.8052e-02,  5.7910e-02, -1.6743e-01,  1.8817e-04,  9.5607e-02,
        -9.9044e-02, -9.1597e-03,  1.2093e-01,  6.5559e-02, -1.0771e-01,
         1.1447e-01,  6.3785e-02, -1.6332e-01,  4.7734e-02,  1.9949e-01,
         1.8043e-01, -1.0114e-01], device='cuda:0', requires_grad=True)

Parameter name: linear_1.weight
Shape: torch.Size([32, 32])
Values: Parameter containing:
tensor([[ 0.1027, -0.2258,  0.0156,  ...,  0.1186, -0.0047,  0.0807],
        [-0.1824, -0.0677,  0.2162,  ...,  0.2125,  0.0085,  0.0507],
        [ 0.1410, -0.0382, -0.2363,  ..., -0.1712, -0.0060,  0.2216],
        ...,
        [ 0.1538,  0.0834,  0.0267,  ...,  0.0505, -0.2350,  0.3716],
        [ 0.0635, -0.2397,  0.1723,  ...,  0.3485,  0.2767, -0.1076],
        [ 0.0224, -0.1416,  0.2973,  ...,  0.2795,  0.1459, -0.0436]],
       device='cuda:0', requires_grad=True)

Parameter name: linear_1.bias
Shape: torch.Size([32])
Values: Parameter containing:
tensor([ 0.1628,  0.2022, -0.0604, -0.1699,  0.0415,  0.0008, -0.1038,  0.0797,
         0.2318, -0.1702,  0.1378, -0.1233,  0.2580,  0.0697, -0.0486,  0.2324,
         0.0821, -0.1986,  0.0617,  0.0815, -0.0992,  0.0621, -0.2289,  0.2365,
         0.0200, -0.0270,  0.0894, -0.0034, -0.2084, -0.0719,  0.2222,  0.0675],
       device='cuda:0', requires_grad=True)

Parameter name: linear_2.weight
Shape: torch.Size([1, 32])
Values: Parameter containing:
tensor([[ 1.2415,  1.1738, -1.2616, -1.2046,  1.0995,  1.1108, -1.1610,  1.0488,
          1.1175, -1.2291, -1.1225,  1.1022,  1.1080,  1.1483,  1.1231,  1.0946,
         -1.2157, -1.2637,  1.1327,  1.0958, -1.1505, -1.1766, -1.2889,  1.1186,
          1.2049,  1.2383, -1.2559,  1.2427, -1.1489, -1.2724,  1.1434,  1.2356]],
       device='cuda:0', requires_grad=True)

Parameter name: linear_2.bias
Shape: torch.Size([1])
Values: Parameter containing:
tensor([0.9688], device='cuda:0', requires_grad=True)

