Parameter name: road_linear_0.weight
Shape: torch.Size([32, 16])
Values: Parameter containing:
tensor([[-3.0662e-01,  5.0746e-01,  6.8466e-02, -6.7971e-02,  4.0569e-01,
          2.0984e-01,  4.1137e-01,  1.9452e-01,  3.6656e-01,  1.8956e-01,
          1.3884e-01, -3.4298e-01, -4.0031e-01, -2.6569e-01,  3.8154e-01,
          1.1430e-01],
        [-9.0058e-02, -1.5293e-01,  8.3851e-02, -1.4810e-01,  1.5598e-01,
          2.1384e-01,  3.2634e-02,  3.7941e-01,  7.3308e-01, -5.2540e-02,
          3.0511e-01, -4.7279e-01,  8.3390e-02,  1.3722e-01,  7.1591e-01,
          9.3027e-02],
        [ 1.6486e-01, -2.4702e-01,  3.6705e-01, -1.0745e-01, -4.1476e-01,
         -3.7989e-01, -2.6115e-01, -6.7679e-01, -1.9117e-01, -6.3062e-02,
          9.5998e-02,  1.8814e-01,  6.5279e-01,  2.8902e-01, -1.1912e-01,
          2.7138e-01],
        [ 3.8573e-02, -1.1626e-01, -1.5662e-01,  1.0924e-01, -1.5846e-01,
         -1.2514e-01,  2.2582e-02, -2.7583e-01, -7.1336e-01, -1.7194e-01,
         -2.2878e-01,  5.0778e-01,  1.6705e-01, -3.6649e-01, -4.6939e-01,
         -7.2115e-02],
        [ 9.5536e-02,  2.6949e-01,  4.1866e-02, -1.8074e-01,  2.9745e-01,
          3.3140e-02, -7.3188e-02,  5.2440e-01,  4.5518e-01,  8.6367e-02,
          3.4454e-01, -3.0928e-01,  4.9944e-02, -3.0374e-02,  5.4694e-01,
          2.8725e-02],
        [-9.9220e-02,  5.4339e-01, -3.4928e-01,  3.8479e-01,  6.1433e-01,
          1.3598e-02,  4.5361e-01,  1.9583e-01,  3.9376e-01,  2.0482e-01,
         -2.7593e-01, -2.8021e-01, -4.0692e-01,  1.6184e-01,  4.6588e-01,
         -8.8469e-02],
        [ 1.8139e-01, -3.4455e-02,  1.9559e-01, -2.6242e-02, -2.2159e-01,
         -1.4247e-01, -7.8004e-02, -4.3637e-01, -5.5242e-01,  1.6934e-01,
         -1.3488e-01,  2.3118e-01, -1.0462e-01,  5.0562e-03, -5.2651e-01,
         -3.2877e-02],
        [-2.2413e-01,  5.0809e-02,  1.5948e-01, -2.0203e-01, -5.2133e-01,
         -2.2378e-01, -8.7690e-03, -4.7329e-01, -4.7385e-01, -4.0595e-02,
         -1.5433e-01,  2.2085e-01,  2.4827e-01, -2.9057e-01, -3.1726e-01,
          1.8382e-01],
        [-1.3452e-01,  7.0565e-02,  1.0962e-01, -1.0040e-01, -2.8884e-01,
         -2.8616e-01, -3.6894e-02, -3.5735e-01, -3.4597e-01, -1.2323e-01,
         -3.1176e-01,  3.1034e-01, -1.3572e-01, -2.4824e-02, -6.9574e-01,
         -8.0371e-02],
        [-1.2057e-01,  9.2833e-02,  9.2568e-02, -1.5549e-01,  2.4261e-01,
          1.1202e-01, -6.7026e-02,  4.7002e-01,  6.2116e-01, -1.8786e-01,
          3.4830e-01, -2.1090e-01, -1.8589e-01,  1.0108e-01,  5.0472e-01,
         -2.8467e-02],
        [-2.5787e-01,  4.5507e-01,  8.1645e-02, -1.4154e-01,  1.9354e-01,
          3.7622e-01,  2.3181e-01,  3.4485e-01,  6.1083e-01,  1.2840e-01,
          9.7495e-02, -1.9678e-01, -2.4901e-01,  2.6018e-01,  1.9773e-01,
         -2.1486e-01],
        [ 5.1286e-02,  1.0474e-01,  1.8200e-01, -6.9703e-02,  3.6978e-01,
          4.3495e-02,  2.3629e-01,  3.7891e-01,  4.9585e-01,  1.5628e-01,
          3.9416e-01, -1.4906e-01, -3.6428e-01, -3.7446e-02,  3.6253e-01,
         -2.2944e-02],
        [ 1.8077e-01, -2.6966e-02, -1.7796e-02, -4.7255e-02, -2.8574e-01,
          4.9495e-02, -2.5467e-02, -5.4716e-01, -6.4927e-01,  5.4818e-02,
         -1.3888e-01,  2.1594e-01, -7.8574e-02,  1.0124e-03, -4.9132e-01,
         -1.1486e-01],
        [ 2.0450e-02,  1.8923e-01,  1.5971e-01,  1.4603e-01, -4.7271e-01,
          2.2006e-02,  9.0520e-02, -2.9663e-01, -5.7715e-01,  3.4745e-02,
         -3.3001e-01,  3.0795e-01,  3.2839e-02, -1.3935e-01, -6.7279e-01,
          5.0292e-02],
        [-1.8981e-01, -1.0140e-01,  1.3276e-01, -1.9308e-01,  5.5605e-01,
          3.4888e-01, -4.1985e-02,  3.4746e-01,  3.2196e-01, -1.1549e-02,
          2.3147e-01, -5.2134e-01, -1.3359e-03,  8.3262e-02,  3.6391e-01,
          2.0229e-02],
        [-1.5704e-01, -3.4624e-01,  7.0954e-02,  1.5767e-01, -4.9729e-01,
         -1.4864e-02, -1.7346e-01, -5.1698e-01, -4.4482e-01,  6.3629e-02,
         -6.8156e-02,  5.8853e-01,  1.4529e-01, -1.7027e-01, -1.3224e-01,
         -3.6122e-03],
        [ 7.1379e-02,  1.0180e-01, -4.8312e-02, -1.5467e-01, -4.7589e-01,
          3.6846e-02,  8.1422e-02, -1.9476e-01, -6.6488e-01,  4.1896e-02,
          7.4519e-03,  4.5899e-01,  2.3895e-01,  2.0589e-02, -4.1566e-01,
         -2.5931e-01],
        [-2.1221e-01,  2.9127e-01, -1.1813e-01,  3.5480e-02,  3.2167e-01,
          2.6149e-01,  3.2334e-01,  4.4713e-01,  2.4588e-01,  1.7724e-01,
         -5.1602e-02, -3.8311e-01, -2.2417e-01, -7.4663e-02,  3.8143e-01,
         -6.5434e-02],
        [ 2.7148e-01, -3.4310e-01,  9.3339e-02, -2.3366e-01, -5.0426e-01,
         -3.8803e-01, -4.4325e-01, -2.2487e-01, -6.0377e-01, -7.6864e-02,
          1.4130e-01,  1.5491e-01,  4.2879e-01,  1.8722e-01, -1.6212e-01,
          1.6081e-01],
        [ 4.1990e-01, -3.2920e-01,  2.1992e-01, -4.4456e-02, -6.5665e-01,
         -2.5327e-01, -5.2716e-01, -2.4251e-01, -2.5950e-01, -2.3604e-01,
          6.1178e-02,  4.8337e-01,  1.5163e-01,  4.7523e-02, -2.0891e-01,
          1.7089e-01],
        [-3.7656e-02,  2.4503e-01,  1.2435e-01, -2.0191e-01,  3.8069e-01,
         -7.2768e-02,  2.6184e-01,  5.2391e-01,  3.4432e-01, -8.0507e-02,
         -2.0194e-02, -3.5895e-01, -1.4193e-01, -3.3843e-02,  4.7788e-01,
         -1.0858e-01],
        [-1.5814e-03,  3.7942e-02,  7.5702e-02,  2.8968e-01,  3.1595e-01,
          1.0535e-01,  2.3916e-01,  2.2901e-01,  3.7656e-01,  1.4607e-01,
          3.4351e-01, -5.4541e-01, -2.7297e-01, -2.3965e-01,  2.2932e-01,
          1.5487e-01],
        [ 4.0044e-01, -3.8084e-01, -2.4222e-03, -1.0806e-01, -2.9880e-01,
         -3.9679e-01, -4.4712e-01, -4.6936e-01, -4.5096e-01, -1.1322e-01,
          2.5749e-01,  4.3353e-01,  1.1709e-01,  2.4801e-01, -8.1677e-02,
          1.8425e-01],
        [-5.9763e-03,  7.7831e-02,  8.3887e-02, -1.6531e-01, -3.0640e-01,
         -6.9552e-02, -1.4094e-04, -4.3836e-01, -5.7505e-01, -8.6342e-02,
         -2.2607e-01,  4.6275e-01,  1.4773e-01, -1.4166e-01, -4.1478e-01,
         -2.1706e-01],
        [ 1.7524e-02, -3.4419e-01, -4.1132e-02,  3.6210e-02, -8.2881e-02,
         -1.8121e-01,  1.6822e-01, -3.7088e-01, -7.0808e-01,  2.5588e-01,
          6.5346e-02,  1.7317e-01, -3.8926e-02,  3.1104e-02, -5.7496e-01,
          1.5165e-01],
        [-1.5604e-01, -1.0664e-01, -1.2892e-01,  2.4083e-01, -3.1696e-01,
         -1.5972e-01,  9.1123e-02, -5.1477e-01, -4.5802e-01, -1.4513e-01,
         -4.0723e-01,  2.0967e-01,  8.7182e-02,  1.1245e-01, -6.1045e-01,
         -1.0497e-01],
        [ 3.8137e-01, -2.2464e-01,  3.3274e-01, -3.5604e-01, -5.2370e-01,
         -1.6391e-01, -6.4511e-01, -3.0687e-01, -6.1563e-01, -2.1957e-02,
          2.0949e-01,  3.2257e-01,  5.1057e-01,  3.1693e-01, -1.0665e-01,
          3.4777e-01],
        [-1.9615e-01,  2.6274e-01,  1.8264e-01,  8.1792e-02,  5.3277e-01,
         -1.6244e-02,  3.1287e-01,  3.9409e-01,  2.1267e-01, -4.6983e-02,
          3.1435e-01, -4.7003e-01, -2.3166e-01, -4.3683e-02,  2.3137e-01,
          2.0979e-02],
        [ 1.7137e-01, -1.5866e-01, -3.0880e-02,  3.2527e-03, -4.8861e-01,
         -2.2402e-01, -8.7230e-02, -5.3826e-01, -2.2760e-01,  3.1888e-02,
         -5.8960e-02,  3.2381e-01,  3.7378e-01,  1.3726e-01, -1.8153e-01,
          1.2077e-01],
        [-3.4290e-01,  3.8631e-01, -2.9022e-01,  2.2956e-01,  2.1898e-01,
          1.7470e-01,  5.2530e-01,  5.3840e-01,  5.2913e-01,  2.1685e-01,
          7.7579e-02, -2.8463e-01, -1.4123e-01,  8.7401e-02,  2.7171e-01,
         -2.2508e-01],
        [-3.0162e-01,  2.5732e-01,  2.2169e-02, -4.8553e-02,  4.9427e-01,
          3.8869e-01,  5.0927e-01,  2.1945e-01,  4.3123e-01,  2.6783e-01,
         -3.1648e-01, -2.3422e-01, -5.1950e-01, -1.9294e-01,  2.0222e-01,
         -1.9789e-01],
        [-1.3833e-01, -6.1835e-02,  4.1261e-02,  1.0244e-01, -1.2717e-01,
         -2.3206e-01, -2.8504e-01, -5.5756e-01, -5.6932e-01, -8.2214e-02,
         -3.5545e-02,  1.5182e-01, -8.3502e-02,  3.7774e-02, -5.1069e-01,
          1.0867e-02]], device='cuda:0', requires_grad=True)

Parameter name: road_linear_0.bias
Shape: torch.Size([32])
Values: Parameter containing:
tensor([-0.1025,  0.1649,  0.1885, -0.2350,  0.2091, -0.1542, -0.0407,  0.1217,
        -0.1513,  0.1558, -0.0505,  0.1197, -0.0670, -0.1155,  0.1742, -0.0441,
        -0.1913, -0.0738,  0.2017,  0.1259,  0.1059, -0.0913,  0.0948, -0.1248,
        -0.2362, -0.0689,  0.2239,  0.0600, -0.0060, -0.2517, -0.0757, -0.0711],
       device='cuda:0', requires_grad=True)

Parameter name: road_linear_1.weight
Shape: torch.Size([1, 32])
Values: Parameter containing:
tensor([[ 0.5424,  0.7126, -0.4660, -0.6228,  0.6972,  0.6282, -0.6255, -0.6890,
         -0.6434,  0.7483,  0.5405,  0.7238, -0.6352, -0.7955,  0.6525, -0.6225,
         -0.6504,  0.6068, -0.4336, -0.4753,  0.7714,  0.5380, -0.5852, -0.7243,
         -0.6791, -0.7228, -0.5370,  0.6776, -0.6237,  0.6562,  0.4889, -0.5532]],
       device='cuda:0', requires_grad=True)

Parameter name: linear_0.weight
Shape: torch.Size([32, 39])
Values: Parameter containing:
tensor([[-0.0246,  0.1052,  0.0532,  ...,  0.1988, -0.5899, -0.1137],
        [-0.1397, -0.0357,  0.1413,  ...,  0.0526, -0.5177,  0.0871],
        [ 0.0278, -0.0392,  0.0213,  ...,  0.0649,  0.5379,  0.0345],
        ...,
        [ 0.1385, -0.1539, -0.0416,  ..., -0.1688,  0.2336, -0.1180],
        [ 0.1112, -0.2122, -0.0737,  ..., -0.2313,  0.3927,  0.1557],
        [-0.2221,  0.1906,  0.0698,  ...,  0.0844, -0.5133, -0.0509]],
       device='cuda:0', requires_grad=True)

Parameter name: linear_0.bias
Shape: torch.Size([32])
Values: Parameter containing:
tensor([ 0.0867,  0.0265, -0.0604, -0.1335, -0.0860,  0.0436, -0.0830,  0.0707,
        -0.0403,  0.0480,  0.0522,  0.0140, -0.0243,  0.1070, -0.0207, -0.0180,
         0.0555, -0.1664, -0.0003,  0.0939, -0.0966, -0.0057,  0.1198,  0.0595,
        -0.1084,  0.1135,  0.0615, -0.1572,  0.0463,  0.1986,  0.1810, -0.1024],
       device='cuda:0', requires_grad=True)

Parameter name: linear_1.weight
Shape: torch.Size([32, 32])
Values: Parameter containing:
tensor([[ 0.0971, -0.2215,  0.0096,  ...,  0.1131, -0.0028,  0.0706],
        [-0.1872, -0.0640,  0.2105,  ...,  0.2076,  0.0106,  0.0418],
        [ 0.1371, -0.0340, -0.2403,  ..., -0.1746, -0.0116,  0.2179],
        ...,
        [ 0.1460,  0.0874,  0.0221,  ...,  0.0459, -0.2315,  0.3502],
        [ 0.0550, -0.2317,  0.1617,  ...,  0.3395,  0.2753, -0.1218],
        [ 0.0177, -0.1381,  0.2921,  ...,  0.2748,  0.1484, -0.0526]],
       device='cuda:0', requires_grad=True)

Parameter name: linear_1.bias
Shape: torch.Size([32])
Values: Parameter containing:
tensor([ 0.1577,  0.1978, -0.0641, -0.1642,  0.0406, -0.0018, -0.1013,  0.0705,
         0.2237, -0.1737,  0.1366, -0.1486,  0.2509,  0.0709, -0.0556,  0.2240,
         0.0365, -0.1962,  0.0634,  0.0763, -0.0930,  0.0625, -0.2333,  0.2329,
         0.0163, -0.0342,  0.0842,  0.0031, -0.2038, -0.0771,  0.2136,  0.0632],
       device='cuda:0', requires_grad=True)

Parameter name: linear_2.weight
Shape: torch.Size([1, 32])
Values: Parameter containing:
tensor([[ 1.1476,  1.0751, -1.1357, -1.1128,  0.9829,  0.9994, -1.0503,  0.9638,
          1.0305, -1.1015, -1.0155,  1.0139,  1.0146,  1.0261,  1.0371,  1.0102,
         -1.1294, -1.1574,  1.0118,  1.0002, -1.0598, -1.0596, -1.1657,  1.0160,
          1.1027,  1.1371, -1.1374,  1.1144, -1.0533, -1.1574,  1.0591,  1.1341]],
       device='cuda:0', requires_grad=True)

Parameter name: linear_2.bias
Shape: torch.Size([1])
Values: Parameter containing:
tensor([0.8858], device='cuda:0', requires_grad=True)

Parameter name: road_linear_0.weight
Shape: torch.Size([32, 16])
Values: Parameter containing:
tensor([[-3.1020e-01,  5.1020e-01,  6.5802e-02, -6.4821e-02,  4.0602e-01,
          2.0962e-01,  4.1307e-01,  1.9067e-01,  3.6133e-01,  1.9329e-01,
          1.3641e-01, -3.4255e-01, -4.0035e-01, -2.6811e-01,  3.7813e-01,
          1.1102e-01],
        [-9.2730e-02, -1.5226e-01,  8.1139e-02, -1.4492e-01,  1.5685e-01,
          2.1222e-01,  3.5027e-02,  3.7816e-01,  7.3011e-01, -4.9181e-02,
          3.0634e-01, -4.7340e-01,  8.6341e-02,  1.3506e-01,  7.1043e-01,
          9.0028e-02],
        [ 1.6763e-01, -2.4875e-01,  3.6923e-01, -1.1021e-01, -4.1067e-01,
         -3.7845e-01, -2.6185e-01, -6.7306e-01, -1.8677e-01, -6.6219e-02,
          9.7941e-02,  1.8556e-01,  6.5307e-01,  2.9079e-01, -1.1571e-01,
          2.7407e-01],
        [ 4.1577e-02, -1.1788e-01, -1.5366e-01,  1.0587e-01, -1.5934e-01,
         -1.2365e-01,  1.9949e-02, -2.7432e-01, -7.0916e-01, -1.7547e-01,
         -2.2958e-01,  5.0850e-01,  1.6454e-01, -3.6412e-01, -4.6360e-01,
         -6.8884e-02],
        [ 9.2290e-02,  2.7152e-01,  3.8844e-02, -1.7735e-01,  2.9834e-01,
          3.1733e-02, -7.0471e-02,  5.2299e-01,  4.5029e-01,  9.0037e-02,
          3.4519e-01, -3.1030e-01,  5.2240e-02, -3.2859e-02,  5.4130e-01,
          2.5382e-02],
        [-1.0212e-01,  5.4525e-01, -3.5134e-01,  3.8746e-01,  6.1000e-01,
          1.2103e-02,  4.5445e-01,  1.9225e-01,  3.8948e-01,  2.0803e-01,
         -2.7793e-01, -2.7781e-01, -4.0694e-01,  1.5998e-01,  4.6294e-01,
         -9.1213e-02],
        [ 1.8521e-01, -3.7286e-02,  1.9901e-01, -2.9942e-02, -2.2236e-01,
         -1.4128e-01, -8.1029e-02, -4.3291e-01, -5.4596e-01,  1.6534e-01,
         -1.3471e-01,  2.3259e-01, -1.0623e-01,  7.8916e-03, -5.2094e-01,
         -2.9142e-02],
        [-2.2028e-01,  4.7913e-02,  1.6290e-01, -2.0573e-01, -5.2200e-01,
         -2.2262e-01, -1.1738e-02, -4.6900e-01, -4.6745e-01, -4.4591e-02,
         -1.5221e-01,  2.2245e-01,  2.4674e-01, -2.8774e-01, -3.1194e-01,
          1.8756e-01],
        [-1.3114e-01,  6.8339e-02,  1.1280e-01, -1.0392e-01, -2.8959e-01,
         -2.8477e-01, -3.9730e-02, -3.5569e-01, -3.4013e-01, -1.2697e-01,
         -3.1214e-01,  3.1124e-01, -1.3789e-01, -2.2237e-02, -6.9004e-01,
         -7.6900e-02],
        [-1.2357e-01,  9.4133e-02,  8.9599e-02, -1.5212e-01,  2.4361e-01,
          1.1064e-01, -6.4362e-02,  4.6869e-01,  6.1767e-01, -1.8433e-01,
          3.4918e-01, -2.1170e-01, -1.8333e-01,  9.8686e-02,  4.9911e-01,
         -3.1685e-02],
        [-2.6164e-01,  4.5788e-01,  7.8472e-02, -1.3799e-01,  1.9399e-01,
          3.7526e-01,  2.3419e-01,  3.4070e-01,  6.0492e-01,  1.3231e-01,
          9.4800e-02, -1.9891e-01, -2.4908e-01,  2.5754e-01,  1.9321e-01,
         -2.1845e-01],
        [ 4.7730e-02,  1.0734e-01,  1.7866e-01, -6.6050e-02,  3.7067e-01,
          4.2395e-02,  2.3922e-01,  3.7564e-01,  4.8979e-01,  1.6011e-01,
          3.9421e-01, -1.5044e-01, -3.6252e-01, -4.0153e-02,  3.5696e-01,
         -2.6534e-02],
        [ 1.8437e-01, -2.9491e-02, -1.4548e-02, -5.0830e-02, -2.8658e-01,
          5.0813e-02, -2.8365e-02, -5.4559e-01, -6.4303e-01,  5.0942e-02,
         -1.3910e-01,  2.1716e-01, -8.0492e-02,  3.7017e-03, -4.8558e-01,
         -1.1128e-01],
        [ 2.3492e-02,  1.8755e-01,  1.6267e-01,  1.4268e-01, -4.7359e-01,
          2.3451e-02,  8.7874e-02, -2.9525e-01, -5.7254e-01,  3.1211e-02,
         -3.3079e-01,  3.0878e-01,  3.0385e-02, -1.3695e-01, -6.6722e-01,
          5.3525e-02],
        [-1.9320e-01, -9.9216e-02,  1.2960e-01, -1.8958e-01,  5.5689e-01,
          3.4751e-01, -3.9147e-02,  3.4591e-01,  3.1642e-01, -7.7982e-03,
          2.3190e-01, -5.2232e-01,  8.4186e-04,  8.0657e-02,  3.5827e-01,
          1.6766e-02],
        [-1.5325e-01, -3.4917e-01,  7.4252e-02,  1.5404e-01, -4.9813e-01,
         -1.3606e-02, -1.7630e-01, -5.1406e-01, -4.3839e-01,  5.9652e-02,
         -6.8156e-02,  5.9021e-01,  1.4359e-01, -1.6750e-01, -1.2681e-01,
          8.3957e-05],
        [ 7.4599e-02,  9.9686e-02, -4.5071e-02, -1.5826e-01, -4.7674e-01,
          3.8104e-02,  7.8529e-02, -1.9294e-01, -6.5911e-01,  3.8274e-02,
          7.0622e-03,  4.5981e-01,  2.3677e-01,  2.3152e-02, -4.0973e-01,
         -2.5588e-01],
        [-2.1566e-01,  2.9385e-01, -1.2083e-01,  3.8673e-02,  3.2120e-01,
          2.6029e-01,  3.2503e-01,  4.4325e-01,  2.4068e-01,  1.8091e-01,
         -5.3965e-02, -3.8306e-01, -2.2328e-01, -7.7027e-02,  3.7776e-01,
         -6.8686e-02],
        [ 2.7422e-01, -3.4496e-01,  9.5575e-02, -2.3649e-01, -5.0052e-01,
         -3.8659e-01, -4.4406e-01, -2.2112e-01, -5.9923e-01, -8.0038e-02,
          1.4319e-01,  1.5239e-01,  4.2853e-01,  1.8893e-01, -1.5867e-01,
          1.6351e-01],
        [ 4.2283e-01, -3.3088e-01,  2.2197e-01, -4.7139e-02, -6.5354e-01,
         -2.5259e-01, -5.2776e-01, -2.3863e-01, -2.5500e-01, -2.3936e-01,
          6.3140e-02,  4.8078e-01,  1.5166e-01,  4.9379e-02, -2.0551e-01,
          1.7365e-01],
        [-4.1664e-02,  2.4827e-01,  1.2103e-01, -1.9829e-01,  3.8159e-01,
         -7.3975e-02,  2.6473e-01,  5.1982e-01,  3.3788e-01, -7.6414e-02,
         -2.1932e-02, -3.6114e-01, -1.4060e-01, -3.6720e-02,  4.7288e-01,
         -1.1235e-01],
        [-5.5083e-03,  4.0858e-02,  7.2399e-02,  2.9333e-01,  3.1625e-01,
          1.0402e-01,  2.4173e-01,  2.2465e-01,  3.7026e-01,  1.5015e-01,
          3.4084e-01, -5.4715e-01, -2.7126e-01, -2.4241e-01,  2.2443e-01,
          1.5116e-01],
        [ 4.0338e-01, -3.8278e-01, -1.4778e-04, -1.1090e-01, -2.9559e-01,
         -3.9546e-01, -4.4802e-01, -4.6556e-01, -4.4640e-01, -1.1653e-01,
          2.5951e-01,  4.3098e-01,  1.1704e-01,  2.4993e-01, -7.8198e-02,
          1.8707e-01],
        [-2.6025e-03,  7.5607e-02,  8.7104e-02, -1.6886e-01, -3.0726e-01,
         -6.8235e-02, -3.0309e-03, -4.3671e-01, -5.6950e-01, -9.0063e-02,
         -2.2643e-01,  4.6367e-01,  1.4564e-01, -1.3903e-01, -4.0896e-01,
         -2.1357e-01],
        [ 2.0826e-02, -3.4639e-01, -3.7876e-02,  3.2620e-02, -8.3830e-02,
         -1.8001e-01,  1.6529e-01, -3.6924e-01, -7.0227e-01,  2.5222e-01,
          6.4969e-02,  1.7412e-01, -4.1000e-02,  3.3717e-02, -5.6912e-01,
          1.5510e-01],
        [-1.5274e-01, -1.0861e-01, -1.2592e-01,  2.3747e-01, -3.1768e-01,
         -1.5834e-01,  8.8394e-02, -5.1354e-01, -4.5478e-01, -1.4886e-01,
         -4.0796e-01,  2.1095e-01,  8.4739e-02,  1.1495e-01, -6.0489e-01,
         -1.0163e-01],
        [ 3.8374e-01, -2.2604e-01,  3.3447e-01, -3.5828e-01, -5.1892e-01,
         -1.6210e-01, -6.4540e-01, -3.0314e-01, -6.1145e-01, -2.4792e-02,
          2.1122e-01,  3.1976e-01,  5.1066e-01,  3.1815e-01, -1.0339e-01,
          3.4995e-01],
        [-1.9994e-01,  2.6565e-01,  1.7943e-01,  8.5361e-02,  5.3338e-01,
         -1.7527e-02,  3.1546e-01,  3.8980e-01,  2.0645e-01, -4.3011e-02,
          3.1243e-01, -4.7200e-01, -2.2994e-01, -4.6381e-02,  2.2648e-01,
          1.7345e-02],
        [ 1.7511e-01, -1.6144e-01, -2.7665e-02, -3.2668e-04, -4.8898e-01,
         -2.2288e-01, -8.9684e-02, -5.3406e-01, -2.2168e-01,  2.7986e-02,
         -5.6269e-02,  3.2582e-01,  3.7225e-01,  1.3992e-01, -1.7692e-01,
          1.2436e-01],
        [-3.4598e-01,  3.8825e-01, -2.9247e-01,  2.3238e-01,  2.1662e-01,
          1.7426e-01,  5.2633e-01,  5.3465e-01,  5.2459e-01,  2.2024e-01,
          7.5501e-02, -2.8212e-01, -1.4139e-01,  8.5354e-02,  2.6844e-01,
         -2.2798e-01],
        [-3.0442e-01,  2.5922e-01,  1.9967e-02, -4.5771e-02,  4.9092e-01,
          3.8732e-01,  5.1004e-01,  2.1564e-01,  4.2664e-01,  2.7104e-01,
         -3.1842e-01, -2.3192e-01, -5.1968e-01, -1.9470e-01,  1.9879e-01,
         -2.0059e-01],
        [-1.3460e-01, -6.4558e-02,  4.4697e-02,  9.8719e-02, -1.2799e-01,
         -2.3097e-01, -2.8807e-01, -5.5488e-01, -5.6298e-01, -8.6159e-02,
         -3.5461e-02,  1.5319e-01, -8.5171e-02,  4.0577e-02, -5.0506e-01,
          1.4577e-02]], device='cuda:0', requires_grad=True)

Parameter name: road_linear_0.bias
Shape: torch.Size([32])
Values: Parameter containing:
tensor([-0.1016,  0.1689,  0.1905, -0.2387,  0.2117, -0.1563, -0.0413,  0.1236,
        -0.1540,  0.1595, -0.0540,  0.1221, -0.0689, -0.1191,  0.1767, -0.0456,
        -0.1951, -0.0736,  0.2045,  0.1257,  0.1063, -0.0903,  0.0958, -0.1277,
        -0.2397, -0.0711,  0.2263,  0.0612, -0.0030, -0.2508, -0.0786, -0.0728],
       device='cuda:0', requires_grad=True)

Parameter name: road_linear_1.weight
Shape: torch.Size([1, 32])
Values: Parameter containing:
tensor([[ 0.5434,  0.7073, -0.4670, -0.6173,  0.6920,  0.6295, -0.6196, -0.6872,
         -0.6400,  0.7428,  0.5411,  0.7209, -0.6292, -0.7899,  0.6471, -0.6202,
         -0.6442,  0.6079, -0.4346, -0.4769,  0.7685,  0.5386, -0.5865, -0.7186,
         -0.6729, -0.7174, -0.5381,  0.6772, -0.6243,  0.6577,  0.4899, -0.5474]],
       device='cuda:0', requires_grad=True)

Parameter name: linear_0.weight
Shape: torch.Size([32, 39])
Values: Parameter containing:
tensor([[-0.0259,  0.1070,  0.0541,  ...,  0.1980, -0.5920, -0.1137],
        [-0.1403, -0.0344,  0.1416,  ...,  0.0525, -0.5201,  0.0871],
        [ 0.0285, -0.0406,  0.0211,  ...,  0.0651,  0.5401,  0.0345],
        ...,
        [ 0.1390, -0.1552, -0.0417,  ..., -0.1688,  0.2356, -0.1180],
        [ 0.1120, -0.2137, -0.0740,  ..., -0.2311,  0.3950,  0.1557],
        [-0.2236,  0.1926,  0.0709,  ...,  0.0834, -0.5158, -0.0509]],
       device='cuda:0', requires_grad=True)

Parameter name: linear_0.bias
Shape: torch.Size([32])
Values: Parameter containing:
tensor([ 0.0859,  0.0264, -0.0603, -0.1341, -0.0861,  0.0446, -0.0829,  0.0699,
        -0.0400,  0.0479,  0.0513,  0.0144, -0.0246,  0.1071, -0.0207, -0.0176,
         0.0551, -0.1666, -0.0011,  0.0940, -0.0960, -0.0055,  0.1200,  0.0594,
        -0.1087,  0.1138,  0.0616, -0.1570,  0.0458,  0.1986,  0.1812, -0.1033],
       device='cuda:0', requires_grad=True)

Parameter name: linear_1.weight
Shape: torch.Size([32, 32])
Values: Parameter containing:
tensor([[ 0.0970, -0.2215,  0.0094,  ...,  0.1131, -0.0024,  0.0701],
        [-0.1873, -0.0640,  0.2103,  ...,  0.2076,  0.0111,  0.0412],
        [ 0.1369, -0.0336, -0.2407,  ..., -0.1749, -0.0124,  0.2183],
        ...,
        [ 0.1453,  0.0883,  0.0210,  ...,  0.0450, -0.2325,  0.3500],
        [ 0.0548, -0.2316,  0.1614,  ...,  0.3394,  0.2756, -0.1216],
        [ 0.0175, -0.1381,  0.2920,  ...,  0.2748,  0.1489, -0.0533]],
       device='cuda:0', requires_grad=True)

Parameter name: linear_1.bias
Shape: torch.Size([32])
Values: Parameter containing:
tensor([ 0.1577,  0.1977, -0.0644, -0.1641,  0.0407, -0.0017, -0.1014,  0.0703,
         0.2235, -0.1741,  0.1353, -0.1472,  0.2507,  0.0711, -0.0557,  0.2239,
         0.0363, -0.1961,  0.0635,  0.0762, -0.0928,  0.0625, -0.2339,  0.2329,
         0.0163, -0.0323,  0.0835,  0.0035, -0.2037, -0.0779,  0.2135,  0.0632],
       device='cuda:0', requires_grad=True)

Parameter name: linear_2.weight
Shape: torch.Size([1, 32])
Values: Parameter containing:
tensor([[ 1.1478,  1.0753, -1.1367, -1.1129,  0.9834,  0.9998, -1.0507,  0.9639,
          1.0306, -1.1028, -1.0145,  1.0127,  1.0148,  1.0268,  1.0372,  1.0103,
         -1.1280, -1.1577,  1.0124,  1.0004, -1.0600, -1.0601, -1.1652,  1.0163,
          1.1030,  1.1360, -1.1366,  1.1158, -1.0534, -1.1565,  1.0592,  1.1343]],
       device='cuda:0', requires_grad=True)

Parameter name: linear_2.bias
Shape: torch.Size([1])
Values: Parameter containing:
tensor([0.8859], device='cuda:0', requires_grad=True)

