Parameter name: road_linear_0.weight
Shape: torch.Size([32, 16])
Values: Parameter containing:
tensor([[ 0.0075,  0.3911,  0.3025, -0.3080, -0.1907, -0.1514, -0.0983, -0.4077,
         -0.3293, -0.0776, -0.0140,  0.2133, -0.3422, -0.0715, -0.0687,  0.3956],
        [-0.2507, -0.3795, -0.0928, -0.0299, -0.0285,  0.2483,  0.1745,  0.1751,
          0.4893,  0.1357,  0.2840, -0.2765,  0.3884, -0.0203,  0.3692, -0.0934],
        [ 0.1085,  0.2957,  0.3908, -0.1199, -0.1123, -0.3458, -0.1219, -0.4742,
         -0.1423, -0.0972, -0.1498, -0.0076, -0.0260,  0.3539, -0.0650,  0.3026],
        [ 0.2878,  0.1088,  0.0885, -0.0656, -0.0665, -0.2184, -0.1901, -0.1401,
         -0.5398, -0.4279, -0.2019,  0.4053, -0.1087, -0.1233, -0.2421,  0.1840],
        [-0.1034,  0.0408, -0.1682, -0.0397,  0.1714,  0.0953,  0.0644,  0.3519,
          0.2486,  0.3081,  0.3374, -0.1912,  0.3592, -0.2293,  0.3283, -0.1803],
        [-0.0346,  0.0611, -0.3764,  0.4062,  0.3725,  0.0009,  0.3155,  0.0265,
          0.3904,  0.2445, -0.0790, -0.1412,  0.1701,  0.1124,  0.4816, -0.1187],
        [ 0.3682,  0.2385,  0.3989, -0.1665, -0.0530, -0.2046, -0.1983, -0.2500,
         -0.3553, -0.0294, -0.0307,  0.0754, -0.3834,  0.1953, -0.3284,  0.1655],
        [-0.0530,  0.3596,  0.3593, -0.3504, -0.3507, -0.2986, -0.1198, -0.2884,
         -0.3006, -0.2311, -0.0861,  0.0559, -0.0679, -0.0994, -0.1575,  0.3773],
        [ 0.0405,  0.3576,  0.3026, -0.2362, -0.0541, -0.3450, -0.1783, -0.1125,
         -0.0482, -0.3221, -0.2765,  0.0675, -0.4448,  0.1617, -0.3296,  0.1178],
        [-0.3136, -0.1669, -0.1139, -0.0090,  0.1037,  0.1783,  0.0998,  0.2837,
          0.3912,  0.0269,  0.3608, -0.0504,  0.1566, -0.1004,  0.2465, -0.2410],
        [-0.3773,  0.0208, -0.0739, -0.0359, -0.0250,  0.4490,  0.2814,  0.1732,
          0.4776,  0.2840,  0.2170, -0.0406,  0.2313,  0.1043,  0.0580, -0.3695],
        [-0.1525, -0.2092, -0.0436,  0.0965,  0.1985,  0.1418,  0.4153,  0.1868,
          0.2780,  0.3777,  0.4068,  0.0287, -0.0286, -0.2751,  0.0812, -0.2503],
        [ 0.3405,  0.2828,  0.1606, -0.1533, -0.1047,  0.0214, -0.1037, -0.3489,
         -0.4307, -0.1171, -0.1630,  0.0605, -0.4712,  0.1487, -0.2799,  0.0581],
        [ 0.2148,  0.4005,  0.3696, -0.0032, -0.3151, -0.0223, -0.0557, -0.0869,
         -0.3040, -0.1758, -0.2732,  0.1243, -0.2256,  0.0594, -0.3633,  0.2603],
        [-0.3829, -0.3493, -0.0684, -0.0467,  0.3733,  0.4052,  0.1273,  0.1425,
          0.0720,  0.1979,  0.1817, -0.3331,  0.2842, -0.1087,  0.0988, -0.1871],
        [-0.0349, -0.0115,  0.2013,  0.1016, -0.3797, -0.0674, -0.2590, -0.4062,
         -0.4203, -0.1083, -0.1268,  0.5116, -0.3869, -0.0281, -0.0346,  0.1394],
        [ 0.3380,  0.3312,  0.2161, -0.3584, -0.3860, -0.0586, -0.1395, -0.0402,
         -0.4862, -0.2157,  0.0765,  0.3259,  0.0078,  0.3081, -0.1846,  0.0141],
        [-0.3010, -0.0529, -0.2449,  0.1306,  0.1405,  0.3070,  0.3109,  0.3003,
          0.2426,  0.2994, -0.0024, -0.2692,  0.1362, -0.2060,  0.3239, -0.1954],
        [ 0.2354,  0.1471,  0.1377, -0.2617, -0.2183, -0.3705, -0.3483, -0.0146,
         -0.5852, -0.1253, -0.1010, -0.0405, -0.1858,  0.2902, -0.0949,  0.2201],
        [ 0.3770,  0.1755,  0.2696, -0.0805, -0.3075, -0.2269, -0.3780,  0.0147,
         -0.1488, -0.2896, -0.1585,  0.2589, -0.4274,  0.1018,  0.0066,  0.2226],
        [-0.1961,  0.0073, -0.0556, -0.0753,  0.2945, -0.0147,  0.3369,  0.4070,
          0.2924,  0.0962,  0.0018, -0.3135,  0.1586, -0.2070,  0.4347, -0.2846],
        [-0.0937, -0.4143, -0.0616,  0.3921, -0.0041,  0.1206,  0.2962, -0.0301,
          0.1362,  0.2880,  0.3999, -0.2881,  0.2208, -0.3808, -0.0244,  0.0135],
        [ 0.3707,  0.0733,  0.0542, -0.1566,  0.0015, -0.3980, -0.3164, -0.2453,
         -0.3473, -0.1708,  0.0659,  0.2282, -0.4148,  0.3108,  0.0647,  0.2439],
        [ 0.2612,  0.2269,  0.3410, -0.3591, -0.2354, -0.1705, -0.1952, -0.3002,
         -0.4460, -0.3364, -0.1229,  0.3587, -0.0036,  0.1206, -0.2112,  0.0447],
        [ 0.2400, -0.0452,  0.1851, -0.1214,  0.0275, -0.2927, -0.0139, -0.2384,
         -0.5198,  0.0164,  0.0510,  0.0596, -0.4076,  0.2695, -0.3863,  0.3904],
        [ 0.0567,  0.0784,  0.0930,  0.0863, -0.2354, -0.2218, -0.0555, -0.3738,
         -0.2792, -0.3767, -0.3559,  0.1493, -0.1908,  0.3127, -0.4356,  0.1114],
        [ 0.2363,  0.2535,  0.3099, -0.3491, -0.1875, -0.1033, -0.3915, -0.0449,
         -0.4966, -0.0176, -0.0501,  0.1095, -0.1112,  0.3061,  0.0602,  0.3287],
        [-0.3372, -0.1045,  0.0045,  0.2085,  0.3211,  0.0328,  0.4036,  0.1921,
          0.0490,  0.1274,  0.3755, -0.2939,  0.1707, -0.2270,  0.0312, -0.1536],
        [ 0.3240,  0.1946,  0.1516, -0.1376, -0.3174, -0.2984, -0.1856, -0.3730,
         -0.1289, -0.1373, -0.0985,  0.1689,  0.0060,  0.3327, -0.0407,  0.3044],
        [-0.2700, -0.0326, -0.3119,  0.2361, -0.0784,  0.1463,  0.3491,  0.3197,
          0.4466,  0.2413,  0.2147, -0.0968,  0.3505,  0.0752,  0.1658, -0.2404],
        [-0.3108, -0.2345, -0.0617,  0.0264,  0.2180,  0.4061,  0.4269,  0.0153,
          0.3516,  0.3554, -0.0921, -0.0495,  0.0618, -0.3011,  0.0715, -0.2905],
        [ 0.0474,  0.2180,  0.2352, -0.0204,  0.0153, -0.3124, -0.4227, -0.3866,
         -0.4415, -0.2734, -0.0183,  0.0033, -0.3827,  0.2554, -0.2828,  0.2035]],
       device='cuda:0', requires_grad=True)

Parameter name: road_linear_0.bias
Shape: torch.Size([32])
Values: Parameter containing:
tensor([-0.0823, -0.0215, -0.0429, -0.0276,  0.0055, -0.2286,  0.0853,  0.1071,
        -0.0734,  0.0008,  0.0416,  0.0892,  0.1289,  0.0585,  0.0735,  0.0039,
        -0.0387, -0.0361,  0.0641, -0.0459, -0.1128, -0.0396, -0.0360,  0.0286,
        -0.0409,  0.1338,  0.1346,  0.0591, -0.1176, -0.1817,  0.0395,  0.0233],
       device='cuda:0', requires_grad=True)

Parameter name: road_linear_1.weight
Shape: torch.Size([1, 32])
Values: Parameter containing:
tensor([[-0.2632,  0.3579, -0.2752, -0.3068,  0.3563,  0.4268, -0.3177, -0.4057,
         -0.3575,  0.4037,  0.3147,  0.4238, -0.3153, -0.4346,  0.3217, -0.3496,
         -0.3645,  0.3669, -0.2829, -0.2695,  0.4644,  0.3629, -0.4106, -0.4053,
         -0.3701, -0.3830, -0.3558,  0.3889, -0.3870,  0.4150,  0.3470, -0.2773]],
       device='cuda:0', requires_grad=True)

Parameter name: linear_0.weight
Shape: torch.Size([32, 39])
Values: Parameter containing:
tensor([[-0.0124,  0.1641,  0.0612,  ...,  0.2061, -0.3323, -0.1137],
        [-0.0610, -0.0668,  0.1189,  ...,  0.1021, -0.3021,  0.0871],
        [-0.1259,  0.2338,  0.0830,  ...,  0.2121, -0.0303,  0.0345],
        ...,
        [ 0.0877, -0.1221, -0.0389,  ..., -0.1675, -0.0064, -0.1180],
        [ 0.0295, -0.1956, -0.0382,  ..., -0.2631,  0.1075,  0.1557],
        [-0.1718,  0.1433,  0.0458,  ...,  0.0751, -0.2696, -0.0509]],
       device='cuda:0', requires_grad=True)

Parameter name: linear_0.bias
Shape: torch.Size([32])
Values: Parameter containing:
tensor([ 0.0593,  0.0280, -0.0876, -0.1560, -0.0824, -0.0122, -0.1001,  0.0452,
        -0.0361,  0.0579,  0.0330, -0.0093,  0.0189,  0.1031, -0.0411, -0.0194,
         0.0532, -0.1675,  0.0082,  0.0841, -0.0648,  0.0154,  0.1113,  0.0262,
        -0.1083,  0.0987,  0.0450, -0.1062,  0.0505,  0.2090,  0.1698, -0.1268],
       device='cuda:0', requires_grad=True)

Parameter name: linear_1.weight
Shape: torch.Size([32, 32])
Values: Parameter containing:
tensor([[ 0.0438, -0.1655, -0.1933,  ...,  0.0363, -0.0414,  0.0661],
        [-0.2217, -0.0201, -0.0188,  ...,  0.1424, -0.0227,  0.0495],
        [ 0.1562, -0.0454, -0.0341,  ..., -0.1444, -0.0032,  0.1888],
        ...,
        [ 0.1707,  0.0499,  0.2388,  ...,  0.1135, -0.1751,  0.2499],
        [-0.0121, -0.1505, -0.0372,  ...,  0.2519,  0.2267, -0.1775],
        [-0.0011, -0.1186,  0.1335,  ...,  0.2304,  0.1354, -0.0450]],
       device='cuda:0', requires_grad=True)

Parameter name: linear_1.bias
Shape: torch.Size([32])
Values: Parameter containing:
tensor([ 0.1006,  0.1506, -0.0483, -0.1081, -0.0991, -0.1808, -0.0739, -0.0180,
         0.1507, -0.1807,  0.1408, -0.1340,  0.2075,  0.1043, -0.0994,  0.1354,
        -0.1306, -0.1876,  0.0834,  0.0138, -0.0225,  0.0712, -0.2064,  0.2276,
        -0.0398, -0.0160,  0.0755, -0.0481, -0.1618, -0.0498,  0.1334,  0.0371],
       device='cuda:0', requires_grad=True)

Parameter name: linear_2.weight
Shape: torch.Size([1, 32])
Values: Parameter containing:
tensor([[ 0.4439,  0.3689, -0.4120, -0.4399, -0.3025, -0.2926, -0.3509,  0.3275,
          0.3380, -0.3553, -0.3195,  0.3325,  0.3364,  0.2901,  0.3554,  0.3353,
         -0.4355, -0.4371,  0.2912,  0.3430, -0.3986, -0.3454, -0.4503,  0.2845,
          0.4123,  0.4613, -0.4162,  0.4401, -0.3512, -0.4424,  0.4036,  0.4430]],
       device='cuda:0', requires_grad=True)

Parameter name: linear_2.bias
Shape: torch.Size([1])
Values: Parameter containing:
tensor([0.1812], device='cuda:0', requires_grad=True)

Parameter name: road_linear_0.weight
Shape: torch.Size([32, 16])
Values: Parameter containing:
tensor([[ 1.8179e-02,  3.0528e-01,  3.1501e-01, -3.4488e-01, -6.9502e-02,
         -1.8603e-01, -8.4932e-02, -4.4686e-01, -1.9679e-01, -5.6651e-02,
          3.8504e-02,  2.1034e-01,  1.0111e-01, -7.2369e-02,  3.6371e-01,
          3.3002e-01],
        [-2.9146e-01, -2.9525e-01, -1.3027e-01,  2.2829e-02, -1.1466e-01,
          3.0361e-01,  2.1460e-01,  2.2949e-01,  4.2986e-01,  1.2050e-01,
          2.1356e-01, -3.1409e-01, -4.9136e-02, -3.6338e-02, -5.4793e-02,
         -6.0697e-02],
        [ 9.7778e-02,  2.0267e-01,  3.9073e-01, -1.3145e-01,  1.0542e-01,
         -3.7448e-01, -7.6756e-02, -4.5578e-01,  4.4594e-02, -5.2747e-02,
         -8.5469e-02, -3.7636e-02,  4.2776e-01,  2.9086e-01,  4.6956e-01,
          2.3234e-01],
        [ 2.9226e-01,  1.7709e-02,  9.4959e-02, -8.7027e-02,  4.9100e-02,
         -2.3435e-01, -1.8235e-01, -1.5650e-01, -4.3112e-01, -3.7177e-01,
         -8.6494e-02,  4.0588e-01,  3.2819e-01, -1.5546e-01,  1.7699e-01,
          1.2204e-01],
        [-1.3835e-01,  1.7558e-01, -1.9312e-01,  1.0377e-02,  1.1771e-01,
          1.5136e-01,  9.9024e-02,  4.3099e-01,  2.0725e-01,  2.7297e-01,
          2.0775e-01, -2.5294e-01, -1.1662e-01, -2.1729e-01, -1.5541e-01,
         -1.0467e-01],
        [-3.7497e-02,  1.9868e-01, -3.7737e-01,  4.2453e-01,  2.2481e-01,
          2.7685e-02,  2.9932e-01,  5.5686e-02,  3.0162e-01,  1.8916e-01,
         -1.6720e-01, -1.6153e-01, -3.1388e-01,  1.3972e-01, -2.4883e-02,
         -4.1427e-02],
        [ 4.0009e-01,  1.6078e-01,  4.2940e-01, -2.0367e-01,  9.1709e-02,
         -2.5923e-01, -2.2928e-01, -2.8721e-01, -2.6811e-01, -8.6401e-03,
         -1.2191e-02,  9.5392e-02,  4.6423e-03,  2.1575e-01,  3.0041e-02,
          1.3763e-01],
        [-4.2704e-02,  2.7623e-01,  3.6902e-01, -3.6023e-01, -1.8190e-01,
         -3.3500e-01, -1.1987e-01, -2.9108e-01, -1.9424e-01, -1.9435e-01,
         -6.2725e-02,  4.8471e-02,  2.8827e-01, -1.0032e-01,  1.9134e-01,
          3.4247e-01],
        [ 7.6154e-02,  2.6841e-01,  3.3342e-01, -2.8163e-01, -7.6052e-03,
         -4.0319e-01, -2.1450e-01, -1.6514e-01,  1.7109e-02, -3.0500e-01,
         -1.1458e-01,  1.1118e-01, -3.7649e-02,  1.3446e-01,  7.4911e-02,
          7.8666e-02],
        [-3.2143e-01, -3.5525e-02, -1.1785e-01,  1.1823e-02,  1.4222e-02,
          2.0891e-01,  9.2791e-02,  3.2243e-01,  3.0863e-01, -2.5380e-02,
          2.2083e-01, -7.5165e-02, -3.1619e-01, -5.4790e-02, -2.4466e-01,
         -1.6011e-01],
        [-3.6938e-01,  1.1681e-01, -6.9489e-02, -3.2331e-02, -1.3646e-01,
          4.5690e-01,  2.5751e-01,  1.6609e-01,  3.5130e-01,  2.2122e-01,
          5.7565e-02, -2.0684e-02, -1.9791e-01,  1.5584e-01, -4.2490e-01,
         -2.9746e-01],
        [-1.5365e-01, -1.0238e-01, -4.1071e-02,  1.0638e-01,  1.5561e-01,
          1.6269e-01,  4.1179e-01,  2.1458e-01,  1.8931e-01,  3.2184e-01,
          1.4613e-01,  1.4286e-02, -4.4163e-01, -1.7772e-01, -3.0572e-01,
         -1.7052e-01],
        [ 3.8366e-01,  1.6721e-01,  2.0060e-01, -2.1132e-01,  2.1934e-02,
         -4.9242e-02, -1.4225e-01, -4.0950e-01, -3.7624e-01, -9.7668e-02,
         -1.0573e-01,  9.5046e-02,  3.0022e-02,  1.8433e-01,  2.3748e-01,
          1.3048e-04],
        [ 2.5485e-01,  3.1649e-01,  4.0392e-01, -4.7160e-02, -2.2221e-01,
         -8.4000e-02, -1.0099e-01, -1.4545e-01, -2.5360e-01, -1.6509e-01,
         -2.1106e-01,  1.6788e-01,  1.8290e-01,  6.8897e-02,  2.1584e-02,
          2.3471e-01],
        [-4.0126e-01, -2.6164e-01, -8.6371e-02, -2.6622e-02,  2.4466e-01,
          4.5324e-01,  1.3553e-01,  1.7116e-01, -1.8557e-02,  1.6463e-01,
          1.1900e-01, -3.4753e-01, -1.2520e-01, -1.0266e-01, -3.2227e-01,
         -1.4469e-01],
        [-5.4115e-02, -2.2866e-01,  1.8346e-01,  6.1315e-02, -2.8529e-01,
         -6.0276e-02, -1.9466e-01, -3.9815e-01, -2.4043e-01,  5.6634e-03,
          4.3801e-02,  5.2483e-01,  2.1258e-01, -8.1571e-02,  5.2570e-01,
         -8.2085e-03],
        [ 3.3211e-01,  2.2265e-01,  2.0878e-01, -3.6168e-01, -2.6218e-01,
         -7.4438e-02, -1.3134e-01, -6.4695e-02, -3.8252e-01, -1.5615e-01,
          1.6210e-01,  3.3093e-01,  3.8861e-01,  2.4992e-01,  1.5832e-01,
         -5.3103e-02],
        [-3.1444e-01,  2.1543e-02, -2.5770e-01,  1.4937e-01,  2.8751e-02,
          3.3785e-01,  3.2034e-01,  3.2350e-01,  1.4934e-01,  2.6114e-01,
         -5.1035e-02, -2.7741e-01, -2.0226e-01, -1.9964e-01,  1.4863e-02,
         -1.5844e-01],
        [ 2.4776e-01,  8.7647e-02,  1.6349e-01, -3.0201e-01, -4.1091e-02,
         -4.0995e-01, -3.1904e-01, -1.0747e-02, -3.9527e-01, -1.0592e-01,
         -3.5316e-02, -5.8012e-02,  2.2515e-01,  2.3712e-01,  4.0382e-01,
          1.7532e-01],
        [ 3.9386e-01,  1.0017e-01,  2.8655e-01, -1.0384e-01, -2.0130e-01,
         -2.6966e-01, -3.9000e-01, -6.7042e-03, -4.4404e-02, -2.5678e-01,
         -6.6031e-02,  2.6870e-01, -4.4443e-02,  9.3792e-02,  3.6880e-01,
          1.8118e-01],
        [-2.1767e-01,  1.2719e-01, -7.1092e-02, -3.7566e-02,  2.1265e-01,
          2.4004e-02,  3.5346e-01,  4.6656e-01,  2.4026e-01,  6.1216e-02,
         -9.6190e-02, -3.6411e-01, -2.6963e-01, -2.0394e-01, -1.4644e-02,
         -2.2783e-01],
        [-9.2046e-02, -3.0264e-01, -6.0760e-02,  3.9493e-01, -1.1620e-01,
          1.5122e-01,  2.7518e-01, -2.2278e-02,  2.4202e-02,  2.3782e-01,
          2.4954e-01, -2.8588e-01, -1.8858e-01, -3.2691e-01, -4.9718e-01,
          8.1428e-02],
        [ 3.7550e-01, -3.5178e-03,  5.9683e-02, -1.6309e-01,  1.2811e-01,
         -4.2126e-01, -3.1668e-01, -2.4650e-01, -2.3755e-01, -1.2933e-01,
          1.2502e-01,  2.2015e-01, -8.3162e-02,  2.9281e-01,  4.0546e-01,
          2.0287e-01],
        [ 2.6989e-01,  1.6122e-01,  3.4778e-01, -3.7209e-01, -1.2273e-01,
         -1.9586e-01, -2.0470e-01, -3.0873e-01, -3.5179e-01, -2.9742e-01,
         -9.2345e-02,  3.5925e-01,  2.8388e-01,  1.2228e-01,  2.5287e-02,
          1.4769e-02],
        [ 2.4701e-01, -1.9228e-01,  1.9233e-01, -1.5535e-01,  1.1984e-01,
         -3.1584e-01, -8.4597e-03, -2.8018e-01, -4.1352e-01,  7.9803e-02,
          1.9689e-01,  8.0549e-02,  1.1237e-01,  2.1252e-01,  1.4308e-01,
          2.9292e-01],
        [ 9.2152e-02, -3.4390e-02,  1.2504e-01,  4.1086e-02, -1.3787e-01,
         -2.8820e-01, -8.4588e-02, -4.3936e-01, -2.2894e-01, -3.5030e-01,
         -2.7473e-01,  1.9965e-01,  2.5973e-01,  3.2840e-01,  4.4280e-02,
          5.9058e-02],
        [ 2.3108e-01,  1.7009e-01,  3.0689e-01, -3.4880e-01, -3.3612e-02,
         -1.2291e-01, -3.8212e-01, -3.3888e-02, -3.6465e-01,  3.1526e-02,
          9.4392e-03,  9.0228e-02,  2.2622e-01,  2.7999e-01,  3.9164e-01,
          2.8007e-01],
        [-3.3925e-01,  6.2151e-03,  6.0726e-03,  2.1686e-01,  2.4825e-01,
          5.7310e-02,  3.9466e-01,  2.2575e-01, -3.6496e-02,  7.2810e-02,
          2.0295e-01, -3.1184e-01, -2.5179e-01, -1.6628e-01, -3.8319e-01,
         -7.8541e-02],
        [ 3.2030e-01,  1.0443e-01,  1.4755e-01, -1.3522e-01, -2.2237e-01,
         -3.1908e-01, -1.7020e-01, -3.8607e-01, -2.4007e-02, -8.5170e-02,
          1.4845e-02,  1.6882e-01,  3.4672e-01,  2.8285e-01,  3.2595e-01,
          2.4598e-01],
        [-2.8803e-01,  3.4488e-02, -3.2990e-01,  2.5864e-01, -2.0726e-01,
          1.8099e-01,  3.6323e-01,  3.2883e-01,  3.5128e-01,  2.1302e-01,
          1.8126e-01, -9.7113e-02,  1.9744e-02,  6.0186e-02, -1.3384e-01,
         -2.1413e-01],
        [-3.0356e-01, -1.4036e-01, -5.6782e-02,  2.7241e-02,  8.9444e-02,
          4.1887e-01,  4.1347e-01,  1.3119e-02,  2.2556e-01,  2.9855e-01,
         -1.9967e-01, -3.4528e-02, -3.1966e-01, -2.4605e-01, -3.3605e-01,
         -2.2747e-01],
        [ 9.0571e-02,  1.6648e-01,  2.8113e-01, -8.7280e-02,  1.4376e-01,
         -3.6665e-01, -4.5659e-01, -4.2386e-01, -3.1442e-01, -2.7226e-01,
          3.5794e-02,  2.4986e-02,  2.4381e-02,  2.4905e-01,  9.4524e-02,
          1.8460e-01]], device='cuda:0', requires_grad=True)

Parameter name: road_linear_0.bias
Shape: torch.Size([32])
Values: Parameter containing:
tensor([-7.5338e-02, -7.9932e-02,  2.0533e-01,  4.0930e-03, -1.3511e-01,
        -8.4723e-02,  9.2730e-02,  8.2911e-02, -1.0423e-02, -9.5461e-02,
        -5.0007e-02,  3.0223e-02,  1.5663e-01,  1.1987e-01, -3.7934e-02,
         1.0494e-05, -9.8828e-02, -3.7672e-03,  1.3589e-01,  3.0736e-02,
        -5.6122e-02, -1.9646e-01,  5.0573e-03, -3.0134e-02,  2.3492e-02,
         2.6738e-01,  1.4198e-01, -1.1896e-02, -2.4711e-02, -1.6236e-01,
        -9.3643e-03,  4.9951e-02], device='cuda:0', requires_grad=True)

Parameter name: road_linear_1.weight
Shape: torch.Size([1, 32])
Values: Parameter containing:
tensor([[-0.2267,  0.3231, -0.2419, -0.2803,  0.3458,  0.3798, -0.2885, -0.3891,
         -0.3128,  0.3713,  0.2833,  0.4017, -0.2758, -0.3933,  0.3200, -0.2836,
         -0.3174,  0.3520, -0.2418, -0.2558,  0.4289,  0.3761, -0.3884, -0.3902,
         -0.3243, -0.3592, -0.3305,  0.3829, -0.3840,  0.3967,  0.3123, -0.2496]],
       device='cuda:0', requires_grad=True)

Parameter name: linear_0.weight
Shape: torch.Size([32, 39])
Values: Parameter containing:
tensor([[-0.0082,  0.0030,  0.0251,  ...,  0.2105, -0.3838, -0.1137],
        [-0.0783, -0.1828,  0.0814,  ...,  0.1475, -0.3514,  0.0871],
        [-0.0578,  0.1503,  0.0933,  ...,  0.0069,  0.2652,  0.0345],
        ...,
        [ 0.0449, -0.1495,  0.0116,  ...,  0.0694, -0.3143, -0.1180],
        [ 0.0287, -0.0799,  0.0108,  ..., -0.3091,  0.1493,  0.1557],
        [-0.0880,  0.1550,  0.0134,  ..., -0.1748,  0.1006, -0.0509]],
       device='cuda:0', requires_grad=True)

Parameter name: linear_0.bias
Shape: torch.Size([32])
Values: Parameter containing:
tensor([ 0.0505,  0.0545, -0.0942, -0.1208, -0.0568,  0.0465, -0.1303,  0.0617,
        -0.0453,  0.0926,  0.0352,  0.0058,  0.0100,  0.0637, -0.0778, -0.0193,
         0.0456, -0.1420, -0.0332, -0.0147, -0.1084,  0.0510,  0.0816, -0.0068,
        -0.0855,  0.0670,  0.0247, -0.0952,  0.0637,  0.1474,  0.1327, -0.0660],
       device='cuda:0', requires_grad=True)

Parameter name: linear_1.weight
Shape: torch.Size([32, 32])
Values: Parameter containing:
tensor([[ 0.0249, -0.2047, -0.0729,  ..., -0.1543, -0.0049,  0.2724],
        [-0.2517, -0.0515,  0.1095,  ..., -0.0842,  0.0045,  0.2794],
        [ 0.1771, -0.0106, -0.1851,  ...,  0.0958, -0.0351, -0.0777],
        ...,
        [ 0.1645,  0.1195,  0.0737,  ...,  0.2774, -0.2351,  0.0471],
        [-0.0675, -0.1836,  0.0856,  ..., -0.0118,  0.2597,  0.0969],
        [-0.0311, -0.1287,  0.2178,  ...,  0.0375,  0.1506,  0.1395]],
       device='cuda:0', requires_grad=True)

Parameter name: linear_1.bias
Shape: torch.Size([32])
Values: Parameter containing:
tensor([ 0.0904,  0.1263, -0.0374, -0.0575, -0.0318, -0.0370, -0.0337, -0.0630,
         0.1112, -0.1792,  0.1235, -0.1330,  0.1660, -0.0207, -0.1435,  0.1088,
        -0.1291, -0.1555,  0.0148, -0.0300,  0.0077,  0.1069, -0.1930,  0.2057,
        -0.0670, -0.0276,  0.0880, -0.0338, -0.1134, -0.0616,  0.1150,  0.0032],
       device='cuda:0', requires_grad=True)

Parameter name: linear_2.weight
Shape: torch.Size([1, 32])
Values: Parameter containing:
tensor([[ 0.6097,  0.5341, -0.6148, -0.6155,  0.4617,  0.4712, -0.5178,  0.5281,
          0.5250, -0.5506, -0.5400,  0.4997,  0.5216, -0.4634,  0.5434,  0.4927,
         -0.6204, -0.6109,  0.4877,  0.5062, -0.5754, -0.5479, -0.6107,  0.4449,
          0.5858,  0.6105, -0.5860,  0.6548, -0.5210, -0.6023,  0.5890,  0.6015]],
       device='cuda:0', requires_grad=True)

Parameter name: linear_2.bias
Shape: torch.Size([1])
Values: Parameter containing:
tensor([0.3226], device='cuda:0', requires_grad=True)

Parameter name: road_linear_0.weight
Shape: torch.Size([32, 16])
Values: Parameter containing:
tensor([[ 1.8168e-02,  3.0518e-01,  3.1495e-01, -3.4485e-01, -6.9580e-02,
         -1.8603e-01, -8.4935e-02, -4.4694e-01, -1.9681e-01, -5.6580e-02,
          3.8530e-02,  2.1039e-01,  1.0119e-01, -7.2418e-02,  3.6377e-01,
          3.2994e-01],
        [-2.9145e-01, -2.9516e-01, -1.3022e-01,  2.2800e-02, -1.1458e-01,
          3.0362e-01,  2.1461e-01,  2.2956e-01,  4.2987e-01,  1.2044e-01,
          2.1353e-01, -3.1413e-01, -4.9211e-02, -3.6288e-02, -5.4845e-02,
         -6.0629e-02],
        [ 9.7764e-02,  2.0258e-01,  3.9068e-01, -1.3141e-01,  1.0534e-01,
         -3.7448e-01, -7.6758e-02, -4.5586e-01,  4.4577e-02, -5.2680e-02,
         -8.5444e-02, -3.7589e-02,  4.2784e-01,  2.9081e-01,  4.6961e-01,
          2.3226e-01],
        [ 2.9225e-01,  1.7618e-02,  9.4908e-02, -8.6997e-02,  4.9024e-02,
         -2.3436e-01, -1.8236e-01, -1.5658e-01, -4.3114e-01, -3.7171e-01,
         -8.6465e-02,  4.0593e-01,  3.2827e-01, -1.5550e-01,  1.7705e-01,
          1.2197e-01],
        [-1.3834e-01,  1.7567e-01, -1.9307e-01,  1.0346e-02,  1.1780e-01,
          1.5136e-01,  9.9031e-02,  4.3107e-01,  2.0727e-01,  2.7290e-01,
          2.0772e-01, -2.5300e-01, -1.1670e-01, -2.1724e-01, -1.5548e-01,
         -1.0459e-01],
        [-3.7494e-02,  1.9875e-01, -3.7733e-01,  4.2451e-01,  2.2488e-01,
          2.7693e-02,  2.9932e-01,  5.5751e-02,  3.0164e-01,  1.8912e-01,
         -1.6722e-01, -1.6158e-01, -3.1396e-01,  1.3975e-01, -2.4940e-02,
         -4.1369e-02],
        [ 4.0008e-01,  1.6069e-01,  4.2935e-01, -2.0364e-01,  9.1638e-02,
         -2.5923e-01, -2.2929e-01, -2.8728e-01, -2.6813e-01, -8.5817e-03,
         -1.2165e-02,  9.5436e-02,  4.7163e-03,  2.1570e-01,  3.0088e-02,
          1.3756e-01],
        [-4.2712e-02,  2.7615e-01,  3.6899e-01, -3.6020e-01, -1.8197e-01,
         -3.3500e-01, -1.1987e-01, -2.9115e-01, -1.9426e-01, -1.9430e-01,
         -6.2701e-02,  4.8512e-02,  2.8834e-01, -1.0036e-01,  1.9138e-01,
          3.4242e-01],
        [ 7.6153e-02,  2.6833e-01,  3.3339e-01, -2.8160e-01, -7.6740e-03,
         -4.0320e-01, -2.1451e-01, -1.6520e-01,  1.7096e-02, -3.0495e-01,
         -1.1456e-01,  1.1122e-01, -3.7577e-02,  1.3441e-01,  7.4969e-02,
          7.8605e-02],
        [-3.2142e-01, -3.5432e-02, -1.1781e-01,  1.1794e-02,  1.4306e-02,
          2.0891e-01,  9.2796e-02,  3.2251e-01,  3.0865e-01, -2.5442e-02,
          2.2080e-01, -7.5216e-02, -3.1627e-01, -5.4742e-02, -2.4472e-01,
         -1.6004e-01],
        [-3.6937e-01,  1.1691e-01, -6.9436e-02, -3.2365e-02, -1.3638e-01,
          4.5690e-01,  2.5751e-01,  1.6616e-01,  3.5132e-01,  2.2116e-01,
          5.7537e-02, -2.0732e-02, -1.9799e-01,  1.5589e-01, -4.2495e-01,
         -2.9738e-01],
        [-1.5364e-01, -1.0229e-01, -4.1026e-02,  1.0635e-01,  1.5569e-01,
          1.6270e-01,  4.1179e-01,  2.1466e-01,  1.8933e-01,  3.2178e-01,
          1.4610e-01,  1.4237e-02, -4.4171e-01, -1.7767e-01, -3.0578e-01,
         -1.7045e-01],
        [ 3.8365e-01,  1.6711e-01,  2.0053e-01, -2.1128e-01,  2.1847e-02,
         -4.9246e-02, -1.4225e-01, -4.0959e-01, -3.7626e-01, -9.7591e-02,
         -1.0569e-01,  9.5103e-02,  3.0102e-02,  1.8427e-01,  2.3755e-01,
          4.3333e-05],
        [ 2.5485e-01,  3.1641e-01,  4.0388e-01, -4.7137e-02, -2.2229e-01,
         -8.4004e-02, -1.0099e-01, -1.4552e-01, -2.5362e-01, -1.6504e-01,
         -2.1103e-01,  1.6792e-01,  1.8297e-01,  6.8847e-02,  2.1629e-02,
          2.3465e-01],
        [-4.0126e-01, -2.6155e-01, -8.6326e-02, -2.6652e-02,  2.4474e-01,
          4.5324e-01,  1.3553e-01,  1.7123e-01, -1.8540e-02,  1.6457e-01,
          1.1897e-01, -3.4757e-01, -1.2528e-01, -1.0261e-01, -3.2232e-01,
         -1.4462e-01],
        [-5.4121e-02, -2.2877e-01,  1.8339e-01,  6.1346e-02, -2.8536e-01,
         -6.0277e-02, -1.9464e-01, -3.9822e-01, -2.4043e-01,  5.7337e-03,
          4.3790e-02,  5.2488e-01,  2.1267e-01, -8.1588e-02,  5.2581e-01,
         -8.2909e-03],
        [ 3.3210e-01,  2.2256e-01,  2.0874e-01, -3.6166e-01, -2.6226e-01,
         -7.4445e-02, -1.3135e-01, -6.4773e-02, -3.8254e-01, -1.5609e-01,
          1.6213e-01,  3.3099e-01,  3.8869e-01,  2.4988e-01,  1.5838e-01,
         -5.3169e-02],
        [-3.1443e-01,  2.1624e-02, -2.5766e-01,  1.4935e-01,  2.8820e-02,
          3.3785e-01,  3.2035e-01,  3.2357e-01,  1.4936e-01,  2.6108e-01,
         -5.1060e-02, -2.7746e-01, -2.0233e-01, -1.9960e-01,  1.4815e-02,
         -1.5838e-01],
        [ 2.4775e-01,  8.7555e-02,  1.6343e-01, -3.0197e-01, -4.1160e-02,
         -4.0995e-01, -3.1904e-01, -1.0821e-02, -3.9529e-01, -1.0586e-01,
         -3.5291e-02, -5.7965e-02,  2.2523e-01,  2.3708e-01,  4.0387e-01,
          1.7525e-01],
        [ 3.9385e-01,  1.0008e-01,  2.8650e-01, -1.0381e-01, -2.0137e-01,
         -2.6966e-01, -3.9001e-01, -6.7737e-03, -4.4417e-02, -2.5672e-01,
         -6.6012e-02,  2.6874e-01, -4.4367e-02,  9.3749e-02,  3.6886e-01,
          1.8111e-01],
        [-2.1767e-01,  1.2727e-01, -7.1054e-02, -3.7585e-02,  2.1271e-01,
          2.4010e-02,  3.5346e-01,  4.6661e-01,  2.4027e-01,  6.1171e-02,
         -9.6201e-02, -3.6415e-01, -2.6970e-01, -2.0392e-01, -1.4706e-02,
         -2.2777e-01],
        [-9.2041e-02, -3.0255e-01, -6.0722e-02,  3.9491e-01, -1.1613e-01,
          1.5123e-01,  2.7519e-01, -2.2207e-02,  2.4215e-02,  2.3776e-01,
          2.4952e-01, -2.8592e-01, -1.8866e-01, -3.2686e-01, -4.9724e-01,
          8.1491e-02],
        [ 3.7549e-01, -3.5996e-03,  5.9643e-02, -1.6306e-01,  1.2805e-01,
         -4.2126e-01, -3.1669e-01, -2.4656e-01, -2.3757e-01, -1.2928e-01,
          1.2504e-01,  2.2019e-01, -8.3088e-02,  2.9277e-01,  4.0551e-01,
          2.0281e-01],
        [ 2.6988e-01,  1.6115e-01,  3.4774e-01, -3.7206e-01, -1.2279e-01,
         -1.9587e-01, -2.0470e-01, -3.0879e-01, -3.5181e-01, -2.9737e-01,
         -9.2323e-02,  3.5929e-01,  2.8396e-01,  1.2224e-01,  2.5332e-02,
          1.4715e-02],
        [ 2.4701e-01, -1.9238e-01,  1.9228e-01, -1.5532e-01,  1.1975e-01,
         -3.1585e-01, -8.4662e-03, -2.8027e-01, -4.1354e-01,  7.9871e-02,
          1.9693e-01,  8.0609e-02,  1.1246e-01,  2.1247e-01,  1.4315e-01,
          2.9284e-01],
        [ 9.2147e-02, -3.4475e-02,  1.2500e-01,  4.1112e-02, -1.3795e-01,
         -2.8820e-01, -8.4592e-02, -4.3943e-01, -2.2896e-01, -3.5024e-01,
         -2.7470e-01,  1.9970e-01,  2.5980e-01,  3.2836e-01,  4.4340e-02,
          5.8991e-02],
        [ 2.3107e-01,  1.7001e-01,  3.0685e-01, -3.4877e-01, -3.3675e-02,
         -1.2291e-01, -3.8212e-01, -3.3953e-02, -3.6467e-01,  3.1580e-02,
          9.4617e-03,  9.0269e-02,  2.2630e-01,  2.7995e-01,  3.9169e-01,
          2.8001e-01],
        [-3.3924e-01,  6.3073e-03,  6.1213e-03,  2.1683e-01,  2.4833e-01,
          5.7314e-02,  3.9466e-01,  2.2583e-01, -3.6477e-02,  7.2747e-02,
          2.0292e-01, -3.1189e-01, -2.5187e-01, -1.6622e-01, -3.8325e-01,
         -7.8466e-02],
        [ 3.2029e-01,  1.0435e-01,  1.4751e-01, -1.3519e-01, -2.2244e-01,
         -3.1909e-01, -1.7020e-01, -3.8614e-01, -2.4025e-02, -8.5115e-02,
          1.4872e-02,  1.6887e-01,  3.4680e-01,  2.8280e-01,  3.2600e-01,
          2.4591e-01],
        [-2.8802e-01,  3.4565e-02, -3.2986e-01,  2.5861e-01, -2.0720e-01,
          1.8099e-01,  3.6323e-01,  3.2889e-01,  3.5129e-01,  2.1297e-01,
          1.8124e-01, -9.7151e-02,  1.9676e-02,  6.0224e-02, -1.3388e-01,
         -2.1408e-01],
        [-3.0355e-01, -1.4027e-01, -5.6738e-02,  2.7210e-02,  8.9516e-02,
          4.1887e-01,  4.1348e-01,  1.3193e-02,  2.2558e-01,  2.9849e-01,
         -1.9970e-01, -3.4576e-02, -3.1975e-01, -2.4601e-01, -3.3610e-01,
         -2.2740e-01],
        [ 9.0561e-02,  1.6639e-01,  2.8108e-01, -8.7245e-02,  1.4369e-01,
         -3.6665e-01, -4.5660e-01, -4.2393e-01, -3.1444e-01, -2.7220e-01,
          3.5819e-02,  2.5032e-02,  2.4459e-02,  2.4900e-01,  9.4580e-02,
          1.8453e-01]], device='cuda:0', requires_grad=True)

Parameter name: road_linear_0.bias
Shape: torch.Size([32])
Values: Parameter containing:
tensor([-7.5356e-02, -7.9922e-02,  2.0532e-01,  4.0764e-03, -1.3507e-01,
        -8.4691e-02,  9.2724e-02,  8.2906e-02, -1.0448e-02, -9.5437e-02,
        -4.9992e-02,  3.0232e-02,  1.5662e-01,  1.1987e-01, -3.7920e-02,
        -1.6524e-04, -9.8834e-02, -3.7570e-03,  1.3588e-01,  3.0719e-02,
        -5.6036e-02, -1.9644e-01,  5.0441e-03, -3.0145e-02,  2.3483e-02,
         2.6735e-01,  1.4197e-01, -1.1877e-02, -2.4725e-02, -1.6235e-01,
        -9.3582e-03,  4.9944e-02], device='cuda:0', requires_grad=True)

Parameter name: road_linear_1.weight
Shape: torch.Size([1, 32])
Values: Parameter containing:
tensor([[-0.2267,  0.3231, -0.2419, -0.2803,  0.3458,  0.3799, -0.2885, -0.3891,
         -0.3128,  0.3713,  0.2833,  0.4017, -0.2758, -0.3932,  0.3200, -0.2837,
         -0.3174,  0.3520, -0.2418, -0.2558,  0.4289,  0.3761, -0.3884, -0.3902,
         -0.3243, -0.3592, -0.3305,  0.3829, -0.3841,  0.3967,  0.3123, -0.2496]],
       device='cuda:0', requires_grad=True)

Parameter name: linear_0.weight
Shape: torch.Size([32, 39])
Values: Parameter containing:
tensor([[-0.0082,  0.0030,  0.0251,  ...,  0.2105, -0.3838, -0.1137],
        [-0.0783, -0.1828,  0.0814,  ...,  0.1475, -0.3514,  0.0871],
        [-0.0578,  0.1503,  0.0933,  ...,  0.0069,  0.2652,  0.0345],
        ...,
        [ 0.0449, -0.1495,  0.0116,  ...,  0.0694, -0.3143, -0.1180],
        [ 0.0287, -0.0799,  0.0108,  ..., -0.3091,  0.1493,  0.1557],
        [-0.0880,  0.1550,  0.0134,  ..., -0.1748,  0.1006, -0.0509]],
       device='cuda:0', requires_grad=True)

Parameter name: linear_0.bias
Shape: torch.Size([32])
Values: Parameter containing:
tensor([ 0.0505,  0.0545, -0.0942, -0.1208, -0.0568,  0.0465, -0.1303,  0.0617,
        -0.0453,  0.0926,  0.0352,  0.0058,  0.0100,  0.0637, -0.0778, -0.0193,
         0.0456, -0.1420, -0.0332, -0.0147, -0.1084,  0.0510,  0.0816, -0.0068,
        -0.0855,  0.0670,  0.0247, -0.0952,  0.0637,  0.1474,  0.1327, -0.0660],
       device='cuda:0', requires_grad=True)

Parameter name: linear_1.weight
Shape: torch.Size([32, 32])
Values: Parameter containing:
tensor([[ 0.0249, -0.2047, -0.0729,  ..., -0.1543, -0.0049,  0.2724],
        [-0.2517, -0.0515,  0.1095,  ..., -0.0842,  0.0045,  0.2794],
        [ 0.1771, -0.0106, -0.1851,  ...,  0.0958, -0.0351, -0.0777],
        ...,
        [ 0.1645,  0.1195,  0.0737,  ...,  0.2774, -0.2351,  0.0471],
        [-0.0675, -0.1836,  0.0856,  ..., -0.0118,  0.2597,  0.0969],
        [-0.0311, -0.1287,  0.2178,  ...,  0.0375,  0.1506,  0.1395]],
       device='cuda:0', requires_grad=True)

Parameter name: linear_1.bias
Shape: torch.Size([32])
Values: Parameter containing:
tensor([ 0.0904,  0.1263, -0.0374, -0.0575, -0.0318, -0.0370, -0.0337, -0.0630,
         0.1112, -0.1792,  0.1235, -0.1330,  0.1660, -0.0207, -0.1435,  0.1088,
        -0.1291, -0.1555,  0.0148, -0.0300,  0.0077,  0.1069, -0.1930,  0.2057,
        -0.0670, -0.0276,  0.0880, -0.0338, -0.1134, -0.0616,  0.1150,  0.0032],
       device='cuda:0', requires_grad=True)

Parameter name: linear_2.weight
Shape: torch.Size([1, 32])
Values: Parameter containing:
tensor([[ 0.6097,  0.5341, -0.6148, -0.6155,  0.4617,  0.4712, -0.5178,  0.5281,
          0.5250, -0.5506, -0.5400,  0.4997,  0.5216, -0.4634,  0.5434,  0.4927,
         -0.6204, -0.6109,  0.4877,  0.5062, -0.5754, -0.5479, -0.6107,  0.4449,
          0.5858,  0.6105, -0.5860,  0.6548, -0.5210, -0.6023,  0.5890,  0.6015]],
       device='cuda:0', requires_grad=True)

Parameter name: linear_2.bias
Shape: torch.Size([1])
Values: Parameter containing:
tensor([0.3226], device='cuda:0', requires_grad=True)

Parameter name: road_linear_0.weight
Shape: torch.Size([32, 16])
Values: Parameter containing:
tensor([[-2.9691e-02,  2.8889e-01,  2.8056e-01, -2.6397e-01, -4.2464e-01,
         -2.1193e-01, -7.6603e-02, -5.3321e-01, -2.9442e-01, -5.2773e-02,
          1.8889e-02,  2.8421e-01,  1.4093e-01, -7.4300e-02,  1.1609e-01,
          3.1775e-01],
        [-2.3652e-01, -2.7825e-01, -8.8887e-02, -4.9001e-02,  1.5754e-01,
          2.9467e-01,  1.8861e-01,  2.7214e-01,  4.8884e-01,  1.2947e-01,
          2.4526e-01, -3.4225e-01, -5.3107e-02, -4.4801e-02,  1.8120e-01,
         -4.7852e-02],
        [ 5.1787e-02,  1.7911e-01,  3.5323e-01, -6.1301e-02, -2.7790e-01,
         -3.8591e-01, -6.3291e-02, -5.4601e-01, -6.3365e-02, -4.9507e-02,
         -9.3568e-02,  2.2796e-02,  4.6215e-01,  3.1930e-01,  2.3723e-01,
          2.1730e-01],
        [ 2.5043e-01,  9.2147e-03,  6.4734e-02, -2.5546e-02, -2.4620e-01,
         -2.4256e-01, -1.7237e-01, -2.2015e-01, -5.2148e-01, -3.9430e-01,
         -7.4868e-02,  4.5271e-01,  3.3592e-01, -1.1735e-01, -4.3008e-02,
          1.1716e-01],
        [-7.1123e-02,  1.5313e-01, -1.4842e-01, -7.6607e-02,  3.6027e-01,
          1.3412e-01,  6.3835e-02,  4.4889e-01,  2.4216e-01,  2.8618e-01,
          2.7452e-01, -2.4776e-01, -1.0897e-01, -2.3471e-01,  1.0772e-01,
         -1.1486e-01],
        [ 9.0236e-03,  1.8695e-01, -3.4664e-01,  3.6082e-01,  5.3272e-01,
          2.4880e-02,  2.8865e-01,  8.9954e-02,  3.5079e-01,  2.0983e-01,
         -1.3249e-01, -1.7139e-01, -3.0680e-01,  1.2458e-01,  2.3275e-01,
         -4.6838e-02],
        [ 3.5869e-01,  5.9069e-02,  3.9762e-01, -1.4887e-01, -2.3589e-01,
         -2.5979e-01, -2.0479e-01, -3.5221e-01, -3.5261e-01, -2.4408e-02,
         -1.8577e-02,  1.4487e-01, -1.0638e-02,  2.3473e-01, -1.0736e-01,
          1.2734e-01],
        [-7.6641e-02,  2.1369e-01,  3.4308e-01, -3.1835e-01, -4.8935e-01,
         -3.3171e-01, -1.0103e-01, -3.5249e-01, -2.7111e-01, -2.0936e-01,
         -6.5927e-02,  9.2817e-02,  2.8662e-01, -8.3671e-02,  7.9351e-02,
          3.3166e-01],
        [ 3.3305e-02,  2.5530e-01,  3.0358e-01, -2.1459e-01, -2.2473e-01,
         -4.0354e-01, -2.0235e-01, -2.1704e-01, -5.4329e-02, -3.2544e-01,
         -2.2839e-01,  1.4377e-01,  5.9223e-04,  1.8604e-01, -1.7946e-01,
          7.5325e-02],
        [-2.7123e-01, -4.1434e-02, -8.3942e-02, -5.7863e-02,  2.7136e-01,
          2.1136e-01,  7.9613e-02,  3.6863e-01,  3.7336e-01, -3.1530e-03,
          2.8749e-01, -9.6785e-02, -3.3800e-01, -8.7596e-02,  1.1611e-02,
         -1.6486e-01],
        [-3.3942e-01,  1.1014e-01, -4.9721e-02, -7.7094e-02,  1.5636e-01,
          4.8019e-01,  2.5843e-01,  2.5213e-01,  4.5506e-01,  2.5295e-01,
          8.9365e-02, -8.6734e-02, -2.1892e-01,  1.0862e-01, -1.6137e-01,
         -3.0053e-01],
        [-1.1371e-01, -1.0579e-01, -1.5306e-02,  5.2258e-02,  3.4445e-01,
          1.7139e-01,  3.9623e-01,  2.6907e-01,  2.5986e-01,  3.5251e-01,
          2.0608e-01, -2.1752e-02, -4.3801e-01, -2.4892e-01, -9.0957e-02,
         -1.7750e-01],
        [ 3.0866e-01,  1.7337e-01,  1.4415e-01, -1.1855e-01, -3.5702e-01,
         -4.8586e-02, -1.2061e-01, -5.0142e-01, -4.5096e-01, -1.0364e-01,
         -1.1535e-01,  1.4768e-01,  2.7270e-02,  1.7476e-01, -8.0732e-02,
         -1.0801e-02],
        [ 2.0099e-01,  2.8061e-01,  3.6260e-01,  1.9188e-02, -4.7502e-01,
         -6.7194e-02, -6.7509e-02, -1.7431e-01, -3.0199e-01, -1.6945e-01,
         -2.3540e-01,  1.8439e-01,  1.7537e-01,  7.5218e-02, -1.7501e-01,
          2.1861e-01],
        [-3.5828e-01, -2.3760e-01, -5.3055e-02, -8.3898e-02,  5.4550e-01,
          4.5244e-01,  1.1780e-01,  2.3015e-01,  5.7092e-02,  1.7814e-01,
          1.4340e-01, -3.8841e-01, -1.3707e-01, -1.2075e-01, -1.3213e-01,
         -1.3350e-01],
        [-1.1659e-01, -1.5636e-01,  1.5786e-01,  1.5578e-01, -5.6705e-01,
         -9.4142e-02, -2.1761e-01, -4.9458e-01, -3.3435e-01, -4.3533e-02,
         -7.3690e-02,  5.2266e-01,  2.4446e-01, -2.7691e-02,  2.3233e-01,
          1.2175e-02],
        [ 3.0223e-01,  2.1328e-01,  1.8967e-01, -3.1734e-01, -5.3518e-01,
         -8.4884e-02, -1.2525e-01, -1.1061e-01, -4.6092e-01, -1.8914e-01,
          1.4153e-01,  3.7044e-01,  4.1620e-01,  2.9769e-01,  7.7453e-03,
         -4.9697e-02],
        [-2.8030e-01,  4.5822e-02, -2.3244e-01,  1.0630e-01,  2.9491e-01,
          3.3508e-01,  3.0012e-01,  3.6815e-01,  2.2124e-01,  2.8017e-01,
         -4.0803e-02, -3.1214e-01, -2.0197e-01, -2.3241e-01,  1.3186e-01,
         -1.5259e-01],
        [ 1.8613e-01,  4.5340e-02,  1.0915e-01, -2.1580e-01, -4.1974e-01,
         -4.1337e-01, -2.9697e-01, -1.0210e-01, -5.1115e-01, -8.4690e-02,
         -5.9654e-02,  1.9926e-03,  2.8666e-01,  2.6641e-01,  1.9482e-01,
          1.3612e-01],
        [ 3.5700e-01,  7.4307e-02,  2.5820e-01, -4.9052e-02, -5.0186e-01,
         -2.8110e-01, -3.8038e-01, -9.3089e-02, -1.4611e-01, -2.7525e-01,
         -1.0611e-01,  3.3478e-01, -6.5403e-03,  1.2050e-01,  1.8559e-01,
          1.6950e-01],
        [-1.6216e-01,  1.1322e-01, -3.2098e-02, -1.0867e-01,  4.4340e-01,
          3.8248e-04,  3.2167e-01,  4.6193e-01,  2.5384e-01,  6.6188e-02,
         -5.2522e-02, -3.4070e-01, -2.4004e-01, -2.0694e-01,  2.2109e-01,
         -2.2799e-01],
        [-6.5015e-02, -2.7771e-01, -4.2716e-02,  3.4568e-01,  1.6225e-01,
          1.7436e-01,  2.9074e-01,  6.5612e-02,  1.2646e-01,  2.7285e-01,
          3.4965e-01, -3.4701e-01, -2.6317e-01, -3.8195e-01, -2.5011e-01,
          7.7978e-02],
        [ 3.5566e-01, -1.9486e-02,  4.6505e-02, -1.3219e-01, -1.6148e-01,
         -4.3899e-01, -3.1964e-01, -3.2488e-01, -3.3663e-01, -1.5976e-01,
          1.0342e-01,  2.8300e-01, -4.1211e-02,  3.3355e-01,  2.6270e-01,
          2.0286e-01],
        [ 2.4371e-01,  1.5332e-01,  3.2962e-01, -3.3946e-01, -3.7744e-01,
         -1.9642e-01, -1.9224e-01, -3.6513e-01, -4.3103e-01, -3.1973e-01,
         -5.9431e-02,  4.0327e-01,  2.8351e-01,  1.5264e-01, -8.1669e-02,
          6.9897e-03],
        [ 1.9872e-01, -1.7482e-01,  1.6280e-01, -8.1305e-02, -1.3709e-01,
         -3.2193e-01,  4.2076e-03, -3.0944e-01, -4.7955e-01,  4.6651e-02,
          1.1403e-01,  1.0023e-01,  1.3923e-01,  2.5851e-01, -1.5027e-01,
          3.1253e-01],
        [ 2.0729e-02, -3.3308e-02,  7.0462e-02,  1.2443e-01, -3.9802e-01,
         -2.5090e-01, -3.3311e-02, -4.3571e-01, -2.4102e-01, -3.4500e-01,
         -3.1369e-01,  1.7932e-01,  2.2271e-01,  3.1842e-01, -1.9905e-01,
          5.0055e-02],
        [ 2.0779e-01,  1.4082e-01,  2.9016e-01, -3.1518e-01, -3.3649e-01,
         -1.3843e-01, -3.8003e-01, -1.1718e-01, -4.6750e-01,  5.7724e-03,
         -1.0822e-03,  1.5628e-01,  2.6591e-01,  3.0940e-01,  2.7037e-01,
          2.7464e-01],
        [-3.0065e-01,  7.1939e-03,  3.1539e-02,  1.6280e-01,  4.9048e-01,
          7.1438e-02,  3.8876e-01,  2.9133e-01,  4.0641e-02,  1.0268e-01,
          2.4880e-01, -3.5395e-01, -2.7414e-01, -2.0944e-01, -1.7893e-01,
         -8.3145e-02],
        [ 2.9128e-01,  1.1336e-01,  1.2737e-01, -9.7417e-02, -4.6467e-01,
         -3.2897e-01, -1.6406e-01, -4.4409e-01, -1.0299e-01, -1.1082e-01,
          3.7651e-02,  2.1568e-01,  3.4006e-01,  3.2484e-01,  1.4496e-01,
          2.4486e-01],
        [-2.6106e-01,  7.3438e-02, -3.0997e-01,  2.2289e-01,  8.0205e-02,
          1.8465e-01,  3.5346e-01,  3.9606e-01,  4.3438e-01,  2.3312e-01,
          2.0192e-01, -1.4707e-01,  5.7180e-03,  3.5424e-02, -1.5657e-02,
         -2.0938e-01],
        [-2.7150e-01, -1.2690e-01, -3.3410e-02, -1.7943e-02,  3.7034e-01,
          4.3164e-01,  4.0329e-01,  8.2774e-02,  3.1992e-01,  3.2346e-01,
         -1.7202e-01, -9.1239e-02, -3.5820e-01, -2.8668e-01, -1.6388e-01,
         -2.2280e-01],
        [ 3.7348e-02,  1.1444e-01,  2.3747e-01, -6.5490e-03, -1.7477e-01,
         -3.6564e-01, -4.2513e-01, -4.9369e-01, -4.1032e-01, -2.6460e-01,
          1.0172e-02,  7.4404e-02,  3.9781e-02,  2.7786e-01, -8.5312e-02,
          1.6191e-01]], device='cuda:0', requires_grad=True)

Parameter name: road_linear_0.bias
Shape: torch.Size([32])
Values: Parameter containing:
tensor([-0.0349, -0.0263,  0.1323, -0.0252, -0.0948, -0.1311,  0.0834,  0.0993,
        -0.0179, -0.0940, -0.0326,  0.0463,  0.1783,  0.0933,  0.0007, -0.0216,
        -0.0450, -0.0048,  0.1154,  0.0164, -0.0755, -0.1602, -0.0127, -0.0103,
         0.0334,  0.1918,  0.1353, -0.0108, -0.0557, -0.1579,  0.0176, -0.0418],
       device='cuda:0', requires_grad=True)

Parameter name: road_linear_1.weight
Shape: torch.Size([1, 32])
Values: Parameter containing:
tensor([[-0.2683,  0.3518, -0.2572, -0.2956,  0.3717,  0.4143, -0.3029, -0.4090,
         -0.3325,  0.3954,  0.2984,  0.4051, -0.3086, -0.4230,  0.3367, -0.3995,
         -0.3503,  0.3532, -0.2607, -0.2736,  0.4513,  0.3384, -0.3972, -0.3974,
         -0.3799, -0.3818, -0.3344,  0.3931, -0.3877,  0.4019,  0.3168, -0.2608]],
       device='cuda:0', requires_grad=True)

Parameter name: linear_0.weight
Shape: torch.Size([32, 39])
Values: Parameter containing:
tensor([[-0.0090, -0.0081,  0.0461,  ...,  0.2367, -0.3878, -0.1137],
        [-0.0824, -0.1920,  0.0910,  ...,  0.1475, -0.3726,  0.0871],
        [-0.0438,  0.1764,  0.0698,  ..., -0.0058,  0.3009,  0.0345],
        ...,
        [ 0.0298, -0.1908,  0.0453,  ...,  0.0669, -0.3273, -0.1180],
        [ 0.0456, -0.0506, -0.0211,  ..., -0.3063,  0.1778,  0.1557],
        [-0.2027,  0.0479,  0.0066,  ...,  0.0406, -0.2782, -0.0509]],
       device='cuda:0', requires_grad=True)

Parameter name: linear_0.bias
Shape: torch.Size([32])
Values: Parameter containing:
tensor([ 0.0560,  0.0555, -0.0863, -0.1210, -0.0594,  0.0540, -0.1263,  0.0590,
        -0.0478,  0.0816,  0.0296,  0.0113,  0.0274,  0.0749, -0.0765, -0.0177,
         0.0468, -0.1512, -0.0312, -0.0249, -0.0738,  0.0503,  0.0900, -0.0053,
        -0.0882,  0.0880,  0.0326, -0.0876,  0.0480,  0.1374,  0.1475, -0.1082],
       device='cuda:0', requires_grad=True)

Parameter name: linear_1.weight
Shape: torch.Size([32, 32])
Values: Parameter containing:
tensor([[ 0.0282, -0.1919, -0.0827,  ..., -0.1099, -0.0249,  0.0740],
        [-0.2540, -0.0464,  0.1134,  ..., -0.0418, -0.0032,  0.0618],
        [ 0.1775, -0.0254, -0.1769,  ...,  0.0490, -0.0122,  0.1669],
        ...,
        [ 0.1544,  0.0970,  0.0937,  ...,  0.2202, -0.2012,  0.2384],
        [-0.0739, -0.1705,  0.0809,  ...,  0.0366,  0.2417, -0.1676],
        [-0.0370, -0.1250,  0.2107,  ...,  0.0789,  0.1353, -0.0273]],
       device='cuda:0', requires_grad=True)

Parameter name: linear_1.bias
Shape: torch.Size([32])
Values: Parameter containing:
tensor([ 0.0865,  0.1246, -0.0273, -0.0607, -0.0323, -0.0633, -0.0291, -0.0599,
         0.0975, -0.1403,  0.1368, -0.1255,  0.1540,  0.0600, -0.1343,  0.0913,
        -0.1212, -0.1496,  0.0044, -0.0129,  0.0042,  0.1074, -0.1878,  0.1770,
        -0.0626, -0.0298,  0.0885, -0.0409, -0.1119, -0.0563,  0.1005,  0.0052],
       device='cuda:0', requires_grad=True)

Parameter name: linear_2.weight
Shape: torch.Size([1, 32])
Values: Parameter containing:
tensor([[ 0.6606,  0.5844, -0.6603, -0.6618,  0.5281,  0.5197, -0.5747,  0.5685,
          0.5922, -0.6003, -0.5535,  0.5525,  0.5509,  0.5630,  0.5900,  0.5480,
         -0.6607, -0.6659,  0.5282,  0.5554, -0.6167, -0.5941, -0.6625,  0.5213,
          0.6462,  0.6664, -0.6442,  0.6938, -0.5733, -0.6566,  0.6416,  0.6595]],
       device='cuda:0', requires_grad=True)

Parameter name: linear_2.bias
Shape: torch.Size([1])
Values: Parameter containing:
tensor([0.3682], device='cuda:0', requires_grad=True)

Parameter name: road_linear_0.weight
Shape: torch.Size([32, 16])
Values: Parameter containing:
tensor([[ 4.6694e-03, -4.1783e-02,  2.5309e-01, -2.8863e-01, -3.3812e-01,
         -1.0902e-01, -3.9984e-02, -4.8592e-01, -2.6741e-01, -7.5811e-03,
          1.6649e-01,  1.6906e-01,  7.5186e-03, -1.0725e-01, -2.2742e-01,
          3.0792e-01],
        [-2.6578e-01,  1.6624e-02, -8.0932e-02, -8.0979e-03,  7.8918e-02,
          2.2555e-01,  1.5451e-01,  2.3037e-01,  4.8680e-01,  1.1097e-01,
          9.2784e-02, -2.6431e-01,  2.0756e-02, -2.6860e-02,  5.0439e-01,
         -4.7440e-02],
        [ 7.5485e-02, -9.5679e-02,  3.4028e-01, -9.7113e-02, -1.8391e-01,
         -3.1979e-01, -4.0607e-02, -4.8399e-01, -8.1017e-03, -3.6485e-02,
         -6.2221e-02, -7.4602e-02,  3.7956e-01,  2.9975e-01, -1.0248e-01,
          2.3157e-01],
        [ 2.7450e-01, -1.2900e-01,  4.6077e-02, -5.3544e-02, -1.3984e-01,
         -1.4999e-01, -1.1468e-01, -1.5699e-01, -5.0339e-01, -3.5571e-01,
          6.7240e-03,  3.4746e-01,  2.5155e-01, -1.5731e-01, -3.3110e-01,
          9.8945e-02],
        [-8.8693e-02,  4.4341e-01, -1.2928e-01, -3.9644e-02,  2.5938e-01,
          5.0071e-02,  2.2363e-02,  3.7862e-01,  2.0136e-01,  2.6401e-01,
          6.1330e-02, -1.3985e-01, -1.0761e-02, -2.0768e-01,  4.0768e-01,
         -1.1508e-01],
        [ 6.7656e-03,  3.9694e-01, -3.2332e-01,  3.8666e-01,  4.0161e-01,
         -6.8404e-02,  2.4003e-01,  8.3097e-03,  2.9331e-01,  1.8386e-01,
         -1.1859e-01, -6.6732e-02, -1.9817e-01,  1.4387e-01,  4.7864e-01,
         -4.5255e-02],
        [ 3.6600e-01, -7.8637e-02,  3.7125e-01, -1.6869e-01, -1.3497e-01,
         -1.7601e-01, -1.5014e-01, -2.8801e-01, -3.1125e-01,  8.5120e-03,
         -7.9101e-03,  4.6064e-02, -1.0094e-01,  1.4470e-01, -3.8659e-01,
          1.1152e-01],
        [-7.2809e-02,  7.0538e-02,  3.2485e-01, -3.4297e-01, -4.0632e-01,
         -2.7465e-01, -7.3794e-02, -3.0796e-01, -2.3531e-01, -1.9695e-01,
         -4.5000e-02,  1.9271e-02,  2.2895e-01, -1.1930e-01, -1.6743e-01,
          3.2995e-01],
        [ 4.8705e-02, -8.8828e-02,  2.8320e-01, -2.5046e-01, -1.6808e-01,
         -3.3743e-01, -1.6892e-01, -1.8471e-01, -3.1773e-02, -3.0178e-01,
          2.3841e-02,  6.4645e-02, -6.0914e-02,  1.6313e-01, -4.8879e-01,
          7.6144e-02],
        [-3.0179e-01,  2.6845e-01, -8.0842e-02, -8.5599e-03,  1.8103e-01,
          1.3909e-01,  4.6079e-02,  3.1033e-01,  3.4839e-01, -1.3856e-02,
          1.2134e-01, -1.2985e-02, -2.5267e-01, -8.1652e-02,  3.2341e-01,
         -1.7725e-01],
        [-3.6091e-01,  3.0587e-01, -3.2314e-02, -4.5270e-02,  6.4339e-02,
          3.9893e-01,  2.1886e-01,  1.9550e-01,  4.2941e-01,  2.2544e-01,
          8.1978e-03,  1.0329e-02, -1.7943e-01,  1.1796e-01,  1.3441e-01,
         -2.9618e-01],
        [-1.2424e-01,  1.1492e-01,  7.1465e-03,  8.3901e-02,  2.5300e-01,
          1.0361e-01,  3.4477e-01,  2.0815e-01,  2.1429e-01,  3.2279e-01,
          7.4619e-02,  7.2936e-02, -4.0518e-01, -2.0797e-01,  1.7643e-01,
         -1.7295e-01],
        [ 3.3579e-01, -1.1235e-01,  1.1734e-01, -1.5119e-01, -2.3479e-01,
          6.9113e-02, -6.5312e-02, -4.1403e-01, -4.2173e-01, -6.4163e-02,
         -1.1230e-01,  1.8322e-02, -8.3133e-02,  1.5040e-01, -4.3599e-01,
         -2.1269e-02],
        [ 2.1422e-01,  2.1925e-02,  3.4721e-01, -1.2174e-02, -3.9260e-01,
         -6.2734e-03, -2.9085e-02, -1.2848e-01, -2.8227e-01, -1.5017e-01,
         -1.1359e-01,  1.0963e-01,  1.1068e-01,  3.8959e-02, -4.6873e-01,
          2.1502e-01],
        [-3.7920e-01,  3.1519e-02, -4.2615e-02, -4.5251e-02,  4.7039e-01,
          3.9472e-01,  9.4738e-02,  1.8934e-01,  3.4245e-02,  1.6821e-01,
          2.8247e-02, -3.1004e-01, -8.2037e-02, -1.0829e-01,  1.9493e-01,
         -1.3935e-01],
        [-6.5978e-02, -5.3760e-01,  1.2447e-01,  1.0227e-01, -5.0195e-01,
          4.7800e-02, -1.6460e-01, -4.3302e-01, -3.2440e-01,  4.2658e-03,
         -4.7383e-02,  3.8099e-01,  8.6860e-02, -1.0078e-01, -1.4125e-01,
          1.8317e-02],
        [ 3.1811e-01,  3.4981e-02,  1.7007e-01, -3.4003e-01, -4.1376e-01,
         -5.5084e-03, -6.3153e-02, -5.2218e-02, -4.4810e-01, -1.5217e-01,
          1.7397e-01,  2.8004e-01,  3.1704e-01,  2.2646e-01, -2.3734e-01,
         -6.9235e-02],
        [-2.7025e-01,  1.6946e-01, -1.9685e-01,  1.1312e-01,  1.5589e-01,
          2.5170e-01,  2.4249e-01,  2.8954e-01,  1.5970e-01,  2.4254e-01,
         -5.8654e-02, -2.0352e-01, -1.0255e-01, -1.5347e-01,  2.9444e-01,
         -1.2973e-01],
        [ 2.2566e-01, -1.8304e-01,  1.0635e-01, -2.5714e-01, -2.8731e-01,
         -3.4555e-01, -2.5592e-01, -3.8721e-02, -4.6539e-01, -6.9597e-02,
          2.4294e-02, -9.7306e-02,  1.6538e-01,  2.0904e-01, -1.1328e-01,
          1.4962e-01],
        [ 3.6689e-01, -1.6202e-01,  2.2726e-01, -7.3203e-02, -4.1883e-01,
         -2.0872e-01, -3.3800e-01, -4.6074e-02, -1.0987e-01, -2.4275e-01,
          1.0749e-01,  2.3191e-01, -6.5467e-02,  7.3331e-02, -1.4644e-01,
          1.5788e-01],
        [-1.6014e-01,  3.1040e-01, -6.9896e-03, -8.7746e-02,  3.1301e-01,
         -7.6849e-02,  2.7979e-01,  3.8048e-01,  1.9783e-01,  4.3538e-02,
         -1.1588e-01, -2.3985e-01, -1.5236e-01, -1.7134e-01,  4.2079e-01,
         -2.2019e-01],
        [-1.0447e-01,  1.4163e-01, -3.7658e-02,  3.9776e-01,  1.3347e-01,
          1.2363e-01,  2.7434e-01,  6.0931e-02,  1.3526e-01,  2.6607e-01,
          1.9773e-01, -2.9754e-01, -2.2264e-01, -3.7588e-01,  8.4130e-02,
          6.4541e-02],
        [ 3.6429e-01, -2.2718e-01,  2.5898e-02, -1.5852e-01, -7.3763e-02,
         -3.7876e-01, -2.8138e-01, -2.8207e-01, -3.0687e-01, -1.3953e-01,
          2.1212e-01,  2.0509e-01, -9.2665e-02,  2.9047e-01, -5.3756e-03,
          1.9465e-01],
        [ 2.4114e-01,  7.8742e-02,  2.9782e-01, -3.4229e-01, -2.2289e-01,
         -1.1639e-01, -1.2402e-01, -2.9813e-01, -4.0383e-01, -2.7223e-01,
          6.5517e-04,  3.0968e-01,  2.1294e-01,  7.0556e-02, -2.3341e-01,
         -3.0958e-02],
        [ 2.2004e-01, -4.6197e-01,  1.5189e-01, -1.2618e-01, -2.8381e-02,
         -2.3132e-01,  5.6208e-02, -2.3173e-01, -4.3222e-01,  6.9281e-02,
          1.7676e-01, -3.0211e-04,  3.1739e-02,  2.4381e-01, -4.5237e-01,
          3.1872e-01],
        [ 2.6876e-02, -2.6601e-01,  5.0862e-02,  9.6109e-02, -2.8004e-01,
         -1.8066e-01, -9.0531e-03, -3.6268e-01, -1.8968e-01, -3.3109e-01,
         -2.4950e-01,  8.1991e-02,  1.5342e-01,  3.0521e-01, -4.7734e-01,
          5.0799e-02],
        [ 2.1182e-01, -8.9481e-02,  2.6014e-01, -3.3358e-01, -2.4503e-01,
         -7.8086e-02, -3.3386e-01, -7.3540e-02, -4.2620e-01,  3.2148e-02,
          6.1464e-02,  6.8729e-02,  2.1088e-01,  2.3209e-01,  2.7640e-04,
          2.5966e-01],
        [-3.2472e-01,  2.7167e-01,  4.5035e-02,  2.0329e-01,  4.0501e-01,
          6.3758e-03,  3.4871e-01,  2.3822e-01,  6.5828e-03,  8.4106e-02,
          6.1639e-02, -2.6334e-01, -2.1206e-01, -1.7672e-01,  1.1630e-01,
         -8.7412e-02],
        [ 2.9164e-01, -2.1531e-02,  9.9198e-02, -1.1625e-01, -3.5078e-01,
         -2.6000e-01, -1.1951e-01, -3.7973e-01, -5.7401e-02, -7.9993e-02,
          1.1941e-01,  1.1731e-01,  3.2576e-01,  2.8677e-01, -7.2111e-02,
          2.2926e-01],
        [-2.6002e-01,  2.1908e-01, -2.8397e-01,  2.3937e-01, -1.6941e-02,
          1.1911e-01,  3.0993e-01,  3.4141e-01,  3.9509e-01,  2.0854e-01,
          1.4313e-01, -6.4568e-02,  7.7457e-02,  8.7258e-02,  2.2429e-01,
         -1.9552e-01],
        [-2.7703e-01,  9.8712e-02, -5.6748e-03,  4.3183e-03,  2.7261e-01,
          3.5775e-01,  3.5855e-01,  3.0310e-02,  2.7670e-01,  2.9406e-01,
         -2.4733e-01,  9.0417e-03, -2.8845e-01, -2.4215e-01,  1.1969e-01,
         -2.1258e-01],
        [ 4.4695e-02, -9.5454e-02,  2.0507e-01, -2.6987e-02, -6.4901e-02,
         -2.7614e-01, -3.6460e-01, -4.0863e-01, -3.5101e-01, -2.2322e-01,
          9.9925e-02, -5.1494e-02, -8.3439e-02,  1.7608e-01, -3.6528e-01,
          1.4712e-01]], device='cuda:0', requires_grad=True)

Parameter name: road_linear_0.bias
Shape: torch.Size([32])
Values: Parameter containing:
tensor([-0.0850, -0.0240,  0.1338, -0.1149, -0.0481, -0.0274,  0.0606,  0.1460,
        -0.0430, -0.0422,  0.0410,  0.0621,  0.1618,  0.0924, -0.0546,  0.0934,
        -0.1885, -0.0015,  0.0188,  0.0068, -0.0201, -0.1197, -0.0643, -0.0601,
        -0.1897,  0.2712,  0.1095,  0.0221, -0.0859, -0.2222,  0.1538, -0.0346],
       device='cuda:0', requires_grad=True)

Parameter name: road_linear_1.weight
Shape: torch.Size([1, 32])
Values: Parameter containing:
tensor([[-0.3245,  0.4114, -0.2973, -0.3138,  0.4230,  0.4494, -0.3462, -0.4224,
         -0.3923,  0.4705,  0.3196,  0.4479, -0.3708, -0.4816,  0.3764, -0.4350,
         -0.3747,  0.3657, -0.2863, -0.3029,  0.4833,  0.4187, -0.4175, -0.4097,
         -0.4618, -0.4264, -0.3589,  0.4329, -0.3889,  0.4279,  0.3329, -0.2886]],
       device='cuda:0', requires_grad=True)

Parameter name: linear_0.weight
Shape: torch.Size([32, 39])
Values: Parameter containing:
tensor([[-0.0321,  0.0986,  0.0519,  ...,  0.2248, -0.3791, -0.1137],
        [-0.0982, -0.0644,  0.1121,  ...,  0.1585, -0.3640,  0.0871],
        [-0.0134, -0.0220,  0.0237,  ...,  0.0231,  0.2819,  0.0345],
        ...,
        [ 0.0195,  0.0005,  0.0527,  ...,  0.0886, -0.3759, -0.1180],
        [ 0.0753, -0.1958, -0.0485,  ..., -0.3321,  0.1945,  0.1557],
        [-0.1935,  0.1361,  0.0326,  ...,  0.1009, -0.3308, -0.0509]],
       device='cuda:0', requires_grad=True)

Parameter name: linear_0.bias
Shape: torch.Size([32])
Values: Parameter containing:
tensor([ 0.0426,  0.0408, -0.0667, -0.1336, -0.0720,  0.0584, -0.1108,  0.0465,
        -0.0396,  0.0811,  0.0192,  0.0113,  0.0292,  0.0780, -0.0527, -0.0193,
         0.0591, -0.1526,  0.0011,  0.0278, -0.0523,  0.0349,  0.1082,  0.0061,
        -0.0929,  0.1034,  0.0472, -0.0970,  0.0550,  0.1398,  0.1667, -0.1227],
       device='cuda:0', requires_grad=True)

Parameter name: linear_1.weight
Shape: torch.Size([32, 32])
Values: Parameter containing:
tensor([[ 0.0692, -0.1977, -0.1017,  ..., -0.1589, -0.0109,  0.0720],
        [-0.2120, -0.0541,  0.1006,  ..., -0.0919,  0.0127,  0.0464],
        [ 0.1454, -0.0091, -0.1780,  ...,  0.1090, -0.0378,  0.1941],
        ...,
        [ 0.1251,  0.1095,  0.1084,  ...,  0.2808, -0.2316,  0.2481],
        [-0.0114, -0.1669,  0.0573,  ..., -0.0098,  0.2442, -0.1728],
        [-0.0093, -0.1502,  0.2144,  ...,  0.0100,  0.1713, -0.0546]],
       device='cuda:0', requires_grad=True)

Parameter name: linear_1.bias
Shape: torch.Size([32])
Values: Parameter containing:
tensor([ 0.1058,  0.1501, -0.0629, -0.0858,  0.0008, -0.0455, -0.0598, -0.0427,
         0.1259, -0.1712,  0.1308, -0.1160,  0.1745,  0.0873, -0.1209,  0.1301,
        -0.1387, -0.1750, -0.0544, -0.0021, -0.0049,  0.0828, -0.2138,  0.2165,
        -0.0449, -0.0041,  0.0725, -0.0281, -0.1371, -0.0739,  0.1258,  0.0456],
       device='cuda:0', requires_grad=True)

Parameter name: linear_2.weight
Shape: torch.Size([1, 32])
Values: Parameter containing:
tensor([[ 0.6229,  0.5467, -0.6394, -0.6217,  0.5060,  0.4854, -0.5480,  0.5259,
          0.5398, -0.5695, -0.5132,  0.5333,  0.5118,  0.4940,  0.5626,  0.5607,
         -0.6187, -0.6323, -0.4929,  0.5397, -0.5832, -0.5645, -0.6362,  0.4745,
          0.6068,  0.6329, -0.6188,  0.6283, -0.5501, -0.6200,  0.6090,  0.6351]],
       device='cuda:0', requires_grad=True)

Parameter name: linear_2.bias
Shape: torch.Size([1])
Values: Parameter containing:
tensor([0.3609], device='cuda:0', requires_grad=True)

Parameter name: road_linear_0.weight
Shape: torch.Size([32, 16])
Values: Parameter containing:
tensor([[-0.0334,  0.2667,  0.2277, -0.2556, -0.3873, -0.0845,  0.0037, -0.4876,
         -0.2629,  0.0263,  0.1768,  0.1731,  0.0022, -0.1469, -0.2491,  0.2762],
        [-0.2288, -0.2700, -0.0454, -0.0436,  0.1165,  0.1998,  0.1214,  0.2157,
          0.4680,  0.0742,  0.0634, -0.2512,  0.0424,  0.0175,  0.5175, -0.0118],
        [ 0.0629,  0.1982,  0.3190, -0.0796, -0.2358, -0.3233, -0.0349, -0.5201,
         -0.0151, -0.0171, -0.0317, -0.0563,  0.4182,  0.2947, -0.1397,  0.2247],
        [ 0.2350, -0.0170,  0.0140, -0.0227, -0.2004, -0.1250, -0.0827, -0.1409,
         -0.4966, -0.3217,  0.0294,  0.3414,  0.2273, -0.1990, -0.3535,  0.0599],
        [-0.0777,  0.1673, -0.1117, -0.0615,  0.3409,  0.0362,  0.0035,  0.4081,
          0.2382,  0.2363,  0.0752, -0.1603, -0.0211, -0.1847,  0.4763, -0.0863],
        [ 0.0143,  0.1995, -0.3124,  0.3698,  0.4646, -0.0747,  0.2204,  0.0168,
          0.3183,  0.1613, -0.1184, -0.0809, -0.2031,  0.1706,  0.5574, -0.0211],
        [ 0.3392,  0.0537,  0.3455, -0.1448, -0.1865, -0.1662, -0.1330, -0.2873,
         -0.2964,  0.0333,  0.0239,  0.0475, -0.0996,  0.1184, -0.4221,  0.0880],
        [-0.0900,  0.2292,  0.3045, -0.3224, -0.4309, -0.2695, -0.0591, -0.3095,
         -0.2220, -0.1769, -0.0322,  0.0201,  0.2361, -0.1366, -0.1927,  0.3157],
        [ 0.0284,  0.2599,  0.2570, -0.2276, -0.2001, -0.3256, -0.1504, -0.1846,
         -0.0284, -0.2746,  0.0475,  0.0700, -0.0568,  0.1378, -0.5155,  0.0535],
        [-0.2811, -0.0390, -0.0555, -0.0361,  0.2395,  0.1225,  0.0232,  0.3220,
          0.3588, -0.0446,  0.1149, -0.0171, -0.2509, -0.0486,  0.3676, -0.1483],
        [-0.3431,  0.1156, -0.0132, -0.0606,  0.1304,  0.3914,  0.2035,  0.2096,
          0.4404,  0.2041, -0.0339, -0.0047, -0.1845,  0.1365,  0.1866, -0.2749],
        [-0.1072, -0.0958,  0.0290,  0.0648,  0.2961,  0.0899,  0.3334,  0.2173,
          0.2171,  0.3005,  0.0715,  0.0639, -0.4040, -0.1952,  0.2101, -0.1530],
        [ 0.2988,  0.1527,  0.0879, -0.1167, -0.3078,  0.0963, -0.0304, -0.4260,
         -0.4275, -0.0282, -0.0901,  0.0191, -0.0878,  0.1138, -0.4668, -0.0566],
        [ 0.1875,  0.2784,  0.3182,  0.0151, -0.4201,  0.0111, -0.0081, -0.1189,
         -0.2642, -0.1210, -0.0888,  0.1025,  0.1000,  0.0081, -0.4854,  0.1891],
        [-0.3580, -0.2493, -0.0191, -0.0682,  0.5057,  0.3826,  0.0759,  0.1903,
          0.0274,  0.1434,  0.0050, -0.3114, -0.0823, -0.0841,  0.2156, -0.1183],
        [-0.2704, -0.1231,  0.0846,  0.2013,  0.2811,  0.1137,  0.0599,  0.1548,
          0.2569,  0.0549,  0.0185,  0.1459, -0.1091, -0.2073,  0.6868, -0.0109],
        [ 0.2814,  0.1605,  0.1404, -0.3102, -0.4605,  0.0193, -0.0374, -0.0247,
         -0.4325, -0.1207,  0.1782,  0.2708,  0.2873,  0.1926, -0.2329, -0.1035],
        [-0.2526,  0.1018, -0.1786,  0.0945,  0.2097,  0.2490,  0.2309,  0.2963,
          0.1572,  0.2244, -0.0788, -0.2115, -0.1150, -0.1289,  0.3382, -0.1114],
        [ 0.2034,  0.0424,  0.0848, -0.2365, -0.3489, -0.3334, -0.2382, -0.0500,
         -0.4820, -0.0438,  0.0529, -0.0822,  0.1701,  0.1861, -0.1365,  0.1214],
        [ 0.3505,  0.0719,  0.2086, -0.0572, -0.4710, -0.1961, -0.3245, -0.0534,
         -0.1242, -0.2195,  0.1219,  0.2498, -0.0615,  0.0596, -0.1780,  0.1336],
        [-0.1485,  0.1303,  0.0081, -0.1079,  0.3621, -0.0835,  0.2667,  0.3935,
          0.2078,  0.0225, -0.1068, -0.2475, -0.1622, -0.1543,  0.5001, -0.2012],
        [-0.0892, -0.2805, -0.0183,  0.3797,  0.1605,  0.1157,  0.2615,  0.0615,
          0.1350,  0.2433,  0.1815, -0.3083, -0.2343, -0.3600,  0.1074,  0.0794],
        [ 0.3535, -0.0321,  0.0121, -0.1455, -0.1256, -0.3756, -0.2772, -0.2917,
         -0.3149, -0.1244,  0.2190,  0.2201, -0.0805,  0.2798, -0.0414,  0.1808],
        [ 0.2042,  0.1056,  0.2681, -0.3133, -0.2683, -0.0997, -0.1041, -0.2741,
         -0.3745, -0.2464,  0.0224,  0.2973,  0.1992,  0.0396, -0.2332, -0.0564],
        [ 0.2068, -0.1683,  0.1349, -0.1068, -0.0948, -0.2225,  0.0714, -0.2454,
         -0.4499,  0.0924,  0.2075,  0.0128,  0.0368,  0.2205, -0.5052,  0.2965],
        [ 0.0167, -0.0185,  0.0345,  0.1140, -0.3327, -0.1774,  0.0072, -0.3865,
         -0.2003, -0.3114, -0.2442,  0.0930,  0.1705,  0.2893, -0.5474,  0.0363],
        [ 0.1960,  0.1115,  0.2421, -0.3181, -0.2870, -0.0694, -0.3286, -0.0779,
         -0.4265,  0.0506,  0.0701,  0.0810,  0.2163,  0.2308, -0.0265,  0.2452],
        [-0.3121,  0.0132,  0.0602,  0.1863,  0.4595, -0.0071,  0.3357,  0.2500,
          0.0229,  0.0635,  0.0681, -0.2788, -0.2132, -0.1668,  0.1635, -0.0664],
        [ 0.2713,  0.1047,  0.0778, -0.0975, -0.3916, -0.2489, -0.1095, -0.3829,
         -0.0476, -0.0602,  0.1322,  0.1217,  0.3266,  0.2742, -0.0986,  0.2135],
        [-0.2482,  0.0737, -0.2692,  0.2249,  0.0335,  0.1186,  0.3044,  0.3527,
          0.3976,  0.1939,  0.1213, -0.0765,  0.0607,  0.0970,  0.2760, -0.1832],
        [-0.2604, -0.1066,  0.0136, -0.0127,  0.3200,  0.3499,  0.3476,  0.0348,
          0.2810,  0.2729, -0.2614, -0.0039, -0.2963, -0.2240,  0.1412, -0.1925],
        [ 0.0175,  0.0661,  0.1789, -0.0013, -0.1244, -0.2635, -0.3457, -0.4276,
         -0.3561, -0.1964,  0.1257, -0.0402, -0.0778,  0.1501, -0.3942,  0.1203]],
       device='cuda:0', requires_grad=True)

Parameter name: road_linear_0.bias
Shape: torch.Size([32])
Values: Parameter containing:
tensor([-0.0884, -0.0105,  0.1750, -0.1109, -0.0328,  0.0020,  0.0858,  0.1710,
        -0.0281, -0.0326,  0.0033,  0.0667,  0.1360,  0.0918, -0.0554, -0.0553,
        -0.2067, -0.0142,  0.0212,  0.0040, -0.0072, -0.1269, -0.0548, -0.0465,
        -0.1605,  0.2819,  0.1134,  0.0383, -0.0757, -0.2429,  0.1545, -0.0263],
       device='cuda:0', requires_grad=True)

Parameter name: road_linear_1.weight
Shape: torch.Size([1, 32])
Values: Parameter containing:
tensor([[-0.3274,  0.4110, -0.2996, -0.3272,  0.4658,  0.4852, -0.3544, -0.4227,
         -0.4015,  0.4868,  0.3335,  0.4447, -0.3885, -0.4879,  0.3770,  0.4322,
         -0.3777,  0.3737, -0.2897, -0.3055,  0.5025,  0.3956, -0.4207, -0.4111,
         -0.5091, -0.4445, -0.3586,  0.4393, -0.3935,  0.4332,  0.3349, -0.2944]],
       device='cuda:0', requires_grad=True)

Parameter name: linear_0.weight
Shape: torch.Size([32, 39])
Values: Parameter containing:
tensor([[-0.0121,  0.1038,  0.0759,  ...,  0.1617, -0.3445, -0.1137],
        [-0.1079, -0.0432,  0.1165,  ...,  0.1328, -0.3578,  0.0871],
        [-0.0071, -0.0395,  0.0325,  ...,  0.0242,  0.3004,  0.0345],
        ...,
        [ 0.0097,  0.0257,  0.0528,  ...,  0.0708, -0.3923, -0.1180],
        [ 0.0885, -0.2201, -0.0516,  ..., -0.3065,  0.2025,  0.1557],
        [-0.1899,  0.1569,  0.0382,  ...,  0.0672, -0.3437, -0.0509]],
       device='cuda:0', requires_grad=True)

Parameter name: linear_0.bias
Shape: torch.Size([32])
Values: Parameter containing:
tensor([ 0.0464,  0.0398, -0.0693, -0.1358, -0.0739,  0.0499, -0.1100,  0.0501,
        -0.0412,  0.0781,  0.0244,  0.0119,  0.0244,  0.0757, -0.0503, -0.0205,
         0.0572, -0.1564, -0.0642,  0.0380, -0.0575,  0.0315,  0.1053,  0.0082,
        -0.0879,  0.0523,  0.0436, -0.1174,  0.0549,  0.1430,  0.1669, -0.1281],
       device='cuda:0', requires_grad=True)

Parameter name: linear_1.weight
Shape: torch.Size([32, 32])
Values: Parameter containing:
tensor([[ 0.0471, -0.1920, -0.0959,  ..., -0.1339,  0.0044,  0.0653],
        [-0.2287, -0.0480,  0.1193,  ..., -0.0605,  0.0151,  0.0387],
        [ 0.1539, -0.0155, -0.1834,  ...,  0.0771, -0.0308,  0.1939],
        ...,
        [ 0.1288,  0.0873,  0.1152,  ...,  0.2443, -0.2321,  0.2381],
        [-0.0215, -0.1633,  0.0688,  ...,  0.0292,  0.2367, -0.1790],
        [-0.0140, -0.1344,  0.2082,  ...,  0.0497,  0.1638, -0.0463]],
       device='cuda:0', requires_grad=True)

Parameter name: linear_1.bias
Shape: torch.Size([32])
Values: Parameter containing:
tensor([ 0.1092,  0.1636, -0.0659, -0.0845, -0.0033, -0.0435, -0.0599, -0.0402,
         0.1377, -0.1814,  0.1168, -0.1276,  0.1963,  0.1060, -0.1220,  0.1411,
        -0.1386, -0.1750,  0.0485, -0.0108, -0.0085,  0.0845, -0.2031,  0.2435,
        -0.0415, -0.0059,  0.0718, -0.0270, -0.1376, -0.0698,  0.1347,  0.0401],
       device='cuda:0', requires_grad=True)

Parameter name: linear_2.weight
Shape: torch.Size([1, 32])
Values: Parameter containing:
tensor([[ 0.6421,  0.5726, -0.6507, -0.6234,  0.5125,  0.5214, -0.5587,  0.5306,
          0.5388, -0.5912, -0.5371,  0.5305,  0.5269,  0.5179,  0.5628,  0.5796,
         -0.6264, -0.6378,  0.4885,  0.5421, -0.5957, -0.5766, -0.6385,  0.4802,
          0.6222,  0.6376, -0.6198,  0.6371, -0.5572, -0.6249,  0.6196,  0.6340]],
       device='cuda:0', requires_grad=True)

Parameter name: linear_2.bias
Shape: torch.Size([1])
Values: Parameter containing:
tensor([0.3629], device='cuda:0', requires_grad=True)

