Parameter name: road_linear_0.weight
Shape: torch.Size([32, 16])
Values: Parameter containing:
tensor([[-0.5708,  0.7840, -0.2312, -0.3678,  0.2671, -0.3820,  0.6693,  0.0630,
          0.3059,  0.1970,  0.1890, -0.2736, -0.2470,  0.0698,  0.3299, -0.1818],
        [-0.3719,  0.1351, -0.2179, -0.3038,  0.2043, -0.2043,  0.3777,  0.3541,
          0.5891,  0.0692,  0.1260, -0.4675,  0.0942,  0.3439,  0.5736, -0.1839],
        [-0.3637,  0.4342, -0.0669, -0.0761,  0.4491, -0.3912,  0.5533,  0.1162,
          0.5614,  0.1531,  0.0191, -0.6024,  0.1159,  0.3548,  0.5106, -0.1683],
        [ 0.4099, -0.4232,  0.1910,  0.1953, -0.1904,  0.1996, -0.3798, -0.2140,
         -0.5303, -0.3260, -0.0295,  0.4719,  0.1562, -0.4367, -0.3226,  0.2683],
        [-0.2555,  0.5785, -0.2842, -0.3279,  0.2962, -0.3379,  0.2380,  0.4282,
          0.2485,  0.2275,  0.1914, -0.2748,  0.0799,  0.1175,  0.4140, -0.2755],
        [-0.1634,  0.6160, -0.4724,  0.0614,  0.4239, -0.4641,  0.4431,  0.0406,
          0.3255,  0.0584, -0.1418, -0.1824, -0.2231,  0.4847,  0.4447, -0.2015],
        [ 0.4572, -0.3556,  0.5609,  0.1977, -0.2046,  0.3200, -0.4375, -0.3516,
         -0.3674,  0.1826, -0.0575,  0.1731, -0.0338, -0.1965, -0.3326,  0.3187],
        [ 0.0711, -0.1612,  0.4749, -0.0091, -0.5131,  0.1514, -0.2999, -0.4114,
         -0.3279, -0.0596, -0.0824,  0.1883,  0.3059, -0.4493, -0.2342,  0.4848],
        [ 0.2006, -0.2493,  0.4826,  0.1207, -0.3612,  0.2129, -0.4835, -0.3731,
         -0.2323, -0.2527, -0.1902,  0.3103, -0.1101, -0.3212, -0.6284,  0.2596],
        [-0.5089,  0.4254, -0.2655, -0.2714,  0.2097, -0.2496,  0.2846,  0.3461,
          0.3872,  0.0520,  0.1195, -0.1313, -0.0512,  0.2659,  0.3157, -0.3788],
        [-0.6459,  0.6928, -0.2816, -0.3866,  0.0493, -0.0702,  0.5116,  0.2007,
          0.4716,  0.2452,  0.0417, -0.1099, -0.0692,  0.4932,  0.0704, -0.5879],
        [-0.3613,  0.3544, -0.1866, -0.1643,  0.3220, -0.2620,  0.5987,  0.2721,
          0.2951,  0.4162,  0.1705, -0.0631, -0.1992,  0.0956,  0.2605, -0.3821],
        [ 0.4921, -0.3382,  0.3036,  0.1993, -0.2535,  0.5531, -0.3124, -0.4416,
         -0.4350,  0.0358, -0.1453,  0.1708, -0.0708, -0.2808, -0.3356,  0.1743],
        [ 0.3618, -0.1297,  0.4895,  0.2624, -0.4324,  0.3848, -0.2386, -0.1725,
         -0.3122, -0.0904, -0.1581,  0.2128,  0.0498, -0.2701, -0.4602,  0.3672],
        [-0.5744,  0.2824, -0.2260, -0.3682,  0.5313, -0.0834,  0.3666,  0.2631,
          0.1082,  0.1184,  0.1008, -0.4410, -0.0288,  0.3114,  0.1879, -0.3352],
        [ 0.1080, -0.4236,  0.3585,  0.3020, -0.4387,  0.3037, -0.3678, -0.4137,
         -0.3178, -0.0198,  0.0622,  0.5626, -0.0282, -0.2897, -0.0682,  0.2283],
        [ 0.4398, -0.1750,  0.3485, -0.0561, -0.6852,  0.3743, -0.3521, -0.2901,
         -0.6607, -0.1222,  0.2286,  0.5851,  0.2920, -0.1105, -0.4655,  0.1129],
        [-0.3408,  0.4146, -0.3411, -0.1624,  0.3073, -0.1107,  0.4963,  0.4181,
          0.2566,  0.1136,  0.0041, -0.3759, -0.1930,  0.1016,  0.3426, -0.2874],
        [-0.2498,  0.3441, -0.2990, -0.2534,  0.2877, -0.4502,  0.2969,  0.5238,
          0.0845,  0.1176,  0.0182, -0.5798, -0.0332,  0.3219,  0.4585, -0.2364],
        [ 0.6156, -0.4950,  0.4618,  0.2595, -0.4128,  0.2581, -0.6321, -0.0554,
         -0.1473, -0.1937, -0.0950,  0.3310, -0.0955, -0.2851, -0.0609,  0.4298],
        [-0.2359,  0.3555, -0.1085, -0.2882,  0.4173, -0.3323,  0.4379,  0.4930,
          0.3012, -0.0215, -0.1731, -0.4224, -0.1099,  0.0051,  0.5071, -0.3025],
        [ 0.3614, -0.3749,  0.2634,  0.3184, -0.3316,  0.1513, -0.0688, -0.3437,
         -0.3868, -0.1203,  0.2494,  0.2152,  0.0567, -0.3488, -0.6627,  0.2807],
        [ 0.5503, -0.5410,  0.2239,  0.2014, -0.1568,  0.1075, -0.5562, -0.3556,
         -0.3787, -0.0616,  0.0442,  0.3396, -0.0744, -0.1168,  0.0093,  0.4253],
        [ 0.2990, -0.1684,  0.4425, -0.1024, -0.5023,  0.1814, -0.3913, -0.5086,
         -0.5663, -0.2104, -0.0689,  0.5760,  0.2798, -0.1417, -0.3846,  0.1358],
        [ 0.4024, -0.6897,  0.3343,  0.2037, -0.1131,  0.2328, -0.2199, -0.3194,
         -0.5145,  0.0802,  0.1984,  0.1528, -0.0935, -0.2260, -0.4632,  0.5151],
        [ 0.1630, -0.4307,  0.1849,  0.3958, -0.3917,  0.2294, -0.2153, -0.4808,
         -0.2906, -0.2463, -0.2917,  0.2599,  0.1695, -0.0371, -0.5366,  0.1797],
        [ 0.4570, -0.3780,  0.5012, -0.0195, -0.3003,  0.3709, -0.6275, -0.1194,
         -0.4974,  0.0638, -0.0041,  0.2060,  0.2080, -0.0833, -0.0044,  0.5267],
        [-0.5606,  0.4692, -0.1575, -0.0514,  0.4379, -0.3673,  0.5931,  0.2765,
          0.0738,  0.1551,  0.1471, -0.3897, -0.0188,  0.1228,  0.1677, -0.2979],
        [ 0.4842, -0.3358,  0.2781,  0.1290, -0.4803,  0.0895, -0.3731, -0.4994,
         -0.1671, -0.1003,  0.0380,  0.2931,  0.2451, -0.0284, -0.1771,  0.4136],
        [-0.4202,  0.5004, -0.4688, -0.1055,  0.0232, -0.3218,  0.5530,  0.3798,
          0.4322,  0.0812,  0.2290, -0.1811, -0.0189,  0.3682,  0.1461, -0.4110],
        [-0.5178,  0.4285, -0.2184, -0.3026,  0.3418, -0.0869,  0.6557,  0.0955,
          0.3494,  0.2885, -0.1644, -0.1235, -0.2324,  0.1664,  0.1467, -0.4517],
        [ 0.1323, -0.2945,  0.3653,  0.2896, -0.1996,  0.1269, -0.6515, -0.5646,
         -0.4691, -0.1157,  0.0047,  0.1860, -0.0214, -0.1357, -0.4170,  0.3149]],
       device='cuda:0', requires_grad=True)

Parameter name: road_linear_0.bias
Shape: torch.Size([32])
Values: Parameter containing:
tensor([-0.2258,  0.1145,  0.2044, -0.1000,  0.0103, -0.0972,  0.0608,  0.0879,
        -0.2380, -0.0721,  0.0391,  0.0545,  0.1006,  0.0752,  0.0148,  0.0699,
        -0.1589,  0.0817, -0.0135, -0.0941,  0.0131, -0.0520, -0.1195, -0.1594,
        -0.1270,  0.1543,  0.1189,  0.0403, -0.0879, -0.1165,  0.1288, -0.1973],
       device='cuda:0', requires_grad=True)

Parameter name: road_linear_1.weight
Shape: torch.Size([1, 32])
Values: Parameter containing:
tensor([[ 0.7236,  0.7576,  0.6844, -0.7182,  0.8220,  0.8580, -0.7075, -0.8199,
         -0.7654,  0.8725,  0.7173,  0.8740, -0.7697, -0.8319,  0.7559, -0.7412,
         -0.7159,  0.7718,  0.6926, -0.6820,  0.7981, -0.6324, -0.8147, -0.7719,
         -0.7758, -0.8368, -0.7180,  0.8142, -0.8145,  0.7998,  0.7623, -0.6705]],
       device='cuda:0', requires_grad=True)

Parameter name: linear_0.weight
Shape: torch.Size([32, 39])
Values: Parameter containing:
tensor([[ 0.3027,  0.2248, -0.0220,  ...,  0.1133, -0.2212, -0.1137],
        [-0.1102, -0.2152,  0.1743,  ...,  0.0033, -0.4114,  0.0871],
        [ 0.0340,  0.1941,  0.0688,  ...,  0.1624,  0.1124,  0.0345],
        ...,
        [-0.0516, -0.2152,  0.0739,  ..., -0.1427, -0.1671, -0.1180],
        [ 0.0287, -0.0701, -0.0128,  ..., -0.1590,  0.0034,  0.1557],
        [-0.0635,  0.1810, -0.0367,  ..., -0.0452,  0.0173, -0.0509]],
       device='cuda:0', requires_grad=True)

Parameter name: linear_0.bias
Shape: torch.Size([32])
Values: Parameter containing:
tensor([ 0.0518,  0.0632, -0.1515, -0.0491, -0.0566,  0.0417, -0.1252,  0.1097,
        -0.0444,  0.1523,  0.0202, -0.0430, -0.0615,  0.0686, -0.0751, -0.0465,
         0.1108, -0.1390, -0.0469,  0.0517, -0.0799,  0.1471,  0.0984, -0.0599,
         0.0141,  0.1181,  0.0160, -0.1366,  0.0867,  0.1808,  0.0812, -0.1326],
       device='cuda:0', requires_grad=True)

Parameter name: linear_1.weight
Shape: torch.Size([32, 32])
Values: Parameter containing:
tensor([[ 0.1878, -0.2019, -0.1101,  ..., -0.0530, -0.1196,  0.1653],
        [ 0.0805,  0.0056,  0.1499,  ..., -0.0383, -0.0366,  0.2491],
        [-0.1471, -0.0867, -0.1821,  ...,  0.0189,  0.0478,  0.0080],
        ...,
        [-0.1047,  0.0253,  0.0717,  ...,  0.1985, -0.1539,  0.1274],
        [ 0.2767, -0.1079,  0.0869,  ...,  0.0630,  0.1830,  0.0186],
        [ 0.2467, -0.0584,  0.2517,  ...,  0.0801,  0.1026,  0.1100]],
       device='cuda:0', requires_grad=True)

Parameter name: linear_1.bias
Shape: torch.Size([32])
Values: Parameter containing:
tensor([ 0.0596,  0.0208,  0.0567,  0.0235, -0.0740, -0.1278,  0.0626, -0.1782,
         0.0216, -0.0668,  0.2309, -0.1882,  0.0806,  0.1006, -0.2241, -0.0239,
        -0.0465, -0.1028, -0.0652, -0.1039,  0.1008,  0.1987, -0.1055,  0.2065,
        -0.1509, -0.0551,  0.1406, -0.1470, -0.0421,  0.0020,  0.0019, -0.0608],
       device='cuda:0', requires_grad=True)

Parameter name: linear_2.weight
Shape: torch.Size([1, 32])
Values: Parameter containing:
tensor([[ 0.3406,  0.2465, -0.3495, -0.3040,  0.2128,  0.2092, -0.2375,  0.2702,
          0.2393, -0.2511, -0.2292,  0.2238,  0.2328, -0.2063,  0.2703,  0.2272,
         -0.3236, -0.3339,  0.1977,  0.2277, -0.2908, -0.2715, -0.3431, -0.1599,
          0.3060,  0.3383, -0.3251,  0.3204, -0.2465, -0.3150,  0.3222,  0.3138]],
       device='cuda:0', requires_grad=True)

Parameter name: linear_2.bias
Shape: torch.Size([1])
Values: Parameter containing:
tensor([-0.1464], device='cuda:0', requires_grad=True)

