Parameter name: road_linear_0.weight
Shape: torch.Size([32, 16])
Values: Parameter containing:
tensor([[-2.4484e-01,  4.5529e-01,  1.1198e-01, -8.7712e-02,  3.1144e-01,
          1.3733e-01,  3.2946e-01,  1.0523e-01,  3.4166e-01,  1.5867e-01,
          1.3530e-01, -2.7507e-01, -3.4615e-01, -2.4838e-01,  3.8557e-01,
          1.4642e-01],
        [-1.0312e-01, -1.4682e-01,  5.3130e-02, -1.1692e-01,  8.1068e-02,
          1.9334e-01,  6.6332e-02,  2.6326e-01,  5.8442e-01, -2.4689e-02,
          2.3830e-01, -3.5623e-01,  7.9684e-02,  1.0455e-01,  5.9354e-01,
          6.2300e-02],
        [ 4.2578e-02, -1.5714e-01,  2.7915e-01, -6.1627e-02, -2.6851e-01,
         -2.8448e-01, -1.0390e-01, -5.6961e-01, -1.5988e-01,  1.7775e-03,
          4.8632e-02,  9.2283e-02,  5.1915e-01,  2.2685e-01, -9.3570e-02,
          1.9679e-01],
        [ 7.0307e-02, -1.5078e-01, -1.1396e-01,  6.9118e-02, -1.0836e-01,
         -1.1281e-01, -2.4122e-02, -1.6932e-01, -5.6195e-01, -2.1371e-01,
         -1.4728e-01,  4.1311e-01,  1.9651e-01, -3.1992e-01, -3.5270e-01,
         -3.0117e-02],
        [ 5.6238e-02,  3.1919e-01, -1.9141e-03, -1.4134e-01,  2.5794e-01,
          1.7929e-02, -2.5598e-02,  4.2809e-01,  3.0714e-01,  1.3261e-01,
          2.5929e-01, -2.3560e-01,  1.2142e-02, -8.0995e-02,  4.4328e-01,
         -1.5524e-02],
        [ 9.4231e-03,  4.6845e-01, -2.6474e-01,  3.3878e-01,  4.9460e-01,
         -7.2439e-02,  3.1545e-01,  1.0123e-01,  3.8559e-01,  1.4451e-01,
         -2.4501e-01, -2.0480e-01, -3.1078e-01,  2.1131e-01,  4.7421e-01,
         -2.2417e-02],
        [ 2.1060e-01, -6.2593e-02,  2.3635e-01, -6.5260e-02, -1.7613e-01,
         -1.3574e-01, -1.1633e-01, -3.4708e-01, -4.2287e-01,  1.3129e-01,
         -5.3290e-02,  1.5566e-01, -7.4422e-02,  5.1722e-02, -4.4340e-01,
          5.9879e-03],
        [-2.1230e-01,  4.8650e-02,  1.9191e-01, -2.3650e-01, -4.7243e-01,
         -2.2210e-01, -3.4817e-02, -3.8739e-01, -3.6922e-01, -6.7181e-02,
         -8.7988e-02,  1.4075e-01,  2.6271e-01, -2.5511e-01, -2.4488e-01,
          2.1210e-01],
        [-1.0417e-01,  4.9144e-02,  1.5652e-01, -1.4526e-01, -2.2595e-01,
         -2.8163e-01, -8.5729e-02, -2.4467e-01, -1.9155e-01, -1.6608e-01,
         -2.2807e-01,  1.9993e-01, -1.1259e-01,  2.3581e-02, -5.7506e-01,
         -3.6543e-02],
        [-1.4729e-01,  1.1971e-01,  5.3319e-02, -1.1808e-01,  1.8925e-01,
          9.8769e-02, -2.5036e-02,  3.6279e-01,  4.7551e-01, -1.5034e-01,
          2.7280e-01, -1.1408e-01, -2.0885e-01,  5.8861e-02,  3.8964e-01,
         -6.6741e-02],
        [-2.3171e-01,  4.2323e-01,  8.1553e-02, -1.2917e-01,  1.2370e-01,
          3.4591e-01,  2.0817e-01,  2.5778e-01,  5.4770e-01,  1.2715e-01,
          6.5714e-02, -1.1933e-01, -2.2480e-01,  2.5129e-01,  1.5698e-01,
         -2.1376e-01],
        [ 3.1336e-02,  1.1603e-01,  1.4249e-01, -2.9973e-02,  3.1749e-01,
          4.0429e-02,  2.7331e-01,  2.7950e-01,  3.7026e-01,  1.9107e-01,
          3.2216e-01, -5.6253e-02, -3.8305e-01, -7.9003e-02,  2.6654e-01,
         -5.7538e-02],
        [ 2.2203e-01, -7.7344e-02,  2.7562e-02, -8.8104e-02, -2.5075e-01,
          5.8626e-02, -7.2099e-02, -4.6248e-01, -5.1393e-01,  9.1290e-03,
         -4.8807e-02,  1.5453e-01, -3.4828e-02,  5.4486e-02, -4.0629e-01,
         -6.9327e-02],
        [ 4.7170e-02,  1.6379e-01,  1.9951e-01,  1.0780e-01, -4.1183e-01,
          3.8349e-02,  4.8070e-02, -1.8437e-01, -4.2406e-01, -3.3228e-03,
         -2.5262e-01,  2.0211e-01,  5.3187e-02, -9.6364e-02, -5.5203e-01,
          8.9378e-02],
        [-2.2129e-01, -7.1702e-02,  8.8790e-02, -1.5184e-01,  5.0651e-01,
          3.4442e-01,  4.3722e-03,  2.4603e-01,  1.7830e-01,  3.0168e-02,
          1.5057e-01, -4.2924e-01, -3.0242e-02,  3.6384e-02,  2.5655e-01,
         -2.1564e-02],
        [-1.4277e-01, -3.7067e-01,  9.3375e-02,  1.3448e-01, -4.6435e-01,
          1.5213e-04, -1.9086e-01, -4.4710e-01, -3.6023e-01,  4.0513e-02,
         -3.8306e-03,  5.3873e-01,  1.6969e-01, -1.3815e-01, -9.1724e-02,
          1.9282e-02],
        [ 1.0588e-01,  7.0696e-02,  1.2103e-03, -2.0182e-01, -4.2484e-01,
          4.0390e-02,  2.9457e-02, -8.7185e-02, -5.0706e-01, -3.8217e-03,
          9.6242e-02,  3.5786e-01,  2.7209e-01,  7.2880e-02, -3.0030e-01,
         -2.1340e-01],
        [-1.4676e-01,  2.3148e-01, -8.1214e-02,  2.2613e-02,  2.3598e-01,
          2.1083e-01,  2.4716e-01,  3.6743e-01,  2.2933e-01,  1.4639e-01,
         -5.0149e-02, -3.1392e-01, -1.6696e-01, -5.5298e-02,  3.7719e-01,
         -3.5028e-02],
        [ 1.5143e-01, -2.5091e-01,  1.6403e-02, -1.9846e-01, -3.6262e-01,
         -3.0283e-01, -2.9915e-01, -1.1202e-01, -5.6458e-01, -1.7730e-02,
          9.8497e-02,  5.2064e-02,  2.9423e-01,  1.2904e-01, -1.2646e-01,
          9.0918e-02],
        [ 3.1153e-01, -2.5196e-01,  1.4537e-01, -7.3891e-03, -4.9896e-01,
         -1.6292e-01, -3.8647e-01, -1.2335e-01, -2.1150e-01, -1.8237e-01,
          3.2166e-02,  3.8508e-01,  3.7414e-02,  4.8248e-03, -1.6410e-01,
          1.0987e-01],
        [-5.3846e-02,  2.7364e-01,  1.0419e-01, -1.8041e-01,  3.5615e-01,
         -8.7637e-02,  2.7639e-01,  4.6443e-01,  2.7386e-01, -5.8111e-02,
         -8.4714e-02, -3.2610e-01, -1.7235e-01, -6.6400e-02,  4.6068e-01,
         -1.3165e-01],
        [ 1.2202e-02,  1.1609e-02,  6.2165e-02,  3.1297e-01,  2.1748e-01,
          6.5840e-02,  2.2935e-01,  1.1669e-01,  2.6891e-01,  1.5846e-01,
          2.9613e-01, -4.4455e-01, -2.4403e-01, -2.6172e-01,  1.4827e-01,
          1.4395e-01],
        [ 2.9409e-01, -3.0052e-01, -7.2094e-02, -7.5078e-02, -1.6007e-01,
         -3.1771e-01, -3.1388e-01, -3.6388e-01, -4.1608e-01, -6.0578e-02,
          2.2411e-01,  3.4150e-01,  2.7269e-03,  2.0206e-01, -4.9556e-02,
          1.2418e-01],
        [ 3.2615e-02,  4.0339e-02,  1.3388e-01, -2.1151e-01, -2.6797e-01,
         -7.3018e-02, -5.4348e-02, -3.4482e-01, -4.3303e-01, -1.3326e-01,
         -1.3684e-01,  3.8080e-01,  1.8900e-01, -8.7910e-02, -3.1270e-01,
         -1.6980e-01],
        [ 5.2991e-02, -3.8210e-01,  5.0380e-03, -7.1170e-03, -3.9107e-02,
         -1.7361e-01,  1.1995e-01, -2.7163e-01, -5.5756e-01,  2.1199e-01,
          1.5219e-01,  8.6636e-02, -2.5319e-03,  8.1995e-02, -4.6964e-01,
          1.9619e-01],
        [-1.0828e-01, -1.6735e-01, -8.0697e-02,  1.9873e-01, -2.9140e-01,
         -1.4921e-01,  3.7684e-02, -4.2983e-01, -3.1259e-01, -1.9744e-01,
         -3.1822e-01,  1.5828e-01,  1.3542e-01,  1.6809e-01, -5.1334e-01,
         -5.5924e-02],
        [ 2.4214e-01, -1.5420e-01,  2.0745e-01, -2.7881e-01, -3.3816e-01,
         -3.6641e-02, -4.4753e-01, -1.6941e-01, -5.2837e-01,  5.0951e-02,
          1.5284e-01,  2.1796e-01,  3.4630e-01,  2.3209e-01, -5.7576e-02,
          2.4382e-01],
        [-1.8802e-01,  2.5014e-01,  1.7003e-01,  1.0131e-01,  4.6764e-01,
         -4.2795e-02,  3.1009e-01,  3.0340e-01,  1.2916e-01, -3.5603e-02,
          2.6757e-01, -3.9046e-01, -2.2373e-01, -6.4396e-02,  1.7354e-01,
          9.9749e-03],
        [ 1.4290e-01, -1.1993e-01, -2.7662e-02, -1.2221e-02, -4.1917e-01,
         -2.0274e-01, -6.7816e-02, -4.5054e-01, -1.6458e-01,  3.3144e-02,
         -2.8922e-02,  2.4048e-01,  3.4671e-01,  1.4546e-01, -1.3359e-01,
          1.2036e-01],
        [-2.4651e-01,  3.1596e-01, -2.1802e-01,  1.9096e-01,  9.4927e-02,
          9.1676e-02,  3.9785e-01,  4.4688e-01,  5.0934e-01,  1.6528e-01,
          1.0379e-01, -2.0927e-01, -4.6546e-02,  1.2827e-01,  2.6669e-01,
         -1.6898e-01],
        [-1.8346e-01,  1.6717e-01,  9.9362e-02, -8.4868e-02,  3.4671e-01,
          2.9968e-01,  3.6520e-01,  1.0265e-01,  3.8761e-01,  2.0965e-01,
         -2.7402e-01, -1.3009e-01, -3.8427e-01, -1.3588e-01,  1.6355e-01,
         -1.2825e-01],
        [-1.1300e-01, -8.1804e-02,  8.3130e-02,  6.1864e-02, -8.6188e-02,
         -2.3534e-01, -3.2575e-01, -4.6768e-01, -4.4329e-01, -1.1901e-01,
          4.2522e-02,  7.1296e-02, -5.4145e-02,  8.2548e-02, -4.2458e-01,
          4.8533e-02]], device='cuda:0', requires_grad=True)

Parameter name: road_linear_0.bias
Shape: torch.Size([32])
Values: Parameter containing:
tensor([-0.0825,  0.1392,  0.1239, -0.1580,  0.1045, -0.1056,  0.0363,  0.1276,
        -0.1005,  0.0934, -0.0142,  0.1046,  0.0557, -0.0475,  0.1019,  0.0173,
        -0.1331, -0.0148,  0.1281,  0.0778,  0.0323, -0.0716,  0.0331, -0.0515,
        -0.1520,  0.0409,  0.2050,  0.0619, -0.0654, -0.2127, -0.0046, -0.0340],
       device='cuda:0', requires_grad=True)

Parameter name: road_linear_1.weight
Shape: torch.Size([1, 32])
Values: Parameter containing:
tensor([[ 0.3794,  0.5393, -0.3017, -0.4281,  0.5046,  0.4887, -0.4095, -0.4908,
         -0.4199,  0.5603,  0.3559,  0.5154, -0.4163, -0.5891,  0.4459, -0.4417,
         -0.4349,  0.4430, -0.2868, -0.3299,  0.5827,  0.3666, -0.4321, -0.5102,
         -0.4701, -0.5386, -0.3898,  0.4992, -0.4437,  0.5014,  0.3405, -0.3504]],
       device='cuda:0', requires_grad=True)

Parameter name: linear_0.weight
Shape: torch.Size([32, 39])
Values: Parameter containing:
tensor([[-0.0316,  0.1068,  0.0634,  ...,  0.1572, -0.2633, -0.1137],
        [-0.1403, -0.0309,  0.1366,  ...,  0.0559, -0.2844,  0.0871],
        [ 0.0284, -0.0446,  0.0267,  ...,  0.0638,  0.2303,  0.0345],
        ...,
        [ 0.1415, -0.1662, -0.0356,  ..., -0.1754, -0.0061, -0.1180],
        [ 0.1189, -0.2244, -0.0755,  ..., -0.2275,  0.1188,  0.1557],
        [-0.2146,  0.1707,  0.0708,  ...,  0.0675, -0.2453, -0.0509]],
       device='cuda:0', requires_grad=True)

Parameter name: linear_0.bias
Shape: torch.Size([32])
Values: Parameter containing:
tensor([ 0.0754,  0.0322, -0.0667, -0.1405, -0.0809,  0.0452, -0.0900,  0.0684,
        -0.0375,  0.0484,  0.0423,  0.0191, -0.0227,  0.1014, -0.0292, -0.0140,
         0.0474, -0.1623, -0.0092,  0.0841, -0.0859,  0.0083,  0.1150,  0.0389,
        -0.1074,  0.1079,  0.0542, -0.1378,  0.0429,  0.1908,  0.1815, -0.1068],
       device='cuda:0', requires_grad=True)

Parameter name: linear_1.weight
Shape: torch.Size([32, 32])
Values: Parameter containing:
tensor([[ 0.0887, -0.2005, -0.0582,  ...,  0.0938, -0.0137,  0.0604],
        [-0.1943, -0.0460,  0.1483,  ...,  0.1910,  0.0020,  0.0339],
        [ 0.1231, -0.0317, -0.2095,  ..., -0.1789, -0.0164,  0.1978],
        ...,
        [ 0.1294,  0.0807,  0.0644,  ...,  0.0463, -0.2100,  0.2921],
        [ 0.0318, -0.1909,  0.0723,  ...,  0.3018,  0.2476, -0.1499],
        [ 0.0129, -0.1261,  0.2456,  ...,  0.2634,  0.1479, -0.0633]],
       device='cuda:0', requires_grad=True)

Parameter name: linear_1.bias
Shape: torch.Size([32])
Values: Parameter containing:
tensor([ 0.1390,  0.1817, -0.0684, -0.1438,  0.0340, -0.0128, -0.0920,  0.0323,
         0.1927, -0.1748,  0.1521, -0.1803,  0.2261,  0.0682, -0.0860,  0.1879,
        -0.0519, -0.1862,  0.0641,  0.0575, -0.0676,  0.0667, -0.2328,  0.2209,
         0.0028, -0.0871,  0.0862,  0.0148, -0.1851, -0.0825,  0.1767,  0.0505],
       device='cuda:0', requires_grad=True)

Parameter name: linear_2.weight
Shape: torch.Size([1, 32])
Values: Parameter containing:
tensor([[ 0.7522,  0.6779, -0.7354, -0.7186,  0.5823,  0.5994, -0.6511,  0.5737,
          0.6391, -0.6995, -0.6127,  0.6263,  0.6203,  0.6252,  0.6458,  0.6208,
         -0.7400, -0.7594,  0.6116,  0.6048, -0.6661, -0.6605, -0.7623,  0.6180,
          0.7044,  0.7475, -0.7335,  0.7151, -0.6567, -0.7531,  0.6700,  0.7376]],
       device='cuda:0', requires_grad=True)

Parameter name: linear_2.bias
Shape: torch.Size([1])
Values: Parameter containing:
tensor([0.4987], device='cuda:0', requires_grad=True)

