Parameter name: road_linear_0.weight
Shape: torch.Size([32, 16])
Values: Parameter containing:
tensor([[-2.5838e-01,  4.4633e-01,  9.6730e-02, -7.9515e-02,  2.7813e-01,
          1.6307e-01,  3.4428e-01,  8.7741e-02,  3.2430e-01,  1.5684e-01,
          1.0050e-01, -2.4115e-01, -3.7203e-01, -2.6715e-01,  3.7242e-01,
          1.3842e-01],
        [-1.3240e-01, -1.2739e-01,  2.5460e-02, -9.5974e-02,  5.7718e-02,
          2.2118e-01,  9.9186e-02,  2.3362e-01,  5.3726e-01, -4.0643e-03,
          1.9273e-01, -3.0752e-01,  3.8664e-02,  7.3646e-02,  5.5675e-01,
          3.7459e-02],
        [ 3.7280e-02, -1.2966e-01,  2.8760e-01, -6.7096e-02, -2.2619e-01,
         -3.1077e-01, -1.0203e-01, -5.4251e-01, -1.2922e-01,  1.3894e-02,
          6.1432e-02,  5.3149e-02,  5.1117e-01,  2.3369e-01, -7.1454e-02,
          1.9660e-01],
        [ 1.0701e-01, -1.8077e-01, -8.0740e-02,  4.3969e-02, -9.8915e-02,
         -1.4618e-01, -6.3448e-02, -1.5238e-01, -5.2375e-01, -2.3719e-01,
         -9.3488e-02,  3.8169e-01,  2.5248e-01, -2.8203e-01, -3.2406e-01,
         -3.6547e-04],
        [ 1.9198e-02,  3.5059e-01, -3.5187e-02, -1.1714e-01,  2.5223e-01,
          4.9965e-02,  1.3706e-02,  4.1734e-01,  2.7836e-01,  1.5646e-01,
          2.0535e-01, -2.1261e-01, -4.4593e-02, -1.1935e-01,  4.2001e-01,
         -4.4467e-02],
        [ 9.9037e-03,  4.4469e-01, -2.7366e-01,  3.4318e-01,  4.5584e-01,
         -4.6159e-02,  3.1745e-01,  7.8498e-02,  3.7168e-01,  1.3280e-01,
         -2.6531e-01, -1.6877e-01, -3.1803e-01,  2.0209e-01,  4.6003e-01,
         -2.1949e-02],
        [ 2.4054e-01, -7.1683e-02,  2.6437e-01, -8.5370e-02, -1.5338e-01,
         -1.6861e-01, -1.4739e-01, -3.2900e-01, -3.9197e-01,  1.1685e-01,
         -5.6100e-03,  1.2332e-01, -3.2018e-02,  8.4365e-02, -4.2076e-01,
          2.8931e-02],
        [-1.8387e-01,  4.8191e-02,  2.1966e-01, -2.5676e-01, -4.4615e-01,
         -2.5575e-01, -6.4084e-02, -3.6726e-01, -3.3978e-01, -8.0365e-02,
         -4.3217e-02,  1.0722e-01,  2.9880e-01, -2.2338e-01, -2.2166e-01,
          2.3423e-01],
        [-7.1478e-02,  3.3682e-02,  1.8754e-01, -1.6945e-01, -1.9830e-01,
         -3.1327e-01, -1.2210e-01, -2.1731e-01, -1.4701e-01, -1.8699e-01,
         -1.7715e-01,  1.5522e-01, -6.6053e-02,  5.8572e-02, -5.4221e-01,
         -9.1169e-03],
        [-1.7967e-01,  1.4506e-01,  2.3382e-02, -9.5693e-02,  1.7333e-01,
          1.2917e-01,  1.0567e-02,  3.4090e-01,  4.3409e-01, -1.3016e-01,
          2.2341e-01, -7.5819e-02, -2.5775e-01,  2.4823e-02,  3.5821e-01,
         -9.3322e-02],
        [-2.5396e-01,  4.1702e-01,  5.7962e-02, -1.1248e-01,  9.2472e-02,
          3.7831e-01,  2.3217e-01,  2.3585e-01,  5.1898e-01,  1.3539e-01,
          2.5501e-02, -8.3382e-02, -2.5431e-01,  2.2442e-01,  1.3450e-01,
         -2.3115e-01],
        [ 1.1408e-03,  1.2544e-01,  1.1321e-01, -7.5656e-03,  2.8832e-01,
          7.2846e-02,  3.0577e-01,  2.5391e-01,  3.3082e-01,  2.0888e-01,
          2.7300e-01, -1.5461e-02, -4.2631e-01, -1.1244e-01,  2.3692e-01,
         -8.2520e-02],
        [ 2.5568e-01, -9.8493e-02,  5.7728e-02, -1.0903e-01, -2.3788e-01,
          2.5983e-02, -1.0704e-01, -4.5163e-01, -4.9122e-01, -7.2937e-03,
          2.3887e-03,  1.3007e-01,  1.5521e-02,  8.9977e-02, -3.8833e-01,
         -4.4450e-02],
        [ 8.1353e-02,  1.3773e-01,  2.3104e-01,  8.3925e-02, -3.9539e-01,
          7.3317e-03,  1.0703e-02, -1.6263e-01, -3.8219e-01, -2.4872e-02,
         -2.0123e-01,  1.6350e-01,  1.0429e-01, -6.0485e-02, -5.2050e-01,
          1.1746e-01],
        [-2.5388e-01, -5.2329e-02,  5.8381e-02, -1.2884e-01,  4.8530e-01,
          3.7681e-01,  4.0526e-02,  2.2294e-01,  1.3889e-01,  5.0139e-02,
          1.0037e-01, -3.8908e-01, -7.8595e-02,  1.9530e-03,  2.2679e-01,
         -4.8076e-02],
        [-1.1302e-01, -3.8716e-01,  1.2000e-01,  1.1742e-01, -4.4960e-01,
         -2.8882e-02, -2.2106e-01, -4.3883e-01, -3.4563e-01,  2.8760e-02,
          4.3959e-02,  5.1667e-01,  2.1819e-01, -1.0651e-01, -7.9530e-02,
          3.9677e-02],
        [ 1.4136e-01,  5.0413e-02,  3.3770e-02, -2.2692e-01, -4.0721e-01,
          7.2225e-03, -6.8645e-03, -6.6960e-02, -4.6715e-01, -2.5783e-02,
          1.4956e-01,  3.2490e-01,  3.2290e-01,  1.1045e-01, -2.7241e-01,
         -1.8456e-01],
        [-1.6274e-01,  2.1871e-01, -1.0025e-01,  3.5068e-02,  2.0573e-01,
          2.4252e-01,  2.6387e-01,  3.4873e-01,  2.1180e-01,  1.4810e-01,
         -8.2803e-02, -2.8154e-01, -1.8970e-01, -7.6547e-02,  3.6130e-01,
         -4.6694e-02],
        [ 1.5259e-01, -2.2420e-01,  3.2102e-02, -2.1059e-01, -3.2188e-01,
         -3.3237e-01, -3.0553e-01, -8.2929e-02, -5.3302e-01, -1.3145e-02,
          1.1516e-01,  1.2559e-02,  2.8727e-01,  1.4352e-01, -1.0037e-01,
          9.7611e-02],
        [ 3.1419e-01, -2.2571e-01,  1.6169e-01, -1.8836e-02, -4.5874e-01,
         -1.9290e-01, -3.9423e-01, -9.5757e-02, -1.8820e-01, -1.7624e-01,
          4.9784e-02,  3.4647e-01,  3.7071e-02,  2.0020e-02, -1.4061e-01,
          1.1556e-01],
        [-8.1514e-02,  2.9074e-01,  7.9759e-02, -1.6538e-01,  3.4519e-01,
         -5.8894e-02,  3.0434e-01,  4.6029e-01,  2.6451e-01, -4.8282e-02,
         -1.3048e-01, -3.0841e-01, -2.2073e-01, -9.5712e-02,  4.5350e-01,
         -1.5002e-01],
        [-1.2346e-02,  1.7205e-03,  3.5225e-02,  3.3319e-01,  1.7646e-01,
          9.6236e-02,  2.5762e-01,  8.8070e-02,  2.3193e-01,  1.7036e-01,
          2.5176e-01, -4.0160e-01, -2.7099e-01, -2.9235e-01,  1.1882e-01,
          1.2328e-01],
        [ 2.9631e-01, -2.7478e-01, -5.7033e-02, -8.5870e-02, -1.2122e-01,
         -3.4808e-01, -3.2067e-01, -3.3720e-01, -3.9044e-01, -5.4767e-02,
          2.4141e-01,  3.0371e-01,  1.0742e-03,  2.1612e-01, -2.6577e-02,
          1.2985e-01],
        [ 6.9368e-02,  2.0952e-02,  1.6695e-01, -2.3632e-01, -2.5770e-01,
         -1.0881e-01, -9.1060e-02, -3.3067e-01, -4.0443e-01, -1.5481e-01,
         -8.4126e-02,  3.5540e-01,  2.4112e-01, -4.9943e-02, -2.9046e-01,
         -1.4114e-01],
        [ 8.5761e-02, -4.0298e-01,  3.5098e-02, -2.9469e-02, -2.2463e-02,
         -2.0573e-01,  8.4849e-02, -2.5369e-01, -5.1965e-01,  1.9310e-01,
          2.0315e-01,  5.4821e-02,  4.6567e-02,  1.1685e-01, -4.4355e-01,
          2.2234e-01],
        [-7.0349e-02, -2.0151e-01, -4.6596e-02,  1.7419e-01, -2.9485e-01,
         -1.8201e-01, -2.4878e-03, -4.2715e-01, -2.9001e-01, -2.2241e-01,
         -2.6488e-01,  1.4738e-01,  1.9312e-01,  2.0708e-01, -4.9417e-01,
         -2.6425e-02],
        [ 2.2101e-01, -1.2415e-01,  2.1104e-01, -2.8232e-01, -2.9558e-01,
         -5.9949e-02, -4.3217e-01, -1.3858e-01, -4.9968e-01,  7.1616e-02,
          1.5341e-01,  1.7872e-01,  3.2613e-01,  2.2985e-01, -3.2096e-02,
          2.3575e-01],
        [-2.1569e-01,  2.5450e-01,  1.4299e-01,  1.2037e-01,  4.3666e-01,
         -1.1891e-02,  3.4101e-01,  2.8197e-01,  1.0087e-01, -2.3252e-02,
          2.2072e-01, -3.5345e-01, -2.6277e-01, -9.5773e-02,  1.5007e-01,
         -1.1024e-02],
        [ 1.6575e-01, -1.1294e-01, -3.3373e-03, -2.9941e-02, -3.8749e-01,
         -2.3541e-01, -9.2398e-02, -4.2770e-01, -1.3417e-01,  2.3666e-02,
          1.1054e-02,  2.0420e-01,  3.7541e-01,  1.7289e-01, -1.0996e-01,
          1.3869e-01],
        [-2.4677e-01,  2.9107e-01, -2.2818e-01,  1.9619e-01,  5.6443e-02,
          1.1868e-01,  4.0136e-01,  4.2442e-01,  4.9234e-01,  1.5403e-01,
          8.5633e-02, -1.7297e-01, -5.0841e-02,  1.1824e-01,  2.5056e-01,
         -1.6974e-01],
        [-1.8583e-01,  1.4128e-01,  8.3677e-02, -7.2670e-02,  3.0609e-01,
          3.2894e-01,  3.7288e-01,  7.3668e-02,  3.5548e-01,  2.0625e-01,
         -2.9180e-01, -9.0848e-02, -3.7885e-01, -1.5063e-01,  1.3772e-01,
         -1.3540e-01],
        [-8.2823e-02, -9.1269e-02,  1.1152e-01,  4.0865e-02, -6.5386e-02,
         -2.6937e-01, -3.5639e-01, -4.4885e-01, -4.1095e-01, -1.3488e-01,
          8.9826e-02,  3.9083e-02, -1.1582e-02,  1.1534e-01, -4.0084e-01,
          7.2356e-02]], device='cuda:0', requires_grad=True)

Parameter name: road_linear_0.bias
Shape: torch.Size([32])
Values: Parameter containing:
tensor([-0.0973,  0.0851,  0.1083, -0.1043,  0.0527, -0.0932,  0.0686,  0.1417,
        -0.0590,  0.0396, -0.0236,  0.0769,  0.0997,  0.0061,  0.0559,  0.0552,
        -0.0943, -0.0152,  0.1098,  0.0587, -0.0057, -0.0741,  0.0149, -0.0161,
        -0.1056,  0.0933,  0.1827,  0.0402, -0.0604, -0.2019,  0.0134, -0.0050],
       device='cuda:0', requires_grad=True)

Parameter name: road_linear_1.weight
Shape: torch.Size([1, 32])
Values: Parameter containing:
tensor([[ 0.3448,  0.4871, -0.2889, -0.3741,  0.4492,  0.4611, -0.3752, -0.4611,
         -0.3772,  0.5098,  0.3267,  0.4754, -0.3724, -0.5348,  0.4000, -0.3964,
         -0.3939,  0.4145, -0.2737, -0.3096,  0.5406,  0.3391, -0.4156, -0.4691,
         -0.4288, -0.4877, -0.3741,  0.4569, -0.4163,  0.4748,  0.3304, -0.3171]],
       device='cuda:0', requires_grad=True)

Parameter name: linear_0.weight
Shape: torch.Size([32, 39])
Values: Parameter containing:
tensor([[-0.0339,  0.1088,  0.0654,  ...,  0.1509, -0.2273, -0.1137],
        [-0.1428, -0.0275,  0.1373,  ...,  0.0553, -0.2525,  0.0871],
        [ 0.0315, -0.0485,  0.0254,  ...,  0.0654,  0.1988,  0.0345],
        ...,
        [ 0.1446, -0.1706, -0.0361,  ..., -0.1756, -0.0387, -0.1180],
        [ 0.1221, -0.2284, -0.0767,  ..., -0.2264,  0.0870,  0.1557],
        [-0.2154,  0.1712,  0.0717,  ...,  0.0638, -0.2113, -0.0509]],
       device='cuda:0', requires_grad=True)

Parameter name: linear_0.bias
Shape: torch.Size([32])
Values: Parameter containing:
tensor([ 0.0740,  0.0323, -0.0664, -0.1413, -0.0808,  0.0468, -0.0896,  0.0681,
        -0.0367,  0.0480,  0.0411,  0.0191, -0.0227,  0.1018, -0.0298, -0.0146,
         0.0462, -0.1630, -0.0099,  0.0826, -0.0856,  0.0099,  0.1146,  0.0358,
        -0.1073,  0.1076,  0.0528, -0.1341,  0.0420,  0.1902,  0.1817, -0.1074],
       device='cuda:0', requires_grad=True)

Parameter name: linear_1.weight
Shape: torch.Size([32, 32])
Values: Parameter containing:
tensor([[ 0.0915, -0.1984, -0.0789,  ...,  0.0929, -0.0146,  0.0642],
        [-0.1920, -0.0438,  0.1274,  ...,  0.1899,  0.0010,  0.0375],
        [ 0.1212, -0.0336, -0.1916,  ..., -0.1780, -0.0154,  0.1945],
        ...,
        [ 0.1309,  0.0758,  0.0785,  ...,  0.0501, -0.2050,  0.2909],
        [ 0.0341, -0.1858,  0.0497,  ...,  0.2984,  0.2439, -0.1467],
        [ 0.0158, -0.1256,  0.2284,  ...,  0.2638,  0.1487, -0.0598]],
       device='cuda:0', requires_grad=True)

Parameter name: linear_1.bias
Shape: torch.Size([32])
Values: Parameter containing:
tensor([ 0.1382,  0.1809, -0.0677, -0.1433,  0.0323, -0.0149, -0.0910,  0.0295,
         0.1910, -0.1725,  0.1510, -0.1737,  0.2249,  0.0656, -0.0879,  0.1851,
        -0.0588, -0.1855,  0.0633,  0.0572, -0.0665,  0.0672, -0.2297,  0.2200,
         0.0016, -0.0814,  0.0889,  0.0151, -0.1840, -0.0797,  0.1738,  0.0506],
       device='cuda:0', requires_grad=True)

Parameter name: linear_2.weight
Shape: torch.Size([1, 32])
Values: Parameter containing:
tensor([[ 0.6733,  0.5970, -0.6530, -0.6414,  0.4989,  0.5158, -0.5692,  0.5001,
          0.5644, -0.6147, -0.5316,  0.5479,  0.5435,  0.5406,  0.5711,  0.5476,
         -0.6628, -0.6783,  0.5294,  0.5263, -0.5893, -0.5789, -0.6770,  0.5367,
          0.6225,  0.6688, -0.6494,  0.6354, -0.5767, -0.6680,  0.5970,  0.6580]],
       device='cuda:0', requires_grad=True)

Parameter name: linear_2.bias
Shape: torch.Size([1])
Values: Parameter containing:
tensor([0.4278], device='cuda:0', requires_grad=True)

