Parameter name: road_linear_0.weight
Shape: torch.Size([32, 16])
Values: Parameter containing:
tensor([[-2.9627e-01,  4.6961e-01,  5.2283e-02, -3.6313e-02,  2.4744e-01,
          1.5277e-01,  3.6276e-01,  4.9339e-02,  2.7266e-01,  2.1223e-01,
          2.7640e-02, -2.0842e-01, -3.7701e-01, -3.2563e-01,  3.3064e-01,
          9.0770e-02],
        [-1.9938e-01, -3.8906e-02, -3.8774e-02, -3.7437e-02,  7.0329e-02,
          2.2847e-01,  1.6457e-01,  2.0865e-01,  4.7009e-01,  6.7091e-02,
          9.2672e-02, -2.8927e-01, -2.1132e-02,  2.7877e-03,  4.7436e-01,
         -2.9583e-02],
        [ 4.4238e-02, -1.1454e-01,  3.2082e-01, -1.0154e-01, -1.7074e-01,
         -3.1632e-01, -9.0479e-02, -4.9087e-01, -6.1139e-02, -2.0795e-02,
          8.7537e-02,  6.3892e-04,  4.7695e-01,  2.7580e-01, -1.8206e-02,
          2.2935e-01],
        [ 1.8636e-01, -2.5441e-01, -9.1098e-03, -2.0720e-02, -1.1297e-01,
         -1.5547e-01, -1.3398e-01, -1.2863e-01, -4.6117e-01, -3.1894e-01,
          2.2877e-02,  3.6979e-01,  3.2114e-01, -1.9942e-01, -2.6438e-01,
          7.5022e-02],
        [-5.5382e-02,  4.2269e-01, -1.0476e-01, -5.3042e-02,  2.6348e-01,
          5.2853e-02,  7.6708e-02,  3.9349e-01,  2.3031e-01,  2.3638e-01,
          9.3572e-02, -2.0454e-01, -1.0137e-01, -1.9998e-01,  3.6822e-01,
         -1.1804e-01],
        [ 1.3737e-02,  4.4726e-01, -2.9408e-01,  3.6976e-01,  4.1182e-01,
         -6.3266e-02,  3.0073e-01,  3.5968e-02,  3.2408e-01,  1.6272e-01,
         -3.0504e-01, -1.2858e-01, -2.9886e-01,  1.6680e-01,  4.2387e-01,
         -4.5678e-02],
        [ 3.0689e-01, -9.9150e-02,  3.2548e-01, -1.4096e-01, -1.3179e-01,
         -1.7583e-01, -1.9573e-01, -2.9324e-01, -3.2982e-01,  4.6410e-02,
          8.2633e-02,  9.2600e-02, -7.8764e-03,  1.5951e-01, -3.6927e-01,
          9.3587e-02],
        [-1.2385e-01,  3.4983e-02,  2.7684e-01, -3.0914e-01, -4.1433e-01,
         -2.6523e-01, -1.0488e-01, -3.2706e-01, -2.7577e-01, -1.4665e-01,
          3.0081e-02,  6.9517e-02,  3.0793e-01, -1.5329e-01, -1.6919e-01,
          2.9425e-01],
        [-4.3702e-03, -1.9583e-02,  2.5026e-01, -2.2626e-01, -1.7172e-01,
         -3.2527e-01, -1.8578e-01, -1.7263e-01, -4.9526e-02, -2.5757e-01,
         -6.7332e-02,  1.0911e-01, -1.7633e-02,  1.3181e-01, -4.7076e-01,
          5.6212e-02],
        [-2.5158e-01,  2.2618e-01, -4.4069e-02, -3.3458e-02,  1.7950e-01,
          1.3572e-01,  7.5706e-02,  3.1141e-01,  3.6330e-01, -5.4568e-02,
          1.1128e-01, -5.7405e-02, -3.1873e-01, -5.2004e-02,  2.8985e-01,
         -1.6480e-01],
        [-3.0483e-01,  4.2560e-01,  5.0631e-03, -6.3127e-02,  5.2579e-02,
          3.8747e-01,  2.6542e-01,  1.9056e-01,  4.4848e-01,  1.9576e-01,
         -4.4715e-02, -3.8755e-02, -2.5475e-01,  1.5942e-01,  7.8731e-02,
         -2.8663e-01],
        [-6.0831e-02,  1.5831e-01,  5.3500e-02,  4.7330e-02,  2.5051e-01,
          8.2792e-02,  3.6106e-01,  2.0630e-01,  2.3914e-01,  2.7697e-01,
          1.7130e-01,  3.3297e-02, -4.5376e-01, -1.8363e-01,  1.7040e-01,
         -1.4495e-01],
        [ 3.2223e-01, -1.4547e-01,  1.2033e-01, -1.6728e-01, -2.2976e-01,
          2.8738e-02, -1.5281e-01, -4.2266e-01, -4.4416e-01, -7.9802e-02,
          9.9499e-02,  1.1292e-01,  5.0484e-02,  1.6603e-01, -3.4506e-01,
          2.3106e-02],
        [ 1.5782e-01,  5.7589e-02,  3.0066e-01,  2.0510e-02, -4.0554e-01,
          4.9244e-04, -5.8709e-02, -1.3685e-01, -3.1218e-01, -1.0375e-01,
         -8.4166e-02,  1.4952e-01,  1.7019e-01,  2.0204e-02, -4.5682e-01,
          1.9102e-01],
        [-3.2178e-01,  6.0762e-03, -4.9791e-03, -7.1488e-02,  4.7265e-01,
          3.8844e-01,  1.0311e-01,  1.8412e-01,  5.5322e-02,  1.2121e-01,
         -5.8033e-03, -3.5256e-01, -1.3140e-01, -7.1193e-02,  1.5908e-01,
         -1.1412e-01],
        [-5.9362e-02, -4.3333e-01,  1.7498e-01,  6.4855e-02, -4.3510e-01,
         -1.6278e-02, -2.5474e-01, -4.0696e-01, -3.0058e-01, -3.6826e-02,
          1.3482e-01,  4.9617e-01,  2.4287e-01, -3.9543e-02, -3.9446e-02,
          9.8998e-02],
        [ 2.1932e-01,  1.0672e-02,  1.0237e-01, -2.8903e-01, -3.9328e-01,
         -3.1236e-03, -7.0837e-02, -3.1806e-02, -3.9340e-01, -1.0514e-01,
          2.5743e-01,  2.9559e-01,  3.6831e-01,  1.9416e-01, -2.1467e-01,
         -1.1218e-01],
        [-2.0334e-01,  2.2507e-01, -1.4676e-01,  7.8872e-02,  1.7247e-01,
          2.4705e-01,  2.8373e-01,  3.0919e-01,  1.6285e-01,  2.0390e-01,
         -1.3881e-01, -2.4455e-01, -1.8811e-01, -1.3452e-01,  3.1716e-01,
         -9.5357e-02],
        [ 1.7106e-01, -2.0767e-01,  7.4093e-02, -2.5274e-01, -2.6871e-01,
         -3.4318e-01, -3.0511e-01, -3.0035e-02, -4.6568e-01, -5.6528e-02,
          1.4267e-01, -3.9778e-02,  2.5633e-01,  1.9710e-01, -4.4081e-02,
          1.3904e-01],
        [ 3.1920e-01, -2.0970e-01,  1.9516e-01, -5.3607e-02, -4.0156e-01,
         -1.9752e-01, -3.8399e-01, -4.3211e-02, -1.2499e-01, -2.1327e-01,
          7.5346e-02,  2.9269e-01,  6.1765e-03,  6.2706e-02, -8.7559e-02,
          1.4771e-01],
        [-1.3698e-01,  3.4272e-01,  2.5283e-02, -1.1274e-01,  3.4446e-01,
         -7.0315e-02,  3.3826e-01,  4.3714e-01,  2.3380e-01,  1.6396e-02,
         -2.2314e-01, -3.0176e-01, -2.5475e-01, -1.6211e-01,  4.2440e-01,
         -2.1023e-01],
        [-5.8166e-02,  9.1625e-03, -1.5653e-02,  3.8185e-01,  1.1306e-01,
          1.0240e-01,  2.9398e-01,  3.0202e-02,  1.3328e-01,  2.2783e-01,
          1.6853e-01, -3.4127e-01, -2.6046e-01, -3.5496e-01,  5.0382e-02,
          7.0136e-02],
        [ 3.0816e-01, -2.5859e-01, -2.0225e-02, -1.2354e-01, -6.7695e-02,
         -3.5644e-01, -3.1451e-01, -2.8575e-01, -3.2698e-01, -9.3950e-02,
          2.6653e-01,  2.5164e-01, -2.9672e-02,  2.6207e-01,  2.6847e-02,
          1.6618e-01],
        [ 1.4562e-01, -1.0893e-02,  2.3459e-01, -2.9672e-01, -2.4963e-01,
         -1.2167e-01, -1.5109e-01, -3.0035e-01, -3.5503e-01, -2.3432e-01,
          7.5101e-03,  3.3143e-01,  2.7918e-01,  3.0733e-02, -2.4140e-01,
         -7.0574e-02],
        [ 1.5831e-01, -4.5078e-01,  1.0012e-01, -8.9061e-02, -1.1762e-02,
         -2.1228e-01,  2.7303e-02, -2.2169e-01, -4.4725e-01,  1.1874e-01,
          3.1245e-01,  3.0108e-02,  9.3369e-02,  1.9578e-01, -3.8770e-01,
          2.9231e-01],
        [ 8.8021e-03, -2.7957e-01,  2.7633e-02,  1.0506e-01, -3.2047e-01,
         -1.8628e-01, -6.7582e-02, -4.1351e-01, -2.6017e-01, -3.0601e-01,
         -1.5231e-01,  1.5722e-01,  2.5753e-01,  2.9151e-01, -4.5082e-01,
          5.2036e-02],
        [ 1.7553e-01, -9.9266e-02,  2.2345e-01, -3.0502e-01, -2.3694e-01,
         -5.9653e-02, -3.8505e-01, -8.4305e-02, -4.4081e-01,  6.3145e-02,
          1.5521e-01,  1.2450e-01,  2.8207e-01,  2.4831e-01,  1.8041e-02,
          2.4456e-01],
        [-2.6888e-01,  2.8215e-01,  8.8715e-02,  1.7111e-01,  3.9828e-01,
         -1.1222e-02,  3.8270e-01,  2.3731e-01,  2.8212e-02,  4.1141e-02,
          1.3218e-01, -3.0988e-01, -2.7572e-01, -1.6183e-01,  9.2376e-02,
         -6.8035e-02],
        [ 2.1983e-01, -1.2110e-01,  5.1087e-02, -8.0070e-02, -3.4854e-01,
         -2.4708e-01, -1.3146e-01, -3.8247e-01, -6.3588e-02, -3.8205e-02,
          8.2859e-02,  1.5957e-01,  3.7885e-01,  2.3972e-01, -5.3724e-02,
          1.9502e-01],
        [-2.4413e-01,  2.8547e-01, -2.5260e-01,  2.2417e-01,  7.9392e-03,
          1.1105e-01,  3.8399e-01,  3.8007e-01,  4.3984e-01,  1.8454e-01,
          5.5185e-02, -1.2856e-01, -2.5493e-02,  8.2844e-02,  2.0813e-01,
         -1.9512e-01],
        [-2.1188e-01,  1.2569e-01,  3.9943e-02, -2.9832e-02,  2.5287e-01,
          3.4218e-01,  3.8076e-01,  2.0256e-02,  2.8549e-01,  2.5201e-01,
         -3.2509e-01, -3.7878e-02, -3.5051e-01, -2.0620e-01,  8.0718e-02,
         -1.7886e-01],
        [-1.6263e-02, -1.1624e-01,  1.7372e-01, -1.5357e-02, -4.4031e-02,
         -2.8087e-01, -4.0827e-01, -4.1129e-01, -3.4891e-01, -2.0657e-01,
          1.7641e-01,  5.4072e-03,  1.3394e-02,  1.9098e-01, -3.4710e-01,
          1.3729e-01]], device='cuda:0', requires_grad=True)

Parameter name: road_linear_0.bias
Shape: torch.Size([32])
Values: Parameter containing:
tensor([-0.1264,  0.0013,  0.1010, -0.0469, -0.0088, -0.1077,  0.0915,  0.1526,
        -0.0246, -0.0306, -0.0317,  0.0548,  0.1441,  0.0705,  0.0149,  0.1054,
        -0.0650, -0.0239,  0.0982,  0.0508, -0.0574, -0.0819,  0.0051,  0.0065,
        -0.0675,  0.1633,  0.1683,  0.0148, -0.0543, -0.2077,  0.0253,  0.0130],
       device='cuda:0', requires_grad=True)

Parameter name: road_linear_1.weight
Shape: torch.Size([1, 32])
Values: Parameter containing:
tensor([[ 0.2927,  0.3781, -0.2650, -0.3001,  0.3750,  0.4206, -0.3311, -0.4262,
         -0.3329,  0.4246,  0.2913,  0.4311, -0.3143, -0.4579,  0.3428, -0.3356,
         -0.3481,  0.3722, -0.2571, -0.2857,  0.4790,  0.3157, -0.3939, -0.4198,
         -0.3792, -0.4096, -0.3541,  0.4062, -0.3825,  0.4354,  0.3132, -0.2738]],
       device='cuda:0', requires_grad=True)

Parameter name: linear_0.weight
Shape: torch.Size([32, 39])
Values: Parameter containing:
tensor([[-0.0571,  0.1340,  0.0829,  ...,  0.1374, -0.2299, -0.1137],
        [-0.1517, -0.0139,  0.1366,  ...,  0.0630, -0.2734,  0.0871],
        [ 0.0426, -0.0642,  0.0235,  ...,  0.0603,  0.2139,  0.0345],
        ...,
        [ 0.1503, -0.1818, -0.0313,  ..., -0.1875, -0.0141, -0.1180],
        [ 0.1322, -0.2433, -0.0770,  ..., -0.2329,  0.1032,  0.1557],
        [-0.2327,  0.1909,  0.0831,  ...,  0.0578, -0.2228, -0.0509]],
       device='cuda:0', requires_grad=True)

Parameter name: linear_0.bias
Shape: torch.Size([32])
Values: Parameter containing:
tensor([ 0.0606,  0.0384, -0.0698, -0.1404, -0.0759,  0.0559, -0.0966,  0.0519,
        -0.0404,  0.0530,  0.0172,  0.0144, -0.0197,  0.0952, -0.0377, -0.0060,
         0.0490, -0.1594, -0.0240,  0.0745, -0.0736,  0.0195,  0.1131,  0.0248,
        -0.0989,  0.1065,  0.0535, -0.1245,  0.0404,  0.1801,  0.1765, -0.1147],
       device='cuda:0', requires_grad=True)

Parameter name: linear_1.weight
Shape: torch.Size([32, 32])
Values: Parameter containing:
tensor([[ 0.0800, -0.1888, -0.0794,  ...,  0.0839, -0.0201,  0.0500],
        [-0.2046, -0.0356,  0.1279,  ...,  0.1815, -0.0038,  0.0219],
        [ 0.1337, -0.0386, -0.1963,  ..., -0.1721, -0.0132,  0.2106],
        ...,
        [ 0.1420,  0.0823,  0.0527,  ...,  0.0463, -0.2118,  0.3073],
        [ 0.0247, -0.1708,  0.0462,  ...,  0.2859,  0.2334, -0.1577],
        [ 0.0036, -0.1183,  0.2324,  ...,  0.2566,  0.1453, -0.0752]],
       device='cuda:0', requires_grad=True)

Parameter name: linear_1.bias
Shape: torch.Size([32])
Values: Parameter containing:
tensor([ 0.1273,  0.1703, -0.0591, -0.1328,  0.0246, -0.0225, -0.0821,  0.0160,
         0.1789, -0.1658,  0.1266, -0.1302,  0.2133,  0.0589, -0.0998,  0.1714,
        -0.1163, -0.1758,  0.0539,  0.0463, -0.0553,  0.0767, -0.2254,  0.2093,
        -0.0082, -0.0385,  0.0805,  0.0061, -0.1732, -0.0796,  0.1610,  0.0406],
       device='cuda:0', requires_grad=True)

Parameter name: linear_2.weight
Shape: torch.Size([1, 32])
Values: Parameter containing:
tensor([[ 0.5051,  0.4233, -0.4777, -0.4794,  0.3216,  0.3393, -0.3941,  0.3515,
          0.4120, -0.4379, -0.3647,  0.3833,  0.3843,  0.3652,  0.4176,  0.4004,
         -0.5005, -0.5054,  0.3540,  0.3596, -0.4285, -0.4045, -0.4985,  0.3626,
          0.4470,  0.5038, -0.4769,  0.4675, -0.4058, -0.4934,  0.4511,  0.4875]],
       device='cuda:0', requires_grad=True)

Parameter name: linear_2.bias
Shape: torch.Size([1])
Values: Parameter containing:
tensor([0.2905], device='cuda:0', requires_grad=True)

