Parameter name: road_linear_0.weight
Shape: torch.Size([32, 16])
Values: Parameter containing:
tensor([[-2.8421e-01,  4.7692e-01,  8.4534e-02, -7.2269e-02,  3.5964e-01,
          1.8767e-01,  3.6992e-01,  1.6325e-01,  3.6553e-01,  1.7235e-01,
          1.3546e-01, -3.1898e-01, -3.8073e-01, -2.5530e-01,  3.9024e-01,
          1.2505e-01],
        [-1.0558e-01, -1.4602e-01,  6.6146e-02, -1.3085e-01,  1.3725e-01,
          2.2356e-01,  4.8927e-02,  3.5445e-01,  6.9636e-01, -4.3302e-02,
          2.6712e-01, -4.5007e-01,  6.2908e-02,  1.2285e-01,  6.8643e-01,
          7.4425e-02],
        [ 1.3058e-01, -2.0977e-01,  3.4085e-01, -9.7908e-02, -3.4468e-01,
         -3.4642e-01, -1.9603e-01, -6.3273e-01, -1.8259e-01, -3.8917e-02,
          9.3958e-02,  1.5260e-01,  6.1707e-01,  2.7234e-01, -1.1356e-01,
          2.5214e-01],
        [ 5.3980e-02, -1.2253e-01, -1.3909e-01,  9.1994e-02, -1.3965e-01,
         -1.3570e-01,  7.4444e-03, -2.5073e-01, -6.7805e-01, -1.8071e-01,
         -1.9086e-01,  4.8441e-01,  1.8814e-01, -3.5209e-01, -4.4062e-01,
         -5.3721e-02],
        [ 7.8294e-02,  2.7981e-01,  2.5360e-02, -1.6491e-01,  2.8057e-01,
          4.2253e-02, -5.9281e-02,  5.0342e-01,  4.1927e-01,  9.6520e-02,
          3.0748e-01, -2.9289e-01,  2.8320e-02, -4.4791e-02,  5.2425e-01,
          1.0496e-02],
        [-6.6502e-02,  5.0851e-01, -3.2492e-01,  3.7629e-01,  5.5992e-01,
         -1.1942e-02,  3.9745e-01,  1.5924e-01,  3.9405e-01,  1.8217e-01,
         -2.7352e-01, -2.5154e-01, -3.7892e-01,  1.7689e-01,  4.6906e-01,
         -7.0869e-02],
        [ 1.9181e-01, -3.1796e-02,  2.1044e-01, -4.1790e-02, -2.0088e-01,
         -1.5474e-01, -8.6230e-02, -4.1284e-01, -5.2641e-01,  1.6531e-01,
         -1.0086e-01,  2.0762e-01, -8.7395e-02,  1.6007e-02, -5.0724e-01,
         -1.8331e-02],
        [-2.2205e-01,  6.3192e-02,  1.6965e-01, -2.1475e-01, -4.9859e-01,
         -2.3418e-01, -1.0139e-02, -4.4886e-01, -4.5597e-01, -3.8783e-02,
         -1.2737e-01,  1.9363e-01,  2.5804e-01, -2.8525e-01, -3.0193e-01,
          1.9300e-01],
        [-1.2038e-01,  6.9765e-02,  1.2781e-01, -1.1864e-01, -2.6469e-01,
         -2.9747e-01, -5.1113e-02, -3.2808e-01, -3.0961e-01, -1.3070e-01,
         -2.7288e-01,  2.8009e-01, -1.1661e-01, -1.0673e-02, -6.6389e-01,
         -6.1996e-02],
        [-1.3551e-01,  9.8419e-02,  7.4850e-02, -1.3804e-01,  2.2565e-01,
          1.2381e-01, -5.1823e-02,  4.4621e-01,  5.8765e-01, -1.7916e-01,
          3.1182e-01, -1.8885e-01, -2.0646e-01,  8.7120e-02,  4.7683e-01,
         -4.6495e-02],
        [-2.4234e-01,  4.2665e-01,  8.5934e-02, -1.3781e-01,  1.5864e-01,
          3.7134e-01,  2.0836e-01,  3.1719e-01,  6.0822e-01,  1.1478e-01,
          8.6916e-02, -1.6898e-01, -2.3935e-01,  2.6651e-01,  1.9692e-01,
         -2.1087e-01],
        [ 4.3661e-02,  9.8312e-02,  1.6728e-01, -5.3580e-02,  3.4942e-01,
          5.5950e-02,  2.4462e-01,  3.5319e-01,  4.7337e-01,  1.5887e-01,
          3.6234e-01, -1.2177e-01, -3.7981e-01, -4.7455e-02,  3.4079e-01,
         -3.6321e-02],
        [ 1.9669e-01, -3.3210e-02, -6.5638e-04, -6.3884e-02, -2.6879e-01,
          3.7050e-02, -3.8280e-02, -5.2645e-01, -6.1869e-01,  4.6566e-02,
         -1.0147e-01,  1.9837e-01, -5.6478e-02,  1.5020e-02, -4.7095e-01,
         -9.7089e-02],
        [ 3.4717e-02,  1.8544e-01,  1.7703e-01,  1.2872e-01, -4.5168e-01,
          1.2455e-02,  7.5997e-02, -2.6948e-01, -5.4036e-01,  2.6466e-02,
         -2.9324e-01,  2.8145e-01,  5.1584e-02, -1.2562e-01, -6.4117e-01,
          6.8210e-02],
        [-2.0404e-01, -9.7598e-02,  1.1606e-01, -1.7654e-01,  5.3675e-01,
          3.6057e-01, -2.8860e-02,  3.2358e-01,  2.8918e-01, -4.0989e-03,
          1.9495e-01, -4.9855e-01, -2.1229e-02,  7.0128e-02,  3.3893e-01,
          3.0442e-03],
        [-1.5361e-01, -3.4067e-01,  7.7826e-02,  1.4859e-01, -4.8025e-01,
         -2.2547e-02, -1.7280e-01, -4.9991e-01, -4.3024e-01,  6.4987e-02,
         -4.3350e-02,  5.7253e-01,  1.5677e-01, -1.6635e-01, -1.2883e-01,
          4.0333e-03],
        [ 8.5681e-02,  1.0170e-01, -2.8657e-02, -1.7445e-01, -4.5497e-01,
          2.1486e-02,  6.5567e-02, -1.6585e-01, -6.3136e-01,  3.4332e-02,
          4.7579e-02,  4.2785e-01,  2.6128e-01,  3.6070e-02, -3.8408e-01,
         -2.4036e-01],
        [-1.8654e-01,  2.5750e-01, -1.0287e-01,  3.2291e-02,  2.7737e-01,
          2.4517e-01,  2.8141e-01,  4.1740e-01,  2.4874e-01,  1.5744e-01,
         -5.3386e-02, -3.5720e-01, -2.0379e-01, -6.2181e-02,  3.8828e-01,
         -5.3798e-02],
        [ 2.3287e-01, -3.0114e-01,  6.6773e-02, -2.2526e-01, -4.3874e-01,
         -3.5860e-01, -3.7887e-01, -1.7990e-01, -6.0025e-01, -5.0020e-02,
          1.3726e-01,  1.1644e-01,  3.9120e-01,  1.6724e-01, -1.5738e-01,
          1.3925e-01],
        [ 3.9128e-01, -2.9719e-01,  1.9914e-01, -3.8620e-02, -5.8490e-01,
         -2.2286e-01, -4.6907e-01, -1.9622e-01, -2.4642e-01, -2.1677e-01,
          6.3793e-02,  4.4835e-01,  1.2133e-01,  3.6903e-02, -1.9706e-01,
          1.5700e-01],
        [-4.0799e-02,  2.3992e-01,  1.1888e-01, -1.9384e-01,  3.6534e-01,
         -6.6089e-02,  2.5922e-01,  5.0903e-01,  3.3269e-01, -8.1972e-02,
         -4.3486e-02, -3.4751e-01, -1.5321e-01, -3.7330e-02,  4.8084e-01,
         -1.1543e-01],
        [ 4.0429e-03,  1.6991e-02,  7.1662e-02,  2.9974e-01,  2.7376e-01,
          9.9281e-02,  2.2542e-01,  1.9386e-01,  3.5687e-01,  1.4030e-01,
          3.2235e-01, -5.1230e-01, -2.6830e-01, -2.4155e-01,  2.1286e-01,
          1.5077e-01],
        [ 3.6967e-01, -3.4677e-01, -2.4355e-02, -1.0131e-01, -2.3310e-01,
         -3.6837e-01, -3.8899e-01, -4.2754e-01, -4.4289e-01, -9.1630e-02,
          2.5713e-01,  4.0019e-01,  8.5831e-02,  2.3425e-01, -7.5576e-02,
          1.6821e-01],
        [ 8.8100e-03,  7.4776e-02,  1.0201e-01, -1.8301e-01, -2.8741e-01,
         -8.3751e-02, -1.5071e-02, -4.1365e-01, -5.4388e-01, -9.3751e-02,
         -1.8768e-01,  4.3768e-01,  1.6996e-01, -1.2717e-01, -3.8834e-01,
         -1.9894e-01],
        [ 3.1841e-02, -3.4620e-01, -2.2532e-02,  1.7678e-02, -6.5387e-02,
         -1.9633e-01,  1.5344e-01, -3.4623e-01, -6.7705e-01,  2.4829e-01,
          1.0316e-01,  1.4794e-01, -1.6919e-02,  4.5677e-02, -5.4757e-01,
          1.6973e-01],
        [-1.3498e-01, -1.2218e-01, -1.1026e-01,  2.2367e-01, -3.0547e-01,
         -1.7120e-01,  7.4177e-02, -4.9896e-01, -4.2255e-01, -1.5851e-01,
         -3.6897e-01,  2.0158e-01,  1.1256e-01,  1.2916e-01, -5.9142e-01,
         -8.4639e-02],
        [ 3.5021e-01, -1.9607e-01,  3.0133e-01, -3.4091e-01, -4.4310e-01,
         -1.2372e-01, -5.7664e-01, -2.5077e-01, -5.8843e-01, -2.4046e-03,
          2.1208e-01,  2.8418e-01,  4.6962e-01,  3.0189e-01, -9.1219e-02,
          3.2561e-01],
        [-1.9111e-01,  2.4519e-01,  1.7991e-01,  8.9466e-02,  5.0384e-01,
         -1.6396e-02,  3.0235e-01,  3.6864e-01,  2.0035e-01, -5.3328e-02,
          2.9558e-01, -4.4466e-01, -2.3188e-01, -4.3625e-02,  2.2399e-01,
          1.7972e-02],
        [ 1.5579e-01, -1.2930e-01, -3.3295e-02, -1.9880e-03, -4.5483e-01,
         -2.2248e-01, -6.6393e-02, -5.1013e-01, -2.2519e-01,  4.5556e-02,
         -4.7464e-02,  2.9388e-01,  3.6517e-01,  1.3139e-01, -1.7745e-01,
          1.1763e-01],
        [-3.1572e-01,  3.5582e-01, -2.6824e-01,  2.2141e-01,  1.5895e-01,
          1.4616e-01,  4.7089e-01,  5.0201e-01,  5.2254e-01,  1.9745e-01,
          7.7403e-02, -2.5720e-01, -1.1372e-01,  9.9314e-02,  2.7219e-01,
         -2.1086e-01],
        [-2.6632e-01,  2.1792e-01,  4.6454e-02, -5.5660e-02,  4.2593e-01,
          3.5788e-01,  4.4747e-01,  1.7231e-01,  4.2381e-01,  2.4347e-01,
         -3.1467e-01, -1.9542e-01, -4.8339e-01, -1.7597e-01,  1.9421e-01,
         -1.7865e-01],
        [-1.2987e-01, -5.6635e-02,  5.5890e-02,  8.6880e-02, -1.0859e-01,
         -2.4725e-01, -2.9333e-01, -5.3464e-01, -5.4756e-01, -8.4585e-02,
         -2.4188e-03,  1.2736e-01, -6.5792e-02,  4.7730e-02, -4.9282e-01,
          2.4436e-02]], device='cuda:0', requires_grad=True)

Parameter name: road_linear_0.bias
Shape: torch.Size([32])
Values: Parameter containing:
tensor([-0.0975,  0.1281,  0.1787, -0.1928,  0.1587, -0.1411, -0.0150,  0.1224,
        -0.1147,  0.1197, -0.0313,  0.1118, -0.0206, -0.0769,  0.1312, -0.0253,
        -0.1698, -0.0572,  0.1835,  0.1207,  0.0856, -0.0889,  0.0853, -0.0918,
        -0.2087, -0.0190,  0.2268,  0.0609, -0.0300, -0.2496, -0.0602, -0.0573],
       device='cuda:0', requires_grad=True)

Parameter name: road_linear_1.weight
Shape: torch.Size([1, 32])
Values: Parameter containing:
tensor([[ 0.4836,  0.6536, -0.4100, -0.5554,  0.6281,  0.5798, -0.5562, -0.6265,
         -0.5664,  0.6862,  0.4780,  0.6502, -0.5621, -0.7259,  0.5834, -0.5612,
         -0.5804,  0.5500, -0.3831, -0.4236,  0.7070,  0.4766, -0.5315, -0.6523,
         -0.6143, -0.6588, -0.4882,  0.6145, -0.5633,  0.6026,  0.4371, -0.4867]],
       device='cuda:0', requires_grad=True)

Parameter name: linear_0.weight
Shape: torch.Size([32, 39])
Values: Parameter containing:
tensor([[-0.0223,  0.0981,  0.0545,  ...,  0.1856, -0.4634, -0.1137],
        [-0.1389, -0.0347,  0.1385,  ...,  0.0552, -0.4574,  0.0871],
        [ 0.0274, -0.0409,  0.0242,  ...,  0.0631,  0.4324,  0.0345],
        ...,
        [ 0.1401, -0.1599, -0.0394,  ..., -0.1714,  0.1746, -0.1180],
        [ 0.1141, -0.2165, -0.0744,  ..., -0.2301,  0.3088,  0.1557],
        [-0.2154,  0.1753,  0.0690,  ...,  0.0797, -0.4262, -0.0509]],
       device='cuda:0', requires_grad=True)

Parameter name: linear_0.bias
Shape: torch.Size([32])
Values: Parameter containing:
tensor([ 0.0838,  0.0294, -0.0634, -0.1376, -0.0834,  0.0407, -0.0861,  0.0714,
        -0.0386,  0.0485,  0.0499,  0.0183, -0.0246,  0.1042, -0.0247, -0.0164,
         0.0511, -0.1644, -0.0024,  0.0905, -0.0923,  0.0012,  0.1175,  0.0506,
        -0.1094,  0.1113,  0.0577, -0.1486,  0.0450,  0.1958,  0.1815, -0.1042],
       device='cuda:0', requires_grad=True)

Parameter name: linear_1.weight
Shape: torch.Size([32, 32])
Values: Parameter containing:
tensor([[ 0.0903, -0.2134, -0.0059,  ...,  0.1044, -0.0047,  0.0596],
        [-0.1925, -0.0574,  0.1957,  ...,  0.2004,  0.0098,  0.0330],
        [ 0.1281, -0.0276, -0.2413,  ..., -0.1807, -0.0189,  0.2069],
        ...,
        [ 0.1336,  0.0903,  0.0283,  ...,  0.0406, -0.2255,  0.3145],
        [ 0.0410, -0.2157,  0.1383,  ...,  0.3234,  0.2661, -0.1409],
        [ 0.0131, -0.1330,  0.2809,  ...,  0.2689,  0.1500, -0.0626]],
       device='cuda:0', requires_grad=True)

Parameter name: linear_1.bias
Shape: torch.Size([32])
Values: Parameter containing:
tensor([ 0.1490,  0.1905, -0.0699, -0.1541,  0.0395, -0.0053, -0.0978,  0.0538,
         0.2091, -0.1786,  0.1393, -0.1959,  0.2382,  0.0730, -0.0688,  0.2088,
        -0.0008, -0.1925,  0.0662,  0.0669, -0.0808,  0.0630, -0.2381,  0.2280,
         0.0107, -0.0996,  0.0802,  0.0130, -0.1953, -0.0841,  0.1980,  0.0568],
       device='cuda:0', requires_grad=True)

Parameter name: linear_2.weight
Shape: torch.Size([1, 32])
Values: Parameter containing:
tensor([[ 1.0050,  0.9317, -0.9906, -0.9705,  0.8380,  0.8549, -0.9060,  0.8232,
          0.8894, -0.9558, -0.8681,  0.8764,  0.8723,  0.8810,  0.8960,  0.8699,
         -0.9898, -1.0136,  0.8669,  0.8575, -0.9178, -0.9152, -1.0194,  0.8723,
          0.9588,  0.9978, -0.9907,  0.9695, -0.9101, -1.0104,  0.9189,  0.9909]],
       device='cuda:0', requires_grad=True)

Parameter name: linear_2.bias
Shape: torch.Size([1])
Values: Parameter containing:
tensor([0.7463], device='cuda:0', requires_grad=True)

