Parameter name: road_linear_0.weight
Shape: torch.Size([32, 16])
Values: Parameter containing:
tensor([[-0.3133,  0.5078,  0.0576, -0.0588,  0.4003,  0.2189,  0.4233,  0.1853,
          0.3612,  0.1928,  0.1297, -0.3292, -0.4091, -0.2745,  0.3666,  0.1068],
        [-0.0892, -0.1596,  0.0835, -0.1472,  0.1495,  0.2119,  0.0307,  0.3769,
          0.7316, -0.0550,  0.3085, -0.4653,  0.0897,  0.1379,  0.7147,  0.0933],
        [ 0.1764, -0.2535,  0.3813, -0.1198, -0.4091, -0.3880, -0.2762, -0.6668,
         -0.1843, -0.0701,  0.1092,  0.1718,  0.6665,  0.3032, -0.1029,  0.2830],
        [ 0.0385, -0.1106, -0.1547,  0.1071, -0.1527, -0.1254,  0.0230, -0.2736,
         -0.7123, -0.1700, -0.2312,  0.5005,  0.1622, -0.3662, -0.4664, -0.0715],
        [ 0.0957,  0.2643,  0.0407, -0.1791,  0.2908,  0.0323, -0.0743,  0.5218,
          0.4526,  0.0844,  0.3470, -0.3023,  0.0551, -0.0303,  0.5444,  0.0283],
        [-0.1109,  0.5488, -0.3642,  0.3976,  0.6072,  0.0217,  0.4693,  0.1863,
          0.3873,  0.2115, -0.2890, -0.2632, -0.4198,  0.1474,  0.4498, -0.1002],
        [ 0.1823, -0.0304,  0.1987, -0.0293, -0.2156, -0.1438, -0.0792, -0.4315,
         -0.5483,  0.1705, -0.1356,  0.2235, -0.1074,  0.0064, -0.5202, -0.0313],
        [-0.2223,  0.0540,  0.1638, -0.2059, -0.5152, -0.2270, -0.0117, -0.4675,
         -0.4698, -0.0402, -0.1521,  0.2131,  0.2472, -0.2881, -0.3092,  0.1862],
        [-0.1344,  0.0757,  0.1117, -0.1027, -0.2830, -0.2864, -0.0368, -0.3549,
         -0.3428, -0.1215, -0.3137,  0.3029, -0.1400, -0.0243, -0.6919, -0.0795],
        [-0.1202,  0.0867,  0.0914, -0.1539,  0.2363,  0.1111, -0.0682,  0.4675,
          0.6197, -0.1900,  0.3510, -0.2035, -0.1804,  0.1012,  0.5025, -0.0288],
        [-0.2624,  0.4545,  0.0737, -0.1347,  0.1865,  0.3830,  0.2401,  0.3371,
          0.6059,  0.1302,  0.0910, -0.1878, -0.2546,  0.2543,  0.1849, -0.2201],
        [ 0.0497,  0.1011,  0.1777, -0.0658,  0.3650,  0.0473,  0.2390,  0.3749,
          0.4933,  0.1556,  0.3943, -0.1420, -0.3629, -0.0396,  0.3557, -0.0252],
        [ 0.1811, -0.0222, -0.0157, -0.0496, -0.2796,  0.0492, -0.0254, -0.5443,
         -0.6456,  0.0565, -0.1406,  0.2086, -0.0827,  0.0015, -0.4869, -0.1139],
        [ 0.0199,  0.1950,  0.1606,  0.1447, -0.4663,  0.0235,  0.0919, -0.2941,
         -0.5742,  0.0370, -0.3328,  0.3004,  0.0273, -0.1397, -0.6707,  0.0504],
        [-0.1900, -0.1066,  0.1306, -0.1907,  0.5502,  0.3494, -0.0420,  0.3450,
          0.3196, -0.0133,  0.2335, -0.5140,  0.0031,  0.0827,  0.3599,  0.0194],
        [-0.1556, -0.3425,  0.0755,  0.1534, -0.4927, -0.0191, -0.1766, -0.5128,
         -0.4430,  0.0643, -0.0682,  0.5814,  0.1444, -0.1680, -0.1239, -0.0013],
        [ 0.0720,  0.1066, -0.0455, -0.1574, -0.4713,  0.0350,  0.0805, -0.1931,
         -0.6627,  0.0433,  0.0057,  0.4519,  0.2354,  0.0216, -0.4113, -0.2581],
        [-0.2190,  0.2919, -0.1292,  0.0448,  0.3147,  0.2696,  0.3357,  0.4381,
          0.2406,  0.1806, -0.0607, -0.3698, -0.2325, -0.0838,  0.3664, -0.0730],
        [ 0.2833, -0.3510,  0.1073, -0.2454, -0.4984, -0.3955, -0.4581, -0.2157,
         -0.5955, -0.0842,  0.1542,  0.1391,  0.4421,  0.2012, -0.1468,  0.1722],
        [ 0.4309, -0.3330,  0.2352, -0.0579, -0.6545, -0.2633, -0.5433, -0.2332,
         -0.2557, -0.2421,  0.0739,  0.4673,  0.1645,  0.0619, -0.1920,  0.1827],
        [-0.0390,  0.2416,  0.1206, -0.1983,  0.3738, -0.0707,  0.2639,  0.5174,
          0.3398, -0.0812, -0.0218, -0.3511, -0.1402, -0.0358,  0.4694, -0.1106],
        [-0.0050,  0.0362,  0.0693,  0.2952,  0.3095,  0.1106,  0.2451,  0.2222,
          0.3719,  0.1469,  0.3385, -0.5366, -0.2748, -0.2440,  0.2189,  0.1507],
        [ 0.4114, -0.3862,  0.0121, -0.1206, -0.2950, -0.4056, -0.4627, -0.4600,
         -0.4455, -0.1196,  0.2702,  0.4176,  0.1301,  0.2619, -0.0653,  0.1956],
        [-0.0053,  0.0827,  0.0871, -0.1684, -0.3020, -0.0718, -0.0013, -0.4365,
         -0.5737, -0.0850, -0.2276,  0.4560,  0.1445, -0.1404, -0.4100, -0.2157],
        [ 0.0178, -0.3392, -0.0389,  0.0339, -0.0771, -0.1817,  0.1681, -0.3685,
         -0.7048,  0.2575,  0.0635,  0.1654, -0.0432,  0.0318, -0.5705,  0.1526],
        [-0.1569, -0.1012, -0.1294,  0.2406, -0.3096, -0.1562,  0.0938, -0.5120,
         -0.4554, -0.1426, -0.4107,  0.2027,  0.0804,  0.1113, -0.6094, -0.1055],
        [ 0.3963, -0.2365,  0.3475, -0.3690, -0.5205, -0.1710, -0.6603, -0.2979,
         -0.6072, -0.0319,  0.2246,  0.3093,  0.5251,  0.3337, -0.0919,  0.3617],
        [-0.1986,  0.2601,  0.1769,  0.0869,  0.5262, -0.0113,  0.3178,  0.3875,
          0.2091, -0.0468,  0.3109, -0.4617, -0.2325, -0.0472,  0.2211,  0.0176],
        [ 0.1757, -0.1580, -0.0230, -0.0034, -0.4816, -0.2307, -0.0953, -0.5309,
         -0.2230,  0.0302, -0.0527,  0.3149,  0.3777,  0.1430, -0.1689,  0.1258],
        [-0.3526,  0.3887, -0.3045,  0.2420,  0.2148,  0.1844,  0.5409,  0.5286,
          0.5247,  0.2222,  0.0656, -0.2682, -0.1534,  0.0743,  0.2552, -0.2358],
        [-0.3135,  0.2648,  0.0078, -0.0363,  0.4906,  0.3971,  0.5245,  0.2105,
          0.4242,  0.2750, -0.3296, -0.2187, -0.5334, -0.2073,  0.1866, -0.2096],
        [-0.1370, -0.0580,  0.0452,  0.0988, -0.1219, -0.2351, -0.2872, -0.5538,
         -0.5663, -0.0814, -0.0359,  0.1446, -0.0855,  0.0397, -0.5038,  0.0129]],
       device='cuda:0', requires_grad=True)

Parameter name: road_linear_0.bias
Shape: torch.Size([32])
Values: Parameter containing:
tensor([-0.0961,  0.1651,  0.1872, -0.2389,  0.2105, -0.1524, -0.0466,  0.1177,
        -0.1565,  0.1575, -0.0491,  0.1267, -0.0720, -0.1166,  0.1795, -0.0522,
        -0.1977, -0.0681,  0.2040,  0.1192,  0.1127, -0.0842,  0.0914, -0.1319,
        -0.2414, -0.0681,  0.2248,  0.0679, -0.0082, -0.2443, -0.0766, -0.0779],
       device='cuda:0', requires_grad=True)

Parameter name: road_linear_1.weight
Shape: torch.Size([1, 32])
Values: Parameter containing:
tensor([[ 0.5435,  0.7104, -0.4748, -0.6179,  0.6923,  0.6344, -0.6230, -0.6894,
         -0.6423,  0.7455,  0.5410,  0.7213, -0.6311, -0.7930,  0.6479, -0.6188,
         -0.6469,  0.6088, -0.4416, -0.4811,  0.7674,  0.5377, -0.5920, -0.7204,
         -0.6761, -0.7191, -0.5479,  0.6743, -0.6254,  0.6615,  0.4965, -0.5496]],
       device='cuda:0', requires_grad=True)

Parameter name: linear_0.weight
Shape: torch.Size([32, 39])
Values: Parameter containing:
tensor([[-0.0244,  0.1049,  0.0530,  ...,  0.1992, -0.6146, -0.1137],
        [-0.1398, -0.0357,  0.1414,  ...,  0.0526, -0.5401,  0.0871],
        [ 0.0280, -0.0394,  0.0212,  ...,  0.0650,  0.5615,  0.0345],
        ...,
        [ 0.1386, -0.1541, -0.0417,  ..., -0.1687,  0.2541, -0.1180],
        [ 0.1113, -0.2122, -0.0737,  ..., -0.2314,  0.4168,  0.1557],
        [-0.2219,  0.1904,  0.0695,  ...,  0.0848, -0.5386, -0.0509]],
       device='cuda:0', requires_grad=True)

Parameter name: linear_0.bias
Shape: torch.Size([32])
Values: Parameter containing:
tensor([ 8.6983e-02,  2.6471e-02, -6.0375e-02, -1.3311e-01, -8.5991e-02,
         4.3194e-02, -8.2945e-02,  7.0897e-02, -4.0453e-02,  4.8017e-02,
         5.2502e-02,  1.3780e-02, -2.4282e-02,  1.0709e-01, -2.0583e-02,
        -1.8036e-02,  5.5778e-02, -1.6638e-01,  4.1317e-05,  9.4184e-02,
        -9.6901e-02, -5.9245e-03,  1.1976e-01,  6.0144e-02, -1.0834e-01,
         1.1347e-01,  6.1537e-02, -1.5781e-01,  4.6603e-02,  1.9867e-01,
         1.8087e-01, -1.0199e-01], device='cuda:0', requires_grad=True)

Parameter name: linear_1.weight
Shape: torch.Size([32, 32])
Values: Parameter containing:
tensor([[ 0.0975, -0.2218,  0.0097,  ...,  0.1135, -0.0029,  0.0715],
        [-0.1868, -0.0642,  0.2106,  ...,  0.2079,  0.0104,  0.0426],
        [ 0.1371, -0.0341, -0.2401,  ..., -0.1745, -0.0110,  0.2175],
        ...,
        [ 0.1467,  0.0866,  0.0228,  ...,  0.0466, -0.2303,  0.3506],
        [ 0.0557, -0.2324,  0.1624,  ...,  0.3403,  0.2757, -0.1200],
        [ 0.0180, -0.1384,  0.2922,  ...,  0.2751,  0.1483, -0.0519]],
       device='cuda:0', requires_grad=True)

Parameter name: linear_1.bias
Shape: torch.Size([32])
Values: Parameter containing:
tensor([ 0.1581,  0.1981, -0.0640, -0.1647,  0.0407, -0.0016, -0.1015,  0.0713,
         0.2244, -0.1736,  0.1378, -0.1488,  0.2514,  0.0709, -0.0550,  0.2248,
         0.0473, -0.1964,  0.0634,  0.0767, -0.0934,  0.0625, -0.2330,  0.2332,
         0.0166, -0.0342,  0.0848,  0.0030, -0.2041, -0.0764,  0.2144,  0.0636],
       device='cuda:0', requires_grad=True)

Parameter name: linear_2.weight
Shape: torch.Size([1, 32])
Values: Parameter containing:
tensor([[ 1.1590,  1.0873, -1.1551, -1.1237,  0.9993,  1.0145, -1.0651,  0.9736,
          1.0407, -1.1218, -1.0279,  1.0237,  1.0258,  1.0442,  1.0471,  1.0199,
         -1.1387, -1.1711,  1.0293,  1.0119, -1.0706, -1.0760, -1.1835,  1.0290,
          1.1157,  1.1487, -1.1534,  1.1349, -1.0649, -1.1723,  1.0688,  1.1469]],
       device='cuda:0', requires_grad=True)

Parameter name: linear_2.bias
Shape: torch.Size([1])
Values: Parameter containing:
tensor([0.8953], device='cuda:0', requires_grad=True)

