Parameter name: road_linear_0.weight
Shape: torch.Size([32, 16])
Values: Parameter containing:
tensor([[-0.2471,  0.4568,  0.1120, -0.0895,  0.3182,  0.1463,  0.3300,  0.1243,
          0.3495,  0.1571,  0.1479, -0.2870, -0.3460, -0.2423,  0.3894,  0.1478],
        [-0.0981, -0.1523,  0.0606, -0.1251,  0.0886,  0.2034,  0.0569,  0.2921,
          0.6111, -0.0342,  0.2525, -0.3792,  0.0799,  0.1150,  0.6149,  0.0707],
        [ 0.0550, -0.1660,  0.2857, -0.0642, -0.2823, -0.2954, -0.1135, -0.5876,
         -0.1720, -0.0019,  0.0474,  0.1067,  0.5365,  0.2292, -0.1006,  0.2020],
        [ 0.0601, -0.1368, -0.1249,  0.0799, -0.1054, -0.1199, -0.0101, -0.1939,
         -0.5884, -0.2003, -0.1660,  0.4264,  0.1871, -0.3344, -0.3717, -0.0416],
        [ 0.0671,  0.3037,  0.0093, -0.1520,  0.2532,  0.0256, -0.0398,  0.4509,
          0.3314,  0.1191,  0.2790, -0.2450,  0.0234, -0.0658,  0.4605, -0.0039],
        [-0.0021,  0.4762, -0.2723,  0.3423,  0.5075, -0.0611,  0.3257,  0.1198,
          0.3911,  0.1494, -0.2405, -0.2178, -0.3214,  0.2104,  0.4758, -0.0275],
        [ 0.2014, -0.0510,  0.2265, -0.0556, -0.1741, -0.1413, -0.1036, -0.3667,
         -0.4455,  0.1434, -0.0730,  0.1664, -0.0840,  0.0374, -0.4572, -0.0044],
        [-0.2196,  0.0556,  0.1828, -0.2273, -0.4721, -0.2254, -0.0231, -0.4060,
         -0.3890, -0.0561, -0.1061,  0.1526,  0.2558, -0.2683, -0.2579,  0.2028],
        [-0.1136,  0.0599,  0.1454, -0.1342, -0.2261, -0.2859, -0.0716, -0.2687,
         -0.2180, -0.1526, -0.2463,  0.2171, -0.1196,  0.0094, -0.5944, -0.0478],
        [-0.1382,  0.1074,  0.0633, -0.1280,  0.1889,  0.1072, -0.0378,  0.3888,
          0.5019, -0.1626,  0.2905, -0.1293, -0.2012,  0.0723,  0.4092, -0.0561],
        [-0.2276,  0.4196,  0.0879, -0.1361,  0.1260,  0.3509,  0.2001,  0.2764,
          0.5644,  0.1190,  0.0818, -0.1312, -0.2206,  0.2621,  0.1677, -0.2071],
        [ 0.0397,  0.1068,  0.1526, -0.0400,  0.3168,  0.0444,  0.2603,  0.3011,
          0.3937,  0.1787,  0.3399, -0.0705, -0.3759, -0.0654,  0.2831, -0.0474],
        [ 0.2112, -0.0620,  0.0169, -0.0779, -0.2459,  0.0523, -0.0584, -0.4815,
         -0.5352,  0.0221, -0.0698,  0.1619, -0.0472,  0.0390, -0.4192, -0.0807],
        [ 0.0380,  0.1761,  0.1893,  0.1179, -0.4119,  0.0305,  0.0610, -0.2099,
         -0.4506,  0.0092, -0.2706,  0.2184,  0.0458, -0.1100, -0.5715,  0.0786],
        [-0.2114, -0.0839,  0.0999, -0.1627,  0.5048,  0.3493, -0.0097,  0.2698,
          0.2039,  0.0168,  0.1692, -0.4439, -0.0216,  0.0508,  0.2751, -0.0103],
        [-0.1498, -0.3599,  0.0857,  0.1420, -0.4618, -0.0061, -0.1811, -0.4647,
         -0.3743,  0.0499, -0.0223,  0.5462,  0.1600, -0.1510, -0.1001,  0.0111],
        [ 0.0956,  0.0849, -0.0097, -0.1911, -0.4219,  0.0343,  0.0436, -0.1089,
         -0.5342,  0.0100,  0.0768,  0.3708,  0.2625,  0.0581, -0.3172, -0.2248],
        [-0.1484,  0.2336, -0.0797,  0.0194,  0.2412,  0.2166,  0.2455,  0.3841,
          0.2381,  0.1432, -0.0386, -0.3252, -0.1680, -0.0488,  0.3830, -0.0326],
        [ 0.1620, -0.2586,  0.0209, -0.1993, -0.3766, -0.3137, -0.3059, -0.1305,
         -0.5801, -0.0192,  0.0951,  0.0669,  0.3114,  0.1293, -0.1352,  0.0944],
        [ 0.3237, -0.2612,  0.1508, -0.0090, -0.5146, -0.1723, -0.3953, -0.1428,
         -0.2234, -0.1858,  0.0294,  0.4004,  0.0527,  0.0053, -0.1725,  0.1142],
        [-0.0463,  0.2620,  0.1117, -0.1878,  0.3521, -0.0819,  0.2667,  0.4798,
          0.2853, -0.0673, -0.0657, -0.3309, -0.1609, -0.0534,  0.4657, -0.1233],
        [ 0.0156,  0.0105,  0.0688,  0.3056,  0.2250,  0.0723,  0.2213,  0.1383,
          0.2897,  0.1500,  0.3118, -0.4608, -0.2445, -0.2508,  0.1629,  0.1507],
        [ 0.3043, -0.3086, -0.0681, -0.0756, -0.1729, -0.3259, -0.3201, -0.3817,
         -0.4276, -0.0623,  0.2204,  0.3557,  0.0169,  0.2017, -0.0573,  0.1273],
        [ 0.0216,  0.0541,  0.1221, -0.2001, -0.2624, -0.0761, -0.0391, -0.3645,
         -0.4569, -0.1189, -0.1570,  0.3909,  0.1774, -0.1036, -0.3284, -0.1819],
        [ 0.0423, -0.3669, -0.0059,  0.0035, -0.0356, -0.1806,  0.1339, -0.2936,
         -0.5840,  0.2255,  0.1321,  0.0978, -0.0135,  0.0669, -0.4860,  0.1846],
        [-0.1201, -0.1506, -0.0923,  0.2096, -0.2845, -0.1573,  0.0525, -0.4509,
         -0.3370, -0.1834, -0.3384,  0.1632,  0.1226,  0.1524, -0.5299, -0.0680],
        [ 0.2625, -0.1622,  0.2241, -0.2889, -0.3581, -0.0549, -0.4694, -0.1885,
         -0.5473,  0.0415,  0.1581,  0.2325,  0.3708,  0.2428, -0.0647,  0.2568],
        [-0.1834,  0.2458,  0.1770,  0.0939,  0.4705, -0.0373,  0.3014,  0.3239,
          0.1460, -0.0442,  0.2837, -0.4040, -0.2195, -0.0530,  0.1860,  0.0171],
        [ 0.1394, -0.1179, -0.0340, -0.0051, -0.4221, -0.2067, -0.0596, -0.4691,
         -0.1818,  0.0414, -0.0438,  0.2534,  0.3443,  0.1351, -0.1453,  0.1139],
        [-0.2562,  0.3236, -0.2231,  0.1928,  0.1063,  0.1007,  0.4056,  0.4641,
          0.5155,  0.1684,  0.1088, -0.2219, -0.0566,  0.1286,  0.2703, -0.1724],
        [-0.1944,  0.1751,  0.0945, -0.0837,  0.3610,  0.3104,  0.3721,  0.1213,
          0.4031,  0.2113, -0.2714, -0.1452, -0.4021, -0.1367,  0.1724, -0.1322],
        [-0.1222, -0.0709,  0.0727,  0.0721, -0.0830, -0.2390, -0.3122, -0.4876,
         -0.4667, -0.1063,  0.0236,  0.0825, -0.0635,  0.0683, -0.4398,  0.0379]],
       device='cuda:0', requires_grad=True)

Parameter name: road_linear_0.bias
Shape: torch.Size([32])
Values: Parameter containing:
tensor([-0.0842,  0.1410,  0.1347, -0.1733,  0.1212, -0.1140,  0.0197,  0.1233,
        -0.1096,  0.1075, -0.0133,  0.1113,  0.0352, -0.0620,  0.1147,  0.0055,
        -0.1513, -0.0222,  0.1377,  0.0885,  0.0464, -0.0754,  0.0443, -0.0660,
        -0.1731,  0.0226,  0.2091,  0.0630, -0.0612, -0.2221, -0.0149, -0.0444],
       device='cuda:0', requires_grad=True)

Parameter name: road_linear_1.weight
Shape: torch.Size([1, 32])
Values: Parameter containing:
tensor([[ 0.3979,  0.5647, -0.3199, -0.4550,  0.5311,  0.5028, -0.4393, -0.5181,
         -0.4504,  0.5879,  0.3796,  0.5417, -0.4454, -0.6179,  0.4756, -0.4662,
         -0.4624,  0.4626, -0.3013, -0.3446,  0.6064,  0.3860, -0.4481, -0.5391,
         -0.4988, -0.5649, -0.4043,  0.5220, -0.4669,  0.5193,  0.3544, -0.3779]],
       device='cuda:0', requires_grad=True)

Parameter name: linear_0.weight
Shape: torch.Size([32, 39])
Values: Parameter containing:
tensor([[-0.0317,  0.1080,  0.0626,  ...,  0.1628, -0.2993, -0.1137],
        [-0.1411, -0.0295,  0.1371,  ...,  0.0561, -0.3267,  0.0871],
        [ 0.0296, -0.0464,  0.0258,  ...,  0.0634,  0.2724,  0.0345],
        ...,
        [ 0.1417, -0.1665, -0.0359,  ..., -0.1753,  0.0438, -0.1180],
        [ 0.1189, -0.2248, -0.0753,  ..., -0.2285,  0.1615,  0.1557],
        [-0.2170,  0.1745,  0.0719,  ...,  0.0694, -0.2823, -0.0509]],
       device='cuda:0', requires_grad=True)

Parameter name: linear_0.bias
Shape: torch.Size([32])
Values: Parameter containing:
tensor([ 0.0762,  0.0317, -0.0659, -0.1409, -0.0817,  0.0452, -0.0896,  0.0686,
        -0.0375,  0.0496,  0.0427,  0.0195, -0.0236,  0.1010, -0.0291, -0.0137,
         0.0481, -0.1628, -0.0089,  0.0842, -0.0868,  0.0090,  0.1162,  0.0387,
        -0.1080,  0.1090,  0.0550, -0.1378,  0.0425,  0.1912,  0.1812, -0.1076],
       device='cuda:0', requires_grad=True)

Parameter name: linear_1.weight
Shape: torch.Size([32, 32])
Values: Parameter containing:
tensor([[ 0.0885, -0.2042, -0.0379,  ...,  0.0967, -0.0099,  0.0579],
        [-0.1938, -0.0498,  0.1671,  ...,  0.1940,  0.0060,  0.0322],
        [ 0.1229, -0.0286, -0.2244,  ..., -0.1813, -0.0199,  0.1999],
        ...,
        [ 0.1273,  0.0862,  0.0502,  ...,  0.0418, -0.2168,  0.2941],
        [ 0.0300, -0.1953,  0.0956,  ...,  0.3048,  0.2518, -0.1538],
        [ 0.0125, -0.1283,  0.2609,  ...,  0.2650,  0.1501, -0.0654]],
       device='cuda:0', requires_grad=True)

Parameter name: linear_1.bias
Shape: torch.Size([32])
Values: Parameter containing:
tensor([ 0.1408,  0.1837, -0.0698, -0.1448,  0.0362, -0.0101, -0.0937,  0.0341,
         0.1940, -0.1774,  0.1484, -0.1824,  0.2269,  0.0708, -0.0844,  0.1900,
        -0.0494, -0.1878,  0.0654,  0.0586, -0.0690,  0.0654, -0.2360,  0.2228,
         0.0049, -0.0888,  0.0827,  0.0146, -0.1872, -0.0854,  0.1787,  0.0513],
       device='cuda:0', requires_grad=True)

Parameter name: linear_2.weight
Shape: torch.Size([1, 32])
Values: Parameter containing:
tensor([[ 0.8015,  0.7273, -0.7851, -0.7676,  0.6322,  0.6492, -0.7008,  0.6223,
          0.6878, -0.7494, -0.6621,  0.6750,  0.6694,  0.6750,  0.6945,  0.6692,
         -0.7884, -0.8090,  0.6613,  0.6540, -0.7151, -0.7102, -0.8123,  0.6676,
          0.7540,  0.7961, -0.7833,  0.7648, -0.7060, -0.8031,  0.7183,  0.7870]],
       device='cuda:0', requires_grad=True)

Parameter name: linear_2.bias
Shape: torch.Size([1])
Values: Parameter containing:
tensor([0.5468], device='cuda:0', requires_grad=True)

