Parameter name: road_linear_0.weight
Shape: torch.Size([32, 16])
Values: Parameter containing:
tensor([[-2.8431e-01,  4.7669e-01,  8.4525e-02, -7.1733e-02,  3.5964e-01,
          1.8691e-01,  3.6870e-01,  1.6287e-01,  3.6512e-01,  1.7349e-01,
          1.3701e-01, -3.2045e-01, -3.7840e-01, -2.5548e-01,  3.9014e-01,
          1.2460e-01],
        [-1.0808e-01, -1.4362e-01,  6.4319e-02, -1.2920e-01,  1.3662e-01,
          2.2379e-01,  5.0110e-02,  3.5284e-01,  6.9291e-01, -4.0474e-02,
          2.6537e-01, -4.5101e-01,  6.2575e-02,  1.2058e-01,  6.8473e-01,
          7.2113e-02],
        [ 1.2988e-01, -2.0904e-01,  3.4010e-01, -9.8040e-02, -3.4452e-01,
         -3.4530e-01, -1.9360e-01, -6.3268e-01, -1.8242e-01, -3.9578e-02,
          9.1269e-02,  1.5364e-01,  6.1356e-01,  2.7172e-01, -1.1357e-01,
          2.5194e-01],
        [ 5.6172e-02, -1.2452e-01, -1.3741e-01,  9.0486e-02, -1.3911e-01,
         -1.3620e-01,  6.4821e-03, -2.4931e-01, -6.7509e-01, -1.8330e-01,
         -1.8938e-01,  4.8551e-01,  1.8839e-01, -3.5004e-01, -4.3898e-01,
         -5.1637e-02],
        [ 7.6289e-02,  2.8181e-01,  2.3935e-02, -1.6368e-01,  2.8000e-01,
          4.2541e-02, -5.8560e-02,  5.0228e-01,  4.1639e-01,  9.8890e-02,
          3.0616e-01, -2.9431e-01,  2.8137e-02, -4.6649e-02,  5.2299e-01,
          8.6353e-03],
        [-6.6268e-02,  5.0843e-01, -3.2423e-01,  3.7641e-01,  5.6012e-01,
         -1.3173e-02,  3.9549e-01,  1.5941e-01,  3.9378e-01,  1.8311e-01,
         -2.7128e-01, -2.5320e-01, -3.7609e-01,  1.7721e-01,  4.6976e-01,
         -7.0925e-02],
        [ 1.9326e-01, -3.2668e-02,  2.1168e-01, -4.2959e-02, -2.0022e-01,
         -1.5532e-01, -8.6534e-02, -4.1168e-01, -5.2428e-01,  1.6326e-01,
         -1.0025e-01,  2.0848e-01, -8.7988e-02,  1.7471e-02, -5.0575e-01,
         -1.6805e-02],
        [-2.2091e-01,  6.2814e-02,  1.7075e-01, -2.1584e-01, -4.9794e-01,
         -2.3479e-01, -1.0224e-02, -4.4777e-01, -4.5423e-01, -4.0615e-02,
         -1.2711e-01,  1.9426e-01,  2.5708e-01, -2.8402e-01, -3.0050e-01,
          1.9433e-01],
        [-1.1850e-01,  6.8402e-02,  1.2939e-01, -1.2008e-01, -2.6399e-01,
         -2.9821e-01, -5.1873e-02, -3.2662e-01, -3.0704e-01, -1.3309e-01,
         -2.7170e-01,  2.8076e-01, -1.1673e-01, -8.8289e-03, -6.6215e-01,
         -6.0106e-02],
        [-1.3766e-01,  1.0045e-01,  7.3278e-02, -1.3664e-01,  2.2498e-01,
          1.2409e-01, -5.0947e-02,  4.4477e-01,  5.8452e-01, -1.7664e-01,
          3.1037e-01, -1.8989e-01, -2.0664e-01,  8.5144e-02,  4.7524e-01,
         -4.8505e-02],
        [-2.4268e-01,  4.2636e-01,  8.5564e-02, -1.3718e-01,  1.5810e-01,
          3.7127e-01,  2.0751e-01,  3.1650e-01,  6.0726e-01,  1.1605e-01,
          8.7787e-02, -1.6985e-01, -2.3738e-01,  2.6603e-01,  1.9611e-01,
         -2.1153e-01],
        [ 4.2205e-02,  9.9169e-02,  1.6601e-01, -5.2395e-02,  3.4894e-01,
          5.6720e-02,  2.4501e-01,  3.5213e-01,  4.7151e-01,  1.6090e-01,
          3.6165e-01, -1.2262e-01, -3.7941e-01, -4.8947e-02,  3.3945e-01,
         -3.7840e-02],
        [ 1.9850e-01, -3.4794e-02,  6.7951e-04, -6.5071e-02, -2.6819e-01,
          3.6690e-02, -3.8788e-02, -5.2536e-01, -6.1612e-01,  4.4285e-02,
         -1.0048e-01,  1.9971e-01, -5.6648e-02,  1.6708e-02, -4.6962e-01,
         -9.5362e-02],
        [ 3.6774e-02,  1.8363e-01,  1.7861e-01,  1.2728e-01, -4.5096e-01,
          1.2078e-02,  7.5145e-02, -2.6796e-01, -5.3737e-01,  2.3997e-02,
         -2.9187e-01,  2.8229e-01,  5.1655e-02, -1.2368e-01, -6.3947e-01,
          7.0193e-02],
        [-2.0597e-01, -9.6006e-02,  1.1453e-01, -1.7518e-01,  5.3612e-01,
          3.6116e-01, -2.8103e-02,  3.2223e-01,  2.8651e-01, -1.7192e-03,
          1.9374e-01, -4.9948e-01, -2.1221e-02,  6.8295e-02,  3.3731e-01,
          1.1783e-03],
        [-1.5234e-01, -3.4173e-01,  7.8696e-02,  1.4778e-01, -4.7976e-01,
         -2.2635e-02, -1.7279e-01, -4.9922e-01, -4.2830e-01,  6.3135e-02,
         -4.3076e-02,  5.7406e-01,  1.5601e-01, -1.6516e-01, -1.2799e-01,
          5.2803e-03],
        [ 8.7549e-02,  1.0053e-01, -2.6940e-02, -1.7602e-01, -4.5444e-01,
          2.0340e-02,  6.4691e-02, -1.6437e-01, -6.2904e-01,  3.1947e-02,
          4.8833e-02,  4.2843e-01,  2.6135e-01,  3.8023e-02, -3.8221e-01,
         -2.3841e-01],
        [-1.8656e-01,  2.5712e-01, -1.0290e-01,  3.2837e-02,  2.7723e-01,
          2.4454e-01,  2.8015e-01,  4.1697e-01,  2.4821e-01,  1.5857e-01,
         -5.1803e-02, -3.5832e-01, -2.0129e-01, -6.2310e-02,  3.8788e-01,
         -5.4225e-02],
        [ 2.3201e-01, -3.0023e-01,  6.5921e-02, -2.2530e-01, -4.3833e-01,
         -3.5758e-01, -3.7626e-01, -1.7976e-01, -6.0002e-01, -5.0534e-02,
          1.3454e-01,  1.1726e-01,  3.8750e-01,  1.6653e-01, -1.5736e-01,
          1.3895e-01],
        [ 3.9087e-01, -2.9695e-01,  1.9834e-01, -3.8669e-02, -5.8464e-01,
         -2.2154e-01, -4.6677e-01, -1.9615e-01, -2.4578e-01, -2.1768e-01,
          6.1408e-02,  4.4963e-01,  1.1822e-01,  3.6423e-02, -1.9727e-01,
          1.5693e-01],
        [-4.1813e-02,  2.4080e-01,  1.1828e-01, -1.9322e-01,  3.6485e-01,
         -6.6231e-02,  2.5895e-01,  5.0842e-01,  3.3096e-01, -8.0339e-02,
         -4.3541e-02, -3.4907e-01, -1.5230e-01, -3.8280e-02,  4.8031e-01,
         -1.1647e-01],
        [ 3.3049e-03,  1.7082e-02,  7.1002e-02,  3.0056e-01,  2.7304e-01,
          9.9237e-02,  2.2489e-01,  1.9300e-01,  3.5535e-01,  1.4188e-01,
          3.2277e-01, -5.1310e-01, -2.6664e-01, -2.4236e-01,  2.1183e-01,
          1.4982e-01],
        [ 3.6911e-01, -3.4623e-01, -2.5051e-02, -1.0143e-01, -2.3287e-01,
         -3.6729e-01, -3.8672e-01, -4.2744e-01, -4.4250e-01, -9.2380e-02,
          2.5472e-01,  4.0125e-01,  8.2611e-02,  2.3373e-01, -7.5622e-02,
          1.6809e-01],
        [ 1.0712e-02,  7.3397e-02,  1.0361e-01, -1.8445e-01, -2.8694e-01,
         -8.4603e-02, -1.5881e-02, -4.1237e-01, -5.4150e-01, -9.6146e-02,
         -1.8652e-01,  4.3857e-01,  1.6997e-01, -1.2532e-01, -3.8666e-01,
         -1.9705e-01],
        [ 3.3665e-02, -3.4753e-01, -2.0981e-02,  1.6253e-02, -6.4835e-02,
         -1.9713e-01,  1.5271e-01, -3.4486e-01, -6.7461e-01,  2.4597e-01,
          1.0431e-01,  1.4877e-01, -1.6931e-02,  4.7511e-02, -5.4590e-01,
          1.7159e-01],
        [-1.3291e-01, -1.2445e-01, -1.0897e-01,  2.2261e-01, -3.0481e-01,
         -1.7117e-01,  7.3524e-02, -4.9796e-01, -4.1934e-01, -1.6089e-01,
         -3.6754e-01,  2.0329e-01,  1.1286e-01,  1.3101e-01, -5.9045e-01,
         -8.2808e-02],
        [ 3.4905e-01, -1.9576e-01,  2.9917e-01, -3.3975e-01, -4.4232e-01,
         -1.2191e-01, -5.7308e-01, -2.5116e-01, -5.8756e-01, -2.5195e-03,
          2.0878e-01,  2.8529e-01,  4.6571e-01,  3.0029e-01, -9.1952e-02,
          3.2450e-01],
        [-1.9212e-01,  2.4573e-01,  1.7911e-01,  9.0317e-02,  5.0344e-01,
         -1.6273e-02,  3.0214e-01,  3.6797e-01,  1.9885e-01, -5.1627e-02,
          2.9570e-01, -4.4589e-01, -2.3074e-01, -4.4623e-02,  2.2314e-01,
          1.6879e-02],
        [ 1.5619e-01, -1.2895e-01, -3.2794e-02, -2.7174e-03, -4.5425e-01,
         -2.2256e-01, -6.5691e-02, -5.0933e-01, -2.2415e-01,  4.4232e-02,
         -4.8227e-02,  2.9452e-01,  3.6324e-01,  1.3196e-01, -1.7642e-01,
          1.1837e-01],
        [-3.1560e-01,  3.5561e-01, -2.6796e-01,  2.2183e-01,  1.5913e-01,
          1.4517e-01,  4.6928e-01,  5.0193e-01,  5.2227e-01,  1.9851e-01,
          7.9456e-02, -2.5862e-01, -1.1104e-01,  9.9445e-02,  2.7232e-01,
         -2.1110e-01],
        [-2.6540e-01,  2.1707e-01,  4.7478e-02, -5.5779e-02,  4.2547e-01,
          3.5670e-01,  4.4473e-01,  1.7222e-01,  4.2352e-01,  2.4391e-01,
         -3.1189e-01, -1.9630e-01, -4.7965e-01, -1.7515e-01,  1.9431e-01,
         -1.7823e-01],
        [-1.2841e-01, -5.7428e-02,  5.7214e-02,  8.5641e-02, -1.0808e-01,
         -2.4809e-01, -2.9373e-01, -5.3350e-01, -5.4562e-01, -8.6666e-02,
         -1.7704e-03,  1.2819e-01, -6.6296e-02,  4.9253e-02, -4.9132e-01,
          2.6001e-02]], device='cuda:0', requires_grad=True)

Parameter name: road_linear_0.bias
Shape: torch.Size([32])
Values: Parameter containing:
tensor([-0.0957,  0.1243,  0.1771, -0.1897,  0.1554, -0.1403, -0.0149,  0.1213,
        -0.1133,  0.1161, -0.0292,  0.1119, -0.0182, -0.0738,  0.1289, -0.0243,
        -0.1697, -0.0552,  0.1819,  0.1200,  0.0847, -0.0878,  0.0841, -0.0908,
        -0.2076, -0.0150,  0.2268,  0.0612, -0.0321, -0.2483, -0.0588, -0.0577],
       device='cuda:0', requires_grad=True)

Parameter name: road_linear_1.weight
Shape: torch.Size([1, 32])
Values: Parameter containing:
tensor([[ 0.4820,  0.6513, -0.4082, -0.5532,  0.6262,  0.5784, -0.5541, -0.6245,
         -0.5644,  0.6837,  0.4762,  0.6479, -0.5598, -0.7235,  0.5815, -0.5593,
         -0.5780,  0.5487, -0.3813, -0.4225,  0.7049,  0.4754, -0.5301, -0.6501,
         -0.6120, -0.6568, -0.4864,  0.6130, -0.5616,  0.6014,  0.4353, -0.4846]],
       device='cuda:0', requires_grad=True)

Parameter name: linear_0.weight
Shape: torch.Size([32, 39])
Values: Parameter containing:
tensor([[-0.0230,  0.0990,  0.0550,  ...,  0.1850, -0.4612, -0.1137],
        [-0.1391, -0.0344,  0.1384,  ...,  0.0553, -0.4558,  0.0871],
        [ 0.0275, -0.0413,  0.0242,  ...,  0.0630,  0.4304,  0.0345],
        ...,
        [ 0.1401, -0.1601, -0.0392,  ..., -0.1716,  0.1730, -0.1180],
        [ 0.1143, -0.2170, -0.0745,  ..., -0.2301,  0.3070,  0.1557],
        [-0.2158,  0.1759,  0.0693,  ...,  0.0794, -0.4245, -0.0509]],
       device='cuda:0', requires_grad=True)

Parameter name: linear_0.bias
Shape: torch.Size([32])
Values: Parameter containing:
tensor([ 0.0833,  0.0296, -0.0635, -0.1377, -0.0832,  0.0410, -0.0863,  0.0709,
        -0.0386,  0.0485,  0.0493,  0.0183, -0.0245,  0.1041, -0.0249, -0.0161,
         0.0511, -0.1643, -0.0029,  0.0903, -0.0919,  0.0015,  0.1174,  0.0504,
        -0.1093,  0.1112,  0.0576, -0.1485,  0.0449,  0.1956,  0.1815, -0.1044],
       device='cuda:0', requires_grad=True)

Parameter name: linear_1.weight
Shape: torch.Size([32, 32])
Values: Parameter containing:
tensor([[ 0.0900, -0.2132, -0.0059,  ...,  0.1042, -0.0049,  0.0592],
        [-0.1928, -0.0571,  0.1957,  ...,  0.2001,  0.0096,  0.0326],
        [ 0.1281, -0.0276, -0.2418,  ..., -0.1808, -0.0190,  0.2070],
        ...,
        [ 0.1334,  0.0905,  0.0277,  ...,  0.0403, -0.2256,  0.3141],
        [ 0.0406, -0.2153,  0.1380,  ...,  0.3230,  0.2659, -0.1414],
        [ 0.0128, -0.1329,  0.2811,  ...,  0.2687,  0.1499, -0.0629]],
       device='cuda:0', requires_grad=True)

Parameter name: linear_1.bias
Shape: torch.Size([32])
Values: Parameter containing:
tensor([ 0.1487,  0.1902, -0.0698, -0.1538,  0.0394, -0.0055, -0.0977,  0.0533,
         0.2087, -0.1786,  0.1391, -0.1951,  0.2379,  0.0729, -0.0692,  0.2084,
        -0.0028, -0.1923,  0.0662,  0.0666, -0.0804,  0.0631, -0.2381,  0.2278,
         0.0104, -0.0989,  0.0800,  0.0131, -0.1949, -0.0843,  0.1976,  0.0565],
       device='cuda:0', requires_grad=True)

Parameter name: linear_2.weight
Shape: torch.Size([1, 32])
Values: Parameter containing:
tensor([[ 1.0016,  0.9284, -0.9872, -0.9672,  0.8347,  0.8515, -0.9027,  0.8199,
          0.8861, -0.9524, -0.8647,  0.8731,  0.8689,  0.8777,  0.8927,  0.8666,
         -0.9864, -1.0102,  0.8635,  0.8541, -0.9145, -0.9119, -1.0160,  0.8689,
          0.9555,  0.9945, -0.9873,  0.9662, -0.9068, -1.0070,  0.9156,  0.9875]],
       device='cuda:0', requires_grad=True)

Parameter name: linear_2.bias
Shape: torch.Size([1])
Values: Parameter containing:
tensor([0.7430], device='cuda:0', requires_grad=True)

