Parameter name: road_linear_0.weight
Shape: torch.Size([32, 16])
Values: Parameter containing:
tensor([[-0.2377,  0.4544,  0.1200, -0.0955,  0.3119,  0.1334,  0.3216,  0.1138,
          0.3427,  0.1538,  0.1466, -0.2805, -0.3386, -0.2382,  0.3914,  0.1546],
        [-0.0944, -0.1540,  0.0619, -0.1255,  0.0790,  0.1917,  0.0564,  0.2734,
          0.5926, -0.0327,  0.2486, -0.3626,  0.0874,  0.1146,  0.6030,  0.0715],
        [ 0.0373, -0.1592,  0.2715, -0.0539, -0.2714, -0.2810, -0.0967, -0.5783,
         -0.1625,  0.0058,  0.0388,  0.0986,  0.5160,  0.2171, -0.0998,  0.1889],
        [ 0.0605, -0.1414, -0.1236,  0.0784, -0.1026, -0.1106, -0.0133, -0.1778,
         -0.5691, -0.2048, -0.1585,  0.4155,  0.1866, -0.3309, -0.3614, -0.0400],
        [ 0.0659,  0.3094,  0.0074, -0.1503,  0.2519,  0.0169, -0.0361,  0.4355,
          0.3137,  0.1239,  0.2704, -0.2360,  0.0218, -0.0702,  0.4513, -0.0059],
        [ 0.0141,  0.4714, -0.2571,  0.3310,  0.4975, -0.0770,  0.3090,  0.1104,
          0.3851,  0.1414, -0.2351, -0.2115, -0.3064,  0.2212,  0.4800, -0.0149],
        [ 0.2007, -0.0559,  0.2266, -0.0559, -0.1724, -0.1321, -0.1054, -0.3554,
         -0.4282,  0.1397, -0.0654,  0.1594, -0.0848,  0.0402, -0.4511, -0.0041],
        [-0.2220,  0.0533,  0.1822, -0.2272, -0.4700, -0.2183, -0.0239, -0.3958,
         -0.3743, -0.0591, -0.1000,  0.1454,  0.2531, -0.2666, -0.2524,  0.2022],
        [-0.1139,  0.0567,  0.1469, -0.1359, -0.2220, -0.2784, -0.0748, -0.2542,
         -0.1993, -0.1572, -0.2394,  0.2053, -0.1221,  0.0126, -0.5841, -0.0464],
        [-0.1378,  0.1108,  0.0626, -0.1271,  0.1844,  0.0969, -0.0355,  0.3717,
          0.4829, -0.1589,  0.2837, -0.1170, -0.1995,  0.0695,  0.3986, -0.0572],
        [-0.2225,  0.4198,  0.0910, -0.1383,  0.1221,  0.3418,  0.1977,  0.2663,
          0.5516,  0.1198,  0.0777, -0.1241, -0.2155,  0.2626,  0.1641, -0.2041],
        [ 0.0410,  0.1095,  0.1521, -0.0393,  0.3138,  0.0369,  0.2624,  0.2886,
          0.3767,  0.1824,  0.3337, -0.0609, -0.3733, -0.0678,  0.2749, -0.0476],
        [ 0.2121, -0.0690,  0.0179, -0.0789, -0.2458,  0.0614, -0.0614, -0.4698,
         -0.5186,  0.0175, -0.0607,  0.1563, -0.0452,  0.0431, -0.4136, -0.0793],
        [ 0.0376,  0.1725,  0.1901,  0.1169, -0.4072,  0.0405,  0.0587, -0.1935,
         -0.4315,  0.0054, -0.2637,  0.2060,  0.0438, -0.1071, -0.5610,  0.0797],
        [-0.2116, -0.0798,  0.0984, -0.1611,  0.5019,  0.3414, -0.0065,  0.2552,
          0.1855,  0.0214,  0.1619, -0.4333, -0.0205,  0.0473,  0.2653, -0.0117],
        [-0.1515, -0.3636,  0.0849,  0.1425, -0.4611,  0.0016, -0.1816, -0.4540,
         -0.3637,  0.0475, -0.0150,  0.5406,  0.1608, -0.1486, -0.0977,  0.0104],
        [ 0.0957,  0.0792, -0.0087, -0.1922, -0.4196,  0.0436,  0.0407, -0.0958,
         -0.5139,  0.0053,  0.0843,  0.3616,  0.2615,  0.0613, -0.3086, -0.2236],
        [-0.1390,  0.2308, -0.0724,  0.0141,  0.2363,  0.2067,  0.2380,  0.3760,
          0.2313,  0.1406, -0.0387, -0.3194, -0.1595, -0.0445,  0.3836, -0.0261],
        [ 0.1450, -0.2523,  0.0080, -0.1900, -0.3652, -0.2998, -0.2903, -0.1206,
         -0.5682, -0.0125,  0.0879,  0.0582,  0.2908,  0.1181, -0.1328,  0.0821],
        [ 0.3064, -0.2550,  0.1371,  0.0010, -0.5025, -0.1588, -0.3788, -0.1323,
         -0.2135, -0.1784,  0.0230,  0.3919,  0.0349, -0.0053, -0.1707,  0.1017],
        [-0.0449,  0.2667,  0.1130, -0.1887,  0.3524, -0.0899,  0.2669,  0.4709,
          0.2762, -0.0651, -0.0732, -0.3275, -0.1627, -0.0557,  0.4663, -0.1226],
        [ 0.0213,  0.0095,  0.0716,  0.3038,  0.2175,  0.0623,  0.2188,  0.1258,
          0.2743,  0.1509,  0.3077, -0.4508, -0.2365, -0.2505,  0.1561,  0.1536],
        [ 0.2880, -0.3025, -0.0805, -0.0667, -0.1627, -0.3137, -0.3055, -0.3726,
         -0.4185, -0.0558,  0.2138,  0.3479, -0.0011,  0.1915, -0.0560,  0.1156],
        [ 0.0225,  0.0482,  0.1239, -0.2019, -0.2626, -0.0694, -0.0431, -0.3530,
         -0.4389, -0.1243, -0.1487,  0.3839,  0.1785, -0.0994, -0.3207, -0.1800],
        [ 0.0428, -0.3731, -0.0049,  0.0024, -0.0336, -0.1704,  0.1311, -0.2799,
         -0.5641,  0.2210,  0.1402,  0.0893, -0.0134,  0.0705, -0.4779,  0.1860],
        [-0.1180, -0.1572, -0.0901,  0.2077, -0.2844, -0.1486,  0.0482, -0.4356,
         -0.3188, -0.1886, -0.3293,  0.1562,  0.1255,  0.1573, -0.5210, -0.0656],
        [ 0.2398, -0.1572,  0.2008, -0.2714, -0.3426, -0.0345, -0.4425, -0.1778,
         -0.5307,  0.0532,  0.1457,  0.2243,  0.3464,  0.2229, -0.0632,  0.2369],
        [-0.1793,  0.2460,  0.1791,  0.0926,  0.4662, -0.0459,  0.3002,  0.3121,
          0.1338, -0.0428,  0.2787, -0.3955, -0.2156, -0.0536,  0.1810,  0.0192],
        [ 0.1339, -0.1170, -0.0370, -0.0032, -0.4179, -0.1988, -0.0573, -0.4593,
         -0.1692,  0.0406, -0.0407,  0.2457,  0.3379,  0.1342, -0.1410,  0.1108],
        [-0.2415,  0.3186, -0.2106,  0.1835,  0.0977,  0.0873,  0.3915,  0.4557,
          0.5099,  0.1620,  0.1134, -0.2158, -0.0426,  0.1376,  0.2726, -0.1615],
        [-0.1768,  0.1683,  0.1077, -0.0933,  0.3491,  0.2967,  0.3562,  0.1112,
          0.3914,  0.2042, -0.2633, -0.1361, -0.3805, -0.1249,  0.1699, -0.1195],
        [-0.1229, -0.0750,  0.0733,  0.0713, -0.0819, -0.2314, -0.3147, -0.4762,
         -0.4490, -0.1104,  0.0305,  0.0749, -0.0646,  0.0711, -0.4325,  0.0385]],
       device='cuda:0', requires_grad=True)

Parameter name: road_linear_0.bias
Shape: torch.Size([32])
Values: Parameter containing:
tensor([-0.0827,  0.1470,  0.1276, -0.1687,  0.1151, -0.1116,  0.0275,  0.1232,
        -0.1092,  0.1035, -0.0113,  0.1115,  0.0455, -0.0577,  0.1116,  0.0089,
        -0.1437, -0.0161,  0.1312,  0.0831,  0.0405, -0.0719,  0.0372, -0.0606,
        -0.1634,  0.0303,  0.2087,  0.0661, -0.0667, -0.2178, -0.0074, -0.0417],
       device='cuda:0', requires_grad=True)

Parameter name: road_linear_1.weight
Shape: torch.Size([1, 32])
Values: Parameter containing:
tensor([[ 0.3812,  0.5500, -0.2990, -0.4382,  0.5143,  0.4872, -0.4152, -0.4947,
         -0.4289,  0.5707,  0.3590,  0.5214, -0.4239, -0.5995,  0.4560, -0.4485,
         -0.4417,  0.4442, -0.2826, -0.3281,  0.5888,  0.3676, -0.4299, -0.5177,
         -0.4780, -0.5486, -0.3850,  0.5039, -0.4461,  0.5010,  0.3364, -0.3562]],
       device='cuda:0', requires_grad=True)

Parameter name: linear_0.weight
Shape: torch.Size([32, 39])
Values: Parameter containing:
tensor([[-0.0323,  0.1081,  0.0637,  ...,  0.1584, -0.2729, -0.1137],
        [-0.1405, -0.0303,  0.1365,  ...,  0.0562, -0.2958,  0.0871],
        [ 0.0287, -0.0454,  0.0266,  ...,  0.0634,  0.2416,  0.0345],
        ...,
        [ 0.1413, -0.1663, -0.0353,  ..., -0.1758,  0.0068, -0.1180],
        [ 0.1189, -0.2247, -0.0753,  ..., -0.2280,  0.1297,  0.1557],
        [-0.2157,  0.1725,  0.0713,  ...,  0.0679, -0.2552, -0.0509]],
       device='cuda:0', requires_grad=True)

Parameter name: linear_0.bias
Shape: torch.Size([32])
Values: Parameter containing:
tensor([ 0.0753,  0.0323, -0.0667, -0.1405, -0.0809,  0.0454, -0.0902,  0.0681,
        -0.0377,  0.0491,  0.0418,  0.0190, -0.0228,  0.1009, -0.0296, -0.0137,
         0.0478, -0.1622, -0.0094,  0.0836, -0.0859,  0.0090,  0.1152,  0.0382,
        -0.1073,  0.1081,  0.0543, -0.1373,  0.0428,  0.1904,  0.1812, -0.1071],
       device='cuda:0', requires_grad=True)

Parameter name: linear_1.weight
Shape: torch.Size([32, 32])
Values: Parameter containing:
tensor([[ 0.0882, -0.2013, -0.0511,  ...,  0.0944, -0.0128,  0.0590],
        [-0.1945, -0.0469,  0.1550,  ...,  0.1917,  0.0030,  0.0329],
        [ 0.1233, -0.0309, -0.2150,  ..., -0.1795, -0.0174,  0.1988],
        ...,
        [ 0.1288,  0.0824,  0.0598,  ...,  0.0449, -0.2121,  0.2927],
        [ 0.0305, -0.1916,  0.0800,  ...,  0.3021,  0.2483, -0.1520],
        [ 0.0123, -0.1265,  0.2517,  ...,  0.2636,  0.1484, -0.0646]],
       device='cuda:0', requires_grad=True)

Parameter name: linear_1.bias
Shape: torch.Size([32])
Values: Parameter containing:
tensor([ 0.1391,  0.1819, -0.0686, -0.1436,  0.0345, -0.0122, -0.0922,  0.0320,
         0.1925, -0.1755,  0.1509, -0.1797,  0.2258,  0.0688, -0.0862,  0.1877,
        -0.0535, -0.1863,  0.0643,  0.0574, -0.0675,  0.0666, -0.2337,  0.2212,
         0.0031, -0.0864,  0.0851,  0.0145, -0.1853, -0.0834,  0.1765,  0.0503],
       device='cuda:0', requires_grad=True)

Parameter name: linear_2.weight
Shape: torch.Size([1, 32])
Values: Parameter containing:
tensor([[ 0.7648,  0.6905, -0.7481, -0.7311,  0.5951,  0.6122, -0.6639,  0.5861,
          0.6515, -0.7123, -0.6253,  0.6387,  0.6328,  0.6380,  0.6582,  0.6331,
         -0.7523, -0.7721,  0.6243,  0.6174, -0.6786, -0.6732, -0.7751,  0.6307,
          0.7171,  0.7598, -0.7462,  0.7279, -0.6693, -0.7659,  0.6822,  0.7503]],
       device='cuda:0', requires_grad=True)

Parameter name: linear_2.bias
Shape: torch.Size([1])
Values: Parameter containing:
tensor([0.5109], device='cuda:0', requires_grad=True)

