Parameter name: road_linear_0.weight
Shape: torch.Size([32, 16])
Values: Parameter containing:
tensor([[-3.1554e-01,  5.0572e-01,  5.8915e-02, -5.5354e-02,  3.9953e-01,
          2.0848e-01,  4.1602e-01,  1.7732e-01,  3.6549e-01,  1.9588e-01,
          1.2594e-01, -3.3523e-01, -4.0491e-01, -2.7741e-01,  3.7473e-01,
          1.0211e-01],
        [-1.0093e-01, -1.4920e-01,  7.2204e-02, -1.3496e-01,  1.5701e-01,
          2.1751e-01,  4.4278e-02,  3.6572e-01,  7.2811e-01, -4.4134e-02,
          2.9041e-01, -4.6568e-01,  7.4614e-02,  1.2544e-01,  7.0313e-01,
          7.9704e-02],
        [ 1.6867e-01, -2.4364e-01,  3.6720e-01, -1.1245e-01, -4.0008e-01,
         -3.6996e-01, -2.5537e-01, -6.6056e-01, -1.8544e-01, -6.6146e-02,
          1.0388e-01,  1.8014e-01,  6.4941e-01,  2.9580e-01, -1.1635e-01,
          2.7829e-01],
        [ 5.0791e-02, -1.2109e-01, -1.4346e-01,  9.4873e-02, -1.6080e-01,
         -1.3040e-01,  9.3312e-03, -2.6181e-01, -7.0804e-01, -1.8132e-01,
         -2.1280e-01,  5.0063e-01,  1.7752e-01, -3.5355e-01, -4.5488e-01,
         -5.7635e-02],
        [ 8.2515e-02,  2.7585e-01,  2.9087e-02, -1.6680e-01,  2.9953e-01,
          3.7505e-02, -6.0475e-02,  5.1101e-01,  4.4805e-01,  9.6301e-02,
          3.2843e-01, -3.0394e-01,  3.9359e-02, -4.3458e-02,  5.3399e-01,
          1.4069e-02],
        [-1.0262e-01,  5.3993e-01, -3.4973e-01,  3.9021e-01,  6.0241e-01,
          5.7962e-03,  4.4884e-01,  1.8070e-01,  3.9043e-01,  2.0745e-01,
         -2.8360e-01, -2.7299e-01, -4.0500e-01,  1.5543e-01,  4.6435e-01,
         -9.5272e-02],
        [ 1.9558e-01, -4.0457e-02,  2.1013e-01, -4.1404e-02, -2.2439e-01,
         -1.4841e-01, -9.2861e-02, -4.2279e-01, -5.4610e-01,  1.5892e-01,
         -1.1740e-01,  2.2490e-01, -9.2391e-02,  1.9411e-02, -5.1264e-01,
         -1.7246e-02],
        [-2.1111e-01,  4.6283e-02,  1.7327e-01, -2.1661e-01, -5.2365e-01,
         -2.2915e-01, -2.2818e-02, -4.5974e-01, -4.6881e-01, -5.0143e-02,
         -1.3796e-01,  2.1399e-01,  2.5940e-01, -2.7705e-01, -3.0463e-01,
          1.9854e-01],
        [-1.2112e-01,  6.5083e-02,  1.2365e-01, -1.1525e-01, -2.9142e-01,
         -2.9196e-01, -5.1437e-02, -3.4322e-01, -3.3984e-01, -1.3332e-01,
         -2.9461e-01,  3.0282e-01, -1.2414e-01, -1.1032e-02, -6.8093e-01,
         -6.5147e-02],
        [-1.3246e-01,  9.7688e-02,  7.9926e-02, -1.4166e-01,  2.4497e-01,
          1.1708e-01, -5.4290e-02,  4.5681e-01,  6.1610e-01, -1.7873e-01,
          3.3293e-01, -2.0453e-01, -1.9604e-01,  8.8566e-02,  4.9131e-01,
         -4.2468e-02],
        [-2.6864e-01,  4.5585e-01,  6.9447e-02, -1.2742e-01,  1.9180e-01,
          3.7850e-01,  2.4172e-01,  3.2931e-01,  6.0855e-01,  1.3624e-01,
          8.3057e-02, -1.8928e-01, -2.5665e-01,  2.4758e-01,  1.8805e-01,
         -2.2837e-01],
        [ 3.8246e-02,  1.0960e-01,  1.6786e-01, -5.4805e-02,  3.7298e-01,
          4.9707e-02,  2.5090e-01,  3.6538e-01,  4.9102e-01,  1.6599e-01,
          3.7756e-01, -1.4203e-01, -3.7596e-01, -5.1153e-02,  3.4877e-01,
         -3.7848e-02],
        [ 1.9490e-01, -3.3417e-02, -3.4018e-03, -6.2453e-02, -2.8875e-01,
          4.3692e-02, -3.9973e-02, -5.3366e-01, -6.4277e-01,  4.4310e-02,
         -1.2158e-01,  2.1022e-01, -6.6589e-02,  1.5187e-02, -4.7687e-01,
         -9.9167e-02],
        [ 3.2231e-02,  1.8463e-01,  1.7217e-01,  1.3237e-01, -4.7456e-01,
          1.7445e-02,  7.7918e-02, -2.8301e-01, -5.7177e-01,  2.5683e-02,
         -3.1468e-01,  3.0092e-01,  4.2674e-02, -1.2691e-01, -6.5910e-01,
          6.4187e-02],
        [-2.0326e-01, -9.5360e-02,  1.1900e-01, -1.7851e-01,  5.5914e-01,
          3.5486e-01, -2.7870e-02,  3.3423e-01,  3.1604e-01, -1.4447e-03,
          2.1470e-01, -5.1535e-01, -1.2964e-02,  6.9684e-02,  3.5024e-01,
          5.1942e-03],
        [-1.4420e-01, -3.5068e-01,  8.5022e-02,  1.4259e-01, -5.0017e-01,
         -2.0906e-02, -1.8697e-01, -5.0329e-01, -4.4104e-01,  5.4316e-02,
         -5.2064e-02,  5.8219e-01,  1.5630e-01, -1.5689e-01, -1.1956e-01,
          1.1235e-02],
        [ 8.4088e-02,  9.6697e-02, -3.4542e-02, -1.6933e-01, -4.7871e-01,
          3.0899e-02,  6.7085e-02, -1.8091e-01, -6.5892e-01,  3.2244e-02,
          2.4158e-02,  4.5118e-01,  2.5053e-01,  3.4143e-02, -4.0081e-01,
         -2.4449e-01],
        [-2.2021e-01,  2.8935e-01, -1.2685e-01,  4.7202e-02,  3.1535e-01,
          2.5987e-01,  3.2774e-01,  4.3112e-01,  2.4460e-01,  1.8302e-01,
         -6.3424e-02, -3.7558e-01, -2.2798e-01, -8.5423e-02,  3.7511e-01,
         -7.6804e-02],
        [ 2.7383e-01, -3.3951e-01,  9.2066e-02, -2.3785e-01, -4.8983e-01,
         -3.7734e-01, -4.3672e-01, -2.0867e-01, -5.9753e-01, -7.9278e-02,
          1.4851e-01,  1.4669e-01,  4.2454e-01,  1.9284e-01, -1.5989e-01,
          1.6667e-01],
        [ 4.2512e-01, -3.2594e-01,  2.2210e-01, -5.1216e-02, -6.4153e-01,
         -2.4512e-01, -5.2326e-01, -2.2528e-01, -2.5391e-01, -2.4005e-01,
          7.0278e-02,  4.7463e-01,  1.4933e-01,  5.5663e-02, -2.0393e-01,
          1.7939e-01],
        [-5.0732e-02,  2.5003e-01,  1.1088e-01, -1.8730e-01,  3.8321e-01,
         -6.7625e-02,  2.7444e-01,  5.1075e-01,  3.4032e-01, -7.1028e-02,
         -3.6135e-02, -3.5432e-01, -1.5285e-01, -4.7183e-02,  4.6701e-01,
         -1.2331e-01],
        [-1.4388e-02,  4.0442e-02,  6.2062e-02,  3.0474e-01,  3.1361e-01,
          1.0729e-01,  2.5130e-01,  2.1301e-01,  3.7121e-01,  1.5545e-01,
          3.2739e-01, -5.3723e-01, -2.8155e-01, -2.5368e-01,  2.1754e-01,
          1.3996e-01],
        [ 4.0498e-01, -3.7770e-01, -5.1021e-04, -1.1442e-01, -2.8529e-01,
         -3.8882e-01, -4.4351e-01, -4.5331e-01, -4.4584e-01, -1.1682e-01,
          2.6594e-01,  4.2547e-01,  1.1491e-01,  2.5548e-01, -7.7816e-02,
          1.9202e-01],
        [ 7.1950e-03,  7.2419e-02,  9.8045e-02, -1.8017e-01, -3.0974e-01,
         -7.6018e-02, -1.4957e-02, -4.2477e-01, -5.6949e-01, -9.6251e-02,
         -2.0929e-01,  4.5548e-01,  1.5957e-01, -1.2797e-01, -3.9969e-01,
         -2.0202e-01],
        [ 3.0199e-02, -3.4950e-01, -2.7575e-02,  2.1746e-02, -8.5793e-02,
         -1.8708e-01,  1.5430e-01, -3.5757e-01, -7.0239e-01,  2.4627e-01,
          8.1711e-02,  1.6635e-01, -2.7529e-02,  4.4480e-02, -5.6048e-01,
          1.6631e-01],
        [-1.4298e-01, -1.1388e-01, -1.1726e-01,  2.2789e-01, -3.1867e-01,
         -1.6260e-01,  7.9491e-02, -5.0269e-01, -4.4942e-01, -1.5518e-01,
         -3.9184e-01,  2.0657e-01,  9.7102e-02,  1.2496e-01, -5.9956e-01,
         -9.0765e-02],
        [ 3.8096e-01, -2.2201e-01,  3.2188e-01, -3.5113e-01, -5.0359e-01,
         -1.4848e-01, -6.2946e-01, -2.9179e-01, -6.0378e-01, -2.2624e-02,
          2.1283e-01,  3.1532e-01,  5.0014e-01,  3.1728e-01, -1.0705e-01,
          3.4823e-01],
        [-2.0770e-01,  2.6482e-01,  1.6972e-01,  9.6128e-02,  5.3285e-01,
         -1.2578e-02,  3.2452e-01,  3.7940e-01,  2.0947e-01, -3.8568e-02,
          2.9957e-01, -4.6235e-01, -2.4028e-01, -5.6347e-02,  2.2002e-01,
          7.1038e-03],
        [ 1.8156e-01, -1.5918e-01, -1.9130e-02, -1.0323e-02, -4.8701e-01,
         -2.2633e-01, -9.7199e-02, -5.2326e-01, -2.2541e-01,  2.4400e-02,
         -4.5072e-02,  3.1612e-01,  3.8114e-01,  1.4936e-01, -1.7197e-01,
          1.3374e-01],
        [-3.4893e-01,  3.8329e-01, -2.9450e-01,  2.3770e-01,  2.0755e-01,
          1.6879e-01,  5.2402e-01,  5.2227e-01,  5.2564e-01,  2.2118e-01,
          6.8068e-02, -2.7678e-01, -1.4090e-01,  7.8560e-02,  2.6715e-01,
         -2.3429e-01],
        [-3.0474e-01,  2.5399e-01,  2.2997e-02, -4.4108e-02,  4.7884e-01,
          3.7792e-01,  5.0291e-01,  2.0265e-01,  4.2446e-01,  2.7068e-01,
         -3.2432e-01, -2.2579e-01, -5.1555e-01, -1.9920e-01,  1.9952e-01,
         -2.0426e-01],
        [-1.2449e-01, -6.7350e-02,  5.5996e-02,  8.7088e-02, -1.3062e-01,
         -2.3892e-01, -3.0025e-01, -5.4386e-01, -5.6394e-01, -9.2396e-02,
         -1.8026e-02,  1.4512e-01, -7.0926e-02,  5.2101e-02, -4.9664e-01,
          2.6433e-02]], device='cuda:0', requires_grad=True)

Parameter name: road_linear_0.bias
Shape: torch.Size([32])
Values: Parameter containing:
tensor([-0.1008,  0.1674,  0.1923, -0.2378,  0.2042, -0.1569, -0.0393,  0.1198,
        -0.1539,  0.1574, -0.0469,  0.1233, -0.0639, -0.1181,  0.1734, -0.0457,
        -0.1950, -0.0720,  0.2051,  0.1294,  0.1041, -0.0908,  0.0978, -0.1277,
        -0.2383, -0.0591,  0.2322,  0.0639, -0.0103, -0.2537, -0.0798, -0.0727],
       device='cuda:0', requires_grad=True)

Parameter name: road_linear_1.weight
Shape: torch.Size([1, 32])
Values: Parameter containing:
tensor([[ 0.5415,  0.6951, -0.4672, -0.6048,  0.6781,  0.6309, -0.6126, -0.6798,
         -0.6256,  0.7307,  0.5365,  0.7112, -0.6181, -0.7774,  0.6350, -0.6100,
         -0.6367,  0.6063, -0.4367, -0.4770,  0.7599,  0.5341, -0.5871, -0.7081,
         -0.6650, -0.7033, -0.5388,  0.6702, -0.6199,  0.6573,  0.4920, -0.5408]],
       device='cuda:0', requires_grad=True)

Parameter name: linear_0.weight
Shape: torch.Size([32, 39])
Values: Parameter containing:
tensor([[-0.0215,  0.1005,  0.0514,  ...,  0.1984, -0.5665, -0.1137],
        [-0.1392, -0.0365,  0.1411,  ...,  0.0527, -0.5124,  0.0871],
        [ 0.0275, -0.0387,  0.0216,  ...,  0.0650,  0.5226,  0.0345],
        ...,
        [ 0.1388, -0.1545, -0.0417,  ..., -0.1686,  0.2298, -0.1180],
        [ 0.1114, -0.2118, -0.0741,  ..., -0.2307,  0.3799,  0.1557],
        [-0.2189,  0.1851,  0.0683,  ...,  0.0849, -0.4994, -0.0509]],
       device='cuda:0', requires_grad=True)

Parameter name: linear_0.bias
Shape: torch.Size([32])
Values: Parameter containing:
tensor([ 0.0879,  0.0267, -0.0606, -0.1337, -0.0858,  0.0412, -0.0831,  0.0723,
        -0.0397,  0.0476,  0.0539,  0.0151, -0.0247,  0.1071, -0.0208, -0.0183,
         0.0547, -0.1663,  0.0010,  0.0941, -0.0967, -0.0052,  0.1196,  0.0588,
        -0.1092,  0.1134,  0.0611, -0.1567,  0.0464,  0.1988,  0.1815, -0.1016],
       device='cuda:0', requires_grad=True)

Parameter name: linear_1.weight
Shape: torch.Size([32, 32])
Values: Parameter containing:
tensor([[ 0.0964, -0.2207,  0.0078,  ...,  0.1122, -0.0027,  0.0695],
        [-0.1877, -0.0633,  0.2087,  ...,  0.2068,  0.0107,  0.0411],
        [ 0.1347, -0.0321, -0.2422,  ..., -0.1764, -0.0127,  0.2141],
        ...,
        [ 0.1439,  0.0875,  0.0227,  ...,  0.0452, -0.2291,  0.3423],
        [ 0.0533, -0.2299,  0.1586,  ...,  0.3376,  0.2747, -0.1242],
        [ 0.0174, -0.1378,  0.2910,  ...,  0.2743,  0.1489, -0.0534]],
       device='cuda:0', requires_grad=True)

Parameter name: linear_1.bias
Shape: torch.Size([32])
Values: Parameter containing:
tensor([ 0.1568,  0.1970, -0.0660, -0.1632,  0.0410, -0.0019, -0.1013,  0.0685,
         0.2220, -0.1752,  0.1381, -0.1675,  0.2496,  0.0720, -0.0571,  0.2223,
         0.0360, -0.1962,  0.0647,  0.0753, -0.0915,  0.0619, -0.2346,  0.2327,
         0.0158, -0.0523,  0.0832,  0.0060, -0.2029, -0.0781,  0.2118,  0.0627],
       device='cuda:0', requires_grad=True)

Parameter name: linear_2.weight
Shape: torch.Size([1, 32])
Values: Parameter containing:
tensor([[ 1.1302,  1.0576, -1.1177, -1.0954,  0.9652,  0.9817, -1.0326,  0.9466,
          1.0133, -1.0835, -0.9968,  0.9971,  0.9972,  1.0083,  1.0199,  0.9931,
         -1.1126, -1.1398,  0.9940,  0.9828, -1.0425, -1.0419, -1.1475,  0.9984,
          1.0851,  1.1195, -1.1191,  1.0965, -1.0358, -1.1390,  1.0420,  1.1166]],
       device='cuda:0', requires_grad=True)

Parameter name: linear_2.bias
Shape: torch.Size([1])
Values: Parameter containing:
tensor([0.8688], device='cuda:0', requires_grad=True)

