Parameter name: road_linear_0.weight
Shape: torch.Size([32, 16])
Values: Parameter containing:
tensor([[-0.3164,  0.4985,  0.0594, -0.0518,  0.3794,  0.2015,  0.4051,  0.1570,
          0.3745,  0.1913,  0.1100, -0.3222, -0.4116, -0.2889,  0.3823,  0.0964],
        [-0.1167, -0.1408,  0.0582, -0.1206,  0.1549,  0.2257,  0.0571,  0.3544,
          0.7235, -0.0361,  0.2651, -0.4608,  0.0541,  0.1074,  0.6961,  0.0628],
        [ 0.1640, -0.2345,  0.3581, -0.1089, -0.3647, -0.3551, -0.2308, -0.6368,
         -0.1867, -0.0559,  0.1195,  0.1640,  0.6503,  0.3036, -0.1214,  0.2783],
        [ 0.0654, -0.1279, -0.1301,  0.0806, -0.1577, -0.1378, -0.0022, -0.2487,
         -0.7037, -0.1885, -0.1884,  0.4938,  0.1970, -0.3361, -0.4476, -0.0413],
        [ 0.0679,  0.2838,  0.0167, -0.1534,  0.2965,  0.0437, -0.0502,  0.4992,
          0.4433,  0.1036,  0.3050, -0.2998,  0.0205, -0.0605,  0.5295, -0.0018],
        [-0.0974,  0.5308, -0.3409,  0.3867,  0.5730, -0.0061,  0.4271,  0.1599,
          0.3943,  0.1975, -0.2970, -0.2585, -0.4062,  0.1487,  0.4720, -0.0950],
        [ 0.2086, -0.0434,  0.2224, -0.0549, -0.2203, -0.1569, -0.1014, -0.4095,
         -0.5477,  0.1541, -0.0933,  0.2177, -0.0727,  0.0366, -0.5114, -0.0020],
        [-0.2023,  0.0482,  0.1829, -0.2282, -0.5176, -0.2361, -0.0276, -0.4454,
         -0.4733, -0.0518, -0.1170,  0.2042,  0.2753, -0.2628, -0.3046,  0.2109],
        [-0.1068,  0.0604,  0.1371, -0.1298, -0.2859, -0.2993, -0.0625, -0.3280,
         -0.3349, -0.1399, -0.2693,  0.2930, -0.1047,  0.0065, -0.6724, -0.0488],
        [-0.1470,  0.1044,  0.0664, -0.1272,  0.2429,  0.1254, -0.0426,  0.4446,
          0.6127, -0.1714,  0.3091, -0.1988, -0.2155,  0.0712,  0.4846, -0.0588],
        [-0.2715,  0.4488,  0.0651, -0.1197,  0.1785,  0.3788,  0.2374,  0.3115,
          0.6181,  0.1334,  0.0661, -0.1771, -0.2666,  0.2358,  0.1931, -0.2364],
        [ 0.0272,  0.1111,  0.1567, -0.0419,  0.3677,  0.0563,  0.2586,  0.3507,
          0.4914,  0.1700,  0.3553, -0.1328, -0.3932, -0.0667,  0.3451, -0.0518],
        [ 0.2101, -0.0397,  0.0104, -0.0771, -0.2868,  0.0345, -0.0509, -0.5216,
         -0.6425,  0.0375, -0.0966,  0.2054, -0.0456,  0.0335, -0.4744, -0.0824],
        [ 0.0467,  0.1783,  0.1856,  0.1180, -0.4707,  0.0101,  0.0663, -0.2694,
         -0.5666,  0.0184, -0.2904,  0.2932,  0.0617, -0.1095, -0.6504,  0.0805],
        [-0.2172, -0.0900,  0.1062, -0.1646,  0.5557,  0.3627, -0.0174,  0.3211,
          0.3132,  0.0049,  0.1908, -0.5084, -0.0321,  0.0528,  0.3447, -0.0106],
        [-0.1351, -0.3507,  0.0941,  0.1315, -0.4963, -0.0274, -0.1915, -0.4904,
         -0.4473,  0.0522, -0.0323,  0.5756,  0.1721, -0.1427, -0.1235,  0.0234],
        [ 0.0990,  0.0908, -0.0211, -0.1840, -0.4740,  0.0233,  0.0559, -0.1665,
         -0.6544,  0.0254,  0.0501,  0.4424,  0.2713,  0.0524, -0.3938, -0.2277],
        [-0.2184,  0.2795, -0.1256,  0.0503,  0.2951,  0.2547,  0.3153,  0.4117,
          0.2549,  0.1763, -0.0778, -0.3618, -0.2335, -0.0947,  0.3824, -0.0809],
        [ 0.2675, -0.3298,  0.0806, -0.2327, -0.4547, -0.3617, -0.4099, -0.1858,
         -0.5981, -0.0680,  0.1629,  0.1312,  0.4235,  0.1986, -0.1669,  0.1651],
        [ 0.4209, -0.3172,  0.2149, -0.0492, -0.6072, -0.2327, -0.5012, -0.2016,
         -0.2549, -0.2308,  0.0854,  0.4583,  0.1502,  0.0639, -0.2064,  0.1804],
        [-0.0601,  0.2506,  0.1017, -0.1762,  0.3803, -0.0608,  0.2789,  0.4989,
          0.3481, -0.0686, -0.0558, -0.3496, -0.1691, -0.0618,  0.4734, -0.1356],
        [-0.0194,  0.0346,  0.0558,  0.3142,  0.2969,  0.1062,  0.2492,  0.1928,
          0.3737,  0.1546,  0.3080, -0.5226, -0.2914, -0.2669,  0.2158,  0.1300],
        [ 0.4010, -0.3692, -0.0080, -0.1122, -0.2526, -0.3762, -0.4216, -0.4310,
         -0.4478, -0.1076,  0.2805,  0.4103,  0.1160,  0.2634, -0.0825,  0.1929],
        [ 0.0215,  0.0673,  0.1112, -0.1943, -0.3065, -0.0847, -0.0259, -0.4116,
         -0.5676, -0.1025, -0.1846,  0.4479,  0.1798, -0.1106, -0.3944, -0.1860],
        [ 0.0454, -0.3558, -0.0137,  0.0069, -0.0833, -0.1962,  0.1427, -0.3448,
         -0.7002,  0.2391,  0.1071,  0.1597, -0.0064,  0.0629, -0.5552,  0.1832],
        [-0.1269, -0.1241, -0.1037,  0.2137, -0.3184, -0.1703,  0.0678, -0.4940,
         -0.4450, -0.1640, -0.3683,  0.2068,  0.1172,  0.1428, -0.5973, -0.0740],
        [ 0.3747, -0.2157,  0.3050, -0.3394, -0.4626, -0.1301, -0.5976, -0.2672,
         -0.5946, -0.0106,  0.2289,  0.3007,  0.4963,  0.3218, -0.1109,  0.3432],
        [-0.2127,  0.2599,  0.1634,  0.1054,  0.5223, -0.0106,  0.3243,  0.3626,
          0.2152, -0.0392,  0.2819, -0.4504, -0.2513, -0.0684,  0.2211, -0.0024],
        [ 0.1833, -0.1507, -0.0151, -0.0179, -0.4736, -0.2275, -0.0927, -0.5057,
         -0.2349,  0.0280, -0.0287,  0.3031,  0.3904,  0.1601, -0.1759,  0.1411],
        [-0.3463,  0.3758, -0.2879,  0.2359,  0.1783,  0.1569,  0.5047,  0.5014,
          0.5298,  0.2132,  0.0537, -0.2629, -0.1433,  0.0699,  0.2735, -0.2361],
        [-0.2995,  0.2449,  0.0328, -0.0481,  0.4437,  0.3629,  0.4780,  0.1791,
          0.4244,  0.2604, -0.3394, -0.2100, -0.5155, -0.2061,  0.2050, -0.2037],
        [-0.1121, -0.0697,  0.0679,  0.0738, -0.1274, -0.2482, -0.3086, -0.5309,
         -0.5671, -0.0966,  0.0058,  0.1380, -0.0510,  0.0688, -0.4963,  0.0412]],
       device='cuda:0', requires_grad=True)

Parameter name: road_linear_0.bias
Shape: torch.Size([32])
Values: Parameter containing:
tensor([-0.1148,  0.1394,  0.2062, -0.2086,  0.1742, -0.1695, -0.0146,  0.1329,
        -0.1232,  0.1311, -0.0552,  0.1042, -0.0347, -0.0883,  0.1439, -0.0308,
        -0.1662, -0.0795,  0.2187,  0.1414,  0.0885, -0.1023,  0.1106, -0.1014,
        -0.2098, -0.0311,  0.2484,  0.0550, -0.0063, -0.2686, -0.0930, -0.0518],
       device='cuda:0', requires_grad=True)

Parameter name: road_linear_1.weight
Shape: torch.Size([1, 32])
Values: Parameter containing:
tensor([[ 0.5264,  0.6693, -0.4547, -0.5751,  0.6475,  0.6200, -0.5886, -0.6582,
         -0.5936,  0.7042,  0.5170,  0.6833, -0.5903, -0.7485,  0.6048, -0.5843,
         -0.6115,  0.5901, -0.4270, -0.4627,  0.7363,  0.5146, -0.5743, -0.6792,
         -0.6426, -0.6748, -0.5288,  0.6462, -0.6009,  0.6432,  0.4817, -0.5165]],
       device='cuda:0', requires_grad=True)

Parameter name: linear_0.weight
Shape: torch.Size([32, 39])
Values: Parameter containing:
tensor([[-0.0230,  0.1007,  0.0537,  ...,  0.1934, -0.5363, -0.1137],
        [-0.1391, -0.0354,  0.1400,  ...,  0.0538, -0.4939,  0.0871],
        [ 0.0278, -0.0405,  0.0224,  ...,  0.0643,  0.4918,  0.0345],
        ...,
        [ 0.1397, -0.1574, -0.0411,  ..., -0.1694,  0.2060, -0.1180],
        [ 0.1126, -0.2142, -0.0744,  ..., -0.2304,  0.3566,  0.1557],
        [-0.2182,  0.1817,  0.0694,  ...,  0.0824, -0.4790, -0.0509]],
       device='cuda:0', requires_grad=True)

Parameter name: linear_0.bias
Shape: torch.Size([32])
Values: Parameter containing:
tensor([ 0.0853,  0.0278, -0.0615, -0.1359, -0.0848,  0.0416, -0.0840,  0.0709,
        -0.0390,  0.0478,  0.0508,  0.0169, -0.0250,  0.1060, -0.0224, -0.0169,
         0.0528, -0.1658, -0.0011,  0.0930, -0.0941, -0.0025,  0.1189,  0.0552,
        -0.1098,  0.1129,  0.0598, -0.1529,  0.0455,  0.1979,  0.1816, -0.1035],
       device='cuda:0', requires_grad=True)

Parameter name: linear_1.weight
Shape: torch.Size([32, 32])
Values: Parameter containing:
tensor([[ 0.0938, -0.2180,  0.0020,  ...,  0.1090, -0.0029,  0.0643],
        [-0.1897, -0.0612,  0.2031,  ...,  0.2042,  0.0111,  0.0366],
        [ 0.1316, -0.0296, -0.2421,  ..., -0.1786, -0.0163,  0.2116],
        ...,
        [ 0.1387,  0.0900,  0.0237,  ...,  0.0423, -0.2292,  0.3303],
        [ 0.0485, -0.2244,  0.1499,  ...,  0.3320,  0.2716, -0.1314],
        [ 0.0154, -0.1359,  0.2860,  ...,  0.2719,  0.1498, -0.0583]],
       device='cuda:0', requires_grad=True)

Parameter name: linear_1.bias
Shape: torch.Size([32])
Values: Parameter containing:
tensor([ 0.1537,  0.1945, -0.0681, -0.1595,  0.0407, -0.0030, -0.1000,  0.0627,
         0.2168, -0.1773,  0.1359, -0.1843,  0.2447,  0.0729, -0.0616,  0.2171,
         0.0141, -0.1948,  0.0656,  0.0719, -0.0873,  0.0622, -0.2369,  0.2308,
         0.0139, -0.0822,  0.0808,  0.0096, -0.1999, -0.0815,  0.2065,  0.0603],
       device='cuda:0', requires_grad=True)

Parameter name: linear_2.weight
Shape: torch.Size([1, 32])
Values: Parameter containing:
tensor([[ 1.0825,  1.0095, -1.0691, -1.0478,  0.9166,  0.9333, -0.9843,  0.8996,
          0.9661, -1.0347, -0.9474,  0.9510,  0.9496,  0.9597,  0.9727,  0.9462,
         -1.0649, -1.0916,  0.9454,  0.9350, -0.9949, -0.9935, -1.0985,  0.9503,
          1.0369,  1.0727, -1.0700,  1.0479, -0.9878, -1.0898,  0.9951,  1.0686]],
       device='cuda:0', requires_grad=True)

Parameter name: linear_2.bias
Shape: torch.Size([1])
Values: Parameter containing:
tensor([0.8222], device='cuda:0', requires_grad=True)

