Parameter name: road_linear_0.weight
Shape: torch.Size([32, 16])
Values: Parameter containing:
tensor([[-3.1576e-01,  5.0946e-01,  5.9494e-02, -5.7438e-02,  4.0326e-01,
          2.0837e-01,  4.1737e-01,  1.8401e-01,  3.6219e-01,  1.9779e-01,
          1.3274e-01, -3.4085e-01, -4.0121e-01, -2.7385e-01,  3.7325e-01,
          1.0447e-01],
        [-9.8583e-02, -1.4948e-01,  7.5501e-02, -1.3844e-01,  1.5492e-01,
          2.1339e-01,  4.0269e-02,  3.6947e-01,  7.2554e-01, -4.4531e-02,
          2.9839e-01, -4.6877e-01,  8.1563e-02,  1.2934e-01,  7.0507e-01,
          8.3280e-02],
        [ 1.7042e-01, -2.4786e-01,  3.6864e-01, -1.1189e-01, -4.0721e-01,
         -3.7219e-01, -2.5958e-01, -6.6810e-01, -1.8361e-01, -6.9367e-02,
          9.7636e-02,  1.8641e-01,  6.4745e-01,  2.9259e-01, -1.1534e-01,
          2.7699e-01],
        [ 4.8007e-02, -1.2034e-01, -1.4697e-01,  9.8511e-02, -1.5823e-01,
         -1.2594e-01,  1.3614e-02, -2.6538e-01, -7.0581e-01, -1.8064e-01,
         -2.2116e-01,  5.0341e-01,  1.7001e-01, -3.5769e-01, -4.5658e-01,
         -6.1496e-02],
        [ 8.5740e-02,  2.7454e-01,  3.2694e-02, -1.7055e-01,  2.9679e-01,
          3.3142e-02, -6.4753e-02,  5.1437e-01,  4.4619e-01,  9.5215e-02,
          3.3686e-01, -3.0598e-01,  4.6981e-02, -3.9099e-02,  5.3523e-01,
          1.8212e-02],
        [-1.0467e-01,  5.4432e-01, -3.5102e-01,  3.8946e-01,  6.0845e-01,
          7.3425e-03,  4.5258e-01,  1.8785e-01,  3.8797e-01,  2.1080e-01,
         -2.7775e-01, -2.7911e-01, -4.0288e-01,  1.5821e-01,  4.6298e-01,
         -9.4110e-02],
        [ 1.9263e-01, -3.9788e-02,  2.0661e-01, -3.7779e-02, -2.2172e-01,
         -1.4398e-01, -8.8556e-02, -4.2627e-01, -5.4388e-01,  1.5958e-01,
         -1.2612e-01,  2.2753e-01, -1.0044e-01,  1.5033e-02, -5.1361e-01,
         -2.1231e-02],
        [-2.1319e-01,  4.5992e-02,  1.7033e-01, -2.1338e-01, -5.2136e-01,
         -2.2521e-01, -1.9218e-02, -4.6331e-01, -4.6596e-01, -5.0135e-02,
         -1.4598e-01,  2.1711e-01,  2.5211e-01, -2.8088e-01, -3.0522e-01,
          1.9515e-01],
        [-1.2417e-01,  6.5976e-02,  1.2002e-01, -1.1158e-01, -2.8868e-01,
         -2.8740e-01, -4.6877e-02, -3.4674e-01, -3.3795e-01, -1.3252e-01,
         -3.0343e-01,  3.0561e-01, -1.3222e-01, -1.5347e-02, -6.8263e-01,
         -6.9153e-02],
        [-1.2980e-01,  9.7054e-02,  8.3422e-02, -1.4531e-01,  2.4233e-01,
          1.1263e-01, -5.8512e-02,  4.6026e-01,  6.1357e-01, -1.7939e-01,
          3.4097e-01, -2.0721e-01, -1.8875e-01,  9.2617e-02,  4.9304e-01,
         -3.8690e-02],
        [-2.6825e-01,  4.5856e-01,  7.1157e-02, -1.3011e-01,  1.9235e-01,
          3.7627e-01,  2.4071e-01,  3.3446e-01,  6.0449e-01,  1.3763e-01,
          9.0216e-02, -1.9395e-01, -2.5131e-01,  2.5101e-01,  1.8731e-01,
         -2.2573e-01],
        [ 4.0630e-02,  1.0952e-01,  1.7109e-01, -5.8231e-02,  3.7029e-01,
          4.5445e-02,  2.4688e-01,  3.6885e-01,  4.8842e-01,  1.6575e-01,
          3.8581e-01, -1.4503e-01, -3.6832e-01, -4.7183e-02,  3.4973e-01,
         -3.4254e-02],
        [ 1.9166e-01, -3.2377e-02, -7.2373e-03, -5.8526e-02, -2.8580e-01,
          4.8415e-02, -3.5387e-02, -5.3711e-01, -6.4059e-01,  4.5251e-02,
         -1.3038e-01,  2.1262e-01, -7.4657e-02,  1.0658e-02, -4.7821e-01,
         -1.0342e-01],
        [ 2.9504e-02,  1.8534e-01,  1.6875e-01,  1.3592e-01, -4.7218e-01,
          2.1687e-02,  8.2110e-02, -2.8659e-01, -5.6963e-01,  2.6382e-02,
         -3.2283e-01,  3.0374e-01,  3.5352e-02, -1.3098e-01, -6.6093e-01,
          6.0417e-02],
        [-2.0019e-01, -9.6362e-02,  1.2261e-01, -1.8219e-01,  5.5616e-01,
          3.5021e-01, -3.2297e-02,  3.3746e-01,  3.1389e-01, -2.3109e-03,
          2.2321e-01, -5.1764e-01, -5.0953e-03,  7.3946e-02,  3.5151e-01,
          9.1967e-03],
        [-1.4591e-01, -3.5144e-01,  8.2115e-02,  1.4592e-01, -4.9748e-01,
         -1.6515e-02, -1.8372e-01, -5.0667e-01, -4.3710e-01,  5.4024e-02,
         -5.9598e-02,  5.8525e-01,  1.4944e-01, -1.6046e-01, -1.1953e-01,
          7.9805e-03],
        [ 8.1315e-02,  9.7610e-02, -3.7669e-02, -1.6613e-01, -4.7635e-01,
          3.4857e-02,  7.1224e-02, -1.8428e-01, -6.5748e-01,  3.2855e-02,
          1.5686e-02,  4.5396e-01,  2.4275e-01,  3.0135e-02, -4.0216e-01,
         -2.4814e-01],
        [-2.2080e-01,  2.9306e-01, -1.2647e-01,  4.5368e-02,  3.1890e-01,
          2.5956e-01,  3.2913e-01,  4.3725e-01,  2.4109e-01,  1.8523e-01,
         -5.7029e-02, -3.8090e-01, -2.2438e-01, -8.2243e-02,  3.7367e-01,
         -7.4769e-02],
        [ 2.7597e-01, -3.4366e-01,  9.3912e-02, -2.3751e-01, -4.9646e-01,
         -3.7981e-01, -4.4086e-01, -2.1617e-01, -5.9557e-01, -8.2655e-02,
          1.4224e-01,  1.5288e-01,  4.2253e-01,  1.8998e-01, -1.5873e-01,
          1.6569e-01],
        [ 4.2657e-01, -3.3018e-01,  2.2297e-01, -5.0185e-02, -6.4899e-01,
         -2.4686e-01, -5.2705e-01, -2.3308e-01, -2.5251e-01, -2.4319e-01,
          6.3751e-02,  4.8113e-01,  1.4737e-01,  5.2267e-02, -2.0358e-01,
          1.7769e-01],
        [-4.8744e-02,  2.5053e-01,  1.1382e-01, -1.9073e-01,  3.8086e-01,
         -7.1668e-02,  2.7135e-01,  5.1436e-01,  3.3659e-01, -7.1029e-02,
         -2.8567e-02, -3.5704e-01, -1.4609e-01, -4.3366e-02,  4.6671e-01,
         -1.1984e-01],
        [-1.2772e-02,  4.1986e-02,  6.4564e-02,  3.0155e-01,  3.1387e-01,
          1.0501e-01,  2.4906e-01,  2.1806e-01,  3.6856e-01,  1.5598e-01,
          3.3554e-01, -5.4152e-01, -2.7539e-01, -2.4953e-01,  2.1774e-01,
          1.4336e-01],
        [ 4.0655e-01, -3.8180e-01,  4.5067e-04, -1.1353e-01, -2.9194e-01,
         -3.9047e-01, -4.4707e-01, -4.6059e-01, -4.4401e-01, -1.1991e-01,
          2.5973e-01,  4.3160e-01,  1.1279e-01,  2.5237e-01, -7.7084e-02,
          1.9057e-01],
        [ 4.3620e-03,  7.3194e-02,  9.4532e-02, -1.7663e-01, -3.0684e-01,
         -7.1441e-02, -1.0475e-02, -4.2807e-01, -5.6744e-01, -9.5619e-02,
         -2.1774e-01,  4.5823e-01,  1.5170e-01, -1.3209e-01, -4.0124e-01,
         -2.0583e-01],
        [ 2.7405e-02, -3.4858e-01, -3.0774e-02,  2.5057e-02, -8.3395e-02,
         -1.8307e-01,  1.5839e-01, -3.6093e-01, -7.0069e-01,  2.4697e-01,
          7.3415e-02,  1.6893e-01, -3.5106e-02,  4.0425e-02, -5.6181e-01,
          1.6260e-01],
        [-1.4635e-01, -1.1235e-01, -1.2092e-01,  2.3177e-01, -3.1581e-01,
         -1.5845e-01,  8.3735e-02, -5.0588e-01, -4.4772e-01, -1.5386e-01,
         -4.0005e-01,  2.0804e-01,  8.9723e-02,  1.2058e-01, -6.0062e-01,
         -9.5045e-02],
        [ 3.8334e-01, -2.2544e-01,  3.2519e-01, -3.5222e-01, -5.1152e-01,
         -1.5221e-01, -6.3515e-01, -2.9946e-01, -6.0393e-01, -2.6092e-02,
          2.0723e-01,  3.2102e-01,  4.9981e-01,  3.1453e-01, -1.0615e-01,
          3.4786e-01],
        [-2.0674e-01,  2.6673e-01,  1.7185e-01,  9.3286e-02,  5.3185e-01,
         -1.5520e-02,  3.2253e-01,  3.8356e-01,  2.0570e-01, -3.7676e-02,
          3.0660e-01, -4.6626e-01, -2.3459e-01, -5.3054e-02,  2.1968e-01,
          9.9025e-03],
        [ 1.8136e-01, -1.6189e-01, -2.0725e-02, -7.8024e-03, -4.8738e-01,
         -2.2407e-01, -9.6126e-02, -5.2813e-01, -2.2130e-01,  2.2886e-02,
         -5.1965e-02,  3.2070e-01,  3.7588e-01,  1.4615e-01, -1.7140e-01,
          1.3132e-01],
        [-3.4999e-01,  3.8730e-01, -2.9506e-01,  2.3659e-01,  2.1368e-01,
          1.7002e-01,  5.2712e-01,  5.2928e-01,  5.2373e-01,  2.2389e-01,
          7.4241e-02, -2.8273e-01, -1.3860e-01,  8.1808e-02,  2.6616e-01,
         -2.3255e-01],
        [-3.0677e-01,  2.5823e-01,  2.1250e-02, -4.4545e-02,  4.8609e-01,
          3.8050e-01,  5.0721e-01,  2.1052e-01,  4.2280e-01,  2.7404e-01,
         -3.1794e-01, -2.3225e-01, -5.1366e-01, -1.9619e-01,  1.9862e-01,
         -2.0314e-01],
        [-1.2715e-01, -6.6986e-02,  5.2563e-02,  9.0646e-02, -1.2773e-01,
         -2.3422e-01, -2.9597e-01, -5.4729e-01, -5.6128e-01, -9.1998e-02,
         -2.6690e-02,  1.4795e-01, -7.9061e-02,  4.7888e-02, -4.9755e-01,
          2.2627e-02]], device='cuda:0', requires_grad=True)

Parameter name: road_linear_0.bias
Shape: torch.Size([32])
Values: Parameter containing:
tensor([-0.1016,  0.1644,  0.1918, -0.2358,  0.2041, -0.1571, -0.0385,  0.1220,
        -0.1522,  0.1547, -0.0500,  0.1209, -0.0631, -0.1157,  0.1721, -0.0423,
        -0.1951, -0.0732,  0.2047,  0.1290,  0.1015, -0.0919,  0.0975, -0.1263,
        -0.2380, -0.0595,  0.2307,  0.0605, -0.0072, -0.2533, -0.0793, -0.0710],
       device='cuda:0', requires_grad=True)

Parameter name: road_linear_1.weight
Shape: torch.Size([1, 32])
Values: Parameter containing:
tensor([[ 0.5422,  0.6992, -0.4671, -0.6090,  0.6835,  0.6306, -0.6148, -0.6810,
         -0.6303,  0.7344,  0.5375,  0.7138, -0.6218, -0.7816,  0.6391, -0.6129,
         -0.6381,  0.6070, -0.4354, -0.4780,  0.7617,  0.5356, -0.5872, -0.7118,
         -0.6665, -0.7085, -0.5382,  0.6728, -0.6205,  0.6584,  0.4909, -0.5427]],
       device='cuda:0', requires_grad=True)

Parameter name: linear_0.weight
Shape: torch.Size([32, 39])
Values: Parameter containing:
tensor([[-0.0236,  0.1035,  0.0527,  ...,  0.1985, -0.5813, -0.1137],
        [-0.1396, -0.0356,  0.1411,  ...,  0.0528, -0.5148,  0.0871],
        [ 0.0279, -0.0396,  0.0215,  ...,  0.0648,  0.5311,  0.0345],
        ...,
        [ 0.1387, -0.1547, -0.0414,  ..., -0.1690,  0.2303, -0.1180],
        [ 0.1117, -0.2127, -0.0740,  ..., -0.2310,  0.3875,  0.1557],
        [-0.2213,  0.1888,  0.0696,  ...,  0.0843, -0.5083, -0.0509]],
       device='cuda:0', requires_grad=True)

Parameter name: linear_0.bias
Shape: torch.Size([32])
Values: Parameter containing:
tensor([ 8.6998e-02,  2.6749e-02, -6.0674e-02, -1.3381e-01, -8.5732e-02,
         4.2779e-02, -8.3269e-02,  7.1133e-02, -3.9958e-02,  4.7863e-02,
         5.2594e-02,  1.4655e-02, -2.4484e-02,  1.0685e-01, -2.0990e-02,
        -1.8004e-02,  5.4980e-02, -1.6623e-01,  8.7311e-05,  9.3750e-02,
        -9.6305e-02, -5.1821e-03,  1.1951e-01,  5.8922e-02, -1.0883e-01,
         1.1346e-01,  6.1112e-02, -1.5679e-01,  4.6105e-02,  1.9834e-01,
         1.8121e-01, -1.0242e-01], device='cuda:0', requires_grad=True)

Parameter name: linear_1.weight
Shape: torch.Size([32, 32])
Values: Parameter containing:
tensor([[ 0.0963, -0.2208,  0.0087,  ...,  0.1124, -0.0028,  0.0695],
        [-0.1879, -0.0634,  0.2096,  ...,  0.2069,  0.0106,  0.0408],
        [ 0.1359, -0.0329, -0.2420,  ..., -0.1757, -0.0125,  0.2163],
        ...,
        [ 0.1444,  0.0882,  0.0212,  ...,  0.0448, -0.2309,  0.3458],
        [ 0.0537, -0.2305,  0.1600,  ...,  0.3382,  0.2749, -0.1236],
        [ 0.0171, -0.1377,  0.2916,  ...,  0.2743,  0.1487, -0.0537]],
       device='cuda:0', requires_grad=True)

Parameter name: linear_1.bias
Shape: torch.Size([32])
Values: Parameter containing:
tensor([ 0.1569,  0.1970, -0.0651, -0.1633,  0.0407, -0.0021, -0.1011,  0.0691,
         0.2225, -0.1746,  0.1359, -0.1602,  0.2499,  0.0714, -0.0567,  0.2228,
         0.0347, -0.1959,  0.0640,  0.0754, -0.0918,  0.0624, -0.2343,  0.2325,
         0.0157, -0.0423,  0.0832,  0.0047, -0.2029, -0.0781,  0.2124,  0.0626],
       device='cuda:0', requires_grad=True)

Parameter name: linear_2.weight
Shape: torch.Size([1, 32])
Values: Parameter containing:
tensor([[ 1.1388,  1.0662, -1.1266, -1.1039,  0.9739,  0.9905, -1.0413,  0.9550,
          1.0217, -1.0924, -1.0059,  1.0053,  1.0057,  1.0171,  1.0283,  1.0015,
         -1.1207, -1.1484,  1.0028,  0.9914, -1.0510, -1.0506, -1.1564,  1.0071,
          1.0938,  1.1280, -1.1281,  1.1053, -1.0443, -1.1480,  1.0503,  1.1252]],
       device='cuda:0', requires_grad=True)

Parameter name: linear_2.bias
Shape: torch.Size([1])
Values: Parameter containing:
tensor([0.8771], device='cuda:0', requires_grad=True)

