Parameter name: road_linear_0.weight
Shape: torch.Size([32, 16])
Values: Parameter containing:
tensor([[-0.2531,  0.4503,  0.1025, -0.0850,  0.2929,  0.1601,  0.3390,  0.0999,
          0.3271,  0.1581,  0.1106, -0.2593, -0.3660, -0.2565,  0.3800,  0.1435],
        [-0.1267, -0.1280,  0.0312, -0.1012,  0.0721,  0.2173,  0.0927,  0.2526,
          0.5467, -0.0063,  0.2042, -0.3368,  0.0464,  0.0834,  0.5698,  0.0434],
        [ 0.0381, -0.1357,  0.2846, -0.0641, -0.2395, -0.3083, -0.1004, -0.5526,
         -0.1338,  0.0092,  0.0578,  0.0676,  0.5132,  0.2260, -0.0786,  0.1953],
        [ 0.0974, -0.1757, -0.0894,  0.0516, -0.1086, -0.1408, -0.0535, -0.1660,
         -0.5293, -0.2324, -0.1095,  0.4038,  0.2370, -0.2956, -0.3344, -0.0092],
        [ 0.0293,  0.3449, -0.0263, -0.1250,  0.2613,  0.0454,  0.0037,  0.4302,
          0.2833,  0.1518,  0.2215, -0.2326, -0.0297, -0.1054,  0.4297, -0.0354],
        [ 0.0123,  0.4498, -0.2694,  0.3388,  0.4692, -0.0482,  0.3150,  0.0888,
          0.3739,  0.1367, -0.2589, -0.1837, -0.3163,  0.2110,  0.4662, -0.0190],
        [ 0.2326, -0.0720,  0.2570, -0.0789, -0.1659, -0.1644, -0.1390, -0.3402,
         -0.3962,  0.1190, -0.0193,  0.1407, -0.0431,  0.0715, -0.4290,  0.0218],
        [-0.1923,  0.0474,  0.2121, -0.2502, -0.4575, -0.2514, -0.0550, -0.3770,
         -0.3430, -0.0780, -0.0566,  0.1223,  0.2883, -0.2367, -0.2291,  0.2271],
        [-0.0792,  0.0351,  0.1803, -0.1631, -0.2140, -0.3089, -0.1134, -0.2315,
         -0.1548, -0.1835, -0.1919,  0.1787, -0.0788,  0.0464, -0.5524, -0.0164],
        [-0.1724,  0.1424,  0.0303, -0.1019,  0.1864,  0.1252,  0.0028,  0.3576,
          0.4426, -0.1333,  0.2370, -0.1021, -0.2469,  0.0363,  0.3700, -0.0861],
        [-0.2476,  0.4199,  0.0644, -0.1181,  0.1060,  0.3742,  0.2249,  0.2468,
          0.5228,  0.1346,  0.0370, -0.0999, -0.2468,  0.2362,  0.1423, -0.2254],
        [ 0.0083,  0.1262,  0.1202, -0.0137,  0.3047,  0.0686,  0.2976,  0.2671,
          0.3377,  0.2062,  0.2872, -0.0364, -0.4150, -0.1004,  0.2464, -0.0758],
        [ 0.2462, -0.0962,  0.0493, -0.1015, -0.2486,  0.0303, -0.0978, -0.4632,
         -0.4943, -0.0043, -0.0127,  0.1479,  0.0021,  0.0761, -0.3966, -0.0529],
        [ 0.0732,  0.1415,  0.2235,  0.0906, -0.4080,  0.0113,  0.0193, -0.1779,
         -0.3907, -0.0211, -0.2159,  0.1884,  0.0919, -0.0729, -0.5317,  0.1097],
        [-0.2455, -0.0549,  0.0661, -0.1356,  0.4985,  0.3719,  0.0314,  0.2370,
          0.1450,  0.0463,  0.1152, -0.4123, -0.0648,  0.0144,  0.2367, -0.0404],
        [-0.1233, -0.3845,  0.1109,  0.1255, -0.4590, -0.0245, -0.2113, -0.4497,
         -0.3467,  0.0319,  0.0289,  0.5331,  0.2045, -0.1208, -0.0868,  0.0309],
        [ 0.1327,  0.0521,  0.0259, -0.2201, -0.4194,  0.0116,  0.0022, -0.0785,
         -0.4732, -0.0222,  0.1342,  0.3431,  0.3091,  0.0972, -0.2814, -0.1924],
        [-0.1560,  0.2217, -0.0933,  0.0289,  0.2165,  0.2379,  0.2564,  0.3582,
          0.2119,  0.1477, -0.0728, -0.2957, -0.1824, -0.0646,  0.3677, -0.0408],
        [ 0.1540, -0.2301,  0.0294, -0.2078, -0.3352, -0.3301, -0.3042, -0.0929,
         -0.5389, -0.0174,  0.1120,  0.0267,  0.2906,  0.1357, -0.1078,  0.0964],
        [ 0.3116, -0.2305,  0.1565, -0.0141, -0.4711, -0.1902, -0.3894, -0.1056,
         -0.1922, -0.1785,  0.0443,  0.3601,  0.0371,  0.0096, -0.1478,  0.1120],
        [-0.0725,  0.2888,  0.0879, -0.1729,  0.3539, -0.0631,  0.2960,  0.4706,
          0.2644, -0.0505, -0.1168, -0.3241, -0.2081, -0.0828,  0.4602, -0.1420],
        [-0.0064,  0.0049,  0.0413,  0.3277,  0.1939,  0.0934,  0.2505,  0.1006,
          0.2398,  0.1692,  0.2646, -0.4200, -0.2654, -0.2805,  0.1278,  0.1290],
        [ 0.2952, -0.2802, -0.0613, -0.0819, -0.1333, -0.3449, -0.3171, -0.3467,
         -0.3940, -0.0578,  0.2370,  0.3173,  0.0019,  0.2069, -0.0336,  0.1272],
        [ 0.0585,  0.0239,  0.1575, -0.2282, -0.2652, -0.1028, -0.0798, -0.3397,
         -0.4054, -0.1498, -0.1003,  0.3696,  0.2247, -0.0647, -0.2979, -0.1503],
        [ 0.0784, -0.4022,  0.0282, -0.0232, -0.0357, -0.2018,  0.0926, -0.2665,
         -0.5263,  0.1956,  0.1892,  0.0751,  0.0349,  0.1048, -0.4530,  0.2153],
        [-0.0802, -0.1954, -0.0554,  0.1821, -0.3017, -0.1776,  0.0072, -0.4389,
         -0.2939, -0.2178, -0.2802,  0.1643,  0.1791,  0.1935, -0.5035, -0.0355],
        [ 0.2281, -0.1301,  0.2115, -0.2816, -0.3081, -0.0598, -0.4360, -0.1481,
         -0.5062,  0.0630,  0.1536,  0.1916,  0.3318,  0.2261, -0.0391,  0.2381],
        [-0.2069,  0.2545,  0.1509,  0.1134,  0.4513, -0.0158,  0.3318,  0.2941,
          0.1057, -0.0260,  0.2356, -0.3722, -0.2513, -0.0823,  0.1587, -0.0034],
        [ 0.1589, -0.1155, -0.0101, -0.0240, -0.4002, -0.2310, -0.0844, -0.4381,
         -0.1375,  0.0251, -0.0007,  0.2200,  0.3671,  0.1608, -0.1176,  0.1326],
        [-0.2444,  0.2962, -0.2235,  0.1917,  0.0692,  0.1160,  0.3978,  0.4344,
          0.4947,  0.1577,  0.0914, -0.1874, -0.0497,  0.1277,  0.2571, -0.1665],
        [-0.1863,  0.1471,  0.0869, -0.0758,  0.3193,  0.3262,  0.3706,  0.0836,
          0.3608,  0.2097, -0.2881, -0.1050, -0.3814, -0.1425,  0.1451, -0.1337],
        [-0.0908, -0.0921,  0.1039,  0.0475, -0.0775, -0.2641, -0.3476, -0.4599,
         -0.4140, -0.1323,  0.0764,  0.0565, -0.0232,  0.1025, -0.4092,  0.0652]],
       device='cuda:0', requires_grad=True)

Parameter name: road_linear_0.bias
Shape: torch.Size([32])
Values: Parameter containing:
tensor([-0.0943,  0.0933,  0.1093, -0.1142,  0.0646, -0.0924,  0.0641,  0.1386,
        -0.0647,  0.0496, -0.0217,  0.0808,  0.0914, -0.0043,  0.0629,  0.0469,
        -0.0999, -0.0143,  0.1110,  0.0594,  0.0021, -0.0718,  0.0162, -0.0213,
        -0.1120,  0.0807,  0.1840,  0.0453, -0.0618, -0.2017,  0.0119, -0.0081],
       device='cuda:0', requires_grad=True)

Parameter name: road_linear_1.weight
Shape: torch.Size([1, 32])
Values: Parameter containing:
tensor([[ 0.3595,  0.5058, -0.2967, -0.3945,  0.4712,  0.4743, -0.3875, -0.4725,
         -0.3909,  0.5285,  0.3375,  0.4880, -0.3892, -0.5544,  0.4167, -0.4161,
         -0.4073,  0.4274, -0.2794, -0.3189,  0.5593,  0.3482, -0.4236, -0.4842,
         -0.4423, -0.5088, -0.3809,  0.4728, -0.4270,  0.4865,  0.3367, -0.3290]],
       device='cuda:0', requires_grad=True)

Parameter name: linear_0.weight
Shape: torch.Size([32, 39])
Values: Parameter containing:
tensor([[-0.0345,  0.1098,  0.0655,  ...,  0.1527, -0.2376, -0.1137],
        [-0.1433, -0.0267,  0.1371,  ...,  0.0562, -0.2569,  0.0871],
        [ 0.0317, -0.0492,  0.0259,  ...,  0.0639,  0.2044,  0.0345],
        ...,
        [ 0.1446, -0.1709, -0.0356,  ..., -0.1766, -0.0365, -0.1180],
        [ 0.1223, -0.2290, -0.0762,  ..., -0.2276,  0.0922,  0.1557],
        [-0.2168,  0.1731,  0.0723,  ...,  0.0648, -0.2197, -0.0509]],
       device='cuda:0', requires_grad=True)

Parameter name: linear_0.bias
Shape: torch.Size([32])
Values: Parameter containing:
tensor([ 0.0742,  0.0329, -0.0673, -0.1406, -0.0802,  0.0465, -0.0905,  0.0674,
        -0.0377,  0.0487,  0.0408,  0.0186, -0.0221,  0.1011, -0.0302, -0.0137,
         0.0473, -0.1620, -0.0103,  0.0827, -0.0849,  0.0103,  0.1144,  0.0364,
        -0.1066,  0.1074,  0.0534, -0.1358,  0.0425,  0.1894,  0.1809, -0.1075],
       device='cuda:0', requires_grad=True)

Parameter name: linear_1.weight
Shape: torch.Size([32, 32])
Values: Parameter containing:
tensor([[ 0.0887, -0.1984, -0.0711,  ...,  0.0925, -0.0147,  0.0604],
        [-0.1946, -0.0441,  0.1364,  ...,  0.1897,  0.0011,  0.0336],
        [ 0.1233, -0.0330, -0.2005,  ..., -0.1782, -0.0159,  0.1979],
        ...,
        [ 0.1303,  0.0788,  0.0697,  ...,  0.0476, -0.2081,  0.2921],
        [ 0.0318, -0.1868,  0.0559,  ...,  0.2987,  0.2446, -0.1496],
        [ 0.0129, -0.1250,  0.2356,  ...,  0.2629,  0.1480, -0.0636]],
       device='cuda:0', requires_grad=True)

Parameter name: linear_1.bias
Shape: torch.Size([32])
Values: Parameter containing:
tensor([ 0.1374,  0.1802, -0.0674, -0.1424,  0.0326, -0.0144, -0.0907,  0.0292,
         0.1905, -0.1733,  0.1503, -0.1756,  0.2242,  0.0666, -0.0883,  0.1848,
        -0.0560, -0.1849,  0.0630,  0.0561, -0.0658,  0.0678, -0.2311,  0.2195,
         0.0013, -0.0829,  0.0868,  0.0141, -0.1834, -0.0814,  0.1737,  0.0495],
       device='cuda:0', requires_grad=True)

Parameter name: linear_2.weight
Shape: torch.Size([1, 32])
Values: Parameter containing:
tensor([[ 0.7027,  0.6274, -0.6838, -0.6699,  0.5302,  0.5473, -0.5999,  0.5269,
          0.5917, -0.6463, -0.5620,  0.5772,  0.5718,  0.5723,  0.5985,  0.5742,
         -0.6916, -0.7088,  0.5600,  0.5555, -0.6176, -0.6095, -0.7087,  0.5672,
          0.6534,  0.6983, -0.6807,  0.6650, -0.6067, -0.6996,  0.6235,  0.6878]],
       device='cuda:0', requires_grad=True)

Parameter name: linear_2.bias
Shape: torch.Size([1])
Values: Parameter containing:
tensor([0.4532], device='cuda:0', requires_grad=True)

