Parameter name: road_linear_0.weight
Shape: torch.Size([32, 16])
Values: Parameter containing:
tensor([[-5.2514e-02,  3.2336e-01,  2.4803e-01, -2.6885e-01,  7.6371e-02,
         -9.7813e-02,  1.5759e-01, -1.2437e-01, -5.0849e-02, -1.3248e-02,
          3.0546e-02, -6.7596e-02, -1.9582e-01, -1.2907e-01,  1.8486e-01,
          3.2172e-01],
        [-2.1005e-01, -3.5721e-01, -6.7280e-02, -4.4514e-02, -2.7646e-01,
          2.1549e-01,  4.3537e-03, -1.5415e-01,  1.6075e-01,  1.0037e-01,
          2.9479e-01,  6.4148e-02,  1.6960e-01, -6.1375e-02,  1.1795e-01,
         -5.5712e-02],
        [ 5.8514e-02,  2.4220e-01,  3.4899e-01, -9.2908e-02,  2.5084e-01,
         -3.1652e-01,  2.0356e-01, -1.0260e-01,  1.5322e-01, -3.9461e-02,
          1.6464e-02, -3.6691e-01,  1.3767e-01,  3.1200e-01,  2.2020e-01,
          2.3832e-01],
        [-7.4590e-02, -2.1307e-01, -2.5067e-01,  2.4961e-01, -6.5377e-02,
          1.4533e-01, -1.6382e-02, -6.2835e-02, -2.8113e-01, -7.0121e-02,
          5.5088e-02,  3.1559e-01,  1.8776e-01, -3.9857e-01, -1.8403e-01,
         -1.7882e-01],
        [-5.6259e-02,  7.3407e-02, -1.2830e-01, -6.4804e-02, -9.4715e-02,
          4.5901e-02, -1.8570e-01,  5.5379e-03, -5.9754e-02,  2.6189e-01,
          3.1651e-01,  1.6259e-01,  2.1668e-01, -2.5160e-01,  5.8046e-02,
         -1.2734e-01],
        [ 2.9837e-02,  1.0798e-01, -3.2425e-01,  3.6799e-01,  8.0076e-02,
         -5.6666e-02,  9.2929e-02, -3.3537e-01,  1.4428e-02,  1.8194e-01,
         -1.0516e-01,  2.3109e-01, -7.2454e-02,  1.0774e-01,  1.3464e-01,
         -5.3013e-02],
        [ 2.3771e-01,  2.1806e-01,  3.8633e-01, -9.6310e-02,  1.4590e-01,
         -1.9541e-01, -1.0839e-01,  7.3141e-02,  9.8741e-03,  6.0056e-02,
         -4.0161e-02, -2.5896e-01, -1.2039e-01,  2.5678e-01, -1.0279e-01,
          1.3949e-01],
        [-1.0225e-01,  3.3665e-01,  3.3830e-01, -3.2774e-01, -1.1641e-01,
         -2.8954e-01,  6.3012e-02,  9.9127e-03, -1.5889e-02, -1.8480e-01,
         -6.2333e-02, -2.5613e-01,  1.1286e-01, -5.3261e-02,  5.6167e-02,
          3.4690e-01],
        [-2.6153e-04,  3.2473e-01,  2.6558e-01, -2.1434e-01,  2.0901e-01,
         -3.1247e-01,  9.7391e-02,  2.0615e-01,  2.2384e-01, -2.8056e-01,
         -2.2651e-01, -2.6313e-01, -3.1572e-01,  1.8325e-01, -1.5729e-01,
          7.1787e-02],
        [-2.5529e-01, -1.2033e-01, -6.1853e-02, -4.6206e-02, -1.9389e-01,
          1.2100e-01, -2.1585e-01, -7.8290e-02,  7.9985e-02, -3.1267e-02,
          3.0275e-01,  3.1755e-01,  2.8626e-02, -9.6709e-02, -4.9094e-02,
         -1.7496e-01],
        [-3.2951e-01,  5.1333e-02, -3.2602e-02, -5.1805e-02, -3.4770e-01,
          3.9956e-01, -7.2709e-02, -2.1273e-01,  1.9083e-01,  2.3299e-01,
          1.1739e-01,  3.5114e-01,  1.1116e-01,  9.0988e-02, -2.3257e-01,
         -3.1121e-01],
        [-1.0719e-01, -1.7048e-01,  8.0830e-04,  7.3644e-02, -9.3917e-02,
          9.8390e-02,  3.9365e-02, -1.5724e-01,  8.9414e-02,  3.3613e-01,
          1.7299e-01,  3.7644e-01, -9.8345e-02, -2.7865e-01,  1.4976e-02,
         -1.9730e-01],
        [ 2.7671e-01,  2.4780e-01,  1.2106e-01, -1.2272e-01,  1.5749e-01,
          6.5681e-02,  7.0455e-02,  9.4085e-03, -2.7629e-02, -6.8419e-02,
         -1.4678e-01, -3.0651e-01, -1.8610e-01,  1.8499e-01,  4.1674e-02,
         -1.4094e-03],
        [ 1.7479e-01,  3.7515e-01,  3.4349e-01,  1.4081e-02, -7.0826e-02,
         -5.4525e-04,  1.1268e-01,  2.1946e-01, -5.6261e-03, -1.3973e-01,
         -2.6773e-01, -1.9522e-01, -3.0714e-02,  9.4420e-02, -1.5432e-01,
          2.2701e-01],
        [-3.5142e-01, -3.2834e-01, -4.2100e-02, -6.2957e-02,  1.0473e-01,
          3.9015e-01, -1.7037e-01, -1.8688e-01, -1.8751e-01,  1.6410e-01,
          1.3123e-01,  7.9022e-03,  1.7200e-01, -1.4550e-01, -1.3726e-01,
         -1.4787e-01],
        [-3.1582e-01, -1.8390e-01,  5.6686e-02,  2.8282e-01, -1.5460e-01,
          1.4809e-01,  1.1343e-02, -9.8767e-02,  3.7313e-02,  1.6351e-01,
          5.9513e-03,  1.9719e-01, -1.3415e-02, -1.5650e-01,  2.4818e-01,
         -6.1787e-02],
        [ 2.8273e-01,  2.9470e-01,  1.8314e-01, -3.3056e-01, -1.3164e-01,
         -2.7264e-02,  9.5619e-02,  2.8032e-01, -1.9508e-01, -1.7305e-01,
          8.0406e-02, -8.9418e-03,  1.7763e-01,  3.3580e-01,  7.3409e-03,
         -2.9160e-02],
        [-2.6479e-01, -4.3659e-02, -2.3755e-01,  1.2210e-01, -7.4453e-02,
          3.0041e-01,  1.2926e-01,  7.3132e-03, -2.9554e-02,  2.7135e-01,
          2.1845e-02,  3.9963e-02, -3.1459e-02, -2.7961e-01,  1.4146e-01,
         -1.7889e-01],
        [ 2.1197e-01,  1.1844e-01,  1.2682e-01, -2.6592e-01,  1.1049e-01,
         -3.5833e-01, -4.7263e-02,  3.2183e-01, -2.5055e-01, -9.4800e-02,
         -1.6557e-02, -3.6990e-01, -3.0163e-02,  2.6857e-01,  2.1773e-01,
          1.8082e-01],
        [ 3.5480e-01,  1.6177e-01,  2.4819e-01, -8.0244e-02, -3.3537e-02,
         -2.1432e-01, -5.4449e-02,  3.4788e-01,  8.7110e-02, -2.6407e-01,
         -8.2956e-02, -8.5077e-02, -3.4790e-01,  1.5028e-01,  1.4440e-01,
          1.8778e-01],
        [-1.4566e-01,  4.6078e-02, -6.8182e-03, -1.0848e-01,  5.5850e-02,
         -7.1610e-02,  9.0819e-02,  9.5765e-02,  1.8324e-03,  4.3336e-02,
         -1.9334e-02,  1.2344e-02,  2.4648e-02, -2.2470e-01,  1.8770e-01,
         -2.2740e-01],
        [-3.5182e-02, -3.6326e-01, -6.2666e-03,  3.4501e-01, -2.9988e-01,
          7.7984e-02, -4.4000e-02, -3.7111e-01, -1.2446e-01,  2.2857e-01,
          2.1953e-01,  6.3098e-02,  1.0980e-01, -3.7620e-01, -2.4117e-01,
          8.0865e-02],
        [ 3.3330e-01,  5.1491e-02,  3.4702e-02, -1.3905e-01,  2.2969e-01,
         -3.8303e-01, -9.4856e-02,  5.0790e-02, -9.0628e-02, -1.3781e-01,
          7.2223e-02, -8.1099e-02, -2.5685e-01,  3.6097e-01,  2.5110e-01,
          2.1550e-01],
        [ 2.3466e-01,  2.1891e-01,  3.3893e-01, -3.5749e-01, -4.6023e-02,
         -1.7312e-01, -1.5093e-02, -3.3982e-02, -2.1805e-01, -3.2011e-01,
         -1.4587e-01,  7.5321e-02,  1.4260e-01,  2.0334e-01, -1.0054e-01,
          3.6003e-02],
        [ 1.5690e-01, -9.5390e-02,  1.2911e-01, -8.1111e-02,  3.3944e-01,
         -2.1377e-01,  2.0463e-01,  1.5859e-01, -9.7681e-02,  9.3335e-02,
          7.0785e-02, -3.3913e-01, -1.0206e-01,  2.5538e-01, -4.6154e-02,
          3.1371e-01],
        [ 1.3094e-02,  5.1510e-02,  6.1962e-02,  1.1053e-01,  2.3289e-02,
         -1.9093e-01,  1.1510e-01, -4.0992e-02,  7.7236e-02, -3.3251e-01,
         -3.5839e-01, -1.9606e-01,  5.2239e-02,  3.5260e-01, -1.2866e-01,
          6.5420e-02],
        [ 2.0444e-01,  2.2859e-01,  2.8236e-01, -3.3525e-01,  6.1446e-02,
         -8.6247e-02, -1.1743e-01,  2.6253e-01, -2.3258e-01,  1.4247e-02,
          7.8007e-03, -2.0991e-01,  8.7142e-03,  3.4240e-01,  2.2533e-01,
          2.9116e-01],
        [-2.5849e-01, -4.2472e-02,  7.2569e-02,  1.5084e-01,  7.9350e-02,
         -2.6774e-02,  1.2308e-01, -1.2805e-01, -2.1920e-01,  6.3320e-02,
          2.9053e-01,  3.2324e-02, -4.1571e-03, -2.2454e-01, -1.5437e-01,
         -7.7876e-02],
        [ 2.9799e-01,  1.6800e-01,  1.2329e-01, -1.2538e-01, -5.5516e-02,
         -2.7849e-01,  1.4640e-01, -6.0749e-02,  5.4418e-02, -1.1028e-01,
          4.9439e-02, -1.5433e-01,  7.2815e-02,  3.6229e-01,  7.9184e-02,
          2.6673e-01],
        [-2.2486e-01, -2.5328e-02, -3.0407e-01,  2.2215e-01, -2.7829e-01,
          1.4093e-01,  2.3600e-01,  3.1903e-02,  1.4573e-01,  2.1240e-01,
          2.3538e-01,  2.0528e-01,  1.2925e-01,  1.5959e-03, -2.7752e-02,
         -2.2491e-01],
        [-2.6777e-01, -2.0217e-01, -2.2352e-02,  5.5229e-03, -6.7293e-02,
          3.6819e-01,  8.3427e-02, -3.2602e-01,  1.2366e-01,  3.1197e-01,
         -2.3155e-01,  3.0066e-01, -3.0576e-02, -3.1625e-01, -8.0405e-02,
         -2.3944e-01],
        [ 3.6584e-02,  2.1340e-01,  2.3878e-01, -4.2352e-02,  3.1852e-01,
         -3.0607e-01, -2.0912e-01, -5.7484e-02, -1.1608e-01, -2.5389e-01,
         -2.1737e-02, -3.2043e-01, -2.0725e-01,  2.9186e-01, -7.3323e-02,
          1.9375e-01]], device='cuda:0', requires_grad=True)

Parameter name: road_linear_0.bias
Shape: torch.Size([32])
Values: Parameter containing:
tensor([-0.1415,  0.1734,  0.2220, -0.2273,  0.1351, -0.0819,  0.0295,  0.1750,
        -0.1789,  0.0420,  0.0530,  0.0934,  0.1117, -0.0320,  0.0039,  0.0131,
        -0.1459, -0.0173,  0.0484, -0.0310, -0.0662, -0.1467, -0.1077, -0.0851,
        -0.3529,  0.1677,  0.1325,  0.1644, -0.0676, -0.1383,  0.0691, -0.0631],
       device='cuda:0', requires_grad=True)

Parameter name: road_linear_1.weight
Shape: torch.Size([1, 32])
Values: Parameter containing:
tensor([[-0.1025,  0.2121, -0.1304,  0.1456,  0.1758,  0.2181, -0.2072, -0.2982,
         -0.2403,  0.2467,  0.1721,  0.2920, -0.1426, -0.3269,  0.2098,  0.0602,
         -0.2171,  0.2422, -0.1382, -0.1657,  0.1170,  0.2924, -0.2963, -0.2935,
         -0.2363, -0.2156, -0.2404,  0.1337, -0.2749,  0.3155,  0.2103, -0.1589]],
       device='cuda:0', requires_grad=True)

Parameter name: linear_0.weight
Shape: torch.Size([32, 39])
Values: Parameter containing:
tensor([[-0.0201,  0.0800, -0.0033,  ..., -0.0010, -0.1580, -0.1137],
        [ 0.0133, -0.1643,  0.1383,  ...,  0.0138, -0.1542,  0.0871],
        [-0.1410,  0.1122,  0.0665,  ...,  0.1133,  0.0694,  0.0345],
        ...,
        [ 0.1367, -0.1279,  0.0579,  ..., -0.0720, -0.0697, -0.1180],
        [-0.0322, -0.0925, -0.0475,  ..., -0.1677, -0.0348,  0.1557],
        [-0.2052,  0.1198, -0.0249,  ..., -0.0777, -0.1442, -0.0509]],
       device='cuda:0', requires_grad=True)

Parameter name: linear_0.bias
Shape: torch.Size([32])
Values: Parameter containing:
tensor([ 0.0208,  0.1086, -0.1457, -0.0686, -0.0072, -0.0331, -0.1813,  0.1153,
        -0.0527,  0.1373,  0.0886, -0.0552, -0.0539,  0.0909, -0.1296, -0.0755,
         0.0981, -0.1682,  0.0050,  0.0479, -0.1314,  0.1085,  0.0502, -0.0626,
        -0.0157,  0.1245, -0.0197, -0.1553,  0.0454,  0.2003,  0.1070, -0.1372],
       device='cuda:0', requires_grad=True)

Parameter name: linear_1.weight
Shape: torch.Size([32, 32])
Values: Parameter containing:
tensor([[ 0.2118, -0.1232, -0.0863,  ..., -0.0680, -0.0905,  0.1795],
        [-0.0173,  0.0122,  0.1194,  ..., -0.0135, -0.0596,  0.2174],
        [-0.0410, -0.0997, -0.1649,  ...,  0.0060,  0.0569,  0.0256],
        ...,
        [-0.0253,  0.0366,  0.0883,  ...,  0.1888, -0.1445,  0.1382],
        [ 0.1696, -0.0929,  0.0657,  ...,  0.0796,  0.1700, -0.0057],
        [ 0.1532, -0.0679,  0.2197,  ...,  0.1055,  0.0805,  0.0781]],
       device='cuda:0', requires_grad=True)

Parameter name: linear_1.bias
Shape: torch.Size([32])
Values: Parameter containing:
tensor([ 0.0349,  0.0408,  0.0503,  0.0043, -0.1178, -0.1722,  0.0458, -0.1645,
         0.0424, -0.0610,  0.2152, -0.1921,  0.0941,  0.0916, -0.2081, -0.0092,
        -0.0676, -0.1020, -0.0502, -0.0932,  0.0854,  0.1842, -0.1177,  0.1751,
        -0.1429, -0.0768,  0.1562, -0.1295, -0.0432, -0.0076,  0.0121, -0.0438],
       device='cuda:0', requires_grad=True)

Parameter name: linear_2.weight
Shape: torch.Size([1, 32])
Values: Parameter containing:
tensor([[ 0.2550,  0.1584, -0.2672, -0.2254,  0.1233,  0.1111, -0.1606,  0.1765,
          0.1582, -0.1477, -0.1457,  0.1580,  0.1470, -0.1198,  0.1946,  0.1278,
         -0.2500, -0.2643,  0.1174,  0.1563, -0.2154, -0.1944, -0.2659, -0.0750,
          0.2277,  0.2605, -0.2403,  0.2282, -0.1708, -0.2517,  0.2302,  0.2445]],
       device='cuda:0', requires_grad=True)

Parameter name: linear_2.bias
Shape: torch.Size([1])
Values: Parameter containing:
tensor([-0.0890], device='cuda:0', requires_grad=True)

