Parameter name: road_linear_0.weight
Shape: torch.Size([32, 16])
Values: Parameter containing:
tensor([[-2.8681e-01,  3.4457e-01,  2.2529e-02, -4.8219e-02,  8.4360e-02,
          1.2844e-01,  2.5424e-01, -9.1643e-02,  1.3368e-01,  2.2111e-01,
          9.1385e-02, -1.0363e-01, -2.4711e-01, -3.3049e-01,  1.9455e-01,
          9.7029e-02],
        [-2.1227e-01, -1.1386e-01, -6.7014e-02, -4.4246e-02, -8.5863e-02,
          2.0411e-01,  1.0607e-01,  1.0410e-01,  3.4727e-01,  9.3463e-02,
          8.8797e-02, -2.1040e-01,  6.2582e-02, -1.1029e-02,  2.8386e-01,
         -4.3763e-02],
        [ 4.0089e-02,  8.8122e-03,  3.4474e-01, -8.6823e-02, -2.1378e-04,
         -3.0212e-01,  1.4834e-02, -3.5497e-01,  1.0250e-01, -3.3167e-02,
          2.8718e-02, -1.1270e-01,  3.4400e-01,  2.8149e-01,  1.3988e-01,
          2.2355e-01],
        [ 2.3160e-01, -1.7639e-01,  4.8497e-02, -3.9005e-02,  1.1768e-02,
         -1.5294e-01, -9.4748e-02, -3.8566e-02, -3.6499e-01, -3.6441e-01,
          2.4648e-02,  3.1086e-01,  2.5030e-01, -1.5010e-01, -1.3969e-01,
          1.1838e-01],
        [-5.0502e-02,  3.1089e-01, -1.3021e-01, -6.7981e-02,  8.7907e-02,
          3.6365e-02, -2.7842e-02,  2.5759e-01,  8.4794e-02,  2.5169e-01,
          1.2832e-01, -1.0558e-01,  1.7280e-02, -2.0145e-01,  1.9741e-01,
         -1.1518e-01],
        [ 3.5170e-02,  3.4144e-01, -3.2328e-01,  3.6329e-01,  2.5977e-01,
         -7.0265e-02,  1.9493e-01, -8.9328e-02,  1.9633e-01,  1.7127e-01,
         -2.5145e-01, -3.5520e-02, -1.8516e-01,  1.6891e-01,  3.0202e-01,
         -3.8357e-02],
        [ 3.3625e-01, -1.5794e-02,  3.7858e-01, -1.5348e-01, -9.1672e-04,
         -1.7572e-01, -1.3076e-01, -1.9209e-01, -2.1393e-01,  1.1001e-02,
          5.8536e-02,  1.8249e-02, -9.8226e-02,  1.9673e-01, -2.5511e-01,
          1.2343e-01],
        [-8.7454e-02,  1.1403e-01,  3.3494e-01, -3.2768e-01, -2.8795e-01,
         -2.7286e-01, -4.7322e-02, -2.3233e-01, -1.6588e-01, -1.8924e-01,
          8.4808e-03,  1.5393e-03,  2.2636e-01, -1.0962e-01, -5.4428e-02,
          3.3137e-01],
        [-3.1336e-03,  8.3450e-02,  2.6795e-01, -2.0953e-01,  1.1905e-02,
         -3.0663e-01, -1.0573e-01, -5.0761e-02,  9.5462e-02, -2.7636e-01,
         -7.7389e-02,  9.5175e-03, -1.2074e-01,  1.3714e-01, -2.7273e-01,
          5.9752e-02],
        [-2.4600e-01,  1.2389e-01, -6.1512e-02, -5.3494e-02,  1.4551e-03,
          1.1132e-01, -1.8203e-02,  1.7898e-01,  2.1228e-01, -4.2252e-02,
          1.2680e-01,  4.5066e-02, -2.0154e-01, -4.8776e-02,  9.4588e-02,
         -1.6184e-01],
        [-3.1424e-01,  3.0937e-01, -2.6769e-02, -7.0104e-02, -1.1341e-01,
          3.8505e-01,  1.7177e-01,  6.5996e-02,  2.9826e-01,  2.1930e-01,
         -9.7005e-03,  5.6244e-02, -1.3972e-01,  1.4255e-01, -7.9774e-02,
         -2.9506e-01],
        [-9.1794e-02,  7.2785e-02,  6.1455e-03,  5.7015e-02,  1.0368e-01,
          8.7021e-02,  3.0656e-01,  1.0232e-01,  1.1448e-01,  3.1794e-01,
          1.5111e-01,  1.0499e-01, -3.6823e-01, -2.2312e-01,  1.7959e-02,
         -1.7792e-01],
        [ 2.7981e-01,  3.6825e-03,  1.1938e-01, -1.2632e-01, -2.9399e-02,
          7.6226e-02, -7.5410e-03, -2.4912e-01, -2.5970e-01, -6.2581e-02,
          3.3900e-02, -2.4943e-02, -1.1307e-01,  1.3136e-01, -1.5044e-01,
         -1.6614e-02],
        [ 1.7829e-01,  1.3829e-01,  3.4242e-01,  1.6966e-02, -2.5695e-01,
          1.1541e-02,  6.6350e-03, -3.0187e-02, -1.7743e-01, -1.3632e-01,
         -8.6736e-02,  7.0484e-02,  7.7274e-02,  4.4480e-02, -3.0246e-01,
          2.1385e-01],
        [-3.4346e-01, -7.7178e-02, -4.1026e-02, -7.1886e-02,  3.1577e-01,
          3.7546e-01,  5.0805e-02,  7.9016e-02, -6.9422e-02,  1.5272e-01,
          1.7134e-03, -2.6939e-01, -4.5182e-02, -9.6071e-02, -1.6253e-02,
         -1.3551e-01],
        [-1.1260e-01, -2.8584e-01,  1.6534e-01,  1.1713e-01, -2.2254e-01,
          2.8958e-02, -1.0008e-01, -2.2641e-01, -1.1815e-01, -1.3396e-02,
          6.3563e-02,  3.5151e-01,  7.7094e-02, -8.3164e-02,  1.6735e-01,
          4.8750e-02],
        [ 2.8668e-01,  6.6966e-02,  1.7528e-01, -3.2721e-01, -3.0112e-01,
         -1.2081e-02, -5.4141e-02,  3.6649e-02, -3.2741e-01, -1.6467e-01,
          2.6708e-01,  2.5527e-01,  3.2156e-01,  2.6905e-01, -1.1385e-01,
         -4.9481e-02],
        [-2.7014e-01,  1.7145e-01, -2.2476e-01,  1.1835e-01,  8.9416e-02,
          2.7077e-01,  2.5097e-01,  2.4162e-01,  1.0985e-01,  2.6032e-01,
         -1.1949e-01, -2.1023e-01, -1.4561e-01, -2.0699e-01,  2.4919e-01,
         -1.5484e-01],
        [ 1.9220e-01, -1.0164e-01,  1.1826e-01, -2.6052e-01, -1.2607e-01,
         -3.4452e-01, -2.2637e-01,  8.1993e-02, -3.4112e-01, -8.8281e-02,
          9.8837e-02, -1.2353e-01,  1.5758e-01,  2.3358e-01,  8.2662e-02,
          1.6094e-01],
        [ 3.3940e-01, -1.0328e-01,  2.4161e-01, -6.0029e-02, -2.5448e-01,
         -2.0180e-01, -3.0349e-01,  7.1849e-02, -6.6453e-04, -2.4760e-01,
          3.9844e-02,  2.0804e-01, -9.1818e-02,  9.3517e-02,  4.8594e-02,
          1.6979e-01],
        [-1.4582e-01,  2.6457e-01, -1.6649e-02, -1.0533e-01,  2.1829e-01,
         -7.2368e-02,  2.5596e-01,  3.2068e-01,  1.3328e-01,  3.9511e-02,
         -1.9604e-01, -2.3322e-01, -1.5915e-01, -1.8166e-01,  3.1260e-01,
         -2.2406e-01],
        [-1.9048e-02, -1.2899e-01,  1.2523e-03,  3.3071e-01, -1.0861e-01,
          6.2213e-02,  1.7313e-01, -1.2706e-01, -4.6371e-02,  2.1196e-01,
          2.1220e-01, -1.9937e-01, -1.1773e-01, -3.1926e-01, -1.8291e-01,
          1.0424e-01],
        [ 3.3680e-01, -1.6948e-01,  2.9489e-02, -1.3557e-01,  6.2216e-02,
         -3.6794e-01, -2.5110e-01, -1.8778e-01, -2.1224e-01, -1.3189e-01,
          2.3408e-01,  1.7508e-01, -1.1715e-01,  3.0116e-01,  1.5379e-01,
          1.9683e-01],
        [ 2.3807e-01,  1.9718e-02,  3.2583e-01, -3.5309e-01, -1.9272e-01,
         -1.4607e-01, -1.5266e-01, -2.5680e-01, -3.3036e-01, -3.0697e-01,
          3.0401e-02,  3.1863e-01,  2.6412e-01,  1.2813e-01, -1.8526e-01,
          1.0478e-02],
        [ 1.5949e-01, -3.4175e-01,  1.2669e-01, -7.7111e-02,  1.5355e-01,
         -2.0293e-01,  1.2075e-01, -1.0163e-01, -2.9140e-01,  1.0125e-01,
          2.8450e-01, -6.3875e-02, -2.2018e-02,  2.0365e-01, -2.1710e-01,
          2.9857e-01],
        [ 6.8780e-03, -1.8475e-01,  5.8539e-02,  1.1549e-01, -1.6649e-01,
         -1.7035e-01,  2.6201e-02, -2.8479e-01, -1.2472e-01, -3.2099e-01,
         -2.0037e-01,  6.4974e-02,  1.4349e-01,  2.9799e-01, -3.0249e-01,
          5.0264e-02],
        [ 1.9385e-01, -5.6379e-03,  2.7586e-01, -3.2020e-01, -1.1514e-01,
         -7.6534e-02, -3.1096e-01,  1.6016e-02, -3.4167e-01,  2.7355e-02,
          1.1290e-01,  5.7028e-02,  1.9704e-01,  2.8407e-01,  1.2727e-01,
          2.7049e-01],
        [-2.8219e-01,  1.8113e-01,  4.8871e-02,  1.7129e-01,  2.3374e-01,
         -1.5363e-02,  2.9943e-01,  1.1320e-01, -1.0832e-01,  7.1744e-02,
          1.4116e-01, -2.2258e-01, -1.7007e-01, -1.8347e-01, -6.8461e-02,
         -8.5432e-02],
        [ 2.7746e-01, -5.4087e-02,  1.1513e-01, -1.0698e-01, -2.4491e-01,
         -2.6030e-01, -1.0296e-01, -3.0345e-01,  1.9164e-02, -9.0321e-02,
          9.4576e-02,  1.0630e-01,  3.1694e-01,  3.0363e-01,  5.4805e-02,
          2.4548e-01],
        [-2.4542e-01,  1.9016e-01, -2.9751e-01,  2.2765e-01, -1.2897e-01,
          1.1982e-01,  2.9305e-01,  2.6736e-01,  3.2154e-01,  2.0760e-01,
          1.0264e-01, -4.8329e-02,  7.4210e-02,  6.6645e-02,  1.0212e-01,
         -2.0580e-01],
        [-2.5354e-01,  4.0417e-02, -1.6221e-02, -1.0457e-02,  1.3144e-01,
          3.5415e-01,  3.3059e-01, -7.1842e-02,  1.8150e-01,  2.9609e-01,
         -2.9728e-01,  3.0004e-02, -2.7180e-01, -2.5933e-01, -4.2977e-02,
         -2.2030e-01],
        [ 2.5966e-02, -2.7445e-02,  2.3002e-01, -3.2735e-02,  8.1408e-02,
         -2.8693e-01, -3.5194e-01, -3.1247e-01, -2.4956e-01, -2.4802e-01,
          1.5260e-01, -5.9473e-02, -6.6204e-02,  2.3916e-01, -2.3488e-01,
          1.7324e-01]], device='cuda:0', requires_grad=True)

Parameter name: road_linear_0.bias
Shape: torch.Size([32])
Values: Parameter containing:
tensor([-0.1306,  0.0446,  0.0664, -0.0979,  0.0425, -0.1080,  0.0846,  0.1403,
        -0.1003,  0.0214,  0.0479,  0.1100,  0.1693,  0.0671,  0.0818,  0.0471,
        -0.1014, -0.0065,  0.0570, -0.0121, -0.0492, -0.0352, -0.0617, -0.0026,
        -0.1563,  0.1760,  0.1307,  0.0743, -0.0998, -0.2021,  0.0917, -0.0308],
       device='cuda:0', requires_grad=True)

Parameter name: road_linear_1.weight
Shape: torch.Size([1, 32])
Values: Parameter containing:
tensor([[ 0.1066,  0.1915, -0.1302, -0.1491,  0.1877,  0.2461, -0.1907, -0.2924,
         -0.1812,  0.2309,  0.1533,  0.2763, -0.1073, -0.2892,  0.1950, -0.1118,
         -0.2102,  0.2432, -0.1271, -0.1577,  0.2923,  0.1539, -0.2799, -0.2953,
         -0.2162, -0.2196, -0.2279,  0.2342, -0.2566,  0.2959,  0.1944, -0.1354]],
       device='cuda:0', requires_grad=True)

Parameter name: linear_0.weight
Shape: torch.Size([32, 39])
Values: Parameter containing:
tensor([[-0.0346,  0.0916,  0.1072,  ...,  0.0048, -0.1855, -0.1137],
        [-0.1193, -0.0610,  0.1371,  ..., -0.0139, -0.2456,  0.0871],
        [-0.0160,  0.0105,  0.0538,  ...,  0.1323,  0.1532,  0.0345],
        ...,
        [ 0.1165, -0.1313, -0.0314,  ..., -0.0873, -0.0643, -0.1180],
        [ 0.0915, -0.1875, -0.0662,  ..., -0.1484,  0.0594,  0.1557],
        [-0.1923,  0.1308,  0.0847,  ..., -0.0582, -0.1659, -0.0509]],
       device='cuda:0', requires_grad=True)

Parameter name: linear_0.bias
Shape: torch.Size([32])
Values: Parameter containing:
tensor([ 0.0164,  0.0255, -0.0772, -0.1570, -0.0888,  0.0811, -0.0859,  0.0398,
        -0.0049,  0.0521,  0.0050,  0.0178, -0.0534,  0.0982, -0.0366, -0.0094,
         0.0366, -0.1839, -0.0719,  0.0737, -0.0347,  0.0021,  0.1302,  0.0139,
        -0.1203,  0.1320,  0.0599, -0.1070,  0.0199,  0.1983,  0.1831, -0.1417],
       device='cuda:0', requires_grad=True)

Parameter name: linear_1.weight
Shape: torch.Size([32, 32])
Values: Parameter containing:
tensor([[ 0.1085, -0.1367, -0.1369,  ...,  0.0364, -0.0810,  0.0923],
        [-0.1617,  0.0176,  0.0514,  ...,  0.1316, -0.0673,  0.0790],
        [ 0.0814, -0.0949, -0.1075,  ..., -0.1172,  0.0550,  0.1408],
        ...,
        [ 0.0793,  0.0461,  0.1441,  ...,  0.0825, -0.1513,  0.2248],
        [ 0.0367, -0.0907,  0.0010,  ...,  0.2130,  0.1642, -0.1336],
        [ 0.0463, -0.0728,  0.1599,  ...,  0.2137,  0.0830, -0.0131]],
       device='cuda:0', requires_grad=True)

Parameter name: linear_1.bias
Shape: torch.Size([32])
Values: Parameter containing:
tensor([ 0.1090,  0.1534, -0.0408, -0.0955, -0.0044, -0.0212, -0.0605, -0.0426,
         0.1474, -0.1664,  0.1080, -0.1100,  0.1923,  0.0905, -0.1263,  0.1124,
        -0.1504, -0.1767,  0.0604,  0.0065, -0.0116,  0.0909, -0.2095,  0.2177,
        -0.0417, -0.0018,  0.0727, -0.0255, -0.1439, -0.0831,  0.1148,  0.0322],
       device='cuda:0', requires_grad=True)

Parameter name: linear_2.weight
Shape: torch.Size([1, 32])
Values: Parameter containing:
tensor([[ 0.2518,  0.1686, -0.2233, -0.2242,  0.0594,  0.0850, -0.1378,  0.0978,
          0.1632, -0.1867, -0.1149,  0.1311,  0.1333,  0.1168,  0.1678,  0.1478,
         -0.2496, -0.2546,  0.1016,  0.1000, -0.1698, -0.1491, -0.2409,  0.1125,
          0.1874,  0.2559, -0.2261,  0.2125, -0.1492, -0.2417,  0.2011,  0.2356]],
       device='cuda:0', requires_grad=True)

Parameter name: linear_2.bias
Shape: torch.Size([1])
Values: Parameter containing:
tensor([0.0580], device='cuda:0', requires_grad=True)

