Parameter name: road_linear_0.weight
Shape: torch.Size([32, 16])
Values: Parameter containing:
tensor([[-3.1541e-01,  5.0962e-01,  5.9695e-02, -5.7790e-02,  4.0355e-01,
          2.0838e-01,  4.1758e-01,  1.8466e-01,  3.6167e-01,  1.9757e-01,
          1.3328e-01, -3.4084e-01, -4.0092e-01, -2.7328e-01,  3.7275e-01,
          1.0498e-01],
        [-9.8158e-02, -1.4952e-01,  7.5716e-02, -1.3861e-01,  1.5501e-01,
          2.1303e-01,  4.0158e-02,  3.6989e-01,  7.2502e-01, -4.4741e-02,
          2.9919e-01, -4.6881e-01,  8.2251e-02,  1.2990e-01,  7.0475e-01,
          8.3782e-02],
        [ 1.7021e-01, -2.4799e-01,  3.6878e-01, -1.1180e-01, -4.0774e-01,
         -3.7254e-01, -2.6019e-01, -6.6861e-01, -1.8336e-01, -6.9241e-02,
          9.7365e-02,  1.8635e-01,  6.4746e-01,  2.9222e-01, -1.1479e-01,
          2.7667e-01],
        [ 4.7671e-02, -1.2041e-01, -1.4716e-01,  9.8658e-02, -1.5832e-01,
         -1.2554e-01,  1.3688e-02, -2.6582e-01, -7.0517e-01, -1.8049e-01,
         -2.2190e-01,  5.0354e-01,  1.6936e-01, -3.5820e-01, -4.5629e-01,
         -6.1947e-02],
        [ 8.6032e-02,  2.7463e-01,  3.2829e-02, -1.7064e-01,  2.9694e-01,
          3.2800e-02, -6.4772e-02,  5.1481e-01,  4.4558e-01,  9.5102e-02,
          3.3756e-01, -3.0615e-01,  4.7575e-02, -3.8627e-02,  5.3488e-01,
          1.8620e-02],
        [-1.0446e-01,  5.4444e-01, -3.5117e-01,  3.8939e-01,  6.0889e-01,
          7.6216e-03,  4.5314e-01,  1.8829e-01,  3.8770e-01,  2.1070e-01,
         -2.7747e-01, -2.7900e-01, -4.0284e-01,  1.5856e-01,  4.6229e-01,
         -9.3811e-02],
        [ 1.9244e-01, -3.9999e-02,  2.0654e-01, -3.7733e-02, -2.2187e-01,
         -1.4367e-01, -8.8636e-02, -4.2667e-01, -5.4314e-01,  1.5965e-01,
         -1.2670e-01,  2.2771e-01, -1.0093e-01,  1.4643e-02, -5.1325e-01,
         -2.1569e-02],
        [-2.1338e-01,  4.5779e-02,  1.7024e-01, -2.1331e-01, -5.2148e-01,
         -2.2490e-01, -1.9303e-02, -4.6370e-01, -4.6521e-01, -5.0063e-02,
         -1.4653e-01,  2.1725e-01,  2.5164e-01, -2.8127e-01, -3.0486e-01,
          1.9481e-01],
        [-1.2443e-01,  6.5824e-02,  1.1988e-01, -1.1149e-01, -2.8880e-01,
         -2.8703e-01, -4.6864e-02, -3.4715e-01, -3.3728e-01, -1.3242e-01,
         -3.0411e-01,  3.0579e-01, -1.3281e-01, -1.5794e-02, -6.8237e-01,
         -6.9546e-02],
        [-1.2946e-01,  9.7075e-02,  8.3588e-02, -1.4543e-01,  2.4242e-01,
          1.1228e-01, -5.8575e-02,  4.6065e-01,  6.1298e-01, -1.7955e-01,
          3.4168e-01, -2.0728e-01, -1.8812e-01,  9.3111e-02,  4.9269e-01,
         -3.8256e-02],
        [-2.6804e-01,  4.5880e-01,  7.1272e-02, -1.3031e-01,  1.9257e-01,
          3.7612e-01,  2.4090e-01,  3.3499e-01,  6.0379e-01,  1.3752e-01,
          9.0720e-02, -1.9403e-01, -2.5096e-01,  2.5145e-01,  1.8688e-01,
         -2.2534e-01],
        [ 4.0785e-02,  1.0977e-01,  1.7115e-01, -5.8269e-02,  3.7047e-01,
          4.5129e-02,  2.4697e-01,  3.6926e-01,  4.8769e-01,  1.6572e-01,
          3.8637e-01, -1.4524e-01, -3.6785e-01, -4.6823e-02,  3.4941e-01,
         -3.3946e-02],
        [ 1.9144e-01, -3.2551e-02, -7.3350e-03, -5.8466e-02, -2.8594e-01,
          4.8758e-02, -3.5422e-02, -5.3754e-01, -6.3987e-01,  4.5326e-02,
         -1.3101e-01,  2.1281e-01, -7.5191e-02,  1.0236e-02, -4.7785e-01,
         -1.0378e-01],
        [ 2.9183e-02,  1.8528e-01,  1.6859e-01,  1.3604e-01, -4.7227e-01,
          2.2039e-02,  8.2164e-02, -2.8700e-01, -5.6902e-01,  2.6528e-02,
         -3.2353e-01,  3.0385e-01,  3.4743e-02, -1.3147e-01, -6.6063e-01,
          5.9990e-02],
        [-1.9993e-01, -9.6223e-02,  1.2275e-01, -1.8229e-01,  5.5626e-01,
          3.4982e-01, -3.2319e-02,  3.3786e-01,  3.1320e-01, -2.4136e-03,
          2.2388e-01, -5.1780e-01, -4.5071e-03,  7.4391e-02,  3.5120e-01,
          9.5875e-03],
        [-1.4608e-01, -3.5173e-01,  8.2012e-02,  1.4602e-01, -4.9763e-01,
         -1.6167e-02, -1.8382e-01, -5.0715e-01, -4.3631e-01,  5.4061e-02,
         -6.0171e-02,  5.8548e-01,  1.4898e-01, -1.6085e-01, -1.1917e-01,
          7.6335e-03],
        [ 8.1095e-02,  9.7451e-02, -3.7733e-02, -1.6610e-01, -4.7649e-01,
          3.5184e-02,  7.1175e-02, -1.8465e-01, -6.5680e-01,  3.2926e-02,
          1.5062e-02,  4.5412e-01,  2.4220e-01,  2.9743e-02, -4.0182e-01,
         -2.4848e-01],
        [-2.2047e-01,  2.9319e-01, -1.2629e-01,  4.5051e-02,  3.1914e-01,
          2.5954e-01,  3.2934e-01,  4.3781e-01,  2.4055e-01,  1.8502e-01,
         -5.6528e-02, -3.8084e-01, -2.2408e-01, -8.1704e-02,  3.7316e-01,
         -7.4287e-02],
        [ 2.7581e-01, -3.4376e-01,  9.4196e-02, -2.3757e-01, -4.9701e-01,
         -3.8023e-01, -4.4157e-01, -2.1660e-01, -5.9536e-01, -8.2574e-02,
          1.4201e-01,  1.5277e-01,  4.2257e-01,  1.8968e-01, -1.5809e-01,
          1.6546e-01],
        [ 4.2629e-01, -3.3029e-01,  2.2302e-01, -5.0040e-02, -6.4958e-01,
         -2.4715e-01, -5.2759e-01, -2.3365e-01, -2.5234e-01, -2.4303e-01,
          6.3388e-02,  4.8112e-01,  1.4733e-01,  5.1831e-02, -2.0310e-01,
          1.7731e-01],
        [-4.8607e-02,  2.5080e-01,  1.1388e-01, -1.9080e-01,  3.8102e-01,
         -7.1941e-02,  2.7148e-01,  5.1482e-01,  3.3579e-01, -7.1059e-02,
         -2.8055e-02, -3.5723e-01, -1.4569e-01, -4.2998e-02,  4.6626e-01,
         -1.1952e-01],
        [-1.2381e-02,  4.2058e-02,  6.4769e-02,  3.0133e-01,  3.1409e-01,
          1.0482e-01,  2.4911e-01,  2.1855e-01,  3.6802e-01,  1.5577e-01,
          3.3620e-01, -5.4154e-01, -2.7488e-01, -2.4895e-01,  2.1735e-01,
          1.4385e-01],
        [ 4.0632e-01, -3.8192e-01,  5.5625e-04, -1.1344e-01, -2.9247e-01,
         -3.9077e-01, -4.4762e-01, -4.6109e-01, -4.4378e-01, -1.1979e-01,
          2.5941e-01,  4.3156e-01,  1.1276e-01,  2.5198e-01, -7.6550e-02,
          1.9025e-01],
        [ 4.1241e-03,  7.3027e-02,  9.4406e-02, -1.7655e-01, -3.0695e-01,
         -7.1056e-02, -1.0469e-02, -4.2847e-01, -5.6675e-01, -9.5531e-02,
         -2.1837e-01,  4.5842e-01,  1.5114e-01, -1.3250e-01, -4.0097e-01,
         -2.0620e-01],
        [ 2.7181e-02, -3.4872e-01, -3.0849e-02,  2.5096e-02, -8.3518e-02,
         -1.8275e-01,  1.5835e-01, -3.6130e-01, -7.0000e-01,  2.4705e-01,
          7.2803e-02,  1.6908e-01, -3.5639e-02,  4.0026e-02, -5.6144e-01,
          1.6225e-01],
        [-1.4662e-01, -1.1239e-01, -1.2098e-01,  2.3178e-01, -3.1599e-01,
         -1.5819e-01,  8.3708e-02, -5.0626e-01, -4.4718e-01, -1.5378e-01,
         -4.0072e-01,  2.0815e-01,  8.9164e-02,  1.2015e-01, -6.0014e-01,
         -9.5405e-02],
        [ 3.8329e-01, -2.2549e-01,  3.2581e-01, -3.5262e-01, -5.1229e-01,
         -1.5284e-01, -6.3613e-01, -2.9982e-01, -6.0408e-01, -2.6090e-02,
          2.0723e-01,  3.2095e-01,  5.0014e-01,  3.1446e-01, -1.0559e-01,
          3.4787e-01],
        [-2.0646e-01,  2.6692e-01,  1.7203e-01,  9.3094e-02,  5.3201e-01,
         -1.5804e-02,  3.2259e-01,  3.8404e-01,  2.0503e-01, -3.7812e-02,
          3.0721e-01, -4.6636e-01, -2.3410e-01, -5.2565e-02,  2.1931e-01,
          1.0332e-02],
        [ 1.8113e-01, -1.6209e-01, -2.0852e-02, -7.6111e-03, -4.8755e-01,
         -2.2389e-01, -9.6285e-02, -5.2860e-01, -2.2060e-01,  2.3008e-02,
         -5.2472e-02,  3.2073e-01,  3.7549e-01,  1.4571e-01, -1.7096e-01,
          1.3092e-01],
        [-3.4967e-01,  3.8743e-01, -2.9499e-01,  2.3634e-01,  2.1412e-01,
          1.7020e-01,  5.2750e-01,  5.2986e-01,  5.2344e-01,  2.2370e-01,
          7.4651e-02, -2.8271e-01, -1.3847e-01,  8.2297e-02,  2.6569e-01,
         -2.3211e-01],
        [-3.0662e-01,  2.5835e-01,  2.0956e-02, -4.4482e-02,  4.8674e-01,
          3.8096e-01,  5.0795e-01,  2.1101e-01,  4.2265e-01,  2.7397e-01,
         -3.1770e-01, -2.3220e-01, -5.1373e-01, -1.9590e-01,  1.9803e-01,
         -2.0292e-01],
        [-1.2729e-01, -6.7250e-02,  5.2512e-02,  9.0678e-02, -1.2790e-01,
         -2.3389e-01, -2.9608e-01, -5.4772e-01, -5.6050e-01, -9.1970e-02,
         -2.7255e-02,  1.4817e-01, -7.9534e-02,  4.7528e-02, -4.9721e-01,
          2.2316e-02]], device='cuda:0', requires_grad=True)

Parameter name: road_linear_0.bias
Shape: torch.Size([32])
Values: Parameter containing:
tensor([-0.1016,  0.1648,  0.1915, -0.2358,  0.2042, -0.1568, -0.0382,  0.1224,
        -0.1520,  0.1549, -0.0503,  0.1205, -0.0629, -0.1158,  0.1719, -0.0418,
        -0.1950, -0.0732,  0.2043,  0.1287,  0.1010, -0.0918,  0.0972, -0.1260,
        -0.2379, -0.0598,  0.2302,  0.0603, -0.0070, -0.2531, -0.0789, -0.0706],
       device='cuda:0', requires_grad=True)

Parameter name: road_linear_1.weight
Shape: torch.Size([1, 32])
Values: Parameter containing:
tensor([[ 0.5421,  0.6993, -0.4671, -0.6091,  0.6837,  0.6305, -0.6149, -0.6811,
         -0.6305,  0.7345,  0.5375,  0.7139, -0.6219, -0.7816,  0.6393, -0.6132,
         -0.6380,  0.6070, -0.4353, -0.4780,  0.7618,  0.5357, -0.5872, -0.7119,
         -0.6663, -0.7086, -0.5382,  0.6731, -0.6205,  0.6584,  0.4908, -0.5428]],
       device='cuda:0', requires_grad=True)

Parameter name: linear_0.weight
Shape: torch.Size([32, 39])
Values: Parameter containing:
tensor([[-0.0240,  0.1041,  0.0530,  ...,  0.1984, -0.5826, -0.1137],
        [-0.1397, -0.0353,  0.1411,  ...,  0.0529, -0.5151,  0.0871],
        [ 0.0280, -0.0399,  0.0215,  ...,  0.0647,  0.5320,  0.0345],
        ...,
        [ 0.1387, -0.1548, -0.0414,  ..., -0.1691,  0.2305, -0.1180],
        [ 0.1117, -0.2130, -0.0740,  ..., -0.2311,  0.3883,  0.1557],
        [-0.2217,  0.1895,  0.0699,  ...,  0.0840, -0.5091, -0.0509]],
       device='cuda:0', requires_grad=True)

Parameter name: linear_0.bias
Shape: torch.Size([32])
Values: Parameter containing:
tensor([ 8.6755e-02,  2.6778e-02, -6.0704e-02, -1.3390e-01, -8.5712e-02,
         4.3166e-02, -8.3291e-02,  7.0891e-02, -3.9976e-02,  4.7942e-02,
         5.2315e-02,  1.4625e-02, -2.4463e-02,  1.0678e-01, -2.1058e-02,
        -1.7952e-02,  5.4985e-02, -1.6622e-01, -1.5119e-04,  9.3660e-02,
        -9.6194e-02, -5.0888e-03,  1.1952e-01,  5.8820e-02, -1.0878e-01,
         1.1346e-01,  6.1089e-02, -1.5664e-01,  4.6010e-02,  1.9827e-01,
         1.8115e-01, -1.0267e-01], device='cuda:0', requires_grad=True)

Parameter name: linear_1.weight
Shape: torch.Size([32, 32])
Values: Parameter containing:
tensor([[ 0.0962, -0.2208,  0.0087,  ...,  0.1123, -0.0027,  0.0692],
        [-0.1879, -0.0633,  0.2096,  ...,  0.2069,  0.0107,  0.0405],
        [ 0.1361, -0.0330, -0.2418,  ..., -0.1755, -0.0126,  0.2167],
        ...,
        [ 0.1443,  0.0883,  0.0210,  ...,  0.0447, -0.2313,  0.3463],
        [ 0.0536, -0.2304,  0.1600,  ...,  0.3382,  0.2749, -0.1237],
        [ 0.0170, -0.1376,  0.2915,  ...,  0.2743,  0.1487, -0.0539]],
       device='cuda:0', requires_grad=True)

Parameter name: linear_1.bias
Shape: torch.Size([32])
Values: Parameter containing:
tensor([ 0.1569,  0.1970, -0.0650, -0.1633,  0.0406, -0.0021, -0.1010,  0.0691,
         0.2225, -0.1746,  0.1355, -0.1588,  0.2498,  0.0713, -0.0567,  0.2228,
         0.0343, -0.1958,  0.0639,  0.0753, -0.0918,  0.0625, -0.2343,  0.2324,
         0.0157, -0.0407,  0.0832,  0.0046, -0.2029, -0.0782,  0.2123,  0.0625],
       device='cuda:0', requires_grad=True)

Parameter name: linear_2.weight
Shape: torch.Size([1, 32])
Values: Parameter containing:
tensor([[ 1.1397,  1.0671, -1.1275, -1.1048,  0.9748,  0.9914, -1.0423,  0.9559,
          1.0226, -1.0933, -1.0070,  1.0061,  1.0066,  1.0180,  1.0292,  1.0024,
         -1.1216, -1.1493,  1.0037,  0.9923, -1.0519, -1.0515, -1.1574,  1.0080,
          1.0947,  1.1290, -1.1291,  1.1063, -1.0453, -1.1490,  1.0512,  1.1261]],
       device='cuda:0', requires_grad=True)

Parameter name: linear_2.bias
Shape: torch.Size([1])
Values: Parameter containing:
tensor([0.8780], device='cuda:0', requires_grad=True)

