Parameter name: road_linear_0.weight
Shape: torch.Size([32, 16])
Values: Parameter containing:
tensor([[-3.2204e-01,  5.1479e-01,  5.1192e-02, -5.4888e-02,  3.8547e-01,
          2.1732e-01,  4.3574e-01,  1.7487e-01,  3.5215e-01,  1.9315e-01,
          1.1719e-01, -3.1414e-01, -4.2141e-01, -2.8684e-01,  3.5580e-01,
          9.8781e-02],
        [-8.3854e-02, -1.6301e-01,  8.6565e-02, -1.5063e-01,  1.4651e-01,
          2.1005e-01,  3.0022e-02,  3.7916e-01,  7.3912e-01, -6.3919e-02,
          3.0973e-01, -4.5460e-01,  8.8610e-02,  1.3801e-01,  7.1503e-01,
          9.7114e-02],
        [ 1.9634e-01, -2.7104e-01,  3.9459e-01, -1.2917e-01, -3.9954e-01,
         -3.8939e-01, -2.9550e-01, -6.5389e-01, -1.7196e-01, -7.9941e-02,
          1.3011e-01,  1.6085e-01,  6.8802e-01,  3.2415e-01, -9.3114e-02,
          3.0079e-01],
        [ 3.2283e-02, -1.0562e-01, -1.5828e-01,  1.1066e-01, -1.4819e-01,
         -1.2266e-01,  2.4349e-02, -2.7495e-01, -7.1935e-01, -1.6042e-01,
         -2.3304e-01,  4.8883e-01,  1.6223e-01, -3.6694e-01, -4.6609e-01,
         -7.5669e-02],
        [ 1.0190e-01,  2.5941e-01,  4.4805e-02, -1.8311e-01,  2.8488e-01,
          2.8235e-02, -7.6198e-02,  5.2254e-01,  4.5866e-01,  7.4800e-02,
          3.4904e-01, -2.9021e-01,  5.5654e-02, -2.9509e-02,  5.4405e-01,
          3.2599e-02],
        [-1.2931e-01,  5.6385e-01, -3.7865e-01,  4.0817e-01,  5.9751e-01,
          2.4711e-02,  4.8884e-01,  1.7423e-01,  3.7662e-01,  2.1977e-01,
         -3.0857e-01, -2.4959e-01, -4.3955e-01,  1.2724e-01,  4.3683e-01,
         -1.1719e-01],
        [ 1.7627e-01, -2.4829e-02,  1.9346e-01, -2.4581e-02, -2.0453e-01,
         -1.3595e-01, -7.6032e-02, -4.2922e-01, -5.4934e-01,  1.7984e-01,
         -1.3784e-01,  2.1050e-01, -1.0986e-01,  5.0041e-03, -5.1945e-01,
         -3.5511e-02],
        [-2.2723e-01,  5.8772e-02,  1.5949e-01, -2.0194e-01, -5.0187e-01,
         -2.1891e-01, -9.6212e-03, -4.6374e-01, -4.6863e-01, -3.1685e-02,
         -1.5326e-01,  1.9966e-01,  2.4545e-01, -2.8858e-01, -3.0713e-01,
          1.8291e-01],
        [-1.4073e-01,  8.1155e-02,  1.0764e-01, -9.8855e-02, -2.7678e-01,
         -2.8207e-01, -3.4749e-02, -3.5522e-01, -3.4836e-01, -1.1180e-01,
         -3.1608e-01,  2.9081e-01, -1.4116e-01, -2.5486e-02, -6.9134e-01,
         -8.3808e-02],
        [-1.1390e-01,  8.2066e-02,  9.6110e-02, -1.5850e-01,  2.3012e-01,
          1.0624e-01, -7.0675e-02,  4.6812e-01,  6.2501e-01, -1.9958e-01,
          3.5315e-01, -1.9162e-01, -1.7950e-01,  1.0236e-01,  5.0268e-01,
         -2.4198e-02],
        [-2.6497e-01,  4.5654e-01,  7.3096e-02, -1.3499e-01,  1.6975e-01,
          3.7706e-01,  2.4490e-01,  3.2837e-01,  5.9817e-01,  1.2676e-01,
          8.4442e-02, -1.7347e-01, -2.6027e-01,  2.4804e-01,  1.7858e-01,
         -2.2267e-01],
        [ 5.5830e-02,  9.5182e-02,  1.8281e-01, -7.0310e-02,  3.5143e-01,
          3.9556e-02,  2.3582e-01,  3.7175e-01,  4.9388e-01,  1.4602e-01,
          3.9629e-01, -1.2834e-01, -3.6063e-01, -3.8351e-02,  3.5427e-01,
         -2.1077e-02],
        [ 1.7449e-01, -1.6479e-02, -2.0778e-02, -4.4983e-02, -2.7108e-01,
          5.5549e-02, -2.2307e-02, -5.4351e-01, -6.4955e-01,  6.6257e-02,
         -1.4306e-01,  1.9602e-01, -8.4594e-02,  3.8374e-05, -4.8658e-01,
         -1.1847e-01],
        [ 1.4324e-02,  1.9909e-01,  1.5679e-01,  1.4848e-01, -4.6166e-01,
          2.7095e-02,  9.3315e-02, -2.9505e-01, -5.8049e-01,  4.6135e-02,
         -3.3441e-01,  2.8883e-01,  2.7354e-02, -1.4005e-01, -6.7063e-01,
          4.6541e-02],
        [-1.8345e-01, -1.1226e-01,  1.3460e-01, -1.9446e-01,  5.4365e-01,
          3.4516e-01, -4.3932e-02,  3.4517e-01,  3.2539e-01, -2.3096e-02,
          2.3571e-01, -5.0147e-01,  4.0710e-03,  8.3795e-02,  3.5895e-01,
          2.3668e-02],
        [-1.6184e-01, -3.3611e-01,  7.1246e-02,  1.5730e-01, -4.7941e-01,
         -1.2725e-02, -1.7411e-01, -5.0991e-01, -4.4468e-01,  7.3852e-02,
         -7.0005e-02,  5.6772e-01,  1.4253e-01, -1.6908e-01, -1.2194e-01,
         -5.3534e-03],
        [ 6.5099e-02,  1.1252e-01, -5.0877e-02, -1.5251e-01, -4.6252e-01,
          4.1934e-02,  8.3965e-02, -1.9215e-01, -6.6669e-01,  5.3232e-02,
          2.7962e-03,  4.3947e-01,  2.3290e-01,  1.9571e-02, -4.1131e-01,
         -2.6300e-01],
        [-2.2870e-01,  2.9987e-01, -1.3598e-01,  4.8956e-02,  3.0063e-01,
          2.6829e-01,  3.4836e-01,  4.2742e-01,  2.3155e-01,  1.8175e-01,
         -7.3720e-02, -3.5570e-01, -2.4550e-01, -9.6339e-02,  3.5658e-01,
         -8.1450e-02],
        [ 3.0315e-01, -3.6880e-01,  1.1963e-01, -2.5378e-01, -4.8757e-01,
         -3.9542e-01, -4.7633e-01, -2.0304e-01, -5.8139e-01, -9.4175e-02,
          1.7482e-01,  1.2820e-01,  4.6337e-01,  2.2154e-01, -1.3698e-01,
          1.8955e-01],
        [ 4.4805e-01, -3.4645e-01,  2.4998e-01, -6.9161e-02, -6.4981e-01,
         -2.6923e-01, -5.6368e-01, -2.2304e-01, -2.4992e-01, -2.4846e-01,
          9.3029e-02,  4.5503e-01,  1.8446e-01,  8.1934e-02, -1.8073e-01,
          1.9963e-01],
        [-3.4029e-02,  2.3650e-01,  1.2474e-01, -2.0209e-01,  3.5945e-01,
         -7.8715e-02,  2.6202e-01,  5.1315e-01,  3.3855e-01, -8.9834e-02,
         -2.1147e-02, -3.3650e-01, -1.3866e-01, -3.5772e-02,  4.6613e-01,
         -1.0750e-01],
        [-4.1980e-03,  3.5413e-02,  7.0498e-02,  2.9378e-01,  2.9599e-01,
          1.0562e-01,  2.4753e-01,  2.1637e-01,  3.6813e-01,  1.4101e-01,
          3.3502e-01, -5.2287e-01, -2.7832e-01, -2.4760e-01,  2.1465e-01,
          1.5043e-01],
        [ 4.2982e-01, -4.0195e-01,  2.5093e-02, -1.2993e-01, -2.8668e-01,
         -4.0830e-01, -4.8159e-01, -4.4817e-01, -4.3553e-01, -1.2767e-01,
          2.8970e-01,  4.0620e-01,  1.5033e-01,  2.8161e-01, -5.5277e-02,
          2.1216e-01],
        [-1.2285e-02,  8.9024e-02,  8.2500e-02, -1.6417e-01, -2.9435e-01,
         -6.6905e-02,  1.5125e-03, -4.3663e-01, -5.7890e-01, -7.4898e-02,
         -2.3057e-01,  4.4399e-01,  1.4250e-01, -1.4239e-01, -4.0976e-01,
         -2.2050e-01],
        [ 1.0863e-02, -3.3331e-01, -4.5315e-02,  3.9695e-02, -6.6717e-02,
         -1.7276e-01,  1.7256e-01, -3.6701e-01, -7.0660e-01,  2.6735e-01,
          6.0339e-02,  1.5261e-01, -4.6520e-02,  2.9408e-02, -5.7085e-01,
          1.4737e-01],
        [-1.6258e-01, -9.6997e-02, -1.3334e-01,  2.4434e-01, -3.0490e-01,
         -1.5210e-01,  9.5054e-02, -5.1269e-01, -4.6225e-01, -1.3351e-01,
         -4.1235e-01,  1.9044e-01,  8.0364e-02,  1.1112e-01, -6.0842e-01,
         -1.0930e-01],
        [ 4.1894e-01, -2.5679e-01,  3.6300e-01, -3.8070e-01, -5.1544e-01,
         -1.7506e-01, -6.8085e-01, -2.8748e-01, -5.9519e-01, -4.6031e-02,
          2.4810e-01,  3.0338e-01,  5.5022e-01,  3.5839e-01, -8.4569e-02,
          3.8416e-01],
        [-1.9556e-01,  2.5661e-01,  1.7954e-01,  8.4379e-02,  5.0987e-01,
         -1.7781e-02,  3.1792e-01,  3.8170e-01,  2.0643e-01, -5.4093e-02,
          3.0935e-01, -4.4714e-01, -2.3343e-01, -4.9001e-02,  2.1701e-01,
          1.9046e-02],
        [ 1.7768e-01, -1.5957e-01, -2.3326e-02, -2.3601e-03, -4.6412e-01,
         -2.2390e-01, -9.8966e-02, -5.2238e-01, -2.1511e-01,  3.3976e-02,
         -4.7025e-02,  3.0103e-01,  3.8231e-01,  1.4834e-01, -1.6350e-01,
          1.2765e-01],
        [-3.6862e-01,  4.0136e-01, -3.1722e-01,  2.5121e-01,  2.0619e-01,
          1.8760e-01,  5.5970e-01,  5.1708e-01,  5.1687e-01,  2.2775e-01,
          4.7549e-02, -2.5534e-01, -1.7201e-01,  5.5903e-02,  2.4411e-01,
         -2.5065e-01],
        [-3.3281e-01,  2.8176e-01, -5.7683e-03, -2.6589e-02,  4.8272e-01,
          4.0012e-01,  5.4351e-01,  1.9933e-01,  4.1304e-01,  2.8410e-01,
         -3.4991e-01, -2.0748e-01, -5.5466e-01, -2.2785e-01,  1.7640e-01,
         -2.2709e-01],
        [-1.4341e-01, -5.1947e-02,  3.9543e-02,  1.0385e-01, -1.0908e-01,
         -2.2671e-01, -2.8340e-01, -5.5119e-01, -5.6681e-01, -7.1746e-02,
         -3.8524e-02,  1.3146e-01, -8.8510e-02,  3.7805e-02, -5.0316e-01,
          8.2934e-03]], device='cuda:0', requires_grad=True)

Parameter name: road_linear_0.bias
Shape: torch.Size([32])
Values: Parameter containing:
tensor([-0.1104,  0.1638,  0.2031, -0.2391,  0.2082, -0.1653, -0.0363,  0.1295,
        -0.1552,  0.1535, -0.0657,  0.1181, -0.0663, -0.1135,  0.1789, -0.0481,
        -0.1932, -0.0826,  0.2217,  0.1279,  0.1019, -0.0983,  0.1052, -0.1309,
        -0.2326, -0.0666,  0.2389,  0.0570,  0.0092, -0.2553, -0.0916, -0.0687],
       device='cuda:0', requires_grad=True)

Parameter name: road_linear_1.weight
Shape: torch.Size([1, 32])
Values: Parameter containing:
tensor([[ 0.5493,  0.7138, -0.4881, -0.6188,  0.6946,  0.6446, -0.6278, -0.6913,
         -0.6432,  0.7511,  0.5435,  0.7252, -0.6360, -0.7966,  0.6484, -0.6191,
         -0.6505,  0.6127, -0.4536, -0.4899,  0.7704,  0.5382, -0.6019, -0.7218,
         -0.6825, -0.7225, -0.5641,  0.6744, -0.6279,  0.6697,  0.5087, -0.5536]],
       device='cuda:0', requires_grad=True)

Parameter name: linear_0.weight
Shape: torch.Size([32, 39])
Values: Parameter containing:
tensor([[-0.0255,  0.1071,  0.0533,  ...,  0.1996, -0.6476, -0.1137],
        [-0.1402, -0.0347,  0.1416,  ...,  0.0525, -0.5606,  0.0871],
        [ 0.0283, -0.0401,  0.0212,  ...,  0.0649,  0.5905,  0.0345],
        ...,
        [ 0.1386, -0.1544, -0.0415,  ..., -0.1690,  0.2683, -0.1180],
        [ 0.1116, -0.2131, -0.0737,  ..., -0.2315,  0.4423,  0.1557],
        [-0.2238,  0.1936,  0.0705,  ...,  0.0842, -0.5688, -0.0509]],
       device='cuda:0', requires_grad=True)

Parameter name: linear_0.bias
Shape: torch.Size([32])
Values: Parameter containing:
tensor([ 0.0869,  0.0264, -0.0604, -0.1334, -0.0861,  0.0442, -0.0830,  0.0705,
        -0.0405,  0.0481,  0.0524,  0.0137, -0.0242,  0.1071, -0.0207, -0.0183,
         0.0558, -0.1664, -0.0003,  0.0939, -0.0971, -0.0059,  0.1197,  0.0604,
        -0.1083,  0.1136,  0.0615, -0.1580,  0.0463,  0.1984,  0.1807, -0.1027],
       device='cuda:0', requires_grad=True)

Parameter name: linear_1.weight
Shape: torch.Size([32, 32])
Values: Parameter containing:
tensor([[ 0.0974, -0.2218,  0.0101,  ...,  0.1135, -0.0031,  0.0714],
        [-0.1870, -0.0642,  0.2110,  ...,  0.2079,  0.0103,  0.0423],
        [ 0.1379, -0.0346, -0.2399,  ..., -0.1740, -0.0110,  0.2191],
        ...,
        [ 0.1467,  0.0874,  0.0219,  ...,  0.0460, -0.2326,  0.3536],
        [ 0.0559, -0.2328,  0.1632,  ...,  0.3407,  0.2756, -0.1195],
        [ 0.0178, -0.1382,  0.2926,  ...,  0.2751,  0.1480, -0.0521]],
       device='cuda:0', requires_grad=True)

Parameter name: linear_1.bias
Shape: torch.Size([32])
Values: Parameter containing:
tensor([ 0.1581,  0.1980, -0.0635, -0.1647,  0.0404, -0.0018, -0.1013,  0.0717,
         0.2246, -0.1732,  0.1356, -0.1437,  0.2516,  0.0705, -0.0548,  0.2251,
         0.0603, -0.1961,  0.0629,  0.0766, -0.0935,  0.0628, -0.2329,  0.2330,
         0.0164, -0.0308,  0.0846,  0.0022, -0.2041, -0.0767,  0.2148,  0.0634],
       device='cuda:0', requires_grad=True)

Parameter name: linear_2.weight
Shape: torch.Size([1, 32])
Values: Parameter containing:
tensor([[ 1.1739,  1.1033, -1.1766, -1.1383,  1.0188,  1.0330, -1.0835,  0.9868,
          1.0543, -1.1436, -1.0462,  1.0372,  1.0407,  1.0649,  1.0605,  1.0331,
         -1.1535, -1.1886,  1.0498,  1.0272, -1.0849, -1.0956, -1.2048,  1.0457,
          1.1323,  1.1652, -1.1739,  1.1570, -1.0802, -1.1923,  1.0819,  1.1634]],
       device='cuda:0', requires_grad=True)

Parameter name: linear_2.bias
Shape: torch.Size([1])
Values: Parameter containing:
tensor([0.9082], device='cuda:0', requires_grad=True)

