Parameter name: road_linear_0.weight
Shape: torch.Size([32, 16])
Values: Parameter containing:
tensor([[-2.5322e-01,  3.1819e-01,  5.6446e-02, -8.6377e-02,  5.5388e-02,
          1.0106e-01,  2.2595e-01, -1.1638e-01,  1.0545e-01,  1.8634e-01,
          1.0546e-01, -7.6350e-02, -2.1929e-01, -3.0432e-01,  1.9079e-01,
          1.2917e-01],
        [-1.8071e-01, -1.3514e-01, -3.5417e-02, -8.1691e-02, -1.1026e-01,
          1.7868e-01,  8.2004e-02,  8.2214e-02,  3.2073e-01,  6.0026e-02,
          1.0745e-01, -1.8516e-01,  8.5390e-02,  1.1638e-02,  2.7579e-01,
         -1.4568e-02],
        [ 5.8968e-03,  2.5909e-02,  3.1136e-01, -4.9597e-02,  1.9863e-02,
         -2.7231e-01,  4.0596e-02, -3.3376e-01,  1.2656e-01,  2.3580e-03,
          1.0926e-02, -1.4041e-01,  3.2141e-01,  2.5963e-01,  1.3851e-01,
          1.9194e-01],
        [ 2.0067e-01, -1.6447e-01,  1.6769e-02, -1.1171e-03,  2.5012e-02,
         -1.3009e-01, -7.3657e-02, -2.1926e-02, -3.4309e-01, -3.3177e-01,
          1.8243e-02,  2.8943e-01,  2.3314e-01, -1.6632e-01, -1.4075e-01,
          8.9273e-02],
        [-1.9775e-02,  2.8911e-01, -9.9320e-02, -1.0499e-01,  6.4031e-02,
          1.1501e-02, -5.0632e-02,  2.3605e-01,  5.8635e-02,  2.1894e-01,
          1.4519e-01, -8.0653e-02,  3.9680e-02, -1.7939e-01,  1.8712e-01,
         -8.7113e-02],
        [ 6.2993e-02,  3.2883e-01, -2.9495e-01,  3.2883e-01,  2.4610e-01,
         -9.2716e-02,  1.7718e-01, -1.0418e-01,  1.7777e-01,  1.4149e-01,
         -2.3981e-01, -1.5178e-02, -1.6835e-01,  1.8466e-01,  3.0007e-01,
         -1.3036e-02],
        [ 3.0712e-01, -8.0925e-03,  3.4846e-01, -1.1690e-01,  9.0448e-03,
         -1.5517e-01, -1.1150e-01, -1.7963e-01, -1.9508e-01,  4.2004e-02,
          5.0108e-02,  2.7523e-04, -1.1327e-01,  1.8373e-01, -2.5665e-01,
          9.5784e-02],
        [-1.1431e-01,  1.2043e-01,  3.0724e-01, -2.9302e-01, -2.8009e-01,
         -2.5288e-01, -3.1048e-02, -2.2145e-01, -1.4929e-01, -1.6015e-01,
          7.6910e-04, -1.5268e-02,  2.1327e-01, -1.2166e-01, -5.7862e-02,
          3.0666e-01],
        [-3.6887e-02,  1.0881e-01,  2.3482e-01, -1.7077e-01,  3.8220e-02,
         -2.7649e-01, -8.1270e-02, -2.5550e-02,  1.2389e-01, -2.4059e-01,
         -1.0021e-01, -2.0223e-02, -1.4647e-01,  1.1193e-01, -2.5507e-01,
          2.9689e-02],
        [-2.1533e-01,  1.0174e-01, -3.1110e-02, -8.9599e-02, -2.1695e-02,
          8.4947e-02, -4.0271e-02,  1.5738e-01,  1.8669e-01, -7.5078e-02,
          1.4644e-01,  7.1007e-02, -1.7871e-01, -2.6553e-02,  8.2840e-02,
         -1.3429e-01],
        [-2.8234e-01,  2.8991e-01,  4.8117e-03, -1.0684e-01, -1.2940e-01,
          3.5740e-01,  1.5046e-01,  4.6176e-02,  2.7567e-01,  1.8553e-01,
          2.8083e-03,  8.2091e-02, -1.1901e-01,  1.6249e-01, -9.0330e-02,
         -2.6627e-01],
        [-6.3282e-02,  5.2026e-02,  3.4383e-02,  2.2984e-02,  8.9938e-02,
          6.1036e-02,  2.9147e-01,  8.3537e-02,  9.4598e-02,  2.8625e-01,
          1.6441e-01,  1.3024e-01, -3.4932e-01, -2.0558e-01,  3.0440e-03,
         -1.5388e-01],
        [ 2.3782e-01,  3.7433e-02,  7.7869e-02, -8.0088e-02,  6.3740e-03,
          1.1422e-01,  2.8776e-02, -2.1525e-01, -2.2207e-01, -1.9538e-02,
          1.0128e-02, -6.2647e-02, -1.4848e-01,  9.8115e-02, -1.3540e-01,
         -5.6004e-02],
        [ 1.4976e-01,  1.5389e-01,  3.1350e-01,  5.2236e-02, -2.3921e-01,
          3.4175e-02,  2.6059e-02, -1.2960e-02, -1.5576e-01, -1.0550e-01,
         -1.0695e-01,  4.8758e-02,  5.8828e-02,  2.6407e-02, -2.9723e-01,
          1.8770e-01],
        [-3.1311e-01, -9.3316e-02, -1.0458e-02, -1.0823e-01,  2.9641e-01,
          3.5197e-01,  2.8680e-02,  6.0728e-02, -9.2806e-02,  1.2074e-01,
          1.4638e-02, -2.4719e-01, -2.5481e-02, -7.6927e-02, -1.7865e-02,
         -1.0716e-01],
        [-1.4599e-01, -2.5870e-01,  1.3226e-01,  1.5626e-01, -1.9353e-01,
          5.9243e-02, -7.4999e-02, -2.0086e-01, -8.8925e-02,  2.2698e-02,
          3.1140e-02,  3.2129e-01,  4.9828e-02, -1.0948e-01,  1.8562e-01,
          1.9129e-02],
        [ 2.6010e-01,  7.5451e-02,  1.4759e-01, -2.9266e-01, -2.9505e-01,
          9.1845e-03, -4.0115e-02,  4.8879e-02, -3.1278e-01, -1.3524e-01,
          2.5636e-01,  2.3622e-01,  3.0787e-01,  2.5763e-01, -1.1152e-01,
         -7.2938e-02],
        [-2.4715e-01,  1.7381e-01, -1.9829e-01,  8.3482e-02,  8.8918e-02,
          2.6026e-01,  2.3661e-01,  2.3695e-01,  9.7632e-02,  2.3526e-01,
         -1.2214e-01, -2.0268e-01, -1.3883e-01, -2.0207e-01,  2.6456e-01,
         -1.3180e-01],
        [ 1.5867e-01, -8.5712e-02,  8.5110e-02, -2.2481e-01, -1.1227e-01,
         -3.1319e-01, -2.0476e-01,  1.0305e-01, -3.2195e-01, -5.3094e-02,
          8.0167e-02, -1.5224e-01,  1.3681e-01,  2.1533e-01,  8.8011e-02,
          1.3126e-01],
        [ 3.0765e-01, -8.6745e-02,  2.1073e-01, -2.3715e-02, -2.4091e-01,
         -1.7304e-01, -2.8531e-01,  9.1522e-02,  2.0599e-02, -2.1350e-01,
          2.5736e-02,  1.8111e-01, -1.1175e-01,  7.5180e-02,  6.0370e-02,
          1.4236e-01],
        [-1.2261e-01,  2.5070e-01,  7.3996e-03, -1.3599e-01,  2.0255e-01,
         -9.0060e-02,  2.4129e-01,  3.0610e-01,  1.1554e-01,  1.3672e-02,
         -1.8277e-01, -2.1600e-01, -1.4449e-01, -1.6667e-01,  3.0443e-01,
         -2.0348e-01],
        [ 1.0805e-02, -1.5354e-01,  3.0500e-02,  2.9495e-01, -1.3530e-01,
          3.4464e-02,  1.5277e-01, -1.4963e-01, -7.2022e-02,  1.7880e-01,
          2.3999e-01, -1.7171e-01, -9.4177e-02, -2.9504e-01, -2.0372e-01,
          1.2964e-01],
        [ 3.1088e-01, -1.6250e-01,  2.4604e-03, -1.0149e-01,  6.7990e-02,
         -3.4732e-01, -2.3725e-01, -1.7671e-01, -1.9735e-01, -1.0314e-01,
          2.2839e-01,  1.5731e-01, -1.2967e-01,  2.8977e-01,  1.5380e-01,
          1.7379e-01],
        [ 2.1606e-01,  1.2143e-02,  2.9943e-01, -3.1780e-01, -1.9907e-01,
         -1.3570e-01, -1.4107e-01, -2.5529e-01, -3.2188e-01, -2.8231e-01,
          3.4565e-02,  3.1204e-01,  2.6013e-01,  1.2651e-01, -2.0110e-01,
         -1.1634e-02],
        [ 1.2918e-01, -3.2209e-01,  9.6685e-02, -4.1271e-02,  1.7365e-01,
         -1.7660e-01,  1.4084e-01, -8.1319e-02, -2.6787e-01,  1.3383e-01,
          2.6557e-01, -8.9324e-02, -4.3217e-02,  1.8338e-01, -2.0488e-01,
          2.7171e-01],
        [-1.8258e-02, -1.6606e-01,  3.2592e-02,  1.4779e-01, -1.4195e-01,
         -1.5477e-01,  4.7250e-02, -2.6682e-01, -1.0138e-01, -2.9412e-01,
         -2.0971e-01,  4.7502e-02,  1.2486e-01,  2.7814e-01, -2.9858e-01,
          2.5984e-02],
        [ 1.6651e-01,  5.9429e-03,  2.4924e-01, -2.8765e-01, -1.0883e-01,
         -4.9775e-02, -2.9999e-01,  3.0270e-02, -3.2734e-01,  5.8273e-02,
          9.6686e-02,  3.3145e-02,  1.8168e-01,  2.7056e-01,  1.3868e-01,
          2.4871e-01],
        [-2.5249e-01,  1.6087e-01,  7.8199e-02,  1.3629e-01,  2.1633e-01,
         -4.2167e-02,  2.8174e-01,  9.3281e-02, -1.3041e-01,  3.9276e-02,
          1.5549e-01, -1.9672e-01, -1.4955e-01, -1.6412e-01, -8.2852e-02,
         -5.9733e-02],
        [ 2.5181e-01, -4.3709e-02,  8.7693e-02, -7.2520e-02, -2.3997e-01,
         -2.4098e-01, -8.9077e-02, -2.9267e-01,  3.3592e-02, -6.1997e-02,
          9.0272e-02,  8.9328e-02,  3.0483e-01,  2.9240e-01,  5.6347e-02,
          2.2202e-01],
        [-2.1962e-01,  1.8822e-01, -2.6977e-01,  1.9240e-01, -1.3211e-01,
          1.0265e-01,  2.7805e-01,  2.5974e-01,  3.0724e-01,  1.7940e-01,
          1.0943e-01, -3.4524e-02,  8.4819e-02,  7.5900e-02,  1.1063e-01,
         -1.8135e-01],
        [-2.2564e-01,  2.9885e-02,  1.1987e-02, -4.4896e-02,  1.2356e-01,
          3.3001e-01,  3.1591e-01, -8.5935e-02,  1.6530e-01,  2.6555e-01,
         -2.8606e-01,  5.1305e-02, -2.5691e-01, -2.4578e-01, -4.8141e-02,
         -1.9612e-01],
        [-5.8622e-03, -1.7972e-02,  1.9756e-01,  5.5261e-03,  9.0504e-02,
         -2.6286e-01, -3.3168e-01, -2.9686e-01, -2.2956e-01, -2.1423e-01,
          1.3416e-01, -8.1826e-02, -8.3249e-02,  2.2490e-01, -2.3767e-01,
          1.4347e-01]], device='cuda:0', requires_grad=True)

Parameter name: road_linear_0.bias
Shape: torch.Size([32])
Values: Parameter containing:
tensor([-0.1605,  0.0112,  0.0832, -0.0912,  0.0306, -0.1130,  0.1005,  0.1475,
        -0.1260,  0.0263,  0.0658,  0.1325,  0.2141,  0.0720,  0.0454,  0.0318,
        -0.1104, -0.0270,  0.0277, -0.0419, -0.0508,  0.0090, -0.0676,  0.0093,
        -0.1797,  0.2095,  0.0965,  0.1008, -0.1049, -0.2136,  0.1068, -0.0356],
       device='cuda:0', requires_grad=True)

Parameter name: road_linear_1.weight
Shape: torch.Size([1, 32])
Values: Parameter containing:
tensor([[ 0.0748,  0.1593, -0.0977, -0.1195,  0.1549,  0.2125, -0.1617, -0.2635,
         -0.1445,  0.1986,  0.1234,  0.2476, -0.0622, -0.2567,  0.1621, -0.0763,
         -0.1813,  0.2198, -0.0959, -0.1267,  0.2685,  0.1155, -0.2529, -0.2710,
         -0.1813, -0.1932, -0.2004,  0.2009, -0.2307,  0.2692,  0.1674, -0.1087]],
       device='cuda:0', requires_grad=True)

Parameter name: linear_0.weight
Shape: torch.Size([32, 39])
Values: Parameter containing:
tensor([[-0.0068,  0.0629,  0.0850,  ...,  0.0103, -0.1665, -0.1137],
        [-0.1053, -0.0732,  0.1172,  ..., -0.0207, -0.2256,  0.0871],
        [-0.0450,  0.0377,  0.0892,  ...,  0.1368,  0.1273,  0.0345],
        ...,
        [ 0.1006, -0.1095, -0.0092,  ..., -0.0901, -0.0759, -0.1180],
        [ 0.0719, -0.1695, -0.0397,  ..., -0.1445,  0.0350,  0.1557],
        [-0.1708,  0.1078,  0.0574,  ..., -0.0577, -0.1497, -0.0509]],
       device='cuda:0', requires_grad=True)

Parameter name: linear_0.bias
Shape: torch.Size([32])
Values: Parameter containing:
tensor([ 0.0327,  0.0380, -0.0938, -0.1430, -0.0771,  0.0497, -0.0966,  0.0511,
        -0.0095,  0.0656,  0.0214,  0.0081, -0.0413,  0.0614, -0.0480, -0.0138,
         0.0453, -0.1747, -0.0614,  0.0608, -0.0481,  0.0522,  0.1163,  0.0031,
        -0.0726,  0.1092,  0.0472, -0.0927,  0.0322,  0.1853,  0.1661, -0.1259],
       device='cuda:0', requires_grad=True)

Parameter name: linear_1.weight
Shape: torch.Size([32, 32])
Values: Parameter containing:
tensor([[ 0.1308, -0.1106, -0.1480,  ...,  0.0156, -0.1129,  0.1151],
        [-0.1313,  0.0511,  0.0271,  ...,  0.1032, -0.1074,  0.1091],
        [ 0.0552, -0.1247, -0.0907,  ..., -0.0928,  0.0911,  0.1146],
        ...,
        [ 0.0588,  0.0222,  0.1541,  ...,  0.1010, -0.1209,  0.2045],
        [ 0.0639, -0.0602, -0.0173,  ...,  0.1877,  0.1273, -0.1067],
        [ 0.0662, -0.0503,  0.1517,  ...,  0.1959,  0.0541,  0.0059]],
       device='cuda:0', requires_grad=True)

Parameter name: linear_1.bias
Shape: torch.Size([32])
Values: Parameter containing:
tensor([ 0.0948,  0.1313, -0.0227, -0.0729, -0.0405, -0.0656, -0.0346, -0.0837,
         0.1307, -0.1498,  0.1289, -0.1267,  0.1742,  0.0773, -0.1410,  0.0828,
        -0.1374, -0.1671,  0.0398, -0.0240,  0.0166,  0.1134, -0.1892,  0.2036,
        -0.0696, -0.0121,  0.0881, -0.0469, -0.1178, -0.0701,  0.0958,  0.0196],
       device='cuda:0', requires_grad=True)

Parameter name: linear_2.weight
Shape: torch.Size([1, 32])
Values: Parameter containing:
tensor([[ 0.2026,  0.1210, -0.1706, -0.1505,  0.0146,  0.0186, -0.0816,  0.0130,
          0.1133, -0.1439, -0.0509,  0.0759,  0.0781,  0.0700,  0.1120,  0.0911,
         -0.2027, -0.2060,  0.0447,  0.0428, -0.1102, -0.0926, -0.1858,  0.0659,
          0.1298,  0.2108, -0.1775,  0.1422, -0.0884, -0.1920,  0.1473,  0.1847]],
       device='cuda:0', requires_grad=True)

Parameter name: linear_2.bias
Shape: torch.Size([1])
Values: Parameter containing:
tensor([0.0182], device='cuda:0', requires_grad=True)

Parameter name: road_linear_0.weight
Shape: torch.Size([32, 16])
Values: Parameter containing:
tensor([[-0.2547,  0.3196,  0.0549, -0.0828,  0.0572,  0.0989,  0.2261, -0.1162,
          0.1079,  0.1867,  0.1153, -0.0744, -0.2194, -0.3048,  0.1888,  0.1278],
        [-0.1845, -0.1345, -0.0385, -0.0757, -0.1083,  0.1791,  0.0830,  0.0835,
          0.3258,  0.0628,  0.1058, -0.1854,  0.0849,  0.0109,  0.2760, -0.0175],
        [ 0.0089,  0.0277,  0.3137, -0.0537,  0.0199, -0.2721,  0.0399, -0.3335,
          0.1243,  0.0005,  0.0150, -0.1409,  0.3204,  0.2597,  0.1443,  0.1946],
        [ 0.2047, -0.1629,  0.0202, -0.0078,  0.0248, -0.1298, -0.0742, -0.0228,
         -0.3483, -0.3347,  0.0151,  0.2891,  0.2320, -0.1664, -0.1391,  0.0927],
        [-0.0237,  0.2903, -0.1026, -0.0986,  0.0665,  0.0121, -0.0497,  0.2376,
          0.0643,  0.2218,  0.1450, -0.0812,  0.0390, -0.1804,  0.1880, -0.0902],
        [ 0.0595,  0.3284, -0.2979,  0.3344,  0.2455, -0.0919,  0.1773, -0.1038,
          0.1809,  0.1437, -0.2367, -0.0153, -0.1687,  0.1853,  0.2983, -0.0158],
        [ 0.3109, -0.0076,  0.3518, -0.1231,  0.0096, -0.1556, -0.1122, -0.1802,
         -0.1993,  0.0392,  0.0507,  0.0004, -0.1127,  0.1824, -0.2600,  0.0991],
        [-0.1103,  0.1215,  0.3108, -0.2997, -0.2793, -0.2538, -0.0317, -0.2218,
         -0.1536, -0.1631,  0.0011, -0.0151,  0.2135, -0.1224, -0.0570,  0.3100],
        [-0.0325,  0.1072,  0.2383, -0.1772,  0.0358, -0.2781, -0.0821, -0.0272,
          0.1183, -0.2438, -0.0963, -0.0189, -0.1452,  0.1135, -0.2572,  0.0329],
        [-0.2190,  0.1025, -0.0340, -0.0840, -0.0206,  0.0858, -0.0398,  0.1583,
          0.1915, -0.0724,  0.1447,  0.0705, -0.1793, -0.0270,  0.0826, -0.1369],
        [-0.2863,  0.2913,  0.0017, -0.1011, -0.1297,  0.3585,  0.1509,  0.0467,
          0.2797,  0.1885,  0.0026,  0.0817, -0.1190,  0.1615, -0.0885, -0.2694],
        [-0.0671,  0.0541,  0.0316,  0.0289,  0.0900,  0.0626,  0.2903,  0.0842,
          0.0988,  0.2898,  0.1615,  0.1289, -0.3493, -0.2059,  0.0041, -0.1563],
        [ 0.2432,  0.0343,  0.0826, -0.0874,  0.0034,  0.1120,  0.0262, -0.2180,
         -0.2284, -0.0232,  0.0119, -0.0608, -0.1460,  0.1006, -0.1377, -0.0515],
        [ 0.1537,  0.1537,  0.3168,  0.0460, -0.2403,  0.0333,  0.0253, -0.0141,
         -0.1604, -0.1085, -0.1007,  0.0493,  0.0594,  0.0266, -0.2972,  0.1908],
        [-0.3170, -0.0936, -0.0138, -0.1020,  0.2977,  0.3517,  0.0302,  0.0617,
         -0.0877,  0.1234,  0.0154, -0.2467, -0.0257, -0.0772, -0.0199, -0.1107],
        [-0.1426, -0.2600,  0.1351,  0.1507, -0.1953,  0.0583, -0.0757, -0.2020,
         -0.0939,  0.0204,  0.0400,  0.3219,  0.0512, -0.1088,  0.1846,  0.0215],
        [ 0.2638,  0.0764,  0.1509, -0.2992, -0.2944,  0.0087, -0.0400,  0.0482,
         -0.3162, -0.1381,  0.2576,  0.2366,  0.3080,  0.2567, -0.1107, -0.0701],
        [-0.2513,  0.1728, -0.2026,  0.0911,  0.0890,  0.2599,  0.2380,  0.2383,
          0.1026,  0.2382, -0.1173, -0.2024, -0.1385, -0.2013,  0.2628, -0.1354],
        [ 0.1624, -0.0838,  0.0885, -0.2285, -0.1105, -0.3153, -0.2049,  0.1023,
         -0.3224, -0.0557,  0.0839, -0.1510,  0.1363,  0.2143,  0.0931,  0.1342],
        [ 0.3121, -0.0858,  0.2141, -0.0300, -0.2404, -0.1748, -0.2852,  0.0907,
          0.0162, -0.2170,  0.0265,  0.1823, -0.1114,  0.0754,  0.0609,  0.1457],
        [-0.1263,  0.2509,  0.0041, -0.1300,  0.2042, -0.0897,  0.2420,  0.3079,
          0.1202,  0.0164, -0.1813, -0.2164, -0.1445, -0.1671,  0.3057, -0.2061],
        [ 0.0068, -0.1519,  0.0273,  0.3011, -0.1329,  0.0363,  0.1536, -0.1482,
         -0.0669,  0.1819,  0.2330, -0.1731, -0.0955, -0.2963, -0.2009,  0.1268],
        [ 0.3150, -0.1611,  0.0061, -0.1084,  0.0690, -0.3484, -0.2373, -0.1772,
         -0.2013, -0.1064,  0.2256,  0.1578, -0.1299,  0.2893,  0.1552,  0.1770],
        [ 0.2201,  0.0140,  0.3034, -0.3255, -0.1980, -0.1362, -0.1409, -0.2562,
         -0.3260, -0.2857,  0.0296,  0.3125,  0.2590,  0.1258, -0.1998, -0.0086],
        [ 0.1332, -0.3221,  0.1000, -0.0475,  0.1725, -0.1776,  0.1404, -0.0824,
         -0.2727,  0.1308,  0.2683, -0.0886, -0.0426,  0.1837, -0.2050,  0.2748],
        [-0.0153, -0.1664,  0.0353,  0.1423, -0.1442, -0.1530,  0.0456, -0.2678,
         -0.1059, -0.2957, -0.2175,  0.0461,  0.1247,  0.2784, -0.2981,  0.0286],
        [ 0.1705,  0.0076,  0.2523, -0.2935, -0.1061, -0.0525, -0.2984,  0.0304,
         -0.3299,  0.0548,  0.1008,  0.0348,  0.1819,  0.2696,  0.1391,  0.2512],
        [-0.2562,  0.1617,  0.0754,  0.1421,  0.2172, -0.0407,  0.2811,  0.0941,
         -0.1259,  0.0425,  0.1549, -0.1978, -0.1500, -0.1646, -0.0822, -0.0623],
        [ 0.2560, -0.0463,  0.0913, -0.0796, -0.2397, -0.2417, -0.0889, -0.2935,
          0.0294, -0.0653,  0.0889,  0.0897,  0.3041,  0.2929,  0.0546,  0.2252],
        [-0.2236,  0.1868, -0.2733,  0.1990, -0.1338,  0.1041,  0.2779,  0.2599,
          0.3110,  0.1825,  0.1078, -0.0351,  0.0848,  0.0767,  0.1101, -0.1844],
        [-0.2298,  0.0283,  0.0084, -0.0383,  0.1223,  0.3311,  0.3159, -0.0854,
          0.1690,  0.2687, -0.2858,  0.0510, -0.2565, -0.2453, -0.0498, -0.1993],
        [-0.0012, -0.0161,  0.2013, -0.0009,  0.0919, -0.2638, -0.3322, -0.2979,
         -0.2340, -0.2180,  0.1419, -0.0807, -0.0832,  0.2238, -0.2347,  0.1474]],
       device='cuda:0', requires_grad=True)

Parameter name: road_linear_0.bias
Shape: torch.Size([32])
Values: Parameter containing:
tensor([-0.1557,  0.0228,  0.0747, -0.0979,  0.0389, -0.1076,  0.0966,  0.1460,
        -0.1266,  0.0322,  0.0648,  0.1314,  0.2052,  0.0698,  0.0660,  0.0335,
        -0.1148, -0.0190,  0.0301, -0.0402, -0.0475, -0.0008, -0.0720,  0.0040,
        -0.1798,  0.2037,  0.1032,  0.0983, -0.1067, -0.2137,  0.1122, -0.0360],
       device='cuda:0', requires_grad=True)

Parameter name: road_linear_1.weight
Shape: torch.Size([1, 32])
Values: Parameter containing:
tensor([[ 0.0761,  0.1597, -0.0998, -0.1217,  0.1564,  0.2166, -0.1646, -0.2660,
         -0.1462,  0.1982,  0.1253,  0.2487, -0.0683, -0.2596,  0.1643, -0.0757,
         -0.1846,  0.2218, -0.0990, -0.1294,  0.2699,  0.1202, -0.2553, -0.2736,
         -0.1858, -0.1932, -0.2035,  0.2039, -0.2326,  0.2718,  0.1696, -0.1106]],
       device='cuda:0', requires_grad=True)

Parameter name: linear_0.weight
Shape: torch.Size([32, 39])
Values: Parameter containing:
tensor([[-0.0220,  0.0783,  0.0913,  ...,  0.0050, -0.1753, -0.1137],
        [-0.1078, -0.0732,  0.1224,  ..., -0.0145, -0.2367,  0.0871],
        [-0.0446,  0.0409,  0.0848,  ...,  0.1336,  0.1330,  0.0345],
        ...,
        [ 0.1022, -0.1163, -0.0143,  ..., -0.0873, -0.0753, -0.1180],
        [ 0.0753, -0.1704, -0.0464,  ..., -0.1494,  0.0472,  0.1557],
        [-0.1726,  0.1102,  0.0614,  ..., -0.0582, -0.1498, -0.0509]],
       device='cuda:0', requires_grad=True)

Parameter name: linear_0.bias
Shape: torch.Size([32])
Values: Parameter containing:
tensor([ 0.0246,  0.0324, -0.0910, -0.1467, -0.0817,  0.0695, -0.0923,  0.0509,
        -0.0075,  0.0602,  0.0139,  0.0108, -0.0448,  0.0851, -0.0443, -0.0128,
         0.0413, -0.1773, -0.0613,  0.0640, -0.0438,  0.0178,  0.1223,  0.0072,
        -0.1051,  0.1211,  0.0516, -0.0947,  0.0298,  0.1886,  0.1730, -0.1282],
       device='cuda:0', requires_grad=True)

Parameter name: linear_1.weight
Shape: torch.Size([32, 32])
Values: Parameter containing:
tensor([[ 0.1226, -0.1191, -0.1508,  ...,  0.0195, -0.1008,  0.1127],
        [-0.1413,  0.0409,  0.0258,  ...,  0.1090, -0.0927,  0.1045],
        [ 0.0643, -0.1151, -0.0886,  ..., -0.0976,  0.0774,  0.1181],
        ...,
        [ 0.0664,  0.0298,  0.1574,  ...,  0.0981, -0.1325,  0.2058],
        [ 0.0546, -0.0698, -0.0195,  ...,  0.1927,  0.1412, -0.1102],
        [ 0.0584, -0.0575,  0.1481,  ...,  0.1990,  0.0654,  0.0048]],
       device='cuda:0', requires_grad=True)

Parameter name: linear_1.bias
Shape: torch.Size([32])
Values: Parameter containing:
tensor([ 0.0998,  0.1380, -0.0287, -0.0799, -0.0412, -0.0482, -0.0427, -0.0693,
         0.1360, -0.1561,  0.1210, -0.1214,  0.1795,  0.0800, -0.1360,  0.0906,
        -0.1430, -0.1708,  0.0460, -0.0154,  0.0085,  0.1062, -0.1957,  0.2074,
        -0.0617, -0.0075,  0.0817, -0.0403, -0.1255, -0.0747,  0.1019,  0.0244],
       device='cuda:0', requires_grad=True)

Parameter name: linear_2.weight
Shape: torch.Size([1, 32])
Values: Parameter containing:
tensor([[ 0.2145,  0.1285, -0.1830, -0.1831,  0.0098,  0.0425, -0.0959,  0.0520,
          0.1269, -0.1500, -0.0752,  0.0910,  0.0942,  0.0802,  0.1291,  0.1049,
         -0.2124, -0.2178,  0.0623,  0.0558, -0.1250, -0.1066, -0.1989,  0.0770,
          0.1431,  0.2205, -0.1882,  0.1714, -0.1068, -0.2039,  0.1608,  0.1979]],
       device='cuda:0', requires_grad=True)

Parameter name: linear_2.bias
Shape: torch.Size([1])
Values: Parameter containing:
tensor([0.0270], device='cuda:0', requires_grad=True)

