Parameter name: road_linear_0.weight
Shape: torch.Size([32, 16])
Values: Parameter containing:
tensor([[-1.7324e-01,  2.5718e-01,  1.5254e-01, -2.0124e-01,  2.6639e-02,
         -2.5512e-02,  1.4482e-01, -1.8725e-01,  3.1266e-02,  7.4615e-02,
          1.0302e-01,  6.1667e-04, -1.4491e-01, -2.6721e-01,  1.6201e-01,
          2.0949e-01],
        [-9.6565e-02, -2.0188e-01,  6.2381e-02, -1.9820e-01, -1.3657e-01,
          4.5303e-02,  2.4202e-03,  9.9832e-03,  2.5091e-01, -5.9921e-02,
          1.3171e-01, -1.0207e-01,  1.6400e-01,  4.8647e-02,  2.5008e-01,
          6.9125e-02],
        [-1.0864e-01,  1.3274e-01,  2.0552e-01,  2.4361e-02,  1.4029e-01,
         -1.9516e-01,  1.6163e-01, -2.0985e-01,  2.4855e-01,  8.4982e-02,
         -3.4158e-03, -2.5973e-01,  2.0374e-01,  1.3389e-01,  2.5501e-01,
          8.1906e-02],
        [ 1.0697e-01, -8.6815e-02, -9.2278e-02,  1.1897e-01,  6.2457e-02,
          7.5220e-03,  1.4850e-02,  6.0387e-02, -2.6884e-01, -2.2137e-01,
         -4.3111e-02,  1.9571e-01,  1.4220e-01, -2.1386e-01, -1.0009e-01,
         -9.6262e-03],
        [ 5.8251e-02,  2.2526e-01, -4.8962e-03, -2.1646e-01,  4.2610e-02,
         -1.1844e-01, -1.2716e-01,  1.6555e-01, -6.4840e-03,  1.1135e-01,
          1.7076e-01, -2.6268e-04,  1.2066e-01, -1.4621e-01,  1.6751e-01,
         -9.5384e-03],
        [ 1.4519e-01,  2.6142e-01, -1.9693e-01,  2.1331e-01,  2.1823e-01,
         -2.2581e-01,  9.9296e-02, -1.7640e-01,  1.0838e-01,  1.8578e-02,
         -2.5944e-01,  6.5622e-02, -9.1480e-02,  2.2094e-01,  2.7209e-01,
          6.8359e-02],
        [ 2.0597e-01,  6.6615e-02,  2.3490e-01,  1.8954e-03,  3.7227e-02,
         -1.7539e-02, -3.1012e-02, -1.0178e-01, -1.2467e-01,  1.6935e-01,
          1.1319e-01, -8.6943e-02, -1.9540e-01,  1.4775e-01, -2.5371e-01,
          3.0023e-04],
        [-1.9571e-01,  1.8916e-01,  2.1261e-01, -1.8341e-01, -2.5797e-01,
         -1.2530e-01,  4.3662e-02, -1.5103e-01, -8.4664e-02, -4.8686e-02,
          6.4667e-02, -9.5734e-02,  1.3449e-01, -1.5231e-01, -4.7937e-02,
          2.2587e-01],
        [-1.1525e-01,  1.7271e-01,  1.4015e-01, -6.0400e-02,  6.0427e-02,
         -1.4842e-01, -3.3770e-03,  4.5169e-02,  1.9023e-01, -1.3267e-01,
         -1.1862e-01, -1.0125e-01, -2.2543e-01,  7.7789e-02, -2.3406e-01,
         -4.9069e-02],
        [-1.3454e-01,  3.4475e-02,  6.6363e-02, -2.0351e-01, -4.6862e-02,
         -4.6086e-02, -1.1912e-01,  8.4533e-02,  1.1922e-01, -1.8690e-01,
          1.7368e-01,  1.5336e-01, -9.5295e-02,  9.3343e-03,  5.8065e-02,
         -5.3368e-02],
        [-1.8673e-01,  2.2694e-01,  1.1401e-01, -2.2928e-01, -1.7057e-01,
          2.2068e-01,  6.4060e-02, -3.2984e-02,  1.9481e-01,  5.9541e-02,
          7.0985e-02,  1.7533e-01, -4.0336e-02,  2.1414e-01, -1.5161e-01,
         -1.6732e-01],
        [ 1.7708e-02, -1.0542e-02,  1.3445e-01, -8.8795e-02,  6.6519e-02,
         -7.2788e-02,  2.1250e-01,  1.0407e-02,  3.0930e-02,  1.8036e-01,
          2.1813e-01,  2.1439e-01, -2.6275e-01, -1.6933e-01, -2.6365e-02,
         -7.1225e-02],
        [ 1.6288e-01,  9.2094e-02, -8.1841e-03,  2.7889e-02,  2.8377e-02,
          2.3654e-01,  1.0370e-01, -1.5220e-01, -1.5343e-01,  9.5728e-02,
         -8.1664e-03, -1.3775e-01, -2.2015e-01,  6.1904e-02, -9.8263e-02,
         -1.2902e-01],
        [ 6.5746e-02,  2.2166e-01,  2.1823e-01,  1.6606e-01, -2.1485e-01,
          1.6652e-01,  1.0263e-01,  5.6472e-02, -8.8251e-02,  1.6268e-02,
         -1.1827e-01, -3.2865e-02, -1.8106e-02, -8.1309e-03, -2.7506e-01,
          1.0529e-01],
        [-2.2464e-01, -1.6825e-01,  9.1940e-02, -2.2442e-01,  2.6318e-01,
          2.2020e-01, -5.5992e-02, -1.8267e-02, -1.6655e-01,  6.7764e-03,
          2.5578e-02, -1.5916e-01,  6.0048e-02, -3.5302e-02, -4.8263e-02,
         -1.7209e-02],
        [-2.1862e-01, -1.9532e-01,  4.4442e-02,  2.6158e-01, -1.7462e-01,
          1.8004e-01, -1.8513e-03, -1.3399e-01, -2.6090e-02,  1.1830e-01,
          5.3357e-02,  2.4524e-01, -2.9850e-02, -1.3956e-01,  1.9887e-01,
         -5.2430e-02],
        [ 1.6512e-01,  1.4114e-01,  4.1446e-02, -1.7952e-01, -2.7142e-01,
          1.4461e-01,  3.4695e-02,  1.1874e-01, -2.4678e-01, -8.8024e-03,
          2.1522e-01,  1.5555e-01,  2.3258e-01,  2.2339e-01, -8.7077e-02,
         -1.5766e-01],
        [-1.5439e-01,  1.0871e-01, -9.4768e-02, -2.4776e-02,  6.5593e-02,
          1.2903e-01,  1.6584e-01,  1.6929e-01,  3.6288e-02,  1.1516e-01,
         -1.1548e-01, -1.2398e-01, -6.4524e-02, -1.7197e-01,  2.4834e-01,
         -5.0460e-02],
        [ 5.1428e-02,  1.4384e-02, -1.2981e-02, -1.5426e-01,  6.1274e-03,
         -2.4063e-01, -9.4314e-02,  2.1821e-01, -2.0746e-01,  3.2940e-02,
          1.8049e-02, -2.6430e-01,  2.7655e-02,  9.1210e-02,  2.0610e-01,
          3.0854e-02],
        [ 2.0578e-01, -2.8297e-03,  9.4833e-02,  8.5591e-02, -1.9641e-01,
         -4.5962e-02, -1.8870e-01,  1.8127e-01,  1.0570e-01, -9.8062e-02,
         -3.4458e-02,  7.9303e-02, -2.0653e-01,  1.8861e-02,  1.0707e-01,
          3.9139e-02],
        [-4.7447e-02,  1.8106e-01,  9.7915e-02, -2.4374e-01,  1.7482e-01,
         -2.1903e-01,  1.6525e-01,  2.3740e-01,  5.0303e-02, -9.3068e-02,
         -1.5447e-01, -1.3603e-01, -6.5535e-02, -1.3216e-01,  2.7684e-01,
         -1.2774e-01],
        [ 8.6276e-02, -2.1038e-01,  1.2242e-01,  1.8924e-01, -1.5278e-01,
         -8.8088e-02,  8.4210e-02, -2.1338e-01, -1.3196e-01,  6.6199e-02,
          2.1890e-01, -9.8575e-02, -2.4153e-02, -2.6877e-01, -2.1559e-01,
          2.0157e-01],
        [ 2.3123e-01, -9.8565e-02, -9.1543e-02,  7.9710e-03,  8.9321e-02,
         -2.1699e-01, -1.6490e-01, -1.0942e-01, -1.3534e-01,  1.5006e-02,
          2.0022e-01,  7.8817e-02, -2.0295e-01,  2.5886e-01,  1.7424e-01,
          9.5559e-02],
        [ 1.2741e-01,  6.9384e-02,  1.9920e-01, -2.1432e-01, -1.8099e-01,
         -5.0050e-03, -7.4507e-02, -1.9284e-01, -2.6547e-01, -1.6404e-01,
         -3.8387e-02,  2.3568e-01,  1.9128e-01,  9.8570e-02, -1.7773e-01,
         -8.9308e-02],
        [ 4.7083e-02, -2.5330e-01, -1.6612e-03,  7.3655e-02,  1.9888e-01,
         -4.2883e-02,  2.1949e-01, -8.2228e-03, -2.0064e-01,  2.4917e-01,
          2.3979e-01, -1.7255e-01, -1.2349e-01,  1.4757e-01, -1.8157e-01,
          1.8897e-01],
        [-9.9214e-02, -1.0007e-01, -6.0193e-02,  2.6253e-01, -1.1180e-01,
         -2.4295e-02,  1.2486e-01, -1.9830e-01, -2.8234e-02, -1.7234e-01,
         -2.1174e-01, -3.2310e-02,  5.0822e-02,  2.4126e-01, -2.6774e-01,
         -5.3724e-02],
        [ 8.5392e-02,  7.1837e-02,  1.5343e-01, -1.7683e-01, -8.7838e-02,
          8.2035e-02, -2.2692e-01,  9.8855e-02, -2.6532e-01,  1.7704e-01,
          9.9802e-02, -4.6478e-02,  1.0446e-01,  2.3938e-01,  1.5682e-01,
          1.6847e-01],
        [-1.6863e-01,  9.2583e-02,  1.7726e-01,  2.2280e-02,  1.9218e-01,
         -1.7661e-01,  2.0149e-01,  1.8520e-02, -1.9762e-01, -7.0661e-02,
          1.9819e-01, -1.1167e-01, -6.3735e-02, -1.2767e-01, -1.0875e-01,
          2.4211e-02],
        [ 1.7629e-01,  8.6081e-03,  1.5896e-04,  3.5912e-02, -2.1499e-01,
         -1.1060e-01, -1.4335e-02, -2.2752e-01,  9.6404e-02,  3.4949e-02,
          2.6717e-02,  9.1643e-03,  2.3126e-01,  2.5652e-01,  9.4175e-02,
          1.4546e-01],
        [-1.3743e-01,  1.2494e-01, -1.7249e-01,  8.3341e-02, -1.5111e-01,
         -2.6683e-02,  2.0759e-01,  1.9287e-01,  2.4739e-01,  6.1627e-02,
          8.2936e-02,  4.2985e-02,  1.5872e-01,  1.0377e-01,  1.0047e-01,
         -1.0261e-01],
        [-1.4367e-01, -3.9723e-02,  1.0773e-01, -1.5902e-01,  9.5194e-02,
          1.9654e-01,  2.3827e-01, -1.5678e-01,  9.8478e-02,  1.5152e-01,
         -2.4928e-01,  1.3473e-01, -1.7807e-01, -2.0847e-01, -7.8579e-02,
         -1.1310e-01],
        [-1.0804e-01,  7.5803e-02,  1.0265e-01,  9.5153e-02,  1.7197e-01,
         -1.5836e-01, -2.3722e-01, -2.0102e-01, -1.3717e-01, -1.1655e-01,
          1.0329e-01, -1.8307e-01, -1.8534e-01,  1.3580e-01, -1.6020e-01,
          4.3581e-02]], device='cuda:0', requires_grad=True)

Parameter name: road_linear_0.bias
Shape: torch.Size([32])
Values: Parameter containing:
tensor([-1.8730e-01,  1.0575e-01,  1.7658e-01, -1.9547e-01,  7.0191e-02,
        -1.0670e-01,  1.3451e-01,  2.3203e-01, -2.0933e-01,  7.6286e-02,
         1.6821e-01,  2.1568e-01,  1.8981e-01,  4.4956e-02, -1.8678e-04,
         7.5922e-02, -1.7663e-01, -2.1096e-02, -1.3415e-03, -1.6104e-01,
        -5.8982e-03, -9.7702e-03, -1.1414e-01, -1.0588e-01, -2.6355e-01,
         2.1288e-01,  9.7549e-02,  1.6003e-01, -1.8873e-01, -2.1638e-01,
         1.7839e-01, -4.9890e-02], device='cuda:0', requires_grad=True)

Parameter name: road_linear_1.weight
Shape: torch.Size([1, 32])
Values: Parameter containing:
tensor([[ 0.0528,  0.1014,  0.0382, -0.0309,  0.1308,  0.1674, -0.0766, -0.1418,
         -0.0752,  0.1510,  0.0174,  0.1639, -0.0608, -0.1711,  0.0343, -0.0976,
         -0.1331,  0.1366,  0.0302,  0.0030,  0.1980,  0.1300, -0.1707, -0.1900,
         -0.1127, -0.1612, -0.1203,  0.1419, -0.1449,  0.1902,  0.0816, -0.0179]],
       device='cuda:0', requires_grad=True)

Parameter name: linear_0.weight
Shape: torch.Size([32, 39])
Values: Parameter containing:
tensor([[ 0.0096,  0.0476,  0.0305,  ...,  0.0205, -0.1360, -0.1137],
        [-0.0187, -0.1397,  0.1101,  ..., -0.0053, -0.1765,  0.0871],
        [-0.1157,  0.0914,  0.0871,  ...,  0.1297,  0.0917,  0.0345],
        ...,
        [ 0.1075, -0.1011,  0.0338,  ..., -0.0925, -0.0920, -0.1180],
        [-0.0128, -0.1054, -0.0316,  ..., -0.1567, -0.0134,  0.1557],
        [-0.1597,  0.0827,  0.0153,  ..., -0.0488, -0.1222, -0.0509]],
       device='cuda:0', requires_grad=True)

Parameter name: linear_0.bias
Shape: torch.Size([32])
Values: Parameter containing:
tensor([ 0.0427,  0.0887, -0.1288, -0.0942, -0.0255,  0.0087, -0.1264,  0.0950,
        -0.0498,  0.1116,  0.0676, -0.0424, -0.0364,  0.0688, -0.1047, -0.0588,
         0.0888, -0.1332, -0.0110,  0.0245, -0.0994,  0.0785,  0.0618, -0.0427,
        -0.0394,  0.1018, -0.0079, -0.1412,  0.0771,  0.1794,  0.1186, -0.1077],
       device='cuda:0', requires_grad=True)

Parameter name: linear_1.weight
Shape: torch.Size([32, 32])
Values: Parameter containing:
tensor([[ 1.8469e-01, -9.8582e-02, -1.1004e-01,  ..., -4.0906e-02,
         -1.1114e-01,  1.5407e-01],
        [-7.3902e-02,  6.6582e-02,  6.5797e-02,  ...,  4.3393e-02,
         -1.0944e-01,  1.5076e-01],
        [-2.4861e-05, -1.3815e-01, -1.2733e-01,  ..., -3.5156e-02,
          9.0869e-02,  7.4822e-02],
        ...,
        [ 4.4827e-03,  8.8594e-03,  1.1490e-01,  ...,  1.5879e-01,
         -1.2165e-01,  1.6380e-01],
        [ 1.2098e-01, -4.6635e-02,  2.0144e-02,  ...,  1.2839e-01,
          1.2761e-01, -6.6156e-02],
        [ 1.2083e-01, -3.7572e-02,  1.9065e-01,  ...,  1.3812e-01,
          5.5706e-02,  4.6274e-02]], device='cuda:0', requires_grad=True)

Parameter name: linear_1.bias
Shape: torch.Size([32])
Values: Parameter containing:
tensor([ 0.0498,  0.0828,  0.0232, -0.0253, -0.0843, -0.1170,  0.0139, -0.1209,
         0.0855, -0.1048,  0.1758, -0.1736,  0.1273,  0.0356, -0.1874,  0.0332,
        -0.0936, -0.1215, -0.0155, -0.0694,  0.0635,  0.1600, -0.1430,  0.1579,
        -0.1178, -0.0546,  0.1328, -0.0940, -0.0698, -0.0238,  0.0481, -0.0262],
       device='cuda:0', requires_grad=True)

Parameter name: linear_2.weight
Shape: torch.Size([1, 32])
Values: Parameter containing:
tensor([[ 0.1832,  0.0690, -0.1797, -0.1231,  0.0407,  0.0181, -0.0806,  0.0789,
          0.0572, -0.0867, -0.0551,  0.0892,  0.0571, -0.0073,  0.1167,  0.0474,
         -0.1677, -0.1928,  0.0347,  0.0845, -0.1316, -0.1141, -0.1898,  0.0124,
          0.1486,  0.1822, -0.1692,  0.1324, -0.0957, -0.1806,  0.1386,  0.1739]],
       device='cuda:0', requires_grad=True)

Parameter name: linear_2.bias
Shape: torch.Size([1])
Values: Parameter containing:
tensor([-0.0297], device='cuda:0', requires_grad=True)

