Parameter name: road_linear_0.weight
Shape: torch.Size([32, 16])
Values: Parameter containing:
tensor([[-3.5392e-01,  4.3319e-01, -3.9376e-02,  2.1719e-02,  1.5877e-01,
          1.9492e-01,  3.1212e-01, -3.4794e-02,  1.7972e-01,  2.9225e-01,
         -3.1184e-02, -1.7232e-01, -3.1205e-01, -3.9176e-01,  2.2309e-01,
          2.9383e-02],
        [-2.7514e-01, -2.8004e-02, -1.2619e-01,  2.3507e-02, -3.1773e-03,
          2.6406e-01,  1.6816e-01,  1.6169e-01,  4.0685e-01,  1.5864e-01,
         -2.0815e-02, -2.8040e-01, -3.3501e-03, -7.3839e-02,  3.4625e-01,
         -1.0743e-01],
        [ 1.0536e-01, -7.6990e-02,  4.0380e-01, -1.5298e-01, -8.1236e-02,
         -3.6631e-01, -4.4298e-02, -4.1517e-01,  4.4749e-02, -1.0089e-01,
          1.3860e-01, -4.1343e-02,  4.1029e-01,  3.4388e-01,  9.6185e-02,
          2.8803e-01],
        [ 2.8530e-01, -2.4709e-01,  9.9366e-02, -9.8343e-02, -5.0634e-02,
         -2.0456e-01, -1.4055e-01, -8.2654e-02, -3.9836e-01, -4.2347e-01,
          1.1836e-01,  3.6680e-01,  2.9943e-01, -1.0055e-01, -1.6532e-01,
          1.7166e-01],
        [-1.1193e-01,  3.9329e-01, -1.8787e-01, -2.7777e-05,  1.6429e-01,
          9.1134e-02,  3.0576e-02,  3.0940e-01,  1.3814e-01,  3.1505e-01,
          2.3129e-02, -1.7005e-01, -4.3709e-02, -2.6072e-01,  2.4862e-01,
         -1.7881e-01],
        [-1.0432e-02,  4.0068e-01, -3.6406e-01,  4.1390e-01,  3.1485e-01,
         -3.0252e-02,  2.3093e-01, -5.3685e-02,  2.2661e-01,  2.2168e-01,
         -3.4559e-01, -7.8106e-02, -2.2665e-01,  1.2798e-01,  3.2211e-01,
         -8.5124e-02],
        [ 3.8554e-01, -7.3697e-02,  4.2371e-01, -2.0660e-01, -5.7242e-02,
         -2.2301e-01, -1.6914e-01, -2.2984e-01, -2.4419e-01, -4.4282e-02,
          1.5033e-01,  6.8378e-02, -5.6450e-02,  2.4124e-01, -2.6787e-01,
          1.7157e-01],
        [-4.4058e-02,  6.3205e-02,  3.7431e-01, -3.7529e-01, -3.3745e-01,
         -3.1436e-01, -7.8864e-02, -2.6436e-01, -1.9086e-01, -2.3881e-01,
          9.4048e-02,  4.5333e-02,  2.6161e-01, -7.1174e-02, -6.6831e-02,
          3.7277e-01],
        [ 6.0697e-02, -4.1763e-03,  3.2932e-01, -2.8004e-01, -7.2989e-02,
         -3.6543e-01, -1.7175e-01, -1.1118e-01,  3.4506e-02, -3.4255e-01,
          2.6635e-02,  7.8850e-02, -5.4930e-02,  2.0138e-01, -3.3581e-01,
          1.2614e-01],
        [-3.0809e-01,  2.0949e-01, -1.2037e-01,  1.4993e-02,  8.4339e-02,
          1.6919e-01,  4.3770e-02,  2.3657e-01,  2.7267e-01,  2.2070e-02,
          2.1367e-02, -2.3414e-02, -2.6748e-01, -1.1188e-01,  1.5860e-01,
         -2.2642e-01],
        [-3.7288e-01,  3.8875e-01, -8.1320e-02, -6.9096e-03, -4.0333e-02,
          4.3799e-01,  2.2523e-01,  1.1750e-01,  3.4768e-01,  2.8053e-01,
         -1.0559e-01, -4.4834e-03, -1.9714e-01,  8.7071e-02, -3.8376e-02,
         -3.5431e-01],
        [-1.4235e-01,  1.4273e-01, -4.2026e-02,  1.1482e-01,  1.6708e-01,
          1.2981e-01,  3.5157e-01,  1.4627e-01,  1.5436e-01,  3.7163e-01,
          7.9872e-02,  5.4825e-02, -4.1574e-01, -2.7044e-01,  5.3600e-02,
         -2.2851e-01],
        [ 3.6371e-01, -1.0942e-01,  1.9695e-01, -2.1213e-01, -1.3320e-01,
         -5.4417e-03, -9.2142e-02, -3.3302e-01, -3.4117e-01, -1.4712e-01,
          1.5715e-01,  6.6135e-02, -2.2328e-02,  2.1495e-01, -2.3274e-01,
          7.1070e-02],
        [ 2.3050e-01,  6.8328e-02,  3.9085e-01, -4.0052e-02, -3.2459e-01,
         -3.7018e-02, -4.0035e-02, -7.5184e-02, -2.2663e-01, -1.9208e-01,
          8.0376e-03,  1.2726e-01,  1.2890e-01,  9.5451e-02, -3.4257e-01,
          2.6672e-01],
        [-4.0201e-01,  1.5397e-03, -9.5159e-02, -9.6706e-03,  3.9100e-01,
          4.3217e-01,  1.0392e-01,  1.3006e-01, -1.8274e-02,  2.1422e-01,
         -1.0620e-01, -3.3472e-01, -1.0426e-01, -1.5324e-01,  3.5222e-02,
         -1.9267e-01],
        [-3.1930e-02, -3.9253e-01,  2.4160e-01,  2.9387e-02, -3.2420e-01,
         -4.5732e-02, -1.8087e-01, -3.0145e-01, -1.9378e-01, -9.5727e-02,
          1.8740e-01,  4.3742e-01,  1.6208e-01, -2.3079e-03,  8.3264e-02,
          1.3355e-01],
        [ 3.2780e-01,  1.5317e-02,  2.1588e-01, -3.7664e-01, -3.4453e-01,
         -5.3189e-02, -8.4601e-02,  5.0112e-03, -3.4839e-01, -2.1472e-01,
          3.5106e-01,  2.9602e-01,  3.5361e-01,  3.0751e-01, -1.2723e-01,
         -8.9589e-03],
        [-3.0194e-01,  1.9787e-01, -2.5943e-01,  1.6069e-01,  1.1285e-01,
          3.0383e-01,  2.7059e-01,  2.5629e-01,  1.1802e-01,  3.0590e-01,
         -1.9613e-01, -2.3874e-01, -1.5964e-01, -2.3218e-01,  2.2972e-01,
         -1.8759e-01],
        [ 2.4878e-01, -1.7428e-01,  1.7105e-01, -3.2127e-01, -1.9280e-01,
         -3.9716e-01, -2.7656e-01,  3.2269e-02, -3.8004e-01, -1.4945e-01,
          1.9740e-01, -6.7614e-02,  2.0792e-01,  2.8524e-01,  5.8491e-02,
          2.1826e-01],
        [ 3.9252e-01, -1.7271e-01,  2.9148e-01, -1.1828e-01, -3.1670e-01,
         -2.5019e-01, -3.4827e-01,  2.6393e-02, -3.5844e-02, -3.0518e-01,
          1.2787e-01,  2.6039e-01, -4.5592e-02,  1.4238e-01,  1.9256e-02,
          2.2287e-01],
        [-1.8360e-01,  3.1336e-01, -5.3920e-02, -5.6674e-02,  2.5726e-01,
         -4.0499e-02,  2.8388e-01,  3.4667e-01,  1.5260e-01,  8.5244e-02,
         -2.8525e-01, -2.6612e-01, -1.9100e-01, -2.1518e-01,  3.2389e-01,
         -2.6321e-01],
        [-9.0860e-02, -3.0905e-02, -6.9949e-02,  4.1406e-01, -9.0862e-03,
          1.3324e-01,  2.4645e-01, -5.6664e-02,  2.5855e-02,  2.9056e-01,
          9.7602e-02, -2.8059e-01, -1.9509e-01, -3.9698e-01, -9.7401e-02,
          2.8815e-02],
        [ 3.8132e-01, -2.2566e-01,  7.0754e-02, -1.8596e-01,  1.1436e-02,
         -4.0889e-01, -2.8362e-01, -2.2106e-01, -2.3705e-01, -1.8214e-01,
          3.2047e-01,  2.1969e-01, -7.9941e-02,  3.4217e-01,  1.3180e-01,
          2.3864e-01],
        [ 2.6761e-01, -3.1927e-03,  3.5935e-01, -3.9360e-01, -2.1111e-01,
         -1.7740e-01, -1.7064e-01, -2.7002e-01, -3.3760e-01, -3.5072e-01,
          8.6172e-02,  3.4558e-01,  2.7694e-01,  1.5077e-01, -1.6580e-01,
          4.1260e-02],
        [ 2.1588e-01, -4.1972e-01,  1.7944e-01, -1.3967e-01,  7.9990e-02,
         -2.5359e-01,  6.8426e-02, -1.5141e-01, -3.4348e-01,  4.2188e-02,
          3.8449e-01, -4.9391e-03,  3.5844e-02,  2.5920e-01, -2.6856e-01,
          3.5620e-01],
        [ 6.2350e-02, -2.5335e-01,  1.1005e-01,  5.3861e-02, -2.2990e-01,
         -2.2065e-01, -1.9978e-02, -3.2656e-01, -1.6983e-01, -3.7995e-01,
         -8.3844e-02,  1.2257e-01,  1.9622e-01,  3.4906e-01, -3.3724e-01,
          1.0737e-01],
        [ 2.3473e-01, -5.6431e-02,  3.1511e-01, -3.6919e-01, -1.5942e-01,
         -1.1281e-01, -3.4144e-01, -1.5420e-02, -3.6247e-01, -2.0986e-02,
          1.9056e-01,  9.3561e-02,  2.2748e-01,  3.2040e-01,  1.1563e-01,
          3.1166e-01],
        [-3.3707e-01,  2.5658e-01, -2.2443e-03,  2.3193e-01,  3.0304e-01,
          3.2122e-02,  3.4885e-01,  1.6138e-01, -6.3687e-02,  1.2904e-01,
          5.6450e-02, -2.7769e-01, -2.2234e-01, -2.3526e-01, -2.5813e-02,
         -1.4056e-01],
        [ 3.1862e-01, -1.0657e-01,  1.5579e-01, -1.5611e-01, -2.8714e-01,
         -2.9988e-01, -1.3359e-01, -3.3422e-01, -5.4358e-04, -1.3933e-01,
          1.6365e-01,  1.4796e-01,  3.5070e-01,  3.4090e-01,  4.2938e-02,
          2.8577e-01],
        [-2.8844e-01,  2.3735e-01, -3.3623e-01,  2.7510e-01, -8.3652e-02,
          1.5678e-01,  3.2307e-01,  2.9577e-01,  3.4531e-01,  2.5663e-01,
          2.1796e-02, -8.7723e-02,  4.2229e-02,  3.0504e-02,  1.0455e-01,
         -2.4807e-01],
        [-2.9867e-01,  9.8773e-02, -5.9063e-02,  4.1298e-02,  1.8224e-01,
          3.9742e-01,  3.6450e-01, -3.5882e-02,  2.0630e-01,  3.4798e-01,
         -3.8849e-01, -1.5161e-02, -3.0985e-01, -3.0141e-01, -2.0888e-02,
         -2.6382e-01],
        [ 7.7434e-02, -9.1398e-02,  2.7952e-01, -9.0348e-02,  2.4868e-02,
         -3.3549e-01, -3.9485e-01, -3.5325e-01, -2.7936e-01, -3.0618e-01,
          2.4604e-01, -8.5447e-03, -2.3577e-02,  2.8593e-01, -2.4819e-01,
          2.2496e-01]], device='cuda:0', requires_grad=True)

Parameter name: road_linear_0.bias
Shape: torch.Size([32])
Values: Parameter containing:
tensor([-0.1157, -0.0194,  0.0792, -0.0528, -0.0049, -0.0975,  0.0790,  0.1363,
        -0.0245, -0.0398, -0.0097,  0.0631,  0.1419,  0.0771,  0.0133,  0.1061,
        -0.0702,  0.0003,  0.0755,  0.0267, -0.0593, -0.0833, -0.0187, -0.0066,
        -0.0781,  0.1661,  0.1409,  0.0227, -0.0687, -0.1847,  0.0477, -0.0069],
       device='cuda:0', requires_grad=True)

Parameter name: road_linear_1.weight
Shape: torch.Size([1, 32])
Values: Parameter containing:
tensor([[ 0.2063,  0.2909, -0.2189, -0.2311,  0.2876,  0.3359, -0.2675, -0.3683,
         -0.2785,  0.3363,  0.2370,  0.3622, -0.2281, -0.3768,  0.2853, -0.2415,
         -0.2880,  0.3110, -0.2105, -0.2381,  0.3722,  0.2640, -0.3542, -0.3612,
         -0.3139, -0.3129, -0.3012,  0.3276, -0.3304,  0.3660,  0.2714, -0.2129]],
       device='cuda:0', requires_grad=True)

Parameter name: linear_0.weight
Shape: torch.Size([32, 39])
Values: Parameter containing:
tensor([[-0.0407,  0.1112,  0.0870,  ...,  0.1291, -0.2576, -0.1137],
        [-0.1286, -0.0415,  0.1271,  ...,  0.0674, -0.2901,  0.0871],
        [ 0.0185, -0.0350,  0.0324,  ...,  0.0579,  0.2330,  0.0345],
        ...,
        [ 0.1306, -0.1578, -0.0228,  ..., -0.1921, -0.0007, -0.1180],
        [ 0.1090, -0.2155, -0.0674,  ..., -0.2356,  0.1134,  0.1557],
        [-0.2077,  0.1599,  0.0772,  ...,  0.0563, -0.2418, -0.0509]],
       device='cuda:0', requires_grad=True)

Parameter name: linear_0.bias
Shape: torch.Size([32])
Values: Parameter containing:
tensor([ 0.0471,  0.0427, -0.0722, -0.1426, -0.0755,  0.0631, -0.1029,  0.0389,
        -0.0379,  0.0594,  0.0034,  0.0112, -0.0283,  0.0852, -0.0469,  0.0013,
         0.0482, -0.1611, -0.0389,  0.0664, -0.0583,  0.0244,  0.1178,  0.0142,
        -0.0957,  0.1112,  0.0603, -0.1122,  0.0391,  0.1748,  0.1723, -0.1178],
       device='cuda:0', requires_grad=True)

Parameter name: linear_1.weight
Shape: torch.Size([32, 32])
Values: Parameter containing:
tensor([[ 8.3374e-02, -1.4942e-01, -1.0299e-01,  ...,  4.4920e-02,
         -5.8432e-02,  6.7081e-02],
        [-1.8876e-01,  1.0226e-04,  9.0544e-02,  ...,  1.4499e-01,
         -4.3023e-02,  5.2931e-02],
        [ 1.0996e-01, -7.3164e-02, -1.5015e-01,  ..., -1.3533e-01,
          2.6683e-02,  1.7166e-01],
        ...,
        [ 1.0693e-01,  6.1107e-02,  1.0588e-01,  ...,  7.1560e-02,
         -1.7729e-01,  2.5369e-01],
        [ 1.1629e-02, -1.1105e-01,  3.9743e-02,  ...,  2.2981e-01,
          1.8946e-01, -1.6044e-01],
        [ 1.8917e-02, -8.8984e-02,  1.9840e-01,  ...,  2.2612e-01,
          1.0988e-01, -4.3963e-02]], device='cuda:0', requires_grad=True)

Parameter name: linear_1.bias
Shape: torch.Size([32])
Values: Parameter containing:
tensor([ 0.1054,  0.1552, -0.0459, -0.1015,  0.0109, -0.0245, -0.0661, -0.0277,
         0.1448, -0.1626,  0.1074, -0.1076,  0.1889,  0.0750, -0.1280,  0.1236,
        -0.1464, -0.1698,  0.0490,  0.0186, -0.0195,  0.0853, -0.2122,  0.2011,
        -0.0298, -0.0102,  0.0713, -0.0169, -0.1490, -0.0812,  0.1189,  0.0305],
       device='cuda:0', requires_grad=True)

Parameter name: linear_2.weight
Shape: torch.Size([1, 32])
Values: Parameter containing:
tensor([[ 0.2895,  0.2079, -0.2613, -0.2630,  0.1052,  0.1255, -0.1780,  0.1377,
          0.1991, -0.2237, -0.1542,  0.1716,  0.1711,  0.1537,  0.2047,  0.1863,
         -0.2891, -0.2918,  0.1398,  0.1426, -0.2114, -0.1889, -0.2819,  0.1486,
          0.2295,  0.2933, -0.2643,  0.2510, -0.1896, -0.2802,  0.2382,  0.2727]],
       device='cuda:0', requires_grad=True)

Parameter name: linear_2.bias
Shape: torch.Size([1])
Values: Parameter containing:
tensor([0.0897], device='cuda:0', requires_grad=True)

