Parameter name: road_linear_0.weight
Shape: torch.Size([32, 16])
Values: Parameter containing:
tensor([[-0.2712,  0.4803,  0.0906, -0.0728,  0.3572,  0.1652,  0.3586,  0.1515,
          0.3604,  0.1837,  0.1534, -0.3172, -0.3520, -0.2549,  0.3788,  0.1310],
        [-0.1070, -0.1386,  0.0562, -0.1217,  0.1157,  0.2113,  0.0619,  0.3185,
          0.6351, -0.0242,  0.2650, -0.4117,  0.0823,  0.1141,  0.6277,  0.0670],
        [ 0.0879, -0.1939,  0.3100, -0.0814, -0.3254, -0.3096, -0.1506, -0.6186,
         -0.1770, -0.0330,  0.0466,  0.1391,  0.5512,  0.2447, -0.0999,  0.2224],
        [ 0.0649, -0.1426, -0.1228,  0.0781, -0.1282, -0.1282, -0.0125, -0.2200,
         -0.6138, -0.2071, -0.1809,  0.4564,  0.1803, -0.3363, -0.3821, -0.0402],
        [ 0.0632,  0.3053,  0.0063, -0.1492,  0.2733,  0.0364, -0.0367,  0.4748,
          0.3566,  0.1254,  0.2936, -0.2705,  0.0303, -0.0644,  0.4670, -0.0057],
        [-0.0329,  0.5023, -0.2978,  0.3612,  0.5498, -0.0449,  0.3615,  0.1495,
          0.3948,  0.1807, -0.2371, -0.2486, -0.3313,  0.1954,  0.4680, -0.0476],
        [ 0.2093, -0.0613,  0.2311, -0.0592, -0.2009, -0.1499, -0.1107, -0.3922,
         -0.4666,  0.1328, -0.0881,  0.1954, -0.0901,  0.0368, -0.4612, -0.0010],
        [-0.2078,  0.0395,  0.1893, -0.2319, -0.5021, -0.2329, -0.0332, -0.4319,
         -0.4067, -0.0695, -0.1188,  0.1828,  0.2527, -0.2668, -0.2619,  0.2082],
        [-0.1073,  0.0481,  0.1466, -0.1347, -0.2537, -0.2921, -0.0739, -0.2978,
         -0.2436, -0.1597, -0.2618,  0.2517, -0.1251,  0.0068, -0.6079, -0.0469],
        [-0.1435,  0.1151,  0.0611, -0.1263,  0.2114,  0.1143, -0.0350,  0.4148,
          0.5252, -0.1556,  0.3045, -0.1591, -0.1954,  0.0738,  0.4199, -0.0577],
        [-0.2443,  0.4400,  0.0767, -0.1278,  0.1605,  0.3614,  0.2170,  0.3042,
          0.5790,  0.1374,  0.0916, -0.1625, -0.2214,  0.2570,  0.1684, -0.2164],
        [ 0.0306,  0.1217,  0.1493, -0.0382,  0.3457,  0.0510,  0.2660,  0.3306,
          0.4156,  0.1882,  0.3533, -0.1043, -0.3725, -0.0645,  0.2940, -0.0503],
        [ 0.2165, -0.0666,  0.0209, -0.0814, -0.2682,  0.0428, -0.0639, -0.5047,
         -0.5566,  0.0132, -0.0855,  0.1871, -0.0551,  0.0378, -0.4206, -0.0781],
        [ 0.0434,  0.1681,  0.1914,  0.1164, -0.4363,  0.0224,  0.0584, -0.2370,
         -0.4758,  0.0021, -0.2852,  0.2500,  0.0401, -0.1118, -0.5834,  0.0800],
        [-0.2174, -0.0747,  0.0976, -0.1610,  0.5292,  0.3561, -0.0065,  0.2960,
          0.2273,  0.0244,  0.1838, -0.4746, -0.0155,  0.0525,  0.2849, -0.0120],
        [-0.1377, -0.3699,  0.0972,  0.1323, -0.4880, -0.0204, -0.1951, -0.4864,
         -0.3912,  0.0345, -0.0327,  0.5706,  0.1576, -0.1457, -0.0930,  0.0200],
        [ 0.1011,  0.0766, -0.0083, -0.1917, -0.4480,  0.0261,  0.0412, -0.1379,
         -0.5614,  0.0034,  0.0604,  0.4041,  0.2557,  0.0549, -0.3288, -0.2241],
        [-0.1723,  0.2584, -0.0978,  0.0329,  0.2794,  0.2286,  0.2717,  0.4104,
          0.2448,  0.1686, -0.0327, -0.3551, -0.1730, -0.0594,  0.3771, -0.0474],
        [ 0.1936, -0.2862,  0.0419, -0.2133, -0.4203, -0.3266, -0.3399, -0.1638,
         -0.5884, -0.0479,  0.0930,  0.1009,  0.3266,  0.1426, -0.1393,  0.1127],
        [ 0.3556, -0.2886,  0.1727, -0.0242, -0.5596, -0.1853, -0.4301, -0.1756,
         -0.2304, -0.2166,  0.0262,  0.4335,  0.0652,  0.0181, -0.1758,  0.1327],
        [-0.0571,  0.2710,  0.1012, -0.1790,  0.3762, -0.0695,  0.2798,  0.5000,
          0.2990, -0.0524, -0.0544, -0.3531, -0.1566, -0.0576,  0.4550, -0.1311],
        [-0.0012,  0.0328,  0.0597,  0.3117,  0.2639,  0.0842,  0.2366,  0.1706,
          0.3106,  0.1666,  0.3225, -0.4964, -0.2480, -0.2544,  0.1725,  0.1427],
        [ 0.3343, -0.3361, -0.0483, -0.0891, -0.2156, -0.3364, -0.3525, -0.4131,
         -0.4325, -0.0909,  0.2175,  0.3882,  0.0289,  0.2137, -0.0597,  0.1444],
        [ 0.0271,  0.0461,  0.1240, -0.2015, -0.2862, -0.0820, -0.0420, -0.3899,
         -0.4795, -0.1266, -0.1729,  0.4203,  0.1694, -0.1061, -0.3361, -0.1806],
        [ 0.0467, -0.3727, -0.0041,  0.0023, -0.0588, -0.1891,  0.1313, -0.3201,
         -0.6095,  0.2187,  0.1156,  0.1277, -0.0215,  0.0640, -0.4946,  0.1853],
        [-0.1187, -0.1493, -0.0913,  0.2085, -0.2995, -0.1652,  0.0517, -0.4722,
         -0.3595, -0.1875, -0.3537,  0.1837,  0.1134,  0.1493, -0.5346, -0.0680],
        [ 0.2974, -0.1846,  0.2506, -0.3073, -0.4004, -0.0706, -0.5099, -0.2224,
         -0.5554,  0.0100,  0.1576,  0.2631,  0.3890,  0.2590, -0.0697,  0.2794],
        [-0.1992,  0.2642,  0.1657,  0.1025,  0.5043, -0.0238,  0.3173,  0.3516,
          0.1645, -0.0272,  0.2930, -0.4354, -0.2212, -0.0585,  0.1885,  0.0077],
        [ 0.1569, -0.1405, -0.0238, -0.0123, -0.4572, -0.2148, -0.0758, -0.4974,
         -0.1954,  0.0234, -0.0530,  0.2858,  0.3461,  0.1400, -0.1487,  0.1228],
        [-0.2856,  0.3483, -0.2474,  0.2110,  0.1476,  0.1167,  0.4402,  0.4911,
          0.5209,  0.1986,  0.1119, -0.2507, -0.0665,  0.1142,  0.2628, -0.1916],
        [-0.2261,  0.2036,  0.0741, -0.0702,  0.4048,  0.3223,  0.4056,  0.1550,
          0.4101,  0.2398, -0.2699, -0.1797, -0.4176, -0.1499,  0.1770, -0.1504],
        [-0.1137, -0.0837,  0.0764,  0.0695, -0.1096, -0.2449, -0.3182, -0.5144,
         -0.4872, -0.1164,  0.0091,  0.1136, -0.0694,  0.0674, -0.4462,  0.0409]],
       device='cuda:0', requires_grad=True)

Parameter name: road_linear_0.bias
Shape: torch.Size([32])
Values: Parameter containing:
tensor([-0.0667,  0.1549,  0.1441, -0.1976,  0.1492, -0.1149, -0.0039,  0.1141,
        -0.1241,  0.1266, -0.0072,  0.1161,  0.0034, -0.0848,  0.1353, -0.0213,
        -0.1700, -0.0219,  0.1495,  0.0980,  0.0733, -0.0755,  0.0561, -0.0857,
        -0.1993, -0.0018,  0.2160,  0.0774, -0.0572, -0.2202, -0.0290, -0.0561],
       device='cuda:0', requires_grad=True)

Parameter name: road_linear_1.weight
Shape: torch.Size([1, 32])
Values: Parameter containing:
tensor([[ 0.4374,  0.5922, -0.3566, -0.4901,  0.5677,  0.5376, -0.4821, -0.5598,
         -0.4944,  0.6192,  0.4219,  0.5849, -0.4875, -0.6530,  0.5165, -0.5069,
         -0.5012,  0.5030, -0.3343, -0.3837,  0.6453,  0.4270, -0.4861, -0.5822,
         -0.5349, -0.5972, -0.4374,  0.5654, -0.5080,  0.5599,  0.3875, -0.4196]],
       device='cuda:0', requires_grad=True)

Parameter name: linear_0.weight
Shape: torch.Size([32, 39])
Values: Parameter containing:
tensor([[-0.0295,  0.1060,  0.0608,  ...,  0.1687, -0.3394, -0.1137],
        [-0.1403, -0.0313,  0.1376,  ...,  0.0559, -0.3720,  0.0871],
        [ 0.0288, -0.0446,  0.0252,  ...,  0.0632,  0.3223,  0.0345],
        ...,
        [ 0.1412, -0.1644, -0.0373,  ..., -0.1738,  0.0974, -0.1180],
        [ 0.1175, -0.2223, -0.0753,  ..., -0.2288,  0.2077,  0.1557],
        [-0.2160,  0.1744,  0.0708,  ...,  0.0729, -0.3207, -0.0509]],
       device='cuda:0', requires_grad=True)

Parameter name: linear_0.bias
Shape: torch.Size([32])
Values: Parameter containing:
tensor([ 0.0780,  0.0309, -0.0651, -0.1397, -0.0822,  0.0436, -0.0885,  0.0693,
        -0.0378,  0.0488,  0.0447,  0.0193, -0.0239,  0.1023, -0.0273, -0.0137,
         0.0489, -0.1632, -0.0072,  0.0871, -0.0881,  0.0060,  0.1166,  0.0435,
        -0.1085,  0.1095,  0.0560, -0.1424,  0.0434,  0.1930,  0.1816, -0.1063],
       device='cuda:0', requires_grad=True)

Parameter name: linear_1.weight
Shape: torch.Size([32, 32])
Values: Parameter containing:
tensor([[ 0.0885, -0.2073, -0.0253,  ...,  0.0991, -0.0081,  0.0580],
        [-0.1940, -0.0521,  0.1777,  ...,  0.1958,  0.0070,  0.0322],
        [ 0.1245, -0.0282, -0.2311,  ..., -0.1812, -0.0194,  0.2013],
        ...,
        [ 0.1300,  0.0870,  0.0421,  ...,  0.0419, -0.2182,  0.2997],
        [ 0.0331, -0.2033,  0.1138,  ...,  0.3118,  0.2582, -0.1505],
        [ 0.0125, -0.1299,  0.2682,  ...,  0.2662,  0.1502, -0.0643]],
       device='cuda:0', requires_grad=True)

Parameter name: linear_1.bias
Shape: torch.Size([32])
Values: Parameter containing:
tensor([ 0.1436,  0.1859, -0.0702, -0.1483,  0.0373, -0.0088, -0.0951,  0.0414,
         0.1995, -0.1779,  0.1483, -0.1876,  0.2311,  0.0715, -0.0786,  0.1972,
        -0.0359, -0.1895,  0.0660,  0.0616, -0.0732,  0.0643, -0.2367,  0.2246,
         0.0067, -0.0933,  0.0823,  0.0152, -0.1898, -0.0847,  0.1861,  0.0534],
       device='cuda:0', requires_grad=True)

Parameter name: linear_2.weight
Shape: torch.Size([1, 32])
Values: Parameter containing:
tensor([[ 0.8764,  0.8025, -0.8606, -0.8423,  0.7079,  0.7249, -0.7763,  0.6962,
          0.7620, -0.8253, -0.7382,  0.7501,  0.7440,  0.7508,  0.7687,  0.7431,
         -0.8632, -0.8842,  0.7369,  0.7288, -0.7897, -0.7855, -0.8886,  0.7429,
          0.8294,  0.8714, -0.8598,  0.8399, -0.7811, -0.8794,  0.7922,  0.8619]],
       device='cuda:0', requires_grad=True)

Parameter name: linear_2.bias
Shape: torch.Size([1])
Values: Parameter containing:
tensor([0.6202], device='cuda:0', requires_grad=True)

