Parameter name: road_linear_0.weight
Shape: torch.Size([32, 16])
Values: Parameter containing:
tensor([[-3.1244e-01,  5.0659e-01,  5.8667e-02, -5.8902e-02,  4.0199e-01,
          2.1796e-01,  4.2082e-01,  1.8476e-01,  3.6198e-01,  1.9301e-01,
          1.3026e-01, -3.3144e-01, -4.0802e-01, -2.7340e-01,  3.6931e-01,
          1.0717e-01],
        [-8.9418e-02, -1.6000e-01,  8.3160e-02, -1.4625e-01,  1.4998e-01,
          2.1091e-01,  3.0414e-02,  3.7471e-01,  7.3179e-01, -5.3828e-02,
          3.0774e-01, -4.6566e-01,  8.9907e-02,  1.3729e-01,  7.1459e-01,
          9.2381e-02],
        [ 1.7431e-01, -2.5102e-01,  3.7963e-01, -1.1904e-01, -4.1158e-01,
         -3.8783e-01, -2.7325e-01, -6.6729e-01, -1.8667e-01, -6.9347e-02,
          1.0771e-01,  1.7439e-01,  6.6474e-01,  3.0088e-01, -1.0584e-01,
          2.8161e-01],
        [ 3.8854e-02, -1.1029e-01, -1.5439e-01,  1.0614e-01, -1.5315e-01,
         -1.2436e-01,  2.3236e-02, -2.7118e-01, -7.1206e-01, -1.7133e-01,
         -2.3041e-01,  5.0089e-01,  1.6200e-01, -3.6552e-01, -4.6618e-01,
         -7.0532e-02],
        [ 9.5275e-02,  2.6407e-01,  4.0073e-02, -1.7793e-01,  2.9153e-01,
          3.1579e-02, -7.4380e-02,  5.1941e-01,  4.5261e-01,  8.5704e-02,
          3.4613e-01, -3.0272e-01,  5.5191e-02, -3.1092e-02,  5.4412e-01,
          2.7323e-02],
        [-1.0859e-01,  5.4629e-01, -3.6225e-01,  3.9672e-01,  6.0937e-01,
          2.1169e-02,  4.6607e-01,  1.8657e-01,  3.8939e-01,  2.1075e-01,
         -2.8744e-01, -2.6569e-01, -4.1801e-01,  1.4974e-01,  4.5282e-01,
         -9.8747e-02],
        [ 1.8303e-01, -3.0506e-02,  1.9929e-01, -3.0586e-02, -2.1587e-01,
         -1.4271e-01, -7.9155e-02, -4.2881e-01, -5.4749e-01,  1.6890e-01,
         -1.3449e-01,  2.2431e-01, -1.0745e-01,  7.2975e-03, -5.2028e-01,
         -3.0115e-02],
        [-2.2158e-01,  5.3800e-02,  1.6446e-01, -2.0729e-01, -5.1561e-01,
         -2.2587e-01, -1.1704e-02, -4.6484e-01, -4.6897e-01, -4.1766e-02,
         -1.5099e-01,  2.1410e-01,  2.4721e-01, -2.8725e-01, -3.0938e-01,
          1.8741e-01],
        [-1.3376e-01,  7.5671e-02,  1.1229e-01, -1.0388e-01, -2.8336e-01,
         -2.8545e-01, -3.6784e-02, -3.5224e-01, -3.4225e-01, -1.2298e-01,
         -3.1274e-01,  3.0344e-01, -1.4007e-01, -2.3463e-02, -6.9170e-01,
         -7.8407e-02],
        [-1.2053e-01,  8.6432e-02,  9.0978e-02, -1.5289e-01,  2.3698e-01,
          1.1018e-01, -6.8381e-02,  4.6514e-01,  6.1978e-01, -1.8874e-01,
          3.5025e-01, -2.0396e-01, -1.8016e-01,  1.0052e-01,  5.0228e-01,
         -2.9702e-02],
        [-2.6264e-01,  4.5423e-01,  7.3576e-02, -1.3388e-01,  1.8775e-01,
          3.8209e-01,  2.3912e-01,  3.3540e-01,  6.0565e-01,  1.3128e-01,
          9.0457e-02, -1.8959e-01, -2.5429e-01,  2.5417e-01,  1.8629e-01,
         -2.2069e-01],
        [ 4.9238e-02,  1.0099e-01,  1.7724e-01, -6.4638e-02,  3.6543e-01,
          4.6242e-02,  2.3887e-01,  3.7223e-01,  4.9274e-01,  1.5700e-01,
          3.9345e-01, -1.4273e-01, -3.6273e-01, -4.0292e-02,  3.5566e-01,
         -2.6163e-02],
        [ 1.8158e-01, -2.2115e-02, -1.5145e-02, -5.0804e-02, -2.8003e-01,
          5.0290e-02, -2.5260e-02, -5.4168e-01, -6.4513e-01,  5.5045e-02,
         -1.3964e-01,  2.0917e-01, -8.2805e-02,  2.3567e-03, -4.8673e-01,
         -1.1286e-01],
        [ 2.0363e-02,  1.9521e-01,  1.6103e-01,  1.4364e-01, -4.6677e-01,
          2.4401e-02,  9.2105e-02, -2.9167e-01, -5.7400e-01,  3.5680e-02,
         -3.3191e-01,  3.0090e-01,  2.7206e-02, -1.3891e-01, -6.7061e-01,
          5.1419e-02],
        [-1.9047e-01, -1.0669e-01,  1.3008e-01, -1.8957e-01,  5.5059e-01,
          3.4840e-01, -4.2136e-02,  3.4237e-01,  3.1914e-01, -1.1857e-02,
          2.3257e-01, -5.1454e-01,  3.1994e-03,  8.1948e-02,  3.5971e-01,
          1.8314e-02],
        [-1.5496e-01, -3.4270e-01,  7.6104e-02,  1.5221e-01, -4.9329e-01,
         -1.8158e-02, -1.7662e-01, -5.1018e-01, -4.4227e-01,  6.2776e-02,
         -6.7247e-02,  5.8226e-01,  1.4430e-01, -1.6720e-01, -1.2384e-01,
         -2.1563e-04],
        [ 7.2449e-02,  1.0667e-01, -4.5099e-02, -1.5848e-01, -4.7122e-01,
          3.6440e-02,  8.0767e-02, -1.9021e-01, -6.6173e-01,  4.1897e-02,
          6.6668e-03,  4.5229e-01,  2.3510e-01,  2.2377e-02, -4.1113e-01,
         -2.5706e-01],
        [-2.1826e-01,  2.9084e-01, -1.2834e-01,  4.4845e-02,  3.1665e-01,
          2.6870e-01,  3.3340e-01,  4.3740e-01,  2.4126e-01,  1.8096e-01,
         -6.0343e-02, -3.7200e-01, -2.3141e-01, -8.2757e-02,  3.6882e-01,
         -7.2781e-02],
        [ 2.8101e-01, -3.4832e-01,  1.0554e-01, -2.4474e-01, -5.0049e-01,
         -3.9527e-01, -4.5514e-01, -2.1581e-01, -5.9795e-01, -8.3281e-02,
          1.5281e-01,  1.4131e-01,  4.4031e-01,  1.9878e-01, -1.4949e-01,
          1.7076e-01],
        [ 4.2887e-01, -3.3082e-01,  2.3326e-01, -5.6893e-02, -6.5612e-01,
         -2.6244e-01, -5.3989e-01, -2.3346e-01, -2.5709e-01, -2.4157e-01,
          7.2425e-02,  4.6976e-01,  1.6269e-01,  5.9604e-02, -1.9503e-01,
          1.8128e-01],
        [-3.9770e-02,  2.4185e-01,  1.2003e-01, -1.9703e-01,  3.7424e-01,
         -7.1788e-02,  2.6375e-01,  5.1489e-01,  3.3895e-01, -7.9703e-02,
         -2.2899e-02, -3.5227e-01, -1.4024e-01, -3.6623e-02,  4.6992e-01,
         -1.1180e-01],
        [-5.4006e-03,  3.5947e-02,  6.9102e-02,  2.9620e-01,  3.0974e-01,
          1.0928e-01,  2.4421e-01,  2.2005e-01,  3.7124e-01,  1.4813e-01,
          3.3784e-01, -5.3791e-01, -2.7431e-01, -2.4424e-01,  2.1979e-01,
          1.5001e-01],
        [ 4.0945e-01, -3.8395e-01,  1.0468e-02, -1.1994e-01, -2.9710e-01,
         -4.0507e-01, -4.5965e-01, -4.6014e-01, -4.4727e-01, -1.1908e-01,
          2.6881e-01,  4.1998e-01,  1.2839e-01,  2.5972e-01, -6.8144e-02,
          1.9433e-01],
        [-4.8271e-03,  8.2767e-02,  8.7520e-02, -1.6949e-01, -3.0227e-01,
         -7.0735e-02, -1.2592e-03, -4.3380e-01, -5.7311e-01, -8.6418e-02,
         -2.2676e-01,  4.5635e-01,  1.4424e-01, -1.3969e-01, -4.0964e-01,
         -2.1465e-01],
        [ 1.8281e-02, -3.3908e-01, -3.8459e-02,  3.2775e-02, -7.7414e-02,
         -1.8051e-01,  1.6828e-01, -3.6588e-01, -7.0418e-01,  2.5614e-01,
          6.4401e-02,  1.6601e-01, -4.3372e-02,  3.2520e-02, -5.7053e-01,
          1.5361e-01],
        [-1.5645e-01, -1.0098e-01, -1.2879e-01,  2.3929e-01, -3.1022e-01,
         -1.5542e-01,  9.3929e-02, -5.0955e-01, -4.5549e-01, -1.4395e-01,
         -4.0965e-01,  2.0326e-01,  8.0422e-02,  1.1212e-01, -6.0924e-01,
         -1.0443e-01],
        [ 3.9369e-01, -2.3353e-01,  3.4529e-01, -3.6769e-01, -5.2153e-01,
         -1.7038e-01, -6.5691e-01, -2.9829e-01, -6.0975e-01, -3.0558e-02,
          2.2268e-01,  3.1145e-01,  5.2284e-01,  3.3050e-01, -9.4586e-02,
          3.5962e-01],
        [-1.9925e-01,  2.6019e-01,  1.7647e-01,  8.7999e-02,  5.2690e-01,
         -1.2268e-02,  3.1750e-01,  3.8522e-01,  2.0845e-01, -4.5380e-02,
          3.1005e-01, -4.6301e-01, -2.3240e-01, -4.7785e-02,  2.2169e-01,
          1.6661e-02],
        [ 1.7599e-01, -1.5775e-01, -2.2914e-02, -4.2813e-03, -4.8275e-01,
         -2.2973e-01, -9.4482e-02, -5.2902e-01, -2.2269e-01,  2.9092e-02,
         -5.2149e-02,  3.1658e-01,  3.7733e-01,  1.4313e-01, -1.7019e-01,
          1.2644e-01],
        [-3.5109e-01,  3.8700e-01, -3.0294e-01,  2.4131e-01,  2.1689e-01,
          1.8376e-01,  5.3783e-01,  5.2884e-01,  5.2599e-01,  2.2193e-01,
          6.6826e-02, -2.7067e-01, -1.5188e-01,  7.6251e-02,  2.5812e-01,
         -2.3472e-01],
        [-3.1113e-01,  2.6199e-01,  9.5759e-03, -3.7023e-02,  4.9238e-01,
          3.9659e-01,  5.2136e-01,  2.1060e-01,  4.2666e-01,  2.7410e-01,
         -3.2806e-01, -2.2096e-01, -5.3148e-01, -2.0483e-01,  1.8937e-01,
         -2.0805e-01],
        [-1.3645e-01, -5.7990e-02,  4.5698e-02,  9.7574e-02, -1.2232e-01,
         -2.3403e-01, -2.8716e-01, -5.5113e-01, -5.6561e-01, -8.2860e-02,
         -3.4990e-02,  1.4527e-01, -8.5652e-02,  4.0412e-02, -5.0369e-01,
          1.3925e-02]], device='cuda:0', requires_grad=True)

Parameter name: road_linear_0.bias
Shape: torch.Size([32])
Values: Parameter containing:
tensor([-0.0943,  0.1690,  0.1845, -0.2427,  0.2152, -0.1497, -0.0491,  0.1160,
        -0.1598,  0.1618, -0.0478,  0.1295, -0.0755, -0.1208,  0.1827, -0.0539,
        -0.1999, -0.0663,  0.2009,  0.1175,  0.1139, -0.0830,  0.0890, -0.1346,
        -0.2444, -0.0722,  0.2230,  0.0691, -0.0095, -0.2427, -0.0736, -0.0806],
       device='cuda:0', requires_grad=True)

Parameter name: road_linear_1.weight
Shape: torch.Size([1, 32])
Values: Parameter containing:
tensor([[ 0.5414,  0.7082, -0.4720, -0.6157,  0.6900,  0.6326, -0.6189, -0.6850,
         -0.6392,  0.7428,  0.5379,  0.7177, -0.6278, -0.7905,  0.6450, -0.6156,
         -0.6445,  0.6069, -0.4393, -0.4792,  0.7641,  0.5354, -0.5897, -0.7171,
         -0.6734, -0.7167, -0.5453,  0.6715, -0.6222,  0.6592,  0.4943, -0.5456]],
       device='cuda:0', requires_grad=True)

Parameter name: linear_0.weight
Shape: torch.Size([32, 39])
Values: Parameter containing:
tensor([[-0.0248,  0.1056,  0.0532,  ...,  0.1989, -0.6054, -0.1137],
        [-0.1399, -0.0353,  0.1413,  ...,  0.0527, -0.5324,  0.0871],
        [ 0.0281, -0.0398,  0.0213,  ...,  0.0649,  0.5531,  0.0345],
        ...,
        [ 0.1387, -0.1545, -0.0416,  ..., -0.1689,  0.2471, -0.1180],
        [ 0.1114, -0.2127, -0.0736,  ..., -0.2314,  0.4080,  0.1557],
        [-0.2223,  0.1910,  0.0698,  ...,  0.0845, -0.5293, -0.0509]],
       device='cuda:0', requires_grad=True)

Parameter name: linear_0.bias
Shape: torch.Size([32])
Values: Parameter containing:
tensor([ 8.6751e-02,  2.6588e-02, -6.0500e-02, -1.3327e-01, -8.5885e-02,
         4.3482e-02, -8.3058e-02,  7.0720e-02, -4.0453e-02,  4.8132e-02,
         5.2243e-02,  1.3828e-02, -2.4231e-02,  1.0693e-01, -2.0774e-02,
        -1.8016e-02,  5.5710e-02, -1.6628e-01, -1.8377e-04,  9.3995e-02,
        -9.6747e-02, -5.6031e-03,  1.1969e-01,  5.9679e-02, -1.0830e-01,
         1.1341e-01,  6.1416e-02, -1.5733e-01,  4.6491e-02,  1.9852e-01,
         1.8080e-01, -1.0227e-01], device='cuda:0', requires_grad=True)

Parameter name: linear_1.weight
Shape: torch.Size([32, 32])
Values: Parameter containing:
tensor([[ 0.0972, -0.2215,  0.0093,  ...,  0.1132, -0.0027,  0.0708],
        [-0.1871, -0.0640,  0.2102,  ...,  0.2077,  0.0106,  0.0419],
        [ 0.1372, -0.0341, -0.2401,  ..., -0.1745, -0.0114,  0.2180],
        ...,
        [ 0.1464,  0.0870,  0.0225,  ...,  0.0463, -0.2308,  0.3505],
        [ 0.0553, -0.2320,  0.1617,  ...,  0.3398,  0.2756, -0.1207],
        [ 0.0177, -0.1381,  0.2919,  ...,  0.2749,  0.1485, -0.0526]],
       device='cuda:0', requires_grad=True)

Parameter name: linear_1.bias
Shape: torch.Size([32])
Values: Parameter containing:
tensor([ 0.1578,  0.1978, -0.0640, -0.1644,  0.0405, -0.0018, -0.1013,  0.0708,
         0.2239, -0.1736,  0.1373, -0.1484,  0.2510,  0.0709, -0.0553,  0.2244,
         0.0439, -0.1961,  0.0633,  0.0764, -0.0931,  0.0626, -0.2331,  0.2329,
         0.0163, -0.0339,  0.0845,  0.0030, -0.2038, -0.0767,  0.2140,  0.0633],
       device='cuda:0', requires_grad=True)

Parameter name: linear_2.weight
Shape: torch.Size([1, 32])
Values: Parameter containing:
tensor([[ 1.1543,  1.0823, -1.1483, -1.1192,  0.9931,  1.0086, -1.0594,  0.9694,
          1.0364, -1.1150, -1.0227,  1.0195,  1.0212,  1.0376,  1.0428,  1.0158,
         -1.1343, -1.1656,  1.0229,  1.0071, -1.0661, -1.0698, -1.1768,  1.0238,
          1.1104,  1.1438, -1.1471,  1.1280, -1.0601, -1.1663,  1.0647,  1.1417]],
       device='cuda:0', requires_grad=True)

Parameter name: linear_2.bias
Shape: torch.Size([1])
Values: Parameter containing:
tensor([0.8913], device='cuda:0', requires_grad=True)

