Parameter name: road_linear_0.weight
Shape: torch.Size([32, 16])
Values: Parameter containing:
tensor([[-3.2917e-01,  5.2328e-01,  4.7692e-02, -5.0984e-02,  3.8400e-01,
          2.1705e-01,  4.3871e-01,  1.7078e-01,  3.4540e-01,  1.9921e-01,
          1.1279e-01, -3.1882e-01, -4.2589e-01, -2.8987e-01,  3.5534e-01,
          9.5064e-02],
        [-8.6226e-02, -1.6100e-01,  8.5912e-02, -1.4884e-01,  1.4638e-01,
          2.0828e-01,  2.9354e-02,  3.7506e-01,  7.3680e-01, -6.1082e-02,
          3.0789e-01, -4.5856e-01,  8.7850e-02,  1.3716e-01,  7.1884e-01,
          9.5799e-02],
        [ 2.0318e-01, -2.7919e-01,  3.9811e-01, -1.3341e-01, -3.9975e-01,
         -3.9053e-01, -2.9875e-01, -6.5038e-01, -1.6785e-01, -8.5543e-02,
          1.3545e-01,  1.6623e-01,  6.9528e-01,  3.2801e-01, -9.3912e-02,
          3.0527e-01],
        [ 3.3867e-02, -1.0657e-01, -1.5843e-01,  1.0951e-01, -1.4691e-01,
         -1.2028e-01,  2.5923e-02, -2.7040e-01, -7.1781e-01, -1.6259e-01,
         -2.3156e-01,  4.9203e-01,  1.6246e-01, -3.6664e-01, -4.7005e-01,
         -7.4856e-02],
        [ 1.0067e-01,  2.5991e-01,  4.5156e-02, -1.8210e-01,  2.8338e-01,
          2.5762e-02, -7.8086e-02,  5.1824e-01,  4.5726e-01,  7.6648e-02,
          3.4781e-01, -2.9320e-01,  5.5737e-02, -2.9501e-02,  5.4811e-01,
          3.2041e-02],
        [-1.3593e-01,  5.7146e-01, -3.8149e-01,  4.1191e-01,  5.9578e-01,
          2.4356e-02,  4.9108e-01,  1.6982e-01,  3.7135e-01,  2.2537e-01,
         -3.1348e-01, -2.5351e-01, -4.4466e-01,  1.2395e-01,  4.3641e-01,
         -1.2124e-01],
        [ 1.7724e-01, -2.4647e-02,  1.9292e-01, -2.5439e-02, -2.0175e-01,
         -1.3339e-01, -7.3920e-02, -4.2429e-01, -5.4872e-01,  1.7838e-01,
         -1.3628e-01,  2.1249e-01, -1.0966e-01,  5.0296e-03, -5.2316e-01,
         -3.4947e-02],
        [-2.2595e-01,  5.8679e-02,  1.5901e-01, -2.0285e-01, -4.9806e-01,
         -2.1608e-01, -7.5974e-03, -4.5823e-01, -4.6732e-01, -3.3331e-02,
         -1.5127e-01,  2.0128e-01,  2.4598e-01, -2.8830e-01, -3.1033e-01,
          1.8368e-01],
        [-1.3978e-01,  8.1141e-02,  1.0682e-01, -9.9423e-02, -2.7439e-01,
         -2.7917e-01, -3.2369e-02, -3.5047e-01, -3.4725e-01, -1.1335e-01,
         -3.1490e-01,  2.9349e-01, -1.4142e-01, -2.5655e-02, -6.9583e-01,
         -8.3416e-02],
        [-1.1585e-01,  8.3459e-02,  9.5649e-02, -1.5685e-01,  2.2951e-01,
          1.0451e-01, -7.1570e-02,  4.6385e-01,  6.2332e-01, -1.9716e-01,
          3.5134e-01, -1.9493e-01, -1.8026e-01,  1.0167e-01,  5.0623e-01,
         -2.5323e-02],
        [-2.7006e-01,  4.6207e-01,  7.1448e-02, -1.3242e-01,  1.6626e-01,
          3.7529e-01,  2.4551e-01,  3.2289e-01,  5.9245e-01,  1.3130e-01,
          8.0354e-02, -1.7683e-01, -2.6369e-01,  2.4581e-01,  1.7973e-01,
         -2.2540e-01],
        [ 5.4751e-02,  9.5093e-02,  1.8325e-01, -6.9388e-02,  3.4857e-01,
          3.7323e-02,  2.3382e-01,  3.6678e-01,  4.9373e-01,  1.4747e-01,
          3.9454e-01, -1.3038e-01, -3.6124e-01, -3.8545e-02,  3.5804e-01,
         -2.1747e-02],
        [ 1.7570e-01, -1.6767e-02, -2.1110e-02, -4.5999e-02, -2.6920e-01,
          5.7856e-02, -2.0444e-02, -5.3898e-01, -6.4865e-01,  6.4529e-02,
         -1.4160e-01,  1.9865e-01, -8.4397e-02,  1.4044e-04, -4.9059e-01,
         -1.1782e-01],
        [ 1.6242e-02,  1.9776e-01,  1.5699e-01,  1.4702e-01, -4.6085e-01,
          2.9137e-02,  9.4558e-02, -2.9085e-01, -5.7859e-01,  4.3744e-02,
         -3.3273e-01,  2.9234e-01,  2.7839e-02, -1.3955e-01, -6.7470e-01,
          4.7563e-02],
        [-1.8443e-01, -1.1220e-01,  1.3530e-01, -1.9381e-01,  5.4123e-01,
          3.4231e-01, -4.6179e-02,  3.4043e-01,  3.2411e-01, -2.1497e-02,
          2.3452e-01, -5.0402e-01,  4.3556e-03,  8.3934e-02,  3.6302e-01,
          2.3264e-02],
        [-1.6052e-01, -3.3643e-01,  7.0564e-02,  1.5675e-01, -4.7502e-01,
         -9.7604e-03, -1.7193e-01, -5.0439e-01, -4.4285e-01,  7.2134e-02,
         -6.8286e-02,  5.6971e-01,  1.4274e-01, -1.6893e-01, -1.2544e-01,
         -4.7291e-03],
        [ 6.6663e-02,  1.1206e-01, -5.0939e-02, -1.5378e-01, -4.6085e-01,
          4.4015e-02,  8.5489e-02, -1.8720e-01, -6.6669e-01,  5.1326e-02,
          4.7991e-03,  4.4213e-01,  2.3383e-01,  2.0190e-02, -4.1527e-01,
         -2.6194e-01],
        [-2.3621e-01,  3.0859e-01, -1.3891e-01,  5.2372e-02,  2.9776e-01,
          2.6688e-01,  3.5084e-01,  4.2240e-01,  2.2429e-01,  1.8801e-01,
         -7.8662e-02, -3.6014e-01, -2.5018e-01, -9.9701e-02,  3.5657e-01,
         -8.5387e-02],
        [ 3.0950e-01, -3.7603e-01,  1.2348e-01, -2.5864e-01, -4.8780e-01,
         -3.9684e-01, -4.7969e-01, -1.9917e-01, -5.7780e-01, -9.9432e-02,
          1.8044e-01,  1.3269e-01,  4.7109e-01,  2.2546e-01, -1.3715e-01,
          1.9409e-01],
        [ 4.5503e-01, -3.5484e-01,  2.5216e-01, -7.2102e-02, -6.4927e-01,
         -2.6920e-01, -5.6556e-01, -2.1971e-01, -2.4503e-01, -2.5413e-01,
          9.7351e-02,  4.6082e-01,  1.8925e-01,  8.4821e-02, -1.8233e-01,
          2.0344e-01],
        [-3.5482e-02,  2.3700e-01,  1.2500e-01, -2.0105e-01,  3.5586e-01,
         -8.1419e-02,  2.6017e-01,  5.0817e-01,  3.3616e-01, -8.7895e-02,
         -2.2844e-02, -3.3841e-01, -1.3880e-01, -3.5916e-02,  4.6885e-01,
         -1.0822e-01],
        [-8.1973e-03,  3.9608e-02,  6.9632e-02,  2.9573e-01,  2.9287e-01,
          1.0368e-01,  2.4729e-01,  2.1133e-01,  3.6341e-01,  1.4466e-01,
          3.3161e-01, -5.2625e-01, -2.8098e-01, -2.4918e-01,  2.1717e-01,
          1.4833e-01],
        [ 4.3693e-01, -4.1029e-01,  2.8056e-02, -1.3364e-01, -2.8623e-01,
         -4.0868e-01, -4.8428e-01, -4.4430e-01, -4.3082e-01, -1.3345e-01,
          2.9489e-01,  4.1154e-01,  1.5659e-01,  2.8525e-01, -5.6294e-02,
          2.1651e-01],
        [-1.1450e-02,  8.9286e-02,  8.1690e-02, -1.6472e-01, -2.9171e-01,
         -6.4123e-02,  3.8502e-03, -4.3152e-01, -5.7863e-01, -7.6296e-02,
         -2.2925e-01,  4.4636e-01,  1.4249e-01, -1.4242e-01, -4.1410e-01,
         -2.2005e-01],
        [ 1.2838e-02, -3.3428e-01, -4.4766e-02,  3.7881e-02, -6.5770e-02,
         -1.7130e-01,  1.7345e-01, -3.6232e-01, -7.0625e-01,  2.6507e-01,
          6.2615e-02,  1.5543e-01, -4.5210e-02,  3.0342e-02, -5.7435e-01,
          1.4875e-01],
        [-1.6097e-01, -9.7886e-02, -1.3330e-01,  2.4291e-01, -3.0374e-01,
         -1.4976e-01,  9.6535e-02, -5.0858e-01, -4.6027e-01, -1.3563e-01,
         -4.1081e-01,  1.9355e-01,  8.0477e-02,  1.1139e-01, -6.1233e-01,
         -1.0846e-01],
        [ 4.2319e-01, -2.6217e-01,  3.6578e-01, -3.8481e-01, -5.1762e-01,
         -1.7785e-01, -6.8334e-01, -2.8569e-01, -5.9398e-01, -4.9236e-02,
          2.5234e-01,  3.0848e-01,  5.5798e-01,  3.6100e-01, -8.6357e-02,
          3.8755e-01],
        [-1.9916e-01,  2.6010e-01,  1.7910e-01,  8.5851e-02,  5.0547e-01,
         -2.0387e-02,  3.1713e-01,  3.7617e-01,  2.0160e-01, -5.0679e-02,
          3.0623e-01, -4.5020e-01, -2.3527e-01, -5.0383e-02,  2.1978e-01,
          1.7196e-02],
        [ 1.8293e-01, -1.6515e-01, -2.1722e-02, -4.8735e-03, -4.6026e-01,
         -2.2186e-01, -9.9602e-02, -5.1653e-01, -2.0938e-01,  2.9372e-02,
         -4.2641e-02,  3.0430e-01,  3.8601e-01,  1.5083e-01, -1.6486e-01,
          1.3055e-01],
        [-3.7611e-01,  4.1018e-01, -3.1997e-01,  2.5451e-01,  2.0497e-01,
          1.8725e-01,  5.6222e-01,  5.1319e-01,  5.1120e-01,  2.3386e-01,
          4.2829e-02, -2.6060e-01, -1.7709e-01,  5.2510e-02,  2.4486e-01,
         -2.5478e-01],
        [-3.3887e-01,  2.8891e-01, -9.2544e-03, -2.2069e-02,  4.8360e-01,
          4.0187e-01,  5.4647e-01,  1.9620e-01,  4.0984e-01,  2.8909e-01,
         -3.5487e-01, -2.1264e-01, -5.6163e-01, -2.3120e-01,  1.7714e-01,
         -2.3119e-01],
        [-1.4243e-01, -5.1680e-02,  3.9119e-02,  1.0292e-01, -1.0650e-01,
         -2.2450e-01, -2.8141e-01, -5.4624e-01, -5.6702e-01, -7.3158e-02,
         -3.6850e-02,  1.3346e-01, -8.7999e-02,  3.7969e-02, -5.0693e-01,
          8.9430e-03]], device='cuda:0', requires_grad=True)

Parameter name: road_linear_0.bias
Shape: torch.Size([32])
Values: Parameter containing:
tensor([-0.1157,  0.1606,  0.2066, -0.2363,  0.2056, -0.1691, -0.0336,  0.1331,
        -0.1516,  0.1509, -0.0722,  0.1157, -0.0635, -0.1097,  0.1759, -0.0441,
        -0.1905, -0.0890,  0.2243,  0.1323,  0.0982, -0.1059,  0.1094, -0.1284,
        -0.2302, -0.0632,  0.2400,  0.0484,  0.0163, -0.2602, -0.0939, -0.0669],
       device='cuda:0', requires_grad=True)

Parameter name: road_linear_1.weight
Shape: torch.Size([1, 32])
Values: Parameter containing:
tensor([[ 0.5554,  0.7155, -0.4945, -0.6215,  0.6961,  0.6519, -0.6305, -0.6935,
         -0.6464,  0.7522,  0.5470,  0.7269, -0.6381, -0.7992,  0.6503, -0.6197,
         -0.6548,  0.6185, -0.4598, -0.4968,  0.7723,  0.5424, -0.6082, -0.7244,
         -0.6856, -0.7238, -0.5706,  0.6765, -0.6310,  0.6759,  0.5152, -0.5551]],
       device='cuda:0', requires_grad=True)

Parameter name: linear_0.weight
Shape: torch.Size([32, 39])
Values: Parameter containing:
tensor([[-0.0262,  0.1085,  0.0537,  ...,  0.1996, -0.6617, -0.1137],
        [-0.1402, -0.0350,  0.1417,  ...,  0.0524, -0.5743,  0.0871],
        [ 0.0282, -0.0397,  0.0210,  ...,  0.0650,  0.6050,  0.0345],
        ...,
        [ 0.1383, -0.1535, -0.0414,  ..., -0.1690,  0.2811, -0.1180],
        [ 0.1115, -0.2128, -0.0737,  ..., -0.2315,  0.4558,  0.1557],
        [-0.2243,  0.1950,  0.0705,  ...,  0.0844, -0.5820, -0.0509]],
       device='cuda:0', requires_grad=True)

Parameter name: linear_0.bias
Shape: torch.Size([32])
Values: Parameter containing:
tensor([ 0.0866,  0.0262, -0.0603, -0.1331, -0.0863,  0.0443, -0.0829,  0.0701,
        -0.0406,  0.0480,  0.0519,  0.0134, -0.0242,  0.1073, -0.0204, -0.0180,
         0.0561, -0.1665, -0.0005,  0.0941, -0.0970, -0.0065,  0.1198,  0.0614,
        -0.1082,  0.1137,  0.0618, -0.1590,  0.0464,  0.1984,  0.1808, -0.1026],
       device='cuda:0', requires_grad=True)

Parameter name: linear_1.weight
Shape: torch.Size([32, 32])
Values: Parameter containing:
tensor([[ 0.0980, -0.2223,  0.0113,  ...,  0.1142, -0.0036,  0.0728],
        [-0.1866, -0.0645,  0.2121,  ...,  0.2085,  0.0096,  0.0436],
        [ 0.1383, -0.0350, -0.2402,  ..., -0.1738, -0.0102,  0.2191],
        ...,
        [ 0.1476,  0.0870,  0.0216,  ...,  0.0464, -0.2329,  0.3557],
        [ 0.0570, -0.2338,  0.1651,  ...,  0.3419,  0.2756, -0.1176],
        [ 0.0182, -0.1386,  0.2936,  ...,  0.2756,  0.1473, -0.0509]],
       device='cuda:0', requires_grad=True)

Parameter name: linear_1.bias
Shape: torch.Size([32])
Values: Parameter containing:
tensor([ 0.1587,  0.1984, -0.0631, -0.1653,  0.0405, -0.0016, -0.1016,  0.0729,
         0.2257, -0.1729,  0.1360, -0.1400,  0.2525,  0.0704, -0.0539,  0.2262,
         0.0609, -0.1964,  0.0628,  0.0772, -0.0942,  0.0627, -0.2325,  0.2334,
         0.0168, -0.0296,  0.0852,  0.0016, -0.2046, -0.0762,  0.2158,  0.0638],
       device='cuda:0', requires_grad=True)

Parameter name: linear_2.weight
Shape: torch.Size([1, 32])
Values: Parameter containing:
tensor([[ 1.1878,  1.1177, -1.1942, -1.1518,  1.0355,  1.0491, -1.0995,  0.9994,
          1.0671, -1.1613, -1.0617,  1.0500,  1.0545,  1.0821,  1.0732,  1.0455,
         -1.1648, -1.2040,  1.0669,  1.0413, -1.0983, -1.1124, -1.2223,  1.0607,
          1.1472,  1.1799, -1.1909,  1.1748, -1.0943, -1.2088,  1.0944,  1.1782]],
       device='cuda:0', requires_grad=True)

Parameter name: linear_2.bias
Shape: torch.Size([1])
Values: Parameter containing:
tensor([0.9204], device='cuda:0', requires_grad=True)

