Parameter name: road_linear_0.weight
Shape: torch.Size([32, 16])
Values: Parameter containing:
tensor([[-3.1836e-01,  4.9921e-01,  5.6719e-02, -4.9031e-02,  3.8379e-01,
          2.0434e-01,  4.0805e-01,  1.5744e-01,  3.7578e-01,  1.9382e-01,
          1.0956e-01, -3.2520e-01, -4.1297e-01, -2.8911e-01,  3.8087e-01,
          9.4250e-02],
        [-1.1173e-01, -1.4595e-01,  6.2430e-02, -1.2350e-01,  1.5293e-01,
          2.2123e-01,  5.3073e-02,  3.5235e-01,  7.2393e-01, -3.9075e-02,
          2.7053e-01, -4.5812e-01,  6.0519e-02,  1.1273e-01,  6.9557e-01,
          6.6272e-02],
        [ 1.6772e-01, -2.3736e-01,  3.6108e-01, -1.1158e-01, -3.7232e-01,
         -3.5827e-01, -2.3516e-01, -6.3989e-01, -1.8910e-01, -6.0025e-02,
          1.1994e-01,  1.6969e-01,  6.5304e-01,  3.0435e-01, -1.2280e-01,
          2.8114e-01],
        [ 6.1793e-02, -1.2414e-01, -1.3324e-01,  8.2644e-02, -1.5671e-01,
         -1.3429e-01,  5.6985e-04, -2.4703e-01, -7.0430e-01, -1.8658e-01,
         -1.9258e-01,  4.9218e-01,  1.9208e-01, -3.4034e-01, -4.4695e-01,
         -4.3760e-02],
        [ 7.1434e-02,  2.8010e-01,  1.9695e-02, -1.5542e-01,  2.9544e-01,
          4.0401e-02, -5.2828e-02,  4.9742e-01,  4.4373e-01,  1.0170e-01,
          3.0895e-01, -2.9792e-01,  2.5213e-02, -5.6344e-02,  5.2870e-01,
          6.5141e-04],
        [-1.0078e-01,  5.3319e-01, -3.4387e-01,  3.8952e-01,  5.7954e-01,
         -3.2962e-03,  4.3102e-01,  1.6238e-01,  3.9625e-01,  2.0115e-01,
         -2.9737e-01, -2.6354e-01, -4.0844e-01,  1.4803e-01,  4.7286e-01,
         -9.7723e-02],
        [ 2.0727e-01, -4.2569e-02,  2.2062e-01, -5.3890e-02, -2.2098e-01,
         -1.5455e-01, -1.0013e-01, -4.0910e-01, -5.4803e-01,  1.5425e-01,
         -9.5794e-02,  2.1893e-01, -7.5430e-02,  3.3812e-02, -5.1131e-01,
         -2.9797e-03],
        [-2.0268e-01,  4.7747e-02,  1.8173e-01, -2.2762e-01, -5.1912e-01,
         -2.3446e-01, -2.7181e-02, -4.4561e-01, -4.7359e-01, -5.2498e-02,
         -1.1874e-01,  2.0652e-01,  2.7377e-01, -2.6486e-01, -3.0471e-01,
          2.1057e-01],
        [-1.0955e-01,  6.2518e-02,  1.3417e-01, -1.2776e-01, -2.8624e-01,
         -2.9620e-01, -6.0179e-02, -3.2774e-01, -3.3604e-01, -1.3860e-01,
         -2.7299e-01,  2.9352e-01, -1.0858e-01,  2.6378e-03, -6.7312e-01,
         -5.0871e-02],
        [-1.4308e-01,  1.0050e-01,  6.9934e-02, -1.2971e-01,  2.4156e-01,
          1.2142e-01, -4.5835e-02,  4.4300e-01,  6.1317e-01, -1.7364e-01,
          3.1354e-01, -1.9704e-01, -2.1018e-01,  7.5820e-02,  4.8427e-01,
         -5.5937e-02],
        [-2.7270e-01,  4.4977e-01,  6.4314e-02, -1.1855e-01,  1.8158e-01,
          3.7957e-01,  2.3883e-01,  3.1185e-01,  6.1849e-01,  1.3533e-01,
          6.6396e-02, -1.8003e-01, -2.6681e-01,  2.3650e-01,  1.9232e-01,
         -2.3758e-01],
        [ 2.8769e-02,  1.0989e-01,  1.5843e-01, -4.2913e-02,  3.6850e-01,
          5.4209e-02,  2.5738e-01,  3.5030e-01,  4.9191e-01,  1.6974e-01,
          3.5788e-01, -1.3363e-01, -3.9047e-01, -6.3859e-02,  3.4485e-01,
         -5.0639e-02],
        [ 2.0759e-01, -3.7299e-02,  7.9748e-03, -7.5654e-02, -2.8632e-01,
          3.7478e-02, -4.8832e-02, -5.2030e-01, -6.4261e-01,  3.8521e-02,
         -9.9837e-02,  2.0493e-01, -4.9447e-02,  3.0045e-02, -4.7374e-01,
         -8.4088e-02],
        [ 4.2918e-02,  1.8198e-01,  1.8210e-01,  1.2051e-01, -4.6990e-01,
          1.3828e-02,  6.9434e-02, -2.6828e-01, -5.6753e-01,  2.0588e-02,
         -2.9481e-01,  2.9210e-01,  5.6717e-02, -1.1409e-01, -6.5069e-01,
          7.7712e-02],
        [-2.1441e-01, -9.2603e-02,  1.0882e-01, -1.6634e-01,  5.5547e-01,
          3.5959e-01, -1.9587e-02,  3.2004e-01,  3.1385e-01,  3.6561e-03,
          1.9433e-01, -5.0794e-01, -2.8127e-02,  5.6454e-02,  3.4449e-01,
         -8.6084e-03],
        [-1.3592e-01, -3.4978e-01,  9.3377e-02,  1.3149e-01, -4.9678e-01,
         -2.5926e-02, -1.9109e-01, -4.8913e-01, -4.4682e-01,  5.1847e-02,
         -3.3875e-02,  5.7593e-01,  1.7007e-01, -1.4472e-01, -1.2163e-01,
          2.3215e-02],
        [ 9.6332e-02,  9.2899e-02, -2.3899e-02, -1.8206e-01, -4.7428e-01,
          2.6611e-02,  5.8082e-02, -1.6606e-01, -6.5527e-01,  2.6516e-02,
          4.6382e-02,  4.4285e-01,  2.6722e-01,  4.8493e-02, -3.9413e-01,
         -2.2980e-01],
        [-2.2084e-01,  2.8118e-01, -1.2793e-01,  5.2692e-02,  2.9982e-01,
          2.5694e-01,  3.1832e-01,  4.1267e-01,  2.5588e-01,  1.7923e-01,
         -7.8271e-02, -3.6550e-01, -2.3504e-01, -9.4993e-02,  3.8176e-01,
         -8.3142e-02],
        [ 2.7129e-01, -3.3318e-01,  8.2902e-02, -2.3471e-01, -4.6200e-01,
         -3.6426e-01, -4.1384e-01, -1.8936e-01, -6.0027e-01, -7.2089e-02,
          1.6312e-01,  1.3749e-01,  4.2626e-01,  1.9909e-01, -1.6873e-01,
          1.6764e-01],
        [ 4.2432e-01, -3.1955e-01,  2.1784e-01, -5.1947e-02, -6.1474e-01,
         -2.3562e-01, -5.0543e-01, -2.0438e-01, -2.5720e-01, -2.3460e-01,
          8.5708e-02,  4.6343e-01,  1.5260e-01,  6.4531e-02, -2.0775e-01,
          1.8303e-01],
        [-5.9393e-02,  2.4972e-01,  1.0242e-01, -1.7625e-01,  3.8066e-01,
         -6.2145e-02,  2.7836e-01,  4.9769e-01,  3.4756e-01, -6.8271e-02,
         -5.4245e-02, -3.4998e-01, -1.6709e-01, -5.9788e-02,  4.7159e-01,
         -1.3544e-01],
        [-2.0126e-02,  3.5822e-02,  5.5905e-02,  3.1448e-01,  3.0037e-01,
          1.0646e-01,  2.5004e-01,  1.9396e-01,  3.7477e-01,  1.5610e-01,
          3.0893e-01, -5.2612e-01, -2.9147e-01, -2.6558e-01,  2.1639e-01,
          1.2956e-01],
        [ 4.0437e-01, -3.7160e-01, -5.1098e-03, -1.1484e-01, -2.5968e-01,
         -3.7906e-01, -4.2578e-01, -4.3355e-01, -4.4994e-01, -1.1138e-01,
          2.8094e-01,  4.1532e-01,  1.1841e-01,  2.6406e-01, -8.3389e-02,
          1.9553e-01],
        [ 1.9228e-02,  6.9171e-02,  1.0888e-01, -1.9282e-01, -3.0660e-01,
         -8.1837e-02, -2.4090e-02, -4.1078e-01, -5.6806e-01, -1.0165e-01,
         -1.8777e-01,  4.4809e-01,  1.7626e-01, -1.1393e-01, -3.9420e-01,
         -1.8758e-01],
        [ 4.2780e-02, -3.5352e-01, -1.6370e-02,  8.7162e-03, -8.3080e-02,
         -1.9290e-01,  1.4495e-01, -3.4399e-01, -7.0073e-01,  2.4031e-01,
          1.0355e-01,  1.5975e-01, -1.0410e-02,  5.9214e-02, -5.5521e-01,
          1.8125e-01],
        [-1.3091e-01, -1.1993e-01, -1.0726e-01,  2.1616e-01, -3.1644e-01,
         -1.6641e-01,  7.1074e-02, -4.9158e-01, -4.4498e-01, -1.6152e-01,
         -3.7261e-01,  2.0401e-01,  1.1187e-01,  1.3824e-01, -5.9607e-01,
         -7.6911e-02],
        [ 3.7842e-01, -2.1931e-01,  3.0589e-01, -3.4018e-01, -4.7012e-01,
         -1.3201e-01, -6.0042e-01, -2.7275e-01, -5.9742e-01, -1.4588e-02,
          2.2814e-01,  3.0775e-01,  4.9882e-01,  3.2155e-01, -1.1470e-01,
          3.4511e-01],
        [-2.1273e-01,  2.5998e-01,  1.6354e-01,  1.0574e-01,  5.2445e-01,
         -1.0878e-02,  3.2472e-01,  3.6251e-01,  2.1571e-01, -3.8245e-02,
          2.8305e-01, -4.5239e-01, -2.5053e-01, -6.6925e-02,  2.2035e-01,
         -2.6940e-03],
        [ 1.8470e-01, -1.5238e-01, -1.4474e-02, -1.8737e-02, -4.7693e-01,
         -2.2784e-01, -9.4127e-02, -5.0638e-01, -2.3530e-01,  2.5936e-02,
         -2.9040e-02,  3.0650e-01,  3.9084e-01,  1.5940e-01, -1.7560e-01,
          1.4224e-01],
        [-3.4929e-01,  3.7726e-01, -2.9150e-01,  2.3925e-01,  1.8502e-01,
          1.6042e-01,  5.0909e-01,  5.0307e-01,  5.3198e-01,  2.1660e-01,
          5.3134e-02, -2.6693e-01, -1.4558e-01,  6.9048e-02,  2.7340e-01,
         -2.3889e-01],
        [-3.0305e-01,  2.4798e-01,  3.0619e-02, -4.6132e-02,  4.5077e-01,
          3.6538e-01,  4.8171e-01,  1.8253e-01,  4.2649e-01,  2.6425e-01,
         -3.3960e-01, -2.1597e-01, -5.1797e-01, -2.0652e-01,  2.0666e-01,
         -2.0611e-01],
        [-1.1342e-01, -6.8819e-02,  6.6279e-02,  7.4676e-02, -1.2795e-01,
         -2.4578e-01, -3.0744e-01, -5.3024e-01, -5.6710e-01, -9.6620e-02,
          3.3643e-03,  1.3904e-01, -5.3754e-02,  6.6126e-02, -4.9584e-01,
          4.0370e-02]], device='cuda:0', requires_grad=True)

Parameter name: road_linear_0.bias
Shape: torch.Size([32])
Values: Parameter containing:
tensor([-0.1090,  0.1513,  0.2045, -0.2203,  0.1839, -0.1673, -0.0208,  0.1292,
        -0.1330,  0.1418, -0.0510,  0.1119, -0.0433, -0.1000,  0.1541, -0.0369,
        -0.1745, -0.0761,  0.2180,  0.1393,  0.0940, -0.0989,  0.1085, -0.1096,
        -0.2182, -0.0393,  0.2489,  0.0605, -0.0088, -0.2645, -0.0922, -0.0580],
       device='cuda:0', requires_grad=True)

Parameter name: road_linear_1.weight
Shape: torch.Size([1, 32])
Values: Parameter containing:
tensor([[ 0.5288,  0.6731, -0.4572, -0.5796,  0.6514,  0.6229, -0.5914, -0.6610,
         -0.5978,  0.7078,  0.5200,  0.6870, -0.5936, -0.7529,  0.6089, -0.5873,
         -0.6154,  0.5929, -0.4294, -0.4658,  0.7390,  0.5173, -0.5771, -0.6830,
         -0.6457, -0.6782, -0.5313,  0.6493, -0.6035,  0.6460,  0.4843, -0.5192]],
       device='cuda:0', requires_grad=True)

Parameter name: linear_0.weight
Shape: torch.Size([32, 39])
Values: Parameter containing:
tensor([[-0.0233,  0.1013,  0.0538,  ...,  0.1938, -0.5406, -0.1137],
        [-0.1393, -0.0353,  0.1402,  ...,  0.0536, -0.4963,  0.0871],
        [ 0.0280, -0.0406,  0.0221,  ...,  0.0645,  0.4961,  0.0345],
        ...,
        [ 0.1397, -0.1572, -0.0412,  ..., -0.1693,  0.2086, -0.1180],
        [ 0.1126, -0.2141, -0.0744,  ..., -0.2304,  0.3593,  0.1557],
        [-0.2186,  0.1826,  0.0694,  ...,  0.0827, -0.4816, -0.0509]],
       device='cuda:0', requires_grad=True)

Parameter name: linear_0.bias
Shape: torch.Size([32])
Values: Parameter containing:
tensor([ 0.0854,  0.0276, -0.0613, -0.1356, -0.0850,  0.0416, -0.0839,  0.0708,
        -0.0390,  0.0477,  0.0508,  0.0166, -0.0249,  0.1062, -0.0221, -0.0168,
         0.0531, -0.1659, -0.0011,  0.0932, -0.0942, -0.0030,  0.1191,  0.0558,
        -0.1097,  0.1130,  0.0601, -0.1535,  0.0456,  0.1980,  0.1816, -0.1032],
       device='cuda:0', requires_grad=True)

Parameter name: linear_1.weight
Shape: torch.Size([32, 32])
Values: Parameter containing:
tensor([[ 0.0943, -0.2184,  0.0028,  ...,  0.1096, -0.0027,  0.0651],
        [-0.1893, -0.0615,  0.2038,  ...,  0.2047,  0.0111,  0.0373],
        [ 0.1320, -0.0299, -0.2422,  ..., -0.1784, -0.0158,  0.2118],
        ...,
        [ 0.1394,  0.0896,  0.0232,  ...,  0.0426, -0.2292,  0.3320],
        [ 0.0494, -0.2252,  0.1509,  ...,  0.3329,  0.2722, -0.1302],
        [ 0.0158, -0.1362,  0.2866,  ...,  0.2723,  0.1498, -0.0575]],
       device='cuda:0', requires_grad=True)

Parameter name: linear_1.bias
Shape: torch.Size([32])
Values: Parameter containing:
tensor([ 0.1543,  0.1949, -0.0679, -0.1602,  0.0408, -0.0028, -0.1002,  0.0637,
         0.2177, -0.1770,  0.1367, -0.1817,  0.2455,  0.0728, -0.0608,  0.2179,
         0.0158, -0.1951,  0.0656,  0.0725, -0.0880,  0.0621, -0.2366,  0.2311,
         0.0142, -0.0780,  0.0811,  0.0092, -0.2004, -0.0810,  0.2074,  0.0607],
       device='cuda:0', requires_grad=True)

Parameter name: linear_2.weight
Shape: torch.Size([1, 32])
Values: Parameter containing:
tensor([[ 1.0888,  1.0159, -1.0756, -1.0542,  0.9231,  0.9397, -0.9907,  0.9059,
          0.9724, -1.0412, -0.9540,  0.9571,  0.9560,  0.9661,  0.9790,  0.9525,
         -1.0710, -1.0980,  0.9519,  0.9414, -1.0013, -0.9999, -1.1050,  0.9567,
          1.0433,  1.0789, -1.0765,  1.0544, -0.9942, -1.0963,  1.0014,  1.0750]],
       device='cuda:0', requires_grad=True)

Parameter name: linear_2.bias
Shape: torch.Size([1])
Values: Parameter containing:
tensor([0.8284], device='cuda:0', requires_grad=True)

