Parameter name: road_linear_0.weight
Shape: torch.Size([32, 16])
Values: Parameter containing:
tensor([[-0.2964,  0.4594,  0.0582, -0.0447,  0.2533,  0.1637,  0.3644,  0.0557,
          0.2942,  0.1973,  0.0359, -0.2146, -0.3902, -0.3245,  0.3443,  0.0944],
        [-0.1853, -0.0629, -0.0239, -0.0511,  0.0635,  0.2297,  0.1509,  0.2037,
          0.4844,  0.0492,  0.1130, -0.2842, -0.0158,  0.0141,  0.4956, -0.0157],
        [ 0.0452, -0.1162,  0.3136, -0.0926, -0.1848, -0.3176, -0.0971, -0.5032,
         -0.0872, -0.0092,  0.0883,  0.0128,  0.4933,  0.2743, -0.0353,  0.2243],
        [ 0.1740, -0.2382, -0.0229, -0.0078, -0.1122, -0.1586, -0.1233, -0.1317,
         -0.4817, -0.3006,  0.0032,  0.3718,  0.3231, -0.2091, -0.2811,  0.0625],
        [-0.0462,  0.4047, -0.0932, -0.0647,  0.2625,  0.0610,  0.0695,  0.3960,
          0.2500,  0.2189,  0.1122, -0.2053, -0.1076, -0.1932,  0.3830, -0.1078],
        [ 0.0032,  0.4403, -0.2947,  0.3654,  0.4214, -0.0495,  0.3089,  0.0439,
          0.3462,  0.1523, -0.3050, -0.1374, -0.3147,  0.1630,  0.4365, -0.0490],
        [ 0.2982, -0.0916,  0.3141, -0.1295, -0.1382, -0.1791, -0.1904, -0.3003,
         -0.3530,  0.0631,  0.0716,  0.0989,  0.0022,  0.1526, -0.3851,  0.0840],
        [-0.1303,  0.0385,  0.2666, -0.2985, -0.4246, -0.2676, -0.1025, -0.3364,
         -0.3011, -0.1311,  0.0236,  0.0786,  0.3205, -0.1587, -0.1857,  0.2856],
        [-0.0167, -0.0062,  0.2366, -0.2136, -0.1792, -0.3251, -0.1748, -0.1814,
         -0.0799, -0.2409, -0.0882,  0.1181, -0.0137,  0.1218, -0.4913,  0.0436],
        [-0.2388,  0.2048, -0.0301, -0.0470,  0.1765,  0.1387,  0.0646,  0.3123,
          0.3833, -0.0724,  0.1330, -0.0569, -0.3196, -0.0421,  0.3080, -0.1516],
        [-0.3002,  0.4225,  0.0146, -0.0734,  0.0642,  0.3897,  0.2648,  0.2009,
          0.4752,  0.1816, -0.0378, -0.0492, -0.2685,  0.1640,  0.0961, -0.2786],
        [-0.0506,  0.1497,  0.0663,  0.0348,  0.2612,  0.0840,  0.3537,  0.2162,
          0.2688,  0.2604,  0.1884,  0.0233, -0.4630, -0.1756,  0.1896, -0.1333],
        [ 0.3166, -0.1317,  0.1114, -0.1573, -0.2320,  0.0189, -0.1496, -0.4266,
         -0.4643, -0.0637,  0.0870,  0.1153,  0.0609,  0.1619, -0.3581,  0.0161],
        [ 0.1441,  0.0783,  0.2860,  0.0343, -0.4019, -0.0021, -0.0465, -0.1384,
         -0.3325, -0.0849, -0.1067,  0.1488,  0.1703,  0.0095, -0.4741,  0.1775],
        [-0.3098, -0.0089,  0.0084, -0.0840,  0.4761,  0.3890,  0.0929,  0.1904,
          0.0826,  0.1048,  0.0136, -0.3588, -0.1347, -0.0617,  0.1787, -0.1017],
        [-0.0597, -0.4187,  0.1701,  0.0719, -0.4388, -0.0319, -0.2560, -0.4111,
         -0.3219, -0.0231,  0.1234,  0.5001,  0.2564, -0.0395, -0.0520,  0.0960],
        [ 0.2054,  0.0182,  0.0874, -0.2748, -0.3995, -0.0032, -0.0601, -0.0400,
         -0.4152, -0.0855,  0.2411,  0.3024,  0.3725,  0.1827, -0.2318, -0.1253],
        [-0.2018,  0.2221, -0.1392,  0.0701,  0.1826,  0.2514,  0.2857,  0.3185,
          0.1850,  0.1897, -0.1351, -0.2542, -0.2011, -0.1316,  0.3324, -0.0900],
        [ 0.1695, -0.2106,  0.0647, -0.2420, -0.2828, -0.3426, -0.3091, -0.0436,
         -0.4901, -0.0434,  0.1424, -0.0277,  0.2701,  0.1927, -0.0615,  0.1321],
        [ 0.3240, -0.2118,  0.1903, -0.0462, -0.4175, -0.2012, -0.3934, -0.0566,
         -0.1512, -0.2026,  0.0767,  0.3062,  0.0226,  0.0636, -0.1047,  0.1445],
        [-0.1359,  0.3265,  0.0308, -0.1204,  0.3449, -0.0552,  0.3377,  0.4396,
          0.2523,  0.0024, -0.2095, -0.3025, -0.2663, -0.1608,  0.4351, -0.2072],
        [-0.0506,  0.0054, -0.0043,  0.3700,  0.1291,  0.1036,  0.2907,  0.0436,
          0.1657,  0.2126,  0.1811, -0.3542, -0.2748, -0.3492,  0.0706,  0.0806],
        [ 0.3105, -0.2615, -0.0268, -0.1149, -0.0829, -0.3579, -0.3221, -0.2992,
         -0.3526, -0.0830,  0.2680,  0.2647, -0.0138,  0.2610,  0.0095,  0.1616],
        [ 0.1357, -0.0056,  0.2224, -0.2850, -0.2565, -0.1235, -0.1446, -0.3080,
         -0.3755, -0.2164, -0.0027,  0.3389,  0.2870,  0.0227, -0.2569, -0.0810],
        [ 0.1465, -0.4390,  0.0867, -0.0760, -0.0154, -0.2144,  0.0364, -0.2274,
         -0.4697,  0.1367,  0.2943,  0.0346,  0.0989,  0.1863, -0.4043,  0.2804],
        [-0.0012, -0.2601,  0.0156,  0.1177, -0.3162, -0.1953, -0.0598, -0.4136,
         -0.2755, -0.2880, -0.1719,  0.1539,  0.2616,  0.2839, -0.4637,  0.0412],
        [ 0.1874, -0.1030,  0.2212, -0.2984, -0.2517, -0.0631, -0.3990, -0.0980,
         -0.4642,  0.0713,  0.1598,  0.1371,  0.2980,  0.2517,  0.0021,  0.2457],
        [-0.2638,  0.2726,  0.0979,  0.1610,  0.4081, -0.0044,  0.3810,  0.2456,
          0.0556,  0.0257,  0.1444, -0.3187, -0.2891, -0.1585,  0.1096, -0.0599],
        [ 0.2121, -0.1187,  0.0398, -0.0687, -0.3601, -0.2473, -0.1279, -0.3934,
         -0.0896, -0.0229,  0.0741,  0.1702,  0.3905,  0.2328, -0.0714,  0.1852],
        [-0.2558,  0.2820, -0.2538,  0.2208,  0.0200,  0.1220,  0.3957,  0.3892,
          0.4646,  0.1763,  0.0530, -0.1386, -0.0435,  0.0776,  0.2221, -0.1981],
        [-0.2065,  0.1290,  0.0513, -0.0417,  0.2673,  0.3396,  0.3810,  0.0347,
          0.3101,  0.2380, -0.3223, -0.0505, -0.3630, -0.1989,  0.0988, -0.1698],
        [-0.0246, -0.1103,  0.1622, -0.0040, -0.0516, -0.2828, -0.4029, -0.4194,
         -0.3719, -0.1902,  0.1659,  0.0131,  0.0230,  0.1838, -0.3634,  0.1276]],
       device='cuda:0', requires_grad=True)

Parameter name: road_linear_0.bias
Shape: torch.Size([32])
Values: Parameter containing:
tensor([-0.1161,  0.0209,  0.1021, -0.0577,  0.0061, -0.0986,  0.0863,  0.1502,
        -0.0312, -0.0154, -0.0295,  0.0596,  0.1317,  0.0573,  0.0233,  0.0885,
        -0.0689, -0.0206,  0.1012,  0.0508, -0.0412, -0.0802,  0.0068,  0.0027,
        -0.0745,  0.1468,  0.1702,  0.0234, -0.0553, -0.2013,  0.0214,  0.0093],
       device='cuda:0', requires_grad=True)

Parameter name: road_linear_1.weight
Shape: torch.Size([1, 32])
Values: Parameter containing:
tensor([[ 0.3001,  0.3977, -0.2674, -0.3087,  0.3829,  0.4246, -0.3365, -0.4292,
         -0.3371,  0.4364,  0.2949,  0.4367, -0.3209, -0.4678,  0.3492, -0.3414,
         -0.3543,  0.3777, -0.2588, -0.2867,  0.4871,  0.3165, -0.3955, -0.4257,
         -0.3859, -0.4192, -0.3564,  0.4112, -0.3864,  0.4389,  0.3151, -0.2796]],
       device='cuda:0', requires_grad=True)

Parameter name: linear_0.weight
Shape: torch.Size([32, 39])
Values: Parameter containing:
tensor([[-0.0481,  0.1235,  0.0774,  ...,  0.1386, -0.2139, -0.1137],
        [-0.1461, -0.0217,  0.1361,  ...,  0.0597, -0.2576,  0.0871],
        [ 0.0362, -0.0557,  0.0252,  ...,  0.0627,  0.1983,  0.0345],
        ...,
        [ 0.1455, -0.1746, -0.0321,  ..., -0.1829, -0.0285, -0.1180],
        [ 0.1264, -0.2353, -0.0764,  ..., -0.2296,  0.0886,  0.1557],
        [-0.2250,  0.1817,  0.0789,  ...,  0.0580, -0.2063, -0.0509]],
       device='cuda:0', requires_grad=True)

Parameter name: linear_0.bias
Shape: torch.Size([32])
Values: Parameter containing:
tensor([ 0.0640,  0.0362, -0.0689, -0.1407, -0.0772,  0.0536, -0.0937,  0.0567,
        -0.0390,  0.0503,  0.0245,  0.0156, -0.0202,  0.0979, -0.0346, -0.0090,
         0.0476, -0.1605, -0.0198,  0.0775, -0.0770,  0.0151,  0.1130,  0.0298,
        -0.1015,  0.1064,  0.0528, -0.1276,  0.0410,  0.1837,  0.1788, -0.1125],
       device='cuda:0', requires_grad=True)

Parameter name: linear_1.weight
Shape: torch.Size([32, 32])
Values: Parameter containing:
tensor([[ 0.0850, -0.1898, -0.0856,  ...,  0.0852, -0.0213,  0.0576],
        [-0.2005, -0.0352,  0.1216,  ...,  0.1816, -0.0059,  0.0286],
        [ 0.1300, -0.0402, -0.1892,  ..., -0.1713, -0.0102,  0.2040],
        ...,
        [ 0.1398,  0.0766,  0.0639,  ...,  0.0506, -0.2055,  0.3019],
        [ 0.0311, -0.1752,  0.0408,  ...,  0.2899,  0.2351, -0.1493],
        [ 0.0085, -0.1186,  0.2255,  ...,  0.2572,  0.1437, -0.0677]],
       device='cuda:0', requires_grad=True)

Parameter name: linear_1.bias
Shape: torch.Size([32])
Values: Parameter containing:
tensor([ 0.1311,  0.1729, -0.0609, -0.1373,  0.0257, -0.0221, -0.0841,  0.0225,
         0.1845, -0.1661,  0.1338, -0.1429,  0.2182,  0.0585, -0.0942,  0.1779,
        -0.0984, -0.1781,  0.0565,  0.0502, -0.0599,  0.0744, -0.2252,  0.2121,
        -0.0063, -0.0507,  0.0842,  0.0094, -0.1763, -0.0780,  0.1673,  0.0439],
       device='cuda:0', requires_grad=True)

Parameter name: linear_2.weight
Shape: torch.Size([1, 32])
Values: Parameter containing:
tensor([[ 0.5478,  0.4676, -0.5225, -0.5201,  0.3669,  0.3839, -0.4389,  0.3873,
          0.4491, -0.4826, -0.4053,  0.4235,  0.4237,  0.4091,  0.4553,  0.4358,
         -0.5400, -0.5493,  0.3991,  0.4018, -0.4686, -0.4492, -0.5440,  0.4071,
          0.4918,  0.5440, -0.5197,  0.5101, -0.4493, -0.5371,  0.4861,  0.5312]],
       device='cuda:0', requires_grad=True)

Parameter name: linear_2.bias
Shape: torch.Size([1])
Values: Parameter containing:
tensor([0.3227], device='cuda:0', requires_grad=True)

