Parameter name: road_linear_0.weight
Shape: torch.Size([32, 16])
Values: Parameter containing:
tensor([[-0.0046,  0.4012,  0.3071, -0.3319, -0.1810, -0.1488, -0.0588, -0.3731,
         -0.2300, -0.0715, -0.0299,  0.1799, -0.2972, -0.0660, -0.0083,  0.3827],
        [-0.2467, -0.3948, -0.1010, -0.0053, -0.0330,  0.2432,  0.1521,  0.1469,
          0.4117,  0.1334,  0.3003, -0.2487,  0.3551, -0.0334,  0.3202, -0.0902],
        [ 0.0877,  0.2996,  0.3883, -0.1337, -0.0881, -0.3415, -0.0725, -0.4255,
         -0.0342, -0.0812, -0.1571, -0.0543,  0.0319,  0.3504,  0.0100,  0.2827],
        [ 0.2829,  0.1266,  0.0984, -0.0953, -0.0612, -0.2111, -0.1639, -0.1052,
         -0.4534, -0.4254, -0.2206,  0.3718, -0.0710, -0.1089, -0.1897,  0.1804],
        [-0.0939,  0.0280, -0.1726, -0.0180,  0.1573,  0.0838,  0.0342,  0.3116,
          0.1634,  0.3001,  0.3489, -0.1522,  0.3164, -0.2368,  0.2705, -0.1727],
        [-0.0155,  0.0561, -0.3725,  0.4197,  0.3454, -0.0152,  0.2703, -0.0218,
          0.2891,  0.2272, -0.0766, -0.0927,  0.1162,  0.1178,  0.4002, -0.1017],
        [ 0.3658,  0.2532,  0.4082, -0.1896, -0.0525, -0.2069, -0.1764, -0.2281,
         -0.2761, -0.0294, -0.0489,  0.0536, -0.3528,  0.2106, -0.2773,  0.1628],
        [-0.0597,  0.3681,  0.3628, -0.3648, -0.3412, -0.2983, -0.0940, -0.2633,
         -0.2250, -0.2255, -0.0959,  0.0297, -0.0337, -0.0916, -0.1027,  0.3707],
        [ 0.0300,  0.3606,  0.3021, -0.2480, -0.0427, -0.3436, -0.1443, -0.0898,
          0.0319, -0.3152, -0.2842,  0.0437, -0.4111,  0.1610, -0.2703,  0.1061],
        [-0.2956, -0.1700, -0.1096,  0.0029,  0.0794,  0.1635,  0.0577,  0.2400,
          0.2971,  0.0114,  0.3632, -0.0071,  0.1073, -0.0941,  0.1746, -0.2245],
        [-0.3669,  0.0089, -0.0780, -0.0140, -0.0390,  0.4378,  0.2485,  0.1325,
          0.3875,  0.2754,  0.2284, -0.0013,  0.1871,  0.0976, -0.0015, -0.3604],
        [-0.1361, -0.2072, -0.0376,  0.1034,  0.1790,  0.1340,  0.3722,  0.1569,
          0.1932,  0.3659,  0.4080,  0.0585, -0.0661, -0.2654,  0.0132, -0.2332],
        [ 0.3324,  0.2984,  0.1686, -0.1789, -0.0950,  0.0280, -0.0727, -0.3094,
         -0.3393, -0.1114, -0.1793,  0.0232, -0.4269,  0.1609, -0.2220,  0.0513],
        [ 0.2072,  0.4063,  0.3712, -0.0163, -0.3064, -0.0211, -0.0288, -0.0659,
         -0.2305, -0.1709, -0.2823,  0.1022, -0.1954,  0.0618, -0.3070,  0.2522],
        [-0.3770, -0.3604, -0.0742, -0.0286,  0.3656,  0.4039,  0.1027,  0.1129,
         -0.0041,  0.1936,  0.1950, -0.3031,  0.2478, -0.1193,  0.0491, -0.1816],
        [-0.0597,  0.0224,  0.2153,  0.0470, -0.3448, -0.0279, -0.2001, -0.3098,
         -0.2610, -0.0847, -0.1511,  0.4206, -0.2701, -0.0125,  0.0484,  0.1229],
        [ 0.3267,  0.3342,  0.2155, -0.3704, -0.3754, -0.0567, -0.1064, -0.0172,
         -0.4015, -0.2094,  0.0670,  0.3008,  0.0407,  0.3040, -0.1185,  0.0018],
        [-0.3009, -0.0701, -0.2557,  0.1551,  0.1413,  0.3076,  0.2938,  0.2780,
          0.1708,  0.3006,  0.0168, -0.2472,  0.1090, -0.2251,  0.2786, -0.1958],
        [ 0.2209,  0.1597,  0.1433, -0.2874, -0.2051, -0.3675, -0.3042,  0.0276,
         -0.4744, -0.1167, -0.1177, -0.0804, -0.1330,  0.2962, -0.0246,  0.2057],
        [ 0.3739,  0.1877,  0.2782, -0.1032, -0.3080, -0.2322, -0.3520,  0.0339,
         -0.0709, -0.2903, -0.1770,  0.2402, -0.3973,  0.1154,  0.0539,  0.2181],
        [-0.1886, -0.0062, -0.0603, -0.0543,  0.2816, -0.0251,  0.3103,  0.3720,
          0.2128,  0.0893,  0.0127, -0.2789,  0.1211, -0.2148,  0.3728, -0.2792],
        [-0.0730, -0.4095, -0.0526,  0.3948, -0.0307,  0.1119,  0.2502, -0.0673,
          0.0439,  0.2705,  0.3974, -0.2492,  0.1720, -0.3671, -0.0984,  0.0342],
        [ 0.3678,  0.0858,  0.0612, -0.1760,  0.0046, -0.3962, -0.2978, -0.2226,
         -0.2776, -0.1693,  0.0513,  0.2047, -0.3856,  0.3231,  0.1101,  0.2413],
        [ 0.2632,  0.2429,  0.3522, -0.3831, -0.2418, -0.1761, -0.1803, -0.2868,
         -0.3795, -0.3405, -0.1444,  0.3450,  0.0172,  0.1405, -0.1736,  0.0461],
        [ 0.2166, -0.0386,  0.1817, -0.1410,  0.0541, -0.2708,  0.0346, -0.1835,
         -0.4001,  0.0349,  0.0437,  0.0043, -0.3433,  0.2621, -0.3058,  0.3693],
        [ 0.0491,  0.0941,  0.0998,  0.0643, -0.2210, -0.2123, -0.0285, -0.3314,
         -0.1956, -0.3686, -0.3683,  0.1075, -0.1450,  0.3260, -0.3803,  0.1062],
        [ 0.2281,  0.2594,  0.3121, -0.3630, -0.1794, -0.1054, -0.3605, -0.0241,
         -0.4134, -0.0127, -0.0608,  0.0879, -0.0787,  0.3087,  0.1227,  0.3193],
        [-0.3237, -0.1067,  0.0071,  0.2193,  0.3039,  0.0268,  0.3648,  0.1616,
         -0.0326,  0.1175,  0.3798, -0.2640,  0.1336, -0.2232, -0.0344, -0.1400],
        [ 0.3156,  0.2001,  0.1532, -0.1507, -0.3077, -0.2982, -0.1554, -0.3493,
         -0.0515, -0.1319, -0.1081,  0.1444,  0.0371,  0.3348,  0.0185,  0.2956],
        [-0.2699, -0.0496, -0.3220,  0.2596, -0.0787,  0.1454,  0.3329,  0.2973,
          0.3776,  0.2415,  0.2318, -0.0748,  0.3222,  0.0550,  0.1250, -0.2409],
        [-0.2990, -0.2397, -0.0618,  0.0405,  0.2047,  0.4010,  0.3925, -0.0142,
          0.2643,  0.3473, -0.0836, -0.0192,  0.0243, -0.2996,  0.0043, -0.2786],
        [ 0.0483,  0.2411,  0.2510, -0.0562,  0.0115, -0.3117, -0.4022, -0.3587,
         -0.3554, -0.2767, -0.0438, -0.0220, -0.3499,  0.2790, -0.2364,  0.2051]],
       device='cuda:0', requires_grad=True)

Parameter name: road_linear_0.bias
Shape: torch.Size([32])
Values: Parameter containing:
tensor([-0.0662, -0.0169, -0.0050, -0.0369,  0.0131, -0.2356,  0.0983,  0.1276,
        -0.0519, -0.0055,  0.0453,  0.0759,  0.1333,  0.0769,  0.0605, -0.0209,
        -0.0186, -0.0391,  0.0856, -0.0271, -0.1004, -0.0813, -0.0318,  0.0383,
        -0.0516,  0.1345,  0.1630,  0.0425, -0.0961, -0.1824,  0.0240,  0.0201],
       device='cuda:0', requires_grad=True)

Parameter name: road_linear_1.weight
Shape: torch.Size([1, 32])
Values: Parameter containing:
tensor([[-0.2023,  0.2954, -0.2121, -0.2422,  0.2830,  0.3327, -0.2694, -0.3630,
         -0.3099,  0.3183,  0.2473,  0.3595, -0.2467, -0.3839,  0.2717, -0.1899,
         -0.3051,  0.3199, -0.2128, -0.2257,  0.3777,  0.3024, -0.3589, -0.3652,
         -0.2582, -0.3111, -0.3077,  0.3263, -0.3376,  0.3694,  0.2868, -0.2214]],
       device='cuda:0', requires_grad=True)

Parameter name: linear_0.weight
Shape: torch.Size([32, 39])
Values: Parameter containing:
tensor([[-0.0056,  0.0974,  0.0733,  ...,  0.1947, -0.3059, -0.1137],
        [-0.0790, -0.0649,  0.1178,  ...,  0.1053, -0.2831,  0.0871],
        [-0.1050,  0.1353,  0.0972,  ...,  0.1939,  0.0405,  0.0345],
        ...,
        [ 0.1043, -0.1279, -0.0335,  ..., -0.1760, -0.0296, -0.1180],
        [ 0.0436, -0.1808, -0.0406,  ..., -0.2633,  0.0886,  0.1557],
        [-0.1905,  0.1326,  0.0520,  ...,  0.0713, -0.2382, -0.0509]],
       device='cuda:0', requires_grad=True)

Parameter name: linear_0.bias
Shape: torch.Size([32])
Values: Parameter containing:
tensor([ 0.0517,  0.0348, -0.0979, -0.1522, -0.0784,  0.0042, -0.1052,  0.0401,
        -0.0328,  0.0600,  0.0275, -0.0011,  0.0042,  0.0992, -0.0481, -0.0104,
         0.0469, -0.1636,  0.0003,  0.0781, -0.0630,  0.0215,  0.1088,  0.0191,
        -0.1097,  0.0962,  0.0423, -0.0946,  0.0449,  0.1973,  0.1661, -0.1268],
       device='cuda:0', requires_grad=True)

Parameter name: linear_1.weight
Shape: torch.Size([32, 32])
Values: Parameter containing:
tensor([[ 0.0500, -0.1633, -0.1898,  ...,  0.0342, -0.0467,  0.0636],
        [-0.2215, -0.0132, -0.0232,  ...,  0.1357, -0.0313,  0.0468],
        [ 0.1497, -0.0520, -0.0363,  ..., -0.1385,  0.0058,  0.1870],
        ...,
        [ 0.1382,  0.0632,  0.2012,  ...,  0.1000, -0.1783,  0.2482],
        [-0.0203, -0.1304, -0.0549,  ...,  0.2317,  0.2089, -0.1724],
        [-0.0084, -0.1056,  0.1206,  ...,  0.2168,  0.1230, -0.0455]],
       device='cuda:0', requires_grad=True)

Parameter name: linear_1.bias
Shape: torch.Size([32])
Values: Parameter containing:
tensor([ 0.0996,  0.1453, -0.0442, -0.0951, -0.1089, -0.1720, -0.0572, -0.0330,
         0.1341, -0.1625,  0.1285, -0.1259,  0.1921,  0.0845, -0.1160,  0.1151,
        -0.1379, -0.1736,  0.0718,  0.0080, -0.0107,  0.0874, -0.2065,  0.2109,
        -0.0490, -0.0086,  0.0776, -0.0386, -0.1435, -0.0630,  0.1169,  0.0259],
       device='cuda:0', requires_grad=True)

Parameter name: linear_2.weight
Shape: torch.Size([1, 32])
Values: Parameter containing:
tensor([[ 0.3597,  0.2825, -0.3205, -0.3517, -0.2038, -0.1987, -0.2662,  0.2292,
          0.2614, -0.2777, -0.2291,  0.2452,  0.2540,  0.2106,  0.2688,  0.2513,
         -0.3520, -0.3574,  0.2018,  0.2452, -0.3067, -0.2573, -0.3596,  0.2073,
          0.3218,  0.3761, -0.3314,  0.3464, -0.2659, -0.3563,  0.3191,  0.3605]],
       device='cuda:0', requires_grad=True)

Parameter name: linear_2.bias
Shape: torch.Size([1])
Values: Parameter containing:
tensor([0.1170], device='cuda:0', requires_grad=True)

Parameter name: road_linear_0.weight
Shape: torch.Size([32, 16])
Values: Parameter containing:
tensor([[ 0.0175,  0.3632,  0.3279, -0.3514, -0.0308, -0.1865, -0.0688, -0.3987,
         -0.1841, -0.0883,  0.0315,  0.1856,  0.0577, -0.0731,  0.3154,  0.3648],
        [-0.2774, -0.3490, -0.1297,  0.0150, -0.1616,  0.2887,  0.1867,  0.1694,
          0.4014,  0.1366,  0.2215, -0.2760,  0.0085, -0.0267,  0.0062, -0.0850],
        [ 0.1049,  0.2554,  0.4068, -0.1450,  0.1362, -0.3826, -0.0656, -0.4227,
          0.0462, -0.0852, -0.0936, -0.0500,  0.3939,  0.2912,  0.4331,  0.2662],
        [ 0.2990,  0.0805,  0.1138, -0.0993,  0.0997, -0.2403, -0.1747, -0.1033,
         -0.4156, -0.4097, -0.1080,  0.3754,  0.2833, -0.1416,  0.1430,  0.1640],
        [-0.1191,  0.1011, -0.1942, -0.0005,  0.0383,  0.1286,  0.0649,  0.3373,
          0.1569,  0.2986,  0.2441, -0.1847, -0.0411, -0.2141, -0.0775, -0.1441],
        [-0.0255,  0.1260, -0.3813,  0.4169,  0.1416,  0.0100,  0.2764, -0.0323,
          0.2503,  0.2124, -0.1237, -0.0905, -0.2374,  0.1366,  0.0359, -0.0781],
        [ 0.3966,  0.2095,  0.4355, -0.2061,  0.1260, -0.2557, -0.2105, -0.2453,
         -0.2559, -0.0300, -0.0187,  0.0742, -0.0367,  0.2120, -0.0147,  0.1627],
        [-0.0411,  0.3220,  0.3781, -0.3662, -0.1496, -0.3367, -0.1098, -0.2543,
         -0.1854, -0.2168, -0.0718,  0.0300,  0.2532, -0.0979,  0.1605,  0.3658],
        [ 0.0552,  0.3113,  0.3252, -0.2671,  0.0312, -0.3827, -0.1792, -0.1128,
          0.0435, -0.3133, -0.1123,  0.0769, -0.0907,  0.1221,  0.0045,  0.0939],
        [-0.3076, -0.0992, -0.1197,  0.0046, -0.0506,  0.1931,  0.0649,  0.2476,
          0.2710, -0.0033,  0.2437, -0.0238, -0.2510, -0.0529, -0.1814, -0.1924],
        [-0.3735,  0.0630, -0.0841, -0.0219, -0.1714,  0.4621,  0.2462,  0.1277,
          0.3445,  0.2521,  0.0654, -0.0024, -0.1590,  0.1539, -0.3877, -0.3315],
        [-0.1468, -0.1529, -0.0458,  0.1077,  0.1143,  0.1565,  0.3867,  0.1653,
          0.1717,  0.3466,  0.1545,  0.0418, -0.3948, -0.1840, -0.2550, -0.2002],
        [ 0.3717,  0.2375,  0.2073, -0.2084,  0.0789, -0.0350, -0.1128, -0.3385,
         -0.3439, -0.1268, -0.1250,  0.0497, -0.0320,  0.1752,  0.1660,  0.0398],
        [ 0.2366,  0.3637,  0.3976, -0.0341, -0.1755, -0.0643, -0.0696, -0.0855,
         -0.2214, -0.1731, -0.2168,  0.1280,  0.1228,  0.0558, -0.0417,  0.2512],
        [-0.3991, -0.3128, -0.0942, -0.0234,  0.2048,  0.4514,  0.1206,  0.1259,
         -0.0326,  0.1883,  0.1293, -0.3222, -0.0826, -0.1032, -0.2809, -0.1722],
        [-0.0864, -0.1225,  0.1856,  0.0877, -0.1607, -0.0197, -0.1522, -0.2581,
         -0.1497, -0.0199, -0.0238,  0.3999,  0.0909, -0.0932,  0.4018,  0.0431],
        [ 0.3382,  0.2829,  0.2250, -0.3732, -0.2083, -0.0789, -0.1237, -0.0089,
         -0.3649, -0.1928,  0.1375,  0.2983,  0.3459,  0.2734,  0.1285, -0.0145],
        [-0.3214, -0.0297, -0.2724,  0.1611, -0.0101,  0.3449,  0.3147,  0.2844,
          0.1424,  0.2914, -0.0359, -0.2580, -0.1678, -0.2110,  0.0403, -0.1893],
        [ 0.2570,  0.1372,  0.1814, -0.3182, -0.0151, -0.4210, -0.3100,  0.0168,
         -0.3987, -0.1392, -0.0399, -0.0659,  0.1962,  0.2392,  0.3709,  0.2080],
        [ 0.3939,  0.1454,  0.2962, -0.1109, -0.1765, -0.2720, -0.3745,  0.0231,
         -0.0430, -0.2812, -0.0663,  0.2573, -0.0771,  0.0883,  0.3268,  0.2071],
        [-0.2056,  0.0545, -0.0756, -0.0461,  0.1277,  0.0075,  0.3325,  0.3790,
          0.1882,  0.0831, -0.0505, -0.2915, -0.1907, -0.2064,  0.0468, -0.2634],
        [-0.0811, -0.3466, -0.0599,  0.3901, -0.1516,  0.1408,  0.2499, -0.0666,
          0.0073,  0.2535,  0.2521, -0.2602, -0.1457, -0.3214, -0.4424,  0.0611],
        [ 0.3806,  0.0399,  0.0717, -0.1732,  0.1556, -0.4281, -0.3100, -0.2182,
         -0.2376, -0.1544,  0.1199,  0.2093, -0.1108,  0.2966,  0.3791,  0.2277],
        [ 0.2818,  0.2087,  0.3668, -0.3885, -0.0927, -0.2093, -0.2065, -0.2805,
         -0.3532, -0.3296, -0.1026,  0.3480,  0.2575,  0.1341,  0.0092,  0.0441],
        [ 0.2295, -0.1181,  0.1936, -0.1461,  0.2024, -0.2935,  0.0259, -0.1851,
         -0.3643,  0.0525,  0.1631,  0.0147,  0.0386,  0.2194,  0.0690,  0.3337],
        [ 0.0748,  0.0336,  0.1243,  0.0527, -0.0650, -0.2666, -0.0541, -0.3537,
         -0.1807, -0.3697, -0.3059,  0.1359,  0.1862,  0.3226, -0.0257,  0.0917],
        [ 0.2385,  0.2138,  0.3206, -0.3614, -0.0091, -0.1319, -0.3759, -0.0094,
         -0.3678,  0.0049,  0.0044,  0.0830,  0.2005,  0.2821,  0.3655,  0.3061],
        [-0.3387, -0.0525, -0.0052,  0.2225,  0.1967,  0.0568,  0.3800,  0.1708,
         -0.0557,  0.1034,  0.2238, -0.2787, -0.2037, -0.1750, -0.3420, -0.1150],
        [ 0.3272,  0.1546,  0.1625, -0.1471, -0.1843, -0.3268, -0.1650, -0.3487,
         -0.0184, -0.1155,  0.0013,  0.1504,  0.3128,  0.2950,  0.3005,  0.2780],
        [-0.2907, -0.0087, -0.3393,  0.2657, -0.2345,  0.1846,  0.3541,  0.2995,
          0.3477,  0.2340,  0.1869, -0.0847,  0.0518,  0.0633, -0.1044, -0.2363],
        [-0.3059, -0.1875, -0.0676,  0.0363,  0.0574,  0.4219,  0.3992, -0.0226,
          0.2204,  0.3257, -0.1924, -0.0188, -0.2857, -0.2517, -0.3000, -0.2562],
        [ 0.0902,  0.2159,  0.2908, -0.0945,  0.1743, -0.3670, -0.4370, -0.3867,
         -0.3075, -0.2988,  0.0309,  0.0091, -0.0142,  0.2461,  0.0492,  0.2140]],
       device='cuda:0', requires_grad=True)

Parameter name: road_linear_0.bias
Shape: torch.Size([32])
Values: Parameter containing:
tensor([-0.0843, -0.0680,  0.1924, -0.0222, -0.0765, -0.0259,  0.0806,  0.0696,
        -0.0204, -0.0599, -0.0396,  0.0511,  0.1344,  0.1078, -0.0228, -0.0531,
        -0.1360,  0.0169,  0.1268,  0.0267,  0.0058, -0.1822, -0.0038, -0.0404,
        -0.0381,  0.2210,  0.1331,  0.0177, -0.0430, -0.1554,  0.0068,  0.0385],
       device='cuda:0', requires_grad=True)

Parameter name: road_linear_1.weight
Shape: torch.Size([1, 32])
Values: Parameter containing:
tensor([[-0.1923,  0.2833, -0.2082, -0.2403,  0.2541,  0.3066, -0.2606, -0.3639,
         -0.2857,  0.2988,  0.2453,  0.3542, -0.2168, -0.3616,  0.2827, -0.1248,
         -0.2802,  0.3218, -0.2125, -0.2274,  0.3265,  0.3368, -0.3581, -0.3657,
         -0.2516, -0.2832, -0.3040,  0.3208, -0.3470,  0.3704,  0.2815, -0.2213]],
       device='cuda:0', requires_grad=True)

Parameter name: linear_0.weight
Shape: torch.Size([32, 39])
Values: Parameter containing:
tensor([[-0.0136, -0.0069,  0.0265,  ...,  0.2076, -0.3407, -0.1137],
        [-0.0850, -0.1941,  0.0840,  ...,  0.1437, -0.3211,  0.0871],
        [-0.0510,  0.1618,  0.0896,  ...,  0.0133,  0.2250,  0.0345],
        ...,
        [ 0.0393, -0.1596,  0.0136,  ...,  0.0655, -0.2672, -0.1180],
        [ 0.0386, -0.0652,  0.0037,  ..., -0.2997,  0.1197,  0.1557],
        [-0.0825,  0.1651,  0.0114,  ..., -0.1708,  0.0486, -0.0509]],
       device='cuda:0', requires_grad=True)

Parameter name: linear_0.bias
Shape: torch.Size([32])
Values: Parameter containing:
tensor([ 0.0509,  0.0536, -0.0921, -0.1203, -0.0581,  0.0457, -0.1284,  0.0620,
        -0.0466,  0.0919,  0.0322,  0.0088,  0.0095,  0.0630, -0.0785, -0.0207,
         0.0468, -0.1425, -0.0321, -0.0155, -0.1104,  0.0466,  0.0823, -0.0062,
        -0.0849,  0.0662,  0.0243, -0.0964,  0.0638,  0.1472,  0.1387, -0.0657],
       device='cuda:0', requires_grad=True)

Parameter name: linear_1.weight
Shape: torch.Size([32, 32])
Values: Parameter containing:
tensor([[ 0.0429, -0.1931, -0.0838,  ..., -0.1353, -0.0200,  0.2588],
        [-0.2309, -0.0427,  0.1027,  ..., -0.0663, -0.0056,  0.2685],
        [ 0.1606, -0.0226, -0.1730,  ...,  0.0789, -0.0201, -0.0651],
        ...,
        [ 0.1473,  0.1086,  0.0849,  ...,  0.2583, -0.2174,  0.0587],
        [-0.0480, -0.1701,  0.0727,  ...,  0.0073,  0.2452,  0.0821],
        [-0.0139, -0.1194,  0.2088,  ...,  0.0554,  0.1356,  0.1286]],
       device='cuda:0', requires_grad=True)

Parameter name: linear_1.bias
Shape: torch.Size([32])
Values: Parameter containing:
tensor([ 8.5540e-02,  1.2126e-01, -3.4294e-02, -5.3961e-02, -3.0756e-02,
        -3.4893e-02, -3.2072e-02, -6.2325e-02,  1.0965e-01, -1.7361e-01,
         1.2251e-01, -1.3287e-01,  1.6493e-01, -1.8128e-02, -1.4291e-01,
         1.0418e-01, -1.2647e-01, -1.5311e-01,  1.3230e-02, -2.9290e-02,
         9.1488e-03,  1.0928e-01, -1.8754e-01,  2.0154e-01, -7.0801e-02,
        -2.9261e-02,  8.8259e-02, -3.9052e-02, -1.1178e-01, -5.9188e-02,
         1.0928e-01,  2.1818e-05], device='cuda:0', requires_grad=True)

Parameter name: linear_2.weight
Shape: torch.Size([1, 32])
Values: Parameter containing:
tensor([[ 0.4812,  0.4052, -0.4822, -0.4869,  0.3311,  0.3387, -0.3875,  0.3954,
          0.3969, -0.4179, -0.4090,  0.3705,  0.3924, -0.3328,  0.4132,  0.3606,
         -0.4913, -0.4828,  0.3599,  0.3765, -0.4436, -0.4167, -0.4804,  0.3165,
          0.4552,  0.4826, -0.4558,  0.5233, -0.3914, -0.4736,  0.4570,  0.4737]],
       device='cuda:0', requires_grad=True)

Parameter name: linear_2.bias
Shape: torch.Size([1])
Values: Parameter containing:
tensor([0.2062], device='cuda:0', requires_grad=True)

Parameter name: road_linear_0.weight
Shape: torch.Size([32, 16])
Values: Parameter containing:
tensor([[ 0.0175,  0.3632,  0.3279, -0.3514, -0.0308, -0.1865, -0.0688, -0.3987,
         -0.1841, -0.0883,  0.0315,  0.1856,  0.0577, -0.0731,  0.3154,  0.3648],
        [-0.2774, -0.3490, -0.1297,  0.0150, -0.1616,  0.2887,  0.1867,  0.1694,
          0.4014,  0.1366,  0.2215, -0.2760,  0.0085, -0.0267,  0.0062, -0.0850],
        [ 0.1049,  0.2554,  0.4068, -0.1450,  0.1362, -0.3826, -0.0656, -0.4227,
          0.0462, -0.0852, -0.0936, -0.0500,  0.3939,  0.2912,  0.4331,  0.2662],
        [ 0.2990,  0.0805,  0.1138, -0.0993,  0.0997, -0.2403, -0.1747, -0.1033,
         -0.4156, -0.4097, -0.1080,  0.3754,  0.2833, -0.1416,  0.1430,  0.1640],
        [-0.1191,  0.1011, -0.1942, -0.0005,  0.0383,  0.1286,  0.0649,  0.3373,
          0.1569,  0.2986,  0.2441, -0.1847, -0.0411, -0.2141, -0.0775, -0.1441],
        [-0.0255,  0.1260, -0.3813,  0.4169,  0.1416,  0.0100,  0.2764, -0.0323,
          0.2503,  0.2124, -0.1237, -0.0905, -0.2374,  0.1366,  0.0359, -0.0781],
        [ 0.3966,  0.2095,  0.4355, -0.2061,  0.1260, -0.2557, -0.2105, -0.2453,
         -0.2559, -0.0300, -0.0187,  0.0742, -0.0367,  0.2120, -0.0147,  0.1627],
        [-0.0411,  0.3220,  0.3781, -0.3662, -0.1496, -0.3367, -0.1098, -0.2543,
         -0.1854, -0.2168, -0.0718,  0.0300,  0.2532, -0.0979,  0.1605,  0.3658],
        [ 0.0552,  0.3113,  0.3252, -0.2671,  0.0312, -0.3827, -0.1792, -0.1128,
          0.0435, -0.3133, -0.1123,  0.0769, -0.0907,  0.1221,  0.0045,  0.0939],
        [-0.3076, -0.0992, -0.1197,  0.0046, -0.0506,  0.1931,  0.0649,  0.2476,
          0.2710, -0.0033,  0.2437, -0.0238, -0.2510, -0.0529, -0.1814, -0.1924],
        [-0.3735,  0.0630, -0.0841, -0.0219, -0.1714,  0.4621,  0.2462,  0.1277,
          0.3445,  0.2521,  0.0654, -0.0024, -0.1590,  0.1539, -0.3877, -0.3315],
        [-0.1468, -0.1529, -0.0458,  0.1077,  0.1143,  0.1565,  0.3867,  0.1653,
          0.1717,  0.3466,  0.1545,  0.0418, -0.3948, -0.1840, -0.2550, -0.2002],
        [ 0.3717,  0.2375,  0.2073, -0.2084,  0.0789, -0.0350, -0.1128, -0.3385,
         -0.3439, -0.1268, -0.1250,  0.0497, -0.0320,  0.1752,  0.1660,  0.0398],
        [ 0.2366,  0.3637,  0.3976, -0.0341, -0.1755, -0.0643, -0.0696, -0.0855,
         -0.2214, -0.1731, -0.2168,  0.1280,  0.1228,  0.0558, -0.0417,  0.2512],
        [-0.3991, -0.3128, -0.0942, -0.0234,  0.2048,  0.4514,  0.1206,  0.1259,
         -0.0326,  0.1883,  0.1293, -0.3222, -0.0826, -0.1032, -0.2809, -0.1722],
        [-0.0864, -0.1225,  0.1856,  0.0877, -0.1607, -0.0197, -0.1522, -0.2581,
         -0.1497, -0.0199, -0.0238,  0.3999,  0.0909, -0.0932,  0.4018,  0.0431],
        [ 0.3382,  0.2829,  0.2250, -0.3732, -0.2083, -0.0789, -0.1237, -0.0089,
         -0.3649, -0.1928,  0.1375,  0.2983,  0.3459,  0.2734,  0.1285, -0.0145],
        [-0.3214, -0.0297, -0.2724,  0.1611, -0.0101,  0.3449,  0.3147,  0.2844,
          0.1424,  0.2914, -0.0359, -0.2580, -0.1678, -0.2110,  0.0403, -0.1893],
        [ 0.2570,  0.1372,  0.1814, -0.3182, -0.0151, -0.4210, -0.3100,  0.0168,
         -0.3987, -0.1392, -0.0399, -0.0659,  0.1962,  0.2392,  0.3709,  0.2080],
        [ 0.3939,  0.1454,  0.2962, -0.1109, -0.1765, -0.2720, -0.3745,  0.0231,
         -0.0430, -0.2812, -0.0663,  0.2573, -0.0771,  0.0883,  0.3268,  0.2071],
        [-0.2056,  0.0545, -0.0756, -0.0461,  0.1277,  0.0075,  0.3325,  0.3790,
          0.1882,  0.0831, -0.0505, -0.2915, -0.1907, -0.2064,  0.0468, -0.2634],
        [-0.0811, -0.3466, -0.0599,  0.3901, -0.1516,  0.1408,  0.2499, -0.0666,
          0.0073,  0.2535,  0.2521, -0.2602, -0.1457, -0.3214, -0.4424,  0.0611],
        [ 0.3806,  0.0399,  0.0717, -0.1732,  0.1556, -0.4281, -0.3100, -0.2182,
         -0.2376, -0.1544,  0.1199,  0.2093, -0.1108,  0.2966,  0.3791,  0.2277],
        [ 0.2818,  0.2087,  0.3668, -0.3885, -0.0927, -0.2093, -0.2065, -0.2805,
         -0.3532, -0.3296, -0.1026,  0.3480,  0.2575,  0.1341,  0.0092,  0.0441],
        [ 0.2295, -0.1181,  0.1936, -0.1461,  0.2024, -0.2935,  0.0259, -0.1851,
         -0.3643,  0.0525,  0.1631,  0.0147,  0.0386,  0.2194,  0.0690,  0.3337],
        [ 0.0748,  0.0336,  0.1243,  0.0527, -0.0650, -0.2666, -0.0541, -0.3537,
         -0.1807, -0.3697, -0.3059,  0.1359,  0.1862,  0.3226, -0.0257,  0.0917],
        [ 0.2385,  0.2138,  0.3206, -0.3614, -0.0091, -0.1319, -0.3759, -0.0094,
         -0.3678,  0.0049,  0.0044,  0.0830,  0.2005,  0.2821,  0.3655,  0.3061],
        [-0.3387, -0.0525, -0.0052,  0.2225,  0.1967,  0.0568,  0.3800,  0.1708,
         -0.0557,  0.1034,  0.2238, -0.2787, -0.2037, -0.1750, -0.3420, -0.1150],
        [ 0.3272,  0.1546,  0.1625, -0.1471, -0.1843, -0.3268, -0.1650, -0.3487,
         -0.0184, -0.1155,  0.0013,  0.1504,  0.3128,  0.2950,  0.3005,  0.2780],
        [-0.2907, -0.0087, -0.3393,  0.2657, -0.2345,  0.1846,  0.3541,  0.2995,
          0.3477,  0.2340,  0.1869, -0.0847,  0.0518,  0.0633, -0.1044, -0.2363],
        [-0.3059, -0.1875, -0.0676,  0.0363,  0.0574,  0.4219,  0.3992, -0.0226,
          0.2204,  0.3257, -0.1924, -0.0188, -0.2857, -0.2517, -0.3000, -0.2562],
        [ 0.0902,  0.2159,  0.2908, -0.0945,  0.1743, -0.3670, -0.4370, -0.3867,
         -0.3075, -0.2988,  0.0309,  0.0091, -0.0142,  0.2461,  0.0492,  0.2140]],
       device='cuda:0', requires_grad=True)

Parameter name: road_linear_0.bias
Shape: torch.Size([32])
Values: Parameter containing:
tensor([-0.0843, -0.0680,  0.1924, -0.0222, -0.0765, -0.0259,  0.0806,  0.0696,
        -0.0204, -0.0599, -0.0396,  0.0511,  0.1344,  0.1078, -0.0228, -0.0531,
        -0.1360,  0.0169,  0.1268,  0.0267,  0.0058, -0.1822, -0.0038, -0.0404,
        -0.0381,  0.2210,  0.1331,  0.0177, -0.0430, -0.1554,  0.0068,  0.0385],
       device='cuda:0', requires_grad=True)

Parameter name: road_linear_1.weight
Shape: torch.Size([1, 32])
Values: Parameter containing:
tensor([[-0.1923,  0.2833, -0.2082, -0.2403,  0.2541,  0.3066, -0.2606, -0.3639,
         -0.2857,  0.2988,  0.2453,  0.3542, -0.2168, -0.3616,  0.2827, -0.1248,
         -0.2802,  0.3218, -0.2125, -0.2274,  0.3265,  0.3368, -0.3581, -0.3657,
         -0.2516, -0.2832, -0.3040,  0.3208, -0.3470,  0.3704,  0.2815, -0.2213]],
       device='cuda:0', requires_grad=True)

Parameter name: linear_0.weight
Shape: torch.Size([32, 39])
Values: Parameter containing:
tensor([[-0.0136, -0.0069,  0.0265,  ...,  0.2076, -0.3407, -0.1137],
        [-0.0850, -0.1941,  0.0840,  ...,  0.1437, -0.3211,  0.0871],
        [-0.0510,  0.1618,  0.0896,  ...,  0.0133,  0.2250,  0.0345],
        ...,
        [ 0.0393, -0.1596,  0.0136,  ...,  0.0655, -0.2672, -0.1180],
        [ 0.0386, -0.0652,  0.0037,  ..., -0.2997,  0.1197,  0.1557],
        [-0.0825,  0.1651,  0.0114,  ..., -0.1708,  0.0486, -0.0509]],
       device='cuda:0', requires_grad=True)

Parameter name: linear_0.bias
Shape: torch.Size([32])
Values: Parameter containing:
tensor([ 0.0509,  0.0536, -0.0921, -0.1203, -0.0581,  0.0457, -0.1284,  0.0620,
        -0.0466,  0.0919,  0.0322,  0.0088,  0.0095,  0.0630, -0.0785, -0.0207,
         0.0468, -0.1425, -0.0321, -0.0155, -0.1104,  0.0466,  0.0823, -0.0062,
        -0.0849,  0.0662,  0.0243, -0.0964,  0.0638,  0.1472,  0.1387, -0.0657],
       device='cuda:0', requires_grad=True)

Parameter name: linear_1.weight
Shape: torch.Size([32, 32])
Values: Parameter containing:
tensor([[ 0.0429, -0.1931, -0.0838,  ..., -0.1353, -0.0200,  0.2588],
        [-0.2309, -0.0427,  0.1027,  ..., -0.0663, -0.0056,  0.2685],
        [ 0.1606, -0.0226, -0.1730,  ...,  0.0789, -0.0201, -0.0651],
        ...,
        [ 0.1473,  0.1086,  0.0849,  ...,  0.2583, -0.2174,  0.0587],
        [-0.0480, -0.1701,  0.0727,  ...,  0.0073,  0.2452,  0.0821],
        [-0.0139, -0.1194,  0.2088,  ...,  0.0554,  0.1356,  0.1286]],
       device='cuda:0', requires_grad=True)

Parameter name: linear_1.bias
Shape: torch.Size([32])
Values: Parameter containing:
tensor([ 8.5540e-02,  1.2126e-01, -3.4294e-02, -5.3961e-02, -3.0756e-02,
        -3.4893e-02, -3.2072e-02, -6.2325e-02,  1.0965e-01, -1.7361e-01,
         1.2251e-01, -1.3287e-01,  1.6493e-01, -1.8128e-02, -1.4291e-01,
         1.0418e-01, -1.2647e-01, -1.5311e-01,  1.3230e-02, -2.9290e-02,
         9.1488e-03,  1.0928e-01, -1.8754e-01,  2.0154e-01, -7.0801e-02,
        -2.9261e-02,  8.8259e-02, -3.9052e-02, -1.1178e-01, -5.9188e-02,
         1.0928e-01,  2.1831e-05], device='cuda:0', requires_grad=True)

Parameter name: linear_2.weight
Shape: torch.Size([1, 32])
Values: Parameter containing:
tensor([[ 0.4812,  0.4052, -0.4822, -0.4869,  0.3311,  0.3387, -0.3875,  0.3954,
          0.3969, -0.4179, -0.4090,  0.3705,  0.3924, -0.3328,  0.4132,  0.3606,
         -0.4913, -0.4828,  0.3599,  0.3765, -0.4436, -0.4167, -0.4804,  0.3165,
          0.4552,  0.4826, -0.4558,  0.5233, -0.3914, -0.4736,  0.4570,  0.4737]],
       device='cuda:0', requires_grad=True)

Parameter name: linear_2.bias
Shape: torch.Size([1])
Values: Parameter containing:
tensor([0.2062], device='cuda:0', requires_grad=True)

Parameter name: road_linear_0.weight
Shape: torch.Size([32, 16])
Values: Parameter containing:
tensor([[ 9.0858e-03,  3.7272e-01,  3.2263e-01, -3.2584e-01, -2.8238e-01,
         -1.9149e-01, -7.9889e-02, -4.5271e-01, -2.3621e-01, -8.6701e-02,
         -3.0483e-02,  2.3344e-01,  9.0866e-02, -2.7150e-02,  1.7163e-02,
          3.7572e-01],
        [-2.6100e-01, -3.4755e-01, -1.1587e-01, -3.4708e-03,  3.2552e-02,
          2.7750e-01,  1.8820e-01,  2.0971e-01,  4.4036e-01,  1.5193e-01,
          2.8923e-01, -2.9961e-01, -7.2985e-03, -8.1014e-02,  2.6991e-01,
         -8.6781e-02],
        [ 9.1342e-02,  2.5948e-01,  3.9501e-01, -1.1900e-01, -1.4186e-01,
         -3.7337e-01, -7.2182e-02, -4.7526e-01, -1.7373e-02, -8.6033e-02,
         -1.4273e-01, -1.8215e-02,  4.2215e-01,  3.7030e-01,  1.2639e-01,
          2.7108e-01],
        [ 2.8729e-01,  8.3794e-02,  1.0435e-01, -8.1937e-02, -1.1796e-01,
         -2.3284e-01, -1.8349e-01, -1.5643e-01, -4.7741e-01, -4.2849e-01,
         -1.2575e-01,  4.1346e-01,  2.9764e-01, -6.9681e-02, -1.3868e-01,
          1.6841e-01],
        [-1.0436e-01,  7.4258e-02, -1.8453e-01, -2.1452e-02,  2.2390e-01,
          1.1666e-01,  6.6649e-02,  3.7573e-01,  1.9204e-01,  3.1665e-01,
          3.2466e-01, -2.0173e-01, -6.0037e-02, -2.8195e-01,  2.0479e-01,
         -1.6416e-01],
        [-1.7451e-02,  1.1471e-01, -3.7552e-01,  4.0870e-01,  3.9747e-01,
          6.5492e-03,  2.8648e-01,  2.2530e-02,  3.0128e-01,  2.3430e-01,
         -9.0881e-02, -1.2776e-01, -2.5869e-01,  8.8361e-02,  3.1659e-01,
         -8.6504e-02],
        [ 3.8567e-01,  1.2722e-01,  4.2601e-01, -1.9424e-01, -1.0944e-01,
         -2.4598e-01, -2.0840e-01, -2.9405e-01, -3.0721e-01, -4.9818e-02,
         -5.9940e-02,  1.0631e-01, -4.3750e-02,  2.7292e-01, -1.9989e-01,
          1.6683e-01],
        [-4.9951e-02,  2.7629e-01,  3.7049e-01, -3.6049e-01, -3.7435e-01,
         -3.2539e-01, -1.0893e-01, -3.0826e-01, -2.3962e-01, -2.3596e-01,
         -1.0576e-01,  6.5172e-02,  2.6420e-01, -4.5220e-02, -6.1681e-03,
          3.6663e-01],
        [ 4.6422e-02,  3.1468e-01,  3.1856e-01, -2.5072e-01, -1.0900e-01,
         -3.8056e-01, -1.9184e-01, -1.5709e-01, -2.0393e-03, -3.3590e-01,
         -2.6140e-01,  9.9036e-02, -5.1607e-02,  2.0711e-01, -2.5516e-01,
          1.0353e-01],
        [-2.9954e-01, -1.1695e-01, -1.1514e-01, -7.2581e-03,  1.3752e-01,
          1.9094e-01,  7.7325e-02,  2.9678e-01,  3.2003e-01,  2.2460e-02,
          3.3336e-01, -5.0163e-02, -2.8384e-01, -1.2825e-01,  1.0238e-01,
         -2.0909e-01],
        [-3.7224e-01,  3.6615e-02, -8.5218e-02, -2.4425e-02,  2.7278e-02,
          4.6597e-01,  2.6344e-01,  1.8602e-01,  4.0895e-01,  2.8315e-01,
          1.3766e-01, -4.5260e-02, -1.7344e-01,  6.3441e-02, -6.4936e-02,
         -3.4831e-01],
        [-1.3998e-01, -1.7033e-01, -4.3839e-02,  9.8799e-02,  2.3264e-01,
          1.5726e-01,  3.9936e-01,  2.1278e-01,  2.1592e-01,  3.7645e-01,
          2.5502e-01,  1.6702e-02, -3.9216e-01, -2.9009e-01, -1.2481e-03,
         -2.1905e-01],
        [ 3.5234e-01,  2.6275e-01,  1.9146e-01, -1.8408e-01, -2.0537e-01,
         -2.6080e-02, -1.2407e-01, -4.0822e-01, -3.9041e-01, -1.4220e-01,
         -1.6572e-01,  9.3459e-02, -2.5977e-02,  2.2680e-01, -1.8444e-01,
          5.1329e-02],
        [ 2.2121e-01,  3.4320e-01,  3.8447e-01, -1.9831e-02, -3.6052e-01,
         -5.2795e-02, -6.6847e-02, -1.2264e-01, -2.5952e-01, -1.8860e-01,
         -2.7664e-01,  1.4807e-01,  1.3643e-01,  1.0744e-01, -2.6122e-01,
          2.5062e-01],
        [-3.8866e-01, -3.0769e-01, -8.5421e-02, -3.4775e-02,  4.2179e-01,
          4.4239e-01,  1.2532e-01,  1.7329e-01,  1.8339e-02,  2.0720e-01,
          1.9033e-01, -3.5232e-01, -1.0312e-01, -1.6422e-01, -3.6465e-02,
         -1.7612e-01],
        [-5.8599e-02, -5.4212e-02,  2.1943e-01,  7.4121e-02, -4.0320e-01,
         -7.1660e-02, -2.2457e-01, -3.8654e-01, -2.7133e-01, -9.1388e-02,
         -1.2822e-01,  4.6699e-01,  1.8901e-01,  2.8919e-02,  1.4576e-01,
          9.0109e-02],
        [ 3.2975e-01,  2.7904e-01,  2.1900e-01, -3.6365e-01, -4.1908e-01,
         -7.4516e-02, -1.3258e-01, -6.0176e-02, -4.1811e-01, -2.1549e-01,
          9.4028e-02,  3.3533e-01,  3.7787e-01,  3.3648e-01, -8.0178e-02,
         -1.0726e-02],
        [-3.0926e-01, -1.7538e-02, -2.6284e-01,  1.5149e-01,  1.7929e-01,
          3.2974e-01,  3.1260e-01,  3.2155e-01,  1.8705e-01,  3.0902e-01,
          5.3428e-03, -2.8160e-01, -1.7657e-01, -2.7426e-01,  2.2119e-01,
         -1.9066e-01],
        [ 2.3016e-01,  1.2917e-01,  1.5538e-01, -2.7798e-01, -2.8694e-01,
         -4.0258e-01, -3.0936e-01, -3.3733e-02, -4.6354e-01, -1.2495e-01,
         -1.1391e-01, -3.7981e-02,  2.4587e-01,  3.2202e-01,  7.8686e-02,
          1.9573e-01],
        [ 3.8896e-01,  1.4686e-01,  2.9216e-01, -1.0031e-01, -3.7781e-01,
         -2.6968e-01, -3.8821e-01, -3.3884e-02, -1.0422e-01, -3.0546e-01,
         -1.5531e-01,  2.9644e-01, -4.2316e-02,  1.6657e-01,  7.9596e-02,
          2.1564e-01],
        [-1.9165e-01,  4.4429e-02, -6.3929e-02, -6.0982e-02,  3.2259e-01,
         -8.0155e-03,  3.3005e-01,  4.0855e-01,  2.1819e-01,  9.5145e-02,
         -5.6090e-03, -3.0761e-01, -2.0648e-01, -2.4863e-01,  3.0391e-01,
         -2.6826e-01],
        [-8.0155e-02, -3.4395e-01, -6.0302e-02,  3.8471e-01,  2.9521e-02,
          1.4630e-01,  2.7593e-01, -5.7543e-03,  6.7375e-02,  2.8532e-01,
          3.8216e-01, -2.9607e-01, -2.0328e-01, -4.0668e-01, -1.6835e-01,
          4.7492e-02],
        [ 3.7865e-01,  4.1496e-02,  7.1116e-02, -1.7275e-01, -4.5216e-02,
         -4.2763e-01, -3.2341e-01, -2.7490e-01, -2.9802e-01, -1.8218e-01,
          6.2126e-02,  2.4855e-01, -7.5812e-02,  3.6939e-01,  1.7830e-01,
          2.3624e-01],
        [ 2.7096e-01,  2.1067e-01,  3.5838e-01, -3.8204e-01, -2.7257e-01,
         -1.9398e-01, -2.0711e-01, -3.2606e-01, -4.0054e-01, -3.4742e-01,
         -1.0338e-01,  3.7702e-01,  2.6361e-01,  1.9095e-01, -1.5948e-01,
          4.1831e-02],
        [ 2.2051e-01, -9.9967e-02,  1.8797e-01, -1.2904e-01,  4.5651e-03,
         -2.9209e-01,  1.5266e-02, -2.3039e-01, -4.1271e-01,  2.8018e-02,
          7.1694e-02,  4.3889e-02,  6.9877e-02,  2.9157e-01, -2.3176e-01,
          3.5232e-01],
        [ 5.3868e-02,  4.0776e-02,  1.0572e-01,  7.3071e-02, -2.6942e-01,
         -2.4196e-01, -4.2311e-02, -3.7603e-01, -2.0344e-01, -3.7705e-01,
         -3.6134e-01,  1.4393e-01,  1.8945e-01,  3.6483e-01, -2.9591e-01,
          9.4658e-02],
        [ 2.3517e-01,  2.0571e-01,  3.1871e-01, -3.5887e-01, -2.2252e-01,
         -1.2966e-01, -3.8715e-01, -6.9882e-02, -4.3012e-01, -2.1226e-02,
         -4.5600e-02,  1.2540e-01,  2.3405e-01,  3.5000e-01,  1.7269e-01,
          3.1209e-01],
        [-3.3228e-01, -6.5041e-02, -2.6372e-03,  2.1476e-01,  3.6583e-01,
          5.7520e-02,  3.9355e-01,  2.2727e-01, -3.3329e-03,  1.3211e-01,
          2.9947e-01, -3.1333e-01, -2.3040e-01, -2.5681e-01, -7.9830e-02,
         -1.3026e-01],
        [ 3.1878e-01,  1.7371e-01,  1.5727e-01, -1.4235e-01, -3.5340e-01,
         -3.2127e-01, -1.7416e-01, -3.9492e-01, -6.6943e-02, -1.3790e-01,
         -9.7910e-03,  1.8273e-01,  3.0585e-01,  3.6738e-01,  6.2551e-02,
          2.8335e-01],
        [-2.8474e-01,  1.3230e-02, -3.3477e-01,  2.6240e-01, -3.4777e-02,
          1.7579e-01,  3.5822e-01,  3.4886e-01,  4.0075e-01,  2.5676e-01,
          2.4127e-01, -1.1655e-01,  3.3097e-02, -1.5116e-03,  7.1455e-02,
         -2.4216e-01],
        [-3.0130e-01, -1.9581e-01, -6.4979e-02,  2.9996e-02,  2.5181e-01,
          4.2115e-01,  4.1159e-01,  2.9600e-02,  2.7808e-01,  3.5175e-01,
         -1.2278e-01, -5.5469e-02, -3.1930e-01, -3.2976e-01, -6.6231e-02,
         -2.6483e-01],
        [ 7.1212e-02,  1.8945e-01,  2.7346e-01, -5.9637e-02, -4.7963e-02,
         -3.5277e-01, -4.3416e-01, -4.3034e-01, -3.6282e-01, -2.9528e-01,
         -4.0526e-02,  3.3243e-02,  2.1703e-04,  3.2351e-01, -1.8763e-01,
          2.1114e-01]], device='cuda:0', requires_grad=True)

Parameter name: road_linear_0.bias
Shape: torch.Size([32])
Values: Parameter containing:
tensor([-0.0674, -0.0016,  0.0970, -0.0437, -0.0463, -0.0792,  0.0641,  0.0743,
        -0.0312, -0.0453,  0.0052,  0.0692,  0.1357,  0.0691,  0.0294, -0.0522,
        -0.0601,  0.0009,  0.0788, -0.0050, -0.0370, -0.1240, -0.0399, -0.0023,
        -0.0241,  0.1543,  0.1084,  0.0323, -0.0730, -0.1323,  0.0413, -0.0522],
       device='cuda:0', requires_grad=True)

Parameter name: road_linear_1.weight
Shape: torch.Size([1, 32])
Values: Parameter containing:
tensor([[-0.2203,  0.3123, -0.2194, -0.2526,  0.3088,  0.3473, -0.2761, -0.3780,
         -0.3090,  0.3321,  0.2543,  0.3648, -0.2498, -0.3914,  0.2952, -0.2510,
         -0.3134,  0.3262, -0.2196, -0.2439,  0.3867,  0.3041, -0.3651, -0.3740,
         -0.3158, -0.3274, -0.3082,  0.3394, -0.3526,  0.3776,  0.2828, -0.2303]],
       device='cuda:0', requires_grad=True)

Parameter name: linear_0.weight
Shape: torch.Size([32, 39])
Values: Parameter containing:
tensor([[-0.0076, -0.0019,  0.0405,  ...,  0.2360, -0.3625, -0.1137],
        [-0.0800, -0.1848,  0.0842,  ...,  0.1477, -0.3423,  0.0871],
        [-0.0469,  0.1685,  0.0767,  ..., -0.0051,  0.2596,  0.0345],
        ...,
        [ 0.0322, -0.1834,  0.0390,  ...,  0.0658, -0.2846, -0.1180],
        [ 0.0448, -0.0564, -0.0162,  ..., -0.3041,  0.1479,  0.1557],
        [-0.1976,  0.0577, -0.0019,  ...,  0.0419, -0.2278, -0.0509]],
       device='cuda:0', requires_grad=True)

Parameter name: linear_0.bias
Shape: torch.Size([32])
Values: Parameter containing:
tensor([ 0.0572,  0.0580, -0.0888, -0.1181, -0.0568,  0.0522, -0.1284,  0.0617,
        -0.0492,  0.0822,  0.0318,  0.0085,  0.0251,  0.0728, -0.0788, -0.0170,
         0.0508, -0.1492, -0.0277, -0.0234, -0.0752,  0.0440,  0.0882, -0.0079,
        -0.0866,  0.0863,  0.0329, -0.0875,  0.0491,  0.1390,  0.1472, -0.1041],
       device='cuda:0', requires_grad=True)

Parameter name: linear_1.weight
Shape: torch.Size([32, 32])
Values: Parameter containing:
tensor([[ 0.0126, -0.1864, -0.0788,  ..., -0.1194, -0.0276,  0.0687],
        [-0.2719, -0.0398,  0.1168,  ..., -0.0516, -0.0069,  0.0568],
        [ 0.1878, -0.0345, -0.1760,  ...,  0.0560, -0.0073,  0.1676],
        ...,
        [ 0.1723,  0.0931,  0.0877,  ...,  0.2317, -0.2012,  0.2443],
        [-0.0821, -0.1577,  0.0759,  ...,  0.0314,  0.2339, -0.1649],
        [-0.0551, -0.1219,  0.2177,  ...,  0.0676,  0.1353, -0.0345]],
       device='cuda:0', requires_grad=True)

Parameter name: linear_1.bias
Shape: torch.Size([32])
Values: Parameter containing:
tensor([ 0.0821,  0.1198, -0.0207, -0.0575, -0.0359, -0.0628, -0.0241, -0.0608,
         0.0925, -0.1324,  0.1354, -0.1273,  0.1490,  0.0558, -0.1354,  0.0849,
        -0.1160, -0.1433,  0.0014, -0.0150,  0.0090,  0.1111, -0.1812,  0.1705,
        -0.0652, -0.0321,  0.0920, -0.0434, -0.1072, -0.0517,  0.0920,  0.0019],
       device='cuda:0', requires_grad=True)

Parameter name: linear_2.weight
Shape: torch.Size([1, 32])
Values: Parameter containing:
tensor([[ 0.4664,  0.3876, -0.4646, -0.4684,  0.3320,  0.3231, -0.3796,  0.3739,
          0.4001, -0.4023, -0.3649,  0.3606,  0.3590,  0.3687,  0.3976,  0.3488,
         -0.4670, -0.4722,  0.3373,  0.3623, -0.4212, -0.3997, -0.4650,  0.3267,
          0.4493,  0.4753, -0.4498,  0.4986, -0.3779, -0.4642,  0.4432,  0.4667]],
       device='cuda:0', requires_grad=True)

Parameter name: linear_2.bias
Shape: torch.Size([1])
Values: Parameter containing:
tensor([0.1887], device='cuda:0', requires_grad=True)

Parameter name: road_linear_0.weight
Shape: torch.Size([32, 16])
Values: Parameter containing:
tensor([[ 1.8833e-02,  1.3763e-01,  3.1953e-01, -3.5514e-01, -2.6014e-01,
         -1.6709e-01, -6.6774e-02, -4.2583e-01, -1.8881e-01, -8.2977e-02,
          1.7386e-01,  2.1052e-01,  6.9353e-02, -2.4552e-02, -1.3158e-01,
          3.9287e-01],
        [-2.6638e-01, -1.2902e-01, -1.1281e-01,  2.8878e-02,  2.7069e-02,
          2.5749e-01,  1.7171e-01,  1.9060e-01,  4.2696e-01,  1.5425e-01,
          6.7401e-02, -2.8203e-01, -1.5044e-02, -7.8565e-02,  4.2702e-01,
         -9.7502e-02],
        [ 9.3652e-02,  6.4239e-02,  3.8606e-01, -1.4190e-01, -1.1251e-01,
         -3.4980e-01, -4.2710e-02, -4.3757e-01,  2.3048e-02, -7.8008e-02,
         -9.0127e-02, -4.2280e-02,  4.0496e-01,  3.4261e-01, -5.9499e-03,
          2.7519e-01],
        [ 2.7962e-01, -1.2601e-02,  8.7391e-02, -1.0291e-01, -9.3486e-02,
         -1.9670e-01, -1.4839e-01, -1.1500e-01, -4.3428e-01, -4.1526e-01,
          3.0759e-02,  3.7469e-01,  3.0703e-01, -9.1986e-02, -2.5215e-01,
          1.6388e-01],
        [-1.0589e-01,  2.7810e-01, -1.7687e-01,  8.7263e-03,  2.0890e-01,
          9.0740e-02,  4.2438e-02,  3.4839e-01,  1.6613e-01,  3.1536e-01,
          7.0618e-02, -1.7838e-01, -6.0532e-02, -2.7059e-01,  3.4020e-01,
         -1.7145e-01],
        [-8.6728e-03,  2.7678e-01, -3.6041e-01,  4.2742e-01,  3.5931e-01,
         -3.2687e-02,  2.5199e-01, -1.6469e-02,  2.6930e-01,  2.2267e-01,
         -1.0817e-01, -9.7428e-02, -2.3869e-01,  1.0595e-01,  4.0438e-01,
         -8.4655e-02],
        [ 3.8036e-01,  2.8345e-02,  4.1265e-01, -2.1555e-01, -9.8146e-02,
         -2.1669e-01, -1.7579e-01, -2.6073e-01, -2.7167e-01, -4.2132e-02,
          8.0630e-04,  7.9237e-02, -5.3142e-02,  2.0526e-01, -3.2188e-01,
          1.6538e-01],
        [-5.4641e-02,  1.6809e-01,  3.6039e-01, -3.8200e-01, -3.6798e-01,
         -3.0325e-01, -8.5030e-02, -2.8643e-01, -2.2172e-01, -2.3344e-01,
         -6.6637e-02,  5.1113e-02,  2.5784e-01, -8.1040e-02, -1.0614e-01,
          3.6466e-01],
        [ 5.2363e-02,  8.0448e-02,  3.1621e-01, -2.8567e-01, -1.0390e-01,
         -3.5754e-01, -1.7402e-01, -1.3630e-01,  1.5469e-02, -3.3875e-01,
          1.0514e-02,  8.0246e-02, -4.4395e-02,  2.0579e-01, -4.0290e-01,
          1.1662e-01],
        [-3.0320e-01,  1.0676e-01, -1.1116e-01,  2.4804e-02,  1.2320e-01,
          1.6657e-01,  5.5013e-02,  2.6978e-01,  2.9572e-01,  2.2909e-02,
          1.0863e-01, -2.9663e-02, -2.8233e-01, -1.2353e-01,  2.4136e-01,
         -2.2010e-01],
        [-3.6920e-01,  1.6272e-01, -7.2782e-02, -9.8610e-04,  7.2442e-03,
          4.3491e-01,  2.3806e-01,  1.5185e-01,  3.7704e-01,  2.7452e-01,
          7.9709e-03, -1.5913e-02, -2.1912e-01,  6.3819e-02,  4.8236e-02,
         -3.4949e-01],
        [-1.3190e-01, -2.6273e-02, -2.8227e-02,  1.2153e-01,  1.9873e-01,
          1.2439e-01,  3.5731e-01,  1.6706e-01,  1.7531e-01,  3.6421e-01,
          9.0454e-02,  5.1986e-02, -4.2363e-01, -2.5819e-01,  1.0912e-01,
         -2.1664e-01],
        [ 3.5501e-01,  6.0019e-02,  1.8100e-01, -2.1573e-01, -1.7509e-01,
          4.9356e-03, -9.9368e-02, -3.7133e-01, -3.6017e-01, -1.3591e-01,
         -9.6234e-02,  6.5295e-02, -3.8296e-03,  2.3275e-01, -3.4991e-01,
          5.8209e-02],
        [ 2.1977e-01,  1.5632e-01,  3.7645e-01, -4.5429e-02, -3.4890e-01,
         -3.0054e-02, -4.1253e-02, -9.7348e-02, -2.4368e-01, -1.8592e-01,
         -1.0914e-01,  1.2840e-01,  1.3555e-01,  8.3663e-02, -4.0245e-01,
          2.5387e-01],
        [-3.8975e-01, -1.1481e-01, -7.8429e-02, -7.1167e-03,  4.1784e-01,
          4.2213e-01,  1.0482e-01,  1.5397e-01, -6.7474e-04,  2.0668e-01,
          3.9142e-02, -3.3516e-01, -1.0997e-01, -1.5259e-01,  1.1705e-01,
         -1.8035e-01],
        [-2.3611e-02, -3.2641e-01,  2.3439e-01,  6.0902e-03, -4.1934e-01,
         -4.9680e-02, -2.1443e-01, -3.7903e-01, -2.5415e-01, -1.0999e-01,
         -5.4438e-02,  4.6322e-01,  2.0243e-01,  2.0397e-02, -4.1590e-02,
          1.2972e-01],
        [ 3.2378e-01,  1.3338e-01,  2.0592e-01, -3.8493e-01, -3.7876e-01,
         -4.3034e-02, -9.4246e-02, -1.6917e-02, -3.9055e-01, -2.0553e-01,
          1.9757e-01,  3.0362e-01,  3.5982e-01,  2.9049e-01, -1.6671e-01,
         -1.3404e-02],
        [-2.9901e-01,  9.0739e-02, -2.4568e-01,  1.6810e-01,  1.4210e-01,
          2.9806e-01,  2.7357e-01,  2.8218e-01,  1.5143e-01,  2.9895e-01,
         -4.6682e-02, -2.5474e-01, -1.5737e-01, -2.1309e-01,  2.6297e-01,
         -1.8259e-01],
        [ 2.4453e-01, -3.6727e-02,  1.5971e-01, -3.1306e-01, -2.2894e-01,
         -3.8699e-01, -2.8192e-01,  7.4631e-03, -4.2134e-01, -1.2942e-01,
          1.2790e-02, -5.8951e-02,  2.0967e-01,  2.7921e-01, -2.3904e-02,
          2.1227e-01],
        [ 3.8490e-01, -1.0632e-02,  2.7786e-01, -1.2464e-01, -3.6072e-01,
         -2.4053e-01, -3.5764e-01, -2.3339e-03, -7.4342e-02, -2.9655e-01,
          8.8020e-02,  2.6744e-01, -3.3364e-02,  1.4062e-01, -6.8366e-02,
          2.1383e-01],
        [-1.8319e-01,  2.0244e-01, -4.7964e-02, -4.4118e-02,  2.9339e-01,
         -3.7988e-02,  2.9890e-01,  3.7726e-01,  1.9261e-01,  8.5927e-02,
         -1.0365e-01, -2.8237e-01, -2.0184e-01, -2.2070e-01,  3.9275e-01,
         -2.6363e-01],
        [-9.2167e-02, -5.3985e-02, -6.4275e-02,  4.2704e-01,  3.4732e-02,
          1.2964e-01,  2.6232e-01, -2.1328e-02,  5.6805e-02,  2.9669e-01,
          2.1208e-01, -2.9125e-01, -2.1502e-01, -4.0475e-01, -4.1826e-02,
          3.2162e-02],
        [ 3.7591e-01, -1.1020e-01,  6.0739e-02, -1.9709e-01, -3.0937e-02,
         -4.0471e-01, -2.9621e-01, -2.5202e-01, -2.7694e-01, -1.7935e-01,
          2.0343e-01,  2.3107e-01, -6.5259e-02,  3.3922e-01,  6.0176e-02,
          2.3470e-01],
        [ 2.6133e-01,  1.3783e-01,  3.4337e-01, -4.0023e-01, -2.2723e-01,
         -1.6724e-01, -1.7078e-01, -2.8839e-01, -3.6938e-01, -3.3761e-01,
          1.8455e-02,  3.5584e-01,  2.7624e-01,  1.4263e-01, -2.0856e-01,
          3.1437e-02],
        [ 2.1901e-01, -3.1235e-01,  1.7901e-01, -1.5747e-01,  2.6741e-02,
         -2.5819e-01,  4.6262e-02, -1.9186e-01, -3.7740e-01,  3.3734e-02,
          1.9517e-01,  1.3303e-02,  6.1439e-02,  2.8314e-01, -3.6785e-01,
          3.6009e-01],
        [ 5.1804e-02, -1.3244e-01,  9.5198e-02,  5.0974e-02, -2.4805e-01,
         -2.1980e-01, -2.4277e-02, -3.5196e-01, -1.8400e-01, -3.7345e-01,
         -2.7376e-01,  1.2575e-01,  2.0180e-01,  3.5349e-01, -4.3087e-01,
          9.4596e-02],
        [ 2.2903e-01,  3.3766e-02,  3.0275e-01, -3.7867e-01, -1.9831e-01,
         -1.0449e-01, -3.5003e-01, -3.9871e-02, -4.0102e-01, -1.3320e-02,
          4.3516e-02,  1.0039e-01,  2.3592e-01,  2.9023e-01,  6.8623e-02,
          3.0449e-01],
        [-3.3269e-01,  1.1202e-01,  5.7418e-03,  2.4377e-01,  3.4325e-01,
          3.0630e-02,  3.6071e-01,  1.9250e-01, -3.8185e-02,  1.2830e-01,
          7.5624e-02, -2.8629e-01, -2.3470e-01, -2.3146e-01,  4.0377e-02,
         -1.3575e-01],
        [ 3.0943e-01,  8.5596e-02,  1.3978e-01, -1.6073e-01, -3.1673e-01,
         -2.9188e-01, -1.4024e-01, -3.5689e-01, -3.5271e-02, -1.2601e-01,
          1.0755e-01,  1.5325e-01,  3.6132e-01,  3.4025e-01, -2.0409e-02,
          2.7512e-01],
        [-2.7876e-01,  1.2230e-01, -3.2302e-01,  2.8312e-01, -4.5896e-02,
          1.5301e-01,  3.3044e-01,  3.2381e-01,  3.7721e-01,  2.5250e-01,
          1.5291e-01, -1.0078e-01,  3.7712e-02,  3.6097e-02,  1.7489e-01,
         -2.3850e-01],
        [-2.9322e-01, -2.9338e-02, -4.7993e-02,  4.9555e-02,  2.2091e-01,
          3.8776e-01,  3.7570e-01, -7.0853e-03,  2.4616e-01,  3.4105e-01,
         -2.2590e-01, -2.2664e-02, -3.1842e-01, -2.9591e-01,  3.9275e-02,
         -2.5889e-01],
        [ 7.1449e-02,  3.3726e-02,  2.6295e-01, -8.6673e-02, -2.3482e-02,
         -3.2563e-01, -3.9800e-01, -3.8190e-01, -3.2046e-01, -2.8788e-01,
          9.0103e-02, -2.2630e-04, -2.3780e-02,  2.5398e-01, -3.0477e-01,
          2.1545e-01]], device='cuda:0', requires_grad=True)

Parameter name: road_linear_0.bias
Shape: torch.Size([32])
Values: Parameter containing:
tensor([-6.1438e-02, -6.7068e-02,  1.1365e-01, -6.9502e-02, -5.3765e-02,
        -2.6913e-02,  8.7612e-02,  1.3222e-01, -4.4816e-02, -6.9406e-02,
         2.4447e-02,  6.7354e-02,  1.9729e-01,  1.1179e-01, -5.6390e-02,
         1.0410e-01, -1.4292e-01, -2.8008e-03,  2.3411e-02,  1.8624e-04,
        -1.9358e-02, -1.1407e-01, -5.9975e-02, -1.9958e-02, -1.5520e-01,
         2.5684e-01,  1.0304e-01,  2.4555e-02, -8.5000e-02, -2.2599e-01,
         1.6264e-01, -2.9089e-02], device='cuda:0', requires_grad=True)

Parameter name: road_linear_1.weight
Shape: torch.Size([1, 32])
Values: Parameter containing:
tensor([[-0.2353,  0.3212, -0.2355, -0.2485,  0.3204,  0.3655, -0.2877, -0.3753,
         -0.3199,  0.3632,  0.2529,  0.3796, -0.2639, -0.4101,  0.3097, -0.2800,
         -0.3180,  0.3211, -0.2285, -0.2490,  0.4031,  0.3258, -0.3655, -0.3698,
         -0.3613, -0.3416, -0.3130,  0.3508, -0.3398,  0.3778,  0.2815, -0.2293]],
       device='cuda:0', requires_grad=True)

Parameter name: linear_0.weight
Shape: torch.Size([32, 39])
Values: Parameter containing:
tensor([[-0.0552,  0.1275,  0.0598,  ...,  0.2166, -0.3131, -0.1137],
        [-0.1257, -0.0276,  0.1183,  ...,  0.1534, -0.3180,  0.0871],
        [ 0.0147, -0.0599,  0.0174,  ...,  0.0310,  0.2172,  0.0345],
        ...,
        [-0.0066,  0.0347,  0.0593,  ...,  0.0826, -0.2996, -0.1180],
        [ 0.1019, -0.2308, -0.0553,  ..., -0.3253,  0.1373,  0.1557],
        [-0.2223,  0.1741,  0.0395,  ...,  0.0956, -0.2581, -0.0509]],
       device='cuda:0', requires_grad=True)

Parameter name: linear_0.bias
Shape: torch.Size([32])
Values: Parameter containing:
tensor([ 0.0394,  0.0409, -0.0667, -0.1344, -0.0720,  0.0620, -0.1103,  0.0448,
        -0.0374,  0.0797,  0.0157,  0.0125,  0.0305,  0.0789, -0.0530, -0.0187,
         0.0580, -0.1572,  0.0035,  0.0274, -0.0481,  0.0308,  0.1091,  0.0053,
        -0.0948,  0.1053,  0.0471, -0.0922,  0.0528,  0.1389,  0.1677, -0.1233],
       device='cuda:0', requires_grad=True)

Parameter name: linear_1.weight
Shape: torch.Size([32, 32])
Values: Parameter containing:
tensor([[ 7.8257e-02, -1.7542e-01, -1.2383e-01,  ..., -1.2741e-01,
         -2.2869e-02,  7.7114e-02],
        [-2.0130e-01, -3.0732e-02,  7.4654e-02,  ..., -5.9541e-02,
         -1.2388e-04,  5.2159e-02],
        [ 1.3113e-01, -3.3349e-02, -1.4742e-01,  ...,  7.5690e-02,
         -1.7360e-02,  1.8308e-01],
        ...,
        [ 1.1301e-01,  8.8834e-02,  1.2755e-01,  ...,  2.4888e-01,
         -2.1657e-01,  2.4339e-01],
        [-2.1270e-03, -1.4172e-01,  2.7128e-02,  ...,  2.3335e-02,
          2.2944e-01, -1.6390e-01],
        [ 8.7600e-04, -1.2819e-01,  1.8942e-01,  ...,  4.0711e-02,
          1.5656e-01, -4.7428e-02]], device='cuda:0', requires_grad=True)

Parameter name: linear_1.bias
Shape: torch.Size([32])
Values: Parameter containing:
tensor([ 0.1003,  0.1446, -0.0548, -0.0813, -0.0015, -0.0417, -0.0557, -0.0444,
         0.1220, -0.1667,  0.1238, -0.1183,  0.1707,  0.0869, -0.1241,  0.1201,
        -0.1389, -0.1711, -0.0606, -0.0042, -0.0005,  0.0870, -0.2068,  0.2101,
        -0.0475, -0.0047,  0.0765, -0.0289, -0.1346, -0.0715,  0.1155,  0.0386],
       device='cuda:0', requires_grad=True)

Parameter name: linear_2.weight
Shape: torch.Size([1, 32])
Values: Parameter containing:
tensor([[ 0.4042,  0.3219, -0.4024, -0.3969,  0.2707,  0.2546, -0.3182,  0.2872,
          0.3247, -0.3442, -0.2918,  0.3076,  0.2926,  0.2711,  0.3332,  0.3250,
         -0.4000, -0.4124, -0.2637,  0.3091, -0.3542, -0.3309, -0.4057,  0.2560,
          0.3757,  0.4143, -0.3965,  0.3996, -0.3198, -0.4014,  0.3821,  0.4081]],
       device='cuda:0', requires_grad=True)

Parameter name: linear_2.bias
Shape: torch.Size([1])
Values: Parameter containing:
tensor([0.1724], device='cuda:0', requires_grad=True)

Parameter name: road_linear_0.weight
Shape: torch.Size([32, 16])
Values: Parameter containing:
tensor([[-0.0006,  0.3942,  0.3045, -0.3230, -0.2426, -0.1454, -0.0491, -0.4144,
         -0.1791, -0.0630,  0.1485,  0.1827,  0.0501, -0.0355, -0.1180,  0.3722],
        [-0.2496, -0.3749, -0.0978,  0.0049,  0.0080,  0.2431,  0.1625,  0.1773,
          0.4097,  0.1407,  0.0758, -0.2604, -0.0022, -0.0725,  0.4099, -0.0798],
        [ 0.0750,  0.2721,  0.3713, -0.1172, -0.1032, -0.3373, -0.0352, -0.4308,
          0.0298, -0.0634, -0.0975, -0.0622,  0.3945,  0.3424,  0.0045,  0.2569],
        [ 0.2654,  0.1021,  0.0773, -0.0836, -0.0809, -0.1874, -0.1464, -0.1073,
         -0.4252, -0.4059,  0.0255,  0.3586,  0.3025, -0.0873, -0.2500,  0.1498],
        [-0.0996,  0.0535, -0.1713, -0.0079,  0.2093,  0.0844,  0.0474,  0.3532,
          0.1659,  0.3109,  0.0948, -0.1667, -0.0657, -0.2821,  0.3480, -0.1627],
        [-0.0032,  0.0974, -0.3566,  0.4146,  0.3605, -0.0319,  0.2557, -0.0183,
          0.2654,  0.2199, -0.1140, -0.0887, -0.2486,  0.0973,  0.4407, -0.0784],
        [ 0.3645,  0.1521,  0.4002, -0.1945, -0.0852, -0.2084, -0.1717, -0.2496,
         -0.2532, -0.0315, -0.0016,  0.0625, -0.0602,  0.2068, -0.3191,  0.1503],
        [-0.0704,  0.2981,  0.3476, -0.3607, -0.3471, -0.2948, -0.0775, -0.2708,
         -0.2040, -0.2224, -0.0801,  0.0332,  0.2481, -0.0825, -0.0943,  0.3504],
        [ 0.0357,  0.3445,  0.3009, -0.2620, -0.0841, -0.3443, -0.1647, -0.1228,
          0.0300, -0.3247,  0.0061,  0.0595, -0.0553,  0.1992, -0.3904,  0.0977],
        [-0.2938, -0.1396, -0.1026,  0.0063,  0.1159,  0.1580,  0.0540,  0.2677,
          0.2903,  0.0156,  0.1326, -0.0149, -0.2805, -0.1263,  0.2386, -0.2087],
        [-0.3591,  0.0172, -0.0656, -0.0153,  0.0016,  0.4281,  0.2366,  0.1494,
          0.3729,  0.2680, -0.0032, -0.0035, -0.2126,  0.0558,  0.0572, -0.3383],
        [-0.1199, -0.1776, -0.0178,  0.1024,  0.1867,  0.1138,  0.3564,  0.1646,
          0.1657,  0.3556,  0.1103,  0.0666, -0.4163, -0.2648,  0.0993, -0.2035],
        [ 0.3385,  0.2883,  0.1671, -0.1904, -0.1682,  0.0222, -0.0937, -0.3665,
         -0.3506, -0.1217, -0.1041,  0.0416, -0.0157,  0.2315, -0.3413,  0.0425],
        [ 0.2038,  0.3653,  0.3616, -0.0238, -0.3313, -0.0180, -0.0346, -0.0847,
         -0.2252, -0.1733, -0.1148,  0.1099,  0.1247,  0.0805, -0.3882,  0.2375],
        [-0.3744, -0.3329, -0.0653, -0.0284,  0.4013,  0.4108,  0.0982,  0.1416,
         -0.0144,  0.1949,  0.0432, -0.3167, -0.0999, -0.1499,  0.1019, -0.1646],
        [-0.3129, -0.2896, -0.0158,  0.2949,  0.0876,  0.2046,  0.1133,  0.0344,
          0.1268,  0.1750,  0.0552,  0.1382, -0.1494, -0.3373,  0.5233, -0.1276],
        [ 0.3073,  0.2702,  0.1942, -0.3640, -0.3623, -0.0327, -0.0910, -0.0025,
         -0.3743, -0.1949,  0.1801,  0.2866,  0.3498,  0.2970, -0.1469, -0.0281],
        [-0.2854,  0.0110, -0.2360,  0.1486,  0.1331,  0.2942,  0.2732,  0.2734,
          0.1395,  0.2914, -0.0432, -0.2406, -0.1589, -0.2160,  0.2614, -0.1700],
        [ 0.2278,  0.1488,  0.1481, -0.2906, -0.2204, -0.3770, -0.2791,  0.0118,
         -0.4162, -0.1176,  0.0212, -0.0766,  0.2040,  0.2842, -0.0149,  0.1950],
        [ 0.3705,  0.1717,  0.2672, -0.1057, -0.3497, -0.2308, -0.3573,  0.0058,
         -0.0642, -0.2868,  0.0879,  0.2518, -0.0391,  0.1494, -0.0606,  0.1986],
        [-0.1742,  0.0355, -0.0406, -0.0599,  0.2899, -0.0428,  0.3012,  0.3737,
          0.1856,  0.0804, -0.0832, -0.2706, -0.2046, -0.2305,  0.4127, -0.2541],
        [-0.0792, -0.3636, -0.0528,  0.4038,  0.0148,  0.1190,  0.2576, -0.0294,
          0.0463,  0.2846,  0.2197, -0.2710, -0.2089, -0.4024, -0.0492,  0.0473],
        [ 0.3655,  0.0473,  0.0529, -0.1807, -0.0220, -0.3991, -0.2979, -0.2457,
         -0.2683, -0.1733,  0.1875,  0.2194, -0.0664,  0.3447,  0.0694,  0.2239],
        [ 0.2433,  0.2096,  0.3306, -0.3772, -0.2079, -0.1575, -0.1661, -0.2698,
         -0.3516, -0.3265,  0.0076,  0.3368,  0.2671,  0.1449, -0.1853,  0.0170],
        [ 0.2144, -0.0700,  0.1755, -0.1443,  0.0287, -0.2548,  0.0428, -0.1932,
         -0.3762,  0.0364,  0.1999,  0.0048,  0.0652,  0.2930, -0.3733,  0.3539],
        [ 0.0405,  0.0683,  0.0853,  0.0682, -0.2421, -0.2122, -0.0192, -0.3472,
         -0.1762, -0.3655, -0.2886,  0.1111,  0.1977,  0.3577, -0.4389,  0.0832],
        [ 0.2139,  0.1942,  0.2917, -0.3592, -0.1854, -0.0950, -0.3506, -0.0284,
         -0.3879, -0.0038,  0.0291,  0.0860,  0.2280,  0.3043,  0.0808,  0.2909],
        [-0.3238, -0.0794,  0.0127,  0.2261,  0.3370,  0.0226,  0.3632,  0.1926,
         -0.0435,  0.1224,  0.0949, -0.2735, -0.2338, -0.2435,  0.0414, -0.1252],
        [ 0.2945,  0.1845,  0.1285, -0.1419, -0.3031, -0.2806, -0.1386, -0.3455,
         -0.0225, -0.1165,  0.0895,  0.1377,  0.3514,  0.3457, -0.0064,  0.2617],
        [-0.2673, -0.0065, -0.3139,  0.2654, -0.0556,  0.1482,  0.3303,  0.3170,
          0.3667,  0.2456,  0.1571, -0.0877,  0.0382,  0.0294,  0.1783, -0.2275],
        [-0.2789, -0.1920, -0.0378,  0.0306,  0.2077,  0.3797,  0.3744, -0.0185,
          0.2351,  0.3317, -0.2175, -0.0080, -0.3138, -0.2996,  0.0246, -0.2444],
        [ 0.0524,  0.1711,  0.2493, -0.0614, -0.0082, -0.3137, -0.3946, -0.3767,
         -0.3111, -0.2752,  0.0838, -0.0189, -0.0338,  0.2547, -0.2844,  0.1969]],
       device='cuda:0', requires_grad=True)

Parameter name: road_linear_0.bias
Shape: torch.Size([32])
Values: Parameter containing:
tensor([-0.0779, -0.0428,  0.1134, -0.0640, -0.0584, -0.0362,  0.0932,  0.1335,
        -0.0481, -0.0576, -0.0011,  0.0834,  0.1691,  0.0972, -0.0419, -0.0573,
        -0.1579, -0.0030,  0.0220, -0.0020, -0.0185, -0.1046, -0.0611, -0.0274,
        -0.1197,  0.2622,  0.0920,  0.0337, -0.0979, -0.2309,  0.1751, -0.0389],
       device='cuda:0', requires_grad=True)

Parameter name: road_linear_1.weight
Shape: torch.Size([1, 32])
Values: Parameter containing:
tensor([[-0.2300,  0.3142, -0.2303, -0.2465,  0.3286,  0.3685, -0.2849, -0.3685,
         -0.3279,  0.3570,  0.2528,  0.3716, -0.2626, -0.4077,  0.3031,  0.2547,
         -0.3113,  0.3187, -0.2243, -0.2443,  0.3979,  0.3164, -0.3622, -0.3648,
         -0.3750, -0.3406, -0.3083,  0.3428, -0.3366,  0.3744,  0.2791, -0.2271]],
       device='cuda:0', requires_grad=True)

Parameter name: linear_0.weight
Shape: torch.Size([32, 39])
Values: Parameter containing:
tensor([[-2.4371e-02,  1.0820e-01,  8.1188e-02,  ...,  1.5615e-01,
         -2.4849e-01, -1.1368e-01],
        [-1.2195e-01, -3.3348e-02,  1.2002e-01,  ...,  1.3027e-01,
         -3.0371e-01,  8.7102e-02],
        [ 5.5463e-03, -4.5780e-02,  2.8951e-02,  ...,  2.8952e-02,
          2.1808e-01,  3.4476e-02],
        ...,
        [ 1.9460e-04,  2.5047e-02,  5.8200e-02,  ...,  6.3493e-02,
         -2.9760e-01, -1.1801e-01],
        [ 1.0089e-01, -2.2556e-01, -5.6998e-02,  ..., -3.0013e-01,
          1.2802e-01,  1.5567e-01],
        [-2.0657e-01,  1.7069e-01,  4.2029e-02,  ...,  6.5454e-02,
         -2.5600e-01, -5.0854e-02]], device='cuda:0', requires_grad=True)

Parameter name: linear_0.bias
Shape: torch.Size([32])
Values: Parameter containing:
tensor([ 0.0459,  0.0420, -0.0712, -0.1356, -0.0726,  0.0550, -0.1115,  0.0494,
        -0.0379,  0.0780,  0.0204,  0.0127,  0.0274,  0.0752, -0.0524, -0.0183,
         0.0570, -0.1594, -0.0596,  0.0356, -0.0521,  0.0294,  0.1064,  0.0051,
        -0.0913,  0.0539,  0.0438, -0.1102,  0.0532,  0.1416,  0.1676, -0.1256],
       device='cuda:0', requires_grad=True)

Parameter name: linear_1.weight
Shape: torch.Size([32, 32])
Values: Parameter containing:
tensor([[ 0.0689, -0.1779, -0.1134,  ..., -0.1192, -0.0281,  0.0762],
        [-0.2104, -0.0328,  0.0965,  ..., -0.0492, -0.0103,  0.0501],
        [ 0.1352, -0.0346, -0.1557,  ...,  0.0641, -0.0073,  0.1789],
        ...,
        [ 0.1081,  0.0777,  0.1280,  ...,  0.2312, -0.1999,  0.2307],
        [-0.0077, -0.1432,  0.0396,  ...,  0.0377,  0.2180, -0.1637],
        [ 0.0021, -0.1199,  0.1884,  ...,  0.0595,  0.1402, -0.0355]],
       device='cuda:0', requires_grad=True)

Parameter name: linear_1.bias
Shape: torch.Size([32])
Values: Parameter containing:
tensor([ 0.1047,  0.1562, -0.0549, -0.0812, -0.0082, -0.0386, -0.0550, -0.0448,
         0.1309, -0.1742,  0.1110, -0.1291,  0.1878,  0.1006, -0.1297,  0.1266,
        -0.1377, -0.1698,  0.0405, -0.0110, -0.0041,  0.0886, -0.1969,  0.2280,
        -0.0446, -0.0083,  0.0806, -0.0258, -0.1327, -0.0683,  0.1211,  0.0329],
       device='cuda:0', requires_grad=True)

Parameter name: linear_2.weight
Shape: torch.Size([1, 32])
Values: Parameter containing:
tensor([[ 0.4279,  0.3500, -0.4247, -0.4057,  0.2882,  0.2887, -0.3374,  0.3006,
          0.3295, -0.3699, -0.3177,  0.3167,  0.3122,  0.3008,  0.3466,  0.3539,
         -0.4147, -0.4273,  0.2776,  0.3229, -0.3718, -0.3511, -0.4223,  0.2715,
          0.3950,  0.4279, -0.4093,  0.4146, -0.3375, -0.4149,  0.4010,  0.4186]],
       device='cuda:0', requires_grad=True)

Parameter name: linear_2.bias
Shape: torch.Size([1])
Values: Parameter containing:
tensor([0.1846], device='cuda:0', requires_grad=True)

Parameter name: road_linear_0.weight
Shape: torch.Size([32, 16])
Values: Parameter containing:
tensor([[-3.0216e-01,  6.1302e-02, -1.1154e-02, -3.4780e-02, -1.6559e-01,
          1.7428e-01,  9.0422e-02, -3.7695e-01, -1.4856e-01,  2.4122e-01,
          2.2565e-01,  1.9098e-01, -7.0146e-02, -4.0653e-01, -2.3524e-02,
          5.2407e-02],
        [-2.1784e-01, -3.9029e-01, -1.1499e-01, -3.9774e-02, -3.2619e-01,
          2.5881e-01, -1.9461e-02, -1.9827e-01,  6.0480e-02,  1.0734e-01,
          3.0461e-01,  1.1280e-01,  2.1437e-01, -1.1726e-01,  6.0363e-02,
         -8.7578e-02],
        [ 5.8480e-02,  2.9257e-01,  3.8430e-01, -1.0285e-01,  2.6186e-01,
         -3.5527e-01,  1.8778e-01, -7.6257e-02,  3.6267e-01, -2.5725e-02,
         -2.9865e-02, -4.0009e-01,  1.4831e-01,  3.4021e-01,  3.8441e-01,
          2.6688e-01],
        [-5.8191e-02, -2.7095e-01, -2.9074e-01,  2.6647e-01, -8.0461e-02,
          1.8526e-01, -3.0199e-03, -9.2301e-02, -4.0629e-01, -9.0441e-02,
          4.0271e-02,  3.4948e-01,  2.0131e-01, -4.1960e-01, -2.5323e-01,
         -2.1137e-01],
        [-8.3767e-02,  2.8421e-02, -1.7812e-01, -4.8673e-02, -1.5742e-01,
          9.1341e-02, -2.0065e-01, -4.0918e-02, -1.9760e-01,  2.8808e-01,
          3.3174e-01,  2.1022e-01,  2.1128e-01, -2.9151e-01, -2.2374e-02,
         -1.6898e-01],
        [ 6.0094e-03,  6.2645e-02, -3.7631e-01,  3.8984e-01,  5.7816e-03,
         -1.3830e-02,  5.3976e-02, -3.8767e-01, -1.0634e-01,  2.0560e-01,
         -4.4932e-02,  2.8213e-01, -7.3893e-03,  6.7858e-02,  5.8760e-02,
         -9.9416e-02],
        [ 2.3770e-01,  1.9143e-01,  4.3229e-01, -1.5585e-01,  2.1002e-01,
         -1.3989e-01, -9.1498e-02,  1.1616e-01,  9.1192e-02,  1.2223e-01,
         -7.4361e-02, -3.0404e-01, -1.7885e-01,  2.7982e-01, -3.3950e-02,
          1.1610e-01],
        [-1.2430e-01,  3.4526e-01,  3.8151e-01, -3.3886e-01, -8.1633e-02,
         -2.8383e-01,  4.5473e-02,  4.9032e-02,  1.0466e-01, -1.3661e-01,
         -1.0528e-01, -2.9626e-01,  8.5147e-02, -2.7191e-02,  1.4630e-01,
          3.5936e-01],
        [-7.0553e-03,  3.4764e-01,  3.0322e-01, -2.1879e-01,  2.3302e-01,
         -3.2673e-01,  8.7518e-02,  2.3584e-01,  3.6632e-01, -2.5758e-01,
         -2.4240e-01, -2.9508e-01, -3.3808e-01,  2.1440e-01, -4.7188e-02,
          8.5063e-02],
        [-2.8279e-01, -1.5969e-01, -1.0456e-01, -3.6990e-02, -2.4320e-01,
          1.6038e-01, -2.3423e-01, -1.1858e-01, -6.6190e-02, -5.5461e-03,
          3.1381e-01,  3.5970e-01,  2.8977e-02, -1.3159e-01, -1.2713e-01,
         -2.1029e-01],
        [-3.5190e-01,  1.1479e-03, -7.5097e-02, -3.8853e-02, -3.7882e-01,
          4.3435e-01, -4.0039e-02, -2.4742e-01, -1.0499e-02,  2.4590e-01,
          2.4079e-01,  3.8956e-01,  9.7683e-02,  5.9371e-02, -3.6381e-01,
         -3.4506e-01],
        [-1.4974e-01, -2.0917e-01, -3.6589e-02,  8.4142e-02, -1.3202e-01,
          1.3765e-01,  1.5426e-02, -1.8982e-01, -6.3407e-02,  3.7100e-01,
          1.8938e-01,  4.1568e-01, -6.7039e-02, -3.0357e-01, -1.4395e-01,
         -2.2908e-01],
        [ 2.2396e-01,  2.9093e-01,  1.7806e-01, -1.5371e-01,  2.4171e-01,
          4.4335e-02,  4.5787e-02,  6.7748e-02,  6.8638e-02,  3.2857e-02,
         -2.2745e-01, -3.5951e-01, -1.9231e-01,  2.2120e-01,  1.2502e-01,
          4.3326e-02],
        [ 1.7496e-01,  4.0638e-01,  3.8799e-01, -6.6867e-04, -2.1751e-02,
         -1.8162e-02,  1.1933e-01,  2.6027e-01,  1.0955e-01, -1.1936e-01,
         -3.0408e-01, -2.3679e-01, -8.5747e-02,  1.2643e-01, -7.4108e-02,
          2.5441e-01],
        [-3.5588e-01, -3.7057e-01, -8.7163e-02, -4.9922e-02,  6.7144e-02,
          4.2348e-01, -1.1294e-01, -2.2599e-01, -3.6521e-01,  1.5762e-01,
          2.1438e-01,  4.9176e-02,  1.4374e-01, -1.8192e-01, -2.5177e-01,
         -1.8057e-01],
        [-3.2734e-01, -2.6885e-01,  2.0118e-02,  2.7365e-01, -2.1502e-01,
          2.7604e-01,  1.5359e-02, -1.2951e-01, -2.0770e-02,  2.2292e-01,
          5.0130e-02,  2.4169e-01, -4.8724e-02, -2.1214e-01,  1.9511e-01,
         -1.5957e-01],
        [ 3.0187e-01,  3.3131e-01,  2.3171e-01, -3.5543e-01, -6.9434e-02,
         -4.8790e-02,  1.0107e-01,  3.2746e-01, -3.9264e-02, -1.6913e-01,
          5.1340e-02, -5.5591e-02,  1.2276e-01,  3.7091e-01,  1.2358e-01,
          3.3189e-03],
        [-2.6562e-01, -6.1165e-02, -2.8255e-01,  1.4087e-01, -1.1900e-01,
          3.0652e-01,  1.4128e-01, -3.3791e-02, -1.6854e-01,  2.4041e-01,
          7.0318e-02,  8.4306e-02, -3.0680e-04, -3.2089e-01,  4.3106e-02,
         -2.0044e-01],
        [ 2.1138e-01,  1.6768e-01,  1.7007e-01, -2.8064e-01,  1.3702e-01,
         -3.8769e-01, -5.6587e-02,  3.5384e-01, -8.5937e-02, -8.2680e-02,
         -5.1520e-02, -4.0620e-01, -4.9824e-02,  2.9774e-01,  3.4528e-01,
          2.1042e-01],
        [ 3.5701e-01,  2.1332e-01,  2.8980e-01, -9.5463e-02, -1.1886e-02,
         -2.5305e-01, -1.0574e-01,  3.7987e-01,  2.9210e-01, -2.5824e-01,
         -1.6846e-01, -1.1960e-01, -3.1673e-01,  1.8406e-01,  3.0152e-01,
          2.1909e-01],
        [-1.4183e-01,  2.3237e-02, -5.5091e-02, -9.8194e-02, -7.6128e-03,
         -2.6949e-02,  1.2719e-01,  4.8758e-02, -1.5039e-01,  5.0246e-02,
          3.5067e-02,  6.4127e-02, -1.3424e-02, -2.8451e-01,  8.2248e-02,
         -2.6440e-01],
        [-3.2221e-02, -3.8833e-01, -4.0531e-02,  3.4881e-01, -3.1312e-01,
          1.0834e-01, -1.9798e-02, -3.9836e-01, -2.9578e-01,  2.1384e-01,
          2.1286e-01,  9.1417e-02,  8.6786e-02, -4.1499e-01, -3.8173e-01,
          6.4860e-02],
        [ 3.2411e-01,  6.8635e-02,  7.6444e-02, -1.4919e-01,  2.6395e-01,
         -3.8761e-01, -1.4283e-01,  8.7763e-02,  5.4108e-02, -9.5057e-02,
          2.2605e-02, -1.2118e-01, -2.6561e-01,  3.9068e-01,  3.6708e-01,
          2.3114e-01],
        [ 2.4840e-01,  2.4261e-01,  3.8601e-01, -3.8040e-01,  7.5688e-03,
         -1.9029e-01, -1.7690e-02,  1.1167e-02, -6.4772e-02, -3.0697e-01,
         -2.0626e-01,  2.8797e-02,  9.6220e-02,  2.4161e-01,  2.2552e-02,
          6.3779e-02],
        [ 1.6378e-01, -7.0917e-02,  1.7358e-01, -9.5539e-02,  3.9757e-01,
         -2.2462e-01,  2.6709e-01,  1.9714e-01,  5.0539e-03,  1.1549e-01,
          4.5067e-02, -3.8195e-01, -2.1815e-01,  2.9286e-01,  2.7610e-02,
          3.3674e-01],
        [-8.8880e-05,  8.0780e-02,  1.0800e-01,  9.8771e-02,  7.7832e-02,
         -2.2399e-01,  1.2724e-01,  2.5746e-03,  1.7956e-01, -3.1011e-01,
         -3.6588e-01, -2.4283e-01,  1.9714e-02,  4.1030e-01, -5.9712e-02,
          9.6961e-02],
        [ 1.9996e-01,  2.5926e-01,  3.2205e-01, -3.4291e-01,  9.2066e-02,
         -1.0649e-01, -1.3651e-01,  2.9650e-01, -9.2090e-02,  3.3557e-02,
         -1.6609e-02, -2.4320e-01, -1.4742e-02,  3.6236e-01,  3.3773e-01,
          3.1207e-01],
        [-3.1495e-01, -9.5760e-02,  8.6625e-04,  1.8857e-01, -5.3662e-04,
          2.4960e-02,  2.7782e-02, -1.8674e-01, -3.3205e-01,  1.0117e-01,
          2.3433e-01,  9.4191e-02,  1.0692e-01, -2.7295e-01, -2.6672e-01,
         -1.2823e-01],
        [ 3.2802e-01,  2.1117e-01,  1.6514e-01, -1.3808e-01, -1.8918e-02,
         -3.2057e-01,  1.4328e-01, -2.4494e-02,  2.7497e-01, -1.3702e-01,
         -1.5938e-02, -1.9435e-01,  7.3173e-02,  3.9547e-01,  2.7802e-01,
          3.0067e-01],
        [-2.0024e-01, -3.5600e-02, -3.4926e-01,  2.4229e-01, -3.2923e-01,
          1.3982e-01,  2.5062e-01, -1.0855e-02,  4.6605e-02,  1.4152e-01,
          2.7953e-01,  2.4994e-01,  1.5645e-01, -3.1205e-02, -9.9632e-02,
         -2.4441e-01],
        [-2.8752e-01, -2.4089e-01, -6.1537e-02,  1.4565e-02, -9.8786e-02,
          3.9666e-01,  1.0301e-01, -3.5841e-01, -8.6968e-02,  3.2098e-01,
         -1.1281e-01,  3.3692e-01, -2.3289e-02, -3.4409e-01, -2.7227e-01,
         -2.6648e-01],
        [-2.7548e-01, -1.5040e-01, -1.2011e-01,  2.8172e-01, -2.9890e-02,
          5.3477e-02, -3.0446e-01, -4.0709e-01, -3.2420e-01,  5.7486e-02,
          1.9453e-01,  2.4778e-02, -8.6418e-02, -6.1188e-02, -3.5322e-01,
         -1.6366e-01]], device='cuda:0', requires_grad=True)

Parameter name: road_linear_0.bias
Shape: torch.Size([32])
Values: Parameter containing:
tensor([-0.2542,  0.0609,  0.2226, -0.2259,  0.0394, -0.1369,  0.0818,  0.1937,
        -0.1642, -0.0101,  0.1164,  0.0456,  0.0805,  0.0023,  0.0689, -0.0266,
        -0.1099, -0.0364,  0.0428, -0.0898, -0.0817, -0.1386, -0.1363, -0.0691,
        -0.2332,  0.2217,  0.1433,  0.0402, -0.0403, -0.1457,  0.1257, -0.1177],
       device='cuda:0', requires_grad=True)

Parameter name: road_linear_1.weight
Shape: torch.Size([1, 32])
Values: Parameter containing:
tensor([[ 0.1510,  0.2049, -0.1953,  0.2089,  0.2451,  0.3060, -0.2666, -0.3520,
         -0.2911,  0.2871,  0.2295,  0.3365, -0.2773, -0.3906,  0.2644,  0.1151,
         -0.2854,  0.2919, -0.1940, -0.2195,  0.1616,  0.3502, -0.3519, -0.3445,
         -0.2744, -0.2637, -0.2957,  0.2587, -0.3310,  0.3728,  0.2753,  0.1943]],
       device='cuda:0', requires_grad=True)

Parameter name: linear_0.weight
Shape: torch.Size([32, 39])
Values: Parameter containing:
tensor([[ 0.0150,  0.1563,  0.2799,  ..., -0.0139,  0.1633, -0.1137],
        [-0.0170, -0.1720, -0.0564,  ...,  0.0844, -0.5327,  0.0871],
        [-0.0994,  0.1532,  0.2714,  ...,  0.0667,  0.5413,  0.0345],
        ...,
        [ 0.0371, -0.1687, -0.1109,  ...,  0.0148, -0.6077, -0.1180],
        [ 0.0592, -0.0672,  0.0519,  ..., -0.2385,  0.4843,  0.1557],
        [-0.1300,  0.1205,  0.1227,  ..., -0.1429,  0.3833, -0.0509]],
       device='cuda:0', requires_grad=True)

Parameter name: linear_0.bias
Shape: torch.Size([32])
Values: Parameter containing:
tensor([ 0.0375,  0.1118, -0.1263, -0.1048, -0.0077,  0.0248, -0.1771,  0.0976,
        -0.0733,  0.1237,  0.0608, -0.0015,  0.0030,  0.0884, -0.1012, -0.0317,
         0.0659, -0.0955, -0.0018, -0.0213, -0.0922,  0.0758,  0.1016, -0.0254,
        -0.0584,  0.0556,  0.0217, -0.1013,  0.0560,  0.1318,  0.1602, -0.0885],
       device='cuda:0', requires_grad=True)

Parameter name: linear_1.weight
Shape: torch.Size([32, 32])
Values: Parameter containing:
tensor([[ 0.2788, -0.2068, -0.0593,  ..., -0.0721, -0.0916,  0.1760],
        [ 0.0365, -0.0480,  0.1365,  ..., -0.0396, -0.0441,  0.2360],
        [-0.0958, -0.0394, -0.1880,  ...,  0.0185,  0.0538,  0.0266],
        ...,
        [-0.0404,  0.0579,  0.1013,  ...,  0.2292, -0.1649,  0.1115],
        [ 0.2071, -0.1299,  0.0740,  ...,  0.0487,  0.1903,  0.0225],
        [ 0.2014, -0.1247,  0.2286,  ...,  0.0786,  0.0927,  0.0943]],
       device='cuda:0', requires_grad=True)

Parameter name: linear_1.bias
Shape: torch.Size([32])
Values: Parameter containing:
tensor([ 4.1595e-02,  5.1664e-02,  3.8145e-02, -2.5161e-02, -1.2238e-01,
        -9.3479e-02,  1.3349e-02, -1.2892e-01,  9.3965e-02, -1.0226e-01,
         1.8220e-01, -1.7701e-01,  1.2705e-01,  1.6432e-03, -1.7306e-01,
         2.4162e-02, -1.0158e-01, -9.9515e-02,  1.3064e-04, -4.4280e-02,
         5.1526e-02,  1.6323e-01, -1.4146e-01,  1.2521e-01, -1.2193e-01,
        -5.2894e-02,  1.6486e-01, -1.3179e-01, -4.2796e-02, -5.0654e-02,
         2.6849e-02, -1.8845e-02], device='cuda:0', requires_grad=True)

Parameter name: linear_2.weight
Shape: torch.Size([1, 32])
Values: Parameter containing:
tensor([[ 0.3032,  0.2099, -0.3103, -0.2992,  0.1737,  0.1712, -0.2010,  0.2418,
          0.2271, -0.2104, -0.2033,  0.1912,  0.2158, -0.1842,  0.2226,  0.1821,
         -0.2983, -0.2953,  0.1719,  0.1898, -0.2564, -0.2294, -0.3063, -0.0983,
          0.2694,  0.2984, -0.2872,  0.3284, -0.2074, -0.2788,  0.2931,  0.2719]],
       device='cuda:0', requires_grad=True)

Parameter name: linear_2.bias
Shape: torch.Size([1])
Values: Parameter containing:
tensor([-0.0838], device='cuda:0', requires_grad=True)

