Parameter name: road_linear_0.weight
Shape: torch.Size([32, 16])
Values: Parameter containing:
tensor([[-1.0259e-03,  3.9381e-01,  3.0581e-01, -3.2522e-01, -1.9184e-01,
         -1.5286e-01, -7.8929e-02, -3.9308e-01, -2.6402e-01, -7.7156e-02,
         -2.6542e-02,  1.9764e-01, -3.1077e-01, -6.9168e-02, -4.0550e-02,
          3.8640e-01],
        [-2.4803e-01, -3.8713e-01, -9.8636e-02, -1.2278e-02, -2.5554e-02,
          2.4710e-01,  1.6475e-01,  1.6231e-01,  4.3855e-01,  1.3690e-01,
          2.9614e-01, -2.6322e-01,  3.6498e-01, -2.8578e-02,  3.4798e-01,
         -9.1141e-02],
        [ 9.4168e-02,  2.9477e-01,  3.8952e-01, -1.3058e-01, -1.0340e-01,
         -3.4711e-01, -9.4297e-02, -4.5075e-01, -7.0969e-02, -8.9960e-02,
         -1.5636e-01, -3.1670e-02,  1.4528e-02,  3.5123e-01, -2.6085e-02,
          2.8903e-01],
        [ 2.8427e-01,  1.1758e-01,  9.5378e-02, -8.6511e-02, -6.9775e-02,
         -2.1601e-01, -1.7885e-01, -1.2408e-01, -4.8332e-01, -4.2938e-01,
         -2.1588e-01,  3.8886e-01, -8.2131e-02, -1.1455e-01, -2.1933e-01,
          1.8127e-01],
        [-9.6704e-02,  3.4915e-02, -1.7142e-01, -2.3885e-02,  1.6796e-01,
          8.9425e-02,  4.9411e-02,  3.3107e-01,  1.9205e-01,  3.0529e-01,
          3.4641e-01, -1.7009e-01,  3.2868e-01, -2.3381e-01,  3.0096e-01,
         -1.7491e-01],
        [-2.1288e-02,  6.0478e-02, -3.7406e-01,  4.1689e-01,  3.6002e-01,
         -8.1929e-03,  2.9074e-01, -2.2401e-04,  3.2295e-01,  2.3537e-01,
         -7.6000e-02, -1.1302e-01,  1.3183e-01,  1.1608e-01,  4.3947e-01,
         -1.0713e-01],
        [ 3.6629e-01,  2.4543e-01,  4.0525e-01, -1.8264e-01, -5.8145e-02,
         -2.0884e-01, -1.8759e-01, -2.4134e-01, -3.0316e-01, -3.1971e-02,
         -4.3622e-02,  6.6165e-02, -3.6171e-01,  2.0463e-01, -3.0427e-01,
          1.6333e-01],
        [-5.7958e-02,  3.6271e-01,  3.6148e-01, -3.6047e-01, -3.4861e-01,
         -2.9995e-01, -1.0558e-01, -2.7608e-01, -2.5059e-01, -2.2903e-01,
         -9.2893e-02,  4.2272e-02, -4.3393e-02, -9.4694e-02, -1.2995e-01,
          3.7252e-01],
        [ 3.2921e-02,  3.5654e-01,  3.0210e-01, -2.4482e-01, -5.1030e-02,
         -3.4537e-01, -1.6011e-01, -1.0169e-01,  5.3416e-03, -3.1942e-01,
         -2.8262e-01,  5.5185e-02, -4.2099e-01,  1.5988e-01, -3.0033e-01,
          1.0940e-01],
        [-3.0149e-01, -1.6646e-01, -1.1156e-01,  7.1986e-04,  9.3561e-02,
          1.7047e-01,  7.7383e-02,  2.6059e-01,  3.2888e-01,  1.9321e-02,
          3.6431e-01, -2.6364e-02,  1.2219e-01, -9.6086e-02,  2.1052e-01,
         -2.2994e-01],
        [-3.7056e-01,  1.5171e-02, -7.7412e-02, -1.9340e-02, -2.7408e-02,
          4.4400e-01,  2.6567e-01,  1.5314e-01,  4.1889e-01,  2.8146e-01,
          2.2639e-01, -2.0252e-02,  2.0037e-01,  9.9328e-02,  3.1072e-02,
         -3.6364e-01],
        [-1.4027e-01, -2.0419e-01, -3.8890e-02,  1.0148e-01,  1.8940e-01,
          1.3738e-01,  3.9103e-01,  1.7069e-01,  2.1989e-01,  3.7129e-01,
          4.0854e-01,  4.5712e-02, -5.5378e-02, -2.6587e-01,  4.6079e-02,
         -2.3750e-01],
        [ 3.3501e-01,  2.9035e-01,  1.6651e-01, -1.7199e-01, -1.0521e-01,
          2.2863e-02, -8.8718e-02, -3.3025e-01, -3.7074e-01, -1.1666e-01,
         -1.7532e-01,  4.1958e-02, -4.3974e-01,  1.5677e-01, -2.5302e-01,
          5.3523e-02],
        [ 2.0925e-01,  4.0159e-01,  3.7053e-01, -1.2545e-02, -3.1360e-01,
         -2.3011e-02, -4.1431e-02, -7.7103e-02, -2.5484e-01, -1.7438e-01,
         -2.8011e-01,  1.1322e-01, -2.0423e-01,  5.9650e-02, -3.3542e-01,
          2.5438e-01],
        [-3.7878e-01, -3.5425e-01, -7.2526e-02, -3.3622e-02,  3.7402e-01,
          4.0643e-01,  1.1508e-01,  1.2881e-01,  2.2045e-02,  1.9755e-01,
          1.9160e-01, -3.1844e-01,  2.5857e-01, -1.1538e-01,  7.5427e-02,
         -1.8328e-01],
        [-4.8231e-02,  8.4676e-03,  2.1576e-01,  5.8068e-02, -3.7501e-01,
         -4.6775e-02, -2.3487e-01, -3.5849e-01, -3.2176e-01, -1.0305e-01,
         -1.4987e-01,  4.6512e-01, -3.0750e-01, -1.3549e-02,  3.4731e-04,
          1.3178e-01],
        [ 3.2968e-01,  3.2969e-01,  2.1544e-01, -3.6670e-01, -3.8391e-01,
         -5.9719e-02, -1.2176e-01, -3.0339e-02, -4.2905e-01, -2.1373e-01,
          6.8679e-02,  3.1346e-01,  3.0620e-02,  3.0297e-01, -1.4992e-01,
          4.9576e-03],
        [-3.0028e-01, -6.1470e-02, -2.5184e-01,  1.4709e-01,  1.4561e-01,
          3.0938e-01,  3.0260e-01,  2.9052e-01,  1.9502e-01,  3.0212e-01,
          1.0636e-02, -2.5905e-01,  1.1644e-01, -2.1734e-01,  3.0246e-01,
         -1.9504e-01],
        [ 2.2530e-01,  1.5157e-01,  1.4205e-01, -2.8056e-01, -2.1750e-01,
         -3.7294e-01, -3.2545e-01,  4.0885e-03, -5.1252e-01, -1.2367e-01,
         -1.1405e-01, -5.9510e-02, -1.4870e-01,  2.9345e-01, -6.0428e-02,
          2.1014e-01],
        [ 3.7438e-01,  1.8027e-01,  2.7517e-01, -9.6258e-02, -3.1364e-01,
         -2.3238e-01, -3.6543e-01,  2.1648e-02, -9.7329e-02, -2.9262e-01,
         -1.7167e-01,  2.5155e-01, -4.0600e-01,  1.0915e-01,  2.7641e-02,
          2.1885e-01],
        [-1.9056e-01,  8.6987e-04, -5.8782e-02, -6.0348e-02,  2.9061e-01,
         -2.0132e-02,  3.2330e-01,  3.8841e-01,  2.3916e-01,  9.3570e-02,
          9.9638e-03, -2.9428e-01,  1.3166e-01, -2.1141e-01,  4.0405e-01,
         -2.8057e-01],
        [-7.9382e-02, -4.0846e-01, -5.5710e-02,  3.9531e-01, -1.6994e-02,
          1.1602e-01,  2.7030e-01, -5.0351e-02,  7.4616e-02,  2.7839e-01,
          3.9961e-01, -2.6557e-01,  1.8658e-01, -3.7121e-01, -6.3173e-02,
          2.7560e-02],
        [ 3.6878e-01,  7.9471e-02,  5.9195e-02, -1.7038e-01, -1.6247e-03,
         -3.9908e-01, -3.0782e-01, -2.3551e-01, -3.0193e-01, -1.7214e-01,
          5.5197e-02,  2.1747e-01, -3.9436e-01,  3.1888e-01,  8.5409e-02,
          2.4215e-01],
        [ 2.6185e-01,  2.3448e-01,  3.4804e-01, -3.7481e-01, -2.4397e-01,
         -1.7621e-01, -1.8812e-01, -2.9600e-01, -4.0216e-01, -3.4095e-01,
         -1.3722e-01,  3.5407e-01,  1.1422e-02,  1.3199e-01, -1.9371e-01,
          4.4832e-02],
        [ 2.2540e-01, -4.3401e-02,  1.8480e-01, -1.3779e-01,  3.5537e-02,
         -2.8346e-01,  9.8420e-03, -2.1218e-01, -4.4200e-01,  2.3457e-02,
          4.2100e-02,  3.1113e-02, -3.6403e-01,  2.6573e-01, -3.4684e-01,
          3.7726e-01],
        [ 5.1394e-02,  8.6769e-02,  9.7950e-02,  7.0207e-02, -2.3134e-01,
         -2.1716e-01, -4.1571e-02, -3.5109e-01, -2.2407e-01, -3.7363e-01,
         -3.6491e-01,  1.2608e-01, -1.5779e-01,  3.2234e-01, -4.0838e-01,
          1.0805e-01],
        [ 2.3027e-01,  2.5436e-01,  3.1130e-01, -3.5902e-01, -1.8650e-01,
         -1.0682e-01, -3.7427e-01, -3.5714e-02, -4.4108e-01, -1.6369e-02,
         -5.7949e-02,  9.9149e-02, -8.8206e-02,  3.0658e-01,  9.2357e-02,
          3.2186e-01],
        [-3.2697e-01, -1.0254e-01,  6.9093e-03,  2.1609e-01,  3.1370e-01,
          2.9393e-02,  3.8206e-01,  1.7574e-01, -6.6003e-03,  1.2223e-01,
          3.7915e-01, -2.7691e-01,  1.4401e-01, -2.2210e-01, -1.9552e-03,
         -1.4333e-01],
        [ 3.1763e-01,  1.9523e-01,  1.5228e-01, -1.4649e-01, -3.1529e-01,
         -3.0015e-01, -1.6893e-01, -3.6209e-01, -7.6869e-02, -1.3550e-01,
         -1.0566e-01,  1.5660e-01,  2.7986e-02,  3.3216e-01, -1.0217e-02,
          2.9772e-01],
        [-2.6954e-01, -4.1589e-02, -3.1865e-01,  2.5238e-01, -7.4233e-02,
          1.4706e-01,  3.4149e-01,  3.0911e-01,  4.0153e-01,  2.4321e-01,
          2.2610e-01, -8.6271e-02,  3.2980e-01,  6.2034e-02,  1.4789e-01,
         -2.4045e-01],
        [-3.0245e-01, -2.3486e-01, -6.1772e-02,  3.6615e-02,  2.1444e-01,
          4.0519e-01,  4.0852e-01,  1.3067e-03,  2.9332e-01,  3.5246e-01,
         -8.5023e-02, -3.4030e-02,  3.5660e-02, -2.9878e-01,  3.7395e-02,
         -2.8196e-01],
        [ 4.7308e-02,  2.2962e-01,  2.4569e-01, -4.4816e-02,  6.3592e-03,
         -3.1492e-01, -4.1388e-01, -3.7526e-01, -3.8464e-01, -2.7864e-01,
         -3.6049e-02, -7.3285e-03, -3.5899e-01,  2.6937e-01, -2.6274e-01,
          2.0368e-01]], device='cuda:0', requires_grad=True)

Parameter name: road_linear_0.bias
Shape: torch.Size([32])
Values: Parameter containing:
tensor([-0.0704, -0.0189, -0.0166, -0.0330,  0.0111, -0.2330,  0.0956,  0.1210,
        -0.0591, -0.0038,  0.0444,  0.0798,  0.1319,  0.0714,  0.0654, -0.0181,
        -0.0217, -0.0396,  0.0803, -0.0338, -0.1054, -0.0648, -0.0320,  0.0365,
        -0.0405,  0.1329,  0.1552,  0.0493, -0.1015, -0.1816,  0.0262,  0.0231],
       device='cuda:0', requires_grad=True)

Parameter name: road_linear_1.weight
Shape: torch.Size([1, 32])
Values: Parameter containing:
tensor([[-0.2224,  0.3161, -0.2329, -0.2642,  0.3081,  0.3654, -0.2853, -0.3773,
         -0.3255,  0.3466,  0.2697,  0.3813, -0.2693, -0.4005,  0.2883, -0.2483,
         -0.3248,  0.3361, -0.2359, -0.2402,  0.4083,  0.3218, -0.3760, -0.3789,
         -0.2954, -0.3359, -0.3232,  0.3477, -0.3542,  0.3846,  0.3067, -0.2403]],
       device='cuda:0', requires_grad=True)

Parameter name: linear_0.weight
Shape: torch.Size([32, 39])
Values: Parameter containing:
tensor([[-0.0070,  0.1205,  0.0686,  ...,  0.1986, -0.3115, -0.1137],
        [-0.0741, -0.0629,  0.1186,  ...,  0.1030, -0.2875,  0.0871],
        [-0.1092,  0.1653,  0.0919,  ...,  0.2000,  0.0237,  0.0345],
        ...,
        [ 0.0972, -0.1228, -0.0364,  ..., -0.1711, -0.0235, -0.1180],
        [ 0.0396, -0.1880, -0.0399,  ..., -0.2625,  0.0932,  0.1557],
        [-0.1847,  0.1384,  0.0497,  ...,  0.0720, -0.2457, -0.0509]],
       device='cuda:0', requires_grad=True)

Parameter name: linear_0.bias
Shape: torch.Size([32])
Values: Parameter containing:
tensor([ 0.0546,  0.0315, -0.0941, -0.1541, -0.0804, -0.0075, -0.1029,  0.0418,
        -0.0338,  0.0587,  0.0291, -0.0039,  0.0095,  0.1012, -0.0447, -0.0135,
         0.0491, -0.1655,  0.0037,  0.0813, -0.0635,  0.0188,  0.1101,  0.0227,
        -0.1095,  0.0975,  0.0433, -0.0993,  0.0468,  0.2032,  0.1680, -0.1273],
       device='cuda:0', requires_grad=True)

Parameter name: linear_1.weight
Shape: torch.Size([32, 32])
Values: Parameter containing:
tensor([[ 0.0496, -0.1630, -0.1897,  ...,  0.0347, -0.0457,  0.0655],
        [-0.2200, -0.0147, -0.0201,  ...,  0.1381, -0.0291,  0.0486],
        [ 0.1504, -0.0502, -0.0370,  ..., -0.1409,  0.0031,  0.1870],
        ...,
        [ 0.1457,  0.0572,  0.2117,  ...,  0.1057, -0.1755,  0.2458],
        [-0.0160, -0.1370, -0.0465,  ...,  0.2396,  0.2147, -0.1734],
        [-0.0045, -0.1095,  0.1268,  ...,  0.2220,  0.1269, -0.0446]],
       device='cuda:0', requires_grad=True)

Parameter name: linear_1.bias
Shape: torch.Size([32])
Values: Parameter containing:
tensor([ 0.1001,  0.1475, -0.0461, -0.1002, -0.1058, -0.1757, -0.0637, -0.0270,
         0.1409, -0.1698,  0.1341, -0.1289,  0.1981,  0.0927, -0.1093,  0.1237,
        -0.1357, -0.1788,  0.0766,  0.0103, -0.0151,  0.0811, -0.2071,  0.2175,
        -0.0458, -0.0111,  0.0768, -0.0425, -0.1509, -0.0580,  0.1235,  0.0303],
       device='cuda:0', requires_grad=True)

Parameter name: linear_2.weight
Shape: torch.Size([1, 32])
Values: Parameter containing:
tensor([[ 0.3832,  0.3071, -0.3466, -0.3770, -0.2320, -0.2260, -0.2910,  0.2586,
          0.2835, -0.3003, -0.2545,  0.2696,  0.2779,  0.2339,  0.2942,  0.2768,
         -0.3753, -0.3805,  0.2274,  0.2733, -0.3333, -0.2832, -0.3854,  0.2295,
          0.3477,  0.3998, -0.3553,  0.3729, -0.2913, -0.3802,  0.3441,  0.3841]],
       device='cuda:0', requires_grad=True)

Parameter name: linear_2.bias
Shape: torch.Size([1])
Values: Parameter containing:
tensor([0.1366], device='cuda:0', requires_grad=True)

Parameter name: road_linear_0.weight
Shape: torch.Size([32, 16])
Values: Parameter containing:
tensor([[ 0.0142,  0.3462,  0.3227, -0.3479, -0.0359, -0.1815, -0.0704, -0.3965,
         -0.1819, -0.0829,  0.0362,  0.1820,  0.0670, -0.0534,  0.3227,  0.3592],
        [-0.2791, -0.3327, -0.1290,  0.0166, -0.1505,  0.2896,  0.1929,  0.1757,
          0.4067,  0.1351,  0.2142, -0.2804, -0.0076, -0.0465, -0.0065, -0.0815],
        [ 0.0999,  0.2397,  0.4009, -0.1400,  0.1322, -0.3764, -0.0661, -0.4190,
          0.0490, -0.0786, -0.0879, -0.0551,  0.4022,  0.3071,  0.4373,  0.2600],
        [ 0.2943,  0.0627,  0.1070, -0.0940,  0.0916, -0.2337, -0.1743, -0.1026,
         -0.4121, -0.4022, -0.1007,  0.3721,  0.2908, -0.1269,  0.1471,  0.1565],
        [-0.1227,  0.1260, -0.1932,  0.0023,  0.0637,  0.1310,  0.0732,  0.3549,
          0.1683,  0.2947,  0.2236, -0.1992, -0.0627, -0.2326, -0.0947, -0.1360],
        [-0.0263,  0.1489, -0.3785,  0.4174,  0.1667,  0.0098,  0.2801, -0.0166,
          0.2582,  0.2082, -0.1422, -0.1043, -0.2547,  0.1257,  0.0241, -0.0704],
        [ 0.3947,  0.1951,  0.4325, -0.2042,  0.1196, -0.2531, -0.2134, -0.2457,
         -0.2564, -0.0262, -0.0127,  0.0730, -0.0262,  0.2274, -0.0073,  0.1583],
        [-0.0437,  0.3098,  0.3746, -0.3634, -0.1541, -0.3329, -0.1105, -0.2520,
         -0.1832, -0.2131, -0.0669,  0.0268,  0.2598, -0.0853,  0.1647,  0.3622],
        [ 0.0581,  0.2977,  0.3262, -0.2707,  0.0206, -0.3855, -0.1866, -0.1191,
          0.0350, -0.3128, -0.1045,  0.0833, -0.0727,  0.1394,  0.0197,  0.0917],
        [-0.3099, -0.0795, -0.1188,  0.0064, -0.0331,  0.1944,  0.0717,  0.2583,
          0.2788, -0.0060,  0.2310, -0.0319, -0.2697, -0.0720, -0.1952, -0.1872],
        [-0.3699,  0.0784, -0.0790, -0.0259, -0.1669,  0.4571,  0.2473,  0.1254,
          0.3421,  0.2466,  0.0607,  0.0015, -0.1678,  0.1362, -0.3930, -0.3259],
        [-0.1462, -0.1380, -0.0435,  0.1069,  0.1222,  0.1552,  0.3916,  0.1682,
          0.1756,  0.3424,  0.1473,  0.0406, -0.4097, -0.2003, -0.2642, -0.1955],
        [ 0.3720,  0.2139,  0.2040, -0.2081,  0.0644, -0.0337, -0.1190, -0.3459,
         -0.3482, -0.1221, -0.1140,  0.0541, -0.0157,  0.1977,  0.1804,  0.0319],
        [ 0.2397,  0.3494,  0.3986, -0.0374, -0.1881, -0.0671, -0.0767, -0.0937,
         -0.2293, -0.1732, -0.2088,  0.1349,  0.1406,  0.0738, -0.0278,  0.2491],
        [-0.3971, -0.2974, -0.0906, -0.0256,  0.2136,  0.4483,  0.1223,  0.1273,
         -0.0320,  0.1838,  0.1212, -0.3224, -0.0926, -0.1173, -0.2873, -0.1670],
        [-0.0796, -0.1592,  0.1844,  0.0811, -0.2051, -0.0267, -0.1638, -0.2987,
         -0.1786, -0.0137,  0.0125,  0.4408,  0.1287, -0.0825,  0.4310,  0.0304],
        [ 0.3341,  0.2679,  0.2195, -0.3686, -0.2150, -0.0733, -0.1235, -0.0076,
         -0.3615, -0.1866,  0.1437,  0.2946,  0.3520,  0.2857,  0.1322, -0.0202],
        [-0.3171, -0.0158, -0.2671,  0.1563, -0.0045,  0.3391,  0.3140,  0.2821,
          0.1385,  0.2854, -0.0419, -0.2537, -0.1731, -0.2227,  0.0379, -0.1840],
        [ 0.2513,  0.1236,  0.1751, -0.3126, -0.0163, -0.4140, -0.3097,  0.0230,
         -0.3938, -0.1330, -0.0367, -0.0732,  0.2024,  0.2550,  0.3743,  0.2029],
        [ 0.3902,  0.1314,  0.2915, -0.1073, -0.1808, -0.2673, -0.3754,  0.0258,
         -0.0413, -0.2759, -0.0608,  0.2540, -0.0689,  0.1031,  0.3321,  0.2020],
        [-0.2064,  0.0786, -0.0724, -0.0458,  0.1559,  0.0073,  0.3359,  0.3982,
          0.1987,  0.0778, -0.0731, -0.3091, -0.2104, -0.2138,  0.0351, -0.2547],
        [-0.0812, -0.3328, -0.0587,  0.3906, -0.1430,  0.1406,  0.2542, -0.0636,
          0.0121,  0.2507,  0.2439, -0.2631, -0.1592, -0.3363, -0.4524,  0.0648],
        [ 0.3767,  0.0277,  0.0670, -0.1691,  0.1520, -0.4230, -0.3094, -0.2146,
         -0.2341, -0.1494,  0.1247,  0.2048, -0.1056,  0.3089,  0.3816,  0.2233],
        [ 0.2764,  0.1972,  0.3606, -0.3825, -0.0938, -0.2020, -0.2041, -0.2737,
         -0.3456, -0.3237, -0.1002,  0.3398,  0.2593,  0.1461,  0.0094,  0.0399],
        [ 0.2327, -0.1407,  0.1930, -0.1487,  0.1810, -0.2959,  0.0174, -0.1992,
         -0.3736,  0.0553,  0.1770,  0.0248,  0.0586,  0.2392,  0.0859,  0.3273],
        [ 0.0779,  0.0117,  0.1237,  0.0500, -0.0877, -0.2687, -0.0612, -0.3695,
         -0.1908, -0.3673, -0.2894,  0.1491,  0.2061,  0.3391, -0.0104,  0.0855],
        [ 0.2339,  0.2022,  0.3158, -0.3567, -0.0106, -0.1261, -0.3753, -0.0037,
         -0.3630,  0.0098,  0.0079,  0.0764,  0.2052,  0.2957,  0.3677,  0.3019],
        [-0.3365, -0.0344, -0.0007,  0.2197,  0.2092,  0.0533,  0.3820,  0.1749,
         -0.0539,  0.0972,  0.2116, -0.2807, -0.2157, -0.1891, -0.3482, -0.1076],
        [ 0.3231,  0.1410,  0.1573, -0.1425, -0.1896, -0.3213, -0.1643, -0.3465,
         -0.0150, -0.1096,  0.0071,  0.1465,  0.3190,  0.3077,  0.3028,  0.2725],
        [-0.2876,  0.0040, -0.3355,  0.2623, -0.2294,  0.1804,  0.3546,  0.2978,
          0.3455,  0.2296,  0.1812, -0.0816,  0.0451,  0.0508, -0.1078, -0.2321],
        [-0.3026, -0.1746, -0.0634,  0.0329,  0.0610,  0.4176,  0.4005, -0.0253,
          0.2187,  0.3209, -0.1970, -0.0150, -0.2938, -0.2660, -0.3049, -0.2517],
        [ 0.0870,  0.2012,  0.2866, -0.0913,  0.1699, -0.3628, -0.4397, -0.3849,
         -0.3067, -0.2938,  0.0359,  0.0057, -0.0040,  0.2628,  0.0559,  0.2089]],
       device='cuda:0', requires_grad=True)

Parameter name: road_linear_0.bias
Shape: torch.Size([32])
Values: Parameter containing:
tensor([-0.0898, -0.0654,  0.1904, -0.0232, -0.0920, -0.0415,  0.0796,  0.0681,
        -0.0199, -0.0634, -0.0361,  0.0503,  0.1347,  0.1070, -0.0226, -0.0087,
        -0.1364,  0.0176,  0.1226,  0.0246, -0.0205, -0.1832, -0.0066, -0.0452,
        -0.0310,  0.2325,  0.1296,  0.0131, -0.0447, -0.1545,  0.0091,  0.0363],
       device='cuda:0', requires_grad=True)

Parameter name: road_linear_1.weight
Shape: torch.Size([1, 32])
Values: Parameter containing:
tensor([[-0.1987,  0.2906, -0.2151, -0.2477,  0.2751,  0.3240, -0.2664, -0.3686,
         -0.2913,  0.3139,  0.2528,  0.3654, -0.2296, -0.3680,  0.2900, -0.1664,
         -0.2887,  0.3280, -0.2192, -0.2333,  0.3520,  0.3458, -0.3647, -0.3699,
         -0.2702, -0.3005, -0.3101,  0.3341, -0.3548,  0.3751,  0.2893, -0.2274]],
       device='cuda:0', requires_grad=True)

Parameter name: linear_0.weight
Shape: torch.Size([32, 39])
Values: Parameter containing:
tensor([[-0.0126, -0.0048,  0.0258,  ...,  0.2092, -0.3554, -0.1137],
        [-0.0833, -0.1913,  0.0828,  ...,  0.1457, -0.3313,  0.0871],
        [-0.0526,  0.1591,  0.0912,  ...,  0.0103,  0.2384,  0.0345],
        ...,
        [ 0.0403, -0.1575,  0.0128,  ...,  0.0674, -0.2832, -0.1180],
        [ 0.0359, -0.0690,  0.0064,  ..., -0.3035,  0.1296,  0.1557],
        [-0.0835,  0.1628,  0.0124,  ..., -0.1729,  0.0666, -0.0509]],
       device='cuda:0', requires_grad=True)

Parameter name: linear_0.bias
Shape: torch.Size([32])
Values: Parameter containing:
tensor([ 0.0510,  0.0542, -0.0931, -0.1203, -0.0575,  0.0458, -0.1292,  0.0620,
        -0.0462,  0.0923,  0.0332,  0.0080,  0.0095,  0.0630, -0.0784, -0.0203,
         0.0465, -0.1421, -0.0323, -0.0151, -0.1092,  0.0480,  0.0819, -0.0066,
        -0.0851,  0.0667,  0.0242, -0.0959,  0.0640,  0.1473,  0.1365, -0.0660],
       device='cuda:0', requires_grad=True)

Parameter name: linear_1.weight
Shape: torch.Size([32, 32])
Values: Parameter containing:
tensor([[ 0.0365, -0.1985, -0.0789,  ..., -0.1422, -0.0143,  0.2645],
        [-0.2382, -0.0472,  0.1063,  ..., -0.0728, -0.0014,  0.2729],
        [ 0.1665, -0.0173, -0.1781,  ...,  0.0848, -0.0252, -0.0705],
        ...,
        [ 0.1538,  0.1141,  0.0797,  ...,  0.2657, -0.2240,  0.0532],
        [-0.0548, -0.1760,  0.0783,  ...,  0.0005,  0.2506,  0.0882],
        [-0.0201, -0.1240,  0.2129,  ...,  0.0488,  0.1412,  0.1333]],
       device='cuda:0', requires_grad=True)

Parameter name: linear_1.bias
Shape: torch.Size([32])
Values: Parameter containing:
tensor([ 0.0872,  0.1227, -0.0355, -0.0551, -0.0314, -0.0352, -0.0326, -0.0624,
         0.1101, -0.1755,  0.1223, -0.1328,  0.1651, -0.0186, -0.1428,  0.1056,
        -0.1274, -0.1539,  0.0135, -0.0295,  0.0085,  0.1084, -0.1894,  0.2025,
        -0.0695, -0.0286,  0.0880, -0.0369, -0.1122, -0.0603,  0.1112,  0.0011],
       device='cuda:0', requires_grad=True)

Parameter name: linear_2.weight
Shape: torch.Size([1, 32])
Values: Parameter containing:
tensor([[ 0.5235,  0.4478, -0.5261, -0.5291,  0.3742,  0.3824, -0.4304,  0.4392,
          0.4390, -0.4620, -0.4520,  0.4129,  0.4350, -0.3761,  0.4560,  0.4045,
         -0.5338, -0.5249,  0.4019,  0.4192, -0.4870, -0.4600, -0.5235,  0.3590,
          0.4982,  0.5245, -0.4986,  0.5666, -0.4341, -0.5158,  0.5008,  0.5156]],
       device='cuda:0', requires_grad=True)

Parameter name: linear_2.bias
Shape: torch.Size([1])
Values: Parameter containing:
tensor([0.2446], device='cuda:0', requires_grad=True)

Parameter name: road_linear_0.weight
Shape: torch.Size([32, 16])
Values: Parameter containing:
tensor([[ 0.0142,  0.3462,  0.3227, -0.3479, -0.0359, -0.1815, -0.0704, -0.3965,
         -0.1819, -0.0829,  0.0362,  0.1820,  0.0670, -0.0534,  0.3227,  0.3592],
        [-0.2791, -0.3327, -0.1290,  0.0166, -0.1505,  0.2896,  0.1929,  0.1757,
          0.4067,  0.1351,  0.2142, -0.2804, -0.0076, -0.0465, -0.0065, -0.0815],
        [ 0.0999,  0.2397,  0.4009, -0.1400,  0.1322, -0.3764, -0.0661, -0.4190,
          0.0490, -0.0786, -0.0879, -0.0551,  0.4022,  0.3071,  0.4373,  0.2600],
        [ 0.2943,  0.0627,  0.1070, -0.0940,  0.0916, -0.2337, -0.1743, -0.1026,
         -0.4121, -0.4022, -0.1007,  0.3721,  0.2908, -0.1270,  0.1471,  0.1565],
        [-0.1227,  0.1260, -0.1932,  0.0023,  0.0637,  0.1310,  0.0732,  0.3549,
          0.1683,  0.2947,  0.2236, -0.1992, -0.0627, -0.2326, -0.0947, -0.1360],
        [-0.0263,  0.1489, -0.3785,  0.4174,  0.1667,  0.0098,  0.2801, -0.0166,
          0.2582,  0.2082, -0.1422, -0.1043, -0.2547,  0.1257,  0.0241, -0.0704],
        [ 0.3947,  0.1951,  0.4325, -0.2042,  0.1196, -0.2531, -0.2134, -0.2457,
         -0.2564, -0.0262, -0.0127,  0.0730, -0.0262,  0.2274, -0.0073,  0.1583],
        [-0.0437,  0.3098,  0.3746, -0.3634, -0.1541, -0.3329, -0.1105, -0.2520,
         -0.1832, -0.2131, -0.0669,  0.0268,  0.2598, -0.0853,  0.1647,  0.3622],
        [ 0.0581,  0.2976,  0.3262, -0.2707,  0.0206, -0.3855, -0.1866, -0.1191,
          0.0350, -0.3128, -0.1045,  0.0833, -0.0727,  0.1394,  0.0197,  0.0917],
        [-0.3099, -0.0795, -0.1188,  0.0064, -0.0331,  0.1944,  0.0717,  0.2583,
          0.2788, -0.0060,  0.2310, -0.0319, -0.2697, -0.0720, -0.1952, -0.1872],
        [-0.3699,  0.0784, -0.0790, -0.0259, -0.1669,  0.4571,  0.2473,  0.1254,
          0.3421,  0.2466,  0.0607,  0.0015, -0.1678,  0.1362, -0.3930, -0.3259],
        [-0.1462, -0.1380, -0.0435,  0.1069,  0.1223,  0.1552,  0.3916,  0.1682,
          0.1756,  0.3424,  0.1473,  0.0406, -0.4097, -0.2003, -0.2642, -0.1955],
        [ 0.3720,  0.2139,  0.2040, -0.2081,  0.0644, -0.0337, -0.1190, -0.3459,
         -0.3482, -0.1221, -0.1140,  0.0541, -0.0157,  0.1977,  0.1804,  0.0318],
        [ 0.2397,  0.3494,  0.3986, -0.0373, -0.1881, -0.0671, -0.0767, -0.0937,
         -0.2293, -0.1732, -0.2088,  0.1349,  0.1406,  0.0738, -0.0278,  0.2491],
        [-0.3971, -0.2974, -0.0906, -0.0256,  0.2136,  0.4483,  0.1223,  0.1273,
         -0.0320,  0.1838,  0.1212, -0.3224, -0.0926, -0.1173, -0.2873, -0.1670],
        [-0.0796, -0.1592,  0.1844,  0.0811, -0.2051, -0.0267, -0.1638, -0.2987,
         -0.1786, -0.0137,  0.0125,  0.4408,  0.1287, -0.0825,  0.4310,  0.0304],
        [ 0.3341,  0.2679,  0.2195, -0.3686, -0.2150, -0.0733, -0.1235, -0.0076,
         -0.3615, -0.1866,  0.1437,  0.2946,  0.3520,  0.2857,  0.1322, -0.0202],
        [-0.3171, -0.0158, -0.2671,  0.1563, -0.0045,  0.3391,  0.3140,  0.2821,
          0.1385,  0.2854, -0.0419, -0.2537, -0.1731, -0.2227,  0.0379, -0.1840],
        [ 0.2513,  0.1236,  0.1751, -0.3126, -0.0163, -0.4140, -0.3097,  0.0230,
         -0.3938, -0.1330, -0.0367, -0.0732,  0.2024,  0.2550,  0.3743,  0.2029],
        [ 0.3902,  0.1314,  0.2915, -0.1073, -0.1808, -0.2673, -0.3754,  0.0258,
         -0.0413, -0.2759, -0.0608,  0.2540, -0.0689,  0.1031,  0.3321,  0.2020],
        [-0.2064,  0.0786, -0.0724, -0.0458,  0.1559,  0.0073,  0.3359,  0.3982,
          0.1987,  0.0778, -0.0731, -0.3091, -0.2104, -0.2138,  0.0351, -0.2547],
        [-0.0812, -0.3328, -0.0587,  0.3906, -0.1430,  0.1406,  0.2542, -0.0636,
          0.0121,  0.2507,  0.2439, -0.2631, -0.1592, -0.3363, -0.4524,  0.0648],
        [ 0.3767,  0.0277,  0.0670, -0.1691,  0.1520, -0.4230, -0.3094, -0.2146,
         -0.2341, -0.1494,  0.1247,  0.2048, -0.1056,  0.3089,  0.3816,  0.2233],
        [ 0.2764,  0.1972,  0.3606, -0.3825, -0.0938, -0.2020, -0.2041, -0.2737,
         -0.3456, -0.3237, -0.1002,  0.3398,  0.2593,  0.1461,  0.0094,  0.0399],
        [ 0.2327, -0.1407,  0.1930, -0.1487,  0.1810, -0.2959,  0.0174, -0.1992,
         -0.3736,  0.0553,  0.1770,  0.0248,  0.0586,  0.2392,  0.0859,  0.3273],
        [ 0.0779,  0.0117,  0.1237,  0.0500, -0.0877, -0.2687, -0.0612, -0.3695,
         -0.1908, -0.3673, -0.2894,  0.1491,  0.2061,  0.3391, -0.0104,  0.0855],
        [ 0.2339,  0.2022,  0.3158, -0.3567, -0.0106, -0.1261, -0.3753, -0.0037,
         -0.3630,  0.0098,  0.0079,  0.0764,  0.2052,  0.2957,  0.3677,  0.3019],
        [-0.3365, -0.0344, -0.0007,  0.2197,  0.2092,  0.0533,  0.3820,  0.1749,
         -0.0539,  0.0972,  0.2116, -0.2807, -0.2157, -0.1891, -0.3482, -0.1076],
        [ 0.3231,  0.1410,  0.1573, -0.1425, -0.1896, -0.3213, -0.1643, -0.3465,
         -0.0150, -0.1096,  0.0071,  0.1465,  0.3190,  0.3077,  0.3028,  0.2725],
        [-0.2876,  0.0040, -0.3355,  0.2623, -0.2294,  0.1804,  0.3546,  0.2978,
          0.3455,  0.2296,  0.1812, -0.0816,  0.0451,  0.0508, -0.1078, -0.2321],
        [-0.3026, -0.1746, -0.0634,  0.0329,  0.0610,  0.4176,  0.4005, -0.0253,
          0.2187,  0.3209, -0.1970, -0.0150, -0.2938, -0.2660, -0.3049, -0.2517],
        [ 0.0870,  0.2012,  0.2866, -0.0913,  0.1699, -0.3628, -0.4397, -0.3849,
         -0.3067, -0.2938,  0.0359,  0.0057, -0.0040,  0.2628,  0.0559,  0.2089]],
       device='cuda:0', requires_grad=True)

Parameter name: road_linear_0.bias
Shape: torch.Size([32])
Values: Parameter containing:
tensor([-0.0898, -0.0654,  0.1904, -0.0232, -0.0920, -0.0415,  0.0796,  0.0681,
        -0.0199, -0.0634, -0.0361,  0.0503,  0.1347,  0.1070, -0.0226, -0.0087,
        -0.1364,  0.0176,  0.1226,  0.0246, -0.0205, -0.1832, -0.0066, -0.0452,
        -0.0310,  0.2325,  0.1296,  0.0131, -0.0447, -0.1545,  0.0091,  0.0363],
       device='cuda:0', requires_grad=True)

Parameter name: road_linear_1.weight
Shape: torch.Size([1, 32])
Values: Parameter containing:
tensor([[-0.1987,  0.2906, -0.2151, -0.2477,  0.2751,  0.3240, -0.2664, -0.3686,
         -0.2913,  0.3139,  0.2528,  0.3654, -0.2296, -0.3680,  0.2900, -0.1664,
         -0.2887,  0.3280, -0.2192, -0.2332,  0.3520,  0.3458, -0.3647, -0.3699,
         -0.2702, -0.3005, -0.3101,  0.3341, -0.3548,  0.3751,  0.2893, -0.2274]],
       device='cuda:0', requires_grad=True)

Parameter name: linear_0.weight
Shape: torch.Size([32, 39])
Values: Parameter containing:
tensor([[-0.0126, -0.0048,  0.0258,  ...,  0.2092, -0.3554, -0.1137],
        [-0.0833, -0.1913,  0.0828,  ...,  0.1457, -0.3313,  0.0871],
        [-0.0526,  0.1591,  0.0912,  ...,  0.0103,  0.2384,  0.0345],
        ...,
        [ 0.0403, -0.1575,  0.0128,  ...,  0.0674, -0.2832, -0.1180],
        [ 0.0359, -0.0690,  0.0064,  ..., -0.3035,  0.1296,  0.1557],
        [-0.0835,  0.1628,  0.0124,  ..., -0.1729,  0.0666, -0.0509]],
       device='cuda:0', requires_grad=True)

Parameter name: linear_0.bias
Shape: torch.Size([32])
Values: Parameter containing:
tensor([ 0.0510,  0.0542, -0.0931, -0.1203, -0.0575,  0.0458, -0.1292,  0.0620,
        -0.0462,  0.0923,  0.0332,  0.0080,  0.0095,  0.0630, -0.0784, -0.0203,
         0.0465, -0.1421, -0.0323, -0.0151, -0.1092,  0.0480,  0.0819, -0.0066,
        -0.0851,  0.0667,  0.0242, -0.0959,  0.0640,  0.1473,  0.1365, -0.0660],
       device='cuda:0', requires_grad=True)

Parameter name: linear_1.weight
Shape: torch.Size([32, 32])
Values: Parameter containing:
tensor([[ 0.0365, -0.1985, -0.0789,  ..., -0.1422, -0.0143,  0.2645],
        [-0.2382, -0.0472,  0.1063,  ..., -0.0728, -0.0014,  0.2729],
        [ 0.1665, -0.0173, -0.1781,  ...,  0.0848, -0.0252, -0.0705],
        ...,
        [ 0.1538,  0.1141,  0.0797,  ...,  0.2657, -0.2240,  0.0532],
        [-0.0548, -0.1760,  0.0783,  ...,  0.0005,  0.2506,  0.0882],
        [-0.0201, -0.1240,  0.2129,  ...,  0.0488,  0.1412,  0.1333]],
       device='cuda:0', requires_grad=True)

Parameter name: linear_1.bias
Shape: torch.Size([32])
Values: Parameter containing:
tensor([ 0.0872,  0.1227, -0.0355, -0.0551, -0.0314, -0.0352, -0.0326, -0.0624,
         0.1101, -0.1755,  0.1223, -0.1328,  0.1651, -0.0186, -0.1428,  0.1056,
        -0.1274, -0.1539,  0.0135, -0.0295,  0.0085,  0.1084, -0.1894,  0.2025,
        -0.0695, -0.0286,  0.0880, -0.0369, -0.1122, -0.0603,  0.1112,  0.0011],
       device='cuda:0', requires_grad=True)

Parameter name: linear_2.weight
Shape: torch.Size([1, 32])
Values: Parameter containing:
tensor([[ 0.5235,  0.4478, -0.5261, -0.5291,  0.3742,  0.3824, -0.4304,  0.4392,
          0.4390, -0.4620, -0.4520,  0.4129,  0.4350, -0.3761,  0.4560,  0.4045,
         -0.5338, -0.5249,  0.4019,  0.4192, -0.4870, -0.4600, -0.5235,  0.3590,
          0.4982,  0.5245, -0.4986,  0.5666, -0.4341, -0.5158,  0.5008,  0.5156]],
       device='cuda:0', requires_grad=True)

Parameter name: linear_2.bias
Shape: torch.Size([1])
Values: Parameter containing:
tensor([0.2446], device='cuda:0', requires_grad=True)

Parameter name: road_linear_0.weight
Shape: torch.Size([32, 16])
Values: Parameter containing:
tensor([[ 0.0019,  0.3493,  0.3146, -0.3071, -0.3331, -0.2023, -0.0875, -0.4861,
         -0.2626, -0.0804, -0.0140,  0.2536,  0.1105, -0.0358,  0.0461,  0.3636],
        [-0.2570, -0.3295, -0.1113, -0.0166,  0.0756,  0.2857,  0.1950,  0.2347,
          0.4615,  0.1484,  0.2751, -0.3156, -0.0247, -0.0757,  0.2462, -0.0794],
        [ 0.0847,  0.2385,  0.3877, -0.1029, -0.1916, -0.3823, -0.0787, -0.5060,
         -0.0408, -0.0798, -0.1279, -0.0005,  0.4396,  0.3626,  0.1559,  0.2610],
        [ 0.2796,  0.0636,  0.0961, -0.0649, -0.1626, -0.2392, -0.1874, -0.1827,
         -0.4975, -0.4212, -0.1087,  0.4288,  0.3128, -0.0794, -0.1101,  0.1573],
        [-0.0979,  0.0960, -0.1775, -0.0379,  0.2716,  0.1253,  0.0730,  0.4049,
          0.2143,  0.3110,  0.3079, -0.2194, -0.0783, -0.2733,  0.1780, -0.1538],
        [-0.0125,  0.1355, -0.3699,  0.3944,  0.4457,  0.0152,  0.2929,  0.0498,
          0.3226,  0.2299, -0.1047, -0.1451, -0.2760,  0.0949,  0.2941, -0.0781],
        [ 0.3813,  0.1100,  0.4212, -0.1815, -0.1538, -0.2535, -0.2142, -0.3180,
         -0.3280, -0.0455, -0.0473,  0.1211, -0.0307,  0.2675, -0.1755,  0.1596],
        [-0.0549,  0.2600,  0.3653, -0.3487, -0.4152, -0.3303, -0.1121, -0.3274,
         -0.2552, -0.2308, -0.0937,  0.0769,  0.2734, -0.0518,  0.0162,  0.3598],
        [ 0.0453,  0.2996,  0.3170, -0.2402, -0.1495, -0.3904, -0.2012, -0.1813,
         -0.0249, -0.3354, -0.2497,  0.1158, -0.0311,  0.2061, -0.2367,  0.0989],
        [-0.2950, -0.0964, -0.1099, -0.0218,  0.1846,  0.2008,  0.0854,  0.3258,
          0.3435,  0.0187,  0.3188, -0.0685, -0.3042, -0.1221,  0.0788, -0.2005],
        [-0.3664,  0.0562, -0.0787, -0.0397,  0.0729,  0.4741,  0.2696,  0.2136,
          0.4304,  0.2779,  0.1223, -0.0619, -0.1915,  0.0711, -0.0911, -0.3388],
        [-0.1356, -0.1544, -0.0390,  0.0854,  0.2706,  0.1646,  0.4056,  0.2359,
          0.2359,  0.3725,  0.2392,  0.0022, -0.4105, -0.2838, -0.0245, -0.2112],
        [ 0.3447,  0.2375,  0.1828, -0.1647, -0.2615, -0.0391, -0.1332, -0.4475,
         -0.4193, -0.1357, -0.1498,  0.1162, -0.0043,  0.2184, -0.1562,  0.0388],
        [ 0.2182,  0.3274,  0.3811, -0.0090, -0.4000, -0.0600, -0.0729, -0.1438,
         -0.2785, -0.1859, -0.2638,  0.1620,  0.1516,  0.1034, -0.2398,  0.2450],
        [-0.3827, -0.2890, -0.0790, -0.0491,  0.4651,  0.4485,  0.1294,  0.1968,
          0.0365,  0.2014,  0.1750, -0.3666, -0.1167, -0.1562, -0.0631, -0.1674],
        [-0.0747, -0.0909,  0.2025,  0.1050, -0.4670, -0.0853, -0.2307, -0.4336,
         -0.3038, -0.0788, -0.1058,  0.4921,  0.2128,  0.0136,  0.1755,  0.0679],
        [ 0.3246,  0.2622,  0.2134, -0.3501, -0.4581, -0.0803, -0.1366, -0.0809,
         -0.4364, -0.2103,  0.1092,  0.3484,  0.3922,  0.3295, -0.0550, -0.0185],
        [-0.3032, -0.0014, -0.2565,  0.1382,  0.2182,  0.3337,  0.3148,  0.3405,
          0.2026,  0.3027, -0.0094, -0.2927, -0.1867, -0.2663,  0.1955, -0.1828],
        [ 0.2225,  0.1072,  0.1472, -0.2604, -0.3350, -0.4113, -0.3153, -0.0638,
         -0.4878, -0.1179, -0.0974, -0.0207,  0.2638,  0.3132,  0.1106,  0.1843],
        [ 0.3832,  0.1283,  0.2859, -0.0855, -0.4214, -0.2767, -0.3935, -0.0588,
         -0.1247, -0.2997, -0.1393,  0.3115, -0.0267,  0.1590,  0.1088,  0.2067],
        [-0.1850,  0.0639, -0.0568, -0.0754,  0.3642, -0.0033,  0.3324,  0.4297,
          0.2335,  0.0888, -0.0214, -0.3202, -0.2181, -0.2396,  0.2797, -0.2591],
        [-0.0800, -0.3271, -0.0594,  0.3743,  0.0775,  0.1591,  0.2880,  0.0240,
          0.0940,  0.2859,  0.3727, -0.3166, -0.2272, -0.4069, -0.1848,  0.0515],
        [ 0.3744,  0.0257,  0.0665, -0.1610, -0.0850, -0.4335, -0.3279, -0.2953,
         -0.3150, -0.1780,  0.0751,  0.2615, -0.0629,  0.3633,  0.2012,  0.2296],
        [ 0.2651,  0.1963,  0.3522, -0.3694, -0.3068, -0.1967, -0.2082, -0.3421,
         -0.4146, -0.3409, -0.0890,  0.3863,  0.2723,  0.1835, -0.1368,  0.0346],
        [ 0.2175, -0.1205,  0.1842, -0.1150, -0.0442, -0.3042,  0.0051, -0.2611,
         -0.4392,  0.0299,  0.0852,  0.0645,  0.0937,  0.2871, -0.2107,  0.3447],
        [ 0.0471,  0.0204,  0.0985,  0.0880, -0.3151, -0.2478, -0.0460, -0.4005,
         -0.2212, -0.3706, -0.3460,  0.1582,  0.2023,  0.3560, -0.2693,  0.0853],
        [ 0.2310,  0.1899,  0.3142, -0.3472, -0.2628, -0.1359, -0.3921, -0.0907,
         -0.4488, -0.0169, -0.0328,  0.1385,  0.2478,  0.3448,  0.1971,  0.3057],
        [-0.3264, -0.0460,  0.0038,  0.1996,  0.4091,  0.0651,  0.3993,  0.2535,
          0.0170,  0.1267,  0.2828, -0.3293, -0.2476, -0.2483, -0.1068, -0.1207],
        [ 0.3132,  0.1584,  0.1512, -0.1292, -0.3907, -0.3260, -0.1772, -0.4150,
         -0.0831, -0.1322,  0.0055,  0.1950,  0.3192,  0.3591,  0.0854,  0.2754],
        [-0.2807,  0.0284, -0.3304,  0.2515,  0.0057,  0.1814,  0.3627,  0.3689,
          0.4172,  0.2526,  0.2295, -0.1289,  0.0216,  0.0040,  0.0497, -0.2361],
        [-0.2960, -0.1785, -0.0594,  0.0164,  0.2924,  0.4275,  0.4163,  0.0518,
          0.2972,  0.3467, -0.1379, -0.0692, -0.3348, -0.3230, -0.0926, -0.2568],
        [ 0.0647,  0.1703,  0.2666, -0.0439, -0.0912, -0.3597, -0.4393, -0.4558,
         -0.3842, -0.2892, -0.0238,  0.0481,  0.0161,  0.3157, -0.1576,  0.2013]],
       device='cuda:0', requires_grad=True)

Parameter name: road_linear_0.bias
Shape: torch.Size([32])
Values: Parameter containing:
tensor([-0.0528, -0.0113,  0.1074, -0.0352, -0.0631, -0.0977,  0.0719,  0.0820,
        -0.0240, -0.0615, -0.0074,  0.0606,  0.1496,  0.0777,  0.0186, -0.0362,
        -0.0516, -0.0030,  0.0906,  0.0037, -0.0504, -0.1349, -0.0292, -0.0022,
        -0.0011,  0.1654,  0.1164,  0.0177, -0.0654, -0.1398,  0.0321, -0.0459],
       device='cuda:0', requires_grad=True)

Parameter name: road_linear_1.weight
Shape: torch.Size([1, 32])
Values: Parameter containing:
tensor([[-0.2351,  0.3247, -0.2311, -0.2658,  0.3276,  0.3668, -0.2849, -0.3876,
         -0.3162,  0.3510,  0.2678,  0.3775, -0.2680, -0.4012,  0.3077, -0.2991,
         -0.3247,  0.3350, -0.2321, -0.2532,  0.4067,  0.3137, -0.3754, -0.3818,
         -0.3350, -0.3438, -0.3167,  0.3555, -0.3637,  0.3856,  0.2936, -0.2406]],
       device='cuda:0', requires_grad=True)

Parameter name: linear_0.weight
Shape: torch.Size([32, 39])
Values: Parameter containing:
tensor([[-0.0145, -0.0100,  0.0444,  ...,  0.2364, -0.3720, -0.1137],
        [-0.0872, -0.1933,  0.0884,  ...,  0.1480, -0.3523,  0.0871],
        [-0.0392,  0.1775,  0.0721,  ..., -0.0053,  0.2733,  0.0345],
        ...,
        [ 0.0247, -0.1922,  0.0434,  ...,  0.0662, -0.2997, -0.1180],
        [ 0.0519, -0.0480, -0.0202,  ..., -0.3046,  0.1576,  0.1557],
        [-0.2057,  0.0483,  0.0030,  ...,  0.0418, -0.2454, -0.0509]],
       device='cuda:0', requires_grad=True)

Parameter name: linear_0.bias
Shape: torch.Size([32])
Values: Parameter containing:
tensor([ 0.0567,  0.0572, -0.0876, -0.1193, -0.0577,  0.0531, -0.1275,  0.0607,
        -0.0487,  0.0817,  0.0309,  0.0096,  0.0261,  0.0737, -0.0778, -0.0171,
         0.0494, -0.1501, -0.0290, -0.0242, -0.0747,  0.0448,  0.0889, -0.0068,
        -0.0873,  0.0870,  0.0330, -0.0873,  0.0485,  0.1381,  0.1478, -0.1055],
       device='cuda:0', requires_grad=True)

Parameter name: linear_1.weight
Shape: torch.Size([32, 32])
Values: Parameter containing:
tensor([[ 0.0159, -0.1929, -0.0766,  ..., -0.1191, -0.0243,  0.0695],
        [-0.2678, -0.0471,  0.1196,  ..., -0.0513, -0.0031,  0.0574],
        [ 0.1861, -0.0269, -0.1801,  ...,  0.0568, -0.0118,  0.1686],
        ...,
        [ 0.1680,  0.0988,  0.0864,  ...,  0.2304, -0.2033,  0.2432],
        [-0.0812, -0.1669,  0.0818,  ...,  0.0296,  0.2400, -0.1671],
        [-0.0509, -0.1275,  0.2189,  ...,  0.0688,  0.1373, -0.0332]],
       device='cuda:0', requires_grad=True)

Parameter name: linear_1.bias
Shape: torch.Size([32])
Values: Parameter containing:
tensor([ 0.0836,  0.1216, -0.0231, -0.0591, -0.0343, -0.0627, -0.0261, -0.0595,
         0.0944, -0.1349,  0.1350, -0.1268,  0.1514,  0.0574, -0.1341,  0.0873,
        -0.1178, -0.1454,  0.0029, -0.0137,  0.0069,  0.1095, -0.1836,  0.1727,
        -0.0638, -0.0310,  0.0907, -0.0420, -0.1091, -0.0534,  0.0951,  0.0033],
       device='cuda:0', requires_grad=True)

Parameter name: linear_2.weight
Shape: torch.Size([1, 32])
Values: Parameter containing:
tensor([[ 0.5385,  0.4608, -0.5378, -0.5404,  0.4054,  0.3964, -0.4523,  0.4468,
          0.4714, -0.4761, -0.4352,  0.4317,  0.4307,  0.4411,  0.4695,  0.4236,
         -0.5389, -0.5444,  0.4084,  0.4342, -0.4942, -0.4723, -0.5387,  0.3992,
          0.5227,  0.5462, -0.5222,  0.5715, -0.4508, -0.5357,  0.5176,  0.5383]],
       device='cuda:0', requires_grad=True)

Parameter name: linear_2.bias
Shape: torch.Size([1])
Values: Parameter containing:
tensor([0.2557], device='cuda:0', requires_grad=True)

Parameter name: road_linear_0.weight
Shape: torch.Size([32, 16])
Values: Parameter containing:
tensor([[ 0.0133,  0.0534,  0.2949, -0.3315, -0.2905, -0.1494, -0.0581, -0.4568,
         -0.2124, -0.0540,  0.1782,  0.1996,  0.0628, -0.0571, -0.1883,  0.3676],
        [-0.2640, -0.0634, -0.1007,  0.0153,  0.0461,  0.2471,  0.1669,  0.2081,
          0.4421,  0.1381,  0.0691, -0.2762, -0.0107, -0.0601,  0.4675, -0.0831],
        [ 0.0908, -0.0050,  0.3709, -0.1267, -0.1410, -0.3403, -0.0400, -0.4634,
          0.0070, -0.0611, -0.0813, -0.0482,  0.4043,  0.3238, -0.0633,  0.2613],
        [ 0.2728, -0.0651,  0.0702, -0.0831, -0.1096, -0.1799, -0.1373, -0.1318,
         -0.4476, -0.3924,  0.0305,  0.3625,  0.2948, -0.1163, -0.2933,  0.1434],
        [-0.1026,  0.3488, -0.1624, -0.0060,  0.2299,  0.0797,  0.0374,  0.3673,
          0.1804,  0.2978,  0.0668, -0.1710, -0.0560, -0.2495,  0.3832, -0.1564],
        [-0.0056,  0.3245, -0.3486,  0.4147,  0.3770, -0.0429,  0.2483, -0.0011,
          0.2798,  0.2087, -0.1125, -0.0912, -0.2346,  0.1195,  0.4522, -0.0737],
        [ 0.3748, -0.0172,  0.3979, -0.1993, -0.1139, -0.2040, -0.1681, -0.2754,
         -0.2818, -0.0238,  0.0035,  0.0694, -0.0611,  0.1839, -0.3616,  0.1497],
        [-0.0590,  0.1281,  0.3483, -0.3688, -0.3853, -0.2944, -0.0806, -0.3004,
         -0.2291, -0.2195, -0.0576,  0.0435,  0.2537, -0.0963, -0.1460,  0.3539],
        [ 0.0525,  0.0079,  0.3059, -0.2742, -0.1287, -0.3513, -0.1730, -0.1584,
         -0.0021, -0.3254,  0.0141,  0.0783, -0.0436,  0.1908, -0.4455,  0.1050],
        [-0.3027,  0.1785, -0.1008,  0.0136,  0.1455,  0.1585,  0.0531,  0.2895,
          0.3122,  0.0094,  0.1079, -0.0264, -0.2813, -0.1089,  0.2863, -0.2086],
        [-0.3658,  0.2264, -0.0585, -0.0165,  0.0303,  0.4237,  0.2327,  0.1731,
          0.3922,  0.2566,  0.0028, -0.0088, -0.2146,  0.0830,  0.0963, -0.3341],
        [-0.1296,  0.0311, -0.0164,  0.1080,  0.2189,  0.1168,  0.3531,  0.1849,
          0.1890,  0.3487,  0.0872,  0.0572, -0.4212, -0.2397,  0.1404, -0.2025],
        [ 0.3489, -0.0158,  0.1598, -0.1949, -0.1982,  0.0233, -0.0904, -0.3948,
         -0.3779, -0.1108, -0.0957,  0.0538, -0.0135,  0.2046, -0.4030,  0.0367],
        [ 0.2176,  0.0989,  0.3661, -0.0337, -0.3657, -0.0223, -0.0375, -0.1119,
         -0.2553, -0.1725, -0.1074,  0.1233,  0.1326,  0.0674, -0.4372,  0.2423],
        [-0.3876, -0.0513, -0.0668, -0.0195,  0.4398,  0.4142,  0.1021,  0.1728,
          0.0124,  0.1928,  0.0330, -0.3302, -0.1084, -0.1367,  0.1621, -0.1689],
        [-0.0328, -0.4154,  0.1984,  0.0370, -0.4513, -0.0220, -0.2012, -0.4128,
         -0.2830, -0.0682, -0.0529,  0.4455,  0.1890, -0.0236, -0.1054,  0.0982],
        [ 0.3178,  0.0915,  0.1916, -0.3672, -0.3908, -0.0291, -0.0845, -0.0298,
         -0.4018, -0.1856,  0.1946,  0.2931,  0.3496,  0.2678, -0.2001, -0.0312],
        [-0.2900,  0.1243, -0.2287,  0.1492,  0.1522,  0.2839,  0.2635,  0.2919,
          0.1542,  0.2786, -0.0541, -0.2401, -0.1460, -0.1915,  0.2904, -0.1666],
        [ 0.2389, -0.0995,  0.1417, -0.2940, -0.2528, -0.3738, -0.2740, -0.0153,
         -0.4357, -0.1079,  0.0187, -0.0690,  0.2031,  0.2540, -0.0731,  0.1935],
        [ 0.3806, -0.0741,  0.2616, -0.1078, -0.3843, -0.2307, -0.3519, -0.0238,
         -0.0880, -0.2775,  0.0946,  0.2594, -0.0371,  0.1166, -0.1094,  0.1973],
        [-0.1779,  0.2467, -0.0349, -0.0577,  0.3040, -0.0488,  0.2928,  0.3862,
          0.1977,  0.0707, -0.1090, -0.2727, -0.1945, -0.2029,  0.4232, -0.2515],
        [-0.0983,  0.0259, -0.0575,  0.4180,  0.0712,  0.1273,  0.2678,  0.0116,
          0.0864,  0.2862,  0.2127, -0.2973, -0.2231, -0.3962,  0.0127,  0.0409],
        [ 0.3728, -0.1591,  0.0491, -0.1842, -0.0495, -0.3968, -0.2922, -0.2676,
         -0.2873, -0.1652,  0.2086,  0.2248, -0.0684,  0.3222,  0.0236,  0.2232],
        [ 0.2511,  0.1109,  0.3260, -0.3787, -0.2289, -0.1503, -0.1567, -0.2941,
         -0.3724, -0.3144,  0.0189,  0.3384,  0.2604,  0.1184, -0.2259,  0.0123],
        [ 0.2186, -0.3784,  0.1694, -0.1467,  0.0056, -0.2502,  0.0484, -0.2106,
         -0.3934,  0.0467,  0.1954,  0.0102,  0.0601,  0.2697, -0.4136,  0.3489],
        [ 0.0473, -0.1875,  0.0818,  0.0644, -0.2635, -0.2095, -0.0195, -0.3650,
         -0.1916, -0.3584, -0.2662,  0.1173,  0.1964,  0.3361, -0.4711,  0.0826],
        [ 0.2244, -0.0163,  0.2884, -0.3632, -0.2173, -0.0957, -0.3444, -0.0564,
         -0.4108,  0.0035,  0.0500,  0.0922,  0.2320,  0.2685,  0.0330,  0.2905],
        [-0.3307,  0.1791,  0.0187,  0.2298,  0.3665,  0.0226,  0.3570,  0.2132,
         -0.0224,  0.1120,  0.0716, -0.2812, -0.2328, -0.2114,  0.0775, -0.1211],
        [ 0.3038,  0.0399,  0.1255, -0.1449, -0.3320, -0.2815, -0.1331, -0.3705,
         -0.0429, -0.1087,  0.1137,  0.1431,  0.3546,  0.3200, -0.0523,  0.2607],
        [-0.2734,  0.1626, -0.3098,  0.2686, -0.0317,  0.1429,  0.3242,  0.3359,
          0.3836,  0.2367,  0.1459, -0.0913,  0.0441,  0.0543,  0.2082, -0.2260],
        [-0.2890,  0.0232, -0.0341,  0.0341,  0.2422,  0.3779,  0.3702,  0.0116,
          0.2580,  0.3240, -0.2325, -0.0149, -0.3140, -0.2764,  0.0827, -0.2446],
        [ 0.0632, -0.0216,  0.2431, -0.0661, -0.0414, -0.3102, -0.3869, -0.3992,
         -0.3305, -0.2641,  0.0958, -0.0142, -0.0344,  0.2249, -0.3448,  0.1947]],
       device='cuda:0', requires_grad=True)

Parameter name: road_linear_0.bias
Shape: torch.Size([32])
Values: Parameter containing:
tensor([-0.0654, -0.0572,  0.1164, -0.0784, -0.0496, -0.0258,  0.0828,  0.1366,
        -0.0474, -0.0623,  0.0267,  0.0697,  0.1886,  0.1064, -0.0560,  0.0962,
        -0.1544, -0.0048,  0.0220,  0.0006, -0.0182, -0.1084, -0.0606, -0.0269,
        -0.1630,  0.2579,  0.1041,  0.0265, -0.0849, -0.2272,  0.1623, -0.0308],
       device='cuda:0', requires_grad=True)

Parameter name: road_linear_1.weight
Shape: torch.Size([1, 32])
Values: Parameter containing:
tensor([[-0.2607,  0.3475, -0.2523, -0.2667,  0.3510,  0.3901, -0.3040, -0.3881,
         -0.3396,  0.3957,  0.2714,  0.3987, -0.2953, -0.4306,  0.3283, -0.3278,
         -0.3334,  0.3335, -0.2438, -0.2631,  0.4278,  0.3493, -0.3794, -0.3802,
         -0.3915, -0.3667, -0.3249,  0.3742, -0.3534,  0.3916,  0.2952, -0.2458]],
       device='cuda:0', requires_grad=True)

Parameter name: linear_0.weight
Shape: torch.Size([32, 39])
Values: Parameter containing:
tensor([[-0.0530,  0.1280,  0.0567,  ...,  0.2213, -0.3377, -0.1137],
        [-0.1214, -0.0311,  0.1164,  ...,  0.1561, -0.3346,  0.0871],
        [ 0.0113, -0.0583,  0.0193,  ...,  0.0267,  0.2387,  0.0345],
        ...,
        [-0.0036,  0.0334,  0.0573,  ...,  0.0858, -0.3282, -0.1180],
        [ 0.0978, -0.2282, -0.0528,  ..., -0.3293,  0.1582,  0.1557],
        [-0.2171,  0.1698,  0.0368,  ...,  0.0988, -0.2863, -0.0509]],
       device='cuda:0', requires_grad=True)

Parameter name: linear_0.bias
Shape: torch.Size([32])
Values: Parameter containing:
tensor([ 0.0414,  0.0408, -0.0666, -0.1338, -0.0720,  0.0597, -0.1105,  0.0457,
        -0.0388,  0.0802,  0.0175,  0.0115,  0.0299,  0.0787, -0.0527, -0.0184,
         0.0588, -0.1548,  0.0022,  0.0280, -0.0500,  0.0330,  0.1091,  0.0055,
        -0.0934,  0.1044,  0.0473, -0.0935,  0.0540,  0.1393,  0.1669, -0.1227],
       device='cuda:0', requires_grad=True)

Parameter name: linear_1.weight
Shape: torch.Size([32, 32])
Values: Parameter containing:
tensor([[ 0.0757, -0.1842, -0.1146,  ..., -0.1346, -0.0136,  0.0734],
        [-0.2050, -0.0402,  0.0863,  ..., -0.0675,  0.0100,  0.0478],
        [ 0.1367, -0.0236, -0.1614,  ...,  0.0858, -0.0292,  0.1891],
        ...,
        [ 0.1169,  0.0973,  0.1193,  ...,  0.2562, -0.2279,  0.2471],
        [-0.0052, -0.1514,  0.0404,  ...,  0.0143,  0.2384, -0.1687],
        [-0.0024, -0.1367,  0.2004,  ...,  0.0330,  0.1661, -0.0517]],
       device='cuda:0', requires_grad=True)

Parameter name: linear_1.bias
Shape: torch.Size([32])
Values: Parameter containing:
tensor([ 0.1033,  0.1475, -0.0588, -0.0835, -0.0004, -0.0436, -0.0578, -0.0441,
         0.1237, -0.1695,  0.1282, -0.1170,  0.1718,  0.0866, -0.1231,  0.1254,
        -0.1388, -0.1725, -0.0579, -0.0033, -0.0027,  0.0851, -0.2106,  0.2132,
        -0.0457, -0.0048,  0.0746, -0.0288, -0.1358, -0.0729,  0.1207,  0.0422],
       device='cuda:0', requires_grad=True)

Parameter name: linear_2.weight
Shape: torch.Size([1, 32])
Values: Parameter containing:
tensor([[ 0.4763,  0.3966, -0.4823, -0.4711,  0.3497,  0.3315, -0.3949,  0.3680,
          0.3953, -0.4189, -0.3653,  0.3822,  0.3651,  0.3451,  0.4096,  0.4048,
         -0.4720, -0.4852, -0.3401,  0.3859, -0.4304, -0.4091, -0.4827,  0.3283,
          0.4526,  0.4862, -0.4701,  0.4757, -0.3967, -0.4733,  0.4583,  0.4836]],
       device='cuda:0', requires_grad=True)

Parameter name: linear_2.bias
Shape: torch.Size([1])
Values: Parameter containing:
tensor([0.2359], device='cuda:0', requires_grad=True)

Parameter name: road_linear_0.weight
Shape: torch.Size([32, 16])
Values: Parameter containing:
tensor([[-1.2181e-02,  3.4425e-01,  2.7686e-01, -2.9519e-01, -2.9234e-01,
         -1.2670e-01, -3.6349e-02, -4.5010e-01, -2.0492e-01, -2.9874e-02,
          1.6379e-01,  1.7451e-01,  4.6303e-02, -7.1042e-02, -1.8762e-01,
          3.4118e-01],
        [-2.4249e-01, -3.3796e-01, -8.0933e-02, -1.3335e-02,  4.0980e-02,
          2.3087e-01,  1.5415e-01,  1.9747e-01,  4.2561e-01,  1.1870e-01,
          6.4638e-02, -2.5432e-01,  1.8722e-03, -4.7884e-02,  4.6602e-01,
         -6.0722e-02],
        [ 6.8288e-02,  2.3544e-01,  3.5136e-01, -9.7691e-02, -1.4892e-01,
         -3.2667e-01, -2.9993e-02, -4.6414e-01,  1.1501e-02, -4.1486e-02,
         -7.6812e-02, -6.6911e-02,  3.9885e-01,  3.1981e-01, -6.6730e-02,
          2.3969e-01],
        [ 2.5370e-01,  5.9925e-02,  5.6080e-02, -5.9762e-02, -1.1556e-01,
         -1.6889e-01, -1.3152e-01, -1.2610e-01, -4.4137e-01, -3.7743e-01,
          3.3178e-02,  3.4730e-01,  2.8984e-01, -1.1930e-01, -3.0363e-01,
          1.2327e-01],
        [-9.4127e-02,  9.3584e-02, -1.5333e-01, -2.6651e-02,  2.5273e-01,
          7.2668e-02,  4.0912e-02,  3.8214e-01,  1.8908e-01,  2.8736e-01,
          8.1507e-02, -1.6361e-01, -6.6270e-02, -2.5741e-01,  4.1567e-01,
         -1.4253e-01],
        [ 1.7869e-03,  1.3196e-01, -3.4317e-01,  3.9892e-01,  3.9378e-01,
         -4.2723e-02,  2.4991e-01,  1.8001e-03,  2.8119e-01,  2.0172e-01,
         -1.2216e-01, -8.4961e-02, -2.4713e-01,  1.1486e-01,  5.0589e-01,
         -6.3817e-02],
        [ 3.5493e-01,  1.1540e-01,  3.8162e-01, -1.7458e-01, -1.1578e-01,
         -1.9446e-01, -1.6140e-01, -2.6748e-01, -2.6485e-01, -8.4659e-03,
          1.0508e-02,  5.3318e-02, -6.6617e-02,  1.7944e-01, -3.7284e-01,
          1.3076e-01],
        [-7.8510e-02,  2.6855e-01,  3.3199e-01, -3.4356e-01, -3.7338e-01,
         -2.8359e-01, -6.9738e-02, -2.8646e-01, -2.1060e-01, -2.0388e-01,
         -6.3304e-02,  2.4517e-02,  2.4442e-01, -1.0311e-01, -1.4464e-01,
          3.3662e-01],
        [ 3.2984e-02,  3.1160e-01,  2.8829e-01, -2.4820e-01, -1.1901e-01,
         -3.3720e-01, -1.6169e-01, -1.4554e-01,  1.0772e-02, -3.0766e-01,
          1.6009e-02,  5.8990e-02, -5.3455e-02,  1.8123e-01, -4.4502e-01,
          8.3274e-02],
        [-2.9093e-01, -1.0482e-01, -8.8859e-02, -8.4808e-03,  1.5610e-01,
          1.4940e-01,  5.0211e-02,  2.9442e-01,  3.1225e-01, -3.0558e-03,
          1.2033e-01, -1.4423e-02, -2.8320e-01, -1.0775e-01,  3.0449e-01,
         -1.9322e-01],
        [-3.5382e-01,  5.3336e-02, -4.9528e-02, -3.2836e-02,  4.2942e-02,
          4.1712e-01,  2.3025e-01,  1.7607e-01,  3.9392e-01,  2.4666e-01,
         -1.5719e-02, -3.7556e-04, -2.1209e-01,  7.7849e-02,  1.2125e-01,
         -3.1960e-01],
        [-1.1506e-01, -1.4586e-01, -4.1208e-03,  8.7220e-02,  2.1873e-01,
          1.0490e-01,  3.5067e-01,  1.8404e-01,  1.8235e-01,  3.3665e-01,
          1.0194e-01,  6.9972e-02, -4.1440e-01, -2.4418e-01,  1.4635e-01,
         -1.8650e-01],
        [ 3.2584e-01,  2.3799e-01,  1.3918e-01, -1.6202e-01, -2.1601e-01,
          4.2648e-02, -8.0035e-02, -4.0078e-01, -3.7293e-01, -8.8992e-02,
         -8.9111e-02,  3.1281e-02, -2.0657e-02,  1.9708e-01, -4.1275e-01,
          1.3704e-02],
        [ 1.9777e-01,  3.3342e-01,  3.4735e-01, -8.5162e-03, -3.5760e-01,
         -8.5044e-03, -2.8092e-02, -1.0040e-01, -2.3659e-01, -1.5521e-01,
         -1.0263e-01,  1.0440e-01,  1.2189e-01,  5.9218e-02, -4.3622e-01,
          2.2271e-01],
        [-3.6856e-01, -3.0023e-01, -4.9942e-02, -4.4670e-02,  4.3530e-01,
          4.0098e-01,  9.2379e-02,  1.6323e-01,  2.8047e-05,  1.7612e-01,
          2.7971e-02, -3.1189e-01, -9.9229e-02, -1.2943e-01,  1.6027e-01,
         -1.4942e-01],
        [-2.9791e-01, -2.1365e-01,  2.6111e-02,  2.5028e-01,  1.6496e-01,
          1.7423e-01,  9.9921e-02,  9.7276e-02,  1.7684e-01,  1.2220e-01,
          3.2077e-02,  1.4643e-01, -1.5659e-01, -2.9155e-01,  6.1505e-01,
         -8.5163e-02],
        [ 2.9698e-01,  2.3177e-01,  1.7707e-01, -3.4309e-01, -3.8744e-01,
         -1.6383e-02, -7.7910e-02, -1.3629e-02, -3.8659e-01, -1.7039e-01,
          1.8146e-01,  2.7582e-01,  3.3680e-01,  2.6721e-01, -1.8779e-01,
         -5.0466e-02],
        [-2.7262e-01,  4.7212e-02, -2.1561e-01,  1.2578e-01,  1.5487e-01,
          2.7750e-01,  2.5940e-01,  2.8476e-01,  1.4356e-01,  2.6595e-01,
         -5.6795e-02, -2.2587e-01, -1.4757e-01, -1.8622e-01,  3.0209e-01,
         -1.4940e-01],
        [ 2.1811e-01,  1.0733e-01,  1.2728e-01, -2.6816e-01, -2.6069e-01,
         -3.6172e-01, -2.6818e-01, -1.3145e-02, -4.3548e-01, -9.1159e-02,
          3.0842e-02, -8.4618e-02,  1.9775e-01,  2.5325e-01, -7.3363e-02,
          1.7049e-01],
        [ 3.6306e-01,  1.3331e-01,  2.4906e-01, -8.6293e-02, -3.8671e-01,
         -2.1876e-01, -3.4907e-01, -1.7119e-02, -8.2626e-02, -2.6351e-01,
          9.6297e-02,  2.4603e-01, -4.2774e-02,  1.2175e-01, -1.1443e-01,
          1.7740e-01],
        [-1.6681e-01,  6.9228e-02, -2.4937e-02, -7.6698e-02,  3.1395e-01,
         -5.4077e-02,  2.9369e-01,  3.8809e-01,  1.9410e-01,  6.1257e-02,
         -9.8268e-02, -2.6311e-01, -2.0075e-01, -2.0946e-01,  4.6637e-01,
         -2.3935e-01],
        [-8.3622e-02, -3.3116e-01, -4.6897e-02,  3.9513e-01,  6.0376e-02,
          1.1718e-01,  2.6179e-01,  1.7767e-03,  7.7847e-02,  2.7274e-01,
          2.1991e-01, -2.7978e-01, -2.1825e-01, -3.9366e-01,  1.4895e-02,
          5.6765e-02],
        [ 3.6088e-01,  1.7019e-02,  4.0573e-02, -1.6651e-01, -5.3000e-02,
         -3.9061e-01, -2.9282e-01, -2.6375e-01, -2.8305e-01, -1.5646e-01,
          1.9561e-01,  2.1591e-01, -6.8078e-02,  3.2546e-01,  1.8669e-02,
          2.0995e-01],
        [ 2.2808e-01,  1.7159e-01,  3.0970e-01, -3.5167e-01, -2.1965e-01,
         -1.3767e-01, -1.4775e-01, -2.7328e-01, -3.5323e-01, -2.9848e-01,
          1.2970e-02,  3.1731e-01,  2.4839e-01,  1.1180e-01, -2.0766e-01,
         -6.8106e-03],
        [ 2.1333e-01, -1.0220e-01,  1.6455e-01, -1.3197e-01, -1.0781e-02,
         -2.4801e-01,  4.4920e-02, -2.1906e-01, -3.9896e-01,  5.2599e-02,
          2.0990e-01,  6.4662e-03,  6.9226e-02,  2.7786e-01, -4.3949e-01,
          3.4055e-01],
        [ 3.3188e-02,  3.4760e-02,  6.8104e-02,  8.5690e-02, -2.7258e-01,
         -2.0110e-01, -1.2330e-02, -3.6726e-01, -1.8644e-01, -3.4589e-01,
         -2.6846e-01,  1.0402e-01,  1.9657e-01,  3.3656e-01, -5.0003e-01,
          6.8378e-02],
        [ 2.0622e-01,  1.6026e-01,  2.7549e-01, -3.4150e-01, -2.1487e-01,
         -8.3956e-02, -3.4274e-01, -4.5563e-02, -3.9982e-01,  1.6540e-02,
          3.9142e-02,  7.8748e-02,  2.2365e-01,  2.7871e-01,  3.2844e-02,
          2.7383e-01],
        [-3.2015e-01, -4.5300e-02,  2.6649e-02,  2.1080e-01,  3.7574e-01,
          1.3760e-02,  3.5842e-01,  2.1728e-01, -2.1996e-02,  1.0296e-01,
          8.6169e-02, -2.7219e-01, -2.3405e-01, -2.2290e-01,  9.8993e-02,
         -1.0774e-01],
        [ 2.8521e-01,  1.5150e-01,  1.1093e-01, -1.2269e-01, -3.2961e-01,
         -2.6791e-01, -1.2842e-01, -3.6085e-01, -3.0710e-02, -9.4714e-02,
          1.0314e-01,  1.2758e-01,  3.4461e-01,  3.2067e-01, -5.1438e-02,
          2.4380e-01],
        [-2.5979e-01,  2.4407e-02, -2.9878e-01,  2.4861e-01, -2.9226e-02,
          1.3725e-01,  3.2244e-01,  3.3222e-01,  3.7581e-01,  2.2672e-01,
          1.4386e-01, -7.9994e-02,  4.2638e-02,  5.1332e-02,  2.2668e-01,
         -2.1257e-01],
        [-2.7168e-01, -1.5769e-01, -2.1872e-02,  1.2611e-02,  2.4171e-01,
          3.6803e-01,  3.6645e-01,  1.1107e-03,  2.5015e-01,  3.1066e-01,
         -2.2774e-01, -1.7163e-03, -3.0935e-01, -2.7539e-01,  7.8005e-02,
         -2.2605e-01],
        [ 3.8856e-02,  1.2891e-01,  2.2440e-01, -3.5968e-02, -4.4580e-02,
         -2.9567e-01, -3.7959e-01, -3.9908e-01, -3.2403e-01, -2.4536e-01,
          9.9269e-02, -3.2005e-02, -4.3283e-02,  2.1881e-01, -3.4030e-01,
          1.7004e-01]], device='cuda:0', requires_grad=True)

Parameter name: road_linear_0.bias
Shape: torch.Size([32])
Values: Parameter containing:
tensor([-0.0779, -0.0384,  0.1253, -0.0729, -0.0564, -0.0317,  0.0923,  0.1429,
        -0.0491, -0.0550,  0.0003,  0.0852,  0.1680,  0.0970, -0.0453, -0.0649,
        -0.1723, -0.0058,  0.0175, -0.0060, -0.0209, -0.0936, -0.0643, -0.0341,
        -0.1249,  0.2710,  0.0913,  0.0373, -0.0949, -0.2332,  0.1768, -0.0367],
       device='cuda:0', requires_grad=True)

Parameter name: road_linear_1.weight
Shape: torch.Size([1, 32])
Values: Parameter containing:
tensor([[-0.2609,  0.3458, -0.2524, -0.2718,  0.3752,  0.4072, -0.3074, -0.3855,
         -0.3519,  0.4012,  0.2789,  0.3960, -0.3041, -0.4339,  0.3264,  0.3159,
         -0.3317,  0.3364, -0.2447, -0.2631,  0.4341,  0.3418, -0.3807, -0.3790,
         -0.4207, -0.3762, -0.3239,  0.3742, -0.3548,  0.3934,  0.2969, -0.2491]],
       device='cuda:0', requires_grad=True)

Parameter name: linear_0.weight
Shape: torch.Size([32, 39])
Values: Parameter containing:
tensor([[-0.0164,  0.1034,  0.0778,  ...,  0.1580, -0.2672, -0.1137],
        [-0.1135, -0.0400,  0.1179,  ...,  0.1305, -0.3140,  0.0871],
        [-0.0024, -0.0406,  0.0312,  ...,  0.0276,  0.2350,  0.0345],
        ...,
        [ 0.0074,  0.0219,  0.0544,  ...,  0.0663, -0.3162, -0.1180],
        [ 0.0933, -0.2209, -0.0539,  ..., -0.3022,  0.1423,  0.1557],
        [-0.1971,  0.1626,  0.0398,  ...,  0.0653, -0.2750, -0.0509]],
       device='cuda:0', requires_grad=True)

Parameter name: linear_0.bias
Shape: torch.Size([32])
Values: Parameter containing:
tensor([ 0.0463,  0.0407, -0.0700, -0.1358, -0.0733,  0.0519, -0.1106,  0.0499,
        -0.0399,  0.0778,  0.0232,  0.0124,  0.0253,  0.0753, -0.0512, -0.0203,
         0.0571, -0.1581, -0.0620,  0.0366, -0.0558,  0.0300,  0.1058,  0.0069,
        -0.0892,  0.0531,  0.0430, -0.1135,  0.0540,  0.1428,  0.1674, -0.1272],
       device='cuda:0', requires_grad=True)

Parameter name: linear_1.weight
Shape: torch.Size([32, 32])
Values: Parameter containing:
tensor([[ 0.0622, -0.1819, -0.1057,  ..., -0.1230, -0.0222,  0.0733],
        [-0.2164, -0.0382,  0.1082,  ..., -0.0519, -0.0059,  0.0462],
        [ 0.1417, -0.0274, -0.1692,  ...,  0.0680, -0.0128,  0.1846],
        ...,
        [ 0.1148,  0.0801,  0.1223,  ...,  0.2347, -0.2061,  0.2324],
        [-0.0117, -0.1506,  0.0537,  ...,  0.0363,  0.2206, -0.1691],
        [-0.0031, -0.1251,  0.1979,  ...,  0.0573,  0.1444, -0.0392]],
       device='cuda:0', requires_grad=True)

Parameter name: linear_1.bias
Shape: torch.Size([32])
Values: Parameter containing:
tensor([ 0.1063,  0.1597, -0.0601, -0.0826, -0.0061, -0.0422, -0.0573, -0.0424,
         0.1342, -0.1776,  0.1135, -0.1293,  0.1922,  0.1032, -0.1260,  0.1340,
        -0.1379, -0.1721,  0.0443, -0.0114, -0.0059,  0.0867, -0.1995,  0.2358,
        -0.0434, -0.0072,  0.0767, -0.0269, -0.1349, -0.0685,  0.1277,  0.0362],
       device='cuda:0', requires_grad=True)

Parameter name: linear_2.weight
Shape: torch.Size([1, 32])
Values: Parameter containing:
tensor([[ 0.4955,  0.4216, -0.4985, -0.4747,  0.3603,  0.3642, -0.4082,  0.3755,
          0.3957, -0.4407, -0.3881,  0.3842,  0.3811,  0.3702,  0.4159,  0.4280,
         -0.4815, -0.4940,  0.3445,  0.3927, -0.4435, -0.4236, -0.4909,  0.3392,
          0.4678,  0.4940, -0.4765,  0.4864, -0.4077, -0.4809,  0.4721,  0.4872]],
       device='cuda:0', requires_grad=True)

Parameter name: linear_2.bias
Shape: torch.Size([1])
Values: Parameter containing:
tensor([0.2436], device='cuda:0', requires_grad=True)

