Parameter name: road_linear_0.weight
Shape: torch.Size([32, 16])
Values: Parameter containing:
tensor([[-3.3173e-01,  3.9123e-01, -2.2612e-02,  4.5027e-04,  1.2954e-01,
          1.8660e-01,  2.9464e-01, -5.3801e-02,  1.7233e-01,  2.7235e-01,
          1.1166e-02, -1.5720e-01, -2.9198e-01, -3.7195e-01,  2.0503e-01,
          4.9939e-02],
        [-2.4982e-01, -6.6940e-02, -1.0416e-01, -2.3836e-03, -4.0986e-02,
          2.5128e-01,  1.4036e-01,  1.3952e-01,  3.8159e-01,  1.3718e-01,
          2.2475e-02, -2.5579e-01,  2.2629e-02, -4.9298e-02,  3.1820e-01,
         -8.1808e-02],
        [ 8.1927e-02, -3.9358e-02,  3.8542e-01, -1.3129e-01, -4.8129e-02,
         -3.5527e-01, -2.3922e-02, -3.9434e-01,  6.4376e-02, -8.0724e-02,
          9.8059e-02, -6.1663e-02,  3.8767e-01,  3.2238e-01,  1.1499e-01,
          2.6633e-01],
        [ 2.6824e-01, -2.1651e-01,  8.5166e-02, -8.0521e-02, -2.5886e-02,
         -1.9778e-01, -1.2612e-01, -6.8684e-02, -3.9521e-01, -4.0754e-01,
          8.2997e-02,  3.5353e-01,  2.8600e-01, -1.1584e-01, -1.5592e-01,
          1.5599e-01],
        [-8.7052e-02,  3.5460e-01, -1.6714e-01, -2.5819e-02,  1.3004e-01,
          8.0988e-02,  5.4754e-03,  2.9023e-01,  1.1746e-01,  2.9461e-01,
          6.4009e-02, -1.4850e-01, -2.0420e-02, -2.3764e-01,  2.2478e-01,
         -1.5293e-01],
        [ 4.9994e-03,  3.7148e-01, -3.5415e-01,  3.9939e-01,  2.9314e-01,
         -3.3815e-02,  2.2080e-01, -6.5753e-02,  2.2160e-01,  2.0817e-01,
         -3.1359e-01, -7.0424e-02, -2.1279e-01,  1.4106e-01,  3.1181e-01,
         -7.0024e-02],
        [ 3.6901e-01, -4.5260e-02,  4.1147e-01, -1.9116e-01, -3.5138e-02,
         -2.1561e-01, -1.5833e-01, -2.1630e-01, -2.4076e-01, -2.8828e-02,
          1.1751e-01,  5.6086e-02, -6.9493e-02,  2.2643e-01, -2.5955e-01,
          1.5741e-01],
        [-5.8911e-02,  8.8356e-02,  3.6380e-01, -3.6177e-01, -3.1772e-01,
         -3.0795e-01, -7.0276e-02, -2.5283e-01, -1.8840e-01, -2.2504e-01,
          6.3857e-02,  3.4639e-02,  2.5098e-01, -8.3727e-02, -6.0250e-02,
          3.6064e-01],
        [ 3.6049e-02,  3.4543e-02,  3.0694e-01, -2.5363e-01, -3.5820e-02,
         -3.5353e-01, -1.4328e-01, -8.9242e-02,  5.8320e-02, -3.2104e-01,
         -1.4224e-02,  5.5293e-02, -7.8906e-02,  1.7700e-01, -3.1085e-01,
          1.0009e-01],
        [-2.8219e-01,  1.7010e-01, -9.7625e-02, -1.2324e-02,  4.6390e-02,
          1.5564e-01,  1.5573e-02,  2.1386e-01,  2.4627e-01,  2.4582e-05,
          6.3899e-02,  1.6945e-03, -2.4038e-01, -8.6106e-02,  1.2968e-01,
         -1.9879e-01],
        [-3.5142e-01,  3.5362e-01, -6.3686e-02, -2.8241e-02, -7.1595e-02,
          4.3004e-01,  2.0523e-01,  9.9967e-02,  3.3108e-01,  2.6235e-01,
         -6.7917e-02,  1.2829e-02, -1.7778e-01,  1.0636e-01, -5.3548e-02,
         -3.3319e-01],
        [-1.2404e-01,  1.1290e-01, -2.7108e-02,  9.6309e-02,  1.4063e-01,
          1.2337e-01,  3.3568e-01,  1.3171e-01,  1.4321e-01,  3.5608e-01,
          1.0972e-01,  6.8965e-02, -4.0096e-01, -2.5473e-01,  4.2554e-02,
         -2.1157e-01],
        [ 3.3292e-01, -6.0862e-02,  1.7179e-01, -1.8200e-01, -9.1526e-02,
          1.0781e-02, -6.1038e-02, -3.0453e-01, -3.1241e-01, -1.2083e-01,
          1.1233e-01,  3.8822e-02, -5.4835e-02,  1.8529e-01, -1.9732e-01,
          3.8493e-02],
        [ 2.0975e-01,  1.0121e-01,  3.7414e-01, -1.9841e-02, -2.9503e-01,
         -2.6881e-02, -2.1259e-02, -5.7920e-02, -2.0558e-01, -1.7438e-01,
         -2.7554e-02,  1.0806e-01,  1.0888e-01,  7.5856e-02, -3.2381e-01,
          2.4614e-01],
        [-3.7920e-01, -3.3392e-02, -7.5869e-02, -3.2319e-02,  3.5701e-01,
          4.2189e-01,  8.1163e-02,  1.1102e-01, -3.8831e-02,  1.9490e-01,
         -6.4797e-02, -3.1312e-01, -8.2520e-02, -1.3204e-01,  1.4316e-02,
         -1.7094e-01],
        [-6.4025e-02, -3.4517e-01,  2.1381e-01,  6.3140e-02, -2.7999e-01,
         -2.9171e-02, -1.4607e-01, -2.7375e-01, -1.6411e-01, -6.8131e-02,
          1.4032e-01,  4.0795e-01,  1.2906e-01, -3.3272e-02,  1.1784e-01,
          9.8270e-02],
        [ 3.1761e-01,  3.6107e-02,  2.0692e-01, -3.6494e-01, -3.3169e-01,
         -4.8226e-02, -7.8634e-02,  1.3614e-02, -3.5130e-01, -2.0271e-01,
          3.2110e-01,  2.8978e-01,  3.4902e-01,  2.9755e-01, -1.2629e-01,
         -1.7857e-02],
        [-2.9614e-01,  1.8189e-01, -2.5322e-01,  1.5267e-01,  1.0558e-01,
          3.0011e-01,  2.6953e-01,  2.5162e-01,  1.2560e-01,  2.9532e-01,
         -1.7012e-01, -2.3609e-01, -1.6182e-01, -2.2528e-01,  2.3455e-01,
         -1.8310e-01],
        [ 2.3184e-01, -1.4279e-01,  1.5791e-01, -3.0498e-01, -1.6878e-01,
         -3.9048e-01, -2.6326e-01,  4.7134e-02, -3.7638e-01, -1.3346e-01,
          1.6299e-01, -7.8842e-02,  1.9555e-01,  2.7022e-01,  6.5489e-02,
          2.0277e-01],
        [ 3.7566e-01, -1.4355e-01,  2.7798e-01, -1.0197e-01, -2.9407e-01,
         -2.4350e-01, -3.3578e-01,  3.9803e-02, -3.2252e-02, -2.8960e-01,
          9.6526e-02,  2.4853e-01, -5.6576e-02,  1.2793e-01,  2.5750e-02,
          2.0743e-01],
        [-1.7181e-01,  2.8792e-01, -4.4965e-02, -7.0321e-02,  2.4270e-01,
         -4.1881e-02,  2.7615e-01,  3.3741e-01,  1.5236e-01,  7.3030e-02,
         -2.5250e-01, -2.6120e-01, -1.8118e-01, -2.0438e-01,  3.1690e-01,
         -2.5183e-01],
        [-6.0234e-02, -7.6303e-02, -3.9977e-02,  3.7828e-01, -5.4934e-02,
          1.1125e-01,  2.1185e-01, -8.5986e-02, -6.1215e-03,  2.5996e-01,
          1.4427e-01, -2.4830e-01, -1.6250e-01, -3.6346e-01, -1.3557e-01,
          6.2852e-02],
        [ 3.6578e-01, -2.0043e-01,  5.8703e-02, -1.7077e-01,  3.2189e-02,
         -4.0331e-01, -2.7352e-01, -2.0993e-01, -2.3462e-01, -1.6809e-01,
          2.8803e-01,  2.0855e-01, -9.0321e-02,  3.2887e-01,  1.3790e-01,
          2.2565e-01],
        [ 2.6310e-01,  1.0174e-02,  3.5389e-01, -3.8696e-01, -2.0663e-01,
         -1.7278e-01, -1.7111e-01, -2.6626e-01, -3.4559e-01, -3.4099e-01,
          6.6571e-02,  3.4312e-01,  2.7990e-01,  1.4514e-01, -1.7238e-01,
          3.8152e-02],
        [ 1.9414e-01, -3.8514e-01,  1.6127e-01, -1.1711e-01,  1.1208e-01,
         -2.4511e-01,  8.9761e-02, -1.3370e-01, -3.2232e-01,  6.0452e-02,
          3.4463e-01, -2.3097e-02,  1.4116e-02,  2.3879e-01, -2.4874e-01,
          3.3367e-01],
        [ 3.8009e-02, -2.1734e-01,  9.0772e-02,  7.8128e-02, -1.9994e-01,
         -2.0982e-01, -3.0658e-04, -3.0909e-01, -1.5044e-01, -3.5969e-01,
         -1.2753e-01,  1.0176e-01,  1.7363e-01,  3.2711e-01, -3.1404e-01,
          8.2981e-02],
        [ 2.2398e-01, -3.3351e-02,  3.0729e-01, -3.5815e-01, -1.4530e-01,
         -1.0969e-01, -3.3569e-01, -6.5017e-03, -3.6581e-01, -9.4420e-03,
          1.6354e-01,  8.9248e-02,  2.2254e-01,  3.1100e-01,  1.1753e-01,
          3.0223e-01],
        [-3.1670e-01,  2.2374e-01,  1.3873e-02,  2.1206e-01,  2.7453e-01,
          2.4414e-02,  3.3105e-01,  1.4511e-01, -7.6948e-02,  1.1205e-01,
          8.9548e-02, -2.6170e-01, -2.0542e-01, -2.1773e-01, -4.0145e-02,
         -1.2121e-01],
        [ 3.0636e-01, -8.4199e-02,  1.4532e-01, -1.4296e-01, -2.7228e-01,
         -2.9471e-01, -1.2587e-01, -3.2441e-01, -2.6733e-03, -1.2653e-01,
          1.3608e-01,  1.3916e-01,  3.4353e-01,  3.2984e-01,  4.5379e-02,
          2.7542e-01],
        [-2.7288e-01,  2.1093e-01, -3.2617e-01,  2.6159e-01, -1.0253e-01,
          1.5170e-01,  3.1546e-01,  2.8479e-01,  3.4289e-01,  2.4281e-01,
          5.0054e-02, -7.8849e-02,  5.2219e-02,  4.3356e-02,  9.8895e-02,
         -2.3492e-01],
        [-2.8514e-01,  7.4615e-02, -4.7969e-02,  2.7212e-02,  1.6398e-01,
          3.9237e-01,  3.5542e-01, -4.6617e-02,  2.0622e-01,  3.3448e-01,
         -3.5522e-01, -6.1781e-03, -3.0130e-01, -2.8935e-01, -2.4443e-02,
         -2.5198e-01],
        [ 6.2423e-02, -6.2568e-02,  2.6701e-01, -7.4787e-02,  4.5380e-02,
         -3.2960e-01, -3.8335e-01, -3.4053e-01, -2.7955e-01, -2.9105e-01,
          2.1210e-01, -1.8577e-02, -3.3304e-02,  2.7205e-01, -2.4317e-01,
          2.1147e-01]], device='cuda:0', requires_grad=True)

Parameter name: road_linear_0.bias
Shape: torch.Size([32])
Values: Parameter containing:
tensor([-0.0926,  0.0337,  0.0546, -0.0853,  0.0417, -0.0826,  0.0625,  0.1228,
        -0.0691,  0.0084,  0.0245,  0.0889,  0.1197,  0.0534,  0.0564,  0.0667,
        -0.0890,  0.0132,  0.0583,  0.0084, -0.0361, -0.0540, -0.0427, -0.0160,
        -0.1219,  0.1426,  0.1314,  0.0500, -0.0899, -0.1736,  0.0694, -0.0312],
       device='cuda:0', requires_grad=True)

Parameter name: road_linear_1.weight
Shape: torch.Size([1, 32])
Values: Parameter containing:
tensor([[ 0.1619,  0.2478, -0.1803, -0.1952,  0.2434,  0.2951, -0.2326, -0.3342,
         -0.2370,  0.2895,  0.2003,  0.3237, -0.1755, -0.3370,  0.2468, -0.1855,
         -0.2534,  0.2800, -0.1738, -0.2025,  0.3343,  0.2144, -0.3212, -0.3313,
         -0.2713, -0.2700, -0.2677,  0.2857, -0.2974,  0.3333,  0.2374, -0.1782]],
       device='cuda:0', requires_grad=True)

Parameter name: linear_0.weight
Shape: torch.Size([32, 39])
Values: Parameter containing:
tensor([[-0.0312,  0.0887,  0.1026,  ...,  0.0305, -0.1915, -0.1137],
        [-0.1185, -0.0616,  0.1360,  ..., -0.0039, -0.2491,  0.0871],
        [-0.0117,  0.0053,  0.0492,  ...,  0.1138,  0.1701,  0.0345],
        ...,
        [ 0.1189, -0.1342, -0.0343,  ..., -0.1004, -0.0585, -0.1180],
        [ 0.0924, -0.1890, -0.0672,  ..., -0.1629,  0.0658,  0.1557],
        [-0.1942,  0.1335,  0.0868,  ..., -0.0366, -0.1759, -0.0509]],
       device='cuda:0', requires_grad=True)

Parameter name: linear_0.bias
Shape: torch.Size([32])
Values: Parameter containing:
tensor([ 1.8936e-02,  2.6207e-02, -7.5693e-02, -1.5658e-01, -8.7860e-02,
         7.7138e-02, -8.6190e-02,  4.4474e-02, -6.7751e-03,  5.2318e-02,
         1.2703e-02,  1.7961e-02, -5.6778e-02,  9.9030e-02, -3.6479e-02,
        -1.2833e-02,  3.7290e-02, -1.8261e-01, -7.1766e-02,  7.4395e-02,
        -3.9083e-02, -1.7690e-04,  1.2734e-01,  1.4765e-02, -1.1702e-01,
         1.3186e-01,  5.3496e-02, -1.1116e-01,  2.1515e-02,  1.9950e-01,
         1.8323e-01, -1.4234e-01], device='cuda:0', requires_grad=True)

Parameter name: linear_1.weight
Shape: torch.Size([32, 32])
Values: Parameter containing:
tensor([[ 0.1078, -0.1374, -0.1362,  ...,  0.0368, -0.0801,  0.0916],
        [-0.1629,  0.0163,  0.0536,  ...,  0.1325, -0.0658,  0.0777],
        [ 0.0837, -0.0922, -0.1122,  ..., -0.1196,  0.0520,  0.1439],
        ...,
        [ 0.0799,  0.0469,  0.1433,  ...,  0.0822, -0.1522,  0.2255],
        [ 0.0343, -0.0935,  0.0061,  ...,  0.2154,  0.1673, -0.1367],
        [ 0.0455, -0.0737,  0.1609,  ...,  0.2142,  0.0841, -0.0140]],
       device='cuda:0', requires_grad=True)

Parameter name: linear_1.bias
Shape: torch.Size([32])
Values: Parameter containing:
tensor([ 1.0918e-01,  1.5398e-01, -4.2207e-02, -9.7043e-02,  7.4599e-05,
        -2.0910e-02, -6.1412e-02, -3.7756e-02,  1.4903e-01, -1.6742e-01,
         1.0623e-01, -1.1041e-01,  1.9381e-01,  9.1511e-02, -1.2502e-01,
         1.1530e-01, -1.5039e-01, -1.7689e-01,  6.1896e-02,  8.0999e-03,
        -1.3025e-02,  8.9576e-02, -2.0947e-01,  2.1866e-01, -4.0745e-02,
        -1.3304e-03,  7.2386e-02, -2.3337e-02, -1.4520e-01, -8.3288e-02,
         1.1632e-01,  3.2457e-02], device='cuda:0', requires_grad=True)

Parameter name: linear_2.weight
Shape: torch.Size([1, 32])
Values: Parameter containing:
tensor([[ 0.2614,  0.1790, -0.2334, -0.2347,  0.0737,  0.0959, -0.1486,  0.1097,
          0.1725, -0.1961, -0.1248,  0.1414,  0.1432,  0.1261,  0.1775,  0.1589,
         -0.2591, -0.2639,  0.1114,  0.1123, -0.1817, -0.1599, -0.2518,  0.1216,
          0.1994,  0.2650, -0.2358,  0.2228, -0.1602, -0.2514,  0.2113,  0.2452]],
       device='cuda:0', requires_grad=True)

Parameter name: linear_2.bias
Shape: torch.Size([1])
Values: Parameter containing:
tensor([0.0661], device='cuda:0', requires_grad=True)

