Parameter name: road_linear_0.weight
Shape: torch.Size([32, 16])
Values: Parameter containing:
tensor([[-0.3157,  0.4990,  0.0608, -0.0539,  0.3787,  0.2017,  0.4046,  0.1588,
          0.3744,  0.1897,  0.1099, -0.3220, -0.4125, -0.2883,  0.3842,  0.0982],
        [-0.1163, -0.1410,  0.0583, -0.1216,  0.1551,  0.2277,  0.0579,  0.3552,
          0.7236, -0.0370,  0.2644, -0.4592,  0.0526,  0.1071,  0.6959,  0.0637],
        [ 0.1624, -0.2344,  0.3552, -0.1056, -0.3627, -0.3547, -0.2285, -0.6386,
         -0.1859, -0.0531,  0.1195,  0.1635,  0.6507,  0.3014, -0.1235,  0.2753],
        [ 0.0651, -0.1278, -0.1303,  0.0817, -0.1579, -0.1398, -0.0029, -0.2497,
         -0.7039, -0.1876, -0.1877,  0.4923,  0.1986, -0.3358, -0.4476, -0.0423],
        [ 0.0682,  0.2837,  0.0167, -0.1544,  0.2968,  0.0456, -0.0494,  0.5001,
          0.4435,  0.1029,  0.3043, -0.2983,  0.0190, -0.0608,  0.5294, -0.0009],
        [-0.0961,  0.5308, -0.3385,  0.3837,  0.5713, -0.0064,  0.4254,  0.1615,
          0.3937,  0.1951, -0.2970, -0.2581, -0.4067,  0.1503,  0.4740, -0.0924],
        [ 0.2085, -0.0437,  0.2222, -0.0537, -0.2207, -0.1590, -0.1021, -0.4109,
         -0.5480,  0.1551, -0.0925,  0.2167, -0.0708,  0.0369, -0.5120, -0.0030],
        [-0.2025,  0.0477,  0.1826, -0.2269, -0.5180, -0.2381, -0.0283, -0.4470,
         -0.4736, -0.0508, -0.1162,  0.2035,  0.2773, -0.2626, -0.3054,  0.2098],
        [-0.1072,  0.0604,  0.1368, -0.1284, -0.2860, -0.3012, -0.0630, -0.3291,
         -0.3349, -0.1388, -0.2686,  0.2916, -0.1031,  0.0066, -0.6726, -0.0499],
        [-0.1466,  0.1042,  0.0664, -0.1283,  0.2432,  0.1274, -0.0419,  0.4454,
          0.6129, -0.1723,  0.3084, -0.1972, -0.2170,  0.0710,  0.4845, -0.0578],
        [-0.2711,  0.4491,  0.0659, -0.1212,  0.1786,  0.3801,  0.2376,  0.3132,
          0.6184,  0.1321,  0.0657, -0.1766, -0.2681,  0.2360,  0.1945, -0.2351],
        [ 0.0277,  0.1111,  0.1572, -0.0434,  0.3676,  0.0579,  0.2588,  0.3521,
          0.4914,  0.1688,  0.3547, -0.1317, -0.3947, -0.0666,  0.3459, -0.0504],
        [ 0.2100, -0.0399,  0.0104, -0.0761, -0.2872,  0.0323, -0.0518, -0.5228,
         -0.6428,  0.0383, -0.0958,  0.2042, -0.0437,  0.0340, -0.4747, -0.0833],
        [ 0.0463,  0.1784,  0.1855,  0.1192, -0.4709,  0.0082,  0.0657, -0.2703,
         -0.5667,  0.0193, -0.2897,  0.2917,  0.0632, -0.1094, -0.6504,  0.0795],
        [-0.2168, -0.0902,  0.1064, -0.1658,  0.5559,  0.3646, -0.0168,  0.3221,
          0.3134,  0.0039,  0.1902, -0.5069, -0.0337,  0.0527,  0.3448, -0.0095],
        [-0.1352, -0.3511,  0.0941,  0.1325, -0.4969, -0.0294, -0.1924, -0.4918,
         -0.4477,  0.0530, -0.0314,  0.5747,  0.1740, -0.1423, -0.1241,  0.0226],
        [ 0.0986,  0.0907, -0.0215, -0.1825, -0.4741,  0.0214,  0.0555, -0.1678,
         -0.6545,  0.0265,  0.0509,  0.4412,  0.2730,  0.0524, -0.3943, -0.2290],
        [-0.2176,  0.2797, -0.1242,  0.0483,  0.2945,  0.2552,  0.3148,  0.4135,
          0.2549,  0.1746, -0.0779, -0.3614, -0.2345, -0.0939,  0.3842, -0.0791],
        [ 0.2659, -0.3297,  0.0778, -0.2293, -0.4528, -0.3615, -0.4077, -0.1876,
         -0.5974, -0.0652,  0.1628,  0.1308,  0.4240,  0.1964, -0.1690,  0.1620],
        [ 0.4195, -0.3173,  0.2123, -0.0461, -0.6050, -0.2323, -0.4990, -0.2031,
         -0.2540, -0.2282,  0.0855,  0.4578,  0.1505,  0.0621, -0.2084,  0.1776],
        [-0.0601,  0.2509,  0.1017, -0.1771,  0.3810, -0.0587,  0.2797,  0.5003,
          0.3487, -0.0694, -0.0565, -0.3487, -0.1709, -0.0622,  0.4740, -0.1348],
        [-0.0191,  0.0351,  0.0565,  0.3126,  0.2968,  0.1074,  0.2494,  0.1944,
          0.3737,  0.1534,  0.3074, -0.5221, -0.2930, -0.2668,  0.2171,  0.1314],
        [ 0.3996, -0.3693, -0.0106, -0.1090, -0.2506, -0.3758, -0.4196, -0.4326,
         -0.4471, -0.1051,  0.2805,  0.4099,  0.1164,  0.2616, -0.0844,  0.1901],
        [ 0.0212,  0.0671,  0.1110, -0.1930, -0.3067, -0.0867, -0.0266, -0.4129,
         -0.5677, -0.1015, -0.1838,  0.4467,  0.1816, -0.1104, -0.3949, -0.1871],
        [ 0.0451, -0.3559, -0.0139,  0.0081, -0.0836, -0.1982,  0.1421, -0.3460,
         -0.7005,  0.2401,  0.1078,  0.1585, -0.0046,  0.0631, -0.5556,  0.1821],
        [-0.1271, -0.1239, -0.1036,  0.2145, -0.3187, -0.1723,  0.0670, -0.4946,
         -0.4453, -0.1633, -0.3675,  0.2051,  0.1187,  0.1432, -0.5969, -0.0747],
        [ 0.3729, -0.2152,  0.3024, -0.3361, -0.4602, -0.1298, -0.5953, -0.2681,
         -0.5933, -0.0074,  0.2291,  0.2997,  0.4965,  0.3191, -0.1120,  0.3398],
        [-0.2125,  0.2603,  0.1639,  0.1040,  0.5224, -0.0092,  0.3247,  0.3641,
          0.2154, -0.0403,  0.2813, -0.4498, -0.2530, -0.0685,  0.2222, -0.0013],
        [ 0.1827, -0.1509, -0.0159, -0.0162, -0.4736, -0.2287, -0.0927, -0.5074,
         -0.2352,  0.0295, -0.0283,  0.3026,  0.3919,  0.1597, -0.1773,  0.1396],
        [-0.3452,  0.3761, -0.2855,  0.2329,  0.1766,  0.1564,  0.5030,  0.5031,
          0.5291,  0.2110,  0.0537, -0.2626, -0.1437,  0.0713,  0.2756, -0.2336],
        [-0.2979,  0.2447,  0.0355, -0.0513,  0.4417,  0.3627,  0.4759,  0.1808,
          0.4237,  0.2575, -0.3394, -0.2095, -0.5159, -0.2040,  0.2069, -0.2007],
        [-0.1125, -0.0698,  0.0675,  0.0752, -0.1275, -0.2501, -0.3091, -0.5323,
         -0.5673, -0.0954,  0.0064,  0.1369, -0.0493,  0.0688, -0.4971,  0.0400]],
       device='cuda:0', requires_grad=True)

Parameter name: road_linear_0.bias
Shape: torch.Size([32])
Values: Parameter containing:
tensor([-0.1188,  0.1397,  0.2092, -0.2081,  0.1739, -0.1726, -0.0123,  0.1356,
        -0.1214,  0.1313, -0.0582,  0.1015, -0.0334, -0.0878,  0.1431, -0.0293,
        -0.1639, -0.0827,  0.2215,  0.1446,  0.0874, -0.1061,  0.1137, -0.0994,
        -0.2083, -0.0316,  0.2502,  0.0518, -0.0035, -0.2723, -0.0956, -0.0498],
       device='cuda:0', requires_grad=True)

Parameter name: road_linear_1.weight
Shape: torch.Size([1, 32])
Values: Parameter containing:
tensor([[ 0.5268,  0.6693, -0.4546, -0.5748,  0.6473,  0.6196, -0.5887, -0.6581,
         -0.5932,  0.7044,  0.5173,  0.6834, -0.5902, -0.7482,  0.6048, -0.5846,
         -0.6112,  0.5902, -0.4267, -0.4621,  0.7367,  0.5142, -0.5739, -0.6789,
         -0.6427, -0.6749, -0.5279,  0.6461, -0.6012,  0.6429,  0.4813, -0.5169]],
       device='cuda:0', requires_grad=True)

Parameter name: linear_0.weight
Shape: torch.Size([32, 39])
Values: Parameter containing:
tensor([[-0.0230,  0.1006,  0.0538,  ...,  0.1931, -0.5343, -0.1137],
        [-0.1390, -0.0355,  0.1398,  ...,  0.0539, -0.4927,  0.0871],
        [ 0.0277, -0.0404,  0.0225,  ...,  0.0642,  0.4898,  0.0345],
        ...,
        [ 0.1396, -0.1574, -0.0409,  ..., -0.1696,  0.2047, -0.1180],
        [ 0.1126, -0.2142, -0.0743,  ..., -0.2304,  0.3554,  0.1557],
        [-0.2182,  0.1815,  0.0695,  ...,  0.0821, -0.4777, -0.0509]],
       device='cuda:0', requires_grad=True)

Parameter name: linear_0.bias
Shape: torch.Size([32])
Values: Parameter containing:
tensor([ 0.0852,  0.0280, -0.0616, -0.1360, -0.0847,  0.0417, -0.0842,  0.0708,
        -0.0390,  0.0479,  0.0506,  0.0169, -0.0249,  0.1058, -0.0226, -0.0168,
         0.0527, -0.1657, -0.0013,  0.0927, -0.0939, -0.0023,  0.1188,  0.0550,
        -0.1097,  0.1128,  0.0597, -0.1527,  0.0454,  0.1977,  0.1816, -0.1036],
       device='cuda:0', requires_grad=True)

Parameter name: linear_1.weight
Shape: torch.Size([32, 32])
Values: Parameter containing:
tensor([[ 0.0935, -0.2177,  0.0020,  ...,  0.1087, -0.0030,  0.0637],
        [-0.1900, -0.0610,  0.2031,  ...,  0.2040,  0.0110,  0.0362],
        [ 0.1315, -0.0294, -0.2424,  ..., -0.1788, -0.0165,  0.2116],
        ...,
        [ 0.1383,  0.0902,  0.0235,  ...,  0.0420, -0.2293,  0.3296],
        [ 0.0480, -0.2239,  0.1496,  ...,  0.3315,  0.2713, -0.1321],
        [ 0.0151, -0.1356,  0.2860,  ...,  0.2717,  0.1497, -0.0588]],
       device='cuda:0', requires_grad=True)

Parameter name: linear_1.bias
Shape: torch.Size([32])
Values: Parameter containing:
tensor([ 0.1534,  0.1943, -0.0682, -0.1591,  0.0406, -0.0032, -0.0998,  0.0622,
         0.2163, -0.1774,  0.1355, -0.1847,  0.2443,  0.0729, -0.0620,  0.2166,
         0.0132, -0.1946,  0.0656,  0.0715, -0.0869,  0.0623, -0.2370,  0.2306,
         0.0136, -0.0833,  0.0806,  0.0098, -0.1996, -0.0818,  0.2060,  0.0600],
       device='cuda:0', requires_grad=True)

Parameter name: linear_2.weight
Shape: torch.Size([1, 32])
Values: Parameter containing:
tensor([[ 1.0795,  1.0065, -1.0661, -1.0448,  0.9135,  0.9302, -0.9813,  0.8967,
          0.9631, -1.0316, -0.9443,  0.9481,  0.9466,  0.9566,  0.9697,  0.9432,
         -1.0619, -1.0886,  0.9424,  0.9320, -0.9920, -0.9905, -1.0954,  0.9473,
          1.0339,  1.0698, -1.0669,  1.0449, -0.9848, -1.0867,  0.9922,  1.0656]],
       device='cuda:0', requires_grad=True)

Parameter name: linear_2.bias
Shape: torch.Size([1])
Values: Parameter containing:
tensor([0.8192], device='cuda:0', requires_grad=True)

