Parameter name: road_linear_0.weight
Shape: torch.Size([32, 16])
Values: Parameter containing:
tensor([[ 1.1384e-02,  6.2026e-03,  3.2221e-01, -3.4827e-01, -2.1083e-01,
         -1.7957e-01, -5.6703e-02, -3.8788e-01, -2.0780e-01, -8.7128e-02,
         -8.7102e-02,  2.0271e-01,  8.0041e-02, -3.4010e-02, -8.8223e-02,
          3.9426e-01],
        [-2.5430e-01,  2.0086e-02, -1.0644e-01,  1.5875e-02,  3.3812e-03,
          2.5722e-01,  1.5916e-01,  1.6354e-01,  4.2610e-01,  1.4680e-01,
          3.1154e-01, -2.6780e-01, -1.7614e-02, -6.8566e-02,  3.8825e-01,
         -9.6276e-02],
        [ 8.5141e-02, -1.2838e-01,  3.8584e-01, -1.3244e-01, -8.4502e-02,
         -3.5842e-01, -4.0260e-02, -4.1001e-01,  6.2890e-03, -7.8983e-02,
         -1.8400e-01, -5.0352e-02,  4.2107e-01,  3.5424e-01,  2.1198e-02,
          2.7822e-01],
        [ 2.7084e-01, -2.8490e-01,  8.5492e-02, -9.3583e-02, -8.0170e-02,
         -2.0321e-01, -1.4485e-01, -9.4900e-02, -4.4561e-01, -4.1714e-01,
         -1.6117e-01,  3.6818e-01,  3.1811e-01, -9.1702e-02, -2.3875e-01,
          1.6885e-01],
        [-8.8894e-02,  4.3441e-01, -1.6669e-01, -9.6947e-03,  1.7341e-01,
          8.4777e-02,  2.0072e-02,  3.0933e-01,  1.6033e-01,  3.0179e-01,
          3.4495e-01, -1.5741e-01, -5.5314e-02, -2.5445e-01,  2.9395e-01,
         -1.6587e-01],
        [ 3.2269e-03,  4.5166e-01, -3.5353e-01,  4.1372e-01,  3.3860e-01,
         -2.9224e-02,  2.3489e-01, -4.4387e-02,  2.6181e-01,  2.1394e-01,
         -8.0592e-02, -8.1636e-02, -2.5312e-01,  1.2028e-01,  3.8936e-01,
         -8.1548e-02],
        [ 3.6983e-01, -1.0847e-01,  4.0943e-01, -2.0505e-01, -8.8173e-02,
         -2.2110e-01, -1.7030e-01, -2.3985e-01, -2.8441e-01, -3.9101e-02,
         -8.2523e-02,  7.0634e-02, -3.3673e-02,  2.5534e-01, -3.6040e-01,
          1.6665e-01],
        [-6.0358e-02,  5.1156e-02,  3.5940e-01, -3.7406e-01, -3.6717e-01,
         -3.0966e-01, -7.8135e-02, -2.6913e-01, -2.2627e-01, -2.3117e-01,
         -1.2842e-01,  4.4058e-02,  2.8472e-01, -6.0833e-02, -1.4027e-01,
          3.6843e-01],
        [ 3.8149e-02, -4.8390e-02,  3.0707e-01, -2.6948e-01, -7.7565e-02,
         -3.5613e-01, -1.5880e-01, -1.0743e-01,  1.5786e-02, -3.2788e-01,
         -2.9361e-01,  6.3230e-02, -4.2413e-02,  1.9476e-01, -3.7020e-01,
          1.1383e-01],
        [-2.8664e-01,  2.5231e-01, -9.9865e-02,  7.8270e-03,  9.2275e-02,
          1.6247e-01,  3.4261e-02,  2.3555e-01,  2.9341e-01,  1.0167e-02,
          3.6602e-01, -9.7810e-03, -2.7983e-01, -1.0562e-01,  1.9189e-01,
         -2.1325e-01],
        [-3.5657e-01,  4.3595e-01, -6.7181e-02, -1.3073e-02, -1.9617e-02,
          4.3579e-01,  2.3122e-01,  1.2825e-01,  3.7751e-01,  2.7039e-01,
          2.0199e-01, -1.6486e-03, -2.0276e-01,  8.4746e-02,  8.2425e-03,
         -3.4892e-01],
        [-1.2369e-01,  1.7649e-01, -2.4581e-02,  1.0944e-01,  1.8789e-01,
          1.2477e-01,  3.4973e-01,  1.4884e-01,  1.9091e-01,  3.6081e-01,
          3.2891e-01,  6.0754e-02, -4.3434e-01, -2.7488e-01,  9.0183e-02,
         -2.2291e-01],
        [ 3.4482e-01, -1.5593e-01,  1.8026e-01, -2.0813e-01, -1.4388e-01,
          1.5157e-03, -8.5079e-02, -3.3629e-01, -3.5999e-01, -1.3379e-01,
         -1.8493e-01,  5.2973e-02, -2.6822e-02,  2.0010e-01, -2.7730e-01,
          6.0751e-02],
        [ 2.0881e-01,  2.8646e-02,  3.7053e-01, -3.2630e-02, -3.3464e-01,
         -2.8473e-02, -3.0096e-02, -7.4601e-02, -2.4144e-01, -1.7825e-01,
         -2.9982e-01,  1.1547e-01,  1.4278e-01,  9.3525e-02, -3.8981e-01,
          2.5478e-01],
        [-3.8038e-01,  4.7920e-02, -7.4407e-02, -1.8728e-02,  3.9936e-01,
          4.2591e-01,  9.4322e-02,  1.2961e-01,  1.7867e-03,  2.0224e-01,
          2.0991e-01, -3.2399e-01, -1.1827e-01, -1.5021e-01,  8.4741e-02,
         -1.8172e-01],
        [-4.8945e-02, -4.3722e-01,  2.2659e-01,  2.8268e-02, -3.4642e-01,
         -5.0209e-02, -1.7985e-01, -3.1091e-01, -2.3296e-01, -9.1258e-02,
         -1.6573e-01,  4.3173e-01,  1.8961e-01, -3.3230e-03,  3.1819e-02,
          1.2578e-01],
        [ 3.1896e-01, -3.5558e-02,  2.0599e-01, -3.7898e-01, -3.8911e-01,
         -5.2212e-02, -9.2763e-02, -1.0521e-02, -4.0038e-01, -2.0743e-01,
          8.4688e-02,  3.0276e-01,  3.8953e-01,  3.2227e-01, -1.9589e-01,
         -4.4000e-03],
        [-2.9649e-01,  1.8122e-01, -2.4944e-01,  1.6434e-01,  1.6212e-01,
          3.1045e-01,  2.7455e-01,  2.7443e-01,  1.6833e-01,  3.0306e-01,
          2.7025e-02, -2.5565e-01, -2.0261e-01, -2.5332e-01,  3.2210e-01,
         -1.9182e-01],
        [ 2.3252e-01, -2.2864e-01,  1.5676e-01, -3.0065e-01, -2.0562e-01,
         -3.9090e-01, -2.8030e-01,  3.6220e-02, -4.3601e-01, -1.2795e-01,
         -1.5510e-01, -6.8647e-02,  2.2931e-01,  3.0695e-01, -1.5472e-02,
          2.1467e-01],
        [ 3.7758e-01, -2.2193e-01,  2.7862e-01, -1.1695e-01, -3.4932e-01,
         -2.4605e-01, -3.5577e-01,  1.7113e-02, -8.2290e-02, -2.9844e-01,
         -1.6743e-01,  2.6057e-01, -2.4857e-02,  1.5316e-01, -4.4412e-02,
          2.2159e-01],
        [-1.7602e-01,  3.5318e-01, -4.7094e-02, -5.3002e-02,  2.8357e-01,
         -3.4924e-02,  2.9007e-01,  3.5682e-01,  1.9182e-01,  8.2252e-02,
          5.4086e-03, -2.7379e-01, -2.2068e-01, -2.2393e-01,  3.8156e-01,
         -2.6660e-01],
        [-6.9851e-02,  4.4485e-03, -4.7459e-02,  4.0325e-01, -1.0661e-02,
          1.2189e-01,  2.3539e-01, -6.2969e-02,  4.4611e-02,  2.7527e-01,
          4.2804e-01, -2.6189e-01, -2.0871e-01, -3.8918e-01, -7.4728e-02,
          4.0446e-02],
        [ 3.6889e-01, -2.7436e-01,  6.0039e-02, -1.8835e-01, -2.6147e-02,
         -4.0773e-01, -2.9238e-01, -2.3301e-01, -2.8275e-01, -1.7633e-01,
          4.0021e-02,  2.2160e-01, -4.8683e-02,  3.5655e-01,  6.1883e-02,
          2.4107e-01],
        [ 2.6183e-01,  6.6218e-02,  3.4824e-01, -3.9901e-01, -2.7044e-01,
         -1.8128e-01, -1.7371e-01, -2.8921e-01, -3.9044e-01, -3.4554e-01,
         -1.0171e-01,  3.6129e-01,  3.2217e-01,  1.7172e-01, -2.4422e-01,
          4.6441e-02],
        [ 2.0998e-01, -4.8214e-01,  1.7467e-01, -1.4961e-01,  4.3784e-02,
         -2.6611e-01,  5.1949e-02, -1.7455e-01, -3.8997e-01,  3.6363e-02,
          4.3847e-02,  2.6522e-03,  7.4035e-02,  2.7267e-01, -3.3053e-01,
          3.5911e-01],
        [ 4.2036e-02, -2.8043e-01,  9.2148e-02,  6.0872e-02, -2.3207e-01,
         -2.1890e-01, -1.1288e-02, -3.2703e-01, -1.8057e-01, -3.6792e-01,
         -3.7599e-01,  1.1310e-01,  1.9941e-01,  3.3974e-01, -3.8929e-01,
          9.6084e-02],
        [ 2.2437e-01, -8.9851e-02,  3.0664e-01, -3.7404e-01, -2.0180e-01,
         -1.0834e-01, -3.5291e-01, -2.4609e-02, -4.1360e-01, -1.5096e-02,
         -7.6076e-02,  9.6680e-02,  2.5735e-01,  3.3646e-01,  5.1483e-02,
          3.1673e-01],
        [-3.1530e-01,  2.9739e-01,  1.6727e-02,  2.2555e-01,  3.1860e-01,
          2.4653e-02,  3.4392e-01,  1.6041e-01, -3.3800e-02,  1.1636e-01,
          3.2806e-01, -2.6875e-01, -2.3570e-01, -2.3745e-01,  1.5799e-02,
         -1.3196e-01],
        [ 3.0772e-01, -1.1603e-01,  1.4364e-01, -1.5685e-01, -3.2834e-01,
         -3.0012e-01, -1.4004e-01, -3.5022e-01, -5.1430e-02, -1.3072e-01,
         -6.9432e-02,  1.5292e-01,  3.6569e-01,  3.5232e-01, -1.9263e-02,
          2.8809e-01],
        [-2.7136e-01,  2.4374e-01, -3.2132e-01,  2.7359e-01, -4.9159e-02,
          1.5430e-01,  3.2325e-01,  3.0433e-01,  3.8280e-01,  2.4916e-01,
          2.6895e-01, -9.0458e-02,  1.5830e-02,  1.6905e-02,  1.8547e-01,
         -2.4199e-01],
        [-2.8972e-01,  1.5841e-01, -5.0985e-02,  4.4409e-02,  2.2074e-01,
          3.9771e-01,  3.7740e-01, -1.9825e-02,  2.5876e-01,  3.4377e-01,
         -1.0289e-01, -2.0453e-02, -3.4253e-01, -3.1580e-01,  4.5552e-02,
         -2.6959e-01],
        [ 6.7146e-02, -1.4694e-01,  2.6826e-01, -8.0519e-02, -8.7507e-03,
         -3.3527e-01, -4.0436e-01, -3.6560e-01, -3.4408e-01, -2.9512e-01,
         -7.7580e-02,  4.4933e-04,  4.3690e-03,  3.0516e-01, -3.3795e-01,
          2.2562e-01]], device='cuda:0', requires_grad=True)

Parameter name: road_linear_0.bias
Shape: torch.Size([32])
Values: Parameter containing:
tensor([-0.0616,  0.0437, -0.0180, -0.0866,  0.0292, -0.0453,  0.0218,  0.0522,
        -0.0465,  0.0465,  0.0929,  0.0923,  0.0556,  0.0344,  0.1004, -0.0607,
        -0.0508,  0.0069,  0.0025, -0.0312, -0.0379, -0.0507, -0.0499,  0.0042,
        -0.1115,  0.0882,  0.1142,  0.0509, -0.0940, -0.0988,  0.0559, -0.0176],
       device='cuda:0', requires_grad=True)

Parameter name: road_linear_1.weight
Shape: torch.Size([1, 32])
Values: Parameter containing:
tensor([[-0.2022,  0.2827, -0.2087, -0.2244,  0.2871,  0.3374, -0.2581, -0.3485,
         -0.2848,  0.2957,  0.2330,  0.3502, -0.2281, -0.3682,  0.2735, -0.2320,
         -0.2904,  0.2984, -0.2081, -0.2197,  0.3737,  0.2710, -0.3424, -0.3481,
         -0.2561, -0.3112, -0.2931,  0.3240, -0.3185,  0.3528,  0.2644, -0.2059]],
       device='cuda:0', requires_grad=True)

Parameter name: linear_0.weight
Shape: torch.Size([32, 39])
Values: Parameter containing:
tensor([[ 0.0009,  0.1113,  0.0851,  ...,  0.1907, -0.3046, -0.1137],
        [-0.0746, -0.0809,  0.1266,  ...,  0.1020, -0.2968,  0.0871],
        [-0.0417,  0.0031,  0.0446,  ...,  0.0508,  0.2138,  0.0345],
        ...,
        [ 0.0858, -0.1165,  0.0098,  ..., -0.1236, -0.0576, -0.1180],
        [ 0.0459, -0.1728, -0.0595,  ..., -0.2630,  0.1070,  0.1557],
        [-0.1710,  0.1173,  0.0408,  ...,  0.0513, -0.2315, -0.0509]],
       device='cuda:0', requires_grad=True)

Parameter name: linear_0.bias
Shape: torch.Size([32])
Values: Parameter containing:
tensor([ 0.0565,  0.0361, -0.0530, -0.1398, -0.0792,  0.0543, -0.1093,  0.0331,
        -0.0611,  0.0556,  0.0178,  0.0187,  0.0754,  0.0899, -0.0583,  0.0103,
         0.0390, -0.1513,  0.0046, -0.0239, -0.0809,  0.0228,  0.1037,  0.0183,
        -0.1160,  0.1086,  0.0527, -0.0767,  0.0425,  0.1972,  0.1707, -0.1251],
       device='cuda:0', requires_grad=True)

Parameter name: linear_1.weight
Shape: torch.Size([32, 32])
Values: Parameter containing:
tensor([[ 0.0398, -0.1712, -0.1018,  ...,  0.0145, -0.0401,  0.0637],
        [-0.2275, -0.0169,  0.0898,  ...,  0.1197, -0.0276,  0.0508],
        [ 0.1498, -0.0488, -0.1735,  ..., -0.1382,  0.0048,  0.1805],
        ...,
        [ 0.1561,  0.0781,  0.1203,  ...,  0.1206, -0.1940,  0.2555],
        [-0.0251, -0.1379,  0.0696,  ...,  0.2366,  0.2131, -0.1709],
        [-0.0175, -0.1100,  0.2007,  ...,  0.1874,  0.1245, -0.0388]],
       device='cuda:0', requires_grad=True)

Parameter name: linear_1.bias
Shape: torch.Size([32])
Values: Parameter containing:
tensor([ 0.0972,  0.1441, -0.0556, -0.0902,  0.0170, -0.0230, -0.0566, -0.0192,
         0.1089, -0.1655,  0.1507, -0.0968,  0.1880,  0.0657, -0.1116,  0.1222,
        -0.1242, -0.1687,  0.0745,  0.0218, -0.0182,  0.0854, -0.2296,  0.2351,
        -0.0432, -0.0309,  0.0619, -0.0295, -0.1437, -0.0595,  0.1297,  0.0184],
       device='cuda:0', requires_grad=True)

Parameter name: linear_2.weight
Shape: torch.Size([1, 32])
Values: Parameter containing:
tensor([[ 0.3484,  0.2600, -0.3093, -0.3318,  0.1873,  0.1868, -0.2434,  0.2122,
          0.2588, -0.2620, -0.2270,  0.2257,  0.2281,  0.2004,  0.2665,  0.2251,
         -0.3392, -0.3498,  0.2000,  0.2284, -0.2876, -0.2510, -0.3232,  0.1903,
          0.3117,  0.3491, -0.3205,  0.3354, -0.2541, -0.3395,  0.3002,  0.3355]],
       device='cuda:0', requires_grad=True)

Parameter name: linear_2.bias
Shape: torch.Size([1])
Values: Parameter containing:
tensor([0.1235], device='cuda:0', requires_grad=True)

Parameter name: road_linear_0.weight
Shape: torch.Size([32, 16])
Values: Parameter containing:
tensor([[-1.0470e-02,  4.0348e-01,  3.0466e-01, -3.3152e-01, -1.7046e-01,
         -1.4246e-01, -3.6050e-02, -3.5476e-01, -1.9023e-01, -6.3149e-02,
         -3.4382e-02,  1.6385e-01, -2.8385e-01, -6.8572e-02,  3.5020e-02,
          3.7215e-01],
        [-2.4359e-01, -3.9806e-01, -1.0032e-01, -3.8287e-03, -4.0650e-02,
          2.3787e-01,  1.3716e-01,  1.3267e-01,  3.8050e-01,  1.2779e-01,
          3.0491e-01, -2.3572e-01,  3.4540e-01, -3.2691e-02,  2.8297e-01,
         -8.3991e-02],
        [ 7.8802e-02,  2.9946e-01,  3.8323e-01, -1.3032e-01, -7.2285e-02,
         -3.3205e-01, -4.8300e-02, -4.0103e-01,  7.6723e-03, -6.9444e-02,
         -1.5854e-01, -7.5663e-02,  4.8776e-02,  3.4270e-01,  5.5957e-02,
          2.6979e-01],
        [ 2.7921e-01,  1.3038e-01,  9.7678e-02, -9.7235e-02, -5.2628e-02,
         -2.0422e-01, -1.4681e-01, -8.8129e-02, -4.1867e-01, -4.1893e-01,
         -2.2607e-01,  3.5641e-01, -6.0121e-02, -1.0976e-01, -1.4992e-01,
          1.7316e-01],
        [-8.8162e-02,  2.6901e-02, -1.6970e-01, -1.9015e-02,  1.4576e-01,
          7.4798e-02,  1.7145e-02,  2.9305e-01,  1.2924e-01,  2.9160e-01,
          3.5154e-01, -1.3468e-01,  3.0333e-01, -2.3194e-01,  2.3073e-01,
         -1.6399e-01],
        [-7.4165e-03,  5.7295e-02, -3.6727e-01,  4.1560e-01,  3.3098e-01,
         -2.5200e-02,  2.4900e-01, -4.1294e-02,  2.5136e-01,  2.1641e-01,
         -7.6608e-02, -7.3917e-02,  1.0079e-01,  1.2675e-01,  3.5191e-01,
         -9.0421e-02],
        [ 3.6460e-01,  2.5827e-01,  4.0940e-01, -1.9287e-01, -4.7541e-02,
         -2.0456e-01, -1.6345e-01, -2.1633e-01, -2.4678e-01, -2.5941e-02,
         -5.5122e-02,  4.3540e-02, -3.4533e-01,  2.1356e-01, -2.4251e-01,
          1.5849e-01],
        [-6.1822e-02,  3.7123e-01,  3.6268e-01, -3.6611e-01, -3.3462e-01,
         -2.9570e-01, -8.1399e-02, -2.5190e-01, -1.9737e-01, -2.2111e-01,
         -1.0022e-01,  1.9520e-02, -2.5488e-02, -9.1492e-02, -6.9106e-02,
          3.6594e-01],
        [ 2.5717e-02,  3.6138e-01,  2.9986e-01, -2.4652e-01, -3.4749e-02,
         -3.4012e-01, -1.2744e-01, -7.8836e-02,  6.2592e-02, -3.0929e-01,
         -2.8691e-01,  3.3064e-02, -4.0130e-01,  1.5827e-01, -2.3110e-01,
          9.8573e-02],
        [-2.8692e-01, -1.6775e-01, -1.0367e-01, -2.1284e-03,  6.4557e-02,
          1.5301e-01,  3.6097e-02,  2.2029e-01,  2.5975e-01,  2.5104e-04,
          3.6232e-01,  1.1887e-02,  9.1574e-02, -8.4368e-02,  1.2860e-01,
         -2.1263e-01],
        [-3.6085e-01,  7.7344e-03, -7.4933e-02, -1.5141e-02, -5.0653e-02,
          4.2940e-01,  2.2920e-01,  1.1361e-01,  3.5135e-01,  2.6668e-01,
          2.3095e-01,  1.6089e-02,  1.7391e-01,  1.0254e-01, -4.3835e-02,
         -3.5098e-01],
        [-1.2911e-01, -2.0545e-01, -3.2923e-02,  9.9127e-02,  1.6790e-01,
          1.2625e-01,  3.5291e-01,  1.4249e-01,  1.5955e-01,  3.5747e-01,
          4.0813e-01,  7.2937e-02, -7.8509e-02, -2.5863e-01, -2.8437e-02,
         -2.2307e-01],
        [ 3.2751e-01,  3.0126e-01,  1.6689e-01, -1.7929e-01, -8.4440e-02,
          3.5355e-02, -5.4130e-02, -2.9007e-01, -3.0359e-01, -1.0365e-01,
         -1.8356e-01,  6.2898e-03, -4.1434e-01,  1.5854e-01, -1.8155e-01,
          4.2760e-02],
        [ 2.0391e-01,  4.0786e-01,  3.6982e-01, -1.6009e-02, -2.9930e-01,
         -1.7645e-02, -1.5016e-02, -5.5254e-02, -2.0254e-01, -1.6583e-01,
         -2.8532e-01,  9.2044e-02, -1.8657e-01,  6.0221e-02, -2.7040e-01,
          2.4628e-01],
        [-3.7344e-01, -3.6272e-01, -7.3107e-02, -2.8166e-02,  3.5674e-01,
          3.9967e-01,  8.8278e-02,  9.7966e-02, -3.4389e-02,  1.8757e-01,
          1.9886e-01, -2.8955e-01,  2.3737e-01, -1.1765e-01,  1.4251e-02,
         -1.7511e-01],
        [-8.3299e-02,  1.2937e-02,  1.9780e-01,  6.2039e-02, -3.0730e-01,
          9.0135e-04, -1.5589e-01, -2.6258e-01, -1.8281e-01, -5.3456e-02,
         -1.4544e-01,  3.7457e-01, -2.2661e-01, -3.7762e-02,  1.1494e-01,
          9.3163e-02],
        [ 3.2273e-01,  3.3590e-01,  2.1375e-01, -3.6979e-01, -3.6779e-01,
         -5.2359e-02, -9.0663e-02, -5.5231e-03, -3.7034e-01, -2.0357e-01,
          6.3667e-02,  2.8939e-01,  5.0371e-02,  3.0185e-01, -7.8070e-02,
         -5.2775e-03],
        [-3.0068e-01, -7.5759e-02, -2.5760e-01,  1.5943e-01,  1.3743e-01,
          3.0477e-01,  2.8348e-01,  2.6680e-01,  1.4382e-01,  2.9796e-01,
          2.3966e-02, -2.3728e-01,  1.0262e-01, -2.2899e-01,  2.4800e-01,
         -1.9295e-01],
        [ 2.1468e-01,  1.6317e-01,  1.4121e-01, -2.8761e-01, -1.9327e-01,
         -3.5982e-01, -2.8073e-01,  4.9465e-02, -4.3232e-01, -1.0753e-01,
         -1.2282e-01, -9.8964e-02, -1.1870e-01,  2.9376e-01,  2.1437e-02,
          1.9471e-01],
        [ 3.7179e-01,  1.9140e-01,  2.7844e-01, -1.0515e-01, -3.0236e-01,
         -2.3078e-01, -3.3593e-01,  4.5378e-02, -3.9819e-02, -2.8622e-01,
         -1.8293e-01,  2.3041e-01, -3.8898e-01,  1.1726e-01,  8.9730e-02,
          2.1229e-01],
        [-1.8403e-01, -7.7612e-03, -5.8098e-02, -5.4585e-02,  2.7161e-01,
         -3.3206e-02,  2.9558e-01,  3.5635e-01,  1.8122e-01,  8.1980e-02,
          1.5245e-02, -2.6364e-01,  1.0969e-01, -2.1047e-01,  3.3263e-01,
         -2.7213e-01],
        [-6.4873e-02, -4.0675e-01, -4.6871e-02,  3.8898e-01, -4.4414e-02,
          1.0532e-01,  2.2883e-01, -8.3361e-02,  8.7682e-03,  2.6036e-01,
          3.9625e-01, -2.3353e-01,  1.5737e-01, -3.5804e-01, -1.4322e-01,
          4.5671e-02],
        [ 3.6610e-01,  8.9527e-02,  6.1560e-02, -1.7809e-01,  1.0343e-02,
         -3.9292e-01, -2.8635e-01, -2.1110e-01, -2.5061e-01, -1.6528e-01,
          4.6309e-02,  1.9425e-01, -3.7776e-01,  3.2398e-01,  1.4209e-01,
          2.3703e-01],
        [ 2.6417e-01,  2.4917e-01,  3.5507e-01, -3.8838e-01, -2.4026e-01,
         -1.7580e-01, -1.7069e-01, -2.7875e-01, -3.5461e-01, -3.3938e-01,
         -1.5271e-01,  3.3842e-01,  2.1604e-02,  1.4673e-01, -1.4728e-01,
          4.4361e-02],
        [ 2.0534e-01, -4.0640e-02,  1.7416e-01, -1.3529e-01,  7.2200e-02,
         -2.5582e-01,  6.0528e-02, -1.5799e-01, -3.5343e-01,  4.9387e-02,
          4.4025e-02, -2.0442e-02, -3.2308e-01,  2.5073e-01, -2.5340e-01,
          3.5397e-01],
        [ 4.4551e-02,  9.6466e-02,  9.7956e-02,  6.4211e-02, -2.0980e-01,
         -2.0470e-01, -1.3239e-02, -3.1285e-01, -1.6322e-01, -3.6071e-01,
         -3.7151e-01,  9.0340e-02, -1.3249e-01,  3.2230e-01, -3.4463e-01,
          9.8869e-02],
        [ 2.2551e-01,  2.6239e-01,  3.1170e-01, -3.6386e-01, -1.7310e-01,
         -1.0320e-01, -3.4570e-01, -1.3488e-02, -3.8361e-01, -8.2470e-03,
         -6.5004e-02,  7.8513e-02, -7.0507e-02,  3.0881e-01,  1.6075e-01,
          3.1363e-01],
        [-3.1715e-01, -1.0553e-01,  1.1309e-02,  2.1573e-01,  2.9276e-01,
          1.9930e-02,  3.4558e-01,  1.4686e-01, -6.5910e-02,  1.0929e-01,
          3.8047e-01, -2.4970e-01,  1.2133e-01, -2.1684e-01, -7.7256e-02,
         -1.3043e-01],
        [ 3.1217e-01,  2.0187e-01,  1.5182e-01, -1.5062e-01, -2.9996e-01,
         -2.9408e-01, -1.4057e-01, -3.3698e-01, -2.1695e-02, -1.2653e-01,
         -1.1146e-01,  1.3281e-01,  4.6196e-02,  3.3286e-01,  5.5780e-02,
          2.8937e-01],
        [-2.6944e-01, -5.4834e-02, -3.2366e-01,  2.6338e-01, -8.2890e-02,
          1.4311e-01,  3.2240e-01,  2.8661e-01,  3.5140e-01,  2.3871e-01,
          2.3816e-01, -6.5795e-02,  3.1569e-01,  5.1587e-02,  9.5757e-02,
         -2.3787e-01],
        [-2.9450e-01, -2.4131e-01, -5.9686e-02,  3.9885e-02,  1.9569e-01,
          3.9504e-01,  3.7599e-01, -2.8534e-02,  2.3170e-01,  3.4060e-01,
         -8.0621e-02, -5.6300e-03,  1.3584e-02, -2.9655e-01, -3.7630e-02,
         -2.7096e-01],
        [ 4.7570e-02,  2.4820e-01,  2.5333e-01, -6.1978e-02,  1.6246e-02,
         -3.0689e-01, -3.8805e-01, -3.4356e-01, -3.2218e-01, -2.7303e-01,
         -5.2325e-02, -3.4705e-02, -3.4181e-01,  2.8364e-01, -2.0186e-01,
          2.0078e-01]], device='cuda:0', requires_grad=True)

Parameter name: road_linear_0.bias
Shape: torch.Size([32])
Values: Parameter containing:
tensor([-0.0651, -0.0129,  0.0018, -0.0437,  0.0221, -0.2298,  0.0995,  0.1311,
        -0.0480,  0.0014,  0.0500,  0.0815,  0.1322,  0.0788,  0.0571, -0.0295,
        -0.0184, -0.0361,  0.0867, -0.0219, -0.0862, -0.0931, -0.0323,  0.0392,
        -0.0677,  0.1334,  0.1678,  0.0448, -0.0952, -0.1815,  0.0270,  0.0133],
       device='cuda:0', requires_grad=True)

Parameter name: road_linear_1.weight
Shape: torch.Size([1, 32])
Values: Parameter containing:
tensor([[-0.1811,  0.2741, -0.1905, -0.2195,  0.2579,  0.2978, -0.2526, -0.3476,
         -0.2935,  0.2897,  0.2244,  0.3373, -0.2233, -0.3664,  0.2549, -0.1323,
         -0.2843,  0.3029, -0.1882, -0.2107,  0.3465,  0.2825, -0.3411, -0.3508,
         -0.2184, -0.2859, -0.2909,  0.3051, -0.3205,  0.3533,  0.2656, -0.2015]],
       device='cuda:0', requires_grad=True)

Parameter name: linear_0.weight
Shape: torch.Size([32, 39])
Values: Parameter containing:
tensor([[-0.0042,  0.0770,  0.0783,  ...,  0.1887, -0.2975, -0.1137],
        [-0.0838, -0.0701,  0.1196,  ...,  0.1035, -0.2761,  0.0871],
        [-0.1014,  0.1111,  0.1021,  ...,  0.1851,  0.0651,  0.0345],
        ...,
        [ 0.1151, -0.1354, -0.0329,  ..., -0.1778, -0.0399, -0.1180],
        [ 0.0484, -0.1734, -0.0435,  ..., -0.2604,  0.0816,  0.1557],
        [-0.1977,  0.1271,  0.0569,  ...,  0.0666, -0.2271, -0.0509]],
       device='cuda:0', requires_grad=True)

Parameter name: linear_0.bias
Shape: torch.Size([32])
Values: Parameter containing:
tensor([ 0.0485,  0.0360, -0.1013, -0.1520, -0.0784,  0.0146, -0.1057,  0.0376,
        -0.0307,  0.0596,  0.0247,  0.0017, -0.0008,  0.0982, -0.0498, -0.0074,
         0.0444, -0.1644, -0.0007,  0.0764, -0.0609,  0.0219,  0.1094,  0.0171,
        -0.1112,  0.0971,  0.0429, -0.0903,  0.0419,  0.1928,  0.1660, -0.1284],
       device='cuda:0', requires_grad=True)

Parameter name: linear_1.weight
Shape: torch.Size([32, 32])
Values: Parameter containing:
tensor([[ 0.0548, -0.1611, -0.1851,  ...,  0.0343, -0.0483,  0.0653],
        [-0.2170, -0.0094, -0.0199,  ...,  0.1342, -0.0342,  0.0492],
        [ 0.1436, -0.0573, -0.0423,  ..., -0.1356,  0.0102,  0.1824],
        ...,
        [ 0.1308,  0.0653,  0.1910,  ...,  0.0950, -0.1796,  0.2478],
        [-0.0173, -0.1225, -0.0553,  ...,  0.2250,  0.2029, -0.1678],
        [-0.0060, -0.1008,  0.1210,  ...,  0.2134,  0.1195, -0.0431]],
       device='cuda:0', requires_grad=True)

Parameter name: linear_1.bias
Shape: torch.Size([32])
Values: Parameter containing:
tensor([ 0.0996,  0.1439, -0.0422, -0.0907, -0.1117, -0.1688, -0.0525, -0.0379,
         0.1297, -0.1574,  0.1228, -0.1238,  0.1879,  0.0787, -0.1215,  0.1081,
        -0.1394, -0.1706,  0.0683,  0.0056, -0.0069,  0.0920, -0.2056,  0.2066,
        -0.0513, -0.0067,  0.0778, -0.0361, -0.1379, -0.0668,  0.1119,  0.0233],
       device='cuda:0', requires_grad=True)

Parameter name: linear_2.weight
Shape: torch.Size([1, 32])
Values: Parameter containing:
tensor([[ 0.3230,  0.2440, -0.2792, -0.3125, -0.1593, -0.1556, -0.2276,  0.1821,
          0.2278, -0.2431, -0.1906,  0.2073,  0.2170,  0.1749,  0.2296,  0.2119,
         -0.3163, -0.3220,  0.1616,  0.2008, -0.2649, -0.2169, -0.3190,  0.1732,
          0.2810,  0.3398, -0.2936,  0.3060, -0.2266, -0.3199,  0.2804,  0.3241]],
       device='cuda:0', requires_grad=True)

Parameter name: linear_2.bias
Shape: torch.Size([1])
Values: Parameter containing:
tensor([0.0888], device='cuda:0', requires_grad=True)

Parameter name: road_linear_0.weight
Shape: torch.Size([32, 16])
Values: Parameter containing:
tensor([[ 9.9399e-03,  4.0212e-01,  3.2373e-01, -3.4292e-01,  1.3980e-02,
         -1.7563e-01, -5.2946e-02, -3.5436e-01, -1.5331e-01, -8.6207e-02,
          1.1585e-02,  1.3998e-01,  3.5648e-03, -7.3831e-02,  3.0166e-01,
          3.7873e-01],
        [-2.6498e-01, -3.8021e-01, -1.2041e-01,  1.8886e-03, -2.0994e-01,
          2.7322e-01,  1.6600e-01,  1.2459e-01,  3.6733e-01,  1.2871e-01,
          2.4008e-01, -2.3072e-01,  6.4285e-02, -2.0189e-02,  2.6946e-02,
         -9.1481e-02],
        [ 1.0184e-01,  2.9312e-01,  4.0661e-01, -1.4157e-01,  1.7881e-01,
         -3.7671e-01, -5.4236e-02, -3.8232e-01,  7.2090e-02, -8.8263e-02,
         -1.1636e-01, -8.9472e-02,  3.4681e-01,  2.9700e-01,  4.2460e-01,
          2.8183e-01],
        [ 2.9500e-01,  1.1649e-01,  1.1282e-01, -9.4628e-02,  1.4539e-01,
         -2.3312e-01, -1.6274e-01, -6.2201e-02, -3.8960e-01, -4.1099e-01,
         -1.3188e-01,  3.3441e-01,  2.3400e-01, -1.3542e-01,  1.3378e-01,
          1.7961e-01],
        [-9.5612e-02,  6.0888e-02, -1.7600e-01, -2.5126e-02, -2.9127e-02,
          1.0014e-01,  3.0611e-02,  2.7291e-01,  1.0473e-01,  2.8173e-01,
          2.7162e-01, -1.1790e-01,  2.9128e-02, -2.0172e-01, -4.3531e-02,
         -1.5017e-01],
        [-1.0375e-02,  9.5187e-02, -3.6966e-01,  4.0085e-01,  9.3702e-02,
         -9.1828e-03,  2.5295e-01, -8.3739e-02,  2.0999e-01,  2.0117e-01,
         -1.1052e-01, -3.8431e-02, -1.7917e-01,  1.4884e-01,  5.9271e-02,
         -8.1924e-02],
        [ 3.9088e-01,  2.4065e-01,  4.3227e-01, -1.9989e-01,  1.6542e-01,
         -2.4732e-01, -1.9745e-01, -2.0638e-01, -2.2932e-01, -2.8787e-02,
         -3.6292e-02,  3.6476e-02, -8.1071e-02,  2.1318e-01, -2.6350e-02,
          1.7265e-01],
        [-4.4257e-02,  3.4888e-01,  3.7692e-01, -3.6266e-01, -1.1892e-01,
         -3.3123e-01, -1.0074e-01, -2.2129e-01, -1.6376e-01, -2.1738e-01,
         -8.5380e-02, -1.4352e-03,  2.1821e-01, -9.6241e-02,  1.5334e-01,
          3.7434e-01],
        [ 4.3476e-02,  3.3932e-01,  3.1610e-01, -2.5414e-01,  7.4123e-02,
         -3.6876e-01, -1.6008e-01, -7.8249e-02,  7.1997e-02, -3.0471e-01,
         -1.2730e-01,  3.8367e-02, -1.3753e-01,  1.1504e-01, -1.7576e-02,
          9.8474e-02],
        [-2.9112e-01, -1.3257e-01, -1.0710e-01, -1.2676e-02, -1.0941e-01,
          1.7289e-01,  3.8869e-02,  1.9620e-01,  2.3072e-01, -1.4506e-02,
          2.6849e-01,  2.8785e-02, -1.9086e-01, -4.5020e-02, -1.5524e-01,
         -1.9831e-01],
        [-3.6985e-01,  2.7401e-02, -8.3157e-02, -2.6057e-02, -2.1545e-01,
          4.5568e-01,  2.3442e-01,  9.0934e-02,  3.2030e-01,  2.5377e-01,
          8.9875e-02,  3.5037e-02, -1.1178e-01,  1.4804e-01, -3.7847e-01,
         -3.4689e-01],
        [-1.3985e-01, -1.8590e-01, -4.1765e-02,  1.0021e-01,  6.7415e-02,
          1.4717e-01,  3.7140e-01,  1.3017e-01,  1.4657e-01,  3.4451e-01,
          1.7957e-01,  7.9352e-02, -3.4776e-01, -1.8983e-01, -2.4026e-01,
         -2.1304e-01],
        [ 3.5099e-01,  2.8459e-01,  1.9166e-01, -1.8674e-01,  1.3798e-01,
         -9.1518e-03, -8.1529e-02, -2.7215e-01, -2.9260e-01, -1.1407e-01,
         -1.4587e-01, -1.8226e-02, -1.0420e-01,  1.6415e-01,  1.3706e-01,
          5.0286e-02],
        [ 2.2497e-01,  3.8933e-01,  3.8864e-01, -2.1803e-02, -1.3290e-01,
         -5.0073e-02, -5.0388e-02, -4.6225e-02, -1.9044e-01, -1.6480e-01,
         -2.3111e-01,  8.8267e-02,  7.3221e-02,  4.7467e-02, -6.1905e-02,
          2.5487e-01],
        [-3.9273e-01, -3.4340e-01, -9.0467e-02, -3.0323e-02,  1.6472e-01,
          4.4249e-01,  1.0721e-01,  8.8532e-02, -5.8630e-02,  1.8595e-01,
          1.4681e-01, -2.8445e-01, -3.6373e-02, -1.0191e-01, -2.6873e-01,
         -1.8144e-01],
        [-1.1640e-01, -8.2123e-02,  1.6266e-01,  1.2153e-01, -1.0008e-01,
          1.6953e-02, -1.0961e-01, -1.9108e-01, -8.5499e-02,  5.3490e-03,
         -3.6601e-02,  3.2366e-01,  1.8415e-02, -1.2249e-01,  3.5507e-01,
          4.1373e-02],
        [ 3.3504e-01,  3.1369e-01,  2.2426e-01, -3.6937e-01, -1.6747e-01,
         -7.3031e-02, -1.1390e-01,  2.7973e-02, -3.4204e-01, -1.9396e-01,
          1.1733e-01,  2.6181e-01,  3.0646e-01,  2.7960e-01,  1.2046e-01,
         -2.4266e-03],
        [-3.2051e-01, -5.8954e-02, -2.7367e-01,  1.5983e-01, -4.6973e-02,
          3.4165e-01,  3.0759e-01,  2.5160e-01,  1.2321e-01,  2.9476e-01,
         -1.6193e-02, -2.2641e-01, -1.3282e-01, -2.1839e-01,  4.4760e-02,
         -2.0152e-01],
        [ 2.5706e-01,  1.7389e-01,  1.8403e-01, -3.1779e-01,  2.3280e-02,
         -4.1853e-01, -3.0254e-01,  5.1311e-02, -3.7765e-01, -1.4493e-01,
         -6.1973e-02, -1.0033e-01,  1.5499e-01,  2.4773e-01,  3.6649e-01,
          2.2528e-01],
        [ 3.9192e-01,  1.7881e-01,  2.9652e-01, -1.0821e-01, -1.4075e-01,
         -2.6783e-01, -3.6553e-01,  5.4088e-02, -2.2604e-02, -2.8337e-01,
         -8.4370e-02,  2.2442e-01, -1.1848e-01,  9.1308e-02,  3.1991e-01,
          2.2084e-01],
        [-1.9003e-01,  2.6688e-02, -6.3299e-02, -6.3017e-02,  7.9093e-02,
         -1.2082e-02,  3.0844e-01,  3.3189e-01,  1.4981e-01,  7.0613e-02,
         -3.7731e-02, -2.4287e-01, -1.3660e-01, -1.9235e-01,  7.1904e-02,
         -2.6582e-01],
        [-7.3007e-02, -3.7524e-01, -5.4060e-02,  3.8096e-01, -1.9168e-01,
          1.3057e-01,  2.3490e-01, -9.9333e-02, -1.7877e-02,  2.4862e-01,
          2.6777e-01, -2.2483e-01, -1.0344e-01, -3.1742e-01, -4.2604e-01,
          5.4338e-02],
        [ 3.7994e-01,  6.7230e-02,  7.2789e-02, -1.7214e-01,  1.8869e-01,
         -4.2539e-01, -3.0361e-01, -1.9004e-01, -2.2061e-01, -1.5752e-01,
          1.0188e-01,  1.8114e-01, -1.4276e-01,  3.0219e-01,  3.7490e-01,
          2.3890e-01],
        [ 2.8434e-01,  2.3633e-01,  3.7114e-01, -3.9066e-01, -6.2304e-02,
         -2.0994e-01, -2.0429e-01, -2.5353e-01, -3.3952e-01, -3.3628e-01,
         -1.1958e-01,  3.2126e-01,  2.3010e-01,  1.4345e-01,  1.0047e-02,
          5.7205e-02],
        [ 2.0871e-01, -8.1142e-02,  1.7732e-01, -1.2423e-01,  2.7024e-01,
         -2.6815e-01,  5.6957e-02, -1.2408e-01, -3.1660e-01,  6.6893e-02,
          1.3559e-01, -4.6959e-02, -2.7428e-02,  2.1131e-01,  3.7220e-02,
          3.3990e-01],
        [ 5.7082e-02,  6.6935e-02,  1.1053e-01,  7.1527e-02, -1.1263e-02,
         -2.4452e-01, -2.6852e-02, -2.9755e-01, -1.3659e-01, -3.5682e-01,
         -3.2301e-01,  7.9444e-02,  1.2436e-01,  3.1029e-01, -5.2895e-02,
          9.5945e-02],
        [ 2.3842e-01,  2.4231e-01,  3.2241e-01, -3.6098e-01,  2.3129e-02,
         -1.2977e-01, -3.6994e-01,  1.9505e-02, -3.5035e-01,  5.9348e-04,
         -1.3730e-02,  5.4797e-02,  1.6803e-01,  2.8854e-01,  3.6195e-01,
          3.1823e-01],
        [-3.3093e-01, -8.5679e-02, -4.4464e-04,  2.1424e-01,  1.4859e-01,
          4.6150e-02,  3.6388e-01,  1.3094e-01, -8.4004e-02,  1.0050e-01,
          2.4987e-01, -2.3775e-01, -1.5257e-01, -1.7655e-01, -3.2751e-01,
         -1.2691e-01],
        [ 3.2594e-01,  1.8310e-01,  1.6335e-01, -1.4542e-01, -1.4640e-01,
         -3.2329e-01, -1.5738e-01, -3.1829e-01,  4.4768e-05, -1.1831e-01,
         -2.0063e-02,  1.1974e-01,  2.7593e-01,  3.0196e-01,  2.9530e-01,
          2.9072e-01],
        [-2.8864e-01, -3.5584e-02, -3.3913e-01,  2.6331e-01, -2.6680e-01,
          1.8034e-01,  3.4589e-01,  2.6910e-01,  3.2819e-01,  2.3581e-01,
          2.0331e-01, -5.5388e-02,  8.6019e-02,  5.9892e-02, -9.8394e-02,
         -2.4609e-01],
        [-3.0403e-01, -2.1884e-01, -6.7955e-02,  3.4011e-02,  1.8374e-02,
          4.1780e-01,  3.9048e-01, -5.5131e-02,  2.0003e-01,  3.2846e-01,
         -1.7084e-01,  1.3765e-02, -2.4718e-01, -2.5901e-01, -2.9327e-01,
         -2.6953e-01],
        [ 8.6667e-02,  2.5189e-01,  2.9009e-01, -9.0504e-02,  2.1691e-01,
         -3.6076e-01, -4.2520e-01, -3.4869e-01, -2.8267e-01, -3.0077e-01,
          8.1749e-03, -2.8869e-02, -6.1319e-02,  2.5203e-01,  3.9874e-02,
          2.2911e-01]], device='cuda:0', requires_grad=True)

Parameter name: road_linear_0.bias
Shape: torch.Size([32])
Values: Parameter containing:
tensor([-0.0886, -0.0621,  0.1809, -0.0334, -0.0528, -0.0313,  0.0726,  0.0642,
        -0.0219, -0.0436, -0.0296,  0.0609,  0.1321,  0.1056, -0.0190,  0.0019,
        -0.1486,  0.0287,  0.1157,  0.0232, -0.0036, -0.1810, -0.0130, -0.0489,
        -0.0686,  0.2187,  0.1227,  0.0286, -0.0529, -0.1473,  0.0182,  0.0281],
       device='cuda:0', requires_grad=True)

Parameter name: road_linear_1.weight
Shape: torch.Size([1, 32])
Values: Parameter containing:
tensor([[-0.1708,  0.2587, -0.1904, -0.2142,  0.2009,  0.2622, -0.2434, -0.3477,
         -0.2690,  0.2616,  0.2240,  0.3270, -0.1807, -0.3422,  0.2610, -0.0575,
         -0.2553,  0.3016, -0.1956, -0.2105,  0.2708,  0.3163, -0.3400, -0.3482,
         -0.2095, -0.2394, -0.2885,  0.2870, -0.3252,  0.3544,  0.2626, -0.2032]],
       device='cuda:0', requires_grad=True)

Parameter name: linear_0.weight
Shape: torch.Size([32, 39])
Values: Parameter containing:
tensor([[-0.0175, -0.0121,  0.0282,  ...,  0.2015, -0.3127, -0.1137],
        [-0.0917, -0.2023,  0.0876,  ...,  0.1367, -0.3032,  0.0871],
        [-0.0471,  0.1672,  0.0877,  ...,  0.0215,  0.2017,  0.0345],
        ...,
        [ 0.0355, -0.1648,  0.0153,  ...,  0.0587, -0.2380, -0.1180],
        [ 0.0452, -0.0573, -0.0009,  ..., -0.2912,  0.1028,  0.1557],
        [-0.0780,  0.1709,  0.0092,  ..., -0.1631,  0.0149, -0.0509]],
       device='cuda:0', requires_grad=True)

Parameter name: linear_0.bias
Shape: torch.Size([32])
Values: Parameter containing:
tensor([ 0.0506,  0.0517, -0.0914, -0.1208, -0.0597,  0.0455, -0.1266,  0.0614,
        -0.0481,  0.0908,  0.0305,  0.0085,  0.0098,  0.0630, -0.0781, -0.0212,
         0.0480, -0.1434, -0.0311, -0.0173, -0.1132,  0.0448,  0.0835, -0.0052,
        -0.0844,  0.0641,  0.0246, -0.0988,  0.0634,  0.1468,  0.1419, -0.0648],
       device='cuda:0', requires_grad=True)

Parameter name: linear_1.weight
Shape: torch.Size([32, 32])
Values: Parameter containing:
tensor([[ 0.0606, -0.1771, -0.0994,  ..., -0.1127, -0.0378,  0.2363],
        [-0.2108, -0.0281,  0.0869,  ..., -0.0425, -0.0232,  0.2495],
        [ 0.1441, -0.0388, -0.1547,  ...,  0.0588, -0.0038, -0.0417],
        ...,
        [ 0.1284,  0.0918,  0.1013,  ...,  0.2340, -0.1980,  0.0812],
        [-0.0287, -0.1514,  0.0516,  ...,  0.0304,  0.2263,  0.0563],
        [ 0.0038, -0.1058,  0.1961,  ...,  0.0772,  0.1190,  0.1099]],
       device='cuda:0', requires_grad=True)

Parameter name: linear_1.bias
Shape: torch.Size([32])
Values: Parameter containing:
tensor([ 0.0819,  0.1191, -0.0296, -0.0509, -0.0299, -0.0357, -0.0297, -0.0647,
         0.1081, -0.1676,  0.1262, -0.1342,  0.1641, -0.0189, -0.1452,  0.0998,
        -0.1236, -0.1505,  0.0140, -0.0302,  0.0132,  0.1128, -0.1832,  0.2011,
        -0.0749, -0.0315,  0.0914, -0.0455, -0.1098, -0.0556,  0.1035, -0.0021],
       device='cuda:0', requires_grad=True)

Parameter name: linear_2.weight
Shape: torch.Size([1, 32])
Values: Parameter containing:
tensor([[ 0.3824,  0.3050, -0.3779, -0.3883,  0.2289,  0.2349, -0.2865,  0.2913,
          0.2988, -0.3130, -0.3080,  0.2714,  0.2923, -0.2302,  0.3130,  0.2558,
         -0.3921, -0.3846,  0.2616,  0.2768, -0.3411, -0.3146, -0.3788,  0.2167,
          0.3540,  0.3853, -0.3557,  0.4212, -0.2909, -0.3752,  0.3530,  0.3761]],
       device='cuda:0', requires_grad=True)

Parameter name: linear_2.bias
Shape: torch.Size([1])
Values: Parameter containing:
tensor([0.1179], device='cuda:0', requires_grad=True)

Parameter name: road_linear_0.weight
Shape: torch.Size([32, 16])
Values: Parameter containing:
tensor([[ 9.9399e-03,  4.0212e-01,  3.2373e-01, -3.4292e-01,  1.3980e-02,
         -1.7563e-01, -5.2946e-02, -3.5436e-01, -1.5331e-01, -8.6207e-02,
          1.1585e-02,  1.3998e-01,  3.5647e-03, -7.3831e-02,  3.0166e-01,
          3.7873e-01],
        [-2.6498e-01, -3.8021e-01, -1.2041e-01,  1.8886e-03, -2.0994e-01,
          2.7322e-01,  1.6600e-01,  1.2459e-01,  3.6733e-01,  1.2871e-01,
          2.4008e-01, -2.3072e-01,  6.4285e-02, -2.0189e-02,  2.6946e-02,
         -9.1481e-02],
        [ 1.0184e-01,  2.9312e-01,  4.0661e-01, -1.4157e-01,  1.7881e-01,
         -3.7671e-01, -5.4236e-02, -3.8232e-01,  7.2090e-02, -8.8263e-02,
         -1.1636e-01, -8.9472e-02,  3.4681e-01,  2.9700e-01,  4.2460e-01,
          2.8183e-01],
        [ 2.9500e-01,  1.1649e-01,  1.1282e-01, -9.4628e-02,  1.4539e-01,
         -2.3312e-01, -1.6274e-01, -6.2201e-02, -3.8960e-01, -4.1099e-01,
         -1.3188e-01,  3.3441e-01,  2.3400e-01, -1.3542e-01,  1.3378e-01,
          1.7961e-01],
        [-9.5612e-02,  6.0888e-02, -1.7600e-01, -2.5126e-02, -2.9127e-02,
          1.0014e-01,  3.0611e-02,  2.7291e-01,  1.0473e-01,  2.8173e-01,
          2.7162e-01, -1.1790e-01,  2.9128e-02, -2.0172e-01, -4.3531e-02,
         -1.5017e-01],
        [-1.0375e-02,  9.5187e-02, -3.6966e-01,  4.0085e-01,  9.3702e-02,
         -9.1829e-03,  2.5295e-01, -8.3739e-02,  2.0999e-01,  2.0117e-01,
         -1.1052e-01, -3.8431e-02, -1.7917e-01,  1.4884e-01,  5.9271e-02,
         -8.1924e-02],
        [ 3.9088e-01,  2.4065e-01,  4.3227e-01, -1.9989e-01,  1.6542e-01,
         -2.4732e-01, -1.9745e-01, -2.0638e-01, -2.2932e-01, -2.8787e-02,
         -3.6292e-02,  3.6476e-02, -8.1071e-02,  2.1318e-01, -2.6350e-02,
          1.7265e-01],
        [-4.4257e-02,  3.4888e-01,  3.7692e-01, -3.6266e-01, -1.1892e-01,
         -3.3123e-01, -1.0074e-01, -2.2129e-01, -1.6376e-01, -2.1738e-01,
         -8.5380e-02, -1.4353e-03,  2.1821e-01, -9.6241e-02,  1.5334e-01,
          3.7434e-01],
        [ 4.3476e-02,  3.3932e-01,  3.1610e-01, -2.5414e-01,  7.4123e-02,
         -3.6876e-01, -1.6008e-01, -7.8249e-02,  7.1997e-02, -3.0471e-01,
         -1.2730e-01,  3.8367e-02, -1.3753e-01,  1.1504e-01, -1.7576e-02,
          9.8474e-02],
        [-2.9112e-01, -1.3257e-01, -1.0710e-01, -1.2676e-02, -1.0941e-01,
          1.7289e-01,  3.8869e-02,  1.9620e-01,  2.3072e-01, -1.4506e-02,
          2.6849e-01,  2.8785e-02, -1.9086e-01, -4.5020e-02, -1.5524e-01,
         -1.9831e-01],
        [-3.6985e-01,  2.7401e-02, -8.3157e-02, -2.6057e-02, -2.1545e-01,
          4.5568e-01,  2.3442e-01,  9.0934e-02,  3.2030e-01,  2.5377e-01,
          8.9875e-02,  3.5037e-02, -1.1178e-01,  1.4804e-01, -3.7847e-01,
         -3.4689e-01],
        [-1.3985e-01, -1.8590e-01, -4.1765e-02,  1.0021e-01,  6.7415e-02,
          1.4717e-01,  3.7140e-01,  1.3017e-01,  1.4657e-01,  3.4451e-01,
          1.7957e-01,  7.9352e-02, -3.4776e-01, -1.8983e-01, -2.4026e-01,
         -2.1304e-01],
        [ 3.5099e-01,  2.8459e-01,  1.9166e-01, -1.8674e-01,  1.3798e-01,
         -9.1518e-03, -8.1529e-02, -2.7215e-01, -2.9260e-01, -1.1407e-01,
         -1.4587e-01, -1.8226e-02, -1.0420e-01,  1.6415e-01,  1.3706e-01,
          5.0286e-02],
        [ 2.2497e-01,  3.8933e-01,  3.8864e-01, -2.1803e-02, -1.3290e-01,
         -5.0073e-02, -5.0387e-02, -4.6225e-02, -1.9044e-01, -1.6480e-01,
         -2.3111e-01,  8.8267e-02,  7.3221e-02,  4.7467e-02, -6.1905e-02,
          2.5487e-01],
        [-3.9273e-01, -3.4340e-01, -9.0467e-02, -3.0323e-02,  1.6472e-01,
          4.4249e-01,  1.0721e-01,  8.8532e-02, -5.8630e-02,  1.8595e-01,
          1.4681e-01, -2.8445e-01, -3.6373e-02, -1.0191e-01, -2.6873e-01,
         -1.8144e-01],
        [-1.1640e-01, -8.2123e-02,  1.6266e-01,  1.2153e-01, -1.0008e-01,
          1.6953e-02, -1.0961e-01, -1.9108e-01, -8.5499e-02,  5.3490e-03,
         -3.6601e-02,  3.2366e-01,  1.8415e-02, -1.2249e-01,  3.5507e-01,
          4.1373e-02],
        [ 3.3504e-01,  3.1369e-01,  2.2426e-01, -3.6937e-01, -1.6747e-01,
         -7.3031e-02, -1.1390e-01,  2.7973e-02, -3.4204e-01, -1.9396e-01,
          1.1733e-01,  2.6181e-01,  3.0646e-01,  2.7960e-01,  1.2046e-01,
         -2.4266e-03],
        [-3.2051e-01, -5.8954e-02, -2.7367e-01,  1.5983e-01, -4.6973e-02,
          3.4165e-01,  3.0759e-01,  2.5160e-01,  1.2321e-01,  2.9476e-01,
         -1.6193e-02, -2.2641e-01, -1.3282e-01, -2.1839e-01,  4.4760e-02,
         -2.0152e-01],
        [ 2.5706e-01,  1.7389e-01,  1.8403e-01, -3.1779e-01,  2.3280e-02,
         -4.1853e-01, -3.0254e-01,  5.1311e-02, -3.7765e-01, -1.4493e-01,
         -6.1973e-02, -1.0033e-01,  1.5499e-01,  2.4773e-01,  3.6649e-01,
          2.2528e-01],
        [ 3.9192e-01,  1.7881e-01,  2.9652e-01, -1.0821e-01, -1.4075e-01,
         -2.6783e-01, -3.6553e-01,  5.4088e-02, -2.2604e-02, -2.8337e-01,
         -8.4370e-02,  2.2442e-01, -1.1848e-01,  9.1308e-02,  3.1991e-01,
          2.2084e-01],
        [-1.9003e-01,  2.6688e-02, -6.3299e-02, -6.3017e-02,  7.9093e-02,
         -1.2082e-02,  3.0844e-01,  3.3189e-01,  1.4981e-01,  7.0613e-02,
         -3.7732e-02, -2.4287e-01, -1.3660e-01, -1.9235e-01,  7.1904e-02,
         -2.6582e-01],
        [-7.3007e-02, -3.7524e-01, -5.4060e-02,  3.8096e-01, -1.9168e-01,
          1.3057e-01,  2.3490e-01, -9.9333e-02, -1.7877e-02,  2.4862e-01,
          2.6777e-01, -2.2483e-01, -1.0344e-01, -3.1742e-01, -4.2604e-01,
          5.4338e-02],
        [ 3.7994e-01,  6.7230e-02,  7.2789e-02, -1.7214e-01,  1.8869e-01,
         -4.2539e-01, -3.0361e-01, -1.9004e-01, -2.2061e-01, -1.5752e-01,
          1.0188e-01,  1.8114e-01, -1.4276e-01,  3.0219e-01,  3.7490e-01,
          2.3890e-01],
        [ 2.8434e-01,  2.3633e-01,  3.7114e-01, -3.9066e-01, -6.2304e-02,
         -2.0994e-01, -2.0429e-01, -2.5353e-01, -3.3952e-01, -3.3628e-01,
         -1.1958e-01,  3.2126e-01,  2.3010e-01,  1.4345e-01,  1.0047e-02,
          5.7205e-02],
        [ 2.0871e-01, -8.1142e-02,  1.7732e-01, -1.2423e-01,  2.7024e-01,
         -2.6815e-01,  5.6957e-02, -1.2408e-01, -3.1660e-01,  6.6893e-02,
          1.3559e-01, -4.6959e-02, -2.7428e-02,  2.1131e-01,  3.7220e-02,
          3.3990e-01],
        [ 5.7082e-02,  6.6935e-02,  1.1053e-01,  7.1527e-02, -1.1263e-02,
         -2.4452e-01, -2.6852e-02, -2.9755e-01, -1.3659e-01, -3.5682e-01,
         -3.2301e-01,  7.9444e-02,  1.2436e-01,  3.1029e-01, -5.2895e-02,
          9.5945e-02],
        [ 2.3842e-01,  2.4231e-01,  3.2241e-01, -3.6098e-01,  2.3129e-02,
         -1.2977e-01, -3.6994e-01,  1.9505e-02, -3.5035e-01,  5.9345e-04,
         -1.3730e-02,  5.4797e-02,  1.6803e-01,  2.8854e-01,  3.6195e-01,
          3.1823e-01],
        [-3.3093e-01, -8.5679e-02, -4.4463e-04,  2.1424e-01,  1.4859e-01,
          4.6150e-02,  3.6388e-01,  1.3094e-01, -8.4004e-02,  1.0050e-01,
          2.4987e-01, -2.3775e-01, -1.5257e-01, -1.7655e-01, -3.2751e-01,
         -1.2691e-01],
        [ 3.2594e-01,  1.8310e-01,  1.6335e-01, -1.4542e-01, -1.4640e-01,
         -3.2329e-01, -1.5738e-01, -3.1829e-01,  4.4801e-05, -1.1831e-01,
         -2.0063e-02,  1.1974e-01,  2.7593e-01,  3.0196e-01,  2.9530e-01,
          2.9072e-01],
        [-2.8864e-01, -3.5584e-02, -3.3913e-01,  2.6331e-01, -2.6680e-01,
          1.8034e-01,  3.4589e-01,  2.6910e-01,  3.2819e-01,  2.3581e-01,
          2.0331e-01, -5.5388e-02,  8.6019e-02,  5.9892e-02, -9.8394e-02,
         -2.4609e-01],
        [-3.0403e-01, -2.1884e-01, -6.7955e-02,  3.4011e-02,  1.8374e-02,
          4.1780e-01,  3.9048e-01, -5.5131e-02,  2.0003e-01,  3.2846e-01,
         -1.7084e-01,  1.3765e-02, -2.4718e-01, -2.5901e-01, -2.9327e-01,
         -2.6953e-01],
        [ 8.6667e-02,  2.5189e-01,  2.9009e-01, -9.0504e-02,  2.1691e-01,
         -3.6076e-01, -4.2520e-01, -3.4869e-01, -2.8267e-01, -3.0077e-01,
          8.1749e-03, -2.8869e-02, -6.1319e-02,  2.5203e-01,  3.9874e-02,
          2.2911e-01]], device='cuda:0', requires_grad=True)

Parameter name: road_linear_0.bias
Shape: torch.Size([32])
Values: Parameter containing:
tensor([-0.0886, -0.0621,  0.1809, -0.0334, -0.0528, -0.0313,  0.0726,  0.0642,
        -0.0219, -0.0436, -0.0296,  0.0609,  0.1321,  0.1056, -0.0190,  0.0019,
        -0.1486,  0.0287,  0.1157,  0.0232, -0.0036, -0.1810, -0.0130, -0.0489,
        -0.0686,  0.2187,  0.1227,  0.0286, -0.0529, -0.1473,  0.0182,  0.0281],
       device='cuda:0', requires_grad=True)

Parameter name: road_linear_1.weight
Shape: torch.Size([1, 32])
Values: Parameter containing:
tensor([[-0.1708,  0.2587, -0.1904, -0.2142,  0.2009,  0.2622, -0.2434, -0.3477,
         -0.2690,  0.2616,  0.2240,  0.3270, -0.1807, -0.3422,  0.2610, -0.0575,
         -0.2553,  0.3016, -0.1956, -0.2105,  0.2708,  0.3163, -0.3400, -0.3482,
         -0.2095, -0.2394, -0.2885,  0.2870, -0.3252,  0.3544,  0.2626, -0.2032]],
       device='cuda:0', requires_grad=True)

Parameter name: linear_0.weight
Shape: torch.Size([32, 39])
Values: Parameter containing:
tensor([[-0.0175, -0.0121,  0.0282,  ...,  0.2015, -0.3127, -0.1137],
        [-0.0917, -0.2023,  0.0876,  ...,  0.1367, -0.3032,  0.0871],
        [-0.0471,  0.1672,  0.0877,  ...,  0.0215,  0.2017,  0.0345],
        ...,
        [ 0.0355, -0.1648,  0.0153,  ...,  0.0587, -0.2380, -0.1180],
        [ 0.0452, -0.0573, -0.0009,  ..., -0.2912,  0.1028,  0.1557],
        [-0.0780,  0.1709,  0.0092,  ..., -0.1631,  0.0149, -0.0509]],
       device='cuda:0', requires_grad=True)

Parameter name: linear_0.bias
Shape: torch.Size([32])
Values: Parameter containing:
tensor([ 0.0506,  0.0517, -0.0914, -0.1208, -0.0597,  0.0455, -0.1266,  0.0614,
        -0.0481,  0.0908,  0.0305,  0.0085,  0.0098,  0.0630, -0.0781, -0.0212,
         0.0480, -0.1434, -0.0311, -0.0173, -0.1132,  0.0448,  0.0835, -0.0052,
        -0.0844,  0.0641,  0.0246, -0.0988,  0.0634,  0.1468,  0.1419, -0.0648],
       device='cuda:0', requires_grad=True)

Parameter name: linear_1.weight
Shape: torch.Size([32, 32])
Values: Parameter containing:
tensor([[ 0.0606, -0.1771, -0.0994,  ..., -0.1127, -0.0378,  0.2363],
        [-0.2108, -0.0281,  0.0869,  ..., -0.0425, -0.0232,  0.2495],
        [ 0.1441, -0.0388, -0.1547,  ...,  0.0588, -0.0038, -0.0417],
        ...,
        [ 0.1284,  0.0918,  0.1013,  ...,  0.2340, -0.1980,  0.0812],
        [-0.0287, -0.1514,  0.0516,  ...,  0.0304,  0.2263,  0.0563],
        [ 0.0038, -0.1058,  0.1961,  ...,  0.0772,  0.1190,  0.1099]],
       device='cuda:0', requires_grad=True)

Parameter name: linear_1.bias
Shape: torch.Size([32])
Values: Parameter containing:
tensor([ 0.0819,  0.1191, -0.0296, -0.0509, -0.0299, -0.0357, -0.0297, -0.0647,
         0.1081, -0.1676,  0.1262, -0.1342,  0.1641, -0.0189, -0.1452,  0.0998,
        -0.1236, -0.1505,  0.0140, -0.0302,  0.0132,  0.1128, -0.1832,  0.2011,
        -0.0749, -0.0315,  0.0914, -0.0455, -0.1098, -0.0556,  0.1035, -0.0021],
       device='cuda:0', requires_grad=True)

Parameter name: linear_2.weight
Shape: torch.Size([1, 32])
Values: Parameter containing:
tensor([[ 0.3824,  0.3050, -0.3779, -0.3883,  0.2289,  0.2349, -0.2865,  0.2913,
          0.2988, -0.3130, -0.3080,  0.2714,  0.2923, -0.2302,  0.3130,  0.2558,
         -0.3921, -0.3846,  0.2616,  0.2768, -0.3411, -0.3146, -0.3788,  0.2167,
          0.3540,  0.3853, -0.3557,  0.4212, -0.2909, -0.3752,  0.3530,  0.3761]],
       device='cuda:0', requires_grad=True)

Parameter name: linear_2.bias
Shape: torch.Size([1])
Values: Parameter containing:
tensor([0.1179], device='cuda:0', requires_grad=True)

Parameter name: road_linear_0.weight
Shape: torch.Size([32, 16])
Values: Parameter containing:
tensor([[ 0.0089,  0.3983,  0.3217, -0.3402, -0.2099, -0.1742, -0.0586, -0.4008,
         -0.1949, -0.0829, -0.0447,  0.1988,  0.0554, -0.0356,  0.0164,  0.3824],
        [-0.2596, -0.3663, -0.1141,  0.0055, -0.0277,  0.2646,  0.1714,  0.1711,
          0.4082,  0.1480,  0.3004, -0.2725,  0.0228, -0.0730,  0.2690, -0.0901],
        [ 0.0924,  0.2829,  0.3955, -0.1319, -0.0697, -0.3598, -0.0539, -0.4275,
          0.0186, -0.0843, -0.1553, -0.0484,  0.3910,  0.3638,  0.1232,  0.2772],
        [ 0.2897,  0.1055,  0.1060, -0.0955, -0.0554, -0.2222, -0.1690, -0.1156,
         -0.4459, -0.4282, -0.1411,  0.3865,  0.2679, -0.0741, -0.1432,  0.1758],
        [-0.1037,  0.0530, -0.1835, -0.0108,  0.1570,  0.1018,  0.0479,  0.3307,
          0.1563,  0.3131,  0.3384, -0.1712, -0.0264, -0.2744,  0.2050, -0.1686],
        [-0.0167,  0.0936, -0.3747,  0.4184,  0.3302, -0.0077,  0.2694, -0.0192,
          0.2678,  0.2313, -0.0784, -0.0986, -0.2291,  0.0949,  0.3150, -0.0903],
        [ 0.3861,  0.1467,  0.4259, -0.2046, -0.0469, -0.2353, -0.1943, -0.2574,
         -0.2772, -0.0479, -0.0703,  0.0819, -0.0643,  0.2671, -0.2025,  0.1716],
        [-0.0480,  0.2946,  0.3720, -0.3705, -0.3186, -0.3184, -0.0991, -0.2796,
         -0.2164, -0.2364, -0.1163,  0.0466,  0.2484, -0.0484, -0.0105,  0.3715],
        [ 0.0415,  0.3291,  0.3131, -0.2560, -0.0513, -0.3652, -0.1722, -0.1192,
          0.0318, -0.3277, -0.2663,  0.0702, -0.0849,  0.1943, -0.2487,  0.1035],
        [-0.2972, -0.1373, -0.1126,  0.0017,  0.0710,  0.1747,  0.0570,  0.2516,
          0.2828,  0.0173,  0.3453, -0.0186, -0.2481, -0.1191,  0.1000, -0.2120],
        [-0.3723,  0.0162, -0.0848, -0.0134, -0.0372,  0.4526,  0.2458,  0.1429,
          0.3752,  0.2806,  0.1509, -0.0161, -0.1403,  0.0698, -0.0625, -0.3533],
        [-0.1389, -0.1863, -0.0421,  0.1077,  0.1787,  0.1448,  0.3829,  0.1755,
          0.1856,  0.3725,  0.2667,  0.0435, -0.3604, -0.2834,  0.0021, -0.2230],
        [ 0.3518,  0.2912,  0.1905, -0.1991, -0.1229, -0.0056, -0.0990, -0.3464,
         -0.3441, -0.1381, -0.1799,  0.0544, -0.0652,  0.2174, -0.1836,  0.0577],
        [ 0.2198,  0.3596,  0.3827, -0.0272, -0.3059, -0.0418, -0.0525, -0.0901,
         -0.2314, -0.1848, -0.2859,  0.1247,  0.1118,  0.0999, -0.2604,  0.2531],
        [-0.3894, -0.3266, -0.0856, -0.0244,  0.3616,  0.4322,  0.1115,  0.1374,
         -0.0101,  0.2056,  0.2020, -0.3282, -0.0778, -0.1586, -0.0342, -0.1808],
        [-0.0594, -0.0124,  0.2180,  0.0521, -0.3025, -0.0394, -0.1894, -0.3068,
         -0.2075, -0.0827, -0.1485,  0.4145,  0.1369,  0.0142,  0.1512,  0.0994],
        [ 0.3314,  0.2983,  0.2200, -0.3749, -0.3639, -0.0654, -0.1210, -0.0274,
         -0.3913, -0.2149,  0.0802,  0.3121,  0.3536,  0.3329, -0.0848, -0.0048],
        [-0.3126, -0.0359, -0.2655,  0.1633,  0.1265,  0.3243,  0.3040,  0.2932,
          0.1650,  0.3106,  0.0182, -0.2634, -0.1591, -0.2720,  0.2275, -0.1971],
        [ 0.2323,  0.1549,  0.1569, -0.2929, -0.2163, -0.3888, -0.2916,  0.0147,
         -0.4265, -0.1241, -0.1295, -0.0691,  0.2140,  0.3173,  0.0716,  0.2039],
        [ 0.3893,  0.1660,  0.2917, -0.1113, -0.3168, -0.2587, -0.3726,  0.0043,
         -0.0738, -0.3029, -0.1662,  0.2708, -0.0698,  0.1597,  0.0763,  0.2206],
        [-0.1940,  0.0241, -0.0660, -0.0499,  0.2658, -0.0166,  0.3191,  0.3762,
          0.1932,  0.0959,  0.0100, -0.2859, -0.1844, -0.2464,  0.3081, -0.2741],
        [-0.0738, -0.3606, -0.0538,  0.3897, -0.0381,  0.1278,  0.2523, -0.0506,
          0.0277,  0.2757,  0.3864, -0.2632, -0.1650, -0.3914, -0.1789,  0.0488],
        [ 0.3795,  0.0588,  0.0716, -0.1822,  0.0096, -0.4188, -0.3116, -0.2439,
         -0.2729, -0.1811,  0.0508,  0.2272, -0.0975,  0.3652,  0.1747,  0.2406],
        [ 0.2751,  0.2276,  0.3616, -0.3941, -0.2278, -0.1911, -0.2007, -0.3028,
         -0.3821, -0.3499, -0.1152,  0.3627,  0.2487,  0.1888, -0.1646,  0.0484],
        [ 0.2166, -0.0795,  0.1840, -0.1372,  0.0735, -0.2730,  0.0375, -0.1828,
         -0.3725,  0.0350,  0.0601,  0.0088,  0.0313,  0.2813, -0.2267,  0.3544],
        [ 0.0557,  0.0620,  0.1072,  0.0619, -0.2061, -0.2322, -0.0290, -0.3391,
         -0.1752, -0.3769, -0.3747,  0.1201,  0.1656,  0.3607, -0.2989,  0.1000],
        [ 0.2367,  0.2248,  0.3197, -0.3695, -0.1662, -0.1211, -0.3752, -0.0378,
         -0.4038, -0.0209, -0.0576,  0.1038,  0.2124,  0.3462,  0.1669,  0.3173],
        [-0.3319, -0.0836, -0.0018,  0.2250,  0.3056,  0.0445,  0.3766,  0.1865,
         -0.0356,  0.1291,  0.3128, -0.2855, -0.1985, -0.2504, -0.0768, -0.1348],
        [ 0.3209,  0.1904,  0.1588, -0.1531, -0.3023, -0.3136, -0.1632, -0.3639,
         -0.0430, -0.1381, -0.0230,  0.1615,  0.2815,  0.3645,  0.0573,  0.2891],
        [-0.2858, -0.0037, -0.3354,  0.2715, -0.0895,  0.1682,  0.3469,  0.3194,
          0.3769,  0.2562,  0.2511, -0.0974,  0.0517,  0.0027,  0.0749, -0.2462],
        [-0.3025, -0.2152, -0.0656,  0.0410,  0.1937,  0.4109,  0.3983, -0.0060,
          0.2499,  0.3505, -0.1096, -0.0307, -0.2933, -0.3258, -0.0603, -0.2705],
        [ 0.0730,  0.2108,  0.2743, -0.0725,  0.0140, -0.3419, -0.4193, -0.3900,
         -0.3317, -0.2940, -0.0545,  0.0067, -0.0264,  0.3187, -0.1942,  0.2182]],
       device='cuda:0', requires_grad=True)

Parameter name: road_linear_0.bias
Shape: torch.Size([32])
Values: Parameter containing:
tensor([-7.1029e-02,  1.8381e-04,  1.0162e-01, -4.1814e-02, -3.7211e-02,
        -6.5115e-02,  6.6716e-02,  7.8471e-02, -3.2906e-02, -3.3279e-02,
         1.0561e-02,  7.6164e-02,  1.3654e-01,  6.8940e-02,  2.5777e-02,
        -6.3386e-02, -6.1238e-02, -7.3865e-03,  7.6665e-02, -8.5315e-05,
        -2.9547e-02, -1.2848e-01, -4.1083e-02,  1.1461e-02, -5.3845e-02,
         1.5744e-01,  1.0972e-01,  4.0635e-02, -7.2028e-02, -1.3728e-01,
         4.4513e-02, -5.0465e-02], device='cuda:0', requires_grad=True)

Parameter name: road_linear_1.weight
Shape: torch.Size([1, 32])
Values: Parameter containing:
tensor([[-0.1950,  0.2896, -0.1991, -0.2297,  0.2761,  0.3145, -0.2592, -0.3613,
         -0.2927,  0.3003,  0.2320,  0.3412, -0.2178, -0.3726,  0.2741, -0.1759,
         -0.2929,  0.3095, -0.1982, -0.2269,  0.3535,  0.2851, -0.3471, -0.3591,
         -0.2828, -0.2993, -0.2927,  0.3115, -0.3331,  0.3625,  0.2639, -0.2110]],
       device='cuda:0', requires_grad=True)

Parameter name: linear_0.weight
Shape: torch.Size([32, 39])
Values: Parameter containing:
tensor([[-0.0079, -0.0014,  0.0390,  ...,  0.2348, -0.3575, -0.1137],
        [-0.0805, -0.1846,  0.0828,  ...,  0.1464, -0.3364,  0.0871],
        [-0.0475,  0.1672,  0.0791,  ..., -0.0038,  0.2515,  0.0345],
        ...,
        [ 0.0327, -0.1821,  0.0368,  ...,  0.0646, -0.2760, -0.1180],
        [ 0.0450, -0.0569, -0.0146,  ..., -0.3026,  0.1423,  0.1557],
        [-0.1970,  0.0589, -0.0039,  ...,  0.0406, -0.2169, -0.0509]],
       device='cuda:0', requires_grad=True)

Parameter name: linear_0.bias
Shape: torch.Size([32])
Values: Parameter containing:
tensor([ 0.0571,  0.0581, -0.0896, -0.1177, -0.0566,  0.0521, -0.1284,  0.0621,
        -0.0492,  0.0820,  0.0319,  0.0078,  0.0247,  0.0727, -0.0790, -0.0161,
         0.0512, -0.1490, -0.0274, -0.0233, -0.0742,  0.0429,  0.0882, -0.0081,
        -0.0865,  0.0864,  0.0336, -0.0874,  0.0491,  0.1394,  0.1472, -0.1038],
       device='cuda:0', requires_grad=True)

Parameter name: linear_1.weight
Shape: torch.Size([32, 32])
Values: Parameter containing:
tensor([[ 1.6240e-02, -1.8322e-01, -8.2957e-02,  ..., -1.1310e-01,
         -3.4216e-02,  7.0166e-02],
        [-2.6764e-01, -3.5753e-02,  1.1127e-01,  ..., -4.4408e-02,
         -1.5172e-02,  5.8895e-02],
        [ 1.8347e-01, -3.8979e-02, -1.7005e-01,  ...,  4.8808e-02,
          1.8397e-04,  1.6438e-01],
        ...,
        [ 1.6962e-01,  9.0724e-02,  9.0615e-02,  ...,  2.2675e-01,
         -1.9569e-01,  2.4376e-01],
        [-7.6082e-02, -1.5130e-01,  6.7940e-02,  ...,  4.0363e-02,
          2.2404e-01, -1.5953e-01],
        [-5.1958e-02, -1.1922e-01,  2.1474e-01,  ...,  7.2689e-02,
          1.2945e-01, -3.3643e-02]], device='cuda:0', requires_grad=True)

Parameter name: linear_1.bias
Shape: torch.Size([32])
Values: Parameter containing:
tensor([ 0.0812,  0.1184, -0.0187, -0.0556, -0.0369, -0.0628, -0.0225, -0.0625,
         0.0915, -0.1306,  0.1358, -0.1276,  0.1480,  0.0553, -0.1370,  0.0832,
        -0.1148, -0.1422,  0.0010, -0.0164,  0.0111,  0.1128, -0.1792,  0.1700,
        -0.0670, -0.0329,  0.0931, -0.0457, -0.1059, -0.0508,  0.0891,  0.0010],
       device='cuda:0', requires_grad=True)

Parameter name: linear_2.weight
Shape: torch.Size([1, 32])
Values: Parameter containing:
tensor([[ 0.3819,  0.3007, -0.3773, -0.3829,  0.2439,  0.2354, -0.2930,  0.2856,
          0.3161, -0.3150, -0.2810,  0.2768,  0.2736,  0.2833,  0.3113,  0.2589,
         -0.3824, -0.3879,  0.2531,  0.2761, -0.3337, -0.3131, -0.3774,  0.2415,
          0.3619,  0.3922, -0.3647,  0.4110, -0.2916, -0.3803,  0.3541,  0.3826]],
       device='cuda:0', requires_grad=True)

Parameter name: linear_2.bias
Shape: torch.Size([1])
Values: Parameter containing:
tensor([0.1104], device='cuda:0', requires_grad=True)

Parameter name: road_linear_0.weight
Shape: torch.Size([32, 16])
Values: Parameter containing:
tensor([[-0.0151,  0.3802,  0.2956, -0.3056,  0.1061, -0.1471, -0.0465, -0.4138,
         -0.1837, -0.0585,  0.0500,  0.1852,  0.0377, -0.0497,  0.2511,  0.3579],
        [-0.2395, -0.3859, -0.0933, -0.0168, -0.2897,  0.2444,  0.1623,  0.1596,
          0.3840,  0.1317,  0.2770, -0.2714,  0.0018, -0.0468,  0.0534, -0.0692],
        [ 0.0710,  0.2835,  0.3716, -0.1100,  0.2615, -0.3388, -0.0330, -0.4283,
          0.0300, -0.0668, -0.0894, -0.0630,  0.3400,  0.3469,  0.3463,  0.2562],
        [ 0.2666,  0.1149,  0.0813, -0.0755,  0.2538, -0.1985, -0.1544, -0.0975,
         -0.4117, -0.4098, -0.0533,  0.3725,  0.2385, -0.0961,  0.0351,  0.1525],
        [-0.0942,  0.0273, -0.1677, -0.0248, -0.1148,  0.0890,  0.0521,  0.3410,
          0.1432,  0.3095,  0.3906, -0.1834, -0.0602, -0.2600, -0.0118, -0.1545],
        [-0.0142,  0.0532, -0.3675,  0.4154,  0.0409, -0.0124,  0.2739, -0.0171,
          0.2679,  0.2338, -0.0689, -0.1156, -0.2509,  0.0893,  0.0839, -0.0865],
        [ 0.3681,  0.1879,  0.4097, -0.1854,  0.1864, -0.2223, -0.1874, -0.2623,
         -0.2109, -0.0296, -0.0512,  0.0827, -0.0488,  0.1443, -0.0715,  0.1544],
        [-0.0632,  0.3441,  0.3548, -0.3548, -0.1057, -0.3055, -0.0916, -0.2855,
         -0.1779, -0.2272, -0.1030,  0.0491,  0.2529, -0.0933,  0.1020,  0.3543],
        [ 0.0260,  0.3527,  0.2968, -0.2390,  0.2137, -0.3475, -0.1692, -0.1137,
          0.0564, -0.3158, -0.2046,  0.0748, -0.0417,  0.1754, -0.0295,  0.0884],
        [-0.2865, -0.1619, -0.0968, -0.0118, -0.2085,  0.1588,  0.0549,  0.2523,
          0.2631,  0.0108,  0.3159, -0.0241, -0.2657, -0.0998, -0.1097, -0.1992],
        [-0.3494,  0.0205, -0.0605, -0.0334, -0.3579,  0.4290,  0.2194,  0.1171,
          0.3553,  0.2618,  0.0591, -0.0070, -0.0767,  0.0748, -0.2345, -0.3303],
        [-0.1238, -0.1935, -0.0245,  0.0923, -0.0952,  0.1236,  0.3718,  0.1692,
          0.1551,  0.3607,  0.2186,  0.0470, -0.3380, -0.2626, -0.1208, -0.2094],
        [ 0.3371,  0.3068,  0.1696, -0.1799,  0.1947,  0.0137, -0.0846, -0.3208,
         -0.3361, -0.1245, -0.1478,  0.0586, -0.0916,  0.2188,  0.0782,  0.0395],
        [ 0.2084,  0.4017,  0.3701, -0.0152, -0.0575, -0.0291, -0.0530, -0.0884,
         -0.2098, -0.1788, -0.3029,  0.1315,  0.1451,  0.0718, -0.0875,  0.2420],
        [-0.3753, -0.3585, -0.0687, -0.0379,  0.0889,  0.4169,  0.1055,  0.1319,
         -0.0320,  0.1975,  0.1616, -0.3265, -0.0809, -0.1427, -0.2189, -0.1658],
        [-0.2996, -0.2957, -0.0113,  0.2862, -0.1894,  0.2268,  0.1108,  0.0183,
          0.1680,  0.1970,  0.0867,  0.1233, -0.1565, -0.3536,  0.1877, -0.1179],
        [ 0.3169,  0.3190,  0.2053, -0.3600, -0.1186, -0.0505, -0.1130, -0.0189,
         -0.3683, -0.2051,  0.0877,  0.3135,  0.3756,  0.2954,  0.0981, -0.0183],
        [-0.2969, -0.0395, -0.2484,  0.1443, -0.0773,  0.3110,  0.2932,  0.2970,
          0.1240,  0.2997,  0.0287, -0.2642, -0.1777, -0.2040,  0.0856, -0.1788],
        [ 0.2256,  0.1550,  0.1515, -0.2822,  0.1179, -0.3838, -0.2852,  0.0016,
         -0.4137, -0.1220, -0.0633, -0.0683,  0.2031,  0.2784,  0.3217,  0.1972],
        [ 0.3709,  0.1849,  0.2723, -0.0948, -0.0295, -0.2397, -0.3631,  0.0189,
         -0.0488, -0.2901, -0.0766,  0.2639, -0.0775,  0.1476,  0.2735,  0.2022],
        [-0.1869, -0.0109, -0.0539, -0.0602,  0.0159, -0.0249,  0.3229,  0.3793,
          0.1943,  0.0944,  0.0045, -0.2983, -0.1976, -0.2514,  0.1079, -0.2634],
        [-0.0577, -0.3913, -0.0334,  0.3719, -0.3070,  0.1051,  0.2356, -0.0684,
          0.0037,  0.2616,  0.3309, -0.2579, -0.1517, -0.3689, -0.3728,  0.0646],
        [ 0.3590,  0.0609,  0.0497, -0.1586,  0.2320, -0.3978, -0.2984, -0.2387,
         -0.2313, -0.1649,  0.0576,  0.2221, -0.0784,  0.3155,  0.3369,  0.2177],
        [ 0.2581,  0.2234,  0.3435, -0.3733, -0.0438, -0.1765, -0.1921, -0.3059,
         -0.3459, -0.3382, -0.0682,  0.3646,  0.2574,  0.1421, -0.0651,  0.0277],
        [ 0.2007, -0.0597,  0.1661, -0.1193,  0.3692, -0.2556,  0.0436, -0.1800,
         -0.3491,  0.0483, -0.0080,  0.0150,  0.0716,  0.2628,  0.0385,  0.3386],
        [ 0.0479,  0.0986,  0.0940,  0.0727,  0.0481, -0.2240, -0.0313, -0.3378,
         -0.1847, -0.3751, -0.3409,  0.1321,  0.1541,  0.3773, -0.1082,  0.0879],
        [ 0.2160,  0.2364,  0.2965, -0.3475,  0.0634, -0.0988, -0.3567, -0.0294,
         -0.3607, -0.0055, -0.0510,  0.0940,  0.2134,  0.2992,  0.3115,  0.2949],
        [-0.3242, -0.0973,  0.0106,  0.2153,  0.0246,  0.0303,  0.3728,  0.1906,
         -0.0623,  0.1240,  0.2704, -0.2899, -0.1995, -0.2286, -0.2454, -0.1263],
        [ 0.3047,  0.1930,  0.1396, -0.1361, -0.0535, -0.2939, -0.1509, -0.3469,
         -0.0273, -0.1266,  0.0361,  0.1578,  0.2587,  0.3574,  0.1853,  0.2717],
        [-0.2658, -0.0242, -0.3140,  0.2491, -0.2921,  0.1502,  0.3322,  0.3198,
          0.3320,  0.2413,  0.2384, -0.0941,  0.0463,  0.0641, -0.0555, -0.2238],
        [-0.2822, -0.2240, -0.0433,  0.0199, -0.0678,  0.3889,  0.3862, -0.0196,
          0.2202,  0.3355, -0.1336, -0.0221, -0.3048, -0.3009, -0.2510, -0.2490],
        [ 0.0566,  0.2224,  0.2592, -0.0568,  0.3027, -0.3273, -0.4084, -0.3880,
         -0.3051, -0.2843, -0.0307,  0.0006, -0.0147,  0.2079,  0.0036,  0.2023]],
       device='cuda:0', requires_grad=True)

Parameter name: road_linear_0.bias
Shape: torch.Size([32])
Values: Parameter containing:
tensor([-0.0528,  0.0113,  0.1119, -0.0338, -0.0074, -0.0715,  0.0707,  0.1601,
        -0.0796, -0.0015, -0.0037,  0.1026,  0.1999,  0.0924, -0.0485, -0.1171,
        -0.1099,  0.0249,  0.0528,  0.0020,  0.0152, -0.1236, -0.0869, -0.0360,
        -0.1480,  0.1861,  0.0859,  0.0897, -0.0764, -0.1813,  0.1054, -0.0779],
       device='cuda:0', requires_grad=True)

Parameter name: road_linear_1.weight
Shape: torch.Size([1, 32])
Values: Parameter containing:
tensor([[-0.1832,  0.2776, -0.1986, -0.2278,  0.2526,  0.3271, -0.2645, -0.3501,
         -0.2962,  0.2962,  0.2247,  0.3355, -0.2148, -0.3767,  0.2753,  0.1594,
         -0.2913,  0.3105, -0.1986, -0.2175,  0.3341,  0.3066, -0.3431, -0.3580,
         -0.3215, -0.2800, -0.2911,  0.2912, -0.3272,  0.3571,  0.2643, -0.2067]],
       device='cuda:0', requires_grad=True)

Parameter name: linear_0.weight
Shape: torch.Size([32, 39])
Values: Parameter containing:
tensor([[ 0.0144,  0.0545,  0.0342,  ..., -0.0399, -0.0462, -0.1137],
        [-0.0713, -0.0689,  0.0325,  ...,  0.1004, -0.3286,  0.0871],
        [-0.0654,  0.0237,  0.1351,  ...,  0.0353,  0.2416,  0.0345],
        ...,
        [ 0.0576, -0.0249, -0.0299,  ...,  0.0234, -0.2619, -0.1180],
        [ 0.0357, -0.1705,  0.0419,  ..., -0.2581,  0.1267,  0.1557],
        [-0.1930,  0.1317, -0.0344,  ...,  0.0088, -0.2342, -0.0509]],
       device='cuda:0', requires_grad=True)

Parameter name: linear_0.bias
Shape: torch.Size([32])
Values: Parameter containing:
tensor([ 0.0482,  0.0555, -0.0894, -0.1268, -0.0582,  0.0579, -0.1270,  0.0688,
        -0.0429,  0.0833,  0.0383,  0.0069,  0.0119,  0.0741, -0.0611, -0.0227,
         0.0559, -0.1574, -0.0225, -0.0190, -0.0578,  0.0310,  0.0955, -0.0083,
        -0.0861,  0.0689,  0.0354, -0.0909,  0.0291,  0.1468,  0.1489, -0.1141],
       device='cuda:0', requires_grad=True)

Parameter name: linear_1.weight
Shape: torch.Size([32, 32])
Values: Parameter containing:
tensor([[ 0.1505, -0.1647, -0.0926,  ..., -0.1061, -0.0616,  0.0877],
        [-0.1056, -0.0164,  0.1053,  ..., -0.0291, -0.0444,  0.0651],
        [ 0.0307, -0.0574, -0.1634,  ...,  0.0375,  0.0278,  0.1527],
        ...,
        [ 0.0293,  0.0605,  0.1093,  ...,  0.2138, -0.1572,  0.2104],
        [ 0.0898, -0.1304,  0.0597,  ...,  0.0569,  0.1943, -0.1547],
        [ 0.0899, -0.0936,  0.1991,  ...,  0.0844,  0.0954, -0.0099]],
       device='cuda:0', requires_grad=True)

Parameter name: linear_1.bias
Shape: torch.Size([32])
Values: Parameter containing:
tensor([ 0.0833,  0.1205, -0.0128, -0.0563, -0.0440, -0.0649, -0.0200, -0.0731,
         0.1044, -0.1424,  0.1393, -0.1462,  0.1589,  0.0809, -0.1449,  0.0818,
        -0.1142, -0.1431,  0.0089, -0.0338,  0.0228,  0.1184, -0.1712,  0.2022,
        -0.0755, -0.0317,  0.1023, -0.0521, -0.1003, -0.0447,  0.0869,  0.0020],
       device='cuda:0', requires_grad=True)

Parameter name: linear_2.weight
Shape: torch.Size([1, 32])
Values: Parameter containing:
tensor([[ 0.3380,  0.2472, -0.3350, -0.3338,  0.1886,  0.1763, -0.2395,  0.2419,
          0.2749, -0.2634, -0.2268,  0.2328,  0.2244,  0.1890,  0.2627,  0.2195,
         -0.3306, -0.3364,  0.2006,  0.2293, -0.2836, -0.2662, -0.3379,  0.1563,
          0.3011,  0.3467, -0.3190,  0.3339, -0.2411, -0.3275,  0.3127,  0.3250]],
       device='cuda:0', requires_grad=True)

Parameter name: linear_2.bias
Shape: torch.Size([1])
Values: Parameter containing:
tensor([0.0718], device='cuda:0', requires_grad=True)

Parameter name: road_linear_0.weight
Shape: torch.Size([32, 16])
Values: Parameter containing:
tensor([[ 0.0030,  0.2236,  0.3172, -0.3517, -0.2052, -0.1655, -0.0488, -0.3831,
         -0.1665, -0.0822,  0.1748,  0.1948,  0.0536, -0.0254, -0.0654,  0.3860],
        [-0.2566, -0.1905, -0.1101,  0.0257, -0.0101,  0.2555,  0.1606,  0.1652,
          0.4124,  0.1526,  0.0680, -0.2710, -0.0040, -0.0754,  0.3785, -0.0928],
        [ 0.0856,  0.1204,  0.3869, -0.1419, -0.0736, -0.3508, -0.0335, -0.4098,
          0.0355, -0.0796, -0.0908, -0.0502,  0.3962,  0.3457,  0.0507,  0.2728],
        [ 0.2753,  0.0288,  0.0908, -0.1062, -0.0625, -0.2012, -0.1457, -0.0939,
         -0.4268, -0.4210,  0.0272,  0.3714,  0.3064, -0.0838, -0.2110,  0.1661],
        [-0.0961,  0.2104, -0.1753,  0.0060,  0.1684,  0.0890,  0.0304,  0.3208,
          0.1517,  0.3141,  0.0771, -0.1676, -0.0486, -0.2682,  0.2881, -0.1667],
        [-0.0017,  0.2371, -0.3605,  0.4262,  0.3275, -0.0332,  0.2443, -0.0375,
          0.2590,  0.2227, -0.1034, -0.0902, -0.2287,  0.1057,  0.3464, -0.0819],
        [ 0.3762,  0.0634,  0.4157, -0.2179, -0.0698, -0.2200, -0.1723, -0.2419,
         -0.2646, -0.0464, -0.0018,  0.0759, -0.0552,  0.2126, -0.2804,  0.1662],
        [-0.0577,  0.1972,  0.3636, -0.3844, -0.3429, -0.3061, -0.0824, -0.2708,
         -0.2166, -0.2372, -0.0721,  0.0489,  0.2563, -0.0746, -0.0683,  0.3652],
        [ 0.0415,  0.1434,  0.3120, -0.2813, -0.0667, -0.3547, -0.1611, -0.1106,
          0.0312, -0.3356,  0.0111,  0.0677, -0.0561,  0.1998, -0.3601,  0.1105],
        [-0.2912,  0.0378, -0.1062,  0.0190,  0.0823,  0.1620,  0.0405,  0.2417,
          0.2784,  0.0183,  0.1104, -0.0156, -0.2665, -0.1155,  0.1866, -0.2127],
        [-0.3605,  0.1091, -0.0720, -0.0024, -0.0320,  0.4344,  0.2284,  0.1249,
          0.3639,  0.2749,  0.0121, -0.0067, -0.2095,  0.0635, -0.0038, -0.3464],
        [-0.1268, -0.0691, -0.0290,  0.1225,  0.1719,  0.1257,  0.3518,  0.1495,
          0.1671,  0.3666,  0.0939,  0.0574, -0.4200, -0.2615,  0.0834, -0.2165],
        [ 0.3423,  0.1359,  0.1798, -0.2130, -0.1261,  0.0060, -0.0845, -0.3343,
         -0.3415, -0.1353, -0.0952,  0.0524, -0.0198,  0.2322, -0.2785,  0.0528],
        [ 0.2137,  0.2043,  0.3763, -0.0447, -0.3212, -0.0302, -0.0347, -0.0794,
         -0.2343, -0.1865, -0.1111,  0.1218,  0.1296,  0.0847, -0.3667,  0.2519],
        [-0.3821, -0.1683, -0.0779, -0.0085,  0.3838,  0.4217,  0.0962,  0.1311,
         -0.0124,  0.2066,  0.0397, -0.3268, -0.1015, -0.1529,  0.0696, -0.1772],
        [-0.0469, -0.2231,  0.2304,  0.0127, -0.3446, -0.0456, -0.1862, -0.3197,
         -0.2210, -0.1062, -0.0553,  0.4397,  0.1745,  0.0151,  0.0539,  0.1186],
        [ 0.3221,  0.1625,  0.2102, -0.3897, -0.3589, -0.0488, -0.0948, -0.0036,
         -0.3864, -0.2125,  0.1986,  0.3033,  0.3628,  0.3013, -0.1394, -0.0094],
        [-0.3010,  0.0674, -0.2543,  0.1762,  0.1261,  0.3062,  0.2778,  0.2722,
          0.1540,  0.3092, -0.0390, -0.2598, -0.1653, -0.2284,  0.2412, -0.1885],
        [ 0.2393,  0.0118,  0.1632, -0.3159, -0.1948, -0.3907, -0.2770,  0.0314,
         -0.4124, -0.1344,  0.0111, -0.0633,  0.2067,  0.2878,  0.0210,  0.2132],
        [ 0.3796,  0.0381,  0.2808, -0.1268, -0.3294, -0.2432, -0.3523,  0.0193,
         -0.0658, -0.3006,  0.0858,  0.2627, -0.0364,  0.1488, -0.0331,  0.2141],
        [-0.1802,  0.1615, -0.0517, -0.0419,  0.2684, -0.0357,  0.2954,  0.3619,
          0.1879,  0.0895, -0.0914, -0.2800, -0.1987, -0.2264,  0.3525, -0.2639],
        [-0.0734, -0.1222, -0.0527,  0.4160, -0.0145,  0.1217,  0.2399, -0.0565,
          0.0306,  0.2864,  0.2036, -0.2689, -0.1943, -0.3859, -0.0947,  0.0453],
        [ 0.3710, -0.0727,  0.0621, -0.1978, -0.0027, -0.4061, -0.2911, -0.2340,
         -0.2688, -0.1815,  0.2014,  0.2260, -0.0694,  0.3434,  0.0957,  0.2339],
        [ 0.2650,  0.1532,  0.3523, -0.4099, -0.2221, -0.1774, -0.1787, -0.2837,
         -0.3739, -0.3499,  0.0174,  0.3635,  0.2887,  0.1605, -0.1995,  0.0397],
        [ 0.2068, -0.2504,  0.1736, -0.1512,  0.0675, -0.2530,  0.0606, -0.1643,
         -0.3601,  0.0388,  0.1913, -0.0010,  0.0449,  0.2747, -0.3098,  0.3525],
        [ 0.0468, -0.0821,  0.0975,  0.0501, -0.2179, -0.2210, -0.0183, -0.3323,
         -0.1763, -0.3756, -0.2836,  0.1210,  0.1955,  0.3571, -0.3802,  0.0933],
        [ 0.2267,  0.0690,  0.3072, -0.3825, -0.1753, -0.1084, -0.3484, -0.0248,
         -0.3966, -0.0189,  0.0406,  0.0993,  0.2362,  0.3013,  0.0965,  0.3066],
        [-0.3254,  0.0568,  0.0058,  0.2433,  0.3102,  0.0309,  0.3523,  0.1703,
         -0.0492,  0.1295,  0.0801, -0.2785, -0.2283, -0.2328,  0.0068, -0.1337],
        [ 0.3083,  0.1183,  0.1450, -0.1655, -0.2958, -0.2967, -0.1405, -0.3434,
         -0.0327, -0.1327,  0.1026,  0.1537,  0.3638,  0.3516,  0.0054,  0.2785],
        [-0.2763,  0.0919, -0.3268,  0.2861, -0.0700,  0.1563,  0.3284,  0.3088,
          0.3728,  0.2570,  0.1586, -0.0992,  0.0383,  0.0284,  0.1418, -0.2397],
        [-0.2896, -0.0673, -0.0512,  0.0524,  0.1930,  0.3911,  0.3725, -0.0252,
          0.2397,  0.3456, -0.2222, -0.0198, -0.3169, -0.3035,  0.0027, -0.2602],
        [ 0.0688,  0.0774,  0.2692, -0.0918,  0.0072, -0.3311, -0.3966, -0.3612,
         -0.3156, -0.2955,  0.0835, -0.0011, -0.0226,  0.2675, -0.2663,  0.2189]],
       device='cuda:0', requires_grad=True)

Parameter name: road_linear_0.bias
Shape: torch.Size([32])
Values: Parameter containing:
tensor([-0.0670, -0.0596,  0.1103, -0.0741, -0.0407, -0.0177,  0.0846,  0.1256,
        -0.0508, -0.0560,  0.0335,  0.0729,  0.1930,  0.1065, -0.0517,  0.0931,
        -0.1406,  0.0040,  0.0208, -0.0030, -0.0045, -0.1122, -0.0635, -0.0179,
        -0.1720,  0.2434,  0.1003,  0.0322, -0.0895, -0.2196,  0.1673, -0.0359],
       device='cuda:0', requires_grad=True)

Parameter name: road_linear_1.weight
Shape: torch.Size([1, 32])
Values: Parameter containing:
tensor([[-0.1908,  0.2810, -0.2049, -0.2191,  0.2728,  0.3263, -0.2601, -0.3512,
         -0.2848,  0.3139,  0.2224,  0.3468, -0.2139, -0.3760,  0.2774, -0.1984,
         -0.2919,  0.2991, -0.2014, -0.2223,  0.3657,  0.2778, -0.3407, -0.3504,
         -0.3170, -0.3021, -0.2901,  0.3111, -0.3154,  0.3536,  0.2569, -0.2019]],
       device='cuda:0', requires_grad=True)

Parameter name: linear_0.weight
Shape: torch.Size([32, 39])
Values: Parameter containing:
tensor([[-0.0436,  0.1063,  0.0601,  ...,  0.2103, -0.2955, -0.1137],
        [-0.1165, -0.0444,  0.1164,  ...,  0.1496, -0.3047,  0.0871],
        [ 0.0025, -0.0388,  0.0212,  ...,  0.0363,  0.2018,  0.0345],
        ...,
        [ 0.0048,  0.0147,  0.0578,  ...,  0.0779, -0.2777, -0.1180],
        [ 0.0916, -0.2121, -0.0542,  ..., -0.3198,  0.1207,  0.1557],
        [-0.2139,  0.1578,  0.0396,  ...,  0.0901, -0.2353, -0.0509]],
       device='cuda:0', requires_grad=True)

Parameter name: linear_0.bias
Shape: torch.Size([32])
Values: Parameter containing:
tensor([ 0.0365,  0.0411, -0.0683, -0.1352, -0.0722,  0.0649, -0.1102,  0.0434,
        -0.0356,  0.0796,  0.0137,  0.0135,  0.0316,  0.0785, -0.0535, -0.0180,
         0.0561, -0.1601,  0.0051,  0.0265, -0.0440,  0.0279,  0.1096,  0.0058,
        -0.0964,  0.1068,  0.0482, -0.0922,  0.0513,  0.1382,  0.1686, -0.1250],
       device='cuda:0', requires_grad=True)

Parameter name: linear_1.weight
Shape: torch.Size([32, 32])
Values: Parameter containing:
tensor([[ 0.0808, -0.1672, -0.1333,  ..., -0.1241, -0.0365,  0.0837],
        [-0.1972, -0.0215,  0.0605,  ..., -0.0544, -0.0144,  0.0601],
        [ 0.1240, -0.0444, -0.1306,  ...,  0.0648, -0.0019,  0.1736],
        ...,
        [ 0.1092,  0.0804,  0.1365,  ...,  0.2447, -0.2007,  0.2366],
        [ 0.0018, -0.1321,  0.0126,  ...,  0.0311,  0.2170, -0.1562],
        [ 0.0048, -0.1194,  0.1774,  ...,  0.0471,  0.1431, -0.0402]],
       device='cuda:0', requires_grad=True)

Parameter name: linear_1.bias
Shape: torch.Size([32])
Values: Parameter containing:
tensor([ 0.0971,  0.1410, -0.0485, -0.0783, -0.0030, -0.0385, -0.0524, -0.0464,
         0.1206, -0.1630,  0.1200, -0.1196,  0.1701,  0.0879, -0.1261,  0.1126,
        -0.1385, -0.1696, -0.0632, -0.0059,  0.0027,  0.0904, -0.2015,  0.2073,
        -0.0504, -0.0052,  0.0790, -0.0307, -0.1324, -0.0700,  0.1089,  0.0340],
       device='cuda:0', requires_grad=True)

Parameter name: linear_2.weight
Shape: torch.Size([1, 32])
Values: Parameter containing:
tensor([[ 0.3360,  0.2503, -0.3237, -0.3261,  0.1933,  0.1800, -0.2439,  0.2070,
          0.2580, -0.2727, -0.2212,  0.2361,  0.2233,  0.2001,  0.2592,  0.2466,
         -0.3315, -0.3427, -0.1894,  0.2346, -0.2807, -0.2548, -0.3312,  0.1870,
          0.3015,  0.3458, -0.3263,  0.3262, -0.2452, -0.3332,  0.3083,  0.3353]],
       device='cuda:0', requires_grad=True)

Parameter name: linear_2.bias
Shape: torch.Size([1])
Values: Parameter containing:
tensor([0.1113], device='cuda:0', requires_grad=True)

Parameter name: road_linear_0.weight
Shape: torch.Size([32, 16])
Values: Parameter containing:
tensor([[-0.0045,  0.4267,  0.3108, -0.3351, -0.1893, -0.1552, -0.0351, -0.3702,
         -0.1612, -0.0739,  0.1370,  0.1832,  0.0390, -0.0367, -0.0439,  0.3772],
        [-0.2473, -0.3976, -0.1015,  0.0126, -0.0278,  0.2492,  0.1543,  0.1511,
          0.3985,  0.1476,  0.0865, -0.2608,  0.0046, -0.0714,  0.3542, -0.0827],
        [ 0.0740,  0.2996,  0.3781, -0.1282, -0.0605, -0.3462, -0.0264, -0.3976,
          0.0411, -0.0731, -0.1099, -0.0595,  0.3867,  0.3441,  0.0734,  0.2615],
        [ 0.2682,  0.1300,  0.0857, -0.0972, -0.0475, -0.1994, -0.1434, -0.0834,
         -0.4187, -0.4190,  0.0160,  0.3653,  0.3034, -0.0803, -0.2007,  0.1592],
        [-0.0945,  0.0288, -0.1736, -0.0008,  0.1638,  0.0896,  0.0346,  0.3187,
          0.1496,  0.3168,  0.1087, -0.1646, -0.0539, -0.2764,  0.2816, -0.1637],
        [ 0.0006,  0.0765, -0.3586,  0.4203,  0.3233, -0.0271,  0.2465, -0.0443,
          0.2535,  0.2245, -0.1077, -0.0873, -0.2381,  0.1006,  0.3692, -0.0790],
        [ 0.3668,  0.1780,  0.4084, -0.2064, -0.0547, -0.2186, -0.1687, -0.2281,
         -0.2481, -0.0428, -0.0131,  0.0686, -0.0609,  0.2135, -0.2672,  0.1573],
        [-0.0679,  0.3201,  0.3552, -0.3715, -0.3210, -0.3038, -0.0757, -0.2530,
         -0.2009, -0.2324, -0.0930,  0.0394,  0.2478, -0.0761, -0.0472,  0.3560],
        [ 0.0314,  0.3656,  0.3018, -0.2673, -0.0507, -0.3480, -0.1549, -0.0980,
          0.0433, -0.3293,  0.0020,  0.0570, -0.0633,  0.1945, -0.3433,  0.0987],
        [-0.2870, -0.1592, -0.1020,  0.0100,  0.0729,  0.1603,  0.0404,  0.2357,
          0.2732,  0.0182,  0.1435, -0.0100, -0.2668, -0.1176,  0.1739, -0.2071],
        [-0.3554, -0.0053, -0.0682, -0.0081, -0.0400,  0.4336,  0.2260,  0.1184,
          0.3588,  0.2743,  0.0069, -0.0023, -0.2033,  0.0590, -0.0038, -0.3407],
        [-0.1203, -0.2001, -0.0227,  0.1116,  0.1603,  0.1208,  0.3519,  0.1455,
          0.1583,  0.3646,  0.1168,  0.0638, -0.4144, -0.2675,  0.0649, -0.2097],
        [ 0.3355,  0.3213,  0.1748, -0.2031, -0.1131,  0.0115, -0.0803, -0.3211,
         -0.3344, -0.1326, -0.1184,  0.0437, -0.0288,  0.2310, -0.2553,  0.0465],
        [ 0.2038,  0.3871,  0.3667, -0.0320, -0.3050, -0.0244, -0.0301, -0.0661,
         -0.2187, -0.1811, -0.1264,  0.1127,  0.1216,  0.0830, -0.3449,  0.2415],
        [-0.3729, -0.3550, -0.0695, -0.0204,  0.3668,  0.4170,  0.0910,  0.1169,
         -0.0242,  0.2020,  0.0536, -0.3179, -0.0939, -0.1502,  0.0462, -0.1676],
        [-0.2941, -0.3447, -0.0181,  0.3090, -0.0097,  0.2137,  0.0762, -0.0515,
          0.0815,  0.1853,  0.0726,  0.1488, -0.1130, -0.3204,  0.3992, -0.1237],
        [ 0.3122,  0.2974,  0.2027, -0.3776, -0.3416, -0.0449, -0.0917,  0.0114,
         -0.3722, -0.2085,  0.1766,  0.2952,  0.3550,  0.3077, -0.1140, -0.0178],
        [-0.2931, -0.0172, -0.2485,  0.1654,  0.1144,  0.3086,  0.2769,  0.2604,
          0.1424,  0.3077, -0.0302, -0.2537, -0.1663, -0.2307,  0.2286, -0.1814],
        [ 0.2296,  0.1784,  0.1565, -0.3039, -0.1841, -0.3883, -0.2740,  0.0392,
         -0.4076, -0.1304,  0.0134, -0.0711,  0.2026,  0.2908,  0.0382,  0.2039],
        [ 0.3716,  0.1997,  0.2745, -0.1175, -0.3173, -0.2403, -0.3522,  0.0300,
         -0.0559, -0.2982,  0.0816,  0.2562, -0.0408,  0.1550, -0.0152,  0.2062],
        [-0.1750,  0.0114, -0.0473, -0.0503,  0.2626, -0.0351,  0.2973,  0.3548,
          0.1805,  0.0891, -0.0656, -0.2750, -0.2014, -0.2333,  0.3579, -0.2582],
        [-0.0671, -0.3819, -0.0453,  0.4028, -0.0288,  0.1173,  0.2391, -0.0625,
          0.0222,  0.2821,  0.2100, -0.2593, -0.1922, -0.3854, -0.1055,  0.0532],
        [ 0.3649,  0.0684,  0.0568, -0.1885,  0.0070, -0.4052, -0.2925, -0.2256,
         -0.2600, -0.1805,  0.1822,  0.2211, -0.0697,  0.3463,  0.1134,  0.2277],
        [ 0.2539,  0.2385,  0.3445, -0.3966, -0.2006, -0.1741, -0.1741, -0.2640,
         -0.3587, -0.3456,  0.0010,  0.3544,  0.2804,  0.1639, -0.1713,  0.0315],
        [ 0.2057, -0.0536,  0.1725, -0.1454,  0.0721, -0.2549,  0.0577, -0.1613,
         -0.3576,  0.0363,  0.1915, -0.0026,  0.0493,  0.2814, -0.3070,  0.3501],
        [ 0.0402,  0.0921,  0.0917,  0.0589, -0.2083, -0.2196, -0.0130, -0.3228,
         -0.1686, -0.3736, -0.3072,  0.1145,  0.1916,  0.3592, -0.3743,  0.0864],
        [ 0.2172,  0.2202,  0.3002, -0.3715, -0.1612, -0.1050, -0.3493, -0.0113,
         -0.3845, -0.0158,  0.0211,  0.0930,  0.2295,  0.3137,  0.1194,  0.2989],
        [-0.3210, -0.1019,  0.0100,  0.2334,  0.3017,  0.0283,  0.3545,  0.1666,
         -0.0559,  0.1293,  0.1023, -0.2730, -0.2274, -0.2415, -0.0062, -0.1287],
        [ 0.2992,  0.2098,  0.1381, -0.1553, -0.2809, -0.2916, -0.1390, -0.3298,
         -0.0213, -0.1295,  0.0782,  0.1468,  0.3550,  0.3559,  0.0285,  0.2708],
        [-0.2694, -0.0292, -0.3211,  0.2758, -0.0814,  0.1567,  0.3280,  0.2993,
          0.3628,  0.2554,  0.1693, -0.0935,  0.0387,  0.0234,  0.1340, -0.2331],
        [-0.2810, -0.2170, -0.0445,  0.0420,  0.1793,  0.3891,  0.3713, -0.0383,
          0.2291,  0.3427, -0.2103, -0.0133, -0.3139, -0.3056, -0.0185, -0.2520],
        [ 0.0583,  0.2027,  0.2622, -0.0784,  0.0250, -0.3280, -0.3938, -0.3520,
         -0.3080, -0.2918,  0.0689, -0.0082, -0.0306,  0.2672, -0.2341,  0.2091]],
       device='cuda:0', requires_grad=True)

Parameter name: road_linear_0.bias
Shape: torch.Size([32])
Values: Parameter containing:
tensor([-0.0918, -0.0300,  0.0987, -0.0713, -0.0385, -0.0243,  0.0824,  0.1193,
        -0.0544, -0.0373,  0.0129,  0.0892,  0.1509,  0.0858, -0.0298, -0.0278,
        -0.1563,  0.0071,  0.0165, -0.0064,  0.0013, -0.1083, -0.0659, -0.0285,
        -0.1425,  0.2394,  0.0866,  0.0427, -0.1065, -0.2194,  0.1802, -0.0513],
       device='cuda:0', requires_grad=True)

Parameter name: road_linear_1.weight
Shape: torch.Size([1, 32])
Values: Parameter containing:
tensor([[-0.1944,  0.2798, -0.2028, -0.2190,  0.2756,  0.3260, -0.2588, -0.3479,
         -0.2987,  0.3076,  0.2230,  0.3416, -0.2158, -0.3775,  0.2759,  0.1813,
         -0.2883,  0.2979, -0.1999, -0.2207,  0.3577,  0.2813, -0.3395, -0.3479,
         -0.3255, -0.3005, -0.2881,  0.3049, -0.3144,  0.3516,  0.2572, -0.2015]],
       device='cuda:0', requires_grad=True)

Parameter name: linear_0.weight
Shape: torch.Size([32, 39])
Values: Parameter containing:
tensor([[-2.0149e-02,  9.2894e-02,  8.2269e-02,  ...,  1.5005e-01,
         -2.1769e-01, -1.1368e-01],
        [-1.1927e-01, -4.4539e-02,  1.1918e-01,  ...,  1.2696e-01,
         -2.8953e-01,  8.7102e-02],
        [-2.6247e-05, -2.9727e-02,  3.1094e-02,  ...,  3.4523e-02,
          1.9789e-01,  3.4476e-02],
        ...,
        [ 4.7599e-03,  8.4550e-03,  6.0048e-02,  ...,  5.5857e-02,
         -2.6620e-01, -1.1801e-01],
        [ 9.6775e-02, -2.1087e-01, -5.7452e-02,  ..., -2.9377e-01,
          1.0852e-01,  1.5567e-01],
        [-2.0501e-01,  1.6055e-01,  4.2166e-02,  ...,  6.1808e-02,
         -2.2764e-01, -5.0854e-02]], device='cuda:0', requires_grad=True)

Parameter name: linear_0.bias
Shape: torch.Size([32])
Values: Parameter containing:
tensor([ 0.0447,  0.0435, -0.0734, -0.1354, -0.0718,  0.0603, -0.1120,  0.0491,
        -0.0344,  0.0779,  0.0164,  0.0134,  0.0306,  0.0764, -0.0540, -0.0166,
         0.0558, -0.1622, -0.0559,  0.0334, -0.0474,  0.0264,  0.1076,  0.0035,
        -0.0960,  0.0549,  0.0459, -0.1049,  0.0516,  0.1393,  0.1681, -0.1247],
       device='cuda:0', requires_grad=True)

Parameter name: linear_1.weight
Shape: torch.Size([32, 32])
Values: Parameter containing:
tensor([[ 0.0768, -0.1698, -0.1236,  ..., -0.1171, -0.0398,  0.0836],
        [-0.2016, -0.0234,  0.0790,  ..., -0.0464, -0.0215,  0.0591],
        [ 0.1235, -0.0456, -0.1383,  ...,  0.0570,  0.0054,  0.1689],
        ...,
        [ 0.1020,  0.0718,  0.1354,  ...,  0.2318, -0.1885,  0.2250],
        [ 0.0004, -0.1327,  0.0233,  ...,  0.0411,  0.2084, -0.1544],
        [ 0.0090, -0.1119,  0.1778,  ...,  0.0606,  0.1296, -0.0283]],
       device='cuda:0', requires_grad=True)

Parameter name: linear_1.bias
Shape: torch.Size([32])
Values: Parameter containing:
tensor([ 1.0102e-01,  1.5021e-01, -4.7371e-02, -7.9053e-02, -1.1793e-02,
        -3.4054e-02, -5.0606e-02, -4.7914e-02,  1.2687e-01, -1.6804e-01,
         1.0780e-01, -1.2898e-01,  1.8218e-01,  9.6720e-02, -1.3361e-01,
         1.1572e-01, -1.3639e-01, -1.6678e-01,  3.5699e-02, -1.1096e-02,
        -1.6634e-04,  9.2318e-02, -1.9192e-01,  2.1844e-01, -4.8114e-02,
        -9.5257e-03,  8.4883e-02, -2.6263e-02, -1.2889e-01, -6.6832e-02,
         1.1251e-01,  2.8668e-02], device='cuda:0', requires_grad=True)

Parameter name: linear_2.weight
Shape: torch.Size([1, 32])
Values: Parameter containing:
tensor([[ 0.3474,  0.2625, -0.3333, -0.3232,  0.1997,  0.1942, -0.2513,  0.2066,
          0.2510, -0.2837, -0.2319,  0.2364,  0.2286,  0.2163,  0.2628,  0.2612,
         -0.3350, -0.3474,  0.1982,  0.2390, -0.2844, -0.2624, -0.3399,  0.1899,
          0.3058,  0.3492, -0.3286,  0.3272, -0.2524, -0.3368,  0.3141,  0.3366]],
       device='cuda:0', requires_grad=True)

Parameter name: linear_2.bias
Shape: torch.Size([1])
Values: Parameter containing:
tensor([0.1142], device='cuda:0', requires_grad=True)

Parameter name: road_linear_0.weight
Shape: torch.Size([32, 16])
Values: Parameter containing:
tensor([[-0.0045,  0.4267,  0.3108, -0.3351, -0.1893, -0.1552, -0.0351, -0.3702,
         -0.1612, -0.0739,  0.1370,  0.1832,  0.0390, -0.0367, -0.0439,  0.3772],
        [-0.2473, -0.3976, -0.1015,  0.0126, -0.0278,  0.2492,  0.1543,  0.1511,
          0.3985,  0.1476,  0.0865, -0.2608,  0.0046, -0.0714,  0.3542, -0.0827],
        [ 0.0740,  0.2996,  0.3781, -0.1282, -0.0605, -0.3462, -0.0264, -0.3976,
          0.0411, -0.0731, -0.1099, -0.0595,  0.3867,  0.3441,  0.0734,  0.2615],
        [ 0.2682,  0.1300,  0.0857, -0.0972, -0.0475, -0.1994, -0.1434, -0.0834,
         -0.4187, -0.4190,  0.0160,  0.3653,  0.3034, -0.0803, -0.2007,  0.1592],
        [-0.0945,  0.0288, -0.1736, -0.0008,  0.1638,  0.0896,  0.0346,  0.3187,
          0.1496,  0.3168,  0.1087, -0.1646, -0.0539, -0.2764,  0.2816, -0.1637],
        [ 0.0006,  0.0765, -0.3586,  0.4203,  0.3233, -0.0271,  0.2465, -0.0443,
          0.2535,  0.2245, -0.1077, -0.0873, -0.2381,  0.1006,  0.3692, -0.0790],
        [ 0.3668,  0.1780,  0.4084, -0.2064, -0.0547, -0.2186, -0.1687, -0.2281,
         -0.2481, -0.0428, -0.0131,  0.0686, -0.0609,  0.2135, -0.2672,  0.1573],
        [-0.0679,  0.3201,  0.3552, -0.3715, -0.3210, -0.3038, -0.0757, -0.2530,
         -0.2009, -0.2324, -0.0930,  0.0394,  0.2478, -0.0761, -0.0472,  0.3560],
        [ 0.0314,  0.3656,  0.3018, -0.2673, -0.0507, -0.3480, -0.1549, -0.0980,
          0.0433, -0.3293,  0.0020,  0.0570, -0.0633,  0.1945, -0.3433,  0.0987],
        [-0.2870, -0.1592, -0.1020,  0.0100,  0.0729,  0.1603,  0.0404,  0.2357,
          0.2732,  0.0182,  0.1435, -0.0100, -0.2668, -0.1176,  0.1739, -0.2071],
        [-0.3554, -0.0053, -0.0682, -0.0081, -0.0400,  0.4336,  0.2260,  0.1184,
          0.3588,  0.2743,  0.0069, -0.0023, -0.2033,  0.0590, -0.0038, -0.3407],
        [-0.1203, -0.2001, -0.0227,  0.1116,  0.1603,  0.1208,  0.3519,  0.1455,
          0.1583,  0.3646,  0.1168,  0.0638, -0.4144, -0.2675,  0.0649, -0.2097],
        [ 0.3355,  0.3213,  0.1748, -0.2031, -0.1131,  0.0115, -0.0803, -0.3211,
         -0.3344, -0.1326, -0.1184,  0.0437, -0.0288,  0.2310, -0.2553,  0.0465],
        [ 0.2038,  0.3871,  0.3667, -0.0320, -0.3050, -0.0244, -0.0301, -0.0661,
         -0.2187, -0.1811, -0.1264,  0.1127,  0.1216,  0.0830, -0.3449,  0.2415],
        [-0.3729, -0.3550, -0.0695, -0.0204,  0.3668,  0.4170,  0.0910,  0.1169,
         -0.0242,  0.2020,  0.0536, -0.3179, -0.0939, -0.1502,  0.0462, -0.1676],
        [-0.2941, -0.3447, -0.0181,  0.3090, -0.0097,  0.2137,  0.0762, -0.0515,
          0.0815,  0.1853,  0.0726,  0.1488, -0.1130, -0.3204,  0.3992, -0.1237],
        [ 0.3122,  0.2974,  0.2027, -0.3776, -0.3416, -0.0449, -0.0917,  0.0114,
         -0.3722, -0.2085,  0.1766,  0.2952,  0.3550,  0.3077, -0.1140, -0.0178],
        [-0.2931, -0.0172, -0.2485,  0.1654,  0.1144,  0.3086,  0.2769,  0.2604,
          0.1424,  0.3077, -0.0302, -0.2537, -0.1663, -0.2307,  0.2286, -0.1814],
        [ 0.2296,  0.1784,  0.1565, -0.3039, -0.1841, -0.3883, -0.2740,  0.0392,
         -0.4076, -0.1304,  0.0134, -0.0711,  0.2026,  0.2908,  0.0382,  0.2039],
        [ 0.3716,  0.1997,  0.2745, -0.1175, -0.3173, -0.2403, -0.3522,  0.0300,
         -0.0559, -0.2982,  0.0816,  0.2562, -0.0408,  0.1550, -0.0152,  0.2062],
        [-0.1750,  0.0114, -0.0473, -0.0503,  0.2626, -0.0351,  0.2973,  0.3548,
          0.1805,  0.0891, -0.0656, -0.2750, -0.2014, -0.2333,  0.3579, -0.2582],
        [-0.0671, -0.3819, -0.0453,  0.4028, -0.0288,  0.1173,  0.2391, -0.0625,
          0.0222,  0.2821,  0.2100, -0.2593, -0.1922, -0.3854, -0.1055,  0.0532],
        [ 0.3649,  0.0684,  0.0568, -0.1885,  0.0070, -0.4052, -0.2925, -0.2256,
         -0.2600, -0.1805,  0.1822,  0.2211, -0.0697,  0.3463,  0.1134,  0.2277],
        [ 0.2539,  0.2385,  0.3445, -0.3966, -0.2006, -0.1741, -0.1741, -0.2640,
         -0.3587, -0.3456,  0.0010,  0.3544,  0.2804,  0.1639, -0.1713,  0.0315],
        [ 0.2057, -0.0536,  0.1725, -0.1454,  0.0721, -0.2549,  0.0577, -0.1613,
         -0.3576,  0.0363,  0.1915, -0.0026,  0.0493,  0.2814, -0.3070,  0.3501],
        [ 0.0402,  0.0921,  0.0917,  0.0589, -0.2083, -0.2196, -0.0130, -0.3228,
         -0.1686, -0.3736, -0.3072,  0.1145,  0.1916,  0.3592, -0.3743,  0.0864],
        [ 0.2172,  0.2202,  0.3002, -0.3715, -0.1612, -0.1050, -0.3493, -0.0113,
         -0.3845, -0.0158,  0.0211,  0.0930,  0.2295,  0.3137,  0.1194,  0.2989],
        [-0.3210, -0.1019,  0.0100,  0.2334,  0.3017,  0.0283,  0.3545,  0.1666,
         -0.0559,  0.1293,  0.1023, -0.2730, -0.2274, -0.2415, -0.0062, -0.1287],
        [ 0.2992,  0.2098,  0.1381, -0.1553, -0.2809, -0.2916, -0.1390, -0.3298,
         -0.0213, -0.1295,  0.0782,  0.1468,  0.3550,  0.3559,  0.0285,  0.2708],
        [-0.2694, -0.0292, -0.3211,  0.2758, -0.0814,  0.1567,  0.3280,  0.2993,
          0.3628,  0.2554,  0.1693, -0.0935,  0.0387,  0.0234,  0.1340, -0.2331],
        [-0.2810, -0.2170, -0.0445,  0.0420,  0.1793,  0.3891,  0.3713, -0.0383,
          0.2291,  0.3427, -0.2103, -0.0133, -0.3139, -0.3056, -0.0185, -0.2520],
        [ 0.0583,  0.2027,  0.2622, -0.0784,  0.0250, -0.3280, -0.3938, -0.3520,
         -0.3080, -0.2918,  0.0689, -0.0082, -0.0306,  0.2672, -0.2341,  0.2091]],
       device='cuda:0', requires_grad=True)

Parameter name: road_linear_0.bias
Shape: torch.Size([32])
Values: Parameter containing:
tensor([-0.0918, -0.0300,  0.0987, -0.0713, -0.0385, -0.0243,  0.0824,  0.1193,
        -0.0544, -0.0373,  0.0129,  0.0892,  0.1509,  0.0858, -0.0298, -0.0278,
        -0.1563,  0.0071,  0.0165, -0.0064,  0.0013, -0.1083, -0.0659, -0.0285,
        -0.1425,  0.2394,  0.0866,  0.0427, -0.1065, -0.2194,  0.1802, -0.0513],
       device='cuda:0', requires_grad=True)

Parameter name: road_linear_1.weight
Shape: torch.Size([1, 32])
Values: Parameter containing:
tensor([[-0.1944,  0.2798, -0.2028, -0.2190,  0.2756,  0.3260, -0.2588, -0.3479,
         -0.2987,  0.3076,  0.2230,  0.3416, -0.2158, -0.3775,  0.2759,  0.1813,
         -0.2883,  0.2979, -0.1999, -0.2207,  0.3577,  0.2813, -0.3395, -0.3479,
         -0.3255, -0.3005, -0.2881,  0.3049, -0.3144,  0.3516,  0.2572, -0.2015]],
       device='cuda:0', requires_grad=True)

Parameter name: linear_0.weight
Shape: torch.Size([32, 39])
Values: Parameter containing:
tensor([[-2.0149e-02,  9.2894e-02,  8.2270e-02,  ...,  1.5005e-01,
         -2.1769e-01, -1.1368e-01],
        [-1.1927e-01, -4.4539e-02,  1.1918e-01,  ...,  1.2696e-01,
         -2.8953e-01,  8.7102e-02],
        [-2.6255e-05, -2.9727e-02,  3.1094e-02,  ...,  3.4523e-02,
          1.9789e-01,  3.4476e-02],
        ...,
        [ 4.7599e-03,  8.4550e-03,  6.0048e-02,  ...,  5.5857e-02,
         -2.6620e-01, -1.1801e-01],
        [ 9.6775e-02, -2.1087e-01, -5.7452e-02,  ..., -2.9377e-01,
          1.0852e-01,  1.5567e-01],
        [-2.0501e-01,  1.6055e-01,  4.2166e-02,  ...,  6.1808e-02,
         -2.2764e-01, -5.0854e-02]], device='cuda:0', requires_grad=True)

Parameter name: linear_0.bias
Shape: torch.Size([32])
Values: Parameter containing:
tensor([ 0.0447,  0.0435, -0.0734, -0.1354, -0.0718,  0.0603, -0.1120,  0.0491,
        -0.0344,  0.0779,  0.0164,  0.0134,  0.0306,  0.0764, -0.0540, -0.0166,
         0.0558, -0.1622, -0.0559,  0.0334, -0.0474,  0.0264,  0.1076,  0.0035,
        -0.0960,  0.0549,  0.0459, -0.1049,  0.0516,  0.1393,  0.1680, -0.1247],
       device='cuda:0', requires_grad=True)

Parameter name: linear_1.weight
Shape: torch.Size([32, 32])
Values: Parameter containing:
tensor([[ 0.0768, -0.1698, -0.1236,  ..., -0.1171, -0.0398,  0.0836],
        [-0.2016, -0.0234,  0.0790,  ..., -0.0464, -0.0215,  0.0591],
        [ 0.1235, -0.0456, -0.1383,  ...,  0.0570,  0.0054,  0.1689],
        ...,
        [ 0.1020,  0.0718,  0.1354,  ...,  0.2318, -0.1885,  0.2250],
        [ 0.0004, -0.1327,  0.0233,  ...,  0.0411,  0.2084, -0.1544],
        [ 0.0090, -0.1119,  0.1778,  ...,  0.0606,  0.1296, -0.0283]],
       device='cuda:0', requires_grad=True)

Parameter name: linear_1.bias
Shape: torch.Size([32])
Values: Parameter containing:
tensor([ 1.0102e-01,  1.5021e-01, -4.7371e-02, -7.9053e-02, -1.1793e-02,
        -3.4054e-02, -5.0606e-02, -4.7914e-02,  1.2687e-01, -1.6804e-01,
         1.0780e-01, -1.2898e-01,  1.8218e-01,  9.6720e-02, -1.3361e-01,
         1.1572e-01, -1.3639e-01, -1.6678e-01,  3.5699e-02, -1.1096e-02,
        -1.6634e-04,  9.2318e-02, -1.9192e-01,  2.1844e-01, -4.8114e-02,
        -9.5257e-03,  8.4883e-02, -2.6263e-02, -1.2889e-01, -6.6832e-02,
         1.1251e-01,  2.8668e-02], device='cuda:0', requires_grad=True)

Parameter name: linear_2.weight
Shape: torch.Size([1, 32])
Values: Parameter containing:
tensor([[ 0.3474,  0.2625, -0.3333, -0.3232,  0.1997,  0.1942, -0.2513,  0.2066,
          0.2510, -0.2837, -0.2319,  0.2364,  0.2286,  0.2163,  0.2628,  0.2612,
         -0.3350, -0.3474,  0.1982,  0.2390, -0.2844, -0.2624, -0.3399,  0.1899,
          0.3058,  0.3492, -0.3286,  0.3272, -0.2524, -0.3368,  0.3141,  0.3366]],
       device='cuda:0', requires_grad=True)

Parameter name: linear_2.bias
Shape: torch.Size([1])
Values: Parameter containing:
tensor([0.1142], device='cuda:0', requires_grad=True)

