Parameter name: road_linear_0.weight
Shape: torch.Size([32, 16])
Values: Parameter containing:
tensor([[-0.2812,  0.4731,  0.0856, -0.0700,  0.3500,  0.1760,  0.3651,  0.1515,
          0.3599,  0.1756,  0.1417, -0.3100, -0.3666, -0.2561,  0.3779,  0.1226],
        [-0.1076, -0.1457,  0.0633, -0.1271,  0.1252,  0.2162,  0.0509,  0.3392,
          0.6800, -0.0377,  0.2655, -0.4368,  0.0702,  0.1188,  0.6702,  0.0688],
        [ 0.1244, -0.2041,  0.3381, -0.0998, -0.3324, -0.3329, -0.1876, -0.6199,
         -0.1756, -0.0418,  0.0836,  0.1427,  0.5968,  0.2709, -0.0994,  0.2527],
        [ 0.0565, -0.1233, -0.1357,  0.0878, -0.1285, -0.1292,  0.0050, -0.2358,
         -0.6627, -0.1867, -0.1889,  0.4709,  0.1817, -0.3476, -0.4237, -0.0478],
        [ 0.0756,  0.2825,  0.0230, -0.1619,  0.2693,  0.0338, -0.0578,  0.4893,
          0.4027,  0.1023,  0.3055, -0.2807,  0.0347, -0.0489,  0.5088,  0.0050],
        [-0.0617,  0.5044, -0.3225,  0.3784,  0.5496, -0.0242,  0.3904,  0.1476,
          0.3889,  0.1856, -0.2647, -0.2433, -0.3619,  0.1771,  0.4557, -0.0724],
        [ 0.1945, -0.0322,  0.2145, -0.0467, -0.1911, -0.1492, -0.0889, -0.3995,
         -0.5134,  0.1588, -0.0994,  0.1954, -0.0943,  0.0210, -0.4915, -0.0119],
        [-0.2200,  0.0644,  0.1739, -0.2200, -0.4901, -0.2303, -0.0128, -0.4365,
         -0.4456, -0.0450, -0.1268,  0.1820,  0.2506, -0.2806, -0.2871,  0.1992],
        [-0.1178,  0.0705,  0.1322, -0.1237, -0.2533, -0.2929, -0.0543, -0.3131,
         -0.2954, -0.1370, -0.2708,  0.2655, -0.1234, -0.0058, -0.6468, -0.0556],
        [-0.1376,  0.0993,  0.0721, -0.1345,  0.2141,  0.1165, -0.0501,  0.4315,
          0.5719, -0.1736,  0.3102, -0.1758, -0.1997,  0.0831,  0.4608, -0.0520],
        [-0.2413,  0.4233,  0.0844, -0.1341,  0.1495,  0.3639,  0.2071,  0.3055,
          0.6009,  0.1193,  0.0904, -0.1586, -0.2278,  0.2642,  0.1837, -0.2149],
        [ 0.0416,  0.0975,  0.1633, -0.0488,  0.3399,  0.0516,  0.2473,  0.3400,
          0.4617,  0.1650,  0.3611, -0.1092, -0.3730, -0.0520,  0.3253, -0.0422],
        [ 0.2001, -0.0358,  0.0029, -0.0681, -0.2584,  0.0443, -0.0407, -0.5129,
         -0.6036,  0.0399, -0.0992,  0.1868, -0.0624,  0.0201, -0.4551, -0.0906],
        [ 0.0368,  0.1851,  0.1800,  0.1249, -0.4397,  0.0195,  0.0741, -0.2543,
         -0.5245,  0.0208, -0.2915,  0.2675,  0.0445, -0.1215, -0.6246,  0.0738],
        [-0.2066, -0.0975,  0.1122, -0.1720,  0.5261,  0.3554, -0.0261,  0.3093,
          0.2752,  0.0020,  0.1931, -0.4851, -0.0149,  0.0655,  0.3225, -0.0030],
        [-0.1512, -0.3425,  0.0805,  0.1449, -0.4722, -0.0156, -0.1742, -0.4886,
         -0.4190,  0.0590, -0.0429,  0.5632,  0.1501, -0.1621, -0.1157,  0.0097],
        [ 0.0885,  0.1026, -0.0234, -0.1802, -0.4451,  0.0245,  0.0615, -0.1512,
         -0.6179,  0.0276,  0.0501,  0.4132,  0.2554,  0.0415, -0.3664, -0.2336],
        [-0.1834,  0.2529, -0.1029,  0.0355,  0.2694,  0.2363,  0.2776,  0.4069,
          0.2451,  0.1610, -0.0469, -0.3487, -0.1898, -0.0631,  0.3766, -0.0567],
        [ 0.2258, -0.2950,  0.0635, -0.2268, -0.4264, -0.3457, -0.3699, -0.1673,
         -0.5930, -0.0525,  0.1263,  0.1063,  0.3697,  0.1648, -0.1441,  0.1392],
        [ 0.3870, -0.2933,  0.1974, -0.0413, -0.5710, -0.2097, -0.4619, -0.1823,
         -0.2378, -0.2211,  0.0556,  0.4383,  0.1034,  0.0372, -0.1807,  0.1591],
        [-0.0427,  0.2419,  0.1173, -0.1910,  0.3573, -0.0743,  0.2595,  0.4984,
          0.3220, -0.0766, -0.0434, -0.3395, -0.1464, -0.0409,  0.4694, -0.1204],
        [ 0.0034,  0.0152,  0.0689,  0.3043,  0.2624,  0.0912,  0.2256,  0.1806,
          0.3457,  0.1462,  0.3238, -0.5007, -0.2573, -0.2452,  0.1978,  0.1455],
        [ 0.3644, -0.3419, -0.0263, -0.1037, -0.2213, -0.3565, -0.3817, -0.4153,
         -0.4364, -0.0950,  0.2480,  0.3909,  0.0675,  0.2336, -0.0619,  0.1696],
        [ 0.0123,  0.0743,  0.1072, -0.1887, -0.2784, -0.0806, -0.0193, -0.3998,
         -0.5310, -0.1008, -0.1849,  0.4248,  0.1651, -0.1214, -0.3714, -0.1919],
        [ 0.0345, -0.3467, -0.0186,  0.0131, -0.0550, -0.1908,  0.1507, -0.3320,
         -0.6625,  0.2420,  0.1053,  0.1346, -0.0232,  0.0505, -0.5311,  0.1760],
        [-0.1320, -0.1264, -0.1086,  0.2215, -0.2942, -0.1616,  0.0731, -0.4854,
         -0.4049, -0.1643, -0.3667,  0.1912,  0.1068,  0.1331, -0.5771, -0.0793],
        [ 0.3447, -0.1949,  0.2939, -0.3385, -0.4244, -0.1052, -0.5643, -0.2352,
         -0.5714, -0.0069,  0.2019,  0.2745,  0.4464,  0.2988, -0.0762,  0.3244],
        [-0.1923,  0.2446,  0.1772,  0.0935,  0.4948, -0.0234,  0.3030,  0.3568,
          0.1904, -0.0477,  0.2964, -0.4344, -0.2232, -0.0473,  0.2104,  0.0128],
        [ 0.1552, -0.1257, -0.0308, -0.0064, -0.4468, -0.2170, -0.0664, -0.4989,
         -0.2187,  0.0407, -0.0504,  0.2835,  0.3544,  0.1341, -0.1642,  0.1221],
        [-0.3116,  0.3516, -0.2668,  0.2240,  0.1481,  0.1342,  0.4645,  0.4900,
          0.5168,  0.2011,  0.0855, -0.2485, -0.0972,  0.0990,  0.2586, -0.2130],
        [-0.2594,  0.2119,  0.0496, -0.0541,  0.4131,  0.3448,  0.4388,  0.1592,
          0.4164,  0.2461, -0.3040, -0.1850, -0.4622, -0.1739,  0.1804, -0.1786],
        [-0.1273, -0.0561,  0.0605,  0.0816, -0.0997, -0.2435, -0.2966, -0.5214,
         -0.5358, -0.0911, -0.0009,  0.1148, -0.0723,  0.0528, -0.4769,  0.0309]],
       device='cuda:0', requires_grad=True)

Parameter name: road_linear_0.bias
Shape: torch.Size([32])
Values: Parameter containing:
tensor([-0.0893,  0.1280,  0.1698, -0.1928,  0.1509, -0.1336, -0.0182,  0.1132,
        -0.1225,  0.1175, -0.0201,  0.1201, -0.0147, -0.0767,  0.1348, -0.0233,
        -0.1796, -0.0456,  0.1743,  0.1148,  0.0815, -0.0822,  0.0772, -0.0974,
        -0.2108, -0.0073,  0.2278,  0.0655, -0.0427, -0.2422, -0.0512, -0.0650],
       device='cuda:0', requires_grad=True)

Parameter name: road_linear_1.weight
Shape: torch.Size([1, 32])
Values: Parameter containing:
tensor([[ 0.4633,  0.6343, -0.3915, -0.5336,  0.6072,  0.5640, -0.5305, -0.6019,
         -0.5417,  0.6650,  0.4558,  0.6260, -0.5368, -0.7035,  0.5597, -0.5380,
         -0.5543,  0.5303, -0.3662, -0.4093,  0.6821,  0.4565, -0.5151, -0.6271,
         -0.5899, -0.6386, -0.4735,  0.5934, -0.5406,  0.5872,  0.4197, -0.4624]],
       device='cuda:0', requires_grad=True)

Parameter name: linear_0.weight
Shape: torch.Size([32, 39])
Values: Parameter containing:
tensor([[-0.0230,  0.0989,  0.0551,  ...,  0.1823, -0.4330, -0.1137],
        [-0.1397, -0.0330,  0.1384,  ...,  0.0553, -0.4381,  0.0871],
        [ 0.0283, -0.0428,  0.0243,  ...,  0.0632,  0.4059,  0.0345],
        ...,
        [ 0.1411, -0.1623, -0.0392,  ..., -0.1718,  0.1572, -0.1180],
        [ 0.1154, -0.2188, -0.0748,  ..., -0.2297,  0.2858,  0.1557],
        [-0.2153,  0.1746,  0.0693,  ...,  0.0782, -0.4024, -0.0509]],
       device='cuda:0', requires_grad=True)

Parameter name: linear_0.bias
Shape: torch.Size([32])
Values: Parameter containing:
tensor([ 0.0832,  0.0297, -0.0637, -0.1386, -0.0832,  0.0409, -0.0865,  0.0716,
        -0.0380,  0.0485,  0.0498,  0.0191, -0.0248,  0.1038, -0.0254, -0.0164,
         0.0501, -0.1642, -0.0029,  0.0897, -0.0918,  0.0028,  0.1174,  0.0483,
        -0.1096,  0.1110,  0.0570, -0.1466,  0.0445,  0.1953,  0.1817, -0.1047],
       device='cuda:0', requires_grad=True)

Parameter name: linear_1.weight
Shape: torch.Size([32, 32])
Values: Parameter containing:
tensor([[ 0.0897, -0.2120, -0.0109,  ...,  0.1031, -0.0048,  0.0584],
        [-0.1928, -0.0564,  0.1910,  ...,  0.1994,  0.0100,  0.0323],
        [ 0.1263, -0.0268, -0.2389,  ..., -0.1817, -0.0204,  0.2052],
        ...,
        [ 0.1315,  0.0902,  0.0332,  ...,  0.0402, -0.2242,  0.3089],
        [ 0.0380, -0.2120,  0.1323,  ...,  0.3198,  0.2642, -0.1449],
        [ 0.0130, -0.1326,  0.2777,  ...,  0.2684,  0.1510, -0.0637]],
       device='cuda:0', requires_grad=True)

Parameter name: linear_1.bias
Shape: torch.Size([32])
Values: Parameter containing:
tensor([ 0.1475,  0.1894, -0.0707, -0.1524,  0.0393, -0.0058, -0.0974,  0.0498,
         0.2059, -0.1792,  0.1416, -0.1991,  0.2359,  0.0733, -0.0719,  0.2051,
        -0.0062, -0.1920,  0.0666,  0.0654, -0.0785,  0.0629, -0.2384,  0.2273,
         0.0099, -0.1036,  0.0803,  0.0144, -0.1938, -0.0851,  0.1942,  0.0560],
       device='cuda:0', requires_grad=True)

Parameter name: linear_2.weight
Shape: torch.Size([1, 32])
Values: Parameter containing:
tensor([[ 0.9706,  0.8971, -0.9558, -0.9362,  0.8032,  0.8201, -0.8713,  0.7892,
          0.8553, -0.9208, -0.8331,  0.8430,  0.8380,  0.8461,  0.8620,  0.8360,
         -0.9565, -0.9789,  0.8321,  0.8231, -0.8835, -0.8805, -0.9843,  0.8376,
          0.9242,  0.9644, -0.9556,  0.9348, -0.8756, -0.9752,  0.8850,  0.9564]],
       device='cuda:0', requires_grad=True)

Parameter name: linear_2.bias
Shape: torch.Size([1])
Values: Parameter containing:
tensor([0.7126], device='cuda:0', requires_grad=True)

