Parameter name: road_linear_0.weight
Shape: torch.Size([32, 16])
Values: Parameter containing:
tensor([[-3.0292e-01,  4.7912e-01,  6.7096e-02, -5.5857e-02,  3.5799e-01,
          1.9931e-01,  3.8450e-01,  1.4818e-01,  3.7238e-01,  1.7916e-01,
          1.1306e-01, -3.1112e-01, -4.0029e-01, -2.7673e-01,  3.8329e-01,
          1.0540e-01],
        [-1.1187e-01, -1.5359e-01,  5.8780e-02, -1.2091e-01,  1.4263e-01,
          2.3163e-01,  5.0972e-02,  3.4770e-01,  7.1708e-01, -4.2969e-02,
          2.6019e-01, -4.5096e-01,  5.5342e-02,  1.1235e-01,  6.9305e-01,
          6.5350e-02],
        [ 1.5132e-01, -2.1340e-01,  3.5941e-01, -1.1369e-01, -3.4186e-01,
         -3.5785e-01, -2.1441e-01, -6.1997e-01, -1.8584e-01, -4.5450e-02,
          1.1872e-01,  1.4570e-01,  6.3943e-01,  2.9542e-01, -1.0814e-01,
          2.7333e-01],
        [ 6.2405e-02, -1.1738e-01, -1.2985e-01,  8.0170e-02, -1.4556e-01,
         -1.4415e-01,  3.2650e-03, -2.4248e-01, -6.9720e-01, -1.8285e-01,
         -1.8214e-01,  4.8564e-01,  1.9732e-01, -3.3963e-01, -4.4603e-01,
         -4.2681e-02],
        [ 7.0087e-02,  2.7510e-01,  1.6235e-02, -1.5289e-01,  2.8533e-01,
          4.9562e-02, -5.5352e-02,  4.9372e-01,  4.3668e-01,  9.8824e-02,
          2.9864e-01, -2.9342e-01,  1.9726e-02, -5.7396e-02,  5.2923e-01,
         -6.9113e-04],
        [-8.5022e-02,  5.1117e-01, -3.4057e-01,  3.8978e-01,  5.5410e-01,
         -3.6309e-03,  4.1150e-01,  1.4658e-01,  3.9517e-01,  1.8720e-01,
         -2.9561e-01, -2.4331e-01, -3.9692e-01,  1.5700e-01,  4.6204e-01,
         -8.9542e-02],
        [ 2.0469e-01, -3.0624e-02,  2.2298e-01, -5.6462e-02, -2.0632e-01,
         -1.6353e-01, -9.4117e-02, -4.0191e-01, -5.4254e-01,  1.6033e-01,
         -8.7650e-02,  2.0846e-01, -7.3897e-02,  3.2687e-02, -5.0984e-01,
         -3.4705e-03],
        [-2.0783e-01,  6.2912e-02,  1.8285e-01, -2.2956e-01, -5.0341e-01,
         -2.4287e-01, -1.9210e-02, -4.3785e-01, -4.7026e-01, -4.4548e-02,
         -1.1281e-01,  1.9422e-01,  2.7284e-01, -2.6773e-01, -3.0323e-01,
          2.0860e-01],
        [-1.0972e-01,  7.2445e-02,  1.3815e-01, -1.3126e-01, -2.7194e-01,
         -3.0602e-01, -5.6953e-02, -3.2021e-01, -3.2779e-01, -1.3429e-01,
         -2.6238e-01,  2.8305e-01, -1.0494e-01,  3.4694e-03, -6.6914e-01,
         -4.9498e-02],
        [-1.4318e-01,  9.2784e-02,  6.6272e-02, -1.2683e-01,  2.3110e-01,
          1.3172e-01, -4.8245e-02,  4.3794e-01,  6.0666e-01, -1.7745e-01,
          3.0365e-01, -1.8968e-01, -2.1500e-01,  7.5294e-02,  4.8227e-01,
         -5.6923e-02],
        [-2.6108e-01,  4.3006e-01,  6.8811e-02, -1.2062e-01,  1.6076e-01,
          3.8210e-01,  2.2248e-01,  3.0338e-01,  6.1746e-01,  1.2287e-01,
          6.6476e-02, -1.6605e-01, -2.5885e-01,  2.4495e-01,  1.9334e-01,
         -2.3035e-01],
        [ 3.0769e-02,  9.7992e-02,  1.5514e-01, -3.9579e-02,  3.5524e-01,
          6.4243e-02,  2.5278e-01,  3.4326e-01,  4.8792e-01,  1.6418e-01,
          3.4949e-01, -1.2314e-01, -3.9302e-01, -6.3621e-02,  3.4275e-01,
         -5.0808e-02],
        [ 2.0756e-01, -2.9638e-02,  1.1188e-02, -7.8402e-02, -2.7425e-01,
          2.8066e-02, -4.4812e-02, -5.1519e-01, -6.3634e-01,  4.2693e-02,
         -9.0049e-02,  1.9828e-01, -4.5153e-02,  3.0367e-02, -4.7402e-01,
         -8.3358e-02],
        [ 4.3184e-02,  1.9007e-01,  1.8591e-01,  1.1746e-01, -4.5803e-01,
          4.0076e-03,  7.1900e-02, -2.6224e-01, -5.5959e-01,  2.4339e-02,
         -2.8453e-01,  2.8360e-01,  6.1186e-02, -1.1335e-01, -6.4745e-01,
          7.8979e-02],
        [-2.1381e-01, -1.0148e-01,  1.0583e-01, -1.6384e-01,  5.4292e-01,
          3.6902e-01, -2.3373e-02,  3.1435e-01,  3.0712e-01, -8.9868e-04,
          1.8484e-01, -4.9973e-01, -3.1836e-02,  5.6445e-02,  3.4306e-01,
         -9.1261e-03],
        [-1.4019e-01, -3.3910e-01,  9.2165e-02,  1.3224e-01, -4.8366e-01,
         -3.2134e-02, -1.8196e-01, -4.8571e-01, -4.4424e-01,  5.9344e-02,
         -2.8596e-02,  5.6993e-01,  1.7038e-01, -1.4847e-01, -1.2751e-01,
          2.0118e-02],
        [ 9.6629e-02,  1.0272e-01, -1.9136e-02, -1.8629e-01, -4.6116e-01,
          1.4966e-02,  6.0475e-02, -1.5856e-01, -6.4803e-01,  3.0640e-02,
          5.7791e-02,  4.3212e-01,  2.7233e-01,  5.0098e-02, -3.9034e-01,
         -2.2791e-01],
        [-2.0470e-01,  2.5924e-01, -1.1984e-01,  4.8286e-02,  2.7527e-01,
          2.5576e-01,  2.9588e-01,  4.0275e-01,  2.5543e-01,  1.6397e-01,
         -7.4743e-02, -3.4991e-01, -2.2279e-01, -8.3136e-02,  3.8178e-01,
         -7.2797e-02],
        [ 2.5417e-01, -3.0700e-01,  8.2921e-02, -2.3881e-01, -4.3422e-01,
         -3.6637e-01, -3.9481e-01, -1.6898e-01, -5.9994e-01, -5.6911e-02,
          1.6148e-01,  1.1207e-01,  4.1230e-01,  1.9025e-01, -1.5407e-01,
          1.6012e-01],
        [ 4.0983e-01, -2.9860e-01,  2.1669e-01, -5.4083e-02, -5.8422e-01,
         -2.3420e-01, -4.8614e-01, -1.8538e-01, -2.5261e-01, -2.2174e-01,
          8.5655e-02,  4.4155e-01,  1.4085e-01,  5.7328e-02, -1.9223e-01,
          1.7645e-01],
        [-5.4465e-02,  2.3900e-01,  1.0444e-01, -1.7757e-01,  3.6762e-01,
         -5.6963e-02,  2.6848e-01,  4.9441e-01,  3.4507e-01, -7.6112e-02,
         -5.8649e-02, -3.4427e-01, -1.6661e-01, -5.5337e-02,  4.7851e-01,
         -1.3171e-01],
        [-1.1177e-02,  1.7066e-02,  5.7250e-02,  3.1504e-01,  2.7833e-01,
          1.0974e-01,  2.3653e-01,  1.8331e-01,  3.7084e-01,  1.4579e-01,
          3.0611e-01, -5.1072e-01, -2.8479e-01, -2.6009e-01,  2.1306e-01,
          1.3404e-01],
        [ 3.8893e-01, -3.4963e-01, -7.3463e-03, -1.1621e-01, -2.3063e-01,
         -3.7837e-01, -4.0561e-01, -4.1577e-01, -4.4700e-01, -9.7520e-02,
          2.7973e-01,  3.9385e-01,  1.0590e-01,  2.5558e-01, -7.0734e-02,
          1.8799e-01],
        [ 1.9204e-02,  7.7946e-02,  1.1258e-01, -1.9601e-01, -2.9381e-01,
         -9.2010e-02, -2.0914e-02, -4.0464e-01, -5.6166e-01, -9.7330e-02,
         -1.7755e-01,  4.3937e-01,  1.8075e-01, -1.1312e-01, -3.9232e-01,
         -1.8638e-01],
        [ 4.2602e-02, -3.4433e-01, -1.2420e-02,  5.2041e-03, -7.0774e-02,
         -2.0358e-01,  1.4802e-01, -3.3741e-01, -6.9382e-01,  2.4456e-01,
          1.1384e-01,  1.5044e-01, -5.9573e-03,  6.0002e-02, -5.5269e-01,
          1.8244e-01],
        [-1.2841e-01, -1.1657e-01, -1.0241e-01,  2.1246e-01, -3.0898e-01,
         -1.7686e-01,  7.1771e-02, -4.8876e-01, -4.3910e-01, -1.5987e-01,
         -3.6171e-01,  2.0121e-01,  1.1893e-01,  1.4039e-01, -5.9674e-01,
         -7.4594e-02],
        [ 3.6799e-01, -1.9905e-01,  3.1607e-01, -3.5318e-01, -4.4212e-01,
         -1.3277e-01, -5.9189e-01, -2.4456e-01, -5.9066e-01, -5.9857e-03,
          2.3301e-01,  2.8010e-01,  4.8822e-01,  3.2181e-01, -8.9495e-02,
          3.4493e-01],
        [-2.0568e-01,  2.4470e-01,  1.6535e-01,  1.0521e-01,  5.0713e-01,
         -6.4530e-03,  3.1293e-01,  3.5579e-01,  2.1321e-01, -4.7441e-02,
          2.7973e-01, -4.4166e-01, -2.4697e-01, -6.1876e-02,  2.2202e-01,
          1.5045e-03],
        [ 1.7311e-01, -1.3162e-01, -1.7601e-02, -1.7978e-02, -4.5699e-01,
         -2.3241e-01, -7.9080e-02, -4.9732e-01, -2.3540e-01,  3.8384e-02,
         -2.8775e-02,  2.9136e-01,  3.8332e-01,  1.5158e-01, -1.7493e-01,
          1.3576e-01],
        [-3.3369e-01,  3.5691e-01, -2.8542e-01,  2.3684e-01,  1.5648e-01,
          1.5715e-01,  4.8674e-01,  4.8839e-01,  5.2817e-01,  2.0272e-01,
          5.5326e-02, -2.4847e-01, -1.3299e-01,  7.8974e-02,  2.6513e-01,
         -2.2978e-01],
        [-2.8739e-01,  2.2351e-01,  3.0142e-02, -4.1978e-02,  4.2233e-01,
          3.6666e-01,  4.6377e-01,  1.6195e-01,  4.2450e-01,  2.5021e-01,
         -3.3894e-01, -1.9119e-01, -5.0492e-01, -1.9868e-01,  1.9127e-01,
         -1.9941e-01],
        [-1.1646e-01, -5.6067e-02,  6.8576e-02,  7.2135e-02, -1.1387e-01,
         -2.5580e-01, -3.0152e-01, -5.2332e-01, -5.6296e-01, -9.0059e-02,
          1.1259e-02,  1.2833e-01, -5.1959e-02,  6.4763e-02, -4.9475e-01,
          3.9623e-02]], device='cuda:0', requires_grad=True)

Parameter name: road_linear_0.bias
Shape: torch.Size([32])
Values: Parameter containing:
tensor([-0.1061,  0.1418,  0.1884, -0.2039,  0.1669, -0.1525, -0.0155,  0.1259,
        -0.1203,  0.1316, -0.0418,  0.1106, -0.0288, -0.0870,  0.1411, -0.0281,
        -0.1655, -0.0651,  0.1983,  0.1262,  0.0857, -0.0913,  0.0941, -0.0981,
        -0.2082, -0.0267,  0.2342,  0.0609, -0.0219, -0.2548, -0.0743, -0.0560],
       device='cuda:0', requires_grad=True)

Parameter name: road_linear_1.weight
Shape: torch.Size([1, 32])
Values: Parameter containing:
tensor([[ 0.5031,  0.6600, -0.4357, -0.5615,  0.6319,  0.6015, -0.5735, -0.6438,
         -0.5787,  0.6926,  0.4963,  0.6629, -0.5741, -0.7361,  0.5909, -0.5670,
         -0.5974,  0.5698, -0.4093, -0.4439,  0.7175,  0.4956, -0.5549, -0.6642,
         -0.6299, -0.6616, -0.5137,  0.6259, -0.5820,  0.6231,  0.4631, -0.5002]],
       device='cuda:0', requires_grad=True)

Parameter name: linear_0.weight
Shape: torch.Size([32, 39])
Values: Parameter containing:
tensor([[-0.0223,  0.0989,  0.0538,  ...,  0.1903, -0.5065, -0.1137],
        [-0.1385, -0.0361,  0.1391,  ...,  0.0545, -0.4786,  0.0871],
        [ 0.0271, -0.0397,  0.0234,  ...,  0.0638,  0.4660,  0.0345],
        ...,
        [ 0.1396, -0.1580, -0.0404,  ..., -0.1700,  0.1911, -0.1180],
        [ 0.1128, -0.2144, -0.0742,  ..., -0.2303,  0.3369,  0.1557],
        [-0.2160,  0.1773,  0.0687,  ...,  0.0816, -0.4583, -0.0509]],
       device='cuda:0', requires_grad=True)

Parameter name: linear_0.bias
Shape: torch.Size([32])
Values: Parameter containing:
tensor([ 0.0847,  0.0286, -0.0623, -0.1366, -0.0841,  0.0408, -0.0849,  0.0713,
        -0.0389,  0.0481,  0.0504,  0.0175, -0.0248,  0.1052, -0.0234, -0.0168,
         0.0521, -0.1652, -0.0015,  0.0920, -0.0936, -0.0010,  0.1182,  0.0532,
        -0.1096,  0.1121,  0.0587, -0.1508,  0.0455,  0.1972,  0.1816, -0.1035],
       device='cuda:0', requires_grad=True)

Parameter name: linear_1.weight
Shape: torch.Size([32, 32])
Values: Parameter containing:
tensor([[ 0.0924, -0.2159, -0.0023,  ...,  0.1069, -0.0038,  0.0624],
        [-0.1908, -0.0594,  0.1989,  ...,  0.2024,  0.0103,  0.0353],
        [ 0.1298, -0.0288, -0.2406,  ..., -0.1794, -0.0172,  0.2090],
        ...,
        [ 0.1367,  0.0895,  0.0270,  ...,  0.0421, -0.2267,  0.3227],
        [ 0.0454, -0.2206,  0.1443,  ...,  0.3282,  0.2692, -0.1354],
        [ 0.0145, -0.1345,  0.2826,  ...,  0.2704,  0.1497, -0.0599]],
       device='cuda:0', requires_grad=True)

Parameter name: linear_1.bias
Shape: torch.Size([32])
Values: Parameter containing:
tensor([ 0.1517,  0.1928, -0.0690, -0.1572,  0.0401, -0.0041, -0.0989,  0.0589,
         0.2134, -0.1778,  0.1377, -0.1910,  0.2418,  0.0729, -0.0647,  0.2135,
         0.0053, -0.1939,  0.0658,  0.0698, -0.0845,  0.0626, -0.2371,  0.2296,
         0.0125, -0.0934,  0.0810,  0.0114, -0.1979, -0.0823,  0.2029,  0.0588],
       device='cuda:0', requires_grad=True)

Parameter name: linear_2.weight
Shape: torch.Size([1, 32])
Values: Parameter containing:
tensor([[ 1.0476,  0.9745, -1.0338, -1.0131,  0.8812,  0.8980, -0.9491,  0.8653,
          0.9316, -0.9992, -0.9117,  0.9178,  0.9148,  0.9243,  0.9383,  0.9119,
         -1.0313, -1.0565,  0.9101,  0.9001, -0.9603, -0.9583, -1.0629,  0.9152,
          1.0018,  1.0394, -1.0343,  1.0126, -0.9529, -1.0540,  0.9609,  1.0336]],
       device='cuda:0', requires_grad=True)

Parameter name: linear_2.bias
Shape: torch.Size([1])
Values: Parameter containing:
tensor([0.7881], device='cuda:0', requires_grad=True)

