Parameter name: road_linear_0.weight
Shape: torch.Size([32, 16])
Values: Parameter containing:
tensor([[ 1.1384e-01,  6.1830e-01, -1.6029e-01,  1.1734e-01,  6.6206e-02,
         -3.6526e-01,  4.7445e-01,  4.1709e-02,  2.6049e-03, -7.4141e-02,
          5.0503e-01, -9.4592e-02,  1.5825e-01, -1.5277e-03, -2.0168e-01,
          5.3744e-01],
        [-5.7856e-02, -2.2570e-01, -1.3092e-01, -8.9708e-02, -4.0651e-01,
          5.9609e-02,  8.6850e-03, -1.5726e-02,  2.2207e-01, -5.4932e-02,
          2.7909e-01, -1.2513e-01,  3.1520e-01,  1.8509e-02,  3.1120e-02,
          7.2852e-02],
        [-2.4620e-01,  1.0112e-01,  3.5629e-01, -1.1430e-01, -2.2216e-01,
         -1.4042e-01,  8.5295e-02, -3.9622e-01,  4.3357e-01,  3.8524e-01,
         -5.1830e-02, -6.9812e-01,  5.3286e-02,  1.3508e-01,  3.5572e-01,
          4.5363e-03],
        [-1.5952e-02, -2.5430e-01,  2.6344e-02,  3.5990e-02,  3.6686e-01,
          1.7218e-01, -1.3141e-01, -2.3862e-02, -4.5614e-01, -1.9229e-01,
         -2.0479e-01,  3.6959e-01,  1.4611e-02, -9.4422e-02,  6.3803e-02,
         -1.5011e-01],
        [ 3.5296e-02,  1.0747e-01, -1.6105e-01, -1.2091e-01, -1.0974e-01,
         -2.1724e-02, -1.8666e-01,  8.0161e-02, -8.4307e-02,  1.2280e-01,
          2.7026e-01,  7.9006e-03,  2.1727e-01, -5.5895e-02, -1.1605e-02,
         -9.3954e-02],
        [ 8.1648e-02,  9.6320e-02, -3.3825e-01,  3.2357e-01,  1.5350e-01,
         -8.2078e-02, -2.3156e-02, -2.9494e-01, -2.5195e-02,  1.2962e-01,
         -1.9922e-01,  1.3629e-01,  2.5799e-03,  2.4917e-01,  1.2331e-01,
         -2.4470e-02],
        [ 2.5173e-01,  2.8755e-01,  2.4701e-01, -6.6677e-02, -2.2551e-01,
         -2.0540e-01,  1.2442e-01, -1.4542e-02,  2.2880e-01,  1.8169e-01,
          1.8101e-01, -3.6919e-01, -1.8724e-01, -1.0454e-01, -2.3371e-01,
          1.1660e-01],
        [-5.2607e-01,  1.6107e-01,  6.7001e-01, -5.4326e-01, -6.7105e-01,
         -9.9095e-02, -2.7392e-02, -3.2119e-01,  6.0825e-01,  3.7174e-01,
         -2.8482e-01, -8.6421e-01, -2.4836e-01, -5.0462e-01,  4.4612e-01,
          6.3121e-02],
        [-9.0302e-02,  4.6899e-01,  2.8772e-01, -1.7815e-01, -1.0332e-01,
         -3.8334e-01,  1.9659e-01,  1.3021e-01,  5.0083e-01, -5.6913e-02,
         -1.0214e-01, -4.2080e-01, -3.1812e-01, -5.5766e-02, -8.3188e-02,
          1.3585e-01],
        [-3.0130e-01, -3.0387e-01,  8.5399e-02, -2.2147e-01, -1.2925e-01,
          2.6496e-01, -3.7487e-01, -1.4911e-01, -4.5253e-02, -4.4245e-02,
          7.2544e-02,  3.4926e-01, -1.7522e-01, -5.8265e-02,  5.8878e-02,
         -2.8165e-01],
        [-1.7144e-01,  8.9837e-02,  8.5435e-02, -1.3593e-01,  1.0456e-01,
          3.1610e-01, -1.4451e-02, -4.5105e-02, -1.3647e-01,  7.5174e-03,
          3.8987e-02,  4.6449e-01, -7.9175e-03,  3.8133e-01, -1.9036e-01,
         -1.9489e-01],
        [-1.4255e-01, -3.7091e-01,  8.8091e-02, -9.4299e-02, -7.9291e-03,
          2.3171e-01, -4.2278e-02, -1.9565e-01, -1.6818e-01,  2.2560e-01,
          1.1695e-01,  4.1556e-01, -2.9262e-01, -1.2079e-01, -7.3801e-02,
         -3.5861e-01],
        [ 1.6131e-01,  1.5912e-01,  4.7658e-02, -6.8500e-02, -2.8846e-02,
          1.7585e-01,  1.4957e-01, -1.0057e-01,  1.1232e-02,  1.8081e-02,
         -7.0269e-02, -2.5264e-01, -2.7272e-01, -7.0136e-03, -1.1187e-02,
         -1.3350e-01],
        [ 4.3029e-01,  8.5231e-01,  7.2354e-02,  3.7964e-01,  1.7971e-02,
         -4.1311e-01,  6.3140e-01,  4.9684e-01,  8.0965e-02, -2.4283e-01,
          1.9135e-01, -1.6066e-01,  2.1063e-01,  9.3487e-02, -4.1015e-01,
          6.3235e-01],
        [-4.8410e-01, -6.4134e-01,  2.3800e-01, -3.7038e-01,  2.1139e-01,
          6.4038e-01, -4.3565e-01, -3.2246e-01, -3.7668e-01,  1.9553e-01,
         -2.3512e-01,  8.1422e-02, -1.2631e-01, -1.0723e-01,  9.2735e-02,
         -3.6560e-01],
        [-2.1357e-01, -1.1123e-01,  1.2722e-01,  1.8008e-01, -1.2433e-01,
          1.0125e-01,  4.2913e-02, -6.2685e-02,  8.7667e-02,  6.4889e-02,
         -3.4327e-02,  1.8486e-01, -7.8909e-02, -1.8673e-01,  3.1944e-01,
         -2.7118e-02],
        [ 2.6182e-01,  2.8622e-01,  1.6495e-01, -2.1471e-01, -5.4974e-02,
          1.3934e-02,  1.4621e-01,  2.6050e-01, -1.2097e-01, -1.4778e-01,
          1.6871e-01,  2.3866e-01,  1.8237e-01,  7.2396e-02,  4.2702e-02,
         -3.2045e-02],
        [-2.0682e-01, -1.4643e-02, -2.7354e-01,  3.9273e-02, -2.0107e-01,
          2.3143e-01,  8.6016e-02,  6.8373e-02, -1.3304e-04,  1.4107e-01,
         -4.6444e-02, -1.7995e-01,  4.8949e-02, -1.0323e-01,  6.3962e-02,
         -1.5954e-01],
        [ 9.3883e-02,  1.1791e-01, -3.3451e-02, -1.5510e-01, -3.5385e-01,
         -3.2241e-01, -3.0461e-02,  2.0427e-01,  6.5656e-02,  1.0434e-01,
          1.2152e-01, -4.8998e-01,  9.0294e-02, -1.1640e-01,  1.3085e-01,
          1.2033e-01],
        [ 4.5269e-01,  4.2823e-01, -8.6202e-02,  2.9920e-01, -9.5460e-02,
         -4.3133e-01,  1.8182e-01,  4.5973e-01,  1.7938e-01, -2.2292e-01,
          2.7408e-01, -5.1932e-02,  1.2800e-02,  1.3052e-01, -8.5848e-02,
          3.9735e-01],
        [-1.5081e-01,  2.6531e-04, -1.0089e-01, -1.3318e-01, -7.9651e-02,
         -8.5987e-02,  5.9480e-02,  1.2123e-01, -5.9797e-03,  1.8434e-03,
         -7.4923e-02, -1.9315e-01,  8.4153e-02, -9.5373e-02,  7.4753e-02,
         -2.7435e-01],
        [ 9.0658e-02, -3.9814e-01, -1.9833e-01,  4.5550e-01, -4.6297e-02,
         -1.4667e-02,  5.2607e-02, -1.8119e-01, -5.1928e-01, -3.7909e-02,
          2.8247e-01,  2.1166e-01,  2.3399e-01,  2.0405e-02, -5.2199e-01,
          4.4330e-02],
        [ 2.8171e-01,  1.8992e-01,  9.5504e-02, -1.4823e-01, -1.3509e-01,
         -4.5458e-01,  1.7013e-02, -1.1159e-02,  3.5832e-01,  4.2361e-02,
          1.4602e-01, -3.0111e-01, -3.4739e-01, -6.3986e-02,  3.6558e-01,
          2.7187e-01],
        [ 1.8530e-01,  2.9853e-01,  4.2581e-01, -3.1394e-01, -5.8596e-02,
         -2.0006e-01,  8.3384e-02, -7.4049e-02, -4.5727e-03, -1.1960e-01,
         -8.7410e-02,  6.7907e-02,  3.4898e-02, -1.1502e-01,  4.3526e-02,
          9.7139e-02],
        [ 3.9121e-02, -1.9252e-01,  1.3187e-01, -1.6382e-02,  3.4109e-01,
         -1.0373e-01,  2.6543e-01,  6.3477e-02, -1.2082e-01,  1.7741e-01,
          1.1880e-01, -1.6845e-01, -2.1699e-01,  1.2535e-01, -1.7287e-02,
          2.0358e-01],
        [-3.2892e-02,  5.2564e-02,  1.2679e-01,  1.9134e-01,  1.6463e-01,
         -1.4968e-01,  2.3826e-01, -7.2828e-02,  1.3581e-02, -2.1826e-01,
         -2.9290e-01,  4.1687e-02, -7.1755e-02,  1.6002e-01, -6.7420e-02,
          8.2889e-02],
        [ 6.1474e-02,  2.8663e-01,  3.4943e-01, -3.1421e-01, -2.2994e-01,
         -8.7708e-02, -1.0063e-01,  1.4725e-01,  5.2674e-02,  2.7029e-01,
          4.8751e-02, -2.9780e-01, -3.5119e-02,  2.4658e-02,  3.6801e-01,
          2.9982e-01],
        [-3.1314e-01, -2.2350e-01,  1.5476e-01,  3.5115e-03,  1.2177e-01,
          1.1329e-01, -5.1468e-02, -2.0216e-01, -3.6625e-01,  1.9863e-02,
          1.2736e-01,  7.4897e-02, -1.2584e-01, -1.1154e-01, -1.4732e-01,
         -2.0766e-01],
        [ 1.8206e-02,  1.0879e-01,  3.3071e-01, -2.8053e-01, -4.7184e-01,
         -1.4567e-01, -2.3692e-02, -3.2901e-01,  4.3592e-01,  2.7673e-01,
         -1.4431e-01, -4.7795e-01, -4.3144e-02,  1.2502e-01,  4.3549e-01,
          1.3287e-01],
        [-6.6095e-02, -4.2287e-02, -4.5664e-01,  2.5400e-01, -1.2361e-01,
          1.1506e-01,  1.1115e-01,  1.4774e-01, -1.1524e-01, -4.9562e-02,
          2.0897e-01,  3.2514e-01,  3.4762e-01,  3.4591e-01, -2.0605e-01,
         -2.1763e-01],
        [-1.7918e-01, -1.9056e-01, -1.1387e-03, -1.1367e-01,  1.9324e-02,
          3.2398e-01,  1.3111e-01, -2.5320e-01, -5.4660e-02,  1.7614e-01,
         -1.9852e-01,  2.1796e-01, -1.1050e-01, -1.0389e-01, -2.0540e-01,
         -2.0688e-01],
        [-1.5718e-01, -1.0800e-01,  1.1964e-01,  1.0224e-01,  4.2210e-01,
         -1.3141e-02, -3.5950e-01, -2.4438e-01, -3.8920e-01, -1.4381e-01,
          1.1702e-02,  4.9782e-02, -2.1989e-01,  2.4906e-01, -1.1744e-01,
         -5.8668e-02]], device='cuda:0', requires_grad=True)

Parameter name: road_linear_0.bias
Shape: torch.Size([32])
Values: Parameter containing:
tensor([-0.5866,  0.0021,  0.1805, -0.0261,  0.0763, -0.1568,  0.0180,  0.2823,
        -0.3455,  0.3093,  0.2291,  0.4359,  0.2129, -0.4329,  0.3712,  0.0464,
        -0.1430, -0.0641, -0.1160, -0.5297, -0.1043, -0.1769, -0.2044, -0.1579,
        -0.2045,  0.2773,  0.0295,  0.3835, -0.1450, -0.1903,  0.2267,  0.0922],
       device='cuda:0', requires_grad=True)

Parameter name: road_linear_1.weight
Shape: torch.Size([1, 32])
Values: Parameter containing:
tensor([[-0.3673, -0.3607, -0.5486,  0.5630, -0.0410,  0.1715, -0.4365, -0.6458,
         -0.6111,  0.2636,  0.3428,  0.2370, -0.0878, -0.4904,  0.4279, -0.0954,
          0.2318, -0.2610, -0.4152, -0.3067, -0.1320,  0.3373, -0.3228, -0.0647,
          0.2358,  0.1736, -0.3926,  0.2777, -0.5760,  0.3751,  0.0128,  0.5096]],
       device='cuda:0', requires_grad=True)

Parameter name: linear_0.weight
Shape: torch.Size([32, 39])
Values: Parameter containing:
tensor([[ 0.2318,  0.0945,  0.1332,  ...,  0.0370,  0.0297, -0.1137],
        [ 0.1929, -0.1867, -0.0061,  ..., -0.0255, -0.0656,  0.0871],
        [ 0.0550, -0.0049,  0.0346,  ...,  0.1516,  0.0043,  0.0345],
        ...,
        [-0.1154, -0.3357, -0.2357,  ..., -0.1147, -0.2591, -0.1180],
        [ 0.1520, -0.1955, -0.0706,  ..., -0.1376, -0.0925,  0.1557],
        [-0.3879,  0.2498,  0.2201,  ..., -0.0287, -0.1122, -0.0509]],
       device='cuda:0', requires_grad=True)

Parameter name: linear_0.bias
Shape: torch.Size([32])
Values: Parameter containing:
tensor([ 0.2464,  0.1578, -0.1724,  0.0694, -0.1874,  0.1274, -0.2208, -0.1213,
        -0.2010,  0.3455,  0.0363, -0.2255,  0.2870,  0.1435,  0.0368, -0.1409,
         0.2973, -0.0165, -0.1743, -0.1608, -0.2404, -0.1289,  0.0504,  0.2095,
        -0.2765, -0.1131, -0.0940, -0.1132,  0.0511, -0.0318,  0.0794, -0.0564],
       device='cuda:0', requires_grad=True)

Parameter name: linear_1.weight
Shape: torch.Size([32, 32])
Values: Parameter containing:
tensor([[ 0.1573,  0.0335, -0.3202,  ...,  0.2029, -0.3115,  0.1811],
        [ 0.0583,  0.3026, -0.0899,  ...,  0.1837, -0.2063, -0.0011],
        [ 0.0836, -0.2170,  0.0804,  ..., -0.3030,  0.3331,  0.0115],
        ...,
        [-0.0023, -0.1562,  0.3163,  ..., -0.1240,  0.0990,  0.1827],
        [ 0.1198,  0.1205, -0.1727,  ...,  0.4299, -0.1057, -0.0946],
        [ 0.0155,  0.0009, -0.0153,  ...,  0.4013, -0.1927,  0.1296]],
       device='cuda:0', requires_grad=True)

Parameter name: linear_1.bias
Shape: torch.Size([32])
Values: Parameter containing:
tensor([ 0.1146,  0.2158,  0.0260, -0.1192,  0.0600, -0.2128, -0.0463, -0.0808,
         0.4020, -0.1526,  0.1906, -0.3108,  0.0749,  0.2980, -0.1005, -0.0148,
        -0.0026, -0.2427, -0.1735,  0.0733,  0.1003,  0.1967, -0.2595, -0.2764,
        -0.1436, -0.0130,  0.2954, -0.1393, -0.2316, -0.1061,  0.1149, -0.0680],
       device='cuda:0', requires_grad=True)

Parameter name: linear_2.weight
Shape: torch.Size([1, 32])
Values: Parameter containing:
tensor([[-0.1313, -0.1429,  0.0298,  0.0477, -0.1764,  0.3554,  0.1608,  0.0095,
         -0.2401, -0.0792, -0.0611, -0.1031, -0.0390,  0.0425, -0.1038, -0.0138,
          0.0229,  0.0644, -0.2106, -0.1512,  0.0403,  0.1129,  0.1409,  0.2304,
         -0.0894, -0.1482,  0.0321,  0.1308,  0.1385,  0.0789,  0.0204, -0.0573]],
       device='cuda:0', requires_grad=True)

Parameter name: linear_2.bias
Shape: torch.Size([1])
Values: Parameter containing:
tensor([-0.0802], device='cuda:0', requires_grad=True)

