Parameter name: road_linear_0.weight
Shape: torch.Size([32, 16])
Values: Parameter containing:
tensor([[-3.2576e-01,  3.8261e-01, -1.6838e-02, -5.7390e-03,  1.2365e-01,
          1.7858e-01,  2.8890e-01, -5.9619e-02,  1.6741e-01,  2.6584e-01,
          2.1829e-02, -1.5058e-01, -2.8548e-01, -3.6477e-01,  2.0317e-01,
          5.6034e-02],
        [-2.4493e-01, -7.4402e-02, -9.9487e-02, -7.5883e-03, -4.6975e-02,
          2.4521e-01,  1.3524e-01,  1.3443e-01,  3.7714e-01,  1.3191e-01,
          3.2025e-02, -2.5034e-01,  2.8390e-02, -4.3361e-02,  3.1326e-01,
         -7.6707e-02],
        [ 7.6563e-02, -3.1321e-02,  3.8036e-01, -1.2580e-01, -4.1773e-02,
         -3.4848e-01, -1.8216e-02, -3.8863e-01,  6.9285e-02, -7.4980e-02,
          8.8436e-02, -6.7645e-02,  3.8145e-01,  3.1578e-01,  1.1834e-01,
          2.6072e-01],
        [ 2.6355e-01, -2.0952e-01,  8.0649e-02, -7.5455e-02, -2.0733e-02,
         -1.9204e-01, -1.2129e-01, -6.4238e-02, -3.9136e-01, -4.0242e-01,
          7.4385e-02,  3.4862e-01,  2.8077e-01, -1.2158e-01, -1.5359e-01,
          1.5098e-01],
        [-8.2227e-02,  3.4727e-01, -1.6246e-01, -3.1104e-02,  1.2435e-01,
          7.5064e-02,  4.7851e-04,  2.8541e-01,  1.1320e-01,  2.8937e-01,
          7.3448e-02, -1.4327e-01, -1.4844e-02, -2.3178e-01,  2.2042e-01,
         -1.4785e-01],
        [ 8.7135e-03,  3.6616e-01, -3.5048e-01,  3.9514e-01,  2.8875e-01,
         -3.8532e-02,  2.1718e-01, -6.9245e-02,  2.1841e-01,  2.0381e-01,
         -3.0518e-01, -6.6302e-02, -2.0890e-01,  1.4561e-01,  3.1048e-01,
         -6.6095e-02],
        [ 3.6489e-01, -3.9558e-02,  4.0752e-01, -1.8669e-01, -3.0439e-02,
         -2.1030e-01, -1.5439e-01, -2.1247e-01, -2.3732e-01, -2.4057e-02,
          1.0937e-01,  5.1521e-02, -7.3682e-02,  2.2132e-01, -2.5856e-01,
          1.5317e-01],
        [-6.2445e-02,  9.3182e-02,  3.6035e-01, -3.5775e-01, -3.1358e-01,
         -3.0338e-01, -6.6967e-02, -2.4965e-01, -1.8546e-01, -2.2080e-01,
          5.6183e-02,  3.0692e-02,  2.4743e-01, -8.8135e-02, -5.9369e-02,
          3.5698e-01],
        [ 3.0957e-02,  4.2089e-02,  3.0201e-01, -2.4811e-01, -2.9501e-02,
         -3.4757e-01, -1.3762e-01, -8.3900e-02,  6.3134e-02, -3.1566e-01,
         -2.3649e-02,  4.9874e-02, -8.4890e-02,  1.7088e-01, -3.0574e-01,
          9.4584e-02],
        [-2.7751e-01,  1.6294e-01, -9.3088e-02, -1.7425e-02,  4.0445e-02,
          1.4999e-01,  1.0555e-02,  2.0891e-01,  2.4186e-01, -5.0574e-03,
          7.3080e-02,  6.8902e-03, -2.3485e-01, -8.0428e-02,  1.2495e-01,
         -1.9383e-01],
        [-3.4670e-01,  3.4666e-01, -5.9115e-02, -3.3382e-02, -7.7100e-02,
          4.2448e-01,  2.0010e-01,  9.5261e-02,  3.2693e-01,  2.5728e-01,
         -5.9268e-02,  1.7736e-02, -1.7244e-01,  1.1203e-01, -5.6495e-02,
         -3.2804e-01],
        [-1.2003e-01,  1.0688e-01, -2.3063e-02,  9.1584e-02,  1.3583e-01,
          1.1900e-01,  3.3118e-01,  1.2778e-01,  1.3962e-01,  3.5171e-01,
          1.1630e-01,  7.2933e-02, -3.9643e-01, -2.4995e-01,  3.9895e-02,
         -2.0701e-01],
        [ 3.2586e-01, -5.0534e-02,  1.6503e-01, -1.7490e-01, -8.3378e-02,
          1.9399e-02, -5.3334e-02, -2.9654e-01, -3.0555e-01, -1.1351e-01,
          1.0140e-01,  3.1004e-02, -6.3109e-02,  1.7681e-01, -1.9078e-01,
          3.1204e-02],
        [ 2.0578e-01,  1.0733e-01,  3.7026e-01, -1.5404e-02, -2.8991e-01,
         -2.1938e-02, -1.7209e-02, -5.3871e-02, -2.0193e-01, -1.6984e-01,
         -3.5969e-02,  1.0355e-01,  1.0437e-01,  7.0926e-02, -3.2077e-01,
          2.4197e-01],
        [-3.7458e-01, -4.0425e-02, -7.1517e-02, -3.7224e-02,  3.5143e-01,
          4.1604e-01,  7.6508e-02,  1.0644e-01, -4.2808e-02,  1.8989e-01,
         -5.5267e-02, -3.0801e-01, -7.7109e-02, -1.2638e-01,  1.0021e-02,
         -1.6612e-01],
        [-7.0684e-02, -3.3580e-01,  2.0734e-01,  7.0206e-02, -2.7217e-01,
         -2.1464e-02, -1.3889e-01, -2.6680e-01, -1.5785e-01, -6.1198e-02,
          1.2917e-01,  4.0092e-01,  1.2139e-01, -4.1125e-02,  1.2453e-01,
          9.1238e-02],
        [ 3.1378e-01,  4.1344e-02,  2.0311e-01, -3.6044e-01, -3.2758e-01,
         -4.3740e-02, -7.4876e-02,  1.6853e-02, -3.4833e-01, -1.9829e-01,
          3.1320e-01,  2.8597e-01,  3.4514e-01,  2.9284e-01, -1.2506e-01,
         -2.2026e-02],
        [-2.9290e-01,  1.7836e-01, -2.4992e-01,  1.4875e-01,  1.0309e-01,
          2.9590e-01,  2.6693e-01,  2.4953e-01,  1.2357e-01,  2.9113e-01,
         -1.6325e-01, -2.3289e-01, -1.5926e-01, -2.2132e-01,  2.3579e-01,
         -1.7974e-01],
        [ 2.2685e-01, -1.3597e-01,  1.5302e-01, -2.9954e-01, -1.6319e-01,
         -3.8468e-01, -2.5775e-01,  5.2023e-02, -3.7194e-01, -1.2804e-01,
          1.5396e-01, -8.3925e-02,  1.9029e-01,  2.6424e-01,  6.6879e-02,
          1.9727e-01],
        [ 3.7109e-01, -1.3727e-01,  2.7347e-01, -9.6799e-02, -2.8886e-01,
         -2.3838e-01, -3.3076e-01,  4.4135e-02, -2.8241e-02, -2.8463e-01,
          8.8090e-02,  2.4402e-01, -6.1450e-02,  1.2251e-01,  2.7871e-02,
          2.0229e-01],
        [-1.6857e-01,  2.8362e-01, -4.1563e-02, -7.4466e-02,  2.3950e-01,
         -4.5894e-02,  2.7327e-01,  3.3484e-01,  1.5001e-01,  6.9049e-02,
         -2.4473e-01, -2.5790e-01, -1.7810e-01, -2.0056e-01,  3.1645e-01,
         -2.4834e-01],
        [-5.4513e-02, -8.4628e-02, -3.4383e-02,  3.7196e-01, -6.2514e-02,
          1.0463e-01,  2.0570e-01, -9.2105e-02, -1.1860e-02,  2.5378e-01,
          1.5464e-01, -2.4195e-01, -1.5573e-01, -3.5653e-01, -1.4236e-01,
          6.8859e-02],
        [ 3.6221e-01, -1.9533e-01,  5.5209e-02, -1.6657e-01,  3.6236e-02,
         -3.9900e-01, -2.7006e-01, -2.0686e-01, -2.3183e-01, -1.6395e-01,
          2.8014e-01,  2.0488e-01, -9.4114e-02,  3.2443e-01,  1.3976e-01,
          2.2182e-01],
        [ 2.5998e-01,  1.3692e-02,  3.5065e-01, -3.8311e-01, -2.0427e-01,
         -1.6893e-01, -1.6846e-01, -2.6419e-01, -3.4356e-01, -3.3692e-01,
          6.1341e-02,  3.4007e-01,  2.7731e-01,  1.4132e-01, -1.7335e-01,
          3.4847e-02],
        [ 1.8978e-01, -3.7859e-01,  1.5701e-01, -1.1223e-01,  1.1740e-01,
         -2.3994e-01,  9.4406e-02, -1.2937e-01, -3.1848e-01,  6.5212e-02,
          3.3579e-01, -2.7713e-02,  9.1021e-03,  2.3352e-01, -2.4497e-01,
          3.2896e-01],
        [ 3.3746e-02, -2.1119e-01,  8.6546e-02,  8.2994e-02, -1.9540e-01,
         -2.0396e-01,  3.4733e-03, -3.0524e-01, -1.4704e-01, -3.5461e-01,
         -1.3763e-01,  9.6834e-02,  1.6907e-01,  3.2202e-01, -3.1143e-01,
          7.8673e-02],
        [ 2.2038e-01, -2.8868e-02,  3.0356e-01, -3.5371e-01, -1.4140e-01,
         -1.0568e-01, -3.3205e-01, -3.4241e-03, -3.6281e-01, -5.1849e-03,
          1.5640e-01,  8.5733e-02,  2.1921e-01,  3.0672e-01,  1.1767e-01,
          2.9818e-01],
        [-3.1233e-01,  2.1724e-01,  1.8187e-02,  2.0709e-01,  2.6917e-01,
          1.9523e-02,  3.2621e-01,  1.4072e-01, -8.0940e-02,  1.0735e-01,
          9.7471e-02, -2.5726e-01, -2.0046e-01, -2.1252e-01, -4.3494e-02,
         -1.1635e-01],
        [ 3.0279e-01, -7.8915e-02,  1.4175e-01, -1.3874e-01, -2.6853e-01,
         -2.9044e-01, -1.2237e-01, -3.2136e-01,  4.5349e-05, -1.2238e-01,
          1.2975e-01,  1.3553e-01,  3.3972e-01,  3.2547e-01,  4.6532e-02,
          2.7153e-01],
        [-2.6946e-01,  2.0634e-01, -3.2279e-01,  2.5766e-01, -1.0636e-01,
          1.4732e-01,  3.1231e-01,  2.8175e-01,  3.4006e-01,  2.3859e-01,
          5.7236e-02, -7.5035e-02,  5.5509e-02,  4.7617e-02,  9.8771e-02,
         -2.3140e-01],
        [-2.8127e-01,  6.9380e-02, -4.4134e-02,  2.2692e-02,  1.5982e-01,
          3.8785e-01,  3.5157e-01, -4.9902e-02,  2.0322e-01,  3.3008e-01,
         -3.4687e-01, -2.3523e-03, -2.9734e-01, -2.8467e-01, -2.5758e-02,
         -2.4772e-01],
        [ 5.7828e-02, -5.6172e-02,  2.6252e-01, -6.9741e-02,  5.0249e-02,
         -3.2410e-01, -3.7863e-01, -3.3631e-01, -2.7578e-01, -2.8595e-01,
          2.0365e-01, -2.3265e-02, -3.8037e-02,  2.6644e-01, -2.4221e-01,
          2.0652e-01]], device='cuda:0', requires_grad=True)

Parameter name: road_linear_0.bias
Shape: torch.Size([32])
Values: Parameter containing:
tensor([-0.0934,  0.0421,  0.0525, -0.0911,  0.0491, -0.0835,  0.0624,  0.1232,
        -0.0781,  0.0155,  0.0300,  0.0930,  0.1206,  0.0518,  0.0647,  0.0575,
        -0.0926,  0.0134,  0.0569,  0.0049, -0.0355, -0.0489, -0.0474, -0.0165,
        -0.1298,  0.1433,  0.1319,  0.0552, -0.0935, -0.1750,  0.0731, -0.0341],
       device='cuda:0', requires_grad=True)

Parameter name: road_linear_1.weight
Shape: torch.Size([1, 32])
Values: Parameter containing:
tensor([[ 0.1538,  0.2400, -0.1732, -0.1890,  0.2355,  0.2883, -0.2267, -0.3285,
         -0.2294,  0.2810,  0.1937,  0.3169, -0.1656, -0.3304,  0.2397, -0.1749,
         -0.2476,  0.2749, -0.1673, -0.1964,  0.3282,  0.2055, -0.3154, -0.3265,
         -0.2635, -0.2624, -0.2622,  0.2784, -0.2918,  0.3281,  0.2314, -0.1722]],
       device='cuda:0', requires_grad=True)

Parameter name: linear_0.weight
Shape: torch.Size([32, 39])
Values: Parameter containing:
tensor([[-0.0339,  0.0911,  0.1063,  ...,  0.0208, -0.1903, -0.1137],
        [-0.1196, -0.0606,  0.1375,  ..., -0.0073, -0.2485,  0.0871],
        [-0.0092,  0.0032,  0.0464,  ...,  0.1195,  0.1677,  0.0345],
        ...,
        [ 0.1194, -0.1345, -0.0350,  ..., -0.0958, -0.0595, -0.1180],
        [ 0.0938, -0.1901, -0.0690,  ..., -0.1575,  0.0647,  0.1557],
        [-0.1959,  0.1348,  0.0889,  ..., -0.0439, -0.1744, -0.0509]],
       device='cuda:0', requires_grad=True)

Parameter name: linear_0.bias
Shape: torch.Size([32])
Values: Parameter containing:
tensor([ 0.0170,  0.0255, -0.0740, -0.1577, -0.0888,  0.0802, -0.0856,  0.0398,
        -0.0058,  0.0514,  0.0079,  0.0188, -0.0570,  0.1001, -0.0358, -0.0108,
         0.0367, -0.1836, -0.0737,  0.0748, -0.0368, -0.0008,  0.1290,  0.0149,
        -0.1195,  0.1331,  0.0564, -0.1113,  0.0200,  0.2000,  0.1842, -0.1437],
       device='cuda:0', requires_grad=True)

Parameter name: linear_1.weight
Shape: torch.Size([32, 32])
Values: Parameter containing:
tensor([[ 0.1068, -0.1389, -0.1340,  ...,  0.0383, -0.0785,  0.0898],
        [-0.1640,  0.0149,  0.0564,  ...,  0.1340, -0.0643,  0.0761],
        [ 0.0842, -0.0914, -0.1136,  ..., -0.1204,  0.0511,  0.1449],
        ...,
        [ 0.0809,  0.0482,  0.1412,  ...,  0.0808, -0.1538,  0.2272],
        [ 0.0337, -0.0942,  0.0074,  ...,  0.2162,  0.1681, -0.1376],
        [ 0.0447, -0.0749,  0.1626,  ...,  0.2154,  0.0853, -0.0154]],
       device='cuda:0', requires_grad=True)

Parameter name: linear_1.bias
Shape: torch.Size([32])
Values: Parameter containing:
tensor([ 0.1100,  0.1550, -0.0427, -0.0978,  0.0025, -0.0186, -0.0626, -0.0372,
         0.1495, -0.1680,  0.1057, -0.1092,  0.1944,  0.0920, -0.1247,  0.1160,
        -0.1510, -0.1774,  0.0625,  0.0095, -0.0141,  0.0889, -0.2106,  0.2193,
        -0.0394, -0.0010,  0.0718, -0.0227, -0.1462, -0.0840,  0.1168,  0.0330],
       device='cuda:0', requires_grad=True)

Parameter name: linear_2.weight
Shape: torch.Size([1, 32])
Values: Parameter containing:
tensor([[ 0.2630,  0.1806, -0.2351, -0.2364,  0.0756,  0.0976, -0.1503,  0.1116,
          0.1740, -0.1977, -0.1264,  0.1429,  0.1448,  0.1277,  0.1791,  0.1607,
         -0.2607, -0.2655,  0.1130,  0.1140, -0.1834, -0.1616, -0.2533,  0.1231,
          0.2011,  0.2665, -0.2373,  0.2245, -0.1619, -0.2529,  0.2129,  0.2467]],
       device='cuda:0', requires_grad=True)

Parameter name: linear_2.bias
Shape: torch.Size([1])
Values: Parameter containing:
tensor([0.0676], device='cuda:0', requires_grad=True)

