Parameter name: road_linear_0.weight
Shape: torch.Size([32, 16])
Values: Parameter containing:
tensor([[ 1.5162e-03,  3.9099e-01,  3.0437e-01, -3.1821e-01, -1.9466e-01,
         -1.5458e-01, -8.7250e-02, -4.0292e-01, -2.8407e-01, -7.7851e-02,
         -2.4461e-02,  2.0397e-01, -3.2029e-01, -6.9922e-02, -5.1936e-02,
          3.8879e-01],
        [-2.4912e-01, -3.8358e-01, -9.6808e-02, -1.8511e-02, -2.3471e-02,
          2.4908e-01,  1.6992e-01,  1.7035e-01,  4.5429e-01,  1.3722e-01,
          2.9386e-01, -2.6887e-01,  3.7219e-01, -2.6378e-02,  3.5728e-01,
         -9.1807e-02],
        [ 9.8045e-02,  2.9298e-01,  3.8926e-01, -1.2581e-01, -1.0875e-01,
         -3.4871e-01, -1.0446e-01, -4.6281e-01, -9.1883e-02, -9.2252e-02,
         -1.5571e-01, -2.3407e-02,  3.1063e-03,  3.5200e-01, -3.9878e-02,
          2.9253e-01],
        [ 2.8561e-01,  1.1326e-01,  9.3078e-02, -7.8715e-02, -7.2332e-02,
         -2.1883e-01, -1.8499e-01, -1.3439e-01, -5.0107e-01, -4.2966e-01,
         -2.1328e-01,  3.9585e-01, -9.0401e-02, -1.1706e-01, -2.2936e-01,
          1.8193e-01],
        [-9.8678e-02,  3.8292e-02, -1.7009e-01, -2.9846e-02,  1.7195e-01,
          9.2623e-02,  5.6087e-02,  3.4185e-01,  2.0897e-01,  3.0650e-01,
          3.4496e-01, -1.7777e-01,  3.3750e-01, -2.3241e-01,  3.1182e-01,
         -1.7620e-01],
        [-2.4726e-02,  6.2290e-02, -3.7417e-01,  4.1255e-01,  3.6566e-01,
         -4.7971e-03,  2.9980e-01,  1.0753e-02,  3.4209e-01,  2.3803e-01,
         -7.5920e-02, -1.2156e-01,  1.4214e-01,  1.1526e-01,  4.5430e-01,
         -1.1001e-01],
        [ 3.6717e-01,  2.4211e-01,  4.0331e-01, -1.7685e-01, -5.9568e-02,
         -2.0943e-01, -1.9281e-01, -2.4815e-01, -3.1926e-01, -3.1899e-02,
         -4.1140e-02,  7.0612e-02, -3.6851e-01,  2.0233e-01, -3.1398e-01,
          1.6402e-01],
        [-5.6586e-02,  3.6043e-01,  3.6043e-01, -3.5633e-01, -3.5110e-01,
         -3.0041e-01, -1.1124e-01, -2.8275e-01, -2.6569e-01, -2.2961e-01,
         -9.1423e-02,  4.6987e-02, -5.0337e-02, -9.5827e-02, -1.4030e-01,
          3.7370e-01],
        [ 3.5019e-02,  3.5560e-01,  3.0191e-01, -2.4115e-01, -5.3400e-02,
         -3.4587e-01, -1.6709e-01, -1.0732e-01, -1.0643e-02, -3.2026e-01,
         -2.8170e-01,  5.9118e-02, -4.2770e-01,  1.6071e-01, -3.1199e-01,
          1.1168e-01],
        [-3.0467e-01, -1.6495e-01, -1.1171e-01, -3.2905e-03,  9.8580e-02,
          1.7374e-01,  8.5597e-02,  2.7070e-01,  3.4662e-01,  2.1718e-02,
          3.6431e-01, -3.4085e-02,  1.3167e-01, -9.6963e-02,  2.2350e-01,
         -2.3268e-01],
        [-3.7275e-01,  1.8375e-02, -7.6137e-02, -2.5458e-02, -2.3553e-02,
          4.4734e-01,  2.7271e-01,  1.6398e-01,  4.3679e-01,  2.8281e-01,
          2.2495e-01, -2.8047e-02,  2.0956e-01,  1.0060e-01,  4.1882e-02,
         -3.6523e-01],
        [-1.4315e-01, -2.0382e-01, -3.9494e-02,  9.8390e-02,  1.9317e-01,
          1.3931e-01,  3.9908e-01,  1.7781e-01,  2.3591e-01,  3.7297e-01,
          4.0880e-01,  4.0658e-02, -4.8291e-02, -2.6781e-01,  5.8455e-02,
         -2.4042e-01],
        [ 3.3692e-01,  2.8664e-01,  1.6465e-01, -1.6540e-01, -1.0861e-01,
          2.0344e-02, -9.5752e-02, -3.4108e-01, -3.8901e-01, -1.1761e-01,
         -1.7324e-01,  4.9363e-02, -4.4916e-01,  1.5477e-01, -2.6382e-01,
          5.4878e-02],
        [ 2.1077e-01,  4.0005e-01,  3.6993e-01, -8.8128e-03, -3.1565e-01,
         -2.3654e-02, -4.6982e-02, -8.2552e-02, -2.6928e-01, -1.7498e-01,
         -2.7894e-01,  1.1707e-01, -2.1035e-01,  5.9591e-02, -3.4607e-01,
          2.5590e-01],
        [-3.8015e-01, -3.5125e-01, -7.0985e-02, -3.8771e-02,  3.7665e-01,
          4.0774e-01,  1.2062e-01,  1.3755e-01,  3.7589e-02,  1.9797e-01,
          1.8965e-01, -3.2448e-01,  2.6630e-01, -1.1365e-01,  8.4934e-02,
         -1.8427e-01],
        [-4.2302e-02, -1.6410e-04,  2.1234e-01,  7.3157e-02, -3.8670e-01,
         -5.8604e-02, -2.4923e-01, -3.8545e-01, -3.5457e-01, -1.0795e-01,
         -1.4751e-01,  4.8502e-01, -3.3328e-01, -1.6869e-02, -1.5039e-02,
          1.3495e-01],
        [ 3.3186e-01,  3.2864e-01,  2.1522e-01, -3.6293e-01, -3.8622e-01,
         -6.0678e-02, -1.2835e-01, -3.6300e-02, -4.4550e-01, -2.1457e-01,
          6.9677e-02,  3.1781e-01,  2.3874e-02,  3.0394e-01, -1.6255e-01,
          7.2304e-03],
        [-3.0073e-01, -5.7423e-02, -2.4957e-01,  1.4086e-01,  1.4724e-01,
          3.1050e-01,  3.0711e-01,  2.9802e-01,  2.0996e-01,  3.0184e-01,
          7.9242e-03, -2.6406e-01,  1.2272e-01, -2.1410e-01,  3.1121e-01,
         -1.9501e-01],
        [ 2.2845e-01,  1.4848e-01,  1.4062e-01, -2.7356e-01, -2.2125e-01,
         -3.7492e-01, -3.3483e-01, -7.1331e-03, -5.3448e-01, -1.2503e-01,
         -1.1210e-01, -5.2019e-02, -1.5973e-01,  2.9291e-01, -7.3442e-02,
          2.1299e-01],
        [ 3.7545e-01,  1.7732e-01,  2.7334e-01, -9.0113e-02, -3.1485e-01,
         -2.3260e-01, -3.7150e-01,  1.4826e-02, -1.1368e-01, -2.9229e-01,
         -1.6916e-01,  2.5546e-01, -4.1277e-01,  1.0750e-01,  1.8459e-02,
          2.1990e-01],
        [-1.9232e-01,  4.0716e-03, -5.7740e-02, -6.5610e-02,  2.9490e-01,
         -1.6978e-02,  3.2960e-01,  3.9797e-01,  2.5478e-01,  9.5088e-02,
          9.1056e-03, -3.0154e-01,  1.3976e-01, -2.0988e-01,  4.1544e-01,
         -2.8162e-01],
        [-8.3016e-02, -4.0880e-01, -5.6832e-02,  3.9330e-01, -1.2338e-02,
          1.1752e-01,  2.7903e-01, -4.2553e-02,  9.2055e-02,  2.8085e-01,
          4.0023e-01, -2.7170e-01,  1.9556e-01, -3.7401e-01, -4.9480e-02,
          2.3883e-02],
        [ 3.6970e-01,  7.6459e-02,  5.7654e-02, -1.6537e-01, -3.5575e-03,
         -4.0060e-01, -3.1222e-01, -2.4254e-01, -3.1613e-01, -1.7240e-01,
          5.7129e-02,  2.2255e-01, -4.0093e-01,  3.1678e-01,  7.7022e-02,
          2.4273e-01],
        [ 2.6190e-01,  2.3074e-01,  3.4568e-01, -3.6863e-01, -2.4430e-01,
         -1.7614e-01, -1.9225e-01, -3.0145e-01, -4.1637e-01, -3.4006e-01,
         -1.3402e-01,  3.5724e-01,  6.4032e-03,  1.2882e-01, -2.0131e-01,
          4.4671e-02],
        [ 2.2989e-01, -4.5359e-02,  1.8490e-01, -1.3212e-01,  2.9682e-02,
         -2.8856e-01,  1.8800e-04, -2.2488e-01, -4.6494e-01,  2.0239e-02,
          4.2407e-02,  4.1198e-02, -3.7696e-01,  2.6689e-01, -3.6191e-01,
          3.8111e-01],
        [ 5.3234e-02,  8.3082e-02,  9.6437e-02,  7.5740e-02, -2.3595e-01,
         -2.1987e-01, -4.8173e-02, -3.6237e-01, -2.4087e-01, -3.7507e-01,
         -3.6348e-01,  1.3450e-01, -1.6741e-01,  3.2014e-01, -4.1897e-01,
          1.0913e-01],
        [ 2.3203e-01,  2.5288e-01,  3.1071e-01, -3.5516e-01, -1.8867e-01,
         -1.0706e-01, -3.8079e-01, -4.1308e-02, -4.5733e-01, -1.7081e-02,
         -5.6762e-02,  1.0298e-01, -9.4939e-02,  3.0666e-01,  8.0913e-02,
          3.2376e-01],
        [-3.2942e-01, -1.0115e-01,  6.9760e-03,  2.1211e-01,  3.1747e-01,
          3.1286e-02,  3.8969e-01,  1.8372e-01,  9.2142e-03,  1.2360e-01,
          3.7880e-01, -2.8242e-01,  1.5127e-01, -2.2290e-01,  1.0020e-02,
         -1.4558e-01],
        [ 3.1930e-01,  1.9339e-01,  1.5157e-01, -1.4238e-01, -3.1798e-01,
         -3.0106e-01, -1.7532e-01, -3.6898e-01, -9.2142e-02, -1.3619e-01,
         -1.0454e-01,  1.6129e-01,  2.1508e-02,  3.3190e-01, -2.1250e-02,
          2.9925e-01],
        [-2.6994e-01, -3.7662e-02, -3.1650e-01,  2.4650e-01, -7.2623e-02,
          1.4810e-01,  3.4573e-01,  3.1612e-01,  4.1586e-01,  2.4308e-01,
          2.2353e-01, -9.1005e-02,  3.3611e-01,  6.5445e-02,  1.5565e-01,
         -2.4043e-01],
        [-3.0474e-01, -2.3318e-01, -6.1368e-02,  3.2306e-02,  2.1755e-01,
          4.0701e-01,  4.1544e-01,  8.9569e-03,  3.1021e-01,  3.5368e-01,
         -8.5865e-02, -3.9621e-02,  4.3298e-02, -2.9916e-01,  4.9644e-02,
         -2.8409e-01],
        [ 4.7733e-02,  2.2433e-01,  2.4244e-01, -3.5940e-02,  4.9431e-03,
         -3.1684e-01, -4.1925e-01, -3.8471e-01, -4.0241e-01, -2.7812e-01,
         -3.2527e-02, -1.5500e-03, -3.6658e-01,  2.6532e-01, -2.7132e-01,
          2.0350e-01]], device='cuda:0', requires_grad=True)

Parameter name: road_linear_0.bias
Shape: torch.Size([32])
Values: Parameter containing:
tensor([-0.0679, -0.0245, -0.0187, -0.0254,  0.0036, -0.2374,  0.0972,  0.1206,
        -0.0599, -0.0086,  0.0374,  0.0775,  0.1361,  0.0717,  0.0632, -0.0024,
        -0.0211, -0.0434,  0.0816, -0.0327, -0.1138, -0.0614, -0.0280,  0.0379,
        -0.0331,  0.1362,  0.1536,  0.0463, -0.1007, -0.1850,  0.0235,  0.0292],
       device='cuda:0', requires_grad=True)

Parameter name: road_linear_1.weight
Shape: torch.Size([1, 32])
Values: Parameter containing:
tensor([[-0.2312,  0.3257, -0.2419, -0.2739,  0.3192,  0.3793, -0.2925, -0.3834,
         -0.3322,  0.3594,  0.2799,  0.3905, -0.2798, -0.4078,  0.2956, -0.2738,
         -0.3331,  0.3432, -0.2462, -0.2465,  0.4220,  0.3300, -0.3838, -0.3847,
         -0.3124, -0.3470, -0.3302,  0.3567, -0.3613,  0.3916,  0.3154, -0.2489]],
       device='cuda:0', requires_grad=True)

Parameter name: linear_0.weight
Shape: torch.Size([32, 39])
Values: Parameter containing:
tensor([[-0.0100,  0.1360,  0.0670,  ...,  0.2008, -0.3203, -0.1137],
        [-0.0730, -0.0606,  0.1196,  ...,  0.1021, -0.2925,  0.0871],
        [-0.1146,  0.1867,  0.0897,  ...,  0.2039,  0.0032,  0.0345],
        ...,
        [ 0.0959, -0.1237, -0.0380,  ..., -0.1693, -0.0176, -0.1180],
        [ 0.0389, -0.1935, -0.0400,  ..., -0.2623,  0.0984,  0.1557],
        [-0.1834,  0.1433,  0.0493,  ...,  0.0725, -0.2549, -0.0509]],
       device='cuda:0', requires_grad=True)

Parameter name: linear_0.bias
Shape: torch.Size([32])
Values: Parameter containing:
tensor([ 0.0555,  0.0295, -0.0925, -0.1555, -0.0818, -0.0128, -0.1011,  0.0421,
        -0.0338,  0.0576,  0.0295, -0.0049,  0.0121,  0.1027, -0.0427, -0.0144,
         0.0496, -0.1667,  0.0056,  0.0834, -0.0631,  0.0173,  0.1113,  0.0247,
        -0.1099,  0.0987,  0.0446, -0.1011,  0.0473,  0.2059,  0.1692, -0.1279],
       device='cuda:0', requires_grad=True)

Parameter name: linear_1.weight
Shape: torch.Size([32, 32])
Values: Parameter containing:
tensor([[ 5.0246e-02, -1.6471e-01, -1.8869e-01,  ...,  3.6262e-02,
         -4.3164e-02,  6.4979e-02],
        [-2.1820e-01, -1.7203e-02, -1.7608e-02,  ...,  1.4042e-01,
         -2.5916e-02,  4.8128e-02],
        [ 1.4978e-01, -4.7753e-02, -3.8383e-02,  ..., -1.4309e-01,
         -1.4656e-06,  1.8813e-01],
        ...,
        [ 1.4999e-01,  5.5487e-02,  2.1704e-01,  ...,  1.0763e-01,
         -1.7593e-01,  2.4644e-01],
        [-1.3040e-02, -1.4188e-01, -4.1650e-02,  ...,  2.4445e-01,
          2.1938e-01, -1.7515e-01],
        [-1.2607e-03, -1.1306e-01,  1.3092e-01,  ...,  2.2560e-01,
          1.3060e-01, -4.5322e-02]], device='cuda:0', requires_grad=True)

Parameter name: linear_1.bias
Shape: torch.Size([32])
Values: Parameter containing:
tensor([ 0.1012,  0.1494, -0.0478, -0.1034, -0.1049, -0.1783, -0.0676, -0.0235,
         0.1447, -0.1740,  0.1365, -0.1296,  0.2017,  0.0970, -0.1055,  0.1279,
        -0.1351, -0.1820,  0.0797,  0.0122, -0.0182,  0.0773, -0.2081,  0.2216,
        -0.0433, -0.0120,  0.0756, -0.0442, -0.1549, -0.0559,  0.1273,  0.0332],
       device='cuda:0', requires_grad=True)

Parameter name: linear_2.weight
Shape: torch.Size([1, 32])
Values: Parameter containing:
tensor([[ 0.3991,  0.3236, -0.3641, -0.3942, -0.2506, -0.2442, -0.3077,  0.2781,
          0.2985, -0.3156, -0.2716,  0.2858,  0.2941,  0.2497,  0.3113,  0.2935,
         -0.3909, -0.3961,  0.2448,  0.2922, -0.3511, -0.3005, -0.4026,  0.2446,
          0.3652,  0.4158, -0.3715,  0.3904, -0.3082, -0.3962,  0.3607,  0.4001]],
       device='cuda:0', requires_grad=True)

Parameter name: linear_2.bias
Shape: torch.Size([1])
Values: Parameter containing:
tensor([0.1493], device='cuda:0', requires_grad=True)

Parameter name: road_linear_0.weight
Shape: torch.Size([32, 16])
Values: Parameter containing:
tensor([[ 1.0890e-02,  3.3255e-01,  3.1983e-01, -3.3844e-01, -4.3196e-02,
         -1.8174e-01, -8.4461e-02, -4.1099e-01, -1.8670e-01, -6.9418e-02,
          3.8576e-02,  1.7994e-01,  8.3756e-02, -5.1041e-02,  3.3318e-01,
          3.4949e-01],
        [-2.7897e-01, -3.2089e-01, -1.2873e-01,  1.1355e-02, -1.4325e-01,
          2.9235e-01,  2.0664e-01,  1.9011e-01,  4.1346e-01,  1.2617e-01,
          2.1228e-01, -2.8019e-01, -2.5837e-02, -5.1979e-02, -1.8482e-02,
         -7.4904e-02],
        [ 9.3012e-02,  2.2354e-01,  3.9479e-01, -1.2749e-01,  1.2223e-01,
         -3.7323e-01, -7.6329e-02, -4.3355e-01,  4.5073e-02, -6.1871e-02,
         -8.1881e-02, -5.5943e-02,  4.1848e-01,  3.0353e-01,  4.4263e-01,
          2.4705e-01],
        [ 2.9151e-01,  5.0801e-02,  1.0478e-01, -8.5497e-02,  8.5090e-02,
         -2.3405e-01, -1.8798e-01, -1.1580e-01, -4.1622e-01, -3.9053e-01,
         -9.8392e-02,  3.6896e-01,  3.0653e-01, -1.2377e-01,  1.5658e-01,
          1.4817e-01],
        [-1.2572e-01,  1.3705e-01, -1.9587e-01, -1.5390e-03,  6.9494e-02,
          1.3771e-01,  9.4096e-02,  3.7230e-01,  1.7791e-01,  2.8701e-01,
          2.2352e-01, -1.9805e-01, -8.3785e-02, -2.4504e-01, -1.1372e-01,
         -1.3136e-01],
        [-2.9004e-02,  1.5835e-01, -3.8091e-01,  4.1503e-01,  1.7216e-01,
          1.5624e-02,  2.9638e-01, -1.4466e-03,  2.6741e-01,  2.0270e-01,
         -1.4293e-01, -1.0385e-01, -2.7424e-01,  1.1553e-01,  8.5591e-03,
         -6.7000e-02],
        [ 3.9140e-01,  1.8136e-01,  4.2940e-01, -1.9604e-01,  1.1062e-01,
         -2.5277e-01, -2.2377e-01, -2.5988e-01, -2.6160e-01, -1.4006e-02,
         -8.0677e-03,  7.3188e-02, -9.8541e-03,  2.2631e-01, -4.5574e-05,
          1.4913e-01],
        [-4.6412e-02,  2.9820e-01,  3.7221e-01, -3.5653e-01, -1.6141e-01,
         -3.3267e-01, -1.1951e-01, -2.6442e-01, -1.8744e-01, -2.0297e-01,
         -6.3374e-02,  2.6096e-02,  2.7398e-01, -8.5635e-02,  1.7073e-01,
          3.5518e-01],
        [ 5.7109e-02,  2.8433e-01,  3.2479e-01, -2.6563e-01,  1.2614e-02,
         -3.8680e-01, -1.9694e-01, -1.3191e-01,  2.8727e-02, -3.0294e-01,
         -1.0255e-01,  8.4893e-02, -5.4366e-02,  1.4114e-01,  3.0140e-02,
          8.3919e-02],
        [-3.1076e-01, -6.8084e-02, -1.1946e-01,  1.6608e-03, -2.6677e-02,
          1.9831e-01,  8.7839e-02,  2.7336e-01,  2.8619e-01, -1.4345e-02,
          2.3020e-01, -3.0886e-02, -2.8887e-01, -8.1070e-02, -2.0945e-01,
         -1.8144e-01],
        [-3.6526e-01,  9.2787e-02, -7.4687e-02, -3.5934e-02, -1.5830e-01,
          4.5560e-01,  2.5871e-01,  1.3884e-01,  3.4612e-01,  2.3255e-01,
          5.6467e-02,  3.0239e-03, -1.8413e-01,  1.3714e-01, -4.0027e-01,
         -3.1493e-01],
        [-1.4289e-01, -1.2326e-01, -4.0150e-02,  9.8517e-02,  1.3181e-01,
          1.5477e-01,  4.0316e-01,  1.8238e-01,  1.8099e-01,  3.2914e-01,
          1.4297e-01,  4.0335e-02, -4.2807e-01, -1.9846e-01, -2.7275e-01,
         -1.8459e-01],
        [ 3.7132e-01,  2.0009e-01,  2.0363e-01, -1.9992e-01,  5.6173e-02,
         -3.7743e-02, -1.3828e-01, -3.6387e-01, -3.5636e-01, -1.0978e-01,
         -1.1084e-01,  5.3321e-02,  3.9840e-03,  2.0434e-01,  1.9623e-01,
          2.2974e-02],
        [ 2.4032e-01,  3.3842e-01,  3.9888e-01, -3.3871e-02, -1.9561e-01,
         -7.0253e-02, -8.8775e-02, -1.0755e-01, -2.3659e-01, -1.6617e-01,
         -2.0684e-01,  1.3622e-01,  1.5896e-01,  7.8830e-02, -1.6533e-02,
          2.4378e-01],
        [-3.9489e-01, -2.8516e-01, -8.8644e-02, -3.2527e-02,  2.2123e-01,
          4.4881e-01,  1.3368e-01,  1.4072e-01, -2.6935e-02,  1.7313e-01,
          1.1791e-01, -3.2138e-01, -1.0887e-01, -1.1903e-01, -2.9604e-01,
         -1.5928e-01],
        [-7.2036e-02, -1.7169e-01,  1.8970e-01,  7.9711e-02, -2.1149e-01,
         -3.8525e-02, -1.8921e-01, -3.1987e-01, -1.9589e-01, -9.6395e-03,
          1.0402e-02,  4.4453e-01,  1.5826e-01, -6.4305e-02,  4.6085e-01,
          2.8317e-02],
        [ 3.3124e-01,  2.5598e-01,  2.1707e-01, -3.6069e-01, -2.2215e-01,
         -7.3065e-02, -1.3471e-01, -2.0420e-02, -3.6538e-01, -1.7526e-01,
          1.4666e-01,  2.9241e-01,  3.6658e-01,  2.8633e-01,  1.3990e-01,
         -2.8039e-02],
        [-3.1368e-01, -3.8882e-03, -2.6408e-01,  1.4837e-01,  3.0620e-03,
          3.3821e-01,  3.2368e-01,  2.9436e-01,  1.4206e-01,  2.7414e-01,
         -4.5778e-02, -2.5210e-01, -1.8731e-01, -2.2195e-01,  3.1917e-02,
         -1.7600e-01],
        [ 2.4332e-01,  1.0713e-01,  1.6788e-01, -2.9893e-01, -2.6072e-02,
         -4.0965e-01, -3.1855e-01,  9.3428e-03, -3.9683e-01, -1.1533e-01,
         -3.0930e-02, -7.3945e-02,  2.1782e-01,  2.4978e-01,  3.7794e-01,
          1.8934e-01],
        [ 3.8505e-01,  1.1647e-01,  2.8663e-01, -9.6978e-02, -1.8973e-01,
         -2.6524e-01, -3.8509e-01,  1.2381e-02, -4.5487e-02, -2.6115e-01,
         -5.6142e-02,  2.5378e-01, -5.2600e-02,  1.0010e-01,  3.3826e-01,
          1.9061e-01],
        [-2.0965e-01,  8.6523e-02, -7.5269e-02, -4.6880e-02,  1.5826e-01,
          1.3154e-02,  3.5174e-01,  4.1017e-01,  2.0715e-01,  7.4116e-02,
         -7.0389e-02, -3.0733e-01, -2.2975e-01, -2.2659e-01,  1.8629e-02,
         -2.5309e-01],
        [-7.8312e-02, -3.1893e-01, -5.5822e-02,  3.8335e-01, -1.3452e-01,
          1.4014e-01,  2.6337e-01, -5.0872e-02,  1.6865e-02,  2.3917e-01,
          2.4048e-01, -2.6344e-01, -1.7578e-01, -3.3589e-01, -4.6021e-01,
          7.3851e-02],
        [ 3.7234e-01,  1.4759e-02,  6.2936e-02, -1.6040e-01,  1.4380e-01,
         -4.2089e-01, -3.1711e-01, -2.2641e-01, -2.3702e-01, -1.3717e-01,
          1.2905e-01,  2.0373e-01, -9.1809e-02,  3.0605e-01,  3.8600e-01,
          2.1436e-01],
        [ 2.7248e-01,  1.8612e-01,  3.5713e-01, -3.7403e-01, -1.0006e-01,
         -2.0026e-01, -2.1270e-01, -2.8413e-01, -3.4771e-01, -3.1258e-01,
         -9.7315e-02,  3.3717e-01,  2.7165e-01,  1.4498e-01,  1.3983e-02,
          3.2429e-02],
        [ 2.3393e-01, -1.5314e-01,  1.9409e-01, -1.4353e-01,  1.7282e-01,
         -3.0081e-01, -9.3175e-04, -2.1715e-01, -3.8234e-01,  6.4782e-02,
          1.7896e-01,  2.4694e-02,  7.8796e-02,  2.4786e-01,  1.0231e-01,
          3.2065e-01],
        [ 8.0608e-02,  1.7587e-03,  1.2616e-01,  5.2974e-02, -9.2732e-02,
         -2.7470e-01, -7.9140e-02, -3.8505e-01, -1.9971e-01, -3.6114e-01,
         -2.8942e-01,  1.4822e-01,  2.2582e-01,  3.5075e-01,  6.1946e-03,
          8.1714e-02],
        [ 2.2810e-01,  1.8791e-01,  3.1042e-01, -3.4628e-01, -1.9530e-02,
         -1.2295e-01, -3.8231e-01, -1.5813e-02, -3.6566e-01,  2.3737e-02,
          1.3173e-02,  7.5779e-02,  2.1907e-01,  2.9123e-01,  3.7074e-01,
          2.9151e-01],
        [-3.3455e-01, -2.2213e-02,  1.0148e-03,  2.1256e-01,  2.1621e-01,
          5.4195e-02,  3.9549e-01,  1.8838e-01, -4.8670e-02,  8.6213e-02,
          2.0905e-01, -2.7870e-01, -2.3303e-01, -1.9315e-01, -3.5856e-01,
         -9.9573e-02],
        [ 3.1946e-01,  1.2882e-01,  1.5394e-01, -1.3432e-01, -1.9705e-01,
         -3.1998e-01, -1.7397e-01, -3.5818e-01, -1.8159e-02, -9.8084e-02,
          1.0742e-02,  1.4447e-01,  3.3347e-01,  3.0703e-01,  3.0889e-01,
          2.6393e-01],
        [-2.8433e-01,  1.6067e-02, -3.3247e-01,  2.5489e-01, -2.2170e-01,
          1.7959e-01,  3.6310e-01,  3.0958e-01,  3.4928e-01,  2.1904e-01,
          1.7702e-01, -8.0839e-02,  3.0793e-02,  5.1675e-02, -1.1320e-01,
         -2.2433e-01],
        [-2.9723e-01, -1.5974e-01, -5.8365e-02,  2.2621e-02,  7.0679e-02,
          4.1510e-01,  4.0920e-01, -1.1825e-02,  2.2247e-01,  3.0648e-01,
         -2.0236e-01, -1.4768e-02, -3.0955e-01, -2.6161e-01, -3.0968e-01,
         -2.4054e-01],
        [ 8.1599e-02,  1.8541e-01,  2.8150e-01, -8.0395e-02,  1.5969e-01,
         -3.6100e-01, -4.5047e-01, -3.9998e-01, -3.1180e-01, -2.7819e-01,
          4.1793e-02,  6.0958e-03,  1.3464e-02,  2.5908e-01,  6.2491e-02,
          1.9657e-01]], device='cuda:0', requires_grad=True)

Parameter name: road_linear_0.bias
Shape: torch.Size([32])
Values: Parameter containing:
tensor([-0.0792, -0.0777,  0.2037, -0.0118, -0.1093, -0.0565,  0.0923,  0.0790,
        -0.0122, -0.0772, -0.0474,  0.0396,  0.1499,  0.1190, -0.0351, -0.0048,
        -0.1245,  0.0058,  0.1343,  0.0351, -0.0283, -0.1932,  0.0045, -0.0364,
        -0.0129,  0.2472,  0.1409,  0.0013, -0.0339, -0.1658, -0.0030,  0.0493],
       device='cuda:0', requires_grad=True)

Parameter name: road_linear_1.weight
Shape: torch.Size([1, 32])
Values: Parameter containing:
tensor([[-0.2040,  0.2984, -0.2228, -0.2542,  0.2922,  0.3359, -0.2719, -0.3730,
         -0.2952,  0.3295,  0.2609,  0.3760, -0.2414, -0.3739,  0.2965, -0.1920,
         -0.2943,  0.3338, -0.2253, -0.2380,  0.3706,  0.3530, -0.3705, -0.3737,
         -0.2841, -0.3160, -0.3156,  0.3464, -0.3621,  0.3805,  0.2959, -0.2338]],
       device='cuda:0', requires_grad=True)

Parameter name: linear_0.weight
Shape: torch.Size([32, 39])
Values: Parameter containing:
tensor([[-0.0089, -0.0004,  0.0250,  ...,  0.2100, -0.3615, -0.1137],
        [-0.0795, -0.1868,  0.0819,  ...,  0.1464, -0.3353,  0.0871],
        [-0.0563,  0.1546,  0.0922,  ...,  0.0091,  0.2438,  0.0345],
        ...,
        [ 0.0440, -0.1532,  0.0120,  ...,  0.0683, -0.2897, -0.1180],
        [ 0.0317, -0.0739,  0.0081,  ..., -0.3052,  0.1335,  0.1557],
        [-0.0872,  0.1585,  0.0132,  ..., -0.1739,  0.0737, -0.0509]],
       device='cuda:0', requires_grad=True)

Parameter name: linear_0.bias
Shape: torch.Size([32])
Values: Parameter containing:
tensor([ 0.0513,  0.0546, -0.0937, -0.1199, -0.0571,  0.0455, -0.1297,  0.0624,
        -0.0463,  0.0928,  0.0339,  0.0073,  0.0091,  0.0627, -0.0786, -0.0205,
         0.0467, -0.1417, -0.0321, -0.0146, -0.1085,  0.0490,  0.0815, -0.0070,
        -0.0849,  0.0673,  0.0239, -0.0960,  0.0643,  0.1477,  0.1352, -0.0664],
       device='cuda:0', requires_grad=True)

Parameter name: linear_1.weight
Shape: torch.Size([32, 32])
Values: Parameter containing:
tensor([[ 0.0314, -0.2003, -0.0768,  ..., -0.1475, -0.0105,  0.2676],
        [-0.2442, -0.0483,  0.1076,  ..., -0.0782,  0.0016,  0.2752],
        [ 0.1710, -0.0155, -0.1803,  ...,  0.0892, -0.0284, -0.0734],
        ...,
        [ 0.1591,  0.1157,  0.0778,  ...,  0.2710, -0.2277,  0.0505],
        [-0.0599, -0.1780,  0.0807,  ..., -0.0044,  0.2539,  0.0914],
        [-0.0256, -0.1254,  0.2146,  ...,  0.0434,  0.1448,  0.1360]],
       device='cuda:0', requires_grad=True)

Parameter name: linear_1.bias
Shape: torch.Size([32])
Values: Parameter containing:
tensor([ 0.0877,  0.1228, -0.0359, -0.0552, -0.0318, -0.0355, -0.0325, -0.0627,
         0.1099, -0.1759,  0.1223, -0.1329,  0.1646, -0.0181, -0.1429,  0.1058,
        -0.1274, -0.1542,  0.0132, -0.0299,  0.0084,  0.1083, -0.1898,  0.2025,
        -0.0691, -0.0283,  0.0878, -0.0363, -0.1122, -0.0605,  0.1118,  0.0013],
       device='cuda:0', requires_grad=True)

Parameter name: linear_2.weight
Shape: torch.Size([1, 32])
Values: Parameter containing:
tensor([[ 0.5446,  0.4690, -0.5479, -0.5503,  0.3957,  0.4042, -0.4519,  0.4610,
          0.4600, -0.4838, -0.4736,  0.4341,  0.4563, -0.3977,  0.4774,  0.4262,
         -0.5550, -0.5459,  0.4230,  0.4405, -0.5087, -0.4816, -0.5449,  0.3800,
          0.5197,  0.5455, -0.5199,  0.5883, -0.4554, -0.5370,  0.5225,  0.5366]],
       device='cuda:0', requires_grad=True)

Parameter name: linear_2.bias
Shape: torch.Size([1])
Values: Parameter containing:
tensor([0.2635], device='cuda:0', requires_grad=True)

Parameter name: road_linear_0.weight
Shape: torch.Size([32, 16])
Values: Parameter containing:
tensor([[ 1.0889e-02,  3.3254e-01,  3.1983e-01, -3.3844e-01, -4.3200e-02,
         -1.8174e-01, -8.4461e-02, -4.1099e-01, -1.8670e-01, -6.9415e-02,
          3.8578e-02,  1.7995e-01,  8.3760e-02, -5.1043e-02,  3.3318e-01,
          3.4949e-01],
        [-2.7897e-01, -3.2089e-01, -1.2873e-01,  1.1354e-02, -1.4324e-01,
          2.9235e-01,  2.0664e-01,  1.9012e-01,  4.1346e-01,  1.2617e-01,
          2.1228e-01, -2.8020e-01, -2.5840e-02, -5.1978e-02, -1.8483e-02,
         -7.4901e-02],
        [ 9.3011e-02,  2.2354e-01,  3.9479e-01, -1.2749e-01,  1.2223e-01,
         -3.7323e-01, -7.6329e-02, -4.3355e-01,  4.5072e-02, -6.1868e-02,
         -8.1879e-02, -5.5940e-02,  4.1849e-01,  3.0353e-01,  4.4263e-01,
          2.4704e-01],
        [ 2.9151e-01,  5.0797e-02,  1.0478e-01, -8.5496e-02,  8.5086e-02,
         -2.3405e-01, -1.8798e-01, -1.1580e-01, -4.1623e-01, -3.9053e-01,
         -9.8390e-02,  3.6897e-01,  3.0654e-01, -1.2378e-01,  1.5658e-01,
          1.4817e-01],
        [-1.2572e-01,  1.3705e-01, -1.9587e-01, -1.5401e-03,  6.9499e-02,
          1.3771e-01,  9.4096e-02,  3.7230e-01,  1.7791e-01,  2.8701e-01,
          2.2352e-01, -1.9805e-01, -8.3789e-02, -2.4504e-01, -1.1372e-01,
         -1.3136e-01],
        [-2.9004e-02,  1.5836e-01, -3.8091e-01,  4.1503e-01,  1.7217e-01,
          1.5624e-02,  2.9638e-01, -1.4433e-03,  2.6741e-01,  2.0270e-01,
         -1.4294e-01, -1.0385e-01, -2.7424e-01,  1.1554e-01,  8.5581e-03,
         -6.6997e-02],
        [ 3.9140e-01,  1.8135e-01,  4.2939e-01, -1.9604e-01,  1.1062e-01,
         -2.5277e-01, -2.2377e-01, -2.5988e-01, -2.6160e-01, -1.4004e-02,
         -8.0657e-03,  7.3190e-02, -9.8503e-03,  2.2631e-01, -4.4492e-05,
          1.4912e-01],
        [-4.6412e-02,  2.9819e-01,  3.7221e-01, -3.5653e-01, -1.6141e-01,
         -3.3267e-01, -1.1951e-01, -2.6443e-01, -1.8744e-01, -2.0297e-01,
         -6.3373e-02,  2.6098e-02,  2.7399e-01, -8.5637e-02,  1.7074e-01,
          3.5518e-01],
        [ 5.7109e-02,  2.8433e-01,  3.2479e-01, -2.6563e-01,  1.2611e-02,
         -3.8680e-01, -1.9694e-01, -1.3192e-01,  2.8726e-02, -3.0294e-01,
         -1.0255e-01,  8.4895e-02, -5.4363e-02,  1.4114e-01,  3.0142e-02,
          8.3916e-02],
        [-3.1076e-01, -6.8080e-02, -1.1946e-01,  1.6598e-03, -2.6672e-02,
          1.9831e-01,  8.7839e-02,  2.7336e-01,  2.8619e-01, -1.4347e-02,
          2.3020e-01, -3.0889e-02, -2.8888e-01, -8.1068e-02, -2.0945e-01,
         -1.8143e-01],
        [-3.6526e-01,  9.2791e-02, -7.4685e-02, -3.5935e-02, -1.5830e-01,
          4.5560e-01,  2.5871e-01,  1.3885e-01,  3.4612e-01,  2.3254e-01,
          5.6465e-02,  3.0217e-03, -1.8413e-01,  1.3714e-01, -4.0027e-01,
         -3.1493e-01],
        [-1.4289e-01, -1.2325e-01, -4.0148e-02,  9.8516e-02,  1.3181e-01,
          1.5477e-01,  4.0316e-01,  1.8238e-01,  1.8099e-01,  3.2914e-01,
          1.4296e-01,  4.0333e-02, -4.2807e-01, -1.9846e-01, -2.7276e-01,
         -1.8458e-01],
        [ 3.7132e-01,  2.0009e-01,  2.0363e-01, -1.9992e-01,  5.6169e-02,
         -3.7743e-02, -1.3828e-01, -3.6388e-01, -3.5636e-01, -1.0977e-01,
         -1.1084e-01,  5.3324e-02,  3.9880e-03,  2.0434e-01,  1.9624e-01,
          2.2970e-02],
        [ 2.4032e-01,  3.3842e-01,  3.9888e-01, -3.3870e-02, -1.9561e-01,
         -7.0253e-02, -8.8774e-02, -1.0755e-01, -2.3659e-01, -1.6617e-01,
         -2.0684e-01,  1.3622e-01,  1.5896e-01,  7.8828e-02, -1.6532e-02,
          2.4378e-01],
        [-3.9489e-01, -2.8516e-01, -8.8642e-02, -3.2528e-02,  2.2123e-01,
          4.4881e-01,  1.3368e-01,  1.4072e-01, -2.6934e-02,  1.7313e-01,
          1.1791e-01, -3.2138e-01, -1.0888e-01, -1.1903e-01, -2.9604e-01,
         -1.5927e-01],
        [-7.2037e-02, -1.7170e-01,  1.8970e-01,  7.9712e-02, -2.1149e-01,
         -3.8524e-02, -1.8921e-01, -3.1987e-01, -1.9589e-01, -9.6365e-03,
          1.0404e-02,  4.4453e-01,  1.5826e-01, -6.4306e-02,  4.6085e-01,
          2.8314e-02],
        [ 3.3124e-01,  2.5598e-01,  2.1707e-01, -3.6069e-01, -2.2216e-01,
         -7.3065e-02, -1.3471e-01, -2.0422e-02, -3.6538e-01, -1.7526e-01,
          1.4666e-01,  2.9241e-01,  3.6658e-01,  2.8633e-01,  1.3990e-01,
         -2.8041e-02],
        [-3.1368e-01, -3.8846e-03, -2.6408e-01,  1.4837e-01,  3.0652e-03,
          3.3821e-01,  3.2368e-01,  2.9436e-01,  1.4207e-01,  2.7414e-01,
         -4.5780e-02, -2.5210e-01, -1.8731e-01, -2.2195e-01,  3.1916e-02,
         -1.7600e-01],
        [ 2.4332e-01,  1.0713e-01,  1.6788e-01, -2.9892e-01, -2.6075e-02,
         -4.0965e-01, -3.1855e-01,  9.3402e-03, -3.9683e-01, -1.1533e-01,
         -3.0928e-02, -7.3943e-02,  2.1782e-01,  2.4977e-01,  3.7794e-01,
          1.8934e-01],
        [ 3.8505e-01,  1.1647e-01,  2.8663e-01, -9.6977e-02, -1.8974e-01,
         -2.6524e-01, -3.8509e-01,  1.2378e-02, -4.5489e-02, -2.6115e-01,
         -5.6140e-02,  2.5378e-01, -5.2597e-02,  1.0010e-01,  3.3826e-01,
          1.9061e-01],
        [-2.0965e-01,  8.6527e-02, -7.5267e-02, -4.6881e-02,  1.5826e-01,
          1.3154e-02,  3.5174e-01,  4.1017e-01,  2.0715e-01,  7.4114e-02,
         -7.0391e-02, -3.0733e-01, -2.2975e-01, -2.2659e-01,  1.8628e-02,
         -2.5309e-01],
        [-7.8311e-02, -3.1893e-01, -5.5820e-02,  3.8335e-01, -1.3452e-01,
          1.4014e-01,  2.6337e-01, -5.0869e-02,  1.6866e-02,  2.3917e-01,
          2.4047e-01, -2.6344e-01, -1.7578e-01, -3.3589e-01, -4.6022e-01,
          7.3853e-02],
        [ 3.7234e-01,  1.4756e-02,  6.2935e-02, -1.6039e-01,  1.4380e-01,
         -4.2089e-01, -3.1711e-01, -2.2641e-01, -2.3702e-01, -1.3717e-01,
          1.2906e-01,  2.0374e-01, -9.1806e-02,  3.0605e-01,  3.8600e-01,
          2.1436e-01],
        [ 2.7248e-01,  1.8612e-01,  3.5712e-01, -3.7403e-01, -1.0006e-01,
         -2.0026e-01, -2.1270e-01, -2.8413e-01, -3.4771e-01, -3.1258e-01,
         -9.7314e-02,  3.3718e-01,  2.7165e-01,  1.4498e-01,  1.3984e-02,
          3.2427e-02],
        [ 2.3393e-01, -1.5314e-01,  1.9409e-01, -1.4353e-01,  1.7281e-01,
         -3.0081e-01, -9.3160e-04, -2.1715e-01, -3.8234e-01,  6.4785e-02,
          1.7897e-01,  2.4697e-02,  7.8800e-02,  2.4786e-01,  1.0232e-01,
          3.2065e-01],
        [ 8.0608e-02,  1.7544e-03,  1.2616e-01,  5.2975e-02, -9.2736e-02,
         -2.7470e-01, -7.9140e-02, -3.8506e-01, -1.9971e-01, -3.6113e-01,
         -2.8942e-01,  1.4823e-01,  2.2583e-01,  3.5074e-01,  6.1958e-03,
          8.1711e-02],
        [ 2.2810e-01,  1.8791e-01,  3.1042e-01, -3.4628e-01, -1.9533e-02,
         -1.2295e-01, -3.8231e-01, -1.5815e-02, -3.6566e-01,  2.3739e-02,
          1.3174e-02,  7.5782e-02,  2.1907e-01,  2.9123e-01,  3.7074e-01,
          2.9151e-01],
        [-3.3455e-01, -2.2209e-02,  1.0166e-03,  2.1256e-01,  2.1621e-01,
          5.4195e-02,  3.9549e-01,  1.8838e-01, -4.8668e-02,  8.6211e-02,
          2.0905e-01, -2.7870e-01, -2.3304e-01, -1.9315e-01, -3.5856e-01,
         -9.9570e-02],
        [ 3.1946e-01,  1.2881e-01,  1.5394e-01, -1.3432e-01, -1.9705e-01,
         -3.1998e-01, -1.7397e-01, -3.5818e-01, -1.8160e-02, -9.8082e-02,
          1.0744e-02,  1.4447e-01,  3.3348e-01,  3.0703e-01,  3.0890e-01,
          2.6393e-01],
        [-2.8433e-01,  1.6071e-02, -3.3247e-01,  2.5489e-01, -2.2170e-01,
          1.7959e-01,  3.6310e-01,  3.0958e-01,  3.4928e-01,  2.1903e-01,
          1.7701e-01, -8.0841e-02,  3.0789e-02,  5.1677e-02, -1.1320e-01,
         -2.2433e-01],
        [-2.9723e-01, -1.5974e-01, -5.8363e-02,  2.2620e-02,  7.0683e-02,
          4.1510e-01,  4.0920e-01, -1.1822e-02,  2.2247e-01,  3.0648e-01,
         -2.0236e-01, -1.4770e-02, -3.0955e-01, -2.6161e-01, -3.0968e-01,
         -2.4054e-01],
        [ 8.1599e-02,  1.8541e-01,  2.8150e-01, -8.0394e-02,  1.5969e-01,
         -3.6100e-01, -4.5047e-01, -3.9998e-01, -3.1180e-01, -2.7819e-01,
          4.1795e-02,  6.0981e-03,  1.3468e-02,  2.5908e-01,  6.2492e-02,
          1.9656e-01]], device='cuda:0', requires_grad=True)

Parameter name: road_linear_0.bias
Shape: torch.Size([32])
Values: Parameter containing:
tensor([-0.0792, -0.0777,  0.2037, -0.0118, -0.1093, -0.0565,  0.0923,  0.0790,
        -0.0122, -0.0772, -0.0474,  0.0396,  0.1499,  0.1190, -0.0351, -0.0048,
        -0.1245,  0.0058,  0.1343,  0.0351, -0.0283, -0.1932,  0.0045, -0.0364,
        -0.0129,  0.2472,  0.1409,  0.0013, -0.0339, -0.1658, -0.0030,  0.0493],
       device='cuda:0', requires_grad=True)

Parameter name: road_linear_1.weight
Shape: torch.Size([1, 32])
Values: Parameter containing:
tensor([[-0.2040,  0.2984, -0.2228, -0.2542,  0.2922,  0.3359, -0.2719, -0.3730,
         -0.2952,  0.3295,  0.2609,  0.3760, -0.2414, -0.3739,  0.2965, -0.1920,
         -0.2943,  0.3338, -0.2253, -0.2380,  0.3706,  0.3530, -0.3705, -0.3737,
         -0.2841, -0.3160, -0.3156,  0.3464, -0.3621,  0.3805,  0.2959, -0.2338]],
       device='cuda:0', requires_grad=True)

Parameter name: linear_0.weight
Shape: torch.Size([32, 39])
Values: Parameter containing:
tensor([[-0.0089, -0.0004,  0.0250,  ...,  0.2100, -0.3615, -0.1137],
        [-0.0795, -0.1868,  0.0819,  ...,  0.1464, -0.3353,  0.0871],
        [-0.0563,  0.1546,  0.0922,  ...,  0.0091,  0.2438,  0.0345],
        ...,
        [ 0.0440, -0.1532,  0.0120,  ...,  0.0683, -0.2897, -0.1180],
        [ 0.0317, -0.0739,  0.0081,  ..., -0.3052,  0.1335,  0.1557],
        [-0.0872,  0.1585,  0.0132,  ..., -0.1739,  0.0737, -0.0509]],
       device='cuda:0', requires_grad=True)

Parameter name: linear_0.bias
Shape: torch.Size([32])
Values: Parameter containing:
tensor([ 0.0513,  0.0546, -0.0937, -0.1199, -0.0571,  0.0455, -0.1297,  0.0624,
        -0.0463,  0.0928,  0.0339,  0.0073,  0.0091,  0.0627, -0.0786, -0.0205,
         0.0467, -0.1417, -0.0321, -0.0146, -0.1085,  0.0490,  0.0815, -0.0070,
        -0.0849,  0.0673,  0.0239, -0.0960,  0.0643,  0.1477,  0.1352, -0.0664],
       device='cuda:0', requires_grad=True)

Parameter name: linear_1.weight
Shape: torch.Size([32, 32])
Values: Parameter containing:
tensor([[ 0.0314, -0.2003, -0.0768,  ..., -0.1475, -0.0105,  0.2676],
        [-0.2442, -0.0483,  0.1076,  ..., -0.0782,  0.0016,  0.2752],
        [ 0.1710, -0.0155, -0.1803,  ...,  0.0892, -0.0284, -0.0734],
        ...,
        [ 0.1591,  0.1157,  0.0778,  ...,  0.2710, -0.2277,  0.0505],
        [-0.0599, -0.1780,  0.0807,  ..., -0.0044,  0.2539,  0.0914],
        [-0.0256, -0.1254,  0.2146,  ...,  0.0434,  0.1448,  0.1360]],
       device='cuda:0', requires_grad=True)

Parameter name: linear_1.bias
Shape: torch.Size([32])
Values: Parameter containing:
tensor([ 0.0877,  0.1228, -0.0359, -0.0552, -0.0318, -0.0355, -0.0325, -0.0627,
         0.1099, -0.1759,  0.1223, -0.1329,  0.1646, -0.0181, -0.1429,  0.1058,
        -0.1274, -0.1542,  0.0132, -0.0299,  0.0084,  0.1083, -0.1898,  0.2025,
        -0.0691, -0.0283,  0.0878, -0.0363, -0.1122, -0.0605,  0.1118,  0.0013],
       device='cuda:0', requires_grad=True)

Parameter name: linear_2.weight
Shape: torch.Size([1, 32])
Values: Parameter containing:
tensor([[ 0.5446,  0.4690, -0.5479, -0.5503,  0.3957,  0.4042, -0.4519,  0.4610,
          0.4600, -0.4838, -0.4736,  0.4341,  0.4563, -0.3977,  0.4774,  0.4262,
         -0.5550, -0.5459,  0.4230,  0.4405, -0.5087, -0.4816, -0.5449,  0.3800,
          0.5197,  0.5455, -0.5199,  0.5883, -0.4554, -0.5370,  0.5225,  0.5366]],
       device='cuda:0', requires_grad=True)

Parameter name: linear_2.bias
Shape: torch.Size([1])
Values: Parameter containing:
tensor([0.2635], device='cuda:0', requires_grad=True)

Parameter name: road_linear_0.weight
Shape: torch.Size([32, 16])
Values: Parameter containing:
tensor([[-3.5940e-03,  3.3481e-01,  3.0750e-01, -2.9681e-01, -3.5605e-01,
         -2.0587e-01, -8.7372e-02, -5.0125e-01, -2.7709e-01, -7.1272e-02,
         -1.1525e-04,  2.6199e-01,  1.2470e-01, -4.1951e-02,  5.7157e-02,
          3.5476e-01],
        [-2.5367e-01, -3.1744e-01, -1.0682e-01, -2.4067e-02,  9.6284e-02,
          2.8878e-01,  1.9538e-01,  2.4657e-01,  4.7368e-01,  1.4192e-01,
          2.6184e-01, -3.2289e-01, -3.7578e-02, -7.1279e-02,  2.3625e-01,
         -7.3740e-02],
        [ 7.9233e-02,  2.2452e-01,  3.8100e-01, -9.3367e-02, -2.1455e-01,
         -3.8492e-01, -7.8057e-02, -5.2030e-01, -5.3581e-02, -7.0970e-02,
         -1.1484e-01,  6.9101e-03,  4.5246e-01,  3.5609e-01,  1.6856e-01,
          2.5303e-01],
        [ 2.7403e-01,  5.0445e-02,  8.9191e-02, -5.5255e-02, -1.8329e-01,
         -2.4074e-01, -1.8576e-01, -1.9497e-01, -5.0888e-01, -4.1225e-01,
         -9.4584e-02,  4.3507e-01,  3.2489e-01, -8.6434e-02, -9.8216e-02,
          1.4924e-01],
        [-9.3544e-02,  1.0949e-01, -1.7163e-01, -4.6747e-02,  2.9513e-01,
          1.2910e-01,  7.3210e-02,  4.1967e-01,  2.2793e-01,  3.0316e-01,
          2.9399e-01, -2.2821e-01, -9.2986e-02, -2.6724e-01,  1.6768e-01,
         -1.4662e-01],
        [-8.8520e-03,  1.4796e-01, -3.6505e-01,  3.8662e-01,  4.6859e-01,
          1.8852e-02,  2.9357e-01,  6.3028e-02,  3.3507e-01,  2.2349e-01,
         -1.1613e-01, -1.5337e-01, -2.8909e-01,  9.9325e-02,  2.8647e-01,
         -7.2277e-02],
        [ 3.7739e-01,  9.8154e-02,  4.1646e-01, -1.7387e-01, -1.7430e-01,
         -2.5569e-01, -2.1387e-01, -3.2890e-01, -3.3946e-01, -3.8515e-02,
         -3.5530e-02,  1.2730e-01, -2.1075e-02,  2.6289e-01, -1.6486e-01,
          1.5379e-01],
        [-5.8881e-02,  2.4893e-01,  3.6059e-01, -3.4141e-01, -4.3407e-01,
         -3.3142e-01, -1.1117e-01, -3.3628e-01, -2.6368e-01, -2.2416e-01,
         -8.3230e-02,  8.1630e-02,  2.8057e-01, -5.7275e-02,  2.6568e-02,
          3.5438e-01],
        [ 4.4159e-02,  2.9018e-01,  3.1497e-01, -2.3512e-01, -1.6856e-01,
         -3.9467e-01, -2.0315e-01, -1.9204e-01, -3.7845e-02, -3.3150e-01,
         -2.3776e-01,  1.2345e-01, -1.7035e-02,  2.0555e-01, -2.3005e-01,
          9.5719e-02],
        [-2.9144e-01, -8.3599e-02, -1.0499e-01, -2.9833e-02,  2.0740e-01,
          2.0493e-01,  8.6437e-02,  3.3998e-01,  3.5731e-01,  1.2072e-02,
          3.0591e-01, -7.7205e-02, -3.1916e-01, -1.1742e-01,  6.9982e-02,
         -1.9429e-01],
        [-3.6199e-01,  6.8719e-02, -7.3007e-02, -4.8188e-02,  9.4649e-02,
          4.7707e-01,  2.6954e-01,  2.2678e-01,  4.4285e-01,  2.7031e-01,
          1.0915e-01, -6.9585e-02, -2.0531e-01,  7.6870e-02, -1.0181e-01,
         -3.3184e-01],
        [-1.3231e-01, -1.4390e-01, -3.4714e-02,  7.8350e-02,  2.8891e-01,
          1.6737e-01,  4.0566e-01,  2.4647e-01,  2.4783e-01,  3.6619e-01,
          2.2497e-01, -4.4215e-03, -4.2457e-01, -2.7973e-01, -3.3950e-02,
         -2.0564e-01],
        [ 3.3847e-01,  2.2171e-01,  1.7477e-01, -1.5370e-01, -2.8715e-01,
         -4.3455e-02, -1.3325e-01, -4.6614e-01, -4.3520e-01, -1.2577e-01,
         -1.3605e-01,  1.2612e-01,  1.1097e-02,  2.1117e-01, -1.4456e-01,
          2.9137e-02],
        [ 2.1560e-01,  3.1674e-01,  3.7758e-01, -2.7042e-03, -4.1885e-01,
         -6.2577e-02, -7.3367e-02, -1.5356e-01, -2.8933e-01, -1.8049e-01,
         -2.5161e-01,  1.6827e-01,  1.6253e-01,  9.9956e-02, -2.3047e-01,
          2.4048e-01],
        [-3.7841e-01, -2.7688e-01, -7.3613e-02, -5.7302e-02,  4.8580e-01,
          4.5060e-01,  1.2872e-01,  2.0825e-01,  4.7041e-02,  1.9397e-01,
          1.6216e-01, -3.7307e-01, -1.2755e-01, -1.5015e-01, -7.4803e-02,
         -1.6092e-01],
        [-8.1599e-02, -1.0658e-01,  1.9315e-01,  1.1647e-01, -4.9628e-01,
         -9.3019e-02, -2.3119e-01, -4.5767e-01, -3.2402e-01, -6.8036e-02,
         -9.2330e-02,  5.0618e-01,  2.3301e-01,  7.0417e-03,  1.8129e-01,
          5.7093e-02],
        [ 3.2027e-01,  2.5086e-01,  2.0835e-01, -3.4222e-01, -4.7522e-01,
         -8.1339e-02, -1.3526e-01, -8.9334e-02, -4.4603e-01, -2.0318e-01,
          1.2228e-01,  3.5289e-01,  4.0253e-01,  3.2465e-01, -4.5080e-02,
         -2.4506e-02],
        [-2.9872e-01,  9.7339e-03, -2.5125e-01,  1.3035e-01,  2.3656e-01,
          3.3428e-01,  3.1287e-01,  3.4926e-01,  2.1155e-01,  2.9502e-01,
         -2.2092e-02, -2.9714e-01, -1.9550e-01, -2.6043e-01,  1.8425e-01,
         -1.7685e-01],
        [ 2.1608e-01,  9.2550e-02,  1.3946e-01, -2.4992e-01, -3.5642e-01,
         -4.1304e-01, -3.1377e-01, -7.6920e-02, -5.0037e-01, -1.0802e-01,
         -8.3060e-02, -1.4271e-02,  2.7647e-01,  3.0581e-01,  1.2436e-01,
          1.7519e-01],
        [ 3.7893e-01,  1.1608e-01,  2.8054e-01, -7.7239e-02, -4.4198e-01,
         -2.7902e-01, -3.9285e-01, -7.0414e-02, -1.3635e-01, -2.9198e-01,
         -1.2543e-01,  3.1813e-01, -1.4726e-02,  1.5345e-01,  1.2161e-01,
          2.0017e-01],
        [-1.8068e-01,  7.5856e-02, -5.1402e-02, -8.3414e-02,  3.8455e-01,
         -1.4799e-03,  3.3141e-01,  4.4035e-01,  2.4317e-01,  8.1642e-02,
         -3.3663e-02, -3.2628e-01, -2.2852e-01, -2.3383e-01,  2.7121e-01,
         -2.5293e-01],
        [-7.8799e-02, -3.1613e-01, -5.7046e-02,  3.6860e-01,  1.0017e-01,
          1.6452e-01,  2.9111e-01,  3.7649e-02,  1.0866e-01,  2.8186e-01,
          3.6190e-01, -3.2607e-01, -2.4260e-01, -4.0547e-01, -1.9232e-01,
          5.5160e-02],
        [ 3.7117e-01,  1.5326e-02,  6.2428e-02, -1.5432e-01, -1.0377e-01,
         -4.3547e-01, -3.2756e-01, -3.0462e-01, -3.2478e-01, -1.7201e-01,
          8.6572e-02,  2.6713e-01, -5.2804e-02,  3.5887e-01,  2.1059e-01,
          2.2475e-01],
        [ 2.6074e-01,  1.8627e-01,  3.4717e-01, -3.6183e-01, -3.2259e-01,
         -1.9653e-01, -2.0586e-01, -3.4918e-01, -4.2214e-01, -3.3351e-01,
         -7.7169e-02,  3.8946e-01,  2.7994e-01,  1.7809e-01, -1.2688e-01,
          2.9084e-02],
        [ 2.1485e-01, -1.3319e-01,  1.8017e-01, -1.0757e-01, -6.7392e-02,
         -3.0933e-01,  3.1220e-03, -2.7538e-01, -4.5459e-01,  3.5672e-02,
          9.7803e-02,  7.4125e-02,  1.1055e-01,  2.8412e-01, -2.0461e-01,
          3.3924e-01],
        [ 4.2333e-02,  7.2834e-03,  9.2524e-02,  9.6758e-02, -3.3758e-01,
         -2.4999e-01, -4.5068e-02, -4.1316e-01, -2.3201e-01, -3.6267e-01,
         -3.3328e-01,  1.6518e-01,  2.1323e-01,  3.4933e-01, -2.5783e-01,
          7.8361e-02],
        [ 2.2714e-01,  1.7876e-01,  3.0957e-01, -3.3995e-01, -2.8084e-01,
         -1.3730e-01, -3.9134e-01, -9.9561e-02, -4.5844e-01, -1.0256e-02,
         -2.0958e-02,  1.4326e-01,  2.5750e-01,  3.4000e-01,  2.0812e-01,
          3.0025e-01],
        [-3.2231e-01, -3.3868e-02,  9.2004e-03,  1.9136e-01,  4.3040e-01,
          6.8235e-02,  3.9928e-01,  2.6644e-01,  2.9370e-02,  1.1934e-01,
          2.6878e-01, -3.3696e-01, -2.6137e-01, -2.4239e-01, -1.1798e-01,
         -1.1397e-01],
        [ 3.0913e-01,  1.4804e-01,  1.4617e-01, -1.2162e-01, -4.0814e-01,
         -3.2718e-01, -1.7581e-01, -4.2412e-01, -9.2266e-02, -1.2523e-01,
          1.8277e-02,  1.9999e-01,  3.3004e-01,  3.5356e-01,  9.5046e-02,
          2.6955e-01],
        [-2.7747e-01,  3.8966e-02, -3.2634e-01,  2.4486e-01,  2.5501e-02,
          1.8327e-01,  3.6247e-01,  3.7862e-01,  4.2674e-01,  2.4656e-01,
          2.1855e-01, -1.3467e-01,  1.2655e-02,  8.9295e-03,  3.9116e-02,
         -2.3127e-01],
        [-2.9180e-01, -1.6688e-01, -5.4248e-02,  8.5695e-03,  3.1108e-01,
          4.2916e-01,  4.1527e-01,  6.1511e-02,  3.0788e-01,  3.3946e-01,
         -1.5131e-01, -7.4629e-02, -3.4644e-01, -3.1791e-01, -1.0363e-01,
         -2.5074e-01],
        [ 5.9868e-02,  1.5746e-01,  2.6064e-01, -3.5147e-02, -1.1174e-01,
         -3.6188e-01, -4.3817e-01, -4.6760e-01, -3.9684e-01, -2.8072e-01,
         -9.0513e-03,  5.4460e-02,  2.8917e-02,  3.1019e-01, -1.4546e-01,
          1.9408e-01]], device='cuda:0', requires_grad=True)

Parameter name: road_linear_0.bias
Shape: torch.Size([32])
Values: Parameter containing:
tensor([-0.0427, -0.0200,  0.1163, -0.0265, -0.0789, -0.1121,  0.0778,  0.0897,
        -0.0198, -0.0749, -0.0188,  0.0535,  0.1617,  0.0846,  0.0080, -0.0196,
        -0.0468, -0.0077,  0.0992,  0.0111, -0.0638, -0.1429, -0.0210, -0.0007,
         0.0119,  0.1785,  0.1220,  0.0046, -0.0589, -0.1478,  0.0254, -0.0402],
       device='cuda:0', requires_grad=True)

Parameter name: road_linear_1.weight
Shape: torch.Size([1, 32])
Values: Parameter containing:
tensor([[-0.2451,  0.3333, -0.2393, -0.2746,  0.3403,  0.3812, -0.2912, -0.3942,
         -0.3214,  0.3646,  0.2770,  0.3859, -0.2808, -0.4082,  0.3159, -0.3285,
         -0.3328,  0.3409, -0.2411, -0.2591,  0.4206,  0.3209, -0.3823, -0.3868,
         -0.3503, -0.3550, -0.3228,  0.3661, -0.3711,  0.3911,  0.3010, -0.2473]],
       device='cuda:0', requires_grad=True)

Parameter name: linear_0.weight
Shape: torch.Size([32, 39])
Values: Parameter containing:
tensor([[-0.0118, -0.0082,  0.0443,  ...,  0.2366, -0.3766, -0.1137],
        [-0.0846, -0.1916,  0.0886,  ...,  0.1480, -0.3578,  0.0871],
        [-0.0418,  0.1758,  0.0720,  ..., -0.0056,  0.2809,  0.0345],
        ...,
        [ 0.0273, -0.1905,  0.0434,  ...,  0.0666, -0.3076, -0.1180],
        [ 0.0487, -0.0503, -0.0197,  ..., -0.3053,  0.1628,  0.1557],
        [-0.2036,  0.0496,  0.0034,  ...,  0.0417, -0.2547, -0.0509]],
       device='cuda:0', requires_grad=True)

Parameter name: linear_0.bias
Shape: torch.Size([32])
Values: Parameter containing:
tensor([ 0.0565,  0.0568, -0.0873, -0.1196, -0.0581,  0.0533, -0.1272,  0.0603,
        -0.0484,  0.0817,  0.0306,  0.0100,  0.0265,  0.0739, -0.0775, -0.0173,
         0.0488, -0.1504, -0.0295, -0.0242, -0.0746,  0.0468,  0.0892, -0.0065,
        -0.0874,  0.0873,  0.0329, -0.0872,  0.0483,  0.1379,  0.1476, -0.1061],
       device='cuda:0', requires_grad=True)

Parameter name: linear_1.weight
Shape: torch.Size([32, 32])
Values: Parameter containing:
tensor([[ 0.0150, -0.1933, -0.0767,  ..., -0.1187, -0.0229,  0.0693],
        [-0.2690, -0.0476,  0.1196,  ..., -0.0508, -0.0014,  0.0571],
        [ 0.1878, -0.0261, -0.1805,  ...,  0.0567, -0.0133,  0.1695],
        ...,
        [ 0.1685,  0.0986,  0.0873,  ...,  0.2294, -0.2040,  0.2430],
        [-0.0836, -0.1684,  0.0830,  ...,  0.0294,  0.2421, -0.1688],
        [-0.0516, -0.1274,  0.2181,  ...,  0.0695,  0.1383, -0.0330]],
       device='cuda:0', requires_grad=True)

Parameter name: linear_1.bias
Shape: torch.Size([32])
Values: Parameter containing:
tensor([ 0.0846,  0.1226, -0.0242, -0.0598, -0.0338, -0.0625, -0.0270, -0.0595,
         0.0953, -0.1364,  0.1356, -0.1262,  0.1519,  0.0581, -0.1343,  0.0884,
        -0.1188, -0.1465,  0.0031, -0.0133,  0.0060,  0.1088, -0.1849,  0.1738,
        -0.0631, -0.0307,  0.0900, -0.0414, -0.1099, -0.0542,  0.0966,  0.0039],
       device='cuda:0', requires_grad=True)

Parameter name: linear_2.weight
Shape: torch.Size([1, 32])
Values: Parameter containing:
tensor([[ 0.5843,  0.5073, -0.5839, -0.5861,  0.4517,  0.4428, -0.4984,  0.4927,
          0.5168, -0.5229, -0.4798,  0.4771,  0.4759,  0.4869,  0.5149,  0.4705,
         -0.5847, -0.5900,  0.4534,  0.4799, -0.5403, -0.5182, -0.5853,  0.4450,
          0.5691,  0.5913, -0.5680,  0.6176, -0.4968, -0.5811,  0.5643,  0.5838]],
       device='cuda:0', requires_grad=True)

Parameter name: linear_2.bias
Shape: torch.Size([1])
Values: Parameter containing:
tensor([0.2981], device='cuda:0', requires_grad=True)

Parameter name: road_linear_0.weight
Shape: torch.Size([32, 16])
Values: Parameter containing:
tensor([[ 1.4458e-02,  3.8529e-02,  2.9058e-01, -3.2584e-01, -2.9410e-01,
         -1.3953e-01, -5.0888e-02, -4.6018e-01, -2.2977e-01, -4.4134e-02,
          1.6343e-01,  1.9639e-01,  5.2833e-02, -7.0225e-02, -1.9582e-01,
          3.5485e-01],
        [-2.6568e-01, -5.1433e-02, -9.9258e-02,  1.2557e-02,  4.9083e-02,
          2.4177e-01,  1.6306e-01,  2.1081e-01,  4.5415e-01,  1.3277e-01,
          8.5709e-02, -2.7537e-01, -5.3310e-03, -5.2621e-02,  4.7441e-01,
         -7.5923e-02],
        [ 9.0458e-02, -1.9101e-02,  3.6764e-01, -1.2258e-01, -1.4472e-01,
         -3.3469e-01, -3.7336e-02, -4.6580e-01, -1.7559e-03, -5.5843e-02,
         -8.9513e-02, -5.0995e-02,  3.9905e-01,  3.1675e-01, -7.0469e-02,
          2.5433e-01],
        [ 2.7415e-01, -7.1916e-02,  6.8259e-02, -7.9089e-02, -1.0970e-01,
         -1.7188e-01, -1.3114e-01, -1.3305e-01, -4.6223e-01, -3.8511e-01,
          1.4779e-02,  3.6067e-01,  2.8602e-01, -1.2523e-01, -2.9732e-01,
          1.3404e-01],
        [-1.0209e-01,  3.6423e-01, -1.5862e-01, -1.0530e-02,  2.3188e-01,
          7.3150e-02,  3.2457e-02,  3.6848e-01,  1.8915e-01,  2.9089e-01,
          7.8037e-02, -1.6733e-01, -4.8670e-02, -2.3948e-01,  3.8887e-01,
         -1.4796e-01],
        [-4.7041e-03,  3.3551e-01, -3.4533e-01,  4.1040e-01,  3.7813e-01,
         -4.9207e-02,  2.4460e-01, -3.4823e-04,  2.8606e-01,  2.0311e-01,
         -1.0495e-01, -8.7860e-02, -2.2768e-01,  1.2604e-01,  4.5765e-01,
         -6.7381e-02],
        [ 3.7399e-01, -2.4356e-02,  3.9465e-01, -1.9457e-01, -1.1246e-01,
         -1.9664e-01, -1.6253e-01, -2.7491e-01, -2.9055e-01, -1.7019e-02,
         -9.2237e-03,  6.5678e-02, -6.9507e-02,  1.7441e-01, -3.6352e-01,
          1.4138e-01],
        [-6.0460e-02,  1.2086e-01,  3.4516e-01, -3.6461e-01, -3.8465e-01,
         -2.8892e-01, -7.7231e-02, -2.9989e-01, -2.3377e-01, -2.1444e-01,
         -6.4225e-02,  3.9747e-02,  2.4779e-01, -1.0267e-01, -1.4779e-01,
          3.4819e-01],
        [ 5.4576e-02, -7.7843e-03,  3.0494e-01, -2.7217e-01, -1.3470e-01,
         -3.4836e-01, -1.7165e-01, -1.6335e-01, -1.3368e-02, -3.2167e-01,
          3.8545e-03,  7.8859e-02, -4.5648e-02,  1.8551e-01, -4.5479e-01,
          9.9622e-02],
        [-3.0434e-01,  1.9428e-01, -9.9315e-02,  1.1224e-02,  1.5015e-01,
          1.5417e-01,  5.0395e-02,  2.9315e-01,  3.2321e-01,  4.8800e-03,
          1.2292e-01, -2.5858e-02, -2.7720e-01, -1.0259e-01,  2.9533e-01,
         -2.0240e-01],
        [-3.6678e-01,  2.3785e-01, -5.6330e-02, -1.9943e-02,  3.3250e-02,
          4.1784e-01,  2.2875e-01,  1.7568e-01,  4.0391e-01,  2.5092e-01,
          1.5216e-02, -7.1977e-03, -2.0858e-01,  9.0413e-02,  1.0295e-01,
         -3.2656e-01],
        [-1.3121e-01,  4.3224e-02, -1.5275e-02,  1.0573e-01,  2.2370e-01,
          1.1389e-01,  3.5105e-01,  1.8888e-01,  1.9938e-01,  3.4462e-01,
          9.4729e-02,  5.7161e-02, -4.1896e-01, -2.3401e-01,  1.4711e-01,
         -1.9683e-01],
        [ 3.4801e-01, -3.0777e-02,  1.5416e-01, -1.8827e-01, -1.9897e-01,
          3.4424e-02, -8.1890e-02, -3.9563e-01, -3.9082e-01, -1.0057e-01,
         -1.1191e-01,  4.8462e-02, -2.6445e-02,  1.9070e-01, -4.0896e-01,
          2.4354e-02],
        [ 2.1834e-01,  8.7699e-02,  3.6450e-01, -3.1028e-02, -3.6809e-01,
         -1.8242e-02, -3.4666e-02, -1.1397e-01, -2.6402e-01, -1.6816e-01,
         -1.2001e-01,  1.2222e-01,  1.2861e-01,  6.0891e-02, -4.4284e-01,
          2.3663e-01],
        [-3.8772e-01, -3.8755e-02, -6.4358e-02, -2.2807e-02,  4.4232e-01,
          4.0945e-01,  9.9278e-02,  1.7466e-01,  2.0589e-02,  1.8807e-01,
          4.3548e-02, -3.2807e-01, -1.0368e-01, -1.3006e-01,  1.6792e-01,
         -1.6279e-01],
        [-3.5103e-02, -4.3584e-01,  1.8808e-01,  4.6757e-02, -4.5417e-01,
         -6.0922e-03, -1.8894e-01, -4.1452e-01, -3.0036e-01, -5.1812e-02,
         -6.6023e-02,  4.3654e-01,  1.7146e-01, -4.3720e-02, -1.1399e-01,
          8.1040e-02],
        [ 3.1884e-01,  8.6442e-02,  1.8987e-01, -3.6343e-01, -3.9023e-01,
         -2.2605e-02, -7.9045e-02, -3.1012e-02, -4.1430e-01, -1.7914e-01,
          1.7951e-01,  2.9152e-01,  3.4261e-01,  2.5907e-01, -2.0345e-01,
         -3.9277e-02],
        [-2.8692e-01,  1.2823e-01, -2.2412e-01,  1.4294e-01,  1.4570e-01,
          2.7527e-01,  2.5703e-01,  2.8755e-01,  1.5808e-01,  2.7079e-01,
         -4.6533e-02, -2.3335e-01, -1.3592e-01, -1.8212e-01,  2.8644e-01,
         -1.5810e-01],
        [ 2.3865e-01, -1.1054e-01,  1.3818e-01, -2.8899e-01, -2.5434e-01,
         -3.6675e-01, -2.6865e-01, -1.7238e-02, -4.4697e-01, -1.0073e-01,
          7.8202e-03, -7.2127e-02,  1.9569e-01,  2.4407e-01, -7.8624e-02,
          1.8433e-01],
        [ 3.8041e-01, -8.6306e-02,  2.5823e-01, -1.0328e-01, -3.8673e-01,
         -2.2532e-01, -3.4771e-01, -2.6119e-02, -9.7476e-02, -2.7122e-01,
          8.6021e-02,  2.5660e-01, -4.2389e-02,  1.0721e-01, -1.1477e-01,
          1.8920e-01],
        [-1.7513e-01,  2.5632e-01, -3.0253e-02, -6.3086e-02,  3.0119e-01,
         -5.5752e-02,  2.8770e-01,  3.8345e-01,  2.0004e-01,  6.4023e-02,
         -1.0205e-01, -2.6680e-01, -1.8604e-01, -1.9387e-01,  4.2230e-01,
         -2.4419e-01],
        [-1.0449e-01,  4.6618e-02, -5.9406e-02,  4.1872e-01,  8.4242e-02,
          1.2763e-01,  2.7037e-01,  2.2929e-02,  1.0439e-01,  2.8509e-01,
          2.2360e-01, -3.0310e-01, -2.2603e-01, -3.9518e-01,  2.9569e-02,
          4.3773e-02],
        [ 3.7252e-01, -1.6803e-01,  4.6741e-02, -1.8076e-01, -5.0525e-02,
         -3.9225e-01, -2.8894e-01, -2.6859e-01, -2.9455e-01, -1.6037e-01,
          1.9941e-01,  2.2242e-01, -7.3137e-02,  3.1527e-01,  1.9819e-02,
          2.1725e-01],
        [ 2.4916e-01,  1.1054e-01,  3.2226e-01, -3.7228e-01, -2.1973e-01,
         -1.4085e-01, -1.4827e-01, -2.8986e-01, -3.8051e-01, -3.0551e-01,
          6.4907e-03,  3.3241e-01,  2.4892e-01,  1.0753e-01, -2.2103e-01,
          2.4686e-03],
        [ 2.2048e-01, -3.9269e-01,  1.6820e-01, -1.4456e-01,  1.1148e-03,
         -2.4587e-01,  5.1120e-02, -2.1414e-01, -4.0453e-01,  5.1170e-02,
          1.7990e-01,  1.0020e-02,  5.5963e-02,  2.6378e-01, -4.2284e-01,
          3.4304e-01],
        [ 4.4577e-02, -1.9969e-01,  7.7015e-02,  6.9814e-02, -2.6205e-01,
         -2.0238e-01, -1.4725e-02, -3.6307e-01, -1.9452e-01, -3.5187e-01,
         -2.7293e-01,  1.1149e-01,  1.8804e-01,  3.2725e-01, -4.7213e-01,
          7.5225e-02],
        [ 2.2366e-01, -2.5632e-02,  2.8525e-01, -3.5887e-01, -2.1813e-01,
         -9.0896e-02, -3.4063e-01, -5.7535e-02, -4.1805e-01,  9.1536e-03,
          4.2334e-02,  8.9243e-02,  2.2709e-01,  2.5981e-01,  2.9233e-02,
          2.8359e-01],
        [-3.3229e-01,  1.9352e-01,  2.0285e-02,  2.2723e-01,  3.7175e-01,
          1.9016e-02,  3.5465e-01,  2.1748e-01, -1.1226e-02,  1.0737e-01,
          8.0428e-02, -2.8089e-01, -2.2995e-01, -2.0465e-01,  8.5193e-02,
         -1.1462e-01],
        [ 3.0271e-01,  3.2786e-02,  1.2240e-01, -1.4055e-01, -3.3062e-01,
         -2.7573e-01, -1.2860e-01, -3.6972e-01, -4.9242e-02, -1.0286e-01,
          1.0510e-01,  1.3925e-01,  3.4823e-01,  3.1205e-01, -5.3241e-02,
          2.5367e-01],
        [-2.7169e-01,  1.6928e-01, -3.0626e-01,  2.6384e-01, -3.3937e-02,
          1.3667e-01,  3.1948e-01,  3.3445e-01,  3.8861e-01,  2.3072e-01,
          1.5448e-01, -8.6821e-02,  5.1447e-02,  6.2468e-02,  2.0839e-01,
         -2.1917e-01],
        [-2.8883e-01,  3.3148e-02, -3.1400e-02,  3.0174e-02,  2.4423e-01,
          3.7285e-01,  3.6675e-01,  1.3361e-02,  2.6665e-01,  3.1858e-01,
         -2.2443e-01, -1.2479e-02, -3.0906e-01, -2.6919e-01,  8.7920e-02,
         -2.3789e-01],
        [ 6.1503e-02, -3.0401e-02,  2.3855e-01, -6.0262e-02, -3.9219e-02,
         -3.0171e-01, -3.7990e-01, -3.9762e-01, -3.3926e-01, -2.5579e-01,
          8.5395e-02, -1.9643e-02, -4.4243e-02,  2.1321e-01, -3.4577e-01,
          1.8431e-01]], device='cuda:0', requires_grad=True)

Parameter name: road_linear_0.bias
Shape: torch.Size([32])
Values: Parameter containing:
tensor([-0.0825, -0.0383,  0.1064, -0.0976, -0.0362, -0.0145,  0.0665,  0.1273,
        -0.0593, -0.0456,  0.0416,  0.0791,  0.1693,  0.0915, -0.0433,  0.0808,
        -0.1731,  0.0061,  0.0084, -0.0103, -0.0083, -0.0965, -0.0721, -0.0437,
        -0.1809,  0.2486,  0.0939,  0.0373, -0.0960, -0.2155,  0.1727, -0.0439],
       device='cuda:0', requires_grad=True)

Parameter name: road_linear_1.weight
Shape: torch.Size([1, 32])
Values: Parameter containing:
tensor([[-0.2771,  0.3640, -0.2634, -0.2791,  0.3688,  0.4050, -0.3148, -0.3967,
         -0.3533,  0.4149,  0.2838,  0.4116, -0.3140, -0.4438,  0.3403, -0.3542,
         -0.3446,  0.3415, -0.2547, -0.2731,  0.4410,  0.3682, -0.3890, -0.3881,
         -0.4098, -0.3809, -0.3337,  0.3892, -0.3624,  0.4007,  0.3048, -0.2563]],
       device='cuda:0', requires_grad=True)

Parameter name: linear_0.weight
Shape: torch.Size([32, 39])
Values: Parameter containing:
tensor([[-0.0469,  0.1200,  0.0543,  ...,  0.2234, -0.3504, -0.1137],
        [-0.1150, -0.0398,  0.1143,  ...,  0.1578, -0.3438,  0.0871],
        [ 0.0045, -0.0489,  0.0214,  ...,  0.0245,  0.2517,  0.0345],
        ...,
        [ 0.0027,  0.0248,  0.0552,  ...,  0.0875, -0.3428, -0.1180],
        [ 0.0916, -0.2196, -0.0507,  ..., -0.3311,  0.1698,  0.1557],
        [-0.2107,  0.1611,  0.0348,  ...,  0.1004, -0.3007, -0.0509]],
       device='cuda:0', requires_grad=True)

Parameter name: linear_0.bias
Shape: torch.Size([32])
Values: Parameter containing:
tensor([ 0.0426,  0.0415, -0.0673, -0.1331, -0.0714,  0.0585, -0.1113,  0.0465,
        -0.0399,  0.0812,  0.0188,  0.0109,  0.0290,  0.0777, -0.0534, -0.0190,
         0.0596, -0.1534,  0.0011,  0.0274, -0.0512,  0.0342,  0.1083,  0.0050,
        -0.0923,  0.1034,  0.0467, -0.0946,  0.0551,  0.1401,  0.1661, -0.1221],
       device='cuda:0', requires_grad=True)

Parameter name: linear_1.weight
Shape: torch.Size([32, 32])
Values: Parameter containing:
tensor([[ 0.0732, -0.1885, -0.1109,  ..., -0.1415, -0.0121,  0.0727],
        [-0.2078, -0.0448,  0.0906,  ..., -0.0745,  0.0119,  0.0470],
        [ 0.1401, -0.0189, -0.1669,  ...,  0.0925, -0.0330,  0.1911],
        ...,
        [ 0.1197,  0.1013,  0.1160,  ...,  0.2630, -0.2298,  0.2476],
        [-0.0079, -0.1563,  0.0457,  ...,  0.0074,  0.2414, -0.1704],
        [-0.0051, -0.1410,  0.2047,  ...,  0.0266,  0.1687, -0.0528]],
       device='cuda:0', requires_grad=True)

Parameter name: linear_1.bias
Shape: torch.Size([32])
Values: Parameter containing:
tensor([ 0.1037,  0.1480, -0.0596, -0.0836, -0.0006, -0.0448, -0.0579, -0.0443,
         0.1238, -0.1697,  0.1299, -0.1172,  0.1721,  0.0863, -0.1231,  0.1265,
        -0.1384, -0.1729, -0.0564, -0.0036, -0.0029,  0.0850, -0.2113,  0.2137,
        -0.0458, -0.0051,  0.0744, -0.0292, -0.1358, -0.0729,  0.1218,  0.0427],
       device='cuda:0', requires_grad=True)

Parameter name: linear_2.weight
Shape: torch.Size([1, 32])
Values: Parameter containing:
tensor([[ 0.5196,  0.4411, -0.5293, -0.5156,  0.3963,  0.3772, -0.4403,  0.4152,
          0.4378, -0.4635, -0.4091,  0.4269,  0.4084,  0.3891,  0.4550,  0.4515,
         -0.5152, -0.5287, -0.3855,  0.4315, -0.4757, -0.4554, -0.5284,  0.3715,
          0.4984,  0.5294, -0.5141,  0.5210, -0.4423, -0.5165,  0.5032,  0.5285]],
       device='cuda:0', requires_grad=True)

Parameter name: linear_2.bias
Shape: torch.Size([1])
Values: Parameter containing:
tensor([0.2730], device='cuda:0', requires_grad=True)

Parameter name: road_linear_0.weight
Shape: torch.Size([32, 16])
Values: Parameter containing:
tensor([[-1.3296e-02,  3.2615e-01,  2.6934e-01, -2.9008e-01, -3.1007e-01,
         -1.1689e-01, -2.6851e-02, -4.5624e-01, -2.1926e-01, -1.7478e-02,
          1.5823e-01,  1.7462e-01,  3.5187e-02, -9.4182e-02, -2.0353e-01,
          3.2713e-01],
        [-2.4154e-01, -3.2331e-01, -7.5920e-02, -1.7154e-02,  5.3746e-02,
          2.2421e-01,  1.4757e-01,  2.0027e-01,  4.3509e-01,  1.0976e-01,
          7.1934e-02, -2.5397e-01,  1.0165e-02, -3.0723e-02,  4.7919e-01,
         -5.1206e-02],
        [ 6.8312e-02,  2.2493e-01,  3.4564e-01, -9.4688e-02, -1.6566e-01,
         -3.2320e-01, -2.8128e-02, -4.7437e-01,  4.4905e-03, -3.4877e-02,
         -7.3075e-02, -6.5918e-02,  3.9874e-01,  3.0756e-01, -8.6151e-02,
          2.3471e-01],
        [ 2.5167e-01,  4.2795e-02,  4.9740e-02, -5.4581e-02, -1.2915e-01,
         -1.5895e-01, -1.2084e-01, -1.2692e-01, -4.5309e-01, -3.6556e-01,
          2.4783e-02,  3.4586e-01,  2.7555e-01, -1.4112e-01, -3.1516e-01,
          1.1006e-01],
        [-9.4385e-02,  1.0862e-01, -1.4826e-01, -2.9859e-02,  2.7017e-01,
          6.6271e-02,  3.4742e-02,  3.8821e-01,  2.0185e-01,  2.7801e-01,
          8.7662e-02, -1.6495e-01, -5.9392e-02, -2.3961e-01,  4.3354e-01,
         -1.3280e-01],
        [ 2.2016e-03,  1.4607e-01, -3.3926e-01,  3.9572e-01,  4.0653e-01,
         -4.8985e-02,  2.4456e-01,  4.7060e-03,  2.9027e-01,  1.9412e-01,
         -1.1472e-01, -8.5114e-02, -2.3920e-01,  1.2802e-01,  5.2052e-01,
         -5.6124e-02],
        [ 3.5270e-01,  1.0124e-01,  3.7571e-01, -1.6986e-01, -1.2632e-01,
         -1.8726e-01, -1.5452e-01, -2.6934e-01, -2.7131e-01,  6.7432e-04,
          6.5151e-03,  5.1229e-02, -7.5363e-02,  1.6183e-01, -3.8403e-01,
          1.2153e-01],
        [-8.0863e-02,  2.5812e-01,  3.2667e-01, -3.3926e-01, -3.8116e-01,
         -2.7826e-01, -6.5273e-02, -2.8872e-01, -2.1258e-01, -1.9689e-01,
         -6.1829e-02,  2.1855e-02,  2.3910e-01, -1.1534e-01, -1.5509e-01,
          3.3081e-01],
        [ 3.4023e-02,  3.0000e-01,  2.8473e-01, -2.4634e-01, -1.3358e-01,
         -3.3385e-01, -1.5882e-01, -1.5215e-01,  1.1070e-03, -3.0120e-01,
          1.3617e-02,  6.1392e-02, -5.5975e-02,  1.6792e-01, -4.6169e-01,
          7.7043e-02],
        [-2.9199e-01, -9.1532e-02, -8.5210e-02, -1.0627e-02,  1.7268e-01,
          1.4469e-01,  4.5921e-02,  3.0073e-01,  3.2426e-01, -1.0440e-02,
          1.2718e-01, -1.6731e-02, -2.7848e-01, -9.3517e-02,  3.2274e-01,
         -1.8563e-01],
        [-3.5424e-01,  6.6748e-02, -4.4954e-02, -3.5644e-02,  5.9705e-02,
          4.1156e-01,  2.2489e-01,  1.8249e-01,  4.0549e-01,  2.3828e-01,
         -1.1593e-02, -2.1422e-03, -2.0613e-01,  9.3849e-02,  1.3873e-01,
         -3.1095e-01],
        [-1.1534e-01, -1.3475e-01,  3.9077e-05,  8.4841e-02,  2.3272e-01,
          1.0094e-01,  3.4656e-01,  1.8972e-01,  1.9112e-01,  3.2936e-01,
          1.0271e-01,  6.8421e-02, -4.1067e-01, -2.2976e-01,  1.6174e-01,
         -1.7941e-01],
        [ 3.2336e-01,  2.1894e-01,  1.3102e-01, -1.5582e-01, -2.3248e-01,
          5.3940e-02, -6.9538e-02, -4.0502e-01, -3.8557e-01, -7.6238e-02,
         -9.6412e-02,  2.9338e-02, -3.4826e-02,  1.7444e-01, -4.2771e-01,
         -2.2922e-04],
        [ 1.9671e-01,  3.2112e-01,  3.4292e-01, -5.1541e-03, -3.6738e-01,
         -3.6090e-03, -2.3435e-02, -1.0285e-01, -2.4265e-01, -1.4802e-01,
         -1.0668e-01,  1.0365e-01,  1.1637e-01,  4.4901e-02, -4.4777e-01,
          2.1569e-01],
        [-3.6772e-01, -2.8847e-01, -4.5104e-02, -4.8020e-02,  4.4764e-01,
          3.9613e-01,  8.8143e-02,  1.6781e-01,  6.6482e-03,  1.6896e-01,
          2.9499e-02, -3.1161e-01, -9.4449e-02, -1.1577e-01,  1.7475e-01,
         -1.4272e-01],
        [-2.9885e-01, -1.9126e-01,  3.5670e-02,  2.4469e-01,  1.9105e-01,
          1.5974e-01,  8.9635e-02,  1.1071e-01,  2.0063e-01,  1.0597e-01,
          3.6505e-02,  1.4349e-01, -1.4594e-01, -2.6410e-01,  6.3718e-01,
         -6.9094e-02],
        [ 2.9459e-01,  2.1536e-01,  1.7133e-01, -3.3787e-01, -3.9729e-01,
         -7.4260e-03, -6.8368e-02, -1.2929e-02, -3.9556e-01, -1.5948e-01,
          1.7295e-01,  2.7370e-01,  3.2398e-01,  2.4607e-01, -1.9611e-01,
         -6.2093e-02],
        [-2.6864e-01,  6.0677e-02, -2.0852e-01,  1.1967e-01,  1.6097e-01,
          2.6936e-01,  2.5142e-01,  2.8424e-01,  1.4548e-01,  2.5588e-01,
         -5.6485e-02, -2.2103e-01, -1.3764e-01, -1.6852e-01,  3.0927e-01,
         -1.4024e-01],
        [ 2.1681e-01,  9.1837e-02,  1.2063e-01, -2.6353e-01, -2.7616e-01,
         -3.5405e-01, -2.6034e-01, -1.8539e-02, -4.4609e-01, -8.0532e-02,
          2.7584e-02, -8.4778e-02,  1.8884e-01,  2.3208e-01, -8.8560e-02,
          1.5932e-01],
        [ 3.6231e-01,  1.1909e-01,  2.4333e-01, -8.2446e-02, -4.0106e-01,
         -2.1266e-01, -3.4292e-01, -2.2341e-02, -9.2286e-02, -2.5421e-01,
          9.3227e-02,  2.4637e-01, -4.9404e-02,  1.0255e-01, -1.2888e-01,
          1.6775e-01],
        [-1.6464e-01,  8.1996e-02, -1.9622e-02, -8.1075e-02,  3.2208e-01,
         -5.9908e-02,  2.8851e-01,  3.8924e-01,  1.9801e-01,  5.3587e-02,
         -9.5670e-02, -2.6054e-01, -1.9402e-01, -1.9637e-01,  4.7759e-01,
         -2.3241e-01],
        [-8.8410e-02, -3.2044e-01, -4.6000e-02,  3.9609e-01,  8.0969e-02,
          1.1656e-01,  2.6214e-01,  1.3653e-02,  9.3371e-02,  2.6846e-01,
          2.2404e-01, -2.8732e-01, -2.1994e-01, -3.8343e-01,  3.8054e-02,
          6.0592e-02],
        [ 3.6075e-01,  5.9727e-03,  3.6794e-02, -1.6393e-01, -6.5546e-02,
         -3.8655e-01, -2.8902e-01, -2.6826e-01, -2.9065e-01, -1.4991e-01,
          1.9305e-01,  2.1669e-01, -7.2318e-02,  3.1198e-01,  4.3176e-03,
          2.0379e-01],
        [ 2.2259e-01,  1.5529e-01,  3.0172e-01, -3.4377e-01, -2.2149e-01,
         -1.2680e-01, -1.3590e-01, -2.6848e-01, -3.5511e-01, -2.8591e-01,
          8.9466e-03,  3.0995e-01,  2.3309e-01,  9.0067e-02, -2.0877e-01,
         -1.8951e-02],
        [ 2.1519e-01, -1.1507e-01,  1.6191e-01, -1.3060e-01, -2.7923e-02,
         -2.4400e-01,  4.8629e-02, -2.2563e-01, -4.1197e-01,  5.9276e-02,
          2.0108e-01,  9.8492e-03,  6.5218e-02,  2.6490e-01, -4.5886e-01,
          3.3354e-01],
        [ 3.1257e-02,  2.3123e-02,  6.2413e-02,  8.9874e-02, -2.8291e-01,
         -1.9584e-01, -8.0258e-03, -3.7076e-01, -1.9025e-01, -3.3866e-01,
         -2.6794e-01,  1.0187e-01,  1.9149e-01,  3.2407e-01, -5.1411e-01,
          6.2168e-02],
        [ 2.0466e-01,  1.4790e-01,  2.6996e-01, -3.3745e-01, -2.2575e-01,
         -7.8669e-02, -3.3771e-01, -4.9424e-02, -4.0535e-01,  2.4575e-02,
          3.8444e-02,  7.7678e-02,  2.1822e-01,  2.6201e-01,  2.0312e-02,
          2.6644e-01],
        [-3.2127e-01, -3.2916e-02,  3.0349e-02,  2.0882e-01,  3.9217e-01,
          9.4399e-03,  3.5416e-01,  2.2389e-01, -1.0255e-02,  9.5494e-02,
          9.0330e-02, -2.7481e-01, -2.2984e-01, -2.0770e-01,  1.1630e-01,
         -9.9949e-02],
        [ 2.8287e-01,  1.3985e-01,  1.0493e-01, -1.1811e-01, -3.3882e-01,
         -2.6205e-01, -1.2259e-01, -3.6328e-01, -3.4297e-02, -8.6375e-02,
          1.0395e-01,  1.2509e-01,  3.3795e-01,  3.0550e-01, -6.2357e-02,
          2.3632e-01],
        [-2.5803e-01,  3.5951e-02, -2.9397e-01,  2.4473e-01, -2.0392e-02,
          1.3185e-01,  3.1750e-01,  3.3415e-01,  3.8024e-01,  2.1946e-01,
          1.4601e-01, -7.8194e-02,  4.8856e-02,  6.5116e-02,  2.3709e-01,
         -2.0587e-01],
        [-2.7066e-01, -1.4546e-01, -1.6461e-02,  8.8987e-03,  2.5519e-01,
          3.6257e-01,  3.6107e-01,  6.1333e-03,  2.5753e-01,  3.0225e-01,
         -2.2764e-01, -1.5983e-03, -3.0361e-01, -2.5896e-01,  9.3061e-02,
         -2.1820e-01],
        [ 3.5892e-02,  1.1405e-01,  2.1656e-01, -3.0336e-02, -5.7587e-02,
         -2.8726e-01, -3.7086e-01, -4.0254e-01, -3.3110e-01, -2.3416e-01,
          9.8534e-02, -3.4667e-02, -5.3116e-02,  1.9757e-01, -3.5340e-01,
          1.5878e-01]], device='cuda:0', requires_grad=True)

Parameter name: road_linear_0.bias
Shape: torch.Size([32])
Values: Parameter containing:
tensor([-0.0883, -0.0256,  0.1294, -0.0880, -0.0456, -0.0178,  0.0839,  0.1427,
        -0.0539, -0.0435,  0.0085,  0.0883,  0.1550,  0.0891, -0.0409, -0.0566,
        -0.1874, -0.0022,  0.0101, -0.0126, -0.0145, -0.0878, -0.0698, -0.0434,
        -0.1393,  0.2693,  0.0880,  0.0447, -0.0966, -0.2278,  0.1797, -0.0407],
       device='cuda:0', requires_grad=True)

Parameter name: road_linear_1.weight
Shape: torch.Size([1, 32])
Values: Parameter containing:
tensor([[-0.2807,  0.3650, -0.2664, -0.2878,  0.4012,  0.4299, -0.3214, -0.3967,
         -0.3677,  0.4265,  0.2952,  0.4110, -0.3283, -0.4502,  0.3412,  0.3511,
         -0.3452,  0.3474, -0.2581, -0.2759,  0.4533,  0.3602, -0.3928, -0.3887,
         -0.4468, -0.3957, -0.3346,  0.3936, -0.3663,  0.4056,  0.3083, -0.2624]],
       device='cuda:0', requires_grad=True)

Parameter name: linear_0.weight
Shape: torch.Size([32, 39])
Values: Parameter containing:
tensor([[-0.0151,  0.1045,  0.0768,  ...,  0.1590, -0.2808, -0.1137],
        [-0.1120, -0.0400,  0.1174,  ...,  0.1307, -0.3207,  0.0871],
        [-0.0036, -0.0416,  0.0317,  ...,  0.0269,  0.2458,  0.0345],
        ...,
        [ 0.0083,  0.0240,  0.0531,  ...,  0.0679, -0.3296, -0.1180],
        [ 0.0922, -0.2220, -0.0530,  ..., -0.3032,  0.1520,  0.1557],
        [-0.1952,  0.1621,  0.0394,  ...,  0.0653, -0.2869, -0.0509]],
       device='cuda:0', requires_grad=True)

Parameter name: linear_0.bias
Shape: torch.Size([32])
Values: Parameter containing:
tensor([ 0.0466,  0.0402, -0.0698, -0.1358, -0.0735,  0.0503, -0.1103,  0.0502,
        -0.0411,  0.0778,  0.0246,  0.0121,  0.0241,  0.0752, -0.0507, -0.0213,
         0.0572, -0.1574, -0.0633,  0.0372, -0.0577,  0.0304,  0.1054,  0.0074,
        -0.0879,  0.0529,  0.0425, -0.1143,  0.0545,  0.1435,  0.1672, -0.1278],
       device='cuda:0', requires_grad=True)

Parameter name: linear_1.weight
Shape: torch.Size([32, 32])
Values: Parameter containing:
tensor([[ 0.0625, -0.1826, -0.1040,  ..., -0.1210, -0.0194,  0.0727],
        [-0.2150, -0.0394,  0.1111,  ..., -0.0491, -0.0046,  0.0452],
        [ 0.1409, -0.0252, -0.1734,  ...,  0.0658, -0.0142,  0.1863],
        ...,
        [ 0.1145,  0.0799,  0.1215,  ...,  0.2326, -0.2091,  0.2323],
        [-0.0097, -0.1533,  0.0584,  ...,  0.0394,  0.2209, -0.1712],
        [-0.0015, -0.1263,  0.2005,  ...,  0.0603,  0.1455, -0.0401]],
       device='cuda:0', requires_grad=True)

Parameter name: linear_1.bias
Shape: torch.Size([32])
Values: Parameter containing:
tensor([ 0.1066,  0.1609, -0.0621, -0.0825, -0.0054, -0.0443, -0.0578, -0.0418,
         0.1354, -0.1786,  0.1155, -0.1297,  0.1937,  0.1041, -0.1245,  0.1367,
        -0.1375, -0.1729,  0.0458, -0.0122, -0.0061,  0.0865, -0.2002,  0.2391,
        -0.0437, -0.0071,  0.0749, -0.0284, -0.1355, -0.0682,  0.1304,  0.0374],
       device='cuda:0', requires_grad=True)

Parameter name: linear_2.weight
Shape: torch.Size([1, 32])
Values: Parameter containing:
tensor([[ 0.5231,  0.4506, -0.5282, -0.5029,  0.3895,  0.3945, -0.4369,  0.4057,
          0.4229, -0.4695, -0.4167,  0.4117,  0.4092,  0.3985,  0.4442,  0.4578,
         -0.5089, -0.5214,  0.3719,  0.4210, -0.4726, -0.4529, -0.5189,  0.3668,
          0.4973,  0.5212, -0.5040,  0.5155, -0.4363, -0.5080,  0.5009,  0.5151]],
       device='cuda:0', requires_grad=True)

Parameter name: linear_2.bias
Shape: torch.Size([1])
Values: Parameter containing:
tensor([0.2676], device='cuda:0', requires_grad=True)

Parameter name: road_linear_0.weight
Shape: torch.Size([32, 16])
Values: Parameter containing:
tensor([[-4.7611e-01,  6.2267e-01, -1.4234e-01, -3.1035e-01,  2.9614e-01,
         -2.5026e-01,  5.3668e-01,  7.9077e-02,  2.8585e-01,  1.3032e-01,
          1.6156e-01, -2.4770e-01, -1.8763e-01,  2.5092e-02,  3.2288e-01,
         -1.0002e-01],
        [-3.6618e-01,  9.9942e-02, -1.9527e-01, -2.8606e-01,  1.3337e-01,
         -1.4065e-01,  3.1270e-01,  2.7525e-01,  4.9852e-01,  2.3446e-02,
          1.4287e-01, -3.4791e-01,  1.3604e-01,  3.1270e-01,  4.6160e-01,
         -1.9134e-01],
        [-3.5406e-01,  3.9646e-01, -4.0010e-02, -6.1961e-02,  3.8258e-01,
         -3.3768e-01,  4.7956e-01,  4.0700e-02,  4.7305e-01,  1.0759e-01,
          3.5272e-02, -4.8545e-01,  1.4433e-01,  3.2493e-01,  4.0351e-01,
         -1.7457e-01],
        [ 3.7735e-01, -3.4806e-01,  1.5558e-01,  1.7918e-01, -1.7227e-01,
          1.3486e-01, -3.0015e-01, -1.8336e-01, -4.8293e-01, -2.8271e-01,
         -2.2665e-02,  4.1172e-01,  1.2956e-01, -4.0156e-01, -2.6273e-01,
          2.5630e-01],
        [-2.1917e-01,  4.9667e-01, -2.5048e-01, -3.0527e-01,  2.7436e-01,
         -2.6751e-01,  1.5879e-01,  3.9724e-01,  2.0890e-01,  1.7344e-01,
          1.7548e-01, -2.2138e-01,  1.0712e-01,  7.5971e-02,  3.5821e-01,
         -2.5983e-01],
        [-1.0705e-01,  5.1944e-01, -4.2390e-01,  8.4620e-02,  4.1825e-01,
         -3.9323e-01,  3.6042e-01,  2.5948e-02,  2.9386e-01,  4.0782e-03,
         -1.5900e-01, -1.3788e-01, -1.9787e-01,  4.4446e-01,  4.0201e-01,
         -1.6842e-01],
        [ 3.9123e-01, -2.4447e-01,  4.9883e-01,  1.7058e-01, -2.1150e-01,
          2.3422e-01, -3.4158e-01, -3.4666e-01, -3.4250e-01,  2.3362e-01,
         -3.4236e-02,  1.2868e-01, -6.7945e-02, -1.5138e-01, -3.0218e-01,
          2.7480e-01],
        [ 3.5769e-02, -8.9666e-02,  4.3879e-01, -3.4934e-02, -4.7864e-01,
          7.9497e-02, -2.2654e-01, -3.6912e-01, -2.7520e-01, -5.3139e-03,
         -7.6120e-02,  1.1368e-01,  2.7003e-01, -4.0870e-01, -1.6324e-01,
          4.6835e-01],
        [ 1.8254e-01, -1.9710e-01,  4.4967e-01,  1.0018e-01, -2.9546e-01,
          1.4528e-01, -3.9750e-01, -2.9667e-01, -1.4395e-01, -1.9564e-01,
         -2.0245e-01,  1.9975e-01, -1.4519e-01, -2.8382e-01, -5.2370e-01,
          2.5791e-01],
        [-4.3884e-01,  3.0447e-01, -2.0480e-01, -2.3474e-01,  2.0945e-01,
         -1.5500e-01,  1.8905e-01,  3.3684e-01,  3.5835e-01, -1.6176e-02,
          9.3315e-02, -8.8241e-02, -1.3653e-02,  2.1336e-01,  2.8212e-01,
         -3.2880e-01],
        [-5.2094e-01,  5.2586e-01, -1.6598e-01, -3.1487e-01,  7.0902e-02,
          6.9000e-02,  3.9684e-01,  2.0943e-01,  4.2375e-01,  1.7442e-01,
          3.4071e-02, -6.1229e-02, -2.9314e-04,  4.4323e-01,  5.0514e-02,
         -4.7160e-01],
        [-2.9835e-01,  2.4213e-01, -1.3912e-01, -1.2981e-01,  3.1586e-01,
         -1.8100e-01,  5.0787e-01,  2.5776e-01,  2.6668e-01,  3.4295e-01,
          1.4854e-01, -2.7346e-02, -1.7674e-01,  4.5615e-02,  2.2081e-01,
         -3.4176e-01],
        [ 4.4847e-01, -2.4558e-01,  2.5969e-01,  1.7535e-01, -2.3956e-01,
          4.7196e-01, -2.2369e-01, -4.1731e-01, -4.0118e-01,  8.9440e-02,
         -1.2256e-01,  1.1443e-01, -1.0456e-01, -2.3476e-01, -2.8912e-01,
          1.5211e-01],
        [ 3.1915e-01, -4.3094e-02,  4.4977e-01,  2.4032e-01, -4.2540e-01,
          3.1018e-01, -1.6467e-01, -1.5526e-01, -2.7908e-01, -4.4748e-02,
         -1.4166e-01,  1.6687e-01,  1.6101e-02, -2.3208e-01, -4.1581e-01,
          3.4482e-01],
        [-5.2203e-01,  1.7593e-01, -1.8022e-01, -3.3788e-01,  5.3102e-01,
          5.5212e-03,  2.7466e-01,  2.4811e-01,  7.8042e-02,  6.9822e-02,
          7.7920e-02, -4.0444e-01,  7.5640e-03,  2.6811e-01,  1.5259e-01,
         -3.0406e-01],
        [ 7.7610e-02, -3.5348e-01,  3.2482e-01,  2.8165e-01, -4.0431e-01,
          2.3680e-01, -2.8885e-01, -3.6938e-01, -2.6580e-01,  2.9055e-02,
          7.1436e-02,  4.9108e-01, -5.8390e-02, -2.4972e-01, -3.4731e-04,
          2.1719e-01],
        [ 4.3755e-01, -1.6153e-01,  3.2549e-01, -7.0443e-02, -5.6749e-01,
          3.3966e-01, -2.8812e-01, -1.6804e-01, -5.2235e-01, -6.0384e-02,
          1.8320e-01,  4.1971e-01,  2.7282e-01, -7.9919e-02, -3.0696e-01,
          1.1818e-01],
        [-3.1116e-01,  3.5125e-01, -3.0826e-01, -1.4543e-01,  2.7710e-01,
         -5.2450e-02,  4.2559e-01,  3.7924e-01,  2.0505e-01,  6.7522e-02,
          1.1067e-03, -3.0607e-01, -1.6807e-01,  6.7367e-02,  2.7276e-01,
         -2.7724e-01],
        [-2.4013e-01,  2.9507e-01, -2.7794e-01, -2.4051e-01,  2.4545e-01,
         -3.8736e-01,  2.2683e-01,  4.6944e-01,  2.2144e-02,  8.3355e-02,
          1.7212e-02, -4.9698e-01,  1.3752e-03,  2.9224e-01,  3.7909e-01,
         -2.4563e-01],
        [ 5.0592e-01, -3.3693e-01,  3.6483e-01,  2.0526e-01, -4.3997e-01,
          1.4274e-01, -5.1815e-01, -6.6390e-02, -1.1507e-01, -1.3327e-01,
         -8.1299e-02,  3.0236e-01, -1.4102e-01, -2.3871e-01, -4.7903e-02,
          3.3398e-01],
        [-2.4140e-01,  3.3480e-01, -9.6553e-02, -2.7676e-01,  3.5306e-01,
         -2.8234e-01,  3.9386e-01,  4.2434e-01,  2.2246e-01, -5.0548e-02,
         -1.5707e-01, -3.1080e-01, -7.0401e-02, -1.6724e-02,  4.0253e-01,
         -3.1979e-01],
        [ 3.4322e-01, -3.2284e-01,  2.2322e-01,  2.9779e-01, -2.5632e-01,
          6.8857e-02,  1.6119e-02, -2.6030e-01, -2.9030e-01, -6.5061e-02,
          2.4738e-01,  7.2693e-02,  4.1320e-03, -3.0183e-01, -5.5012e-01,
          2.8007e-01],
        [ 4.5848e-01, -4.1122e-01,  1.4993e-01,  1.6060e-01, -1.5726e-01,
          1.7674e-02, -4.5313e-01, -3.4696e-01, -3.4501e-01,  1.7615e-02,
          6.3535e-02,  2.9604e-01, -1.0050e-01, -6.1657e-02,  4.6159e-02,
          3.5529e-01],
        [ 2.8709e-01, -1.4752e-01,  4.1545e-01, -1.1928e-01, -4.0874e-01,
          1.4692e-01, -3.3069e-01, -4.1338e-01, -4.5124e-01, -1.5049e-01,
         -1.0711e-01,  4.3320e-01,  2.6113e-01, -1.1650e-01, -2.4450e-01,
          1.3343e-01],
        [ 3.4560e-01, -5.9628e-01,  2.7881e-01,  1.8618e-01, -9.5089e-02,
          1.6815e-01, -1.2514e-01, -2.9273e-01, -4.7021e-01,  1.4747e-01,
          2.1481e-01,  8.7895e-02, -1.0702e-01, -1.7348e-01, -4.0693e-01,
          4.7853e-01],
        [ 1.4927e-01, -3.7614e-01,  1.6773e-01,  3.7526e-01, -3.5138e-01,
          1.6028e-01, -1.5369e-01, -4.3418e-01, -2.4218e-01, -2.0126e-01,
         -2.8120e-01,  1.8716e-01,  1.3231e-01, -1.4176e-03, -4.6298e-01,
          1.8392e-01],
        [ 3.4417e-01, -2.2555e-01,  4.0312e-01, -6.9181e-02, -3.2363e-01,
          2.6064e-01, -5.1849e-01, -1.3220e-01, -4.7305e-01,  1.3560e-01,
          1.8706e-02,  1.6793e-01,  1.6715e-01, -2.7181e-02,  1.0927e-02,
          4.3173e-01],
        [-4.9141e-01,  3.4690e-01, -1.0121e-01, -1.2082e-02,  4.3281e-01,
         -2.7528e-01,  4.9345e-01,  2.6054e-01,  4.0540e-02,  8.7549e-02,
          1.2791e-01, -3.5205e-01,  1.2652e-02,  7.4360e-02,  1.2928e-01,
         -2.4987e-01],
        [ 4.4427e-01, -2.6061e-01,  2.4098e-01,  1.0839e-01, -4.5143e-01,
          2.8069e-02, -2.9772e-01, -4.6313e-01, -1.1892e-01, -4.1998e-02,
          4.5146e-02,  2.2882e-01,  2.2510e-01,  1.4698e-02, -1.0935e-01,
          3.9384e-01],
        [-3.2309e-01,  3.6493e-01, -3.7807e-01, -4.5536e-02,  2.5736e-02,
         -2.0109e-01,  4.5049e-01,  3.7152e-01,  3.8870e-01,  2.0874e-02,
          2.1934e-01, -1.2576e-01,  4.4878e-02,  3.2474e-01,  1.1522e-01,
         -3.2927e-01],
        [-4.3350e-01,  2.9837e-01, -1.5391e-01, -2.7354e-01,  3.6061e-01,
         -1.0698e-02,  5.5761e-01,  1.0371e-01,  3.3296e-01,  2.2123e-01,
         -1.9184e-01, -1.0115e-01, -2.2012e-01,  1.1385e-01,  1.2594e-01,
         -3.9155e-01],
        [ 1.1774e-01, -2.5241e-01,  3.3704e-01,  2.7399e-01, -1.3586e-01,
          7.2771e-02, -5.8171e-01, -4.9409e-01, -3.8681e-01, -6.5762e-02,
         -7.2737e-03,  7.3150e-02, -4.9721e-02, -1.0034e-01, -3.1372e-01,
          3.1681e-01]], device='cuda:0', requires_grad=True)

Parameter name: road_linear_0.bias
Shape: torch.Size([32])
Values: Parameter containing:
tensor([-0.2316,  0.0501,  0.1562, -0.0769, -0.0063, -0.1018,  0.0686,  0.1156,
        -0.1946, -0.0741,  0.0336,  0.0682,  0.1212,  0.0950,  0.0060,  0.0973,
        -0.1059,  0.0575, -0.0612, -0.1055, -0.0592,  0.0219, -0.1412, -0.1181,
        -0.1255,  0.2003,  0.1027,  0.0504, -0.0771, -0.1282,  0.1549, -0.1486],
       device='cuda:0', requires_grad=True)

Parameter name: road_linear_1.weight
Shape: torch.Size([1, 32])
Values: Parameter containing:
tensor([[ 0.4383,  0.4755,  0.4128, -0.4407,  0.5345,  0.5751, -0.4340, -0.5527,
         -0.4651,  0.5779,  0.4602,  0.5930, -0.4786, -0.5522,  0.4740, -0.4700,
         -0.4568,  0.5051,  0.4200, -0.4390,  0.5506, -0.3132, -0.5496, -0.5276,
         -0.4828, -0.5555, -0.4663,  0.5471, -0.5432,  0.5549,  0.4812, -0.4072]],
       device='cuda:0', requires_grad=True)

Parameter name: linear_0.weight
Shape: torch.Size([32, 39])
Values: Parameter containing:
tensor([[ 0.1925,  0.1302,  0.0015,  ...,  0.0474, -0.0337, -0.1137],
        [-0.1430, -0.2085,  0.1708,  ..., -0.0070, -0.3745,  0.0871],
        [-0.0546,  0.1126,  0.0830,  ...,  0.1220,  0.2100,  0.0345],
        ...,
        [-0.0201, -0.1599,  0.0664,  ..., -0.1082, -0.2311, -0.1180],
        [ 0.0074, -0.1071, -0.0256,  ..., -0.1667,  0.0648,  0.1557],
        [-0.0996,  0.1215, -0.0264,  ..., -0.0744,  0.0661, -0.0509]],
       device='cuda:0', requires_grad=True)

Parameter name: linear_0.bias
Shape: torch.Size([32])
Values: Parameter containing:
tensor([ 0.0482,  0.0690, -0.1522, -0.0626, -0.0487,  0.0256, -0.1347,  0.1037,
        -0.0645,  0.1474,  0.0280, -0.0502, -0.0365,  0.0630, -0.0797, -0.0472,
         0.1003, -0.1383, -0.0343,  0.0371, -0.0912,  0.1231,  0.0949, -0.0576,
        -0.0191,  0.1110,  0.0147, -0.1307,  0.0749,  0.1781,  0.0988, -0.1337],
       device='cuda:0', requires_grad=True)

Parameter name: linear_1.weight
Shape: torch.Size([32, 32])
Values: Parameter containing:
tensor([[ 0.1975, -0.1544, -0.1028,  ..., -0.0568, -0.1110,  0.1660],
        [ 0.0044, -0.0025,  0.1394,  ..., -0.0327, -0.0434,  0.2432],
        [-0.0566, -0.0899, -0.1793,  ...,  0.0200,  0.0459,  0.0063],
        ...,
        [-0.0313,  0.0403,  0.0826,  ...,  0.1933, -0.1463,  0.1322],
        [ 0.1887, -0.1060,  0.0828,  ...,  0.0630,  0.1837,  0.0186],
        [ 0.1710, -0.0710,  0.2383,  ...,  0.0890,  0.0945,  0.0998]],
       device='cuda:0', requires_grad=True)

Parameter name: linear_1.bias
Shape: torch.Size([32])
Values: Parameter containing:
tensor([ 0.0515,  0.0288,  0.0575,  0.0156, -0.0892, -0.1366,  0.0557, -0.1791,
         0.0294, -0.0567,  0.2294, -0.1878,  0.0819,  0.0970, -0.2151, -0.0182,
        -0.0597, -0.1075, -0.0586, -0.1049,  0.0940,  0.1947, -0.1105,  0.1991,
        -0.1464, -0.0744,  0.1450, -0.1416, -0.0445, -0.0064,  0.0022, -0.0535],
       device='cuda:0', requires_grad=True)

Parameter name: linear_2.weight
Shape: torch.Size([1, 32])
Values: Parameter containing:
tensor([[ 0.3204,  0.2356, -0.3354, -0.2937,  0.1932,  0.1852, -0.2276,  0.2569,
          0.2315, -0.2305, -0.2169,  0.2161,  0.2205, -0.1926,  0.2607,  0.2067,
         -0.3167, -0.3243,  0.1849,  0.2167, -0.2805, -0.2605, -0.3313, -0.1473,
          0.2957,  0.3255, -0.3035,  0.3082, -0.2333, -0.3093,  0.3041,  0.3044]],
       device='cuda:0', requires_grad=True)

Parameter name: linear_2.bias
Shape: torch.Size([1])
Values: Parameter containing:
tensor([-0.1372], device='cuda:0', requires_grad=True)

