Parameter name: road_linear_0.weight
Shape: torch.Size([32, 16])
Values: Parameter containing:
tensor([[-0.2845,  0.4751,  0.0836, -0.0695,  0.3549,  0.1824,  0.3679,  0.1554,
          0.3631,  0.1755,  0.1367, -0.3148, -0.3744, -0.2577,  0.3840,  0.1218],
        [-0.1091, -0.1448,  0.0625, -0.1273,  0.1310,  0.2219,  0.0519,  0.3448,
          0.6869, -0.0384,  0.2634, -0.4428,  0.0646,  0.1183,  0.6763,  0.0692],
        [ 0.1280, -0.2065,  0.3395, -0.0994, -0.3378, -0.3390, -0.1904, -0.6250,
         -0.1784, -0.0412,  0.0891,  0.1478,  0.6057,  0.2722, -0.1066,  0.2532],
        [ 0.0581, -0.1246, -0.1349,  0.0880, -0.1343, -0.1348,  0.0039, -0.2414,
         -0.6692, -0.1861, -0.1866,  0.4774,  0.1875, -0.3470, -0.4302, -0.0481],
        [ 0.0740,  0.2831,  0.0216, -0.1614,  0.2753,  0.0404, -0.0562,  0.4946,
          0.4099,  0.1018,  0.3031, -0.2869,  0.0288, -0.0498,  0.5148,  0.0050],
        [-0.0653,  0.5067, -0.3238,  0.3779,  0.5542, -0.0190,  0.3928,  0.1522,
          0.3906,  0.1850, -0.2700, -0.2482, -0.3697,  0.1761,  0.4634, -0.0728],
        [ 0.1965, -0.0339,  0.2153, -0.0464, -0.1966, -0.1546, -0.0902, -0.4044,
         -0.5191,  0.1594, -0.0966,  0.2017, -0.0879,  0.0218, -0.4976, -0.0121],
        [-0.2179,  0.0621,  0.1745, -0.2195, -0.4950, -0.2347, -0.0139, -0.4410,
         -0.4501, -0.0444, -0.1238,  0.1880,  0.2571, -0.2798, -0.2929,  0.1989],
        [-0.1160,  0.0684,  0.1326, -0.1232, -0.2592, -0.2977, -0.0552, -0.3187,
         -0.3013, -0.1364, -0.2684,  0.2724, -0.1172, -0.0051, -0.6533, -0.0560],
        [-0.1393,  0.1003,  0.0711, -0.1344,  0.2200,  0.1224, -0.0488,  0.4369,
          0.5787, -0.1741,  0.3079, -0.1819, -0.2054,  0.0824,  0.4668, -0.0518],
        [-0.2441,  0.4256,  0.0831, -0.1342,  0.1545,  0.3693,  0.2092,  0.3096,
          0.6046,  0.1190,  0.0862, -0.1639, -0.2352,  0.2629,  0.1893, -0.2152],
        [ 0.0396,  0.0996,  0.1626, -0.0491,  0.3452,  0.0564,  0.2485,  0.3449,
          0.4668,  0.1644,  0.3584, -0.1155, -0.3792, -0.0528,  0.3313, -0.0421],
        [ 0.2018, -0.0367,  0.0040, -0.0683, -0.2644,  0.0381, -0.0422, -0.5179,
         -0.6103,  0.0404, -0.0966,  0.1931, -0.0563,  0.0210, -0.4613, -0.0907],
        [ 0.0385,  0.1838,  0.1809,  0.1249, -0.4457,  0.0137,  0.0728, -0.2599,
         -0.5313,  0.0214, -0.2893,  0.2740,  0.0504, -0.1208, -0.6308,  0.0736],
        [-0.2083, -0.0958,  0.1116, -0.1723,  0.5317,  0.3605, -0.0251,  0.3145,
          0.2811,  0.0014,  0.1907, -0.4916, -0.0207,  0.0648,  0.3288, -0.0028],
        [-0.1493, -0.3435,  0.0819,  0.1446, -0.4772, -0.0215, -0.1759, -0.4927,
         -0.4244,  0.0595, -0.0398,  0.5686,  0.1563, -0.1610, -0.1211,  0.0098],
        [ 0.0902,  0.1001, -0.0235, -0.1793, -0.4502,  0.0204,  0.0610, -0.1567,
         -0.6232,  0.0285,  0.0523,  0.4203,  0.2613,  0.0419, -0.3733, -0.2342],
        [-0.1868,  0.2553, -0.1044,  0.0355,  0.2734,  0.2414,  0.2801,  0.4104,
          0.2469,  0.1608, -0.0519, -0.3531, -0.1975, -0.0646,  0.3820, -0.0572],
        [ 0.2297, -0.2977,  0.0647, -0.2261, -0.4316, -0.3513, -0.3727, -0.1725,
         -0.5954, -0.0519,  0.1319,  0.1114,  0.3790,  0.1663, -0.1509,  0.1397],
        [ 0.3903, -0.2952,  0.1987, -0.0408, -0.5775, -0.2158, -0.4646, -0.1879,
         -0.2416, -0.2202,  0.0604,  0.4437,  0.1117,  0.0381, -0.1891,  0.1593],
        [-0.0448,  0.2428,  0.1154, -0.1903,  0.3623, -0.0680,  0.2616,  0.5022,
          0.3271, -0.0768, -0.0467, -0.3444, -0.1525, -0.0422,  0.4741, -0.1208],
        [ 0.0008,  0.0174,  0.0678,  0.3041,  0.2686,  0.0971,  0.2275,  0.1856,
          0.3508,  0.1456,  0.3201, -0.5067, -0.2650, -0.2463,  0.2042,  0.1454],
        [ 0.3679, -0.3441, -0.0251, -0.1032, -0.2266, -0.3619, -0.3844, -0.4201,
         -0.4389, -0.0944,  0.2532,  0.3958,  0.0758,  0.2348, -0.0688,  0.1699],
        [ 0.0139,  0.0725,  0.1074, -0.1880, -0.2835, -0.0848, -0.0199, -0.4051,
         -0.5364, -0.0999, -0.1828,  0.4313,  0.1706, -0.1211, -0.3780, -0.1924],
        [ 0.0363, -0.3483, -0.0179,  0.0133, -0.0605, -0.1961,  0.1496, -0.3372,
         -0.6686,  0.2427,  0.1077,  0.1411, -0.0171,  0.0512, -0.5374,  0.1757],
        [-0.1306, -0.1263, -0.1070,  0.2207, -0.3002, -0.1685,  0.0714, -0.4905,
         -0.4125, -0.1638, -0.3646,  0.1967,  0.1122,  0.1340, -0.5825, -0.0793],
        [ 0.3470, -0.1955,  0.2954, -0.3381, -0.4328, -0.1128, -0.5673, -0.2430,
         -0.5783, -0.0048,  0.2058,  0.2802,  0.4555,  0.2991, -0.0850,  0.3241],
        [-0.1947,  0.2463,  0.1760,  0.0937,  0.5002, -0.0177,  0.3049,  0.3612,
          0.1953, -0.0481,  0.2930, -0.4399, -0.2300, -0.0485,  0.2160,  0.0126],
        [ 0.1579, -0.1282, -0.0299, -0.0060, -0.4512, -0.2215, -0.0680, -0.5028,
         -0.2217,  0.0411, -0.0465,  0.2887,  0.3615,  0.1353, -0.1696,  0.1222],
        [-0.3151,  0.3536, -0.2683,  0.2239,  0.1533,  0.1400,  0.4673,  0.4943,
          0.5195,  0.2006,  0.0803, -0.2532, -0.1052,  0.0978,  0.2655, -0.2135],
        [-0.2632,  0.2146,  0.0485, -0.0549,  0.4186,  0.3504,  0.4414,  0.1647,
          0.4189,  0.2454, -0.3094, -0.1904, -0.4714, -0.1751,  0.1876, -0.1790],
        [-0.1254, -0.0581,  0.0609,  0.0821, -0.1048, -0.2482, -0.2976, -0.5263,
         -0.5410, -0.0904,  0.0018,  0.1211, -0.0660,  0.0535, -0.4831,  0.0306]],
       device='cuda:0', requires_grad=True)

Parameter name: road_linear_0.bias
Shape: torch.Size([32])
Values: Parameter containing:
tensor([-0.0939,  0.1263,  0.1745, -0.1895,  0.1513, -0.1389, -0.0130,  0.1206,
        -0.1147,  0.1161, -0.0265,  0.1129, -0.0135, -0.0739,  0.1295, -0.0215,
        -0.1704, -0.0519,  0.1796,  0.1183,  0.0806, -0.0878,  0.0818, -0.0909,
        -0.2060, -0.0098,  0.2285,  0.0610, -0.0354, -0.2463, -0.0564, -0.0584],
       device='cuda:0', requires_grad=True)

Parameter name: road_linear_1.weight
Shape: torch.Size([1, 32])
Values: Parameter containing:
tensor([[ 0.4740,  0.6415, -0.4015, -0.5421,  0.6151,  0.5728, -0.5421, -0.6135,
         -0.5518,  0.6731,  0.4670,  0.6366, -0.5474, -0.7122,  0.5695, -0.5482,
         -0.5655,  0.5409, -0.3755, -0.4174,  0.6933,  0.4666, -0.5242, -0.6377,
         -0.6004, -0.6462, -0.4813,  0.6032, -0.5521,  0.5957,  0.4293, -0.4734]],
       device='cuda:0', requires_grad=True)

Parameter name: linear_0.weight
Shape: torch.Size([32, 39])
Values: Parameter containing:
tensor([[-0.0247,  0.1012,  0.0562,  ...,  0.1830, -0.4493, -0.1137],
        [-0.1399, -0.0325,  0.1383,  ...,  0.0556, -0.4470,  0.0871],
        [ 0.0285, -0.0435,  0.0243,  ...,  0.0628,  0.4189,  0.0345],
        ...,
        [ 0.1407, -0.1620, -0.0386,  ..., -0.1724,  0.1640, -0.1180],
        [ 0.1155, -0.2193, -0.0746,  ..., -0.2302,  0.2970,  0.1557],
        [-0.2176,  0.1779,  0.0708,  ...,  0.0777, -0.4150, -0.0509]],
       device='cuda:0', requires_grad=True)

Parameter name: linear_0.bias
Shape: torch.Size([32])
Values: Parameter containing:
tensor([ 0.0824,  0.0300, -0.0639, -0.1387, -0.0830,  0.0422, -0.0868,  0.0702,
        -0.0384,  0.0490,  0.0483,  0.0187, -0.0246,  0.1033, -0.0258, -0.0159,
         0.0505, -0.1640, -0.0038,  0.0891, -0.0910,  0.0032,  0.1173,  0.0482,
        -0.1093,  0.1112,  0.0572, -0.1464,  0.0441,  0.1947,  0.1813, -0.1058],
       device='cuda:0', requires_grad=True)

Parameter name: linear_1.weight
Shape: torch.Size([32, 32])
Values: Parameter containing:
tensor([[ 0.0890, -0.2123, -0.0072,  ...,  0.1033, -0.0045,  0.0568],
        [-0.1935, -0.0567,  0.1948,  ...,  0.1995,  0.0104,  0.0306],
        [ 0.1275, -0.0267, -0.2424,  ..., -0.1816, -0.0208,  0.2075],
        ...,
        [ 0.1312,  0.0922,  0.0271,  ...,  0.0385, -0.2272,  0.3117],
        [ 0.0377, -0.2125,  0.1351,  ...,  0.3202,  0.2646, -0.1454],
        [ 0.0120, -0.1325,  0.2806,  ...,  0.2682,  0.1509, -0.0653]],
       device='cuda:0', requires_grad=True)

Parameter name: linear_1.bias
Shape: torch.Size([32])
Values: Parameter containing:
tensor([ 0.1474,  0.1893, -0.0702, -0.1522,  0.0394, -0.0058, -0.0973,  0.0501,
         0.2061, -0.1792,  0.1367, -0.1955,  0.2357,  0.0732, -0.0718,  0.2054,
        -0.0069, -0.1917,  0.0664,  0.0651, -0.0784,  0.0632, -0.2390,  0.2271,
         0.0097, -0.0996,  0.0787,  0.0135, -0.1938, -0.0860,  0.1945,  0.0556],
       device='cuda:0', requires_grad=True)

Parameter name: linear_2.weight
Shape: torch.Size([1, 32])
Values: Parameter containing:
tensor([[ 0.9840,  0.9106, -0.9694, -0.9496,  0.8168,  0.8337, -0.8849,  0.8024,
          0.8686, -0.9345, -0.8467,  0.8555,  0.8514,  0.8598,  0.8752,  0.8491,
         -0.9689, -0.9925,  0.8457,  0.8365, -0.8969, -0.8941, -0.9980,  0.8512,
          0.9377,  0.9769, -0.9693,  0.9484, -0.8891, -0.9890,  0.8981,  0.9699]],
       device='cuda:0', requires_grad=True)

Parameter name: linear_2.bias
Shape: torch.Size([1])
Values: Parameter containing:
tensor([0.7256], device='cuda:0', requires_grad=True)

