Parameter name: road_linear_0.weight
Shape: torch.Size([32, 16])
Values: Parameter containing:
tensor([[-3.4976e-01,  5.3830e-01,  2.7219e-02, -3.7229e-02,  3.7236e-01,
          2.3739e-01,  4.6140e-01,  1.6414e-01,  3.3491e-01,  2.0261e-01,
          8.5425e-02, -3.1070e-01, -4.5557e-01, -3.0183e-01,  3.4169e-01,
          7.9430e-02],
        [-8.9195e-02, -1.6353e-01,  8.5321e-02, -1.5026e-01,  1.4240e-01,
          2.2654e-01,  2.6442e-02,  3.8303e-01,  7.4807e-01, -7.0389e-02,
          2.9557e-01, -4.5735e-01,  7.2860e-02,  1.4066e-01,  7.3083e-01,
          9.6182e-02],
        [ 2.3048e-01, -3.0088e-01,  4.2554e-01, -1.5448e-01, -3.9822e-01,
         -4.0774e-01, -3.2987e-01, -6.4299e-01, -1.5883e-01, -9.7649e-02,
          1.6571e-01,  1.6208e-01,  7.2965e-01,  3.5012e-01, -8.0530e-02,
          3.3094e-01],
        [ 3.3114e-02, -9.9503e-02, -1.6161e-01,  1.1419e-01, -1.3745e-01,
         -1.3471e-01,  3.3034e-02, -2.7715e-01, -7.2953e-01, -1.5022e-01,
         -2.2166e-01,  4.8761e-01,  1.7408e-01, -3.7285e-01, -4.8218e-01,
         -7.7984e-02],
        [ 1.0232e-01,  2.5188e-01,  4.8536e-02, -1.8690e-01,  2.7430e-01,
          4.1257e-02, -8.5632e-02,  5.2525e-01,  4.7067e-01,  6.3847e-02,
          3.3848e-01, -2.8824e-01,  4.4510e-02, -2.2571e-02,  5.5985e-01,
          3.5642e-02],
        [-1.6318e-01,  5.9144e-01, -4.0922e-01,  4.3363e-01,  5.9231e-01,
          4.1227e-02,  5.2133e-01,  1.6175e-01,  3.6225e-01,  2.3661e-01,
         -3.4392e-01, -2.4690e-01, -4.7665e-01,  1.0271e-01,  4.2028e-01,
         -1.4686e-01],
        [ 1.7224e-01, -1.2034e-02,  1.8617e-01, -1.7448e-02, -1.8507e-01,
         -1.4505e-01, -6.2741e-02, -4.2879e-01, -5.6232e-01,  1.9404e-01,
         -1.2918e-01,  2.0233e-01, -1.0190e-01, -3.9374e-03, -5.3317e-01,
         -4.0788e-02],
        [-2.3012e-01,  7.1152e-02,  1.5211e-01, -1.9460e-01, -4.7573e-01,
         -2.2488e-01,  3.7539e-03, -4.5958e-01, -4.7528e-01, -1.8115e-02,
         -1.4319e-01,  1.8888e-01,  2.5332e-01, -2.9652e-01, -3.1812e-01,
          1.7846e-01],
        [-1.4367e-01,  9.2321e-02,  1.0155e-01, -9.3029e-02, -2.6266e-01,
         -2.9248e-01, -2.2645e-02, -3.5713e-01, -3.6250e-01, -9.8684e-02,
         -3.0743e-01,  2.8660e-01, -1.3248e-01, -3.3799e-02, -7.0792e-01,
         -8.8426e-02],
        [-1.1672e-01,  7.8568e-02,  9.7108e-02, -1.6018e-01,  2.2250e-01,
          1.2134e-01, -7.6635e-02,  4.7127e-01,  6.3609e-01, -2.0827e-01,
          3.4028e-01, -1.9151e-01, -1.9375e-01,  1.0675e-01,  5.1778e-01,
         -2.3353e-02],
        [-2.8165e-01,  4.6698e-01,  6.5384e-02, -1.3029e-01,  1.3999e-01,
          3.8787e-01,  2.5027e-01,  3.1572e-01,  5.8283e-01,  1.2742e-01,
          5.9424e-02, -1.6522e-01, -2.8432e-01,  2.4229e-01,  1.7487e-01,
         -2.3224e-01],
        [ 5.9077e-02,  8.2502e-02,  1.8895e-01, -7.6450e-02,  3.3033e-01,
          4.9201e-02,  2.2343e-01,  3.7047e-01,  5.0682e-01,  1.3194e-01,
          3.8648e-01, -1.1958e-01, -3.7008e-01, -3.0482e-02,  3.6684e-01,
         -1.6736e-02],
        [ 1.7206e-01, -6.2085e-03, -2.6249e-02, -3.9544e-02, -2.5717e-01,
          4.3621e-02, -1.1003e-02, -5.4545e-01, -6.6398e-01,  7.9012e-02,
         -1.3372e-01,  1.9140e-01, -7.4854e-02, -8.0191e-03, -5.0196e-01,
         -1.2276e-01],
        [ 1.6135e-02,  2.0386e-01,  1.5497e-01,  1.5067e-01, -4.5422e-01,
          1.2275e-02,  1.0046e-01, -2.9850e-01, -5.9234e-01,  5.5314e-02,
         -3.2267e-01,  2.8894e-01,  4.0271e-02, -1.4537e-01, -6.8675e-01,
          4.5033e-02],
        [-1.8093e-01, -1.2272e-01,  1.4068e-01, -2.0037e-01,  5.2852e-01,
          3.5498e-01, -5.5893e-02,  3.4653e-01,  3.3713e-01, -3.5809e-02,
          2.2663e-01, -4.9713e-01, -4.5859e-03,  9.2066e-02,  3.7473e-01,
          2.8208e-02],
        [-1.6600e-01, -3.2194e-01,  6.3192e-02,  1.6520e-01, -4.5021e-01,
         -1.7335e-02, -1.5971e-01, -5.0567e-01, -4.5125e-01,  8.8436e-02,
         -6.0933e-02,  5.5642e-01,  1.4888e-01, -1.7781e-01, -1.3320e-01,
         -1.0771e-02],
        [ 6.2888e-02,  1.2295e-01, -5.7199e-02, -1.4621e-01, -4.4727e-01,
          3.1897e-02,  9.6047e-02, -1.9369e-01, -6.8263e-01,  6.6257e-02,
          1.2133e-02,  4.3523e-01,  2.4275e-01,  1.1822e-02, -4.2765e-01,
         -2.6730e-01],
        [-2.5876e-01,  3.2522e-01, -1.5897e-01,  6.5837e-02,  2.8292e-01,
          2.8465e-01,  3.7331e-01,  4.1367e-01,  2.1196e-01,  1.9289e-01,
         -1.0727e-01, -3.5189e-01, -2.8042e-01, -1.1320e-01,  3.4364e-01,
         -1.0242e-01],
        [ 3.3844e-01, -3.9927e-01,  1.5162e-01, -2.8011e-01, -4.8585e-01,
         -4.1423e-01, -5.1142e-01, -1.9184e-01, -5.6797e-01, -1.1292e-01,
          2.1210e-01,  1.2940e-01,  5.0731e-01,  2.4875e-01, -1.2365e-01,
          2.2098e-01],
        [ 4.8225e-01, -3.7381e-01,  2.8145e-01, -9.5880e-02, -6.5171e-01,
         -2.8911e-01, -5.9765e-01, -2.1396e-01, -2.4017e-01, -2.6430e-01,
          1.2758e-01,  4.5612e-01,  2.2123e-01,  1.0641e-01, -1.6795e-01,
          2.3014e-01],
        [-3.1663e-02,  2.2512e-01,  1.3074e-01, -2.0821e-01,  3.3386e-01,
         -7.1103e-02,  2.4999e-01,  5.0919e-01,  3.4299e-01, -1.0249e-01,
         -3.1472e-02, -3.2544e-01, -1.4641e-01, -2.7924e-02,  4.7416e-01,
         -1.0340e-01],
        [-1.7251e-02,  4.2055e-02,  6.4387e-02,  2.9725e-01,  2.7352e-01,
          1.2108e-01,  2.5062e-01,  2.0872e-01,  3.6119e-01,  1.3850e-01,
          3.1275e-01, -5.1676e-01, -3.0178e-01, -2.5077e-01,  2.1653e-01,
          1.4322e-01],
        [ 4.6504e-01, -4.3162e-01,  5.6139e-02, -1.5548e-01, -2.8529e-01,
         -4.2722e-01, -5.1583e-01, -4.3704e-01, -4.2286e-01, -1.4506e-01,
          3.2593e-01,  4.0727e-01,  1.9063e-01,  3.0743e-01, -4.2745e-02,
          2.4274e-01],
        [-1.6330e-02,  1.0189e-01,  7.5185e-02, -1.5715e-01, -2.7706e-01,
         -7.5296e-02,  1.4954e-02, -4.3779e-01, -5.9370e-01, -6.0587e-02,
         -2.2255e-01,  4.3841e-01,  1.5035e-01, -1.5110e-01, -4.2656e-01,
         -2.2587e-01],
        [ 1.0857e-02, -3.2580e-01, -4.9940e-02,  4.4663e-02, -5.3212e-02,
         -1.8434e-01,  1.8262e-01, -3.6856e-01, -7.2024e-01,  2.7862e-01,
          7.1361e-02,  1.4937e-01, -3.4837e-02,  2.2969e-02, -5.8654e-01,
          1.4445e-01],
        [-1.6047e-01, -9.2489e-02, -1.3470e-01,  2.4618e-01, -2.9761e-01,
         -1.6783e-01,  1.0199e-01, -5.1583e-01, -4.7296e-01, -1.2473e-01,
         -4.0003e-01,  1.9038e-01,  9.3422e-02,  1.0558e-01, -6.2368e-01,
         -1.1049e-01],
        [ 4.4985e-01, -2.8376e-01,  3.9292e-01, -4.0726e-01, -5.2273e-01,
         -1.9520e-01, -7.1407e-01, -2.8196e-01, -5.8908e-01, -6.4648e-02,
          2.7971e-01,  3.0854e-01,  5.9112e-01,  3.8593e-01, -7.5692e-02,
          4.1641e-01],
        [-2.0370e-01,  2.5679e-01,  1.7891e-01,  8.3364e-02,  4.7917e-01,
         -8.9680e-03,  3.1406e-01,  3.7283e-01,  1.9975e-01, -5.9994e-02,
          2.9087e-01, -4.3814e-01, -2.4980e-01, -4.8541e-02,  2.2098e-01,
          1.5852e-02],
        [ 1.9519e-01, -1.7075e-01, -1.5576e-02, -6.9731e-03, -4.3397e-01,
         -2.3458e-01, -1.0444e-01, -5.0962e-01, -2.0002e-01,  3.2977e-02,
         -2.1424e-02,  2.9317e-01,  4.0755e-01,  1.5490e-01, -1.6105e-01,
          1.3772e-01],
        [-4.0211e-01,  4.2898e-01, -3.4787e-01,  2.7609e-01,  2.0267e-01,
          2.0605e-01,  5.9355e-01,  5.0560e-01,  5.0372e-01,  2.4287e-01,
          1.2784e-02, -2.5407e-01, -2.0921e-01,  3.2600e-02,  2.2944e-01,
         -2.7883e-01],
        [-3.6652e-01,  3.1031e-01, -3.7119e-02, -3.4736e-04,  4.8445e-01,
          4.2080e-01,  5.7738e-01,  1.9068e-01,  4.0256e-01,  3.0104e-01,
         -3.8532e-01, -2.0980e-01, -5.9637e-01, -2.5324e-01,  1.6446e-01,
         -2.5738e-01],
        [-1.4732e-01, -3.8623e-02,  3.2400e-02,  1.1089e-01, -8.8386e-02,
         -2.3551e-01, -2.6999e-01, -5.5041e-01, -5.8060e-01, -5.7290e-02,
         -2.9526e-02,  1.2291e-01, -8.0080e-02,  2.9260e-02, -5.1706e-01,
          3.2522e-03]], device='cuda:0', requires_grad=True)

Parameter name: road_linear_0.bias
Shape: torch.Size([32])
Values: Parameter containing:
tensor([-0.1320,  0.1471,  0.2174, -0.2233,  0.1948, -0.1788, -0.0209,  0.1512,
        -0.1418,  0.1368, -0.0973,  0.1054, -0.0526, -0.0967,  0.1644, -0.0318,
        -0.1767, -0.1076,  0.2362,  0.1387,  0.0839, -0.1292,  0.1197, -0.1183,
        -0.2119, -0.0512,  0.2460,  0.0236,  0.0425, -0.2693, -0.1033, -0.0547],
       device='cuda:0', requires_grad=True)

Parameter name: road_linear_1.weight
Shape: torch.Size([1, 32])
Values: Parameter containing:
tensor([[ 0.5723,  0.7289, -0.5258, -0.6337,  0.7043,  0.6781, -0.6505, -0.7120,
         -0.6586,  0.7677,  0.5656,  0.7376, -0.6539, -0.8133,  0.6625, -0.6277,
         -0.6732,  0.6377, -0.4888, -0.5209,  0.7841,  0.5484, -0.6354, -0.7382,
         -0.7085, -0.7334, -0.6034,  0.6807, -0.6471,  0.7004,  0.5434, -0.5722]],
       device='cuda:0', requires_grad=True)

Parameter name: linear_0.weight
Shape: torch.Size([32, 39])
Values: Parameter containing:
tensor([[-0.0291,  0.1146,  0.0547,  ...,  0.2000, -0.7036, -0.1137],
        [-0.1414, -0.0325,  0.1423,  ...,  0.0521, -0.6115,  0.0871],
        [ 0.0292, -0.0417,  0.0205,  ...,  0.0652,  0.6487,  0.0345],
        ...,
        [ 0.1385, -0.1544, -0.0413,  ..., -0.1694,  0.3162, -0.1180],
        [ 0.1121, -0.2149, -0.0736,  ..., -0.2319,  0.4921,  0.1557],
        [-0.2275,  0.2021,  0.0714,  ...,  0.0843, -0.6190, -0.0509]],
       device='cuda:0', requires_grad=True)

Parameter name: linear_0.bias
Shape: torch.Size([32])
Values: Parameter containing:
tensor([ 0.0863,  0.0260, -0.0600, -0.1326, -0.0866,  0.0450, -0.0829,  0.0690,
        -0.0411,  0.0481,  0.0509,  0.0126, -0.0238,  0.1077, -0.0201, -0.0178,
         0.0569, -0.1665, -0.0011,  0.0941, -0.0974, -0.0070,  0.1199,  0.0630,
        -0.1079,  0.1138,  0.0623, -0.1607,  0.0467,  0.1980,  0.1804, -0.1027],
       device='cuda:0', requires_grad=True)

Parameter name: linear_1.weight
Shape: torch.Size([32, 32])
Values: Parameter containing:
tensor([[ 0.0991, -0.2233,  0.0137,  ...,  0.1157, -0.0044,  0.0754],
        [-0.1857, -0.0653,  0.2144,  ...,  0.2097,  0.0089,  0.0457],
        [ 0.1401, -0.0364, -0.2395,  ..., -0.1726, -0.0089,  0.2213],
        ...,
        [ 0.1501,  0.0865,  0.0216,  ...,  0.0472, -0.2358,  0.3644],
        [ 0.0591, -0.2361,  0.1690,  ...,  0.3445,  0.2759, -0.1138],
        [ 0.0191, -0.1393,  0.2957,  ...,  0.2768,  0.1464, -0.0486]],
       device='cuda:0', requires_grad=True)

Parameter name: linear_1.bias
Shape: torch.Size([32])
Values: Parameter containing:
tensor([ 0.1598,  0.1993, -0.0616, -0.1666,  0.0404, -0.0011, -0.1019,  0.0755,
         0.2280, -0.1716,  0.1355, -0.1264,  0.2544,  0.0696, -0.0522,  0.2284,
         0.0723, -0.1966,  0.0618,  0.0783, -0.0958,  0.0630, -0.2312,  0.2341,
         0.0174, -0.0258,  0.0865, -0.0009, -0.2055, -0.0749,  0.2181,  0.0647],
       device='cuda:0', requires_grad=True)

Parameter name: linear_2.weight
Shape: torch.Size([1, 32])
Values: Parameter containing:
tensor([[ 1.2233,  1.1548, -1.2389, -1.1867,  1.0778,  1.0900, -1.1402,  1.0320,
          1.1003, -1.2062, -1.1020,  1.0841,  1.0899,  1.1259,  1.1061,  1.0779,
         -1.1966, -1.2435,  1.1104,  1.0774, -1.1328, -1.1548, -1.2666,  1.0990,
          1.1854,  1.2184, -1.2341,  1.2198, -1.1304, -1.2511,  1.1266,  1.2162]],
       device='cuda:0', requires_grad=True)

Parameter name: linear_2.bias
Shape: torch.Size([1])
Values: Parameter containing:
tensor([0.9522], device='cuda:0', requires_grad=True)

