Parameter name: road_linear_0.weight
Shape: torch.Size([32, 16])
Values: Parameter containing:
tensor([[-3.6050e-01,  5.4123e-01,  1.4943e-02, -2.4624e-02,  3.6695e-01,
          2.3951e-01,  4.7138e-01,  1.5229e-01,  3.3349e-01,  2.0965e-01,
          7.6677e-02, -3.0661e-01, -4.6210e-01, -3.1480e-01,  3.3404e-01,
          6.6051e-02],
        [-9.6758e-02, -1.6484e-01,  7.6882e-02, -1.4075e-01,  1.4305e-01,
          2.3084e-01,  3.1384e-02,  3.7298e-01,  7.5683e-01, -6.5427e-02,
          2.8929e-01, -4.5572e-01,  6.7844e-02,  1.3031e-01,  7.2918e-01,
          8.5670e-02],
        [ 2.3982e-01, -3.0324e-01,  4.3683e-01, -1.6642e-01, -3.9661e-01,
         -4.1015e-01, -3.3913e-01, -6.3375e-01, -1.5836e-01, -1.0443e-01,
          1.7326e-01,  1.5908e-01,  7.3614e-01,  3.6325e-01, -7.5251e-02,
          3.4412e-01],
        [ 4.0332e-02, -9.7449e-02, -1.5349e-01,  1.0487e-01, -1.3737e-01,
         -1.3828e-01,  2.8458e-02, -2.6609e-01, -7.3792e-01, -1.5510e-01,
         -2.1577e-01,  4.8524e-01,  1.7834e-01, -3.6282e-01, -4.7986e-01,
         -6.7669e-02],
        [ 9.5270e-02,  2.5013e-01,  4.0873e-02, -1.7792e-01,  2.7320e-01,
          4.3641e-02, -8.1578e-02,  5.1397e-01,  4.7744e-01,  6.8663e-02,
          3.3279e-01, -2.8595e-01,  4.0882e-02, -3.2285e-02,  5.5782e-01,
          2.5562e-02],
        [-1.7247e-01,  5.9339e-01, -4.1984e-01,  4.4511e-01,  5.8914e-01,
          4.2688e-02,  5.2956e-01,  1.5226e-01,  3.6112e-01,  2.4317e-01,
         -3.5107e-01, -2.4313e-01, -4.8160e-01,  9.0034e-02,  4.1447e-01,
         -1.5998e-01],
        [ 1.7953e-01, -1.0427e-02,  1.9410e-01, -2.6667e-02, -1.8363e-01,
         -1.4753e-01, -6.7217e-02, -4.1704e-01, -5.6933e-01,  1.8885e-01,
         -1.2326e-01,  1.9941e-01, -9.7922e-02,  6.0483e-03, -5.3003e-01,
         -3.0513e-02],
        [-2.2184e-01,  7.1630e-02,  1.6058e-01, -2.0419e-01, -4.7384e-01,
         -2.2741e-01, -1.4932e-03, -4.4745e-01, -4.8041e-01, -2.4035e-02,
         -1.3654e-01,  1.8611e-01,  2.5802e-01, -2.8591e-01, -3.1454e-01,
          1.8935e-01],
        [-1.3668e-01,  9.4450e-02,  1.0941e-01, -1.0217e-01, -2.6201e-01,
         -2.9550e-01, -2.6959e-02, -3.4578e-01, -3.7036e-01, -1.0357e-01,
         -3.0178e-01,  2.8396e-01, -1.2868e-01, -2.4075e-02, -7.0528e-01,
         -7.8346e-02],
        [-1.2382e-01,  7.6575e-02,  8.8969e-02, -1.5086e-01,  2.2266e-01,
          1.2517e-01, -7.2072e-02,  4.6075e-01,  6.4565e-01, -2.0350e-01,
          3.3443e-01, -1.8928e-01, -1.9817e-01,  9.6682e-02,  5.1563e-01,
         -3.3598e-02],
        [-2.9323e-01,  4.7074e-01,  5.4161e-02, -1.1857e-01,  1.3516e-01,
          3.9029e-01,  2.5924e-01,  3.0281e-01,  5.8210e-01,  1.3535e-01,
          5.0246e-02, -1.6234e-01, -2.9164e-01,  2.2923e-01,  1.6885e-01,
         -2.4553e-01],
        [ 5.1467e-02,  8.1068e-02,  1.8096e-01, -6.7191e-02,  3.2842e-01,
          5.1461e-02,  2.2799e-01,  3.5835e-01,  5.1289e-01,  1.3738e-01,
          3.8045e-01, -1.1684e-01, -3.7395e-01, -4.0647e-02,  3.6375e-01,
         -2.7219e-02],
        [ 1.7894e-01, -4.1653e-03, -1.8484e-02, -4.8622e-02, -2.5631e-01,
          4.0852e-02, -1.5203e-02, -5.3418e-01, -6.7202e-01,  7.4208e-02,
         -1.2813e-01,  1.8875e-01, -7.1100e-02,  1.6831e-03, -4.9940e-01,
         -1.1275e-01],
        [ 2.3405e-02,  2.0540e-01,  1.6300e-01,  1.4144e-01, -4.5398e-01,
          8.9571e-03,  9.5997e-02, -2.8793e-01, -6.0038e-01,  5.0397e-02,
         -3.1680e-01,  2.8694e-01,  4.4507e-02, -1.3543e-01, -6.8479e-01,
          5.5253e-02],
        [-1.8778e-01, -1.2499e-01,  1.3293e-01, -1.9131e-01,  5.2772e-01,
          3.5782e-01, -5.1730e-02,  3.3513e-01,  3.4483e-01, -3.1045e-02,
          2.2109e-01, -4.9443e-01, -8.2170e-03,  8.2452e-02,  3.7210e-01,
          1.8207e-02],
        [-1.5782e-01, -3.2121e-01,  7.1620e-02,  1.5566e-01, -4.4853e-01,
         -2.0126e-02, -1.6499e-01, -4.9319e-01, -4.5660e-01,  8.2644e-02,
         -5.4352e-02,  5.5359e-01,  1.5345e-01, -1.6741e-01, -1.2950e-01,
          2.9443e-05],
        [ 6.9996e-02,  1.2521e-01, -4.9426e-02, -1.5528e-01, -4.4662e-01,
          2.8730e-02,  9.1874e-02, -1.8250e-01, -6.9247e-01,  6.1280e-02,
          1.7895e-02,  4.3273e-01,  2.4684e-01,  2.1838e-02, -4.2543e-01,
         -2.5712e-01],
        [-2.7000e-01,  3.2851e-01, -1.7138e-01,  7.8587e-02,  2.7739e-01,
          2.8669e-01,  3.8364e-01,  4.0152e-01,  2.1037e-01,  2.0044e-01,
         -1.1632e-01, -3.4784e-01, -2.8732e-01, -1.2668e-01,  3.3624e-01,
         -1.1623e-01],
        [ 3.4812e-01, -4.0216e-01,  1.6189e-01, -2.9109e-01, -4.8320e-01,
         -4.1572e-01, -5.1957e-01, -1.8251e-01, -5.6665e-01, -1.1999e-01,
          2.1968e-01,  1.2692e-01,  5.1325e-01,  2.6187e-01, -1.1911e-01,
          2.3407e-01],
        [ 4.9166e-01, -3.7556e-01,  2.9235e-01, -1.0780e-01, -6.4929e-01,
         -2.9082e-01, -6.0628e-01, -2.0413e-01, -2.3952e-01, -2.7096e-01,
          1.3466e-01,  4.5259e-01,  2.2594e-01,  1.1924e-01, -1.6194e-01,
          2.4370e-01],
        [-3.9866e-02,  2.2508e-01,  1.2227e-01, -1.9862e-01,  3.3139e-01,
         -6.9062e-02,  2.5527e-01,  4.9708e-01,  3.4681e-01, -9.6654e-02,
         -3.8084e-02, -3.2259e-01, -1.5087e-01, -3.8291e-02,  4.7019e-01,
         -1.1417e-01],
        [-2.7704e-02,  4.4278e-02,  5.4155e-02,  3.0825e-01,  2.6870e-01,
          1.2279e-01,  2.5813e-01,  1.9595e-01,  3.6132e-01,  1.4579e-01,
          3.0475e-01, -5.1370e-01, -3.0738e-01, -2.6296e-01,  2.1092e-01,
          1.3072e-01],
        [ 4.7477e-01, -4.3412e-01,  6.7203e-02, -1.6731e-01, -2.8290e-01,
         -4.2913e-01, -5.2479e-01, -4.2722e-01, -4.2200e-01, -1.5205e-01,
          3.3357e-01,  4.0420e-01,  1.9645e-01,  3.2055e-01, -3.7294e-02,
          2.5615e-01],
        [-9.5220e-03,  1.0460e-01,  8.3056e-02, -1.6628e-01, -2.7687e-01,
         -7.8849e-02,  1.0606e-02, -4.2642e-01, -6.0294e-01, -6.5329e-02,
         -2.1697e-01,  4.3558e-01,  1.5431e-01, -1.4136e-01, -4.2388e-01,
         -2.1585e-01],
        [ 1.7955e-02, -3.2366e-01, -4.2188e-02,  3.5638e-02, -5.2501e-02,
         -1.8744e-01,  1.7844e-01, -3.5754e-01, -7.3055e-01,  2.7369e-01,
          7.7160e-02,  1.4678e-01, -3.0704e-02,  3.3023e-02, -5.8423e-01,
          1.5459e-01],
        [-1.5364e-01, -9.1214e-02, -1.2789e-01,  2.3783e-01, -2.9543e-01,
         -1.6842e-01,  9.8961e-02, -5.0486e-01, -4.7780e-01, -1.2949e-01,
         -3.9473e-01,  1.8869e-01,  9.6129e-02,  1.1491e-01, -6.2287e-01,
         -1.0075e-01],
        [ 4.5630e-01, -2.8471e-01,  4.0104e-01, -4.1633e-01, -5.2268e-01,
         -1.9736e-01, -7.2021e-01, -2.7579e-01, -5.8937e-01, -6.9763e-02,
          2.8392e-01,  3.0696e-01,  5.9498e-01,  3.9641e-01, -7.2499e-02,
          4.2711e-01],
        [-2.1401e-01,  2.5892e-01,  1.6914e-01,  9.3961e-02,  4.7515e-01,
         -6.9419e-03,  3.2113e-01,  3.5989e-01,  2.0070e-01, -5.2710e-02,
          2.8298e-01, -4.3542e-01, -2.5530e-01, -6.0351e-02,  2.1585e-01,
          3.6714e-03],
        [ 2.0692e-01, -1.7454e-01, -4.3956e-03, -1.8622e-02, -4.2942e-01,
         -2.3723e-01, -1.1346e-01, -4.9683e-01, -1.9956e-01,  2.4904e-02,
         -1.2150e-02,  2.9040e-01,  4.1516e-01,  1.6813e-01, -1.5532e-01,
          1.5105e-01],
        [-4.1173e-01,  4.3108e-01, -3.5940e-01,  2.8844e-01,  1.9950e-01,
          2.0772e-01,  6.0294e-01,  4.9516e-01,  5.0277e-01,  2.4958e-01,
          5.1924e-03, -2.5011e-01, -2.1460e-01,  1.9729e-02,  2.2286e-01,
         -2.9226e-01],
        [-3.7590e-01,  3.1267e-01, -4.7280e-02,  1.0595e-02,  4.8214e-01,
          4.2249e-01,  5.8532e-01,  1.8153e-01,  4.0165e-01,  3.0776e-01,
         -3.9260e-01, -2.0715e-01, -6.0189e-01, -2.6614e-01,  1.5984e-01,
         -2.7036e-01],
        [-1.3992e-01, -3.6890e-02,  4.0427e-02,  1.0162e-01, -8.7217e-02,
         -2.3835e-01, -2.7460e-01, -5.3861e-01, -5.8820e-01, -6.2534e-02,
         -2.3482e-02,  1.2008e-01, -7.5867e-02,  3.9401e-02, -5.1407e-01,
          1.3637e-02]], device='cuda:0', requires_grad=True)

Parameter name: road_linear_0.bias
Shape: torch.Size([32])
Values: Parameter containing:
tensor([-0.1347,  0.1507,  0.2186, -0.2283,  0.1982, -0.1803, -0.0256,  0.1497,
        -0.1480,  0.1420, -0.1022,  0.1087, -0.0584, -0.1008,  0.1703, -0.0341,
        -0.1818, -0.1106,  0.2386,  0.1397,  0.0838, -0.1334,  0.1213, -0.1251,
        -0.2167, -0.0503,  0.2463,  0.0195,  0.0473, -0.2706, -0.1052, -0.0594],
       device='cuda:0', requires_grad=True)

Parameter name: road_linear_1.weight
Shape: torch.Size([1, 32])
Values: Parameter containing:
tensor([[ 0.5804,  0.7229, -0.5377, -0.6267,  0.6965,  0.6894, -0.6471, -0.7091,
         -0.6531,  0.7612,  0.5702,  0.7324, -0.6482, -0.8085,  0.6549, -0.6192,
         -0.6699,  0.6464, -0.5012, -0.5318,  0.7779,  0.5534, -0.6469, -0.7321,
         -0.7054, -0.7259, -0.6164,  0.6786, -0.6512,  0.7115,  0.5552, -0.5671]],
       device='cuda:0', requires_grad=True)

Parameter name: linear_0.weight
Shape: torch.Size([32, 39])
Values: Parameter containing:
tensor([[-0.0290,  0.1153,  0.0541,  ...,  0.2009, -0.7158, -0.1137],
        [-0.1422, -0.0316,  0.1431,  ...,  0.0514, -0.6204,  0.0871],
        [ 0.0302, -0.0425,  0.0196,  ...,  0.0661,  0.6612,  0.0345],
        ...,
        [ 0.1396, -0.1554, -0.0424,  ..., -0.1683,  0.3247, -0.1180],
        [ 0.1124, -0.2153, -0.0739,  ..., -0.2317,  0.5002,  0.1557],
        [-0.2277,  0.2035,  0.0710,  ...,  0.0850, -0.6283, -0.0509]],
       device='cuda:0', requires_grad=True)

Parameter name: linear_0.bias
Shape: torch.Size([32])
Values: Parameter containing:
tensor([ 0.0871,  0.0252, -0.0591, -0.1322, -0.0873,  0.0447, -0.0820,  0.0694,
        -0.0410,  0.0476,  0.0517,  0.0122, -0.0242,  0.1087, -0.0191, -0.0180,
         0.0572, -0.1672, -0.0004,  0.0952, -0.0983, -0.0083,  0.1207,  0.0645,
        -0.1080,  0.1143,  0.0632, -0.1622,  0.0470,  0.1991,  0.1806, -0.1021],
       device='cuda:0', requires_grad=True)

Parameter name: linear_1.weight
Shape: torch.Size([32, 32])
Values: Parameter containing:
tensor([[ 0.1011, -0.2247,  0.0145,  ...,  0.1173, -0.0042,  0.0782],
        [-0.1838, -0.0667,  0.2151,  ...,  0.2113,  0.0090,  0.0483],
        [ 0.1403, -0.0371, -0.2378,  ..., -0.1721, -0.0077,  0.2213],
        ...,
        [ 0.1517,  0.0851,  0.0244,  ...,  0.0487, -0.2355,  0.3677],
        [ 0.0616, -0.2381,  0.1705,  ...,  0.3467,  0.2766, -0.1104],
        [ 0.0209, -0.1407,  0.2964,  ...,  0.2783,  0.1465, -0.0460]],
       device='cuda:0', requires_grad=True)

Parameter name: linear_1.bias
Shape: torch.Size([32])
Values: Parameter containing:
tensor([ 1.6153e-01,  2.0096e-01, -6.1257e-02, -1.6851e-01,  4.1114e-02,
         6.0798e-05, -1.0303e-01,  7.7795e-02,  2.3006e-01, -1.7113e-01,
         1.3645e-01, -1.2496e-01,  2.5638e-01,  6.9850e-02, -5.0123e-02,
         2.3067e-01,  8.0123e-02, -1.9777e-01,  6.1918e-02,  8.0121e-02,
        -9.7762e-02,  6.2324e-02, -2.3024e-01,  2.3543e-01,  1.8973e-02,
        -2.6213e-02,  8.7773e-02, -1.8688e-03, -2.0723e-01, -7.3585e-02,
         2.2042e-01,  6.6324e-02], device='cuda:0', requires_grad=True)

Parameter name: linear_2.weight
Shape: torch.Size([1, 32])
Values: Parameter containing:
tensor([[ 1.2300,  1.1618, -1.2467, -1.1933,  1.0855,  1.0974, -1.1476,  1.0383,
          1.1068, -1.2141, -1.1095,  1.0906,  1.0966,  1.1337,  1.1125,  1.0842,
         -1.2049, -1.2508,  1.1182,  1.0842, -1.1394, -1.1625, -1.2744,  1.1061,
          1.1925,  1.2256, -1.2418,  1.2278, -1.1372, -1.2587,  1.1330,  1.2232]],
       device='cuda:0', requires_grad=True)

Parameter name: linear_2.bias
Shape: torch.Size([1])
Values: Parameter containing:
tensor([0.9585], device='cuda:0', requires_grad=True)

