Parameter name: road_linear_0.weight
Shape: torch.Size([32, 16])
Values: Parameter containing:
tensor([[-3.2383e-01,  4.6093e-01,  8.1062e-03,  3.2280e-03,  2.1702e-01,
          1.6425e-01,  3.6081e-01,  9.2761e-03,  2.3234e-01,  2.5076e-01,
          1.2376e-03, -1.7397e-01, -3.5317e-01, -3.6511e-01,  2.9019e-01,
          5.0066e-02],
        [-2.5615e-01, -1.3634e-02, -9.7635e-02,  1.7713e-02,  6.7364e-02,
          2.4105e-01,  2.1798e-01,  1.9528e-01,  4.5557e-01,  1.2699e-01,
          2.2305e-02, -2.8834e-01, -3.5398e-02, -5.9804e-02,  4.3556e-01,
         -9.1903e-02],
        [ 7.9298e-02, -9.9413e-02,  3.6453e-01, -1.4185e-01, -1.4119e-01,
         -3.3708e-01, -9.3327e-02, -4.5534e-01, -1.9796e-02, -6.3642e-02,
          1.0215e-01, -3.0915e-02,  4.5293e-01,  3.2030e-01,  2.3017e-02,
          2.6936e-01],
        [ 2.4091e-01, -2.5592e-01,  4.8908e-02, -7.3362e-02, -9.6234e-02,
         -1.7387e-01, -1.6855e-01, -1.0345e-01, -4.3588e-01, -3.7523e-01,
          6.8142e-02,  3.5701e-01,  3.1944e-01, -1.3885e-01, -2.2694e-01,
          1.3535e-01],
        [-9.3138e-02,  4.2288e-01, -1.5310e-01, -8.2395e-03,  2.3705e-01,
          6.3947e-02,  9.1284e-02,  3.5734e-01,  1.9631e-01,  2.8169e-01,
          5.5351e-02, -1.7805e-01, -8.5917e-02, -2.4551e-01,  3.2769e-01,
         -1.6609e-01],
        [ 7.8592e-03,  4.3247e-01, -3.2516e-01,  3.9978e-01,  3.7541e-01,
         -5.5611e-02,  2.8315e-01, -8.1849e-03,  2.8085e-01,  1.8804e-01,
         -3.1968e-01, -8.5531e-02, -2.6938e-01,  1.4309e-01,  3.8495e-01,
         -7.3114e-02],
        [ 3.4800e-01, -9.1163e-02,  3.7544e-01, -1.8558e-01, -1.0711e-01,
         -1.9306e-01, -2.0644e-01, -2.6133e-01, -2.9418e-01, -1.3735e-04,
          1.0955e-01,  6.7221e-02, -2.5172e-02,  2.0834e-01, -3.3103e-01,
          1.4238e-01],
        [-8.1873e-02,  4.5254e-02,  3.2684e-01, -3.5445e-01, -3.8821e-01,
         -2.8437e-01, -1.1608e-01, -2.9435e-01, -2.3984e-01, -1.9456e-01,
          5.3759e-02,  4.3536e-02,  2.9063e-01, -1.0393e-01, -1.3017e-01,
          3.4287e-01],
        [ 4.3929e-02, -2.3949e-02,  3.0259e-01, -2.7610e-01, -1.5017e-01,
         -3.4205e-01, -2.2407e-01, -1.4538e-01, -1.7382e-02, -3.1120e-01,
         -1.6811e-02,  9.0649e-02, -2.2724e-02,  1.8772e-01, -4.2711e-01,
          1.1207e-01],
        [-2.9757e-01,  2.3714e-01, -9.5983e-02,  1.4717e-02,  1.6149e-01,
          1.4650e-01,  1.0699e-01,  2.8425e-01,  3.3303e-01, -3.6059e-03,
          5.5047e-02, -3.9746e-02, -3.1284e-01, -1.0501e-01,  2.4907e-01,
         -2.1948e-01],
        [-3.4650e-01,  4.1466e-01, -4.2698e-02, -1.8633e-02,  2.5041e-02,
          4.0738e-01,  2.7843e-01,  1.5673e-01,  4.0934e-01,  2.4302e-01,
         -7.0009e-02, -1.1165e-02, -2.3564e-01,  1.0945e-01,  3.7552e-02,
         -3.3396e-01],
        [-1.0697e-01,  1.5715e-01,  2.0891e-03,  9.5567e-02,  2.2529e-01,
          9.9911e-02,  3.9154e-01,  1.7478e-01,  2.0079e-01,  3.2834e-01,
          1.2786e-01,  5.6992e-02, -4.4151e-01, -2.3904e-01,  1.2663e-01,
         -1.9907e-01],
        [ 3.4767e-01, -1.4007e-01,  1.6133e-01, -2.0528e-01, -2.0031e-01,
          2.0493e-02, -1.5129e-01, -3.8379e-01, -4.0543e-01, -1.1608e-01,
          1.2784e-01,  7.9967e-02,  2.6922e-02,  2.0192e-01, -3.0621e-01,
          6.2241e-02],
        [ 2.0571e-01,  5.0368e-02,  3.5410e-01, -2.9054e-02, -3.8746e-01,
         -1.2031e-02, -8.8658e-02, -1.1053e-01, -2.8281e-01, -1.5613e-01,
         -3.3372e-02,  1.3286e-01,  1.6441e-01,  7.5047e-02, -4.1836e-01,
          2.4773e-01],
        [-3.7800e-01,  1.3286e-02, -6.2592e-02, -1.8671e-02,  4.5804e-01,
          4.0702e-01,  1.5067e-01,  1.6179e-01,  3.1267e-02,  1.7880e-01,
         -5.9775e-02, -3.4159e-01, -1.3465e-01, -1.3345e-01,  1.1870e-01,
         -1.7326e-01],
        [-3.7690e-02, -4.2831e-01,  2.1407e-01,  2.9078e-02, -4.0160e-01,
         -2.2554e-02, -2.5121e-01, -3.6327e-01, -2.6023e-01, -7.0653e-02,
          1.6244e-01,  4.5811e-01,  2.1730e-01, -6.4239e-03,  2.4559e-03,
          1.3379e-01],
        [ 2.7066e-01,  1.3732e-02,  1.5492e-01, -3.3950e-01, -3.7434e-01,
         -2.2090e-02, -9.5449e-02, -5.3744e-03, -3.6381e-01, -1.5861e-01,
          2.9508e-01,  2.7859e-01,  3.6149e-01,  2.5420e-01, -1.7722e-01,
         -5.8811e-02],
        [-2.4428e-01,  2.1120e-01, -1.9702e-01,  1.2368e-01,  1.4749e-01,
          2.6879e-01,  2.9003e-01,  2.7597e-01,  1.3105e-01,  2.5072e-01,
         -1.5515e-01, -2.1964e-01, -1.7155e-01, -1.8126e-01,  2.7977e-01,
         -1.4022e-01],
        [ 2.0586e-01, -1.9263e-01,  1.1777e-01, -2.9484e-01, -2.3967e-01,
         -3.6401e-01, -3.0823e-01,  4.4411e-03, -4.2383e-01, -1.0076e-01,
          1.5601e-01, -7.0565e-02,  2.3317e-01,  2.4440e-01, -3.1046e-03,
          1.8191e-01],
        [ 3.5385e-01, -1.9285e-01,  2.4226e-01, -9.6349e-02, -3.6948e-01,
         -2.1892e-01, -3.8675e-01, -5.3144e-03, -8.3712e-02, -2.5855e-01,
          8.8339e-02,  2.5943e-01, -1.7230e-02,  1.0712e-01, -4.5420e-02,
          1.9232e-01],
        [-1.5623e-01,  3.4077e-01, -1.0065e-02, -7.5473e-02,  3.1521e-01,
         -6.8559e-02,  3.3254e-01,  3.9431e-01,  1.9785e-01,  4.8297e-02,
         -2.5475e-01, -2.6731e-01, -2.3190e-01, -1.9334e-01,  3.8636e-01,
         -2.4393e-01],
        [-9.0555e-02,  3.3610e-03, -5.6495e-02,  4.2297e-01,  7.6929e-02,
          1.1676e-01,  3.0989e-01, -9.6544e-03,  8.6892e-02,  2.7123e-01,
          1.3256e-01, -3.0758e-01, -2.3892e-01, -3.9735e-01,  7.5061e-04,
          2.7256e-02],
        [ 3.4447e-01, -2.4190e-01,  2.4752e-02, -1.6574e-01, -3.8223e-02,
         -3.7885e-01, -3.1878e-01, -2.5023e-01, -2.8679e-01, -1.3824e-01,
          2.7883e-01,  2.2105e-01, -5.2002e-02,  3.0819e-01,  6.8150e-02,
          2.0853e-01],
        [ 1.9855e-01, -2.8996e-03,  2.9012e-01, -3.4777e-01, -2.3135e-01,
         -1.4452e-01, -1.7211e-01, -2.7393e-01, -3.3150e-01, -2.8877e-01,
          3.3077e-02,  3.1646e-01,  2.7285e-01,  8.7945e-02, -2.0618e-01,
         -1.7549e-02],
        [ 1.9760e-01, -4.4696e-01,  1.4728e-01, -1.3283e-01,  1.1968e-02,
         -2.2635e-01,  1.3664e-02, -1.9079e-01, -4.0974e-01,  7.4082e-02,
          3.5052e-01,  5.7714e-03,  7.7686e-02,  2.4448e-01, -3.4901e-01,
          3.4175e-01],
        [ 4.6020e-02, -2.8282e-01,  7.5544e-02,  6.0564e-02, -2.9807e-01,
         -1.9458e-01, -7.9555e-02, -3.7873e-01, -2.3039e-01, -3.4930e-01,
         -1.1268e-01,  1.3354e-01,  2.4421e-01,  3.3584e-01, -4.1290e-01,
          9.8219e-02],
        [ 1.9215e-01, -7.8845e-02,  2.5958e-01, -3.3954e-01, -2.0414e-01,
         -7.9143e-02, -3.7344e-01, -4.5476e-02, -3.9632e-01,  2.8338e-02,
          1.5741e-01,  8.7985e-02,  2.5288e-01,  2.8062e-01,  5.8262e-02,
          2.7561e-01],
        [-3.0730e-01,  2.7707e-01,  3.9852e-02,  2.1598e-01,  3.6745e-01,
          3.7056e-03,  3.9921e-01,  1.9955e-01, -1.2155e-02,  8.8135e-02,
          9.8245e-02, -2.7924e-01, -2.5678e-01, -2.0949e-01,  4.8725e-02,
         -1.1779e-01],
        [ 2.6964e-01, -1.1334e-01,  1.0263e-01, -1.2829e-01, -3.2607e-01,
         -2.6865e-01, -1.5423e-01, -3.5303e-01, -3.0891e-02, -8.9846e-02,
          1.1259e-01,  1.3833e-01,  3.6722e-01,  2.9678e-01, -1.4080e-02,
          2.4593e-01],
        [-2.5874e-01,  2.6739e-01, -2.9020e-01,  2.5734e-01, -2.7023e-02,
          1.2611e-01,  3.7071e-01,  3.3824e-01,  3.9609e-01,  2.1652e-01,
          4.7844e-02, -8.9533e-02,  4.6577e-03,  5.5331e-02,  1.6788e-01,
         -2.2768e-01],
        [-2.5367e-01,  1.1253e-01, -6.9332e-03,  1.5042e-02,  2.2641e-01,
          3.6460e-01,  3.9170e-01, -1.1966e-02,  2.4671e-01,  2.9983e-01,
         -3.4303e-01, -1.0961e-02, -3.3162e-01, -2.5915e-01,  3.9733e-02,
         -2.2553e-01],
        [ 3.0470e-02, -1.0707e-01,  2.2505e-01, -6.2527e-02, -2.0407e-02,
         -3.0160e-01, -4.2468e-01, -3.7985e-01, -3.1534e-01, -2.5664e-01,
          2.0281e-01, -1.7875e-02, -1.1275e-03,  2.4451e-01, -3.0801e-01,
          1.8704e-01]], device='cuda:0', requires_grad=True)

Parameter name: road_linear_0.bias
Shape: torch.Size([32])
Values: Parameter containing:
tensor([-0.1214, -0.0122,  0.0845, -0.0515, -0.0091, -0.1004,  0.0820,  0.1402,
        -0.0281, -0.0372, -0.0183,  0.0613,  0.1431,  0.0733,  0.0171,  0.1065,
        -0.0730, -0.0083,  0.0815,  0.0330, -0.0631, -0.0737, -0.0135, -0.0064,
        -0.0730,  0.1683,  0.1491,  0.0211, -0.0669, -0.1938,  0.0419,  0.0005],
       device='cuda:0', requires_grad=True)

Parameter name: road_linear_1.weight
Shape: torch.Size([1, 32])
Values: Parameter containing:
tensor([[ 0.2716,  0.3507, -0.2626, -0.2846,  0.3520,  0.4029, -0.3199, -0.4195,
         -0.3269,  0.4006,  0.2851,  0.4209, -0.2925, -0.4385,  0.3327, -0.3099,
         -0.3394,  0.3616, -0.2572, -0.2851,  0.4468,  0.3152, -0.3945, -0.4106,
         -0.3665, -0.3807, -0.3524,  0.3917, -0.3771,  0.4232,  0.3141, -0.2637]],
       device='cuda:0', requires_grad=True)

Parameter name: linear_0.weight
Shape: torch.Size([32, 39])
Values: Parameter containing:
tensor([[-0.0634,  0.1397,  0.0896,  ...,  0.1418, -0.2698, -0.1137],
        [-0.1582, -0.0067,  0.1389,  ...,  0.0699, -0.3059,  0.0871],
        [ 0.0489, -0.0707,  0.0199,  ...,  0.0529,  0.2534,  0.0345],
        ...,
        [ 0.1596, -0.1921, -0.0346,  ..., -0.1942,  0.0159, -0.1180],
        [ 0.1393, -0.2511, -0.0798,  ..., -0.2392,  0.1335,  0.1557],
        [-0.2360,  0.1936,  0.0870,  ...,  0.0640, -0.2617, -0.0509]],
       device='cuda:0', requires_grad=True)

Parameter name: linear_0.bias
Shape: torch.Size([32])
Values: Parameter containing:
tensor([ 0.0551,  0.0403, -0.0697, -0.1414, -0.0757,  0.0595, -0.0986,  0.0451,
        -0.0407,  0.0538,  0.0089,  0.0148, -0.0221,  0.0939, -0.0406, -0.0010,
         0.0474, -0.1601, -0.0301,  0.0747, -0.0676,  0.0220,  0.1155,  0.0202,
        -0.0969,  0.1080,  0.0564, -0.1246,  0.0394,  0.1781,  0.1752, -0.1173],
       device='cuda:0', requires_grad=True)

Parameter name: linear_1.weight
Shape: torch.Size([32, 32])
Values: Parameter containing:
tensor([[ 0.0771, -0.1824, -0.0888,  ...,  0.0765, -0.0190,  0.0485],
        [-0.2047, -0.0319,  0.1143,  ...,  0.1756, -0.0020,  0.0248],
        [ 0.1330, -0.0410, -0.1816,  ..., -0.1665, -0.0148,  0.2063],
        ...,
        [ 0.1384,  0.0854,  0.0678,  ...,  0.0484, -0.2160,  0.2986],
        [ 0.0183, -0.1594,  0.0439,  ...,  0.2763,  0.2340, -0.1656],
        [ 0.0022, -0.1139,  0.2209,  ...,  0.2504,  0.1464, -0.0738]],
       device='cuda:0', requires_grad=True)

Parameter name: linear_1.bias
Shape: torch.Size([32])
Values: Parameter containing:
tensor([ 0.1210,  0.1671, -0.0569, -0.1248,  0.0230, -0.0225, -0.0789,  0.0046,
         0.1689, -0.1653,  0.1203, -0.1172,  0.2066,  0.0624, -0.1082,  0.1587,
        -0.1337, -0.1744,  0.0500,  0.0405, -0.0476,  0.0790, -0.2251,  0.2059,
        -0.0112, -0.0255,  0.0760,  0.0018, -0.1684, -0.0815,  0.1497,  0.0368],
       device='cuda:0', requires_grad=True)

Parameter name: linear_2.weight
Shape: torch.Size([1, 32])
Values: Parameter containing:
tensor([[ 0.4158,  0.3342, -0.3880, -0.3903,  0.2323,  0.2512, -0.3047,  0.2657,
          0.3256, -0.3494, -0.2790,  0.2971,  0.2971,  0.2779,  0.3309,  0.3147,
         -0.4145, -0.4170,  0.2647,  0.2702, -0.3397, -0.3151, -0.4092,  0.2737,
          0.3576,  0.4181, -0.3898,  0.3780, -0.3167, -0.4058,  0.3659,  0.3982]],
       device='cuda:0', requires_grad=True)

Parameter name: linear_2.bias
Shape: torch.Size([1])
Values: Parameter containing:
tensor([0.2112], device='cuda:0', requires_grad=True)

