Parameter name: road_linear_0.weight
Shape: torch.Size([32, 16])
Values: Parameter containing:
tensor([[-2.7006e-01,  4.7955e-01,  9.1606e-02, -7.3648e-02,  3.5582e-01,
          1.6426e-01,  3.5763e-01,  1.5033e-01,  3.5967e-01,  1.8253e-01,
          1.5271e-01, -3.1590e-01, -3.5230e-01, -2.5439e-01,  3.7942e-01,
          1.3177e-01],
        [-1.0602e-01, -1.3924e-01,  5.7028e-02, -1.2247e-01,  1.1453e-01,
          2.1045e-01,  6.1220e-02,  3.1780e-01,  6.3392e-01, -2.5010e-02,
          2.6474e-01, -4.1070e-01,  8.2397e-02,  1.1483e-01,  6.2790e-01,
          6.7712e-02],
        [ 8.6655e-02, -1.9328e-01,  3.0917e-01, -8.0774e-02, -3.2418e-01,
         -3.0873e-01, -1.4968e-01, -6.1731e-01, -1.7656e-01, -3.2028e-02,
          4.7261e-02,  1.3794e-01,  5.5150e-01,  2.4456e-01, -9.9958e-02,
          2.2168e-01],
        [ 6.4106e-02, -1.4217e-01, -1.2351e-01,  7.8813e-02, -1.2713e-01,
         -1.2722e-01, -1.1912e-02, -2.1921e-01, -6.1243e-01, -2.0632e-01,
         -1.8057e-01,  4.5538e-01,  1.8034e-01, -3.3695e-01, -3.8235e-01,
         -4.0911e-02],
        [ 6.3963e-02,  3.0494e-01,  7.0280e-03, -1.4997e-01,  2.7228e-01,
          3.5467e-02, -3.7312e-02,  4.7403e-01,  3.5518e-01,  1.2466e-01,
          2.9319e-01, -2.6957e-01,  3.0235e-02, -6.3776e-02,  4.6735e-01,
         -5.0630e-03],
        [-3.1572e-02,  5.0140e-01, -2.9687e-01,  3.6047e-01,  5.4845e-01,
         -4.5601e-02,  3.6061e-01,  1.4814e-01,  3.9443e-01,  1.7957e-01,
         -2.3787e-01, -2.4721e-01, -3.3161e-01,  1.9565e-01,  4.6812e-01,
         -4.6838e-02],
        [ 2.0857e-01, -6.1045e-02,  2.3043e-01, -5.8453e-02, -1.9972e-01,
         -1.4892e-01, -1.1012e-01, -3.9139e-01, -4.6521e-01,  1.3353e-01,
         -8.7469e-02,  1.9446e-01, -8.9759e-02,  3.6338e-02, -4.6163e-01,
         -1.6690e-03],
        [-2.0867e-01,  3.9881e-02,  1.8858e-01, -2.3124e-01, -5.0090e-01,
         -2.3193e-01, -3.2554e-02, -4.3100e-01, -4.0542e-01, -6.8677e-02,
         -1.1818e-01,  1.8189e-01,  2.5299e-01, -2.6728e-01, -2.6229e-01,
          2.0755e-01],
        [-1.0820e-01,  4.8643e-02,  1.4595e-01, -1.3409e-01, -2.5244e-01,
         -2.9120e-01, -7.3307e-02, -2.9684e-01, -2.4216e-01, -1.5902e-01,
         -2.6140e-01,  2.5050e-01, -1.2501e-01,  6.2189e-03, -6.0791e-01,
         -4.7516e-02],
        [-1.4275e-01,  1.1460e-01,  6.1856e-02, -1.2703e-01,  2.1032e-01,
          1.1346e-01, -3.5636e-02,  4.1405e-01,  5.2392e-01, -1.5633e-01,
          3.0411e-01, -1.5812e-01, -1.9544e-01,  7.4460e-02,  4.2016e-01,
         -5.7011e-02],
        [-2.4337e-01,  4.3952e-01,  7.7476e-02, -1.2853e-01,  1.5933e-01,
          3.6051e-01,  2.1624e-01,  3.0321e-01,  5.7801e-01,  1.3651e-01,
          9.0998e-02, -1.6148e-01, -2.2173e-01,  2.5741e-01,  1.6884e-01,
         -2.1574e-01],
        [ 3.1377e-02,  1.2128e-01,  1.4994e-01, -3.8756e-02,  3.4459e-01,
          5.0192e-02,  2.6546e-01,  3.2968e-01,  4.1438e-01,  1.8755e-01,
          3.5272e-01, -1.0324e-01, -3.7272e-01, -6.4083e-02,  2.9408e-01,
         -4.9755e-02],
        [ 2.1575e-01, -6.6345e-02,  2.0143e-02, -8.0670e-02, -2.6711e-01,
          4.3704e-02, -6.3228e-02, -5.0391e-01, -5.5523e-01,  1.3931e-02,
         -8.4878e-02,  1.8622e-01, -5.4849e-02,  3.7193e-02, -4.2120e-01,
         -7.8795e-02],
        [ 4.2533e-02,  1.6864e-01,  1.9068e-01,  1.1708e-01, -4.3516e-01,
          2.3353e-02,  5.8996e-02, -2.3616e-01, -4.7445e-01,  2.8956e-03,
         -2.8488e-01,  2.4895e-01,  4.0113e-02, -1.1241e-01, -5.8357e-01,
          7.9319e-02],
        [-2.1659e-01, -7.5198e-02,  9.8329e-02, -1.6170e-01,  5.2810e-01,
          3.5519e-01, -7.1568e-03,  2.9527e-01,  2.2595e-01,  2.3680e-02,
          1.8338e-01, -4.7361e-01, -1.5574e-02,  5.3100e-02,  2.8518e-01,
         -1.1280e-02],
        [-1.3871e-01, -3.6936e-01,  9.6190e-02,  1.3324e-01, -4.8678e-01,
         -1.9437e-02, -1.9421e-01, -4.8565e-01, -3.9003e-01,  3.5524e-02,
         -3.2197e-02,  5.6965e-01,  1.5780e-01, -1.4644e-01, -9.3767e-02,
          1.9154e-02],
        [ 1.0034e-01,  7.6865e-02, -8.9704e-03, -1.9111e-01, -4.4681e-01,
          2.7117e-02,  4.1710e-02, -1.3702e-01, -5.5980e-01,  3.9823e-03,
          6.0940e-02,  4.0301e-01,  2.5590e-01,  5.4474e-02, -3.2894e-01,
         -2.2463e-01],
        [-1.7112e-01,  2.5772e-01, -9.6840e-02,  3.2082e-02,  2.7806e-01,
          2.2771e-01,  2.7079e-01,  4.0929e-01,  2.4405e-01,  1.6754e-01,
         -3.3388e-02, -3.5400e-01, -1.7331e-01, -5.8918e-02,  3.7754e-01,
         -4.6615e-02],
        [ 1.9257e-01, -2.8567e-01,  4.1353e-02, -2.1293e-01, -4.1917e-01,
         -3.2590e-01, -3.3934e-01, -1.6239e-01, -5.8789e-01, -4.7164e-02,
          9.3849e-02,  9.9754e-02,  3.2697e-01,  1.4267e-01, -1.3919e-01,
          1.1216e-01],
        [ 3.5436e-01, -2.8779e-01,  1.7208e-01, -2.3716e-02, -5.5835e-01,
         -1.8477e-01, -4.2937e-01, -1.7428e-01, -2.3011e-01, -2.1556e-01,
          2.7001e-02,  4.3225e-01,  6.5476e-02,  1.8027e-02, -1.7566e-01,
          1.3211e-01],
        [-5.6173e-02,  2.7058e-01,  1.0211e-01, -1.7984e-01,  3.7507e-01,
         -7.0496e-02,  2.7896e-01,  4.9916e-01,  2.9792e-01, -5.3340e-02,
         -5.5024e-02, -3.5219e-01, -1.5688e-01, -5.7006e-02,  4.5584e-01,
         -1.3034e-01],
        [-2.9698e-04,  3.2205e-02,  6.0289e-02,  3.1111e-01,  2.6266e-01,
          8.3380e-02,  2.3597e-01,  1.6952e-01,  3.0951e-01,  1.6583e-01,
          3.2179e-01, -4.9521e-01, -2.4835e-01, -2.5405e-01,  1.7253e-01,
          1.4326e-01],
        [ 3.3320e-01, -3.3547e-01, -4.8932e-02, -8.8638e-02, -2.1442e-01,
         -3.3581e-01, -3.5187e-01, -4.1182e-01, -4.3209e-01, -9.0033e-02,
          2.1830e-01,  3.8701e-01,  2.9265e-02,  2.1362e-01, -5.9603e-02,
          1.4381e-01],
        [ 2.6325e-02,  4.6428e-02,  1.2335e-01, -2.0083e-01, -2.8515e-01,
         -8.1130e-02, -4.1482e-02, -3.8906e-01, -4.7819e-01, -1.2588e-01,
         -1.7240e-01,  4.1935e-01,  1.6963e-01, -1.0659e-01, -3.3632e-01,
         -1.8120e-01],
        [ 4.5995e-02, -3.7243e-01, -4.8289e-03,  2.9361e-03, -5.7709e-02,
         -1.8803e-01,  1.3184e-01, -3.1927e-01, -6.0799e-01,  2.1937e-01,
          1.1618e-01,  1.2674e-01, -2.1338e-02,  6.3494e-02, -4.9491e-01,
          1.8475e-01],
        [-1.1931e-01, -1.4899e-01, -9.1972e-02,  2.0912e-01, -2.9865e-01,
         -1.6442e-01,  5.2189e-02, -4.7151e-01, -3.5822e-01, -1.8688e-01,
         -3.5323e-01,  1.8289e-01,  1.1355e-01,  1.4877e-01, -5.3509e-01,
         -6.8557e-02],
        [ 2.9619e-01, -1.8390e-01,  2.5020e-01, -3.0717e-01, -3.9941e-01,
         -7.0220e-02, -5.0946e-01, -2.2083e-01, -5.5536e-01,  1.0657e-02,
          1.5836e-01,  2.6186e-01,  3.8923e-01,  2.5938e-01, -6.9228e-02,
          2.7898e-01],
        [-1.9816e-01,  2.6354e-01,  1.6655e-01,  1.0180e-01,  5.0300e-01,
         -2.4651e-02,  3.1652e-01,  3.5057e-01,  1.6344e-01, -2.8069e-02,
          2.9242e-01, -4.3427e-01, -2.2144e-01, -5.8003e-02,  1.8882e-01,
          8.4447e-03],
        [ 1.5596e-01, -1.4002e-01, -2.4560e-02, -1.1635e-02, -4.5600e-01,
         -2.1394e-01, -7.5059e-02, -4.9635e-01, -1.9438e-01,  2.4230e-02,
         -5.2356e-02,  2.8473e-01,  3.4644e-01,  1.3956e-01, -1.4899e-01,
          1.2217e-01],
        [-2.8434e-01,  3.4755e-01, -2.4649e-01,  2.1022e-01,  1.4625e-01,
          1.1599e-01,  4.3928e-01,  4.8994e-01,  5.2046e-01,  1.9755e-01,
          1.1119e-01, -2.4953e-01, -6.6804e-02,  1.1449e-01,  2.6305e-01,
         -1.9091e-01],
        [-2.2502e-01,  2.0306e-01,  7.4705e-02, -7.0616e-02,  4.0364e-01,
          3.2154e-01,  4.0497e-01,  1.5365e-01,  4.0957e-01,  2.3901e-01,
         -2.7070e-01, -1.7858e-01, -4.1791e-01, -1.4993e-01,  1.7691e-01,
         -1.4981e-01],
        [-1.1452e-01, -8.3356e-02,  7.5751e-02,  7.0187e-02, -1.0853e-01,
         -2.4397e-01, -3.1764e-01, -5.1361e-01, -4.8589e-01, -1.1574e-01,
          9.6494e-03,  1.1262e-01, -6.9099e-02,  6.6903e-02, -4.4659e-01,
          4.0320e-02]], device='cuda:0', requires_grad=True)

Parameter name: road_linear_0.bias
Shape: torch.Size([32])
Values: Parameter containing:
tensor([-0.0674,  0.1540,  0.1439, -0.1965,  0.1482, -0.1147, -0.0024,  0.1153,
        -0.1231,  0.1257, -0.0081,  0.1154,  0.0049, -0.0838,  0.1341, -0.0202,
        -0.1687, -0.0223,  0.1492,  0.0975,  0.0720, -0.0759,  0.0558, -0.0846,
        -0.1978, -0.0009,  0.2153,  0.0766, -0.0567, -0.2203, -0.0286, -0.0550],
       device='cuda:0', requires_grad=True)

Parameter name: road_linear_1.weight
Shape: torch.Size([1, 32])
Values: Parameter containing:
tensor([[ 0.4361,  0.5915, -0.3553, -0.4892,  0.5666,  0.5365, -0.4806, -0.5583,
         -0.4929,  0.6184,  0.4203,  0.5835, -0.4861, -0.6520,  0.5152, -0.5056,
         -0.5000,  0.5016, -0.3331, -0.3823,  0.6442,  0.4255, -0.4847, -0.5807,
         -0.5338, -0.5965, -0.4364,  0.5639, -0.5065,  0.5583,  0.3865, -0.4181]],
       device='cuda:0', requires_grad=True)

Parameter name: linear_0.weight
Shape: torch.Size([32, 39])
Values: Parameter containing:
tensor([[-0.0298,  0.1065,  0.0609,  ...,  0.1684, -0.3381, -0.1137],
        [-0.1405, -0.0309,  0.1377,  ...,  0.0558, -0.3705,  0.0871],
        [ 0.0290, -0.0451,  0.0252,  ...,  0.0632,  0.3207,  0.0345],
        ...,
        [ 0.1414, -0.1647, -0.0373,  ..., -0.1739,  0.0957, -0.1180],
        [ 0.1177, -0.2227, -0.0753,  ..., -0.2289,  0.2062,  0.1557],
        [-0.2165,  0.1750,  0.0711,  ...,  0.0726, -0.3194, -0.0509]],
       device='cuda:0', requires_grad=True)

Parameter name: linear_0.bias
Shape: torch.Size([32])
Values: Parameter containing:
tensor([ 0.0779,  0.0309, -0.0650, -0.1399, -0.0822,  0.0439, -0.0885,  0.0693,
        -0.0377,  0.0489,  0.0446,  0.0193, -0.0240,  0.1022, -0.0275, -0.0137,
         0.0488, -0.1632, -0.0074,  0.0868, -0.0880,  0.0063,  0.1167,  0.0430,
        -0.1085,  0.1096,  0.0560, -0.1419,  0.0432,  0.1929,  0.1816, -0.1066],
       device='cuda:0', requires_grad=True)

Parameter name: linear_1.weight
Shape: torch.Size([32, 32])
Values: Parameter containing:
tensor([[ 0.0885, -0.2073, -0.0255,  ...,  0.0992, -0.0078,  0.0578],
        [-0.1939, -0.0522,  0.1776,  ...,  0.1959,  0.0073,  0.0320],
        [ 0.1244, -0.0280, -0.2312,  ..., -0.1814, -0.0198,  0.2015],
        ...,
        [ 0.1295,  0.0874,  0.0418,  ...,  0.0414, -0.2187,  0.2995],
        [ 0.0328, -0.2029,  0.1130,  ...,  0.3114,  0.2580, -0.1510],
        [ 0.0125, -0.1299,  0.2681,  ...,  0.2662,  0.1504, -0.0646]],
       device='cuda:0', requires_grad=True)

Parameter name: linear_1.bias
Shape: torch.Size([32])
Values: Parameter containing:
tensor([ 0.1435,  0.1859, -0.0703, -0.1481,  0.0374, -0.0087, -0.0951,  0.0410,
         0.1992, -0.1780,  0.1477, -0.1872,  0.2308,  0.0717, -0.0789,  0.1968,
        -0.0365, -0.1895,  0.0661,  0.0614, -0.0730,  0.0643, -0.2370,  0.2246,
         0.0068, -0.0929,  0.0820,  0.0151, -0.1898, -0.0851,  0.1856,  0.0533],
       device='cuda:0', requires_grad=True)

Parameter name: linear_2.weight
Shape: torch.Size([1, 32])
Values: Parameter containing:
tensor([[ 0.8737,  0.7999, -0.8580, -0.8397,  0.7052,  0.7223, -0.7737,  0.6936,
          0.7594, -0.8227, -0.7354,  0.7474,  0.7414,  0.7482,  0.7661,  0.7405,
         -0.8605, -0.8816,  0.7342,  0.7262, -0.7871, -0.7829, -0.8859,  0.7402,
          0.8267,  0.8686, -0.8571,  0.8373, -0.7785, -0.8767,  0.7896,  0.8593]],
       device='cuda:0', requires_grad=True)

Parameter name: linear_2.bias
Shape: torch.Size([1])
Values: Parameter containing:
tensor([0.6177], device='cuda:0', requires_grad=True)

