Parameter name: road_linear_0.weight
Shape: torch.Size([32, 16])
Values: Parameter containing:
tensor([[-2.4894e-01,  4.4839e-01,  1.0425e-01, -8.4847e-02,  2.9848e-01,
          1.5686e-01,  3.3885e-01,  9.8534e-02,  3.3064e-01,  1.5917e-01,
          1.1923e-01, -2.6029e-01, -3.5801e-01, -2.5366e-01,  3.7857e-01,
          1.4432e-01],
        [-1.2227e-01, -1.3091e-01,  3.4577e-02, -1.0328e-01,  7.7746e-02,
          2.1322e-01,  8.9866e-02,  2.5461e-01,  5.5664e-01, -8.1801e-03,
          2.1230e-01, -3.4258e-01,  5.3297e-02,  8.6895e-02,  5.7421e-01,
          4.6688e-02],
        [ 3.8873e-02, -1.3869e-01,  2.8473e-01, -6.4793e-02, -2.4792e-01,
         -3.0613e-01, -1.0434e-01, -5.5510e-01, -1.4008e-01,  5.3802e-03,
          5.5162e-02,  7.2639e-02,  5.1392e-01,  2.2665e-01, -8.0542e-02,
          1.9651e-01],
        [ 9.0869e-02, -1.7049e-01, -9.4092e-02,  5.4700e-02, -1.1209e-01,
         -1.3545e-01, -4.9243e-02, -1.6528e-01, -5.3828e-01, -2.2934e-01,
         -1.2008e-01,  4.0596e-01,  2.2608e-01, -3.0067e-01, -3.3698e-01,
         -1.3692e-02],
        [ 3.6752e-02,  3.3888e-01, -2.0884e-02, -1.2848e-01,  2.6262e-01,
          3.8694e-02, -1.3674e-03,  4.2751e-01,  2.8797e-01,  1.4839e-01,
          2.3301e-01, -2.3183e-01, -1.6978e-02, -9.9380e-02,  4.3028e-01,
         -3.0399e-02],
        [ 1.2594e-02,  4.5085e-01, -2.7041e-01,  3.4089e-01,  4.7718e-01,
         -4.9625e-02,  3.1892e-01,  8.9283e-02,  3.7848e-01,  1.4094e-01,
         -2.5422e-01, -1.8669e-01, -3.1404e-01,  2.1074e-01,  4.6577e-01,
         -2.1016e-02],
        [ 2.2628e-01, -6.9488e-02,  2.5293e-01, -7.6488e-02, -1.7068e-01,
         -1.5967e-01, -1.3585e-01, -3.4008e-01, -4.0282e-01,  1.2086e-01,
         -2.9476e-02,  1.4303e-01, -5.3065e-02,  6.6902e-02, -4.3043e-01,
          1.8135e-02],
        [-1.9831e-01,  4.8329e-02,  2.0804e-01, -2.4771e-01, -4.6313e-01,
         -2.4674e-01, -5.2228e-02, -3.7791e-01, -3.4934e-01, -7.6482e-02,
         -6.5933e-02,  1.2566e-01,  2.8026e-01, -2.4097e-01, -2.3112e-01,
          2.2354e-01],
        [-8.4973e-02,  3.7971e-02,  1.7599e-01, -1.6006e-01, -2.2068e-01,
         -3.0426e-01, -1.0967e-01, -2.3342e-01, -1.6426e-01, -1.8082e-01,
         -2.0179e-01,  1.8404e-01, -8.8400e-02,  4.1949e-02, -5.5625e-01,
         -2.0465e-02],
        [-1.6669e-01,  1.3819e-01,  3.4496e-02, -1.0460e-01,  1.9046e-01,
          1.1994e-01, -9.4184e-04,  3.5757e-01,  4.5089e-01, -1.3578e-01,
          2.4656e-01, -1.0521e-01, -2.3714e-01,  4.0791e-02,  3.7279e-01,
         -8.2202e-02],
        [-2.4283e-01,  4.1975e-01,  6.7527e-02, -1.1987e-01,  1.1257e-01,
          3.7011e-01,  2.2324e-01,  2.4786e-01,  5.2916e-01,  1.3405e-01,
          4.5423e-02, -1.0372e-01, -2.3991e-01,  2.3957e-01,  1.4415e-01,
         -2.2284e-01],
        [ 1.4341e-02,  1.2375e-01,  1.2447e-01, -1.6580e-02,  3.1096e-01,
          6.3972e-02,  2.9387e-01,  2.6846e-01,  3.4586e-01,  2.0379e-01,
          2.9745e-01, -4.0771e-02, -4.0487e-01, -9.5725e-02,  2.4951e-01,
         -7.1760e-02],
        [ 2.3870e-01, -9.1196e-02,  4.4300e-02, -9.8659e-02, -2.5069e-01,
          3.6452e-02, -9.3474e-02, -4.6071e-01, -4.9798e-01, -1.6852e-03,
         -2.4240e-02,  1.4732e-01, -1.0388e-02,  7.0357e-02, -3.9620e-01,
         -5.7254e-02],
        [ 6.6974e-02,  1.4607e-01,  2.1897e-01,  9.3657e-02, -4.1195e-01,
          1.6622e-02,  2.3417e-02, -1.7780e-01, -3.9900e-01, -1.8260e-02,
         -2.2606e-01,  1.9125e-01,  8.1463e-02, -7.7714e-02, -5.3454e-01,
          1.0534e-01],
        [-2.3986e-01, -5.8055e-02,  7.0226e-02, -1.3835e-01,  5.0419e-01,
          3.6696e-01,  2.7838e-02,  2.3793e-01,  1.5338e-01,  4.3913e-02,
          1.2485e-01, -4.1673e-01, -5.4903e-02,  1.8800e-02,  2.3975e-01,
         -3.6557e-02],
        [-1.3045e-01, -3.7985e-01,  1.0633e-01,  1.2774e-01, -4.6106e-01,
         -1.8318e-02, -2.0753e-01, -4.4662e-01, -3.4828e-01,  3.3737e-02,
          1.7725e-02,  5.3171e-01,  1.9236e-01, -1.2623e-01, -8.4953e-02,
          2.7165e-02],
        [ 1.2596e-01,  5.6214e-02,  2.1341e-02, -2.1697e-01, -4.2390e-01,
          1.6015e-02,  6.2032e-03, -7.8803e-02, -4.8300e-01, -1.9202e-02,
          1.2336e-01,  3.4586e-01,  2.9847e-01,  9.2139e-02, -2.8414e-01,
         -1.9689e-01],
        [-1.5226e-01,  2.2165e-01, -9.1436e-02,  2.8460e-02,  2.2295e-01,
          2.3467e-01,  2.5654e-01,  3.5841e-01,  2.1679e-01,  1.4862e-01,
         -6.5744e-02, -2.9851e-01, -1.7710e-01, -6.2337e-02,  3.6806e-01,
         -3.9658e-02],
        [ 1.5252e-01, -2.3282e-01,  2.7510e-02, -2.0673e-01, -3.4261e-01,
         -3.2715e-01, -3.0560e-01, -9.5747e-02, -5.4558e-01, -1.9073e-02,
          1.0858e-01,  3.1833e-02,  2.9085e-01,  1.3458e-01, -1.1076e-01,
          9.5605e-02],
        [ 3.0958e-01, -2.3304e-01,  1.5448e-01, -1.3158e-02, -4.7857e-01,
         -1.8694e-01, -3.9066e-01, -1.0802e-01, -1.9654e-01, -1.8060e-01,
          4.0166e-02,  3.6470e-01,  3.5711e-02,  7.9656e-03, -1.4988e-01,
          1.1151e-01],
        [-6.5987e-02,  2.8377e-01,  9.1726e-02, -1.7430e-01,  3.5514e-01,
         -6.8625e-02,  2.9294e-01,  4.6639e-01,  2.6552e-01, -5.1799e-02,
         -1.0624e-01, -3.2135e-01, -1.9632e-01, -7.8018e-02,  4.5684e-01,
         -1.3903e-01],
        [-2.1974e-04,  4.6036e-03,  4.5737e-02,  3.2473e-01,  2.0086e-01,
          8.8846e-02,  2.4698e-01,  1.0259e-01,  2.4618e-01,  1.6727e-01,
          2.7478e-01, -4.2445e-01, -2.5699e-01, -2.7575e-01,  1.3074e-01,
          1.3283e-01],
        [ 2.9389e-01, -2.8272e-01, -6.2772e-02, -8.1276e-02, -1.4073e-01,
         -3.4207e-01, -3.1891e-01, -3.4915e-01, -3.9946e-01, -5.9988e-02,
          2.3344e-01,  3.2202e-01,  1.4105e-03,  2.0593e-01, -3.5846e-02,
          1.2694e-01],
        [ 5.1355e-02,  2.7835e-02,  1.5273e-01, -2.2510e-01, -2.6866e-01,
         -9.7989e-02, -7.5662e-02, -3.3923e-01, -4.1277e-01, -1.4686e-01,
         -1.1109e-01,  3.7131e-01,  2.1404e-01, -7.0056e-02, -2.9972e-01,
         -1.5489e-01],
        [ 7.2218e-02, -3.9808e-01,  2.4056e-02, -2.0736e-02, -3.9761e-02,
         -1.9735e-01,  9.6061e-02, -2.6608e-01, -5.3519e-01,  1.9791e-01,
          1.7883e-01,  7.7151e-02,  2.4335e-02,  1.0019e-01, -4.5500e-01,
          2.1141e-01],
        [-8.7817e-02, -1.8911e-01, -6.0968e-02,  1.8554e-01, -3.0141e-01,
         -1.7023e-01,  1.2441e-02, -4.3462e-01, -2.9697e-01, -2.1423e-01,
         -2.9146e-01,  1.6146e-01,  1.6630e-01,  1.8734e-01, -5.0284e-01,
         -4.0483e-02],
        [ 2.3211e-01, -1.3385e-01,  2.1255e-01, -2.8256e-01, -3.1615e-01,
         -5.8186e-02, -4.4195e-01, -1.5151e-01, -5.1208e-01,  5.7480e-02,
          1.5371e-01,  1.9712e-01,  3.3480e-01,  2.2851e-01, -4.2054e-02,
          2.4110e-01],
        [-2.0018e-01,  2.5210e-01,  1.5546e-01,  1.1064e-01,  4.5666e-01,
         -2.1061e-02,  3.2801e-01,  2.9428e-01,  1.1024e-01, -2.7987e-02,
          2.4635e-01, -3.7477e-01, -2.4066e-01, -7.7140e-02,  1.5995e-01,
          4.7663e-04],
        [ 1.5410e-01, -1.1546e-01, -1.3325e-02, -2.2162e-02, -4.0708e-01,
         -2.2701e-01, -8.2636e-02, -4.3946e-01, -1.4432e-01,  2.5859e-02,
         -8.9928e-03,  2.2410e-01,  3.6061e-01,  1.5739e-01, -1.1976e-01,
          1.2995e-01],
        [-2.4305e-01,  2.9798e-01, -2.2294e-01,  1.9235e-01,  7.6480e-02,
          1.1325e-01,  4.0045e-01,  4.3552e-01,  4.9822e-01,  1.6101e-01,
          9.5982e-02, -1.9091e-01, -4.7245e-02,  1.2851e-01,  2.5745e-01,
         -1.6734e-01],
        [-1.8519e-01,  1.4989e-01,  8.8365e-02, -7.6572e-02,  3.2710e-01,
          3.2355e-01,  3.7227e-01,  8.6470e-02,  3.6796e-01,  2.1144e-01,
         -2.8473e-01, -1.1031e-01, -3.8191e-01, -1.4178e-01,  1.4802e-01,
         -1.3321e-01],
        [-9.6782e-02, -8.9615e-02,  9.9934e-02,  4.9909e-02, -8.2619e-02,
         -2.5960e-01, -3.4449e-01, -4.6021e-01, -4.2175e-01, -1.3036e-01,
          6.6547e-02,  5.9459e-02, -3.2549e-02,  9.8083e-02, -4.1119e-01,
          6.1514e-02]], device='cuda:0', requires_grad=True)

Parameter name: road_linear_0.bias
Shape: torch.Size([32])
Values: Parameter containing:
tensor([-0.0875,  0.1035,  0.1082, -0.1245,  0.0750, -0.0883,  0.0579,  0.1345,
        -0.0715,  0.0598, -0.0179,  0.0865,  0.0823, -0.0141,  0.0703,  0.0381,
        -0.1074, -0.0101,  0.1105,  0.0586,  0.0117, -0.0685,  0.0153, -0.0282,
        -0.1204,  0.0700,  0.1842,  0.0510, -0.0653, -0.1993,  0.0126, -0.0141],
       device='cuda:0', requires_grad=True)

Parameter name: road_linear_1.weight
Shape: torch.Size([1, 32])
Values: Parameter containing:
tensor([[ 0.3621,  0.5130, -0.2971, -0.4016,  0.4784,  0.4768, -0.3903, -0.4749,
         -0.3954,  0.5348,  0.3397,  0.4926, -0.3935, -0.5615,  0.4216, -0.4206,
         -0.4121,  0.4296, -0.2801, -0.3209,  0.5626,  0.3510, -0.4248, -0.4887,
         -0.4462, -0.5147, -0.3822,  0.4777, -0.4292,  0.4886,  0.3376, -0.3321]],
       device='cuda:0', requires_grad=True)

Parameter name: linear_0.weight
Shape: torch.Size([32, 39])
Values: Parameter containing:
tensor([[-0.0327,  0.1078,  0.0641,  ...,  0.1544, -0.2417, -0.1137],
        [-0.1424, -0.0280,  0.1372,  ...,  0.0557, -0.2587,  0.0871],
        [ 0.0307, -0.0477,  0.0259,  ...,  0.0643,  0.2067,  0.0345],
        ...,
        [ 0.1439, -0.1697, -0.0360,  ..., -0.1757, -0.0356, -0.1180],
        [ 0.1212, -0.2275, -0.0762,  ..., -0.2272,  0.0944,  0.1557],
        [-0.2154,  0.1715,  0.0714,  ...,  0.0657, -0.2231, -0.0509]],
       device='cuda:0', requires_grad=True)

Parameter name: linear_0.bias
Shape: torch.Size([32])
Values: Parameter containing:
tensor([ 0.0752,  0.0323, -0.0667, -0.1408, -0.0808,  0.0457, -0.0900,  0.0688,
        -0.0372,  0.0485,  0.0426,  0.0191, -0.0227,  0.1015, -0.0296, -0.0143,
         0.0471, -0.1625, -0.0092,  0.0833, -0.0859,  0.0095,  0.1149,  0.0371,
        -0.1074,  0.1078,  0.0537, -0.1364,  0.0425,  0.1903,  0.1813, -0.1070],
       device='cuda:0', requires_grad=True)

Parameter name: linear_1.weight
Shape: torch.Size([32, 32])
Values: Parameter containing:
tensor([[ 0.0896, -0.1994, -0.0703,  ...,  0.0933, -0.0140,  0.0614],
        [-0.1935, -0.0452,  0.1372,  ...,  0.1906,  0.0018,  0.0348],
        [ 0.1223, -0.0322, -0.2008,  ..., -0.1788, -0.0165,  0.1968],
        ...,
        [ 0.1293,  0.0792,  0.0710,  ...,  0.0473, -0.2085,  0.2910],
        [ 0.0324, -0.1879,  0.0568,  ...,  0.2996,  0.2454, -0.1489],
        [ 0.0138, -0.1258,  0.2360,  ...,  0.2636,  0.1485, -0.0625]],
       device='cuda:0', requires_grad=True)

Parameter name: linear_1.bias
Shape: torch.Size([32])
Values: Parameter containing:
tensor([ 0.1383,  0.1812, -0.0682, -0.1431,  0.0334, -0.0134, -0.0915,  0.0301,
         0.1913, -0.1742,  0.1520, -0.1789,  0.2250,  0.0676, -0.0875,  0.1857,
        -0.0529, -0.1858,  0.0637,  0.0570, -0.0666,  0.0670, -0.2318,  0.2204,
         0.0022, -0.0859,  0.0870,  0.0147, -0.1843, -0.0818,  0.1746,  0.0503],
       device='cuda:0', requires_grad=True)

Parameter name: linear_2.weight
Shape: torch.Size([1, 32])
Values: Parameter containing:
tensor([[ 0.7151,  0.6400, -0.6965, -0.6820,  0.5430,  0.5601, -0.6125,  0.5386,
          0.6035, -0.6591, -0.5746,  0.5897,  0.5838,  0.5850,  0.6103,  0.5858,
         -0.7040, -0.7214,  0.5727,  0.5678, -0.6297, -0.6221, -0.7216,  0.5798,
          0.6660,  0.7107, -0.6934,  0.6773, -0.6191, -0.7125,  0.6350,  0.7002]],
       device='cuda:0', requires_grad=True)

Parameter name: linear_2.bias
Shape: torch.Size([1])
Values: Parameter containing:
tensor([0.4644], device='cuda:0', requires_grad=True)

