Parameter name: road_linear_0.weight
Shape: torch.Size([32, 16])
Values: Parameter containing:
tensor([[-2.7346e-01,  4.5227e-01,  7.7000e-02, -6.0331e-02,  2.6374e-01,
          1.6275e-01,  3.5465e-01,  6.7090e-02,  3.0970e-01,  1.7638e-01,
          6.8663e-02, -2.2383e-01, -3.8199e-01, -3.0284e-01,  3.5776e-01,
          1.1599e-01],
        [-1.5833e-01, -9.7211e-02,  4.4795e-04, -7.2780e-02,  5.6977e-02,
          2.2622e-01,  1.2529e-01,  2.0992e-01,  5.0552e-01,  2.1896e-02,
          1.5349e-01, -2.8626e-01,  1.1071e-02,  4.0095e-02,  5.2465e-01,
          9.8494e-03],
        [ 3.5304e-02, -1.1990e-01,  3.0186e-01, -8.2525e-02, -2.0309e-01,
         -3.1467e-01, -1.0086e-01, -5.1844e-01, -1.1282e-01,  3.4372e-03,
          7.2680e-02,  2.8894e-02,  5.0119e-01,  2.6183e-01, -5.2373e-02,
          2.1075e-01],
        [ 1.4230e-01, -2.1471e-01, -4.8571e-02,  1.4061e-02, -1.0828e-01,
         -1.5345e-01, -9.6620e-02, -1.3688e-01, -4.9949e-01, -2.7120e-01,
         -4.1375e-02,  3.7343e-01,  2.9468e-01, -2.3734e-01, -2.9992e-01,
          3.5320e-02],
        [-1.4504e-02,  3.8292e-01, -6.6748e-02, -8.7660e-02,  2.6050e-01,
          5.5669e-02,  4.4215e-02,  4.0325e-01,  2.6129e-01,  1.8935e-01,
          1.5560e-01, -2.0718e-01, -8.1740e-02, -1.6413e-01,  4.0000e-01,
         -7.9554e-02],
        [ 1.3106e-02,  4.3906e-01, -2.8484e-01,  3.5625e-01,  4.3524e-01,
         -4.7174e-02,  3.1314e-01,  5.6079e-02,  3.6183e-01,  1.4191e-01,
         -2.8231e-01, -1.4821e-01, -3.1519e-01,  1.7535e-01,  4.4723e-01,
         -3.4692e-02],
        [ 2.6914e-01, -8.3458e-02,  2.9215e-01, -1.1134e-01, -1.4659e-01,
         -1.7456e-01, -1.7195e-01, -3.1036e-01, -3.7273e-01,  8.8374e-02,
          3.5881e-02,  1.0764e-01, -9.6937e-03,  1.2746e-01, -4.0110e-01,
          5.9858e-02],
        [-1.5678e-01,  4.2503e-02,  2.4670e-01, -2.8214e-01, -4.3622e-01,
         -2.6279e-01, -8.7664e-02, -3.4780e-01, -3.2307e-01, -1.0792e-01,
         -6.8804e-03,  8.9600e-02,  3.1459e-01, -1.8106e-01, -2.0208e-01,
          2.6386e-01],
        [-4.1755e-02,  1.0272e-02,  2.1525e-01, -1.9534e-01, -1.9228e-01,
         -3.2042e-01, -1.5190e-01, -1.9444e-01, -1.1565e-01, -2.1630e-01,
         -1.2940e-01,  1.3288e-01, -3.2309e-02,  9.8177e-02, -5.1549e-01,
          2.1235e-02],
        [-2.1000e-01,  1.7712e-01, -5.2442e-03, -6.8943e-02,  1.7536e-01,
          1.3494e-01,  3.9411e-02,  3.2118e-01,  4.0519e-01, -1.0046e-01,
          1.7704e-01, -6.1725e-02, -2.9258e-01, -1.4792e-02,  3.3135e-01,
         -1.2507e-01],
        [-2.7706e-01,  4.1994e-01,  3.2900e-02, -8.8539e-02,  7.8710e-02,
          3.8498e-01,  2.5245e-01,  2.1396e-01,  5.0051e-01,  1.6046e-01,
         -8.6275e-03, -6.2813e-02, -2.6587e-01,  1.8436e-01,  1.1389e-01,
         -2.5855e-01],
        [-2.6412e-02,  1.3923e-01,  8.6356e-02,  1.7896e-02,  2.7673e-01,
          7.9769e-02,  3.3302e-01,  2.2979e-01,  3.0260e-01,  2.3696e-01,
          2.2774e-01,  8.2854e-03, -4.5140e-01, -1.5264e-01,  2.1156e-01,
         -1.1201e-01],
        [ 2.8596e-01, -1.1890e-01,  8.7186e-02, -1.3666e-01, -2.3677e-01,
          2.2161e-02, -1.3154e-01, -4.3571e-01, -4.7643e-01, -3.7198e-02,
          4.7301e-02,  1.2038e-01,  4.3407e-02,  1.3469e-01, -3.7172e-01,
         -1.1168e-02],
        [ 1.1368e-01,  1.0446e-01,  2.6084e-01,  5.6235e-02, -3.9985e-01,
          1.5786e-03, -2.0056e-02, -1.4541e-01, -3.5393e-01, -5.6154e-02,
         -1.5213e-01,  1.5193e-01,  1.4203e-01, -1.8745e-02, -4.9514e-01,
          1.5051e-01],
        [-2.8357e-01, -2.7196e-02,  3.0706e-02, -1.0311e-01,  4.8371e-01,
          3.8395e-01,  6.9446e-02,  2.0201e-01,  1.1161e-01,  7.9236e-02,
          5.4269e-02, -3.7064e-01, -1.1318e-01, -3.7250e-02,  2.0198e-01,
         -7.8377e-02],
        [-8.6287e-02, -4.0710e-01,  1.4720e-01,  9.1799e-02, -4.4643e-01,
         -2.9612e-02, -2.4174e-01, -4.2258e-01, -3.3341e-01,  1.0885e-03,
          8.5853e-02,  5.0724e-01,  2.4182e-01, -6.4366e-02, -6.5601e-02,
          7.0389e-02],
        [ 1.7556e-01,  3.0777e-02,  6.4931e-02, -2.5614e-01, -4.0584e-01,
          4.1518e-04, -3.8279e-02, -4.8383e-02, -4.4090e-01, -5.9013e-02,
          2.0026e-01,  3.0994e-01,  3.5640e-01,  1.5670e-01, -2.4912e-01,
         -1.4975e-01],
        [-1.7918e-01,  2.1944e-01, -1.2144e-01,  5.5684e-02,  1.9248e-01,
          2.4697e-01,  2.7644e-01,  3.2889e-01,  2.0025e-01,  1.6910e-01,
         -1.0996e-01, -2.6376e-01, -1.9661e-01, -1.1237e-01,  3.4556e-01,
         -7.0073e-02],
        [ 1.5721e-01, -2.1422e-01,  5.1703e-02, -2.3095e-01, -3.0049e-01,
         -3.3912e-01, -3.1137e-01, -5.8212e-02, -5.1673e-01, -2.9238e-02,
          1.2712e-01, -1.2113e-02,  2.7809e-01,  1.7831e-01, -7.8816e-02,
          1.1726e-01],
        [ 3.1334e-01, -2.1548e-01,  1.7764e-01, -3.5683e-02, -4.3576e-01,
         -1.9779e-01, -3.9558e-01, -7.1482e-02, -1.7491e-01, -1.8877e-01,
          6.1223e-02,  3.2198e-01,  2.8943e-02,  5.0142e-02, -1.2146e-01,
          1.3074e-01],
        [-1.0685e-01,  3.1185e-01,  5.4221e-02, -1.4120e-01,  3.4595e-01,
         -5.8309e-02,  3.2290e-01,  4.4707e-01,  2.5619e-01, -2.2227e-02,
         -1.7110e-01, -3.0376e-01, -2.4629e-01, -1.3545e-01,  4.4406e-01,
         -1.7956e-01],
        [-3.3445e-02,  3.2324e-03,  1.1754e-02,  3.5597e-01,  1.5476e-01,
          1.0155e-01,  2.7893e-01,  6.2000e-02,  2.0524e-01,  1.9404e-01,
          2.1495e-01, -3.7496e-01, -2.7827e-01, -3.3049e-01,  9.4079e-02,
          9.7949e-02],
        [ 2.9902e-01, -2.6527e-01, -3.9367e-02, -1.0431e-01, -1.0015e-01,
         -3.5395e-01, -3.2439e-01, -3.1354e-01, -3.7646e-01, -6.9209e-02,
          2.5333e-01,  2.7998e-01, -6.8575e-03,  2.4781e-01, -6.9214e-03,
          1.4738e-01],
        [ 1.0384e-01,  4.2918e-03,  1.9854e-01, -2.6570e-01, -2.5931e-01,
         -1.1694e-01, -1.2198e-01, -3.1480e-01, -3.8934e-01, -1.8842e-01,
         -3.7837e-02,  3.4390e-01,  2.7126e-01, -3.6246e-03, -2.7107e-01,
         -1.0617e-01],
        [ 1.1739e-01, -4.2468e-01,  6.4498e-02, -5.7037e-02, -2.1256e-02,
         -2.1144e-01,  5.6622e-02, -2.3603e-01, -4.9361e-01,  1.6233e-01,
          2.5195e-01,  4.1587e-02,  8.0136e-02,  1.6059e-01, -4.2149e-01,
          2.5549e-01],
        [-3.5667e-02, -2.3544e-01, -1.3827e-02,  1.4362e-01, -3.0784e-01,
         -1.8842e-01, -3.3100e-02, -4.1777e-01, -2.7854e-01, -2.5602e-01,
         -2.1584e-01,  1.4977e-01,  2.3182e-01,  2.5236e-01, -4.7767e-01,
          9.8004e-03],
        [ 1.9509e-01, -1.0872e-01,  2.1778e-01, -2.9371e-01, -2.7022e-01,
         -6.3433e-02, -4.1555e-01, -1.1286e-01, -4.8737e-01,  7.2909e-02,
          1.5218e-01,  1.5264e-01,  3.0945e-01,  2.4866e-01, -1.2797e-02,
          2.3946e-01],
        [-2.4001e-01,  2.6472e-01,  1.1786e-01,  1.4421e-01,  4.2325e-01,
         -7.5732e-03,  3.6348e-01,  2.5950e-01,  8.0564e-02,  2.6603e-03,
          1.8073e-01, -3.3243e-01, -2.8019e-01, -1.3556e-01,  1.2895e-01,
         -3.8580e-02],
        [ 1.8849e-01, -1.1553e-01,  2.1051e-02, -5.3245e-02, -3.7363e-01,
         -2.4214e-01, -1.1324e-01, -4.0585e-01, -1.1499e-01, -1.1106e-03,
          4.4693e-02,  1.8327e-01,  3.8645e-01,  2.1177e-01, -8.9214e-02,
          1.6518e-01],
        [-2.4399e-01,  2.8355e-01, -2.4113e-01,  2.1016e-01,  3.4929e-02,
          1.2029e-01,  3.9809e-01,  4.0236e-01,  4.8129e-01,  1.6343e-01,
          7.1993e-02, -1.5131e-01, -4.5435e-02,  9.1226e-02,  2.3531e-01,
         -1.8292e-01],
        [-1.9279e-01,  1.3221e-01,  6.4608e-02, -5.2948e-02,  2.8504e-01,
          3.3552e-01,  3.8058e-01,  4.9209e-02,  3.3816e-01,  2.2289e-01,
         -3.0603e-01, -6.6376e-02, -3.7072e-01, -1.8437e-01,  1.1650e-01,
         -1.5491e-01],
        [-5.3472e-02, -1.0261e-01,  1.4019e-01,  1.3895e-02, -5.9391e-02,
         -2.7685e-01, -3.8288e-01, -4.2914e-01, -3.9170e-01, -1.6458e-01,
          1.3176e-01,  2.2064e-02,  1.1357e-02,  1.5901e-01, -3.7979e-01,
          1.0410e-01]], device='cuda:0', requires_grad=True)

Parameter name: road_linear_0.bias
Shape: torch.Size([32])
Values: Parameter containing:
tensor([-0.1057,  0.0513,  0.1014, -0.0765,  0.0243, -0.0916,  0.0776,  0.1448,
        -0.0436,  0.0083, -0.0249,  0.0689,  0.1182,  0.0357,  0.0375,  0.0748,
        -0.0809, -0.0162,  0.1006,  0.0505, -0.0264, -0.0746,  0.0067, -0.0056,
        -0.0885,  0.1259,  0.1701,  0.0323, -0.0597, -0.1983,  0.0218,  0.0021],
       device='cuda:0', requires_grad=True)

Parameter name: road_linear_1.weight
Shape: torch.Size([1, 32])
Values: Parameter containing:
tensor([[ 0.3259,  0.4413, -0.2811, -0.3394,  0.4160,  0.4460, -0.3579, -0.4469,
         -0.3579,  0.4721,  0.3125,  0.4584, -0.3481, -0.5003,  0.3741, -0.3698,
         -0.3758,  0.3987, -0.2701, -0.3007,  0.5155,  0.3309, -0.4085, -0.4485,
         -0.4086, -0.4536, -0.3690,  0.4361, -0.4037,  0.4592,  0.3264, -0.3005]],
       device='cuda:0', requires_grad=True)

Parameter name: linear_0.weight
Shape: torch.Size([32, 39])
Values: Parameter containing:
tensor([[-0.0418,  0.1172,  0.0717,  ...,  0.1420, -0.2053, -0.1137],
        [-0.1457, -0.0229,  0.1373,  ...,  0.0563, -0.2421,  0.0871],
        [ 0.0350, -0.0538,  0.0249,  ...,  0.0653,  0.1861,  0.0345],
        ...,
        [ 0.1464, -0.1744, -0.0348,  ..., -0.1781, -0.0446, -0.1180],
        [ 0.1256, -0.2336, -0.0772,  ..., -0.2267,  0.0749,  0.1557],
        [-0.2207,  0.1773,  0.0753,  ...,  0.0590, -0.1935, -0.0509]],
       device='cuda:0', requires_grad=True)

Parameter name: linear_0.bias
Shape: torch.Size([32])
Values: Parameter containing:
tensor([ 0.0691,  0.0341, -0.0677, -0.1408, -0.0787,  0.0503, -0.0909,  0.0619,
        -0.0377,  0.0481,  0.0324,  0.0169, -0.0208,  0.1010, -0.0316, -0.0121,
         0.0465, -0.1617, -0.0148,  0.0806, -0.0813,  0.0121,  0.1132,  0.0333,
        -0.1045,  0.1063,  0.0516, -0.1310,  0.0418,  0.1873,  0.1805, -0.1094],
       device='cuda:0', requires_grad=True)

Parameter name: linear_1.weight
Shape: torch.Size([32, 32])
Values: Parameter containing:
tensor([[ 0.0896, -0.1931, -0.0881,  ...,  0.0888, -0.0186,  0.0628],
        [-0.1956, -0.0375,  0.1175,  ...,  0.1846, -0.0040,  0.0344],
        [ 0.1252, -0.0393, -0.1831,  ..., -0.1732, -0.0109,  0.1981],
        ...,
        [ 0.1371,  0.0713,  0.0785,  ...,  0.0539, -0.2009,  0.2969],
        [ 0.0346, -0.1805,  0.0408,  ...,  0.2947,  0.2396, -0.1456],
        [ 0.0137, -0.1216,  0.2211,  ...,  0.2606,  0.1461, -0.0617]],
       device='cuda:0', requires_grad=True)

Parameter name: linear_1.bias
Shape: torch.Size([32])
Values: Parameter containing:
tensor([ 0.1352,  0.1767, -0.0638, -0.1413,  0.0279, -0.0202, -0.0872,  0.0270,
         0.1888, -0.1676,  0.1444, -0.1583,  0.2223,  0.0599, -0.0901,  0.1825,
        -0.0803, -0.1815,  0.0598,  0.0545, -0.0641,  0.0709, -0.2254,  0.2157,
        -0.0028, -0.0661,  0.0892,  0.0130, -0.1802, -0.0765,  0.1716,  0.0480],
       device='cuda:0', requires_grad=True)

Parameter name: linear_2.weight
Shape: torch.Size([1, 32])
Values: Parameter containing:
tensor([[ 0.5982,  0.5196, -0.5749, -0.5686,  0.4200,  0.4368, -0.4912,  0.4319,
          0.4948, -0.5356, -0.4560,  0.4742,  0.4714,  0.4617,  0.5013,  0.4799,
         -0.5902, -0.6011,  0.4515,  0.4516, -0.5168, -0.5013, -0.5977,  0.4592,
          0.5443,  0.5948, -0.5719,  0.5602, -0.5005, -0.5896,  0.5298,  0.5820]],
       device='cuda:0', requires_grad=True)

Parameter name: linear_2.bias
Shape: torch.Size([1])
Values: Parameter containing:
tensor([0.3637], device='cuda:0', requires_grad=True)

