Parameter name: road_linear_0.weight
Shape: torch.Size([32, 16])
Values: Parameter containing:
tensor([[-3.1853e-01,  5.0130e-01,  5.6646e-02, -4.9781e-02,  3.8831e-01,
          2.0468e-01,  4.1070e-01,  1.6122e-01,  3.7460e-01,  1.9531e-01,
          1.1256e-01, -3.2750e-01, -4.1154e-01, -2.8819e-01,  3.7957e-01,
          9.5029e-02],
        [-1.0972e-01, -1.4605e-01,  6.4508e-02, -1.2602e-01,  1.5329e-01,
          2.1905e-01,  5.2490e-02,  3.5405e-01,  7.2236e-01, -3.9704e-02,
          2.7448e-01, -4.5775e-01,  6.3914e-02,  1.1513e-01,  6.9455e-01,
          6.8771e-02],
        [ 1.6801e-01, -2.4021e-01,  3.6063e-01, -1.1020e-01, -3.7917e-01,
         -3.5810e-01, -2.3883e-01, -6.4550e-01, -1.8795e-01, -6.2381e-02,
          1.1515e-01,  1.7326e-01,  6.5064e-01,  3.0269e-01, -1.2264e-01,
          2.7986e-01],
        [ 6.0174e-02, -1.2440e-01, -1.3490e-01,  8.4866e-02, -1.5759e-01,
         -1.3248e-01,  5.8755e-04, -2.4901e-01, -7.0258e-01, -1.8631e-01,
         -1.9628e-01,  4.9204e-01,  1.8899e-01, -3.4245e-01, -4.4548e-01,
         -4.5974e-02],
        [ 7.2914e-02,  2.8002e-01,  2.0920e-02, -1.5717e-01,  2.9638e-01,
          3.9133e-02, -5.2562e-02,  4.9901e-01,  4.4234e-01,  1.0147e-01,
          3.1226e-01, -2.9736e-01,  2.7942e-02, -5.4556e-02,  5.2675e-01,
          2.5335e-03],
        [-1.0136e-01,  5.3598e-01, -3.4375e-01,  3.8841e-01,  5.8552e-01,
         -3.1929e-03,  4.3442e-01,  1.6742e-01,  3.9519e-01,  2.0338e-01,
         -2.9350e-01, -2.6693e-01, -4.0672e-01,  1.4927e-01,  4.7264e-01,
         -9.6761e-02],
        [ 2.0636e-01, -4.4147e-02,  2.1923e-01, -5.1856e-02, -2.2269e-01,
         -1.5243e-01, -1.0083e-01, -4.1178e-01, -5.4556e-01,  1.5371e-01,
         -9.9510e-02,  2.1988e-01, -7.8465e-02,  3.2067e-02, -5.0961e-01,
         -4.8409e-03],
        [-2.0318e-01,  4.5636e-02,  1.8066e-01, -2.2581e-01, -5.2131e-01,
         -2.3252e-01, -2.8383e-02, -4.4851e-01, -4.7080e-01, -5.3439e-02,
         -1.2230e-01,  2.0783e-01,  2.7097e-01, -2.6636e-01, -3.0287e-01,
          2.0896e-01],
        [-1.1085e-01,  6.1468e-02,  1.3270e-01, -1.2561e-01, -2.8796e-01,
         -2.9444e-01, -6.0662e-02, -3.3039e-01, -3.3423e-01, -1.3875e-01,
         -2.7697e-01,  2.9413e-01, -1.1170e-01,  6.4797e-04, -6.7183e-01,
         -5.2991e-02],
        [-1.4134e-01,  1.0066e-01,  7.1781e-02, -1.3205e-01,  2.4213e-01,
          1.1937e-01, -4.6102e-02,  4.4484e-01,  6.1147e-01, -1.7408e-01,
          3.1721e-01, -1.9678e-01, -2.0704e-01,  7.7991e-02,  4.8298e-01,
         -5.3636e-02],
        [-2.7274e-01,  4.5216e-01,  6.4815e-02, -1.1987e-01,  1.8511e-01,
          3.7873e-01,  2.4089e-01,  3.1535e-01,  6.1626e-01,  1.3671e-01,
          6.9557e-02, -1.8205e-01, -2.6482e-01,  2.3762e-01,  1.9065e-01,
         -2.3646e-01],
        [ 2.9730e-02,  1.1121e-01,  1.5959e-01, -4.4771e-02,  3.7052e-01,
          5.2644e-02,  2.5831e-01,  3.5297e-01,  4.8975e-01,  1.7018e-01,
          3.6154e-01, -1.3432e-01, -3.8764e-01, -6.2150e-02,  3.4306e-01,
         -4.8820e-02],
        [ 2.0637e-01, -3.8136e-02,  6.5187e-03, -7.3619e-02, -2.8749e-01,
          3.9398e-02, -4.9187e-02, -5.2247e-01, -6.4057e-01,  3.8380e-02,
         -1.0336e-01,  2.0521e-01, -5.2371e-02,  2.8244e-02, -4.7194e-01,
         -8.6021e-02],
        [ 4.1342e-02,  1.8145e-01,  1.8033e-01,  1.2287e-01, -4.7090e-01,
          1.5727e-02,  6.9513e-02, -2.7057e-01, -5.6595e-01,  2.0853e-02,
         -2.9859e-01,  2.9233e-01,  5.3658e-02, -1.1623e-01, -6.4970e-01,
          7.5439e-02],
        [-2.1305e-01, -9.1989e-02,  1.1021e-01, -1.6832e-01,  5.5671e-01,
          3.5785e-01, -1.9209e-02,  3.2212e-01,  3.1191e-01,  3.6913e-03,
          1.9796e-01, -5.0797e-01, -2.5116e-02,  5.8355e-02,  3.4272e-01,
         -6.6039e-03],
        [-1.3645e-01, -3.5094e-01,  9.2896e-02,  1.3263e-01, -4.9859e-01,
         -2.4813e-02, -1.9251e-01, -4.9108e-01, -4.4444e-01,  5.1063e-02,
         -3.6731e-02,  5.7614e-01,  1.6781e-01, -1.4584e-01, -1.1861e-01,
          2.2032e-02],
        [ 9.4925e-02,  9.1700e-02, -2.5664e-02, -1.7958e-01, -4.7578e-01,
          2.8859e-02,  5.7792e-02, -1.6891e-01, -6.5295e-01,  2.6431e-02,
          4.2150e-02,  4.4357e-01,  2.6375e-01,  4.6248e-02, -3.9282e-01,
         -2.3217e-01],
        [-2.2135e-01,  2.8382e-01, -1.2792e-01,  5.1767e-02,  3.0445e-01,
          2.5674e-01,  3.2121e-01,  4.1659e-01,  2.5407e-01,  1.8110e-01,
         -7.5196e-02, -3.6805e-01, -2.3345e-01, -9.4129e-02,  3.8041e-01,
         -8.2378e-02],
        [ 2.7184e-01, -3.3640e-01,  8.2445e-02, -2.3313e-01, -4.6872e-01,
         -3.6392e-01, -4.1764e-01, -1.9525e-01, -5.9874e-01, -7.4634e-02,
          1.5814e-01,  1.4128e-01,  4.2380e-01,  1.9747e-01, -1.6847e-01,
          1.6633e-01],
        [ 4.2464e-01, -3.2192e-01,  2.1789e-01, -5.0976e-02, -6.2145e-01,
         -2.3603e-01, -5.0931e-01, -2.0939e-01, -2.5650e-01, -2.3675e-01,
          8.1601e-02,  4.6646e-01,  1.5091e-01,  6.3194e-02, -2.0739e-01,
          1.8197e-01],
        [-5.8904e-02,  2.5105e-01,  1.0315e-01, -1.7761e-01,  3.8227e-01,
         -6.3448e-02,  2.7948e-01,  4.9983e-01,  3.4526e-01, -6.7563e-02,
         -5.1495e-02, -3.5057e-01, -1.6495e-01, -5.8631e-02,  4.6907e-01,
         -1.3420e-01],
        [-2.0060e-02,  3.8258e-02,  5.6516e-02,  3.1296e-01,  3.0423e-01,
          1.0576e-01,  2.5217e-01,  1.9773e-01,  3.7296e-01,  1.5736e-01,
          3.1244e-01, -5.2829e-01, -2.8946e-01, -2.6431e-01,  2.1513e-01,
          1.3089e-01],
        [ 4.0471e-01, -3.7415e-01, -5.3244e-03, -1.1366e-01, -2.6607e-01,
         -3.7918e-01, -4.2931e-01, -4.3860e-01, -4.4896e-01, -1.1352e-01,
          2.7683e-01,  4.1847e-01,  1.1652e-01,  2.6267e-01, -8.3119e-02,
          1.9442e-01],
        [ 1.8019e-02,  6.8146e-02,  1.0750e-01, -1.9081e-01, -3.0809e-01,
         -7.9893e-02, -2.4615e-02, -4.1315e-01, -5.6582e-01, -1.0191e-01,
         -1.9155e-01,  4.4848e-01,  1.7312e-01, -1.1580e-01, -3.9242e-01,
         -1.8956e-01],
        [ 4.1363e-02, -3.5467e-01, -1.8377e-02,  1.1329e-02, -8.4074e-02,
         -1.9037e-01,  1.4508e-01, -3.4666e-01, -6.9852e-01,  2.4036e-01,
          9.9614e-02,  1.6053e-01, -1.3726e-02,  5.7003e-02, -5.5428e-01,
          1.7890e-01],
        [-1.3267e-01, -1.1939e-01, -1.0879e-01,  2.1812e-01, -3.1673e-01,
         -1.6490e-01,  7.1295e-02, -4.9269e-01, -4.4371e-01, -1.6093e-01,
         -3.7581e-01,  2.0298e-01,  1.0908e-01,  1.3629e-01, -5.9410e-01,
         -7.8964e-02],
        [ 3.7857e-01, -2.2179e-01,  3.0560e-01, -3.3886e-01, -4.7749e-01,
         -1.3218e-01, -6.0449e-01, -2.7920e-01, -5.9714e-01, -1.7338e-02,
          2.2191e-01,  3.1147e-01,  4.9610e-01,  3.1934e-01, -1.1497e-01,
          3.4354e-01],
        [-2.1253e-01,  2.6178e-01,  1.6381e-01,  1.0466e-01,  5.2750e-01,
         -1.1463e-02,  3.2674e-01,  3.6535e-01,  2.1373e-01, -3.7151e-02,
          2.8606e-01, -4.5358e-01, -2.4861e-01, -6.5891e-02,  2.1812e-01,
         -1.6051e-03],
        [ 1.8486e-01, -1.5505e-01, -1.5010e-02, -1.7339e-02, -4.8045e-01,
         -2.2670e-01, -9.6278e-02, -5.0991e-01, -2.3274e-01,  2.4415e-02,
         -3.2290e-02,  3.0858e-01,  3.8874e-01,  1.5830e-01, -1.7389e-01,
          1.4110e-01],
        [-3.4956e-01,  3.7929e-01, -2.9187e-01,  2.3873e-01,  1.9092e-01,
          1.6103e-01,  5.1265e-01,  5.0731e-01,  5.3123e-01,  2.1851e-01,
          5.6606e-02, -2.6947e-01, -1.4408e-01,  7.0062e-02,  2.7250e-01,
         -2.3814e-01],
        [-3.0345e-01,  2.5108e-01,  3.1301e-02, -4.7865e-02,  4.5741e-01,
          3.6503e-01,  4.8516e-01,  1.8843e-01,  4.2511e-01,  2.6663e-01,
         -3.3465e-01, -2.1976e-01, -5.1551e-01, -2.0473e-01,  2.0668e-01,
         -2.0468e-01],
        [-1.1437e-01, -7.0313e-02,  6.4987e-02,  7.6621e-02, -1.2968e-01,
         -2.4362e-01, -3.0825e-01, -5.3280e-01, -5.6440e-01, -9.7192e-02,
         -4.2650e-04,  1.3974e-01, -5.6933e-02,  6.4377e-02, -4.9380e-01,
          3.8524e-02]], device='cuda:0', requires_grad=True)

Parameter name: road_linear_0.bias
Shape: torch.Size([32])
Values: Parameter containing:
tensor([-0.1074,  0.1536,  0.2039, -0.2230,  0.1874, -0.1669, -0.0215,  0.1293,
        -0.1353,  0.1441, -0.0507,  0.1136, -0.0450, -0.1019,  0.1570, -0.0390,
        -0.1756, -0.0757,  0.2179,  0.1382,  0.0950, -0.0986,  0.1078, -0.1114,
        -0.2183, -0.0422,  0.2480,  0.0622, -0.0085, -0.2628, -0.0922, -0.0591],
       device='cuda:0', requires_grad=True)

Parameter name: road_linear_1.weight
Shape: torch.Size([1, 32])
Values: Parameter containing:
tensor([[ 0.5309,  0.6750, -0.4583, -0.5820,  0.6544,  0.6240, -0.5930, -0.6626,
         -0.6004,  0.7100,  0.5221,  0.6901, -0.5959, -0.7549,  0.6116, -0.5903,
         -0.6164,  0.5948, -0.4299, -0.4677,  0.7415,  0.5195, -0.5786, -0.6852,
         -0.6465, -0.6808, -0.5318,  0.6525, -0.6055,  0.6479,  0.4851, -0.5213]],
       device='cuda:0', requires_grad=True)

Parameter name: linear_0.weight
Shape: torch.Size([32, 39])
Values: Parameter containing:
tensor([[-0.0235,  0.1016,  0.0539,  ...,  0.1940, -0.5436, -0.1137],
        [-0.1392, -0.0356,  0.1403,  ...,  0.0535, -0.4982,  0.0871],
        [ 0.0278, -0.0402,  0.0222,  ...,  0.0644,  0.4994,  0.0345],
        ...,
        [ 0.1394, -0.1566, -0.0411,  ..., -0.1693,  0.2110, -0.1180],
        [ 0.1125, -0.2138, -0.0744,  ..., -0.2304,  0.3615,  0.1557],
        [-0.2185,  0.1827,  0.0692,  ...,  0.0830, -0.4837, -0.0509]],
       device='cuda:0', requires_grad=True)

Parameter name: linear_0.bias
Shape: torch.Size([32])
Values: Parameter containing:
tensor([ 0.0853,  0.0275, -0.0613, -0.1352, -0.0850,  0.0415, -0.0840,  0.0706,
        -0.0392,  0.0477,  0.0506,  0.0164, -0.0248,  0.1062, -0.0220, -0.0166,
         0.0533, -0.1658, -0.0012,  0.0933, -0.0942, -0.0032,  0.1190,  0.0562,
        -0.1096,  0.1129,  0.0603, -0.1540,  0.0457,  0.1980,  0.1816, -0.1030],
       device='cuda:0', requires_grad=True)

Parameter name: linear_1.weight
Shape: torch.Size([32, 32])
Values: Parameter containing:
tensor([[ 0.0944, -0.2186,  0.0039,  ...,  0.1099, -0.0029,  0.0657],
        [-0.1893, -0.0616,  0.2049,  ...,  0.2048,  0.0108,  0.0378],
        [ 0.1324, -0.0302, -0.2431,  ..., -0.1782, -0.0153,  0.2118],
        ...,
        [ 0.1401,  0.0894,  0.0220,  ...,  0.0429, -0.2290,  0.3329],
        [ 0.0498, -0.2258,  0.1521,  ...,  0.3335,  0.2725, -0.1294],
        [ 0.0158, -0.1363,  0.2876,  ...,  0.2725,  0.1495, -0.0569]],
       device='cuda:0', requires_grad=True)

Parameter name: linear_1.bias
Shape: torch.Size([32])
Values: Parameter containing:
tensor([ 0.1545,  0.1951, -0.0676, -0.1605,  0.0408, -0.0029, -0.1003,  0.0643,
         0.2182, -0.1768,  0.1373, -0.1790,  0.2460,  0.0726, -0.0604,  0.2185,
         0.0168, -0.1951,  0.0655,  0.0727, -0.0884,  0.0621, -0.2364,  0.2313,
         0.0142, -0.0744,  0.0813,  0.0089, -0.2006, -0.0806,  0.2079,  0.0608],
       device='cuda:0', requires_grad=True)

Parameter name: linear_2.weight
Shape: torch.Size([1, 32])
Values: Parameter containing:
tensor([[ 1.0941,  1.0213, -1.0810, -1.0595,  0.9284,  0.9451, -0.9961,  0.9111,
          0.9777, -1.0466, -0.9594,  0.9621,  0.9612,  0.9715,  0.9843,  0.9577,
         -1.0760, -1.1034,  0.9573,  0.9467, -1.0066, -1.0053, -1.1105,  0.9620,
          1.0487,  1.0840, -1.0820,  1.0597, -0.9996, -1.1018,  1.0066,  1.0803]],
       device='cuda:0', requires_grad=True)

Parameter name: linear_2.bias
Shape: torch.Size([1])
Values: Parameter containing:
tensor([0.8336], device='cuda:0', requires_grad=True)

