Parameter name: road_linear_0.weight
Shape: torch.Size([32, 16])
Values: Parameter containing:
tensor([[-0.2577,  0.4519,  0.1015, -0.0829,  0.2882,  0.1587,  0.3384,  0.0955,
          0.3279,  0.1567,  0.1015, -0.2573, -0.3742, -0.2599,  0.3821,  0.1402],
        [-0.1258, -0.1304,  0.0331, -0.1024,  0.0622,  0.2147,  0.0902,  0.2437,
          0.5418, -0.0093,  0.2015, -0.3269,  0.0458,  0.0842,  0.5691,  0.0441],
        [ 0.0424, -0.1377,  0.2843, -0.0647, -0.2369, -0.3062, -0.0989, -0.5508,
         -0.1334,  0.0110,  0.0653,  0.0673,  0.5186,  0.2287, -0.0805,  0.1973],
        [ 0.0983, -0.1760, -0.0901,  0.0518, -0.1009, -0.1388, -0.0522, -0.1598,
         -0.5265, -0.2304, -0.1043,  0.3978,  0.2416, -0.2948, -0.3352, -0.0085],
        [ 0.0275,  0.3456, -0.0262, -0.1245,  0.2546,  0.0437,  0.0028,  0.4240,
          0.2820,  0.1501,  0.2154, -0.2275, -0.0353, -0.1069,  0.4309, -0.0368],
        [ 0.0070,  0.4520, -0.2695,  0.3403,  0.4653, -0.0507,  0.3131,  0.0858,
          0.3736,  0.1346, -0.2674, -0.1828, -0.3222,  0.2078,  0.4686, -0.0220],
        [ 0.2354, -0.0742,  0.2570, -0.0796, -0.1613, -0.1626, -0.1383, -0.3369,
         -0.3958,  0.1205, -0.0114,  0.1390, -0.0351,  0.0737, -0.4309,  0.0236],
        [-0.1890,  0.0450,  0.2121, -0.2509, -0.4538, -0.2496, -0.0546, -0.3747,
         -0.3429, -0.0767, -0.0483,  0.1214,  0.2965, -0.2343, -0.2311,  0.2289],
        [-0.0785,  0.0343,  0.1794, -0.1627, -0.2058, -0.3068, -0.1121, -0.2268,
         -0.1516, -0.1815, -0.1864,  0.1740, -0.0739,  0.0471, -0.5531, -0.0160],
        [-0.1724,  0.1414,  0.0316, -0.1025,  0.1776,  0.1227,  0.0008,  0.3500,
          0.4387, -0.1359,  0.2329, -0.0942, -0.2495,  0.0363,  0.3701, -0.0862],
        [-0.2506,  0.4219,  0.0645, -0.1176,  0.1017,  0.3724,  0.2240,  0.2439,
          0.5223,  0.1330,  0.0288, -0.0986, -0.2544,  0.2340,  0.1441, -0.2271],
        [ 0.0070,  0.1275,  0.1207, -0.0137,  0.2977,  0.0667,  0.2964,  0.2631,
          0.3354,  0.2044,  0.2806, -0.0332, -0.4214, -0.1015,  0.2475, -0.0766],
        [ 0.2496, -0.0981,  0.0499, -0.1029, -0.2438,  0.0317, -0.0975, -0.4587,
         -0.4949, -0.0030, -0.0047,  0.1453,  0.0102,  0.0788, -0.3986, -0.0504],
        [ 0.0736,  0.1417,  0.2225,  0.0911, -0.3996,  0.0137,  0.0210, -0.1712,
         -0.3870, -0.0188, -0.2112,  0.1815,  0.0954, -0.0725, -0.5321,  0.1100],
        [-0.2465, -0.0545,  0.0667, -0.1357,  0.4907,  0.3702,  0.0302,  0.2316,
          0.1428,  0.0444,  0.1098, -0.4072, -0.0699,  0.0136,  0.2375, -0.0410],
        [-0.1190, -0.3863,  0.1123,  0.1232, -0.4545, -0.0238, -0.2115, -0.4447,
         -0.3485,  0.0329,  0.0375,  0.5305,  0.2131, -0.1173, -0.0890,  0.0342],
        [ 0.1342,  0.0502,  0.0252, -0.2198, -0.4133,  0.0141,  0.0036, -0.0751,
         -0.4703, -0.0203,  0.1408,  0.3406,  0.3152,  0.0983, -0.2829, -0.1916],
        [-0.1607,  0.2240, -0.0941,  0.0305,  0.2136,  0.2366,  0.2563,  0.3556,
          0.2130,  0.1467, -0.0816, -0.2952, -0.1905, -0.0680,  0.3700, -0.0437],
        [ 0.1572, -0.2324,  0.0282, -0.2075, -0.3326, -0.3273, -0.3020, -0.0915,
         -0.5372, -0.0154,  0.1189,  0.0266,  0.2950,  0.1376, -0.1097,  0.0975],
        [ 0.3176, -0.2329,  0.1573, -0.0156, -0.4689, -0.1885, -0.3892, -0.1037,
         -0.1922, -0.1777,  0.0525,  0.3600,  0.0430,  0.0136, -0.1495,  0.1151],
        [-0.0764,  0.2901,  0.0868, -0.1706,  0.3493, -0.0639,  0.2958,  0.4654,
          0.2662, -0.0517, -0.1248, -0.3213, -0.2160, -0.0859,  0.4625, -0.1452],
        [-0.0091,  0.0072,  0.0415,  0.3282,  0.1888,  0.0915,  0.2496,  0.0975,
          0.2383,  0.1678,  0.2560, -0.4182, -0.2729, -0.2826,  0.1290,  0.1275],
        [ 0.2999, -0.2824, -0.0613, -0.0826, -0.1311, -0.3430, -0.3162, -0.3451,
         -0.3936, -0.0565,  0.2445,  0.3172,  0.0073,  0.2099, -0.0354,  0.1295],
        [ 0.0616,  0.0214,  0.1579, -0.2290, -0.2615, -0.1015, -0.0798, -0.3371,
         -0.4056, -0.1489, -0.0926,  0.3686,  0.2329, -0.0624, -0.2999, -0.1484],
        [ 0.0795, -0.4033,  0.0272, -0.0230, -0.0290, -0.1993,  0.0943, -0.2621,
         -0.5234,  0.1977,  0.1953,  0.0714,  0.0402,  0.1056, -0.4544,  0.2160],
        [-0.0785, -0.1961, -0.0555,  0.1814, -0.2959, -0.1757,  0.0081, -0.4326,
         -0.2929, -0.2161, -0.2745,  0.1596,  0.1841,  0.1950, -0.5050, -0.0340],
        [ 0.2314, -0.1323,  0.2096, -0.2810, -0.3059, -0.0563, -0.4328, -0.1468,
         -0.5042,  0.0656,  0.1591,  0.1917,  0.3344,  0.2278, -0.0410,  0.2393],
        [-0.2103,  0.2565,  0.1503,  0.1147,  0.4458, -0.0170,  0.3316,  0.2900,
          0.1057, -0.0271,  0.2269, -0.3698, -0.2598, -0.0851,  0.1601, -0.0057],
        [ 0.1620, -0.1176, -0.0101, -0.0246, -0.3964, -0.2294, -0.0838, -0.4356,
         -0.1372,  0.0264,  0.0074,  0.2190,  0.3750,  0.1630, -0.1194,  0.1343],
        [-0.2506,  0.2983, -0.2246,  0.1938,  0.0664,  0.1144,  0.3974,  0.4318,
          0.4955,  0.1565,  0.0829, -0.1869, -0.0563,  0.1235,  0.2592, -0.1702],
        [-0.1891,  0.1493,  0.0879, -0.0761,  0.3166,  0.3237,  0.3685,  0.0821,
          0.3590,  0.2077, -0.2950, -0.1048, -0.3858, -0.1442,  0.1469, -0.1347],
        [-0.0881, -0.0941,  0.1039,  0.0469, -0.0731, -0.2626, -0.3471, -0.4570,
         -0.4137, -0.1310,  0.0839,  0.0549, -0.0153,  0.1045, -0.4110,  0.0668]],
       device='cuda:0', requires_grad=True)

Parameter name: road_linear_0.bias
Shape: torch.Size([32])
Values: Parameter containing:
tensor([-0.0998,  0.0897,  0.1137, -0.1090,  0.0589, -0.0979,  0.0698,  0.1438,
        -0.0596,  0.0449, -0.0268,  0.0758,  0.0977,  0.0011,  0.0581,  0.0526,
        -0.0940, -0.0190,  0.1157,  0.0636, -0.0034, -0.0770,  0.0204, -0.0160,
        -0.1061,  0.0863,  0.1885,  0.0400, -0.0571, -0.2063,  0.0075, -0.0030],
       device='cuda:0', requires_grad=True)

Parameter name: road_linear_1.weight
Shape: torch.Size([1, 32])
Values: Parameter containing:
tensor([[ 0.3539,  0.5004, -0.2924, -0.3876,  0.4630,  0.4702, -0.3819, -0.4669,
         -0.3843,  0.5223,  0.3321,  0.4813, -0.3828, -0.5478,  0.4097, -0.4082,
         -0.4017,  0.4218, -0.2755, -0.3141,  0.5528,  0.3428, -0.4191, -0.4775,
         -0.4373, -0.5013, -0.3776,  0.4655, -0.4214,  0.4816,  0.3326, -0.3227]],
       device='cuda:0', requires_grad=True)

Parameter name: linear_0.weight
Shape: torch.Size([32, 39])
Values: Parameter containing:
tensor([[-0.0346,  0.1096,  0.0658,  ...,  0.1517, -0.2338, -0.1137],
        [-0.1429, -0.0273,  0.1370,  ...,  0.0560, -0.2552,  0.0871],
        [ 0.0313, -0.0486,  0.0259,  ...,  0.0643,  0.2022,  0.0345],
        ...,
        [ 0.1445, -0.1706, -0.0357,  ..., -0.1763, -0.0375, -0.1180],
        [ 0.1221, -0.2286, -0.0763,  ..., -0.2272,  0.0901,  0.1557],
        [-0.2162,  0.1721,  0.0720,  ...,  0.0644, -0.2166, -0.0509]],
       device='cuda:0', requires_grad=True)

Parameter name: linear_0.bias
Shape: torch.Size([32])
Values: Parameter containing:
tensor([ 0.0738,  0.0328, -0.0672, -0.1407, -0.0802,  0.0467, -0.0903,  0.0671,
        -0.0375,  0.0484,  0.0402,  0.0186, -0.0221,  0.1014, -0.0301, -0.0139,
         0.0469, -0.1622, -0.0105,  0.0827, -0.0848,  0.0100,  0.1142,  0.0363,
        -0.1067,  0.1073,  0.0530, -0.1353,  0.0425,  0.1896,  0.1811, -0.1074],
       device='cuda:0', requires_grad=True)

Parameter name: linear_1.weight
Shape: torch.Size([32, 32])
Values: Parameter containing:
tensor([[ 0.0894, -0.1980, -0.0746,  ...,  0.0922, -0.0151,  0.0616],
        [-0.1942, -0.0434,  0.1323,  ...,  0.1892,  0.0004,  0.0347],
        [ 0.1231, -0.0338, -0.1967,  ..., -0.1776, -0.0151,  0.1970],
        ...,
        [ 0.1314,  0.0771,  0.0727,  ...,  0.0491, -0.2063,  0.2924],
        [ 0.0327, -0.1864,  0.0532,  ...,  0.2986,  0.2443, -0.1483],
        [ 0.0136, -0.1248,  0.2323,  ...,  0.2629,  0.1479, -0.0623]],
       device='cuda:0', requires_grad=True)

Parameter name: linear_1.bias
Shape: torch.Size([32])
Values: Parameter containing:
tensor([ 0.1375,  0.1801, -0.0672, -0.1427,  0.0321, -0.0151, -0.0905,  0.0293,
         0.1907, -0.1725,  0.1504, -0.1740,  0.2244,  0.0656, -0.0881,  0.1849,
        -0.0581, -0.1848,  0.0628,  0.0564, -0.0660,  0.0679, -0.2302,  0.2193,
         0.0010, -0.0814,  0.0878,  0.0145, -0.1833, -0.0804,  0.1738,  0.0497],
       device='cuda:0', requires_grad=True)

Parameter name: linear_2.weight
Shape: torch.Size([1, 32])
Values: Parameter containing:
tensor([[ 0.6898,  0.6141, -0.6703, -0.6573,  0.5166,  0.5336, -0.5864,  0.5150,
          0.5795, -0.6326, -0.5488,  0.5645,  0.5592,  0.5585,  0.5863,  0.5624,
         -0.6790, -0.6955,  0.5466,  0.5426, -0.6051, -0.5961, -0.6950,  0.5538,
          0.6399,  0.6855, -0.6672,  0.6519, -0.5935, -0.6860,  0.6117,  0.6747]],
       device='cuda:0', requires_grad=True)

Parameter name: linear_2.bias
Shape: torch.Size([1])
Values: Parameter containing:
tensor([0.4418], device='cuda:0', requires_grad=True)

