Parameter name: road_linear_0.weight
Shape: torch.Size([32, 16])
Values: Parameter containing:
tensor([[-2.1387e-01,  2.8199e-01,  9.6801e-02, -1.2800e-01,  1.7750e-02,
          6.2633e-02,  1.8848e-01, -1.5458e-01,  6.8487e-02,  1.4465e-01,
          1.1416e-01, -3.6953e-02, -1.8318e-01, -2.6642e-01,  1.5537e-01,
          1.6829e-01],
        [-1.5181e-01, -1.6116e-01, -4.4296e-03, -1.1442e-01, -1.3574e-01,
          1.4813e-01,  5.6185e-02,  5.5387e-02,  2.9568e-01,  2.7005e-02,
          1.2104e-01, -1.5489e-01,  1.1232e-01,  3.9843e-02,  2.5165e-01,
          1.4236e-02],
        [-2.7945e-02,  5.3312e-02,  2.7538e-01, -1.1690e-02,  4.8822e-02,
         -2.3973e-01,  7.1029e-02, -3.0274e-01,  1.5642e-01,  3.9222e-02,
          1.9187e-02, -1.7303e-01,  2.9300e-01,  2.2859e-01,  1.6486e-01,
          1.5748e-01],
        [ 1.7134e-01, -1.3587e-01, -1.4534e-02,  3.0785e-02,  4.9232e-02,
         -9.7935e-02, -4.7829e-02,  5.3153e-03, -3.1882e-01, -2.9894e-01,
         -6.9563e-04,  2.5798e-01,  2.0416e-01, -1.9392e-01, -1.1739e-01,
          5.9578e-02],
        [ 8.5256e-03,  2.6262e-01, -6.9059e-02, -1.3676e-01,  3.9182e-02,
         -1.9428e-02, -7.5951e-02,  2.0959e-01,  3.4272e-02,  1.8620e-01,
          1.6353e-01, -5.0071e-02,  6.7273e-02, -1.5128e-01,  1.6318e-01,
         -5.9295e-02],
        [ 8.9500e-02,  3.0423e-01, -2.6704e-01,  2.9884e-01,  2.2034e-01,
         -1.2133e-01,  1.5350e-01, -1.2891e-01,  1.5436e-01,  1.1073e-01,
         -2.2534e-01,  1.3035e-02, -1.4349e-01,  2.1182e-01,  2.7449e-01,
          1.3001e-02],
        [ 2.8051e-01,  1.3330e-02,  3.2063e-01, -8.6927e-02,  3.1888e-02,
         -1.2655e-01, -8.9294e-02, -1.5653e-01, -1.7322e-01,  7.2629e-02,
          4.0597e-02, -2.6775e-02, -1.3622e-01,  1.5795e-01, -2.3358e-01,
          6.9608e-02],
        [-1.3776e-01,  1.4008e-01,  2.8204e-01, -2.6529e-01, -2.5872e-01,
         -2.2794e-01, -1.0903e-02, -2.0047e-01, -1.2913e-01, -1.3218e-01,
         -6.3514e-04, -3.9465e-02,  1.9266e-01, -1.4527e-01, -3.6689e-02,
          2.8357e-01],
        [-6.5308e-02,  1.3409e-01,  2.0412e-01, -1.3839e-01,  6.2416e-02,
         -2.4556e-01, -5.5998e-02,  7.4115e-04,  1.4800e-01, -2.0752e-01,
         -1.1527e-01, -5.0589e-02, -1.7353e-01,  8.3965e-02, -2.3194e-01,
          1.7123e-03],
        [-1.8728e-01,  7.5812e-02, -8.5692e-04, -1.2167e-01, -4.6839e-02,
          5.5053e-02, -6.5513e-02,  1.3111e-01,  1.6215e-01, -1.0750e-01,
          1.5999e-01,  1.0081e-01, -1.5202e-01,  1.3101e-03,  5.9041e-02,
         -1.0640e-01],
        [-2.5280e-01,  2.6245e-01,  3.6899e-02, -1.3998e-01, -1.5383e-01,
          3.2622e-01,  1.2404e-01,  1.8623e-02,  2.5056e-01,  1.5244e-01,
          1.4671e-02,  1.1292e-01, -9.0917e-02,  1.9007e-01, -1.1291e-01,
         -2.3601e-01],
        [-3.7641e-02,  2.5812e-02,  6.2288e-02, -4.9555e-03,  7.0903e-02,
          3.0889e-02,  2.6942e-01,  6.0060e-02,  7.4805e-02,  2.5679e-01,
          1.8206e-01,  1.5922e-01, -3.2199e-01, -1.8150e-01, -1.5841e-02,
         -1.2802e-01],
        [ 2.0779e-01,  6.6586e-02,  4.4692e-02, -4.4515e-02,  3.5159e-02,
          1.4668e-01,  5.8281e-02, -1.8515e-01, -1.9381e-01,  1.6630e-02,
          8.6176e-03, -9.5729e-02, -1.7942e-01,  6.5859e-02, -1.0815e-01,
         -8.5490e-02],
        [ 1.2448e-01,  1.7650e-01,  2.8629e-01,  8.1304e-02, -2.1710e-01,
          6.1771e-02,  4.8039e-02,  1.0003e-02, -1.3444e-01, -7.5936e-02,
         -1.2275e-01,  2.1923e-02,  3.5170e-02,  1.3753e-03, -2.7563e-01,
          1.6262e-01],
        [-2.8488e-01, -1.1882e-01,  1.9892e-02, -1.4067e-01,  2.7027e-01,
          3.2307e-01,  3.2295e-03,  3.4286e-02, -1.1791e-01,  8.8544e-02,
          2.1082e-02, -2.1812e-01,  1.7977e-04, -4.9280e-02, -4.2182e-02,
         -7.8723e-02],
        [-1.7240e-01, -2.3387e-01,  1.0380e-01,  1.8744e-01, -1.6756e-01,
          8.7405e-02, -5.0880e-02, -1.7566e-01, -6.4653e-02,  5.4616e-02,
          2.2001e-02,  2.9252e-01,  2.4392e-02, -1.3770e-01,  2.1053e-01,
         -6.2985e-03],
        [ 2.3605e-01,  9.8624e-02,  1.2252e-01, -2.6659e-01, -2.7480e-01,
          3.7989e-02, -2.0024e-02,  7.0275e-02, -2.9390e-01, -1.0692e-01,
          2.2853e-01,  2.0920e-01,  2.8355e-01,  2.3345e-01, -8.9519e-02,
         -9.6253e-02],
        [-2.2635e-01,  1.5218e-01, -1.7704e-01,  6.0623e-02,  6.7728e-02,
          2.3538e-01,  2.1864e-01,  2.1768e-01,  7.9984e-02,  2.1011e-01,
         -9.9275e-02, -1.7876e-01, -1.1737e-01, -1.7964e-01,  2.4230e-01,
         -1.1192e-01],
        [ 1.2634e-01, -5.8111e-02,  5.1030e-02, -1.8956e-01, -8.6105e-02,
         -2.7943e-01, -1.7662e-01,  1.3218e-01, -2.9503e-01, -1.7564e-02,
          6.2623e-02, -1.8487e-01,  1.0784e-01,  1.8557e-01,  1.1359e-01,
          9.8648e-02],
        [ 2.8017e-01, -6.2728e-02,  1.8105e-01,  7.0012e-03, -2.2007e-01,
         -1.4269e-01, -2.6201e-01,  1.1588e-01,  4.2297e-02, -1.8220e-01,
          8.1173e-03,  1.5228e-01, -1.3749e-01,  4.9864e-02,  8.1066e-02,
          1.1458e-01],
        [-9.9120e-02,  2.2429e-01,  3.1444e-02, -1.6150e-01,  1.7634e-01,
         -1.1725e-01,  2.1960e-01,  2.8291e-01,  9.4112e-02, -1.4034e-02,
         -1.5406e-01, -1.8878e-01, -1.1945e-01, -1.4064e-01,  2.7812e-01,
         -1.8084e-01],
        [ 3.3443e-02, -1.7439e-01,  5.5185e-02,  2.6764e-01, -1.5798e-01,
          1.0053e-02,  1.3231e-01, -1.7110e-01, -9.2662e-02,  1.5094e-01,
          2.4594e-01, -1.4687e-01, -7.2560e-02, -2.7060e-01, -2.2510e-01,
          1.5143e-01],
        [ 2.8860e-01, -1.4098e-01, -2.1407e-02, -7.5974e-02,  8.8001e-02,
         -3.2158e-01, -2.1796e-01, -1.5637e-01, -1.7879e-01, -7.6446e-02,
          2.0837e-01,  1.3261e-01, -1.5187e-01,  2.6698e-01,  1.7423e-01,
          1.5189e-01],
        [ 1.9767e-01,  3.3771e-02,  2.8051e-01, -2.9874e-01, -1.8364e-01,
         -1.1068e-01, -1.2581e-01, -2.3872e-01, -3.0847e-01, -2.5982e-01,
          1.2639e-02,  2.8900e-01,  2.3800e-01,  1.0751e-01, -1.8350e-01,
         -2.9184e-02],
        [ 1.0191e-01, -2.9684e-01,  6.7399e-02, -1.0461e-02,  1.9742e-01,
         -1.4679e-01,  1.6488e-01, -5.6138e-02, -2.4475e-01,  1.6534e-01,
          2.4825e-01, -1.1857e-01, -6.9388e-02,  1.5642e-01, -1.8189e-01,
          2.4462e-01],
        [-4.4864e-02, -1.3915e-01,  4.4396e-03,  1.7851e-01, -1.1251e-01,
         -1.2766e-01,  7.2650e-02, -2.4035e-01, -7.5679e-02, -2.6323e-01,
         -2.1617e-01,  1.9003e-02,  9.9292e-02,  2.4968e-01, -2.7104e-01,
         -3.1726e-04],
        [ 1.4361e-01,  2.6458e-02,  2.2482e-01, -2.6165e-01, -8.9945e-02,
         -2.3111e-02, -2.8088e-01,  5.0351e-02, -3.0915e-01,  8.5548e-02,
          7.6096e-02,  8.2854e-03,  1.5970e-01,  2.4774e-01,  1.5890e-01,
          2.2624e-01],
        [-2.2495e-01,  1.3455e-01,  1.0783e-01,  1.0597e-01,  1.9450e-01,
         -7.3082e-02,  2.5783e-01,  6.8089e-02, -1.5271e-01,  7.8328e-03,
          1.7405e-01, -1.6674e-01, -1.2210e-01, -1.3795e-01, -1.0434e-01,
         -3.2163e-02],
        [ 2.2951e-01, -1.8164e-02,  6.3441e-02, -4.7869e-02, -2.2054e-01,
         -2.1398e-01, -6.9043e-02, -2.7131e-01,  5.1815e-02, -3.5786e-02,
          7.4195e-02,  6.3123e-02,  2.7965e-01,  2.7010e-01,  7.5186e-02,
          1.9952e-01],
        [-1.9799e-01,  1.6897e-01, -2.4660e-01,  1.6724e-01, -1.5117e-01,
          7.8117e-02,  2.5976e-01,  2.4056e-01,  2.8935e-01,  1.5330e-01,
          1.2561e-01, -1.1233e-02,  1.0522e-01,  9.7772e-02,  9.1093e-02,
         -1.6020e-01],
        [-2.0073e-01,  5.4470e-03,  3.8415e-02, -7.2913e-02,  1.0041e-01,
          3.0203e-01,  2.9394e-01, -1.0910e-01,  1.4407e-01,  2.3649e-01,
         -2.6472e-01,  7.8549e-02, -2.3238e-01, -2.2048e-01, -7.1264e-02,
         -1.7140e-01],
        [-3.4250e-02,  7.7899e-03,  1.6793e-01,  3.5826e-02,  1.1299e-01,
         -2.3075e-01, -3.0794e-01, -2.7182e-01, -2.0743e-01, -1.8225e-01,
          1.0754e-01, -1.1206e-01, -1.1039e-01,  1.9817e-01, -2.1418e-01,
          1.1526e-01]], device='cuda:0', requires_grad=True)

Parameter name: road_linear_0.bias
Shape: torch.Size([32])
Values: Parameter containing:
tensor([-1.8341e-01,  4.8492e-02,  1.2259e-01, -1.2191e-01,  6.7351e-02,
        -1.0234e-01,  8.6998e-02,  1.4936e-01, -1.6756e-01,  5.8427e-02,
         8.6683e-02,  1.6238e-01,  2.2066e-01,  3.4714e-02,  3.9151e-02,
         2.0741e-02, -1.4844e-01,  1.0536e-04, -3.3114e-03, -7.6137e-02,
        -1.6440e-02,  1.6706e-02, -9.8525e-02, -2.1142e-02, -2.1940e-01,
         2.2830e-01,  6.7085e-02,  1.3387e-01, -1.3095e-01, -1.9029e-01,
         1.3716e-01, -7.4348e-02], device='cuda:0', requires_grad=True)

Parameter name: road_linear_1.weight
Shape: torch.Size([1, 32])
Values: Parameter containing:
tensor([[ 0.0406,  0.1239, -0.0641, -0.0891,  0.1194,  0.1798, -0.1323, -0.2342,
         -0.1039,  0.1629,  0.0930,  0.2173, -0.0250, -0.2236,  0.1282, -0.0496,
         -0.1531,  0.1940, -0.0652, -0.0965,  0.2409,  0.0996, -0.2259, -0.2460,
         -0.1478, -0.1608, -0.1738,  0.1680, -0.2032,  0.2428,  0.1398, -0.0809]],
       device='cuda:0', requires_grad=True)

Parameter name: linear_0.weight
Shape: torch.Size([32, 39])
Values: Parameter containing:
tensor([[ 0.0315,  0.0249,  0.0519,  ...,  0.0275, -0.1331, -0.1137],
        [-0.0681, -0.1097,  0.0907,  ..., -0.0082, -0.1974,  0.0871],
        [-0.0742,  0.0676,  0.1019,  ...,  0.1311,  0.1089,  0.0345],
        ...,
        [ 0.0696, -0.0787,  0.0187,  ..., -0.0957, -0.1045, -0.1180],
        [ 0.0343, -0.1325, -0.0140,  ..., -0.1563,  0.0077,  0.1557],
        [-0.1347,  0.0748,  0.0285,  ..., -0.0496, -0.1197, -0.0509]],
       device='cuda:0', requires_grad=True)

Parameter name: linear_0.bias
Shape: torch.Size([32])
Values: Parameter containing:
tensor([ 0.0632,  0.0641, -0.1098, -0.1117, -0.0511,  0.0338, -0.1253,  0.0716,
        -0.0325,  0.0942,  0.0399, -0.0195, -0.0178,  0.0513, -0.0777, -0.0375,
         0.0700, -0.1446, -0.0343,  0.0247, -0.0782,  0.0576,  0.0897, -0.0232,
        -0.0648,  0.0811,  0.0178, -0.1156,  0.0630,  0.1612,  0.1406, -0.0991],
       device='cuda:0', requires_grad=True)

Parameter name: linear_1.weight
Shape: torch.Size([32, 32])
Values: Parameter containing:
tensor([[ 0.1596, -0.0860, -0.1358,  ..., -0.0170, -0.1263,  0.1486],
        [-0.0992,  0.0792,  0.0402,  ...,  0.0674, -0.1247,  0.1454],
        [ 0.0248, -0.1506, -0.1023,  ..., -0.0586,  0.1058,  0.0798],
        ...,
        [ 0.0292, -0.0036,  0.1410,  ...,  0.1348, -0.1065,  0.1700],
        [ 0.0950, -0.0336, -0.0058,  ...,  0.1528,  0.1119, -0.0710],
        [ 0.0954, -0.0250,  0.1644,  ...,  0.1624,  0.0404,  0.0402]],
       device='cuda:0', requires_grad=True)

Parameter name: linear_1.bias
Shape: torch.Size([32])
Values: Parameter containing:
tensor([ 0.0698,  0.1026,  0.0039, -0.0445, -0.0621, -0.0914, -0.0067, -0.1017,
         0.1042, -0.1254,  0.1541, -0.1548,  0.1458,  0.0465, -0.1675,  0.0524,
        -0.1136, -0.1421,  0.0077, -0.0505,  0.0443,  0.1405, -0.1614,  0.1750,
        -0.0977, -0.0343,  0.1130, -0.0742, -0.0895, -0.0441,  0.0683, -0.0061],
       device='cuda:0', requires_grad=True)

Parameter name: linear_2.weight
Shape: torch.Size([1, 32])
Values: Parameter containing:
tensor([[ 0.1702,  0.0802, -0.1515, -0.1237,  0.0139,  0.0072, -0.0604,  0.0388,
          0.0799, -0.1057, -0.0409,  0.0678,  0.0472,  0.0321,  0.0912,  0.0622,
         -0.1640, -0.1785,  0.0147,  0.0629, -0.1096, -0.0875, -0.1614,  0.0342,
          0.1305,  0.1756, -0.1519,  0.1340, -0.0768, -0.1662,  0.1188,  0.1586]],
       device='cuda:0', requires_grad=True)

Parameter name: linear_2.bias
Shape: torch.Size([1])
Values: Parameter containing:
tensor([-0.0098], device='cuda:0', requires_grad=True)

Parameter name: road_linear_0.weight
Shape: torch.Size([32, 16])
Values: Parameter containing:
tensor([[-2.1392e-01,  2.8498e-01,  9.6702e-02, -1.2626e-01,  2.0351e-02,
          6.2674e-02,  1.8842e-01, -1.5392e-01,  7.0025e-02,  1.4482e-01,
          1.1544e-01, -3.7169e-02, -1.8392e-01, -2.6667e-01,  1.5962e-01,
          1.6849e-01],
        [-1.5233e-01, -1.5924e-01, -4.7480e-03, -1.1219e-01, -1.3306e-01,
          1.4834e-01,  5.6588e-02,  5.6189e-02,  2.9875e-01,  2.7894e-02,
          1.1592e-01, -1.5537e-01,  1.1190e-01,  4.0022e-02,  2.5608e-01,
          1.4333e-02],
        [-2.8103e-02,  5.3597e-02,  2.7493e-01, -1.2566e-02,  4.7106e-02,
         -2.3908e-01,  7.1212e-02, -3.0263e-01,  1.5564e-01,  3.9013e-02,
          2.4333e-02, -1.7298e-01,  2.9157e-01,  2.2793e-01,  1.6365e-01,
          1.5707e-01],
        [ 1.7231e-01, -1.3766e-01, -1.3970e-02,  2.8366e-02,  4.7151e-02,
         -9.8301e-02, -4.8359e-02,  4.3812e-03, -3.2242e-01, -3.0020e-01,
         -6.6140e-07,  2.5871e-01,  2.0425e-01, -1.9429e-01, -1.2062e-01,
          6.0058e-02],
        [ 7.7613e-03,  2.6522e-01, -6.9655e-02, -1.3421e-01,  4.2158e-02,
         -1.8959e-02, -7.5379e-02,  2.1045e-01,  3.7838e-02,  1.8729e-01,
          1.6045e-01, -5.0822e-02,  6.6471e-02, -1.5134e-01,  1.6755e-01,
         -5.9434e-02],
        [ 8.8869e-02,  3.0605e-01, -2.6761e-01,  3.0099e-01,  2.2226e-01,
         -1.2103e-01,  1.5410e-01, -1.2808e-01,  1.5705e-01,  1.1132e-01,
         -2.2487e-01,  1.2545e-02, -1.4426e-01,  2.1247e-01,  2.7810e-01,
          1.2773e-02],
        [ 2.8112e-01,  1.1855e-02,  3.2108e-01, -8.9073e-02,  2.9982e-02,
         -1.2678e-01, -8.9953e-02, -1.5733e-01, -1.7664e-01,  7.1715e-02,
          4.4119e-02, -2.6294e-02, -1.3538e-01,  1.5653e-01, -2.4282e-01,
          6.9891e-02],
        [-1.3703e-01,  1.3898e-01,  2.8260e-01, -2.6774e-01, -2.6070e-01,
         -2.2820e-01, -1.1432e-02, -2.0121e-01, -1.3276e-01, -1.3314e-01,
          2.3841e-03, -3.9011e-02,  1.9317e-01, -1.4598e-01, -4.1985e-02,
          2.8381e-01],
        [-6.4554e-02,  1.3182e-01,  2.0471e-01, -1.4093e-01,  5.9467e-02,
         -2.4599e-01, -5.6521e-02, -1.4860e-04,  1.4459e-01, -2.0852e-01,
         -1.1121e-01, -4.9954e-02, -1.7288e-01,  8.4070e-02, -2.3673e-01,
          1.8534e-03],
        [-1.8781e-01,  7.7990e-02, -1.2131e-03, -1.1945e-01, -4.4487e-02,
          5.5254e-02, -6.5065e-02,  1.3178e-01,  1.6547e-01, -1.0668e-01,
          1.5697e-01,  1.0030e-01, -1.5262e-01,  1.6769e-03,  6.2546e-02,
         -1.0635e-01],
        [-2.5362e-01,  2.6663e-01,  3.6386e-02, -1.3777e-01, -1.5170e-01,
          3.2654e-01,  1.2489e-01,  1.9541e-02,  2.5365e-01,  1.5349e-01,
          1.4087e-02,  1.1225e-01, -9.1319e-02,  1.8958e-01, -1.0664e-01,
         -2.3643e-01],
        [-3.8453e-02,  3.1285e-02,  6.1765e-02, -2.5544e-03,  7.3575e-02,
          3.1326e-02,  2.7010e-01,  6.1006e-02,  7.8514e-02,  2.5816e-01,
          1.7916e-01,  1.5830e-01, -3.2288e-01, -1.8141e-01, -1.2967e-02,
         -1.2825e-01],
        [ 2.0855e-01,  6.3453e-02,  4.5507e-02, -4.7123e-02,  3.2319e-02,
          1.4602e-01,  5.7593e-02, -1.8615e-01, -1.9685e-01,  1.5650e-02,
          9.7795e-03, -9.4866e-02, -1.7830e-01,  6.6530e-02, -1.1423e-01,
         -8.5255e-02],
        [ 1.2518e-01,  1.7481e-01,  2.8679e-01,  7.9008e-02, -2.1956e-01,
          6.1441e-02,  4.7456e-02,  9.0838e-03, -1.3769e-01, -7.6892e-02,
         -1.1345e-01,  2.2529e-02,  3.5851e-02,  9.4100e-04, -2.7972e-01,
          1.6283e-01],
        [-2.8573e-01, -1.1725e-01,  1.9326e-02, -1.3831e-01,  2.7274e-01,
          3.2341e-01,  3.8508e-03,  3.5199e-02, -1.1454e-01,  8.9587e-02,
          1.6163e-02, -2.1868e-01, -4.4382e-04, -4.9038e-02, -3.8238e-02,
         -7.9094e-02],
        [-1.7214e-01, -2.3548e-01,  1.0406e-01,  1.8522e-01, -1.6973e-01,
          8.7342e-02, -5.1097e-02, -1.7607e-01, -6.7819e-02,  5.4083e-02,
          3.0359e-02,  2.9281e-01,  2.5023e-02, -1.3819e-01,  2.0630e-01,
         -6.5417e-03],
        [ 2.3659e-01,  9.6437e-02,  1.2302e-01, -2.6873e-01, -2.7685e-01,
          3.7661e-02, -2.0735e-02,  6.9427e-02, -2.9670e-01, -1.0773e-01,
          2.3300e-01,  2.0983e-01,  2.8477e-01,  2.3270e-01, -9.3061e-02,
         -9.6128e-02],
        [-2.2696e-01,  1.5356e-01, -1.7761e-01,  6.2903e-02,  6.9062e-02,
          2.3565e-01,  2.1904e-01,  2.1829e-01,  8.3317e-02,  2.1087e-01,
         -9.9288e-02, -1.7922e-01, -1.1789e-01, -1.7855e-01,  2.4560e-01,
         -1.1205e-01],
        [ 1.2724e-01, -5.9234e-02,  5.2133e-02, -1.9019e-01, -8.7962e-02,
         -2.8068e-01, -1.7794e-01,  1.3057e-01, -2.9529e-01, -1.8482e-02,
          6.7194e-02, -1.8348e-01,  1.0784e-01,  1.8457e-01,  1.1298e-01,
          9.9259e-02],
        [ 2.8111e-01, -6.4183e-02,  1.8163e-01,  4.6090e-03, -2.2212e-01,
         -1.4305e-01, -2.6265e-01,  1.1497e-01,  3.8777e-02, -1.8337e-01,
          9.0514e-03,  1.5296e-01, -1.3706e-01,  4.9386e-02,  7.8026e-02,
          1.1507e-01],
        [-9.9680e-02,  2.2553e-01,  3.0985e-02, -1.5934e-01,  1.7806e-01,
         -1.1704e-01,  2.1980e-01,  2.8358e-01,  9.7049e-02, -1.3386e-02,
         -1.5493e-01, -1.8911e-01, -1.1952e-01, -1.4007e-01,  2.8199e-01,
         -1.8088e-01],
        [ 3.2682e-02, -1.7279e-01,  5.4550e-02,  2.7024e-01, -1.5526e-01,
          1.0457e-02,  1.3279e-01, -1.7036e-01, -8.9181e-02,  1.5184e-01,
          2.4053e-01, -1.4745e-01, -7.3063e-02, -2.7054e-01, -2.1998e-01,
          1.5128e-01],
        [ 2.8936e-01, -1.4254e-01, -2.0810e-02, -7.8426e-02,  8.6003e-02,
         -3.2196e-01, -2.1843e-01, -1.5712e-01, -1.8226e-01, -7.7430e-02,
          2.0854e-01,  1.3319e-01, -1.5136e-01,  2.6655e-01,  1.7077e-01,
          1.5211e-01],
        [ 1.9831e-01,  3.1665e-02,  2.8111e-01, -3.0110e-01, -1.8506e-01,
         -1.1111e-01, -1.2612e-01, -2.3928e-01, -3.1181e-01, -2.6070e-01,
          1.0320e-02,  2.8964e-01,  2.3843e-01,  1.0692e-01, -1.8558e-01,
         -2.9105e-02],
        [ 1.0280e-01, -2.9879e-01,  6.8038e-02, -1.2974e-02,  1.9466e-01,
         -1.4727e-01,  1.6425e-01, -5.7045e-02, -2.4828e-01,  1.6418e-01,
          2.5336e-01, -1.1780e-01, -6.8464e-02,  1.5620e-01, -1.8602e-01,
          2.4494e-01],
        [-4.4301e-02, -1.4080e-01,  4.9092e-03,  1.7625e-01, -1.1485e-01,
         -1.2788e-01,  7.2179e-02, -2.4105e-01, -7.8606e-02, -2.6401e-01,
         -2.1508e-01,  1.9380e-02,  9.9759e-02,  2.4954e-01, -2.7619e-01,
         -2.5788e-04],
        [ 1.4438e-01,  2.5232e-02,  2.2543e-01, -2.6412e-01, -9.1781e-02,
         -2.3477e-02, -2.8140e-01,  4.9620e-02, -3.1263e-01,  8.4581e-02,
          7.9323e-02,  8.8351e-03,  1.6022e-01,  2.4710e-01,  1.5535e-01,
          2.2651e-01],
        [-2.2578e-01,  1.3801e-01,  1.0719e-01,  1.0847e-01,  1.9757e-01,
         -7.2560e-02,  2.5850e-01,  6.9088e-02, -1.4898e-01,  9.1949e-03,
          1.7322e-01, -1.6764e-01, -1.2313e-01, -1.3791e-01, -1.0108e-01,
         -3.2515e-02],
        [ 2.3033e-01, -2.4662e-02,  6.4066e-02, -5.0235e-02, -2.2260e-01,
         -2.1442e-01, -6.9418e-02, -2.7216e-01,  4.8582e-02, -3.6796e-02,
          7.4262e-02,  6.3873e-02,  2.8030e-01,  2.7044e-01,  7.0122e-02,
          1.9980e-01],
        [-1.9868e-01,  1.7015e-01, -2.4716e-01,  1.6965e-01, -1.4932e-01,
          7.8407e-02,  2.6020e-01,  2.4120e-01,  2.9291e-01,  1.5417e-01,
          1.2148e-01, -1.1716e-02,  1.0480e-01,  9.8462e-02,  9.5544e-02,
         -1.6037e-01],
        [-2.0156e-01,  6.8962e-03,  3.7829e-02, -7.0528e-02,  1.0227e-01,
          3.0239e-01,  2.9444e-01, -1.0824e-01,  1.4740e-01,  2.3747e-01,
         -2.6639e-01,  7.7989e-02, -2.3274e-01, -2.2006e-01, -6.7743e-02,
         -1.7171e-01],
        [-3.3114e-02,  7.2552e-03,  1.6863e-01,  3.3706e-02,  1.1218e-01,
         -2.3107e-01, -3.0898e-01, -2.7256e-01, -2.1066e-01, -1.8366e-01,
          1.1732e-01, -1.1124e-01, -1.1002e-01,  1.9650e-01, -2.1504e-01,
          1.1620e-01]], device='cuda:0', requires_grad=True)

Parameter name: road_linear_0.bias
Shape: torch.Size([32])
Values: Parameter containing:
tensor([-0.1749,  0.0443,  0.1158, -0.1215,  0.0670, -0.0969,  0.0866,  0.1481,
        -0.1663,  0.0615,  0.0872,  0.1625,  0.2196,  0.0384,  0.0492,  0.0204,
        -0.1490,  0.0019, -0.0053, -0.0767, -0.0186,  0.0151, -0.1015, -0.0234,
        -0.2148,  0.2230,  0.0669,  0.1327, -0.1313, -0.1895,  0.1421, -0.0714],
       device='cuda:0', requires_grad=True)

Parameter name: road_linear_1.weight
Shape: torch.Size([1, 32])
Values: Parameter containing:
tensor([[ 0.0423,  0.1234, -0.0638, -0.0903,  0.1206,  0.1834, -0.1334, -0.2348,
         -0.1041,  0.1608,  0.0932,  0.2175, -0.0272, -0.2248,  0.1291, -0.0501,
         -0.1550,  0.1949, -0.0664, -0.0973,  0.2420,  0.0990, -0.2266, -0.2472,
         -0.1505, -0.1614, -0.1750,  0.1701, -0.2037,  0.2435,  0.1407, -0.0816]],
       device='cuda:0', requires_grad=True)

Parameter name: linear_0.weight
Shape: torch.Size([32, 39])
Values: Parameter containing:
tensor([[ 0.0145,  0.0419,  0.0560,  ...,  0.0213, -0.1400, -0.1137],
        [-0.0722, -0.1093,  0.0906,  ..., -0.0040, -0.2034,  0.0871],
        [-0.0725,  0.0696,  0.1022,  ...,  0.1278,  0.1124,  0.0345],
        ...,
        [ 0.0686, -0.0818,  0.0173,  ..., -0.0917, -0.1076, -0.1180],
        [ 0.0379, -0.1325, -0.0135,  ..., -0.1600,  0.0134,  0.1557],
        [-0.1367,  0.0759,  0.0298,  ..., -0.0513, -0.1174, -0.0509]],
       device='cuda:0', requires_grad=True)

Parameter name: linear_0.bias
Shape: torch.Size([32])
Values: Parameter containing:
tensor([ 0.0568,  0.0615, -0.1087, -0.1131, -0.0531,  0.0370, -0.1211,  0.0703,
        -0.0315,  0.0911,  0.0373, -0.0181, -0.0184,  0.0557, -0.0748, -0.0366,
         0.0685, -0.1468, -0.0337,  0.0286, -0.0776,  0.0518,  0.0929, -0.0214,
        -0.0695,  0.0873,  0.0203, -0.1138,  0.0617,  0.1602,  0.1431, -0.0989],
       device='cuda:0', requires_grad=True)

Parameter name: linear_1.weight
Shape: torch.Size([32, 32])
Values: Parameter containing:
tensor([[ 0.1559, -0.0879, -0.1377,  ..., -0.0156, -0.1260,  0.1486],
        [-0.1030,  0.0773,  0.0382,  ...,  0.0689, -0.1244,  0.1453],
        [ 0.0282, -0.1489, -0.1005,  ..., -0.0598,  0.1055,  0.0797],
        ...,
        [ 0.0331, -0.0016,  0.1431,  ...,  0.1333, -0.1069,  0.1700],
        [ 0.0914, -0.0353, -0.0077,  ...,  0.1542,  0.1121, -0.0710],
        [ 0.0913, -0.0266,  0.1620,  ...,  0.1642,  0.0405,  0.0403]],
       device='cuda:0', requires_grad=True)

Parameter name: linear_1.bias
Shape: torch.Size([32])
Values: Parameter containing:
tensor([ 0.0715,  0.1043,  0.0024, -0.0465, -0.0615, -0.0887, -0.0084, -0.1004,
         0.1059, -0.1270,  0.1520, -0.1531,  0.1475,  0.0472, -0.1657,  0.0542,
        -0.1152, -0.1439,  0.0106, -0.0487,  0.0427,  0.1391, -0.1629,  0.1767,
        -0.0959, -0.0325,  0.1112, -0.0723, -0.0912, -0.0459,  0.0700, -0.0040],
       device='cuda:0', requires_grad=True)

Parameter name: linear_2.weight
Shape: torch.Size([1, 32])
Values: Parameter containing:
tensor([[ 0.1733,  0.0833, -0.1494, -0.1392,  0.0117,  0.0100, -0.0604,  0.0359,
          0.0860, -0.1076, -0.0424,  0.0671,  0.0513,  0.0372,  0.0916,  0.0636,
         -0.1686, -0.1798,  0.0190,  0.0621, -0.1085, -0.0855, -0.1608,  0.0372,
          0.1305,  0.1793, -0.1521,  0.1396, -0.0767, -0.1671,  0.1191,  0.1603]],
       device='cuda:0', requires_grad=True)

Parameter name: linear_2.bias
Shape: torch.Size([1])
Values: Parameter containing:
tensor([-0.0082], device='cuda:0', requires_grad=True)

