Parameter name: road_linear_0.weight
Shape: torch.Size([32, 16])
Values: Parameter containing:
tensor([[-0.5648,  0.7600, -0.2245, -0.3439,  0.2682, -0.3428,  0.6520,  0.0613,
          0.2970,  0.1938,  0.1886, -0.2666, -0.2185,  0.0643,  0.3221, -0.1770],
        [-0.3635,  0.1160, -0.2101, -0.2919,  0.2022, -0.1849,  0.3550,  0.3511,
          0.5884,  0.0430,  0.1163, -0.4559,  0.1018,  0.3283,  0.5687, -0.1780],
        [-0.3543,  0.4137, -0.0587, -0.0639,  0.4476, -0.3724,  0.5293,  0.1138,
          0.5617,  0.1257,  0.0088, -0.5916,  0.1221,  0.3385,  0.5063, -0.1618],
        [ 0.4009, -0.3991,  0.1841,  0.1810, -0.1925,  0.1765, -0.3567, -0.2147,
         -0.5321, -0.3046, -0.0187,  0.4656,  0.1449, -0.4217, -0.3201,  0.2632],
        [-0.2473,  0.5545, -0.2781, -0.3129,  0.2995, -0.3127,  0.2156,  0.4301,
          0.2520,  0.2079,  0.1796, -0.2704,  0.0931,  0.1024,  0.4132, -0.2711],
        [-0.1532,  0.5897, -0.4652,  0.0770,  0.4297, -0.4378,  0.4209,  0.0447,
          0.3296,  0.0420, -0.1531, -0.1808, -0.2089,  0.4716,  0.4450, -0.1957],
        [ 0.4418, -0.3248,  0.5491,  0.1801, -0.2128,  0.2909, -0.4130, -0.3580,
         -0.3722,  0.1980, -0.0461,  0.1712, -0.0493, -0.1822, -0.3347,  0.3079],
        [ 0.0622, -0.1380,  0.4674, -0.0236, -0.5145,  0.1268, -0.2763, -0.4112,
         -0.3302, -0.0378, -0.0707,  0.1797,  0.2930, -0.4328, -0.2322,  0.4795],
        [ 0.1922, -0.2286,  0.4751,  0.1078, -0.3593,  0.1925, -0.4595, -0.3702,
         -0.2317, -0.2263, -0.1805,  0.2987, -0.1193, -0.3055, -0.6233,  0.2542],
        [-0.4956,  0.3958, -0.2553, -0.2528,  0.2159, -0.2191,  0.2605,  0.3505,
          0.3899,  0.0362,  0.1091, -0.1282, -0.0335,  0.2521,  0.3159, -0.3695],
        [-0.6336,  0.6660, -0.2668, -0.3614,  0.0510, -0.0299,  0.4936,  0.1984,
          0.4590,  0.2432,  0.0441, -0.1002, -0.0414,  0.4871,  0.0609, -0.5754],
        [-0.3540,  0.3286, -0.1824, -0.1463,  0.3257, -0.2321,  0.5766,  0.2740,
          0.2966,  0.4017,  0.1615, -0.0607, -0.1804,  0.0840,  0.2585, -0.3792],
        [ 0.4818, -0.3126,  0.2956,  0.1840, -0.2590,  0.5270, -0.2897, -0.4457,
         -0.4405,  0.0542, -0.1325,  0.1674, -0.0841, -0.2651, -0.3369,  0.1681],
        [ 0.3507, -0.1036,  0.4810,  0.2468, -0.4375,  0.3588, -0.2159, -0.1760,
         -0.3159, -0.0720, -0.1465,  0.2088,  0.0361, -0.2553, -0.4603,  0.3602],
        [-0.5657,  0.2564, -0.2197, -0.3509,  0.5349, -0.0549,  0.3446,  0.2641,
          0.1090,  0.1044,  0.0908, -0.4369, -0.0119,  0.2979,  0.1860, -0.3307],
        [ 0.0991, -0.4005,  0.3513,  0.2882, -0.4413,  0.2804, -0.3448, -0.4148,
         -0.3215,  0.0016,  0.0748,  0.5564, -0.0391, -0.2729, -0.0676,  0.2230],
        [ 0.4360, -0.1632,  0.3437, -0.0653, -0.6776,  0.3595, -0.3343, -0.2812,
         -0.6533, -0.0990,  0.2336,  0.5692,  0.2856, -0.0990, -0.4550,  0.1106],
        [-0.3316,  0.3910, -0.3338, -0.1486,  0.3100, -0.0876,  0.4734,  0.4194,
          0.2597,  0.0923, -0.0075, -0.3696, -0.1816,  0.0862,  0.3412, -0.2822],
        [-0.2421,  0.3229, -0.2924, -0.2406,  0.2893, -0.4284,  0.2750,  0.5240,
          0.0872,  0.0953,  0.0061, -0.5722, -0.0233,  0.3053,  0.4567, -0.2320],
        [ 0.6046, -0.4680,  0.4502,  0.2365, -0.4154,  0.2211, -0.6128, -0.0538,
         -0.1380, -0.1911, -0.0946,  0.3246, -0.1195, -0.2784, -0.0534,  0.4206],
        [-0.2304,  0.3390, -0.1029, -0.2774,  0.4171, -0.3124,  0.4197,  0.4918,
          0.3019, -0.0424, -0.1832, -0.4120, -0.1003, -0.0099,  0.5036, -0.2995],
        [ 0.3540, -0.3563,  0.2562,  0.3066, -0.3307,  0.1301, -0.0476, -0.3417,
         -0.3870, -0.0972,  0.2603,  0.2045,  0.0476, -0.3330, -0.6589,  0.2759],
        [ 0.5346, -0.5088,  0.2121,  0.1817, -0.1622,  0.0761, -0.5302, -0.3588,
         -0.3790, -0.0472,  0.0523,  0.3363, -0.0924, -0.1044,  0.0109,  0.4138],
        [ 0.2910, -0.1523,  0.4347, -0.1129, -0.4975,  0.1658, -0.3701, -0.5030,
         -0.5620, -0.1836, -0.0622,  0.5618,  0.2744, -0.1284, -0.3767,  0.1298],
        [ 0.3860, -0.6607,  0.3218,  0.1890, -0.1201,  0.2103, -0.1940, -0.3255,
         -0.5209,  0.1034,  0.2111,  0.1511, -0.1011, -0.2104, -0.4654,  0.5029],
        [ 0.1563, -0.4104,  0.1794,  0.3826, -0.3946,  0.2059, -0.1951, -0.4828,
         -0.2953, -0.2257, -0.2788,  0.2540,  0.1578, -0.0209, -0.5365,  0.1761],
        [ 0.4381, -0.3446,  0.4845, -0.0427, -0.3074,  0.3335, -0.6029, -0.1240,
         -0.4951,  0.0728,  0.0013,  0.2013,  0.1852, -0.0720, -0.0027,  0.5102],
        [-0.5533,  0.4428, -0.1524, -0.0326,  0.4405, -0.3360,  0.5704,  0.2765,
          0.0727,  0.1440,  0.1393, -0.3860,  0.0010,  0.1116,  0.1642, -0.2948],
        [ 0.4734, -0.3108,  0.2697,  0.1145, -0.4837,  0.0657, -0.3491, -0.5015,
         -0.1707, -0.0788,  0.0498,  0.2877,  0.2338, -0.0128, -0.1764,  0.4069],
        [-0.4087,  0.4720, -0.4571, -0.0827,  0.0260, -0.2839,  0.5308,  0.3792,
          0.4261,  0.0757,  0.2252, -0.1732,  0.0063,  0.3574,  0.1408, -0.4019],
        [-0.5038,  0.3977, -0.2094, -0.2837,  0.3506, -0.0574,  0.6339,  0.1025,
          0.3526,  0.2764, -0.1731, -0.1249, -0.2156,  0.1564,  0.1474, -0.4424],
        [ 0.1246, -0.2750,  0.3583,  0.2776, -0.1992,  0.1068, -0.6298, -0.5632,
         -0.4701, -0.0913,  0.0152,  0.1754, -0.0303, -0.1199, -0.4134,  0.3102]],
       device='cuda:0', requires_grad=True)

Parameter name: road_linear_0.bias
Shape: torch.Size([32])
Values: Parameter containing:
tensor([-0.2390,  0.1141,  0.2060, -0.0974,  0.0069, -0.1001,  0.0617,  0.0907,
        -0.2367, -0.0749,  0.0282,  0.0491,  0.1031,  0.0777,  0.0101,  0.0717,
        -0.1549,  0.0793, -0.0164, -0.0866,  0.0072, -0.0491, -0.1182, -0.1599,
        -0.1325,  0.1587,  0.1225,  0.0347, -0.0873, -0.1246,  0.1269, -0.1943],
       device='cuda:0', requires_grad=True)

Parameter name: road_linear_1.weight
Shape: torch.Size([1, 32])
Values: Parameter containing:
tensor([[ 0.6696,  0.7158,  0.6390, -0.6675,  0.7692,  0.8045, -0.6554, -0.7732,
         -0.7186,  0.8188,  0.6682,  0.8207, -0.7176, -0.7809,  0.7046, -0.6931,
         -0.6833,  0.7222,  0.6453, -0.6346,  0.7607, -0.5948, -0.7644, -0.7353,
         -0.7274, -0.7912, -0.6687,  0.7627, -0.7661,  0.7498,  0.7091, -0.6258]],
       device='cuda:0', requires_grad=True)

Parameter name: linear_0.weight
Shape: torch.Size([32, 39])
Values: Parameter containing:
tensor([[ 0.2861,  0.2080, -0.0162,  ...,  0.1025, -0.1859, -0.1137],
        [-0.1112, -0.2119,  0.1729,  ...,  0.0035, -0.4101,  0.0871],
        [ 0.0211,  0.1782,  0.0755,  ...,  0.1514,  0.1405,  0.0345],
        ...,
        [-0.0473, -0.2044,  0.0701,  ..., -0.1357, -0.1849, -0.1180],
        [ 0.0257, -0.0786, -0.0117,  ..., -0.1641,  0.0219,  0.1557],
        [-0.0699,  0.1687, -0.0319,  ..., -0.0525,  0.0332, -0.0509]],
       device='cuda:0', requires_grad=True)

Parameter name: linear_0.bias
Shape: torch.Size([32])
Values: Parameter containing:
tensor([ 0.0487,  0.0640, -0.1554, -0.0515, -0.0558,  0.0397, -0.1260,  0.1103,
        -0.0432,  0.1497,  0.0216, -0.0466, -0.0599,  0.0685, -0.0748, -0.0461,
         0.1094, -0.1396, -0.0467,  0.0515, -0.0811,  0.1449,  0.0982, -0.0608,
         0.0093,  0.1190,  0.0154, -0.1372,  0.0861,  0.1816,  0.0831, -0.1346],
       device='cuda:0', requires_grad=True)

Parameter name: linear_1.weight
Shape: torch.Size([32, 32])
Values: Parameter containing:
tensor([[ 0.1852, -0.2004, -0.1108,  ..., -0.0524, -0.1201,  0.1644],
        [ 0.0548,  0.0049,  0.1484,  ..., -0.0378, -0.0364,  0.2484],
        [-0.1158, -0.0889, -0.1830,  ...,  0.0208,  0.0450,  0.0064],
        ...,
        [-0.0812,  0.0272,  0.0742,  ...,  0.1969, -0.1529,  0.1292],
        [ 0.2470, -0.1063,  0.0873,  ...,  0.0614,  0.1854,  0.0198],
        [ 0.2201, -0.0583,  0.2508,  ...,  0.0802,  0.1035,  0.1096]],
       device='cuda:0', requires_grad=True)

Parameter name: linear_1.bias
Shape: torch.Size([32])
Values: Parameter containing:
tensor([ 0.0602,  0.0208,  0.0594,  0.0233, -0.0738, -0.1275,  0.0628, -0.1819,
         0.0227, -0.0665,  0.2325, -0.1875,  0.0784,  0.1024, -0.2243, -0.0250,
        -0.0488, -0.1058, -0.0666, -0.1077,  0.1015,  0.2006, -0.1045,  0.2087,
        -0.1513, -0.0567,  0.1402, -0.1464, -0.0418,  0.0009, -0.0004, -0.0615],
       device='cuda:0', requires_grad=True)

Parameter name: linear_2.weight
Shape: torch.Size([1, 32])
Values: Parameter containing:
tensor([[ 0.3407,  0.2446, -0.3464, -0.3031,  0.2129,  0.2089, -0.2360,  0.2691,
          0.2389, -0.2518, -0.2283,  0.2219,  0.2317, -0.2034,  0.2686,  0.2213,
         -0.3235, -0.3310,  0.1948,  0.2264, -0.2898, -0.2703, -0.3406, -0.1587,
          0.3038,  0.3401, -0.3251,  0.3196, -0.2422, -0.3141,  0.3176,  0.3124]],
       device='cuda:0', requires_grad=True)

Parameter name: linear_2.bias
Shape: torch.Size([1])
Values: Parameter containing:
tensor([-0.1457], device='cuda:0', requires_grad=True)

