Parameter name: road_linear_0.weight
Shape: torch.Size([32, 16])
Values: Parameter containing:
tensor([[-0.3162,  0.4990,  0.0601, -0.0527,  0.3791,  0.2011,  0.4049,  0.1578,
          0.3741,  0.1909,  0.1103, -0.3223, -0.4116, -0.2887,  0.3829,  0.0971],
        [-0.1165, -0.1408,  0.0584, -0.1210,  0.1551,  0.2261,  0.0574,  0.3548,
          0.7235, -0.0363,  0.2652, -0.4604,  0.0538,  0.1073,  0.6961,  0.0632],
        [ 0.1634, -0.2348,  0.3567, -0.1073, -0.3639, -0.3544, -0.2298, -0.6376,
         -0.1859, -0.0551,  0.1191,  0.1639,  0.6500,  0.3027, -0.1221,  0.2771],
        [ 0.0652, -0.1279, -0.1303,  0.0810, -0.1579, -0.1382, -0.0024, -0.2492,
         -0.7038, -0.1883, -0.1885,  0.4935,  0.1973, -0.3360, -0.4476, -0.0417],
        [ 0.0681,  0.2838,  0.0168, -0.1538,  0.2967,  0.0442, -0.0499,  0.4996,
          0.4434,  0.1034,  0.3051, -0.2994,  0.0203, -0.0606,  0.5295, -0.0014],
        [-0.0969,  0.5312, -0.3397,  0.3853,  0.5722, -0.0067,  0.4263,  0.1607,
          0.3937,  0.1968, -0.2966, -0.2586, -0.4059,  0.1494,  0.4727, -0.0939],
        [ 0.2084, -0.0436,  0.2221, -0.0544, -0.2205, -0.1572, -0.1015, -0.4101,
         -0.5477,  0.1545, -0.0935,  0.2174, -0.0725,  0.0366, -0.5115, -0.0025],
        [-0.2025,  0.0480,  0.1826, -0.2276, -0.5178, -0.2364, -0.0277, -0.4461,
         -0.4733, -0.0515, -0.1172,  0.2040,  0.2756, -0.2629, -0.3048,  0.2104],
        [-0.1071,  0.0604,  0.1368, -0.1292, -0.2861, -0.2997, -0.0626, -0.3286,
         -0.3349, -0.1395, -0.2695,  0.2927, -0.1045,  0.0064, -0.6725, -0.0493],
        [-0.1468,  0.1044,  0.0665, -0.1276,  0.2432,  0.1258, -0.0424,  0.4450,
          0.6128, -0.1717,  0.3092, -0.1984, -0.2157,  0.0712,  0.4846, -0.0584],
        [-0.2713,  0.4491,  0.0656, -0.1204,  0.1785,  0.3788,  0.2374,  0.3123,
          0.6179,  0.1331,  0.0663, -0.1771, -0.2667,  0.2359,  0.1935, -0.2358],
        [ 0.0275,  0.1111,  0.1570, -0.0425,  0.3677,  0.0565,  0.2585,  0.3514,
          0.4913,  0.1696,  0.3555, -0.1325, -0.3933, -0.0666,  0.3454, -0.0512],
        [ 0.2099, -0.0398,  0.0103, -0.0767, -0.2871,  0.0341, -0.0511, -0.5221,
         -0.6426,  0.0378, -0.0968,  0.2051, -0.0453,  0.0336, -0.4745, -0.0828],
        [ 0.0465,  0.1783,  0.1855,  0.1185, -0.4710,  0.0097,  0.0661, -0.2698,
         -0.5666,  0.0187, -0.2905,  0.2929,  0.0620, -0.1095, -0.6504,  0.0801],
        [-0.2169, -0.0900,  0.1064, -0.1651,  0.5560,  0.3631, -0.0172,  0.3216,
          0.3133,  0.0046,  0.1910, -0.5080, -0.0323,  0.0528,  0.3447, -0.0101],
        [-0.1352, -0.3509,  0.0940,  0.1319, -0.4966, -0.0278, -0.1918, -0.4910,
         -0.4473,  0.0525, -0.0324,  0.5753,  0.1724, -0.1426, -0.1236,  0.0230],
        [ 0.0987,  0.0908, -0.0214, -0.1834, -0.4742,  0.0230,  0.0559, -0.1671,
         -0.6544,  0.0258,  0.0499,  0.4421,  0.2714,  0.0522, -0.3940, -0.2284],
        [-0.2181,  0.2799, -0.1249,  0.0494,  0.2948,  0.2544,  0.3151,  0.4125,
          0.2545,  0.1758, -0.0775, -0.3618, -0.2334, -0.0944,  0.3829, -0.0802],
        [ 0.2669, -0.3301,  0.0793, -0.2311, -0.4539, -0.3611, -0.4090, -0.1866,
         -0.5973, -0.0671,  0.1624,  0.1312,  0.4232,  0.1977, -0.1676,  0.1638],
        [ 0.4204, -0.3176,  0.2136, -0.0477, -0.6063, -0.2321, -0.5002, -0.2023,
         -0.2542, -0.2301,  0.0850,  0.4584,  0.1499,  0.0632, -0.2072,  0.1792],
        [-0.0600,  0.2508,  0.1018, -0.1766,  0.3806, -0.0604,  0.2791,  0.4995,
          0.3481, -0.0689, -0.0556, -0.3493, -0.1694, -0.0618,  0.4735, -0.1353],
        [-0.0192,  0.0349,  0.0563,  0.3135,  0.2968,  0.1062,  0.2491,  0.1935,
          0.3734,  0.1542,  0.3082, -0.5225, -0.2915, -0.2667,  0.2162,  0.1307],
        [ 0.4005, -0.3696, -0.0093, -0.1107, -0.2518, -0.3755, -0.4207, -0.4318,
         -0.4471, -0.1069,  0.2801,  0.4104,  0.1157,  0.2627, -0.0832,  0.1917],
        [ 0.0212,  0.0672,  0.1109, -0.1937, -0.3067, -0.0851, -0.0260, -0.4122,
         -0.5676, -0.1021, -0.1848,  0.4476,  0.1801, -0.1107, -0.3945, -0.1865],
        [ 0.0451, -0.3559, -0.0139,  0.0074, -0.0835, -0.1966,  0.1426, -0.3453,
         -0.7003,  0.2395,  0.1069,  0.1594, -0.0062,  0.0629, -0.5553,  0.1827],
        [-0.1270, -0.1240, -0.1037,  0.2140, -0.3186, -0.1708,  0.0676, -0.4943,
         -0.4451, -0.1638, -0.3683,  0.2063,  0.1175,  0.1429, -0.5972, -0.0743],
        [ 0.3739, -0.2158,  0.3037, -0.3378, -0.4616, -0.1297, -0.5966, -0.2676,
         -0.5937, -0.0095,  0.2285,  0.3004,  0.4959,  0.3206, -0.1112,  0.3417],
        [-0.2125,  0.2601,  0.1637,  0.1048,  0.5224, -0.0105,  0.3243,  0.3632,
          0.2151, -0.0396,  0.2821, -0.4503, -0.2515, -0.0683,  0.2214, -0.0019],
        [ 0.1830, -0.1510, -0.0156, -0.0171, -0.4736, -0.2274, -0.0926, -0.5064,
         -0.2347,  0.0285, -0.0290,  0.3030,  0.3905,  0.1598, -0.1763,  0.1405],
        [-0.3459,  0.3763, -0.2867,  0.2345,  0.1776,  0.1562,  0.5040,  0.5022,
          0.5291,  0.2126,  0.0541, -0.2630, -0.1430,  0.0704,  0.2742, -0.2351],
        [-0.2989,  0.2451,  0.0341, -0.0496,  0.4428,  0.3623,  0.4771,  0.1799,
          0.4236,  0.2595, -0.3390, -0.2100, -0.5151, -0.2052,  0.2056, -0.2025],
        [-0.1124, -0.0698,  0.0676,  0.0744, -0.1275, -0.2485, -0.3086, -0.5315,
         -0.5670, -0.0962,  0.0056,  0.1377, -0.0508,  0.0687, -0.4965,  0.0406]],
       device='cuda:0', requires_grad=True)

Parameter name: road_linear_0.bias
Shape: torch.Size([32])
Values: Parameter containing:
tensor([-0.1167,  0.1396,  0.2077, -0.2088,  0.1745, -0.1711, -0.0141,  0.1336,
        -0.1230,  0.1314, -0.0566,  0.1034, -0.0346, -0.0884,  0.1440, -0.0305,
        -0.1658, -0.0811,  0.2200,  0.1431,  0.0883, -0.1037,  0.1121, -0.1011,
        -0.2097, -0.0315,  0.2492,  0.0539, -0.0051, -0.2704, -0.0943, -0.0513],
       device='cuda:0', requires_grad=True)

Parameter name: road_linear_1.weight
Shape: torch.Size([1, 32])
Values: Parameter containing:
tensor([[ 0.5266,  0.6694, -0.4545, -0.5751,  0.6477,  0.6198, -0.5887, -0.6582,
         -0.5936,  0.7044,  0.5171,  0.6835, -0.5904, -0.7485,  0.6049, -0.5846,
         -0.6114,  0.5902, -0.4267, -0.4625,  0.7366,  0.5145, -0.5741, -0.6792,
         -0.6426, -0.6750, -0.5283,  0.6463, -0.6010,  0.6431,  0.4815, -0.5167]],
       device='cuda:0', requires_grad=True)

Parameter name: linear_0.weight
Shape: torch.Size([32, 39])
Values: Parameter containing:
tensor([[-0.0228,  0.1004,  0.0536,  ...,  0.1934, -0.5356, -0.1137],
        [-0.1390, -0.0356,  0.1400,  ...,  0.0538, -0.4935,  0.0871],
        [ 0.0277, -0.0402,  0.0224,  ...,  0.0643,  0.4911,  0.0345],
        ...,
        [ 0.1396, -0.1573, -0.0410,  ..., -0.1694,  0.2055, -0.1180],
        [ 0.1126, -0.2141, -0.0744,  ..., -0.2303,  0.3562,  0.1557],
        [-0.2180,  0.1813,  0.0693,  ...,  0.0824, -0.4785, -0.0509]],
       device='cuda:0', requires_grad=True)

Parameter name: linear_0.bias
Shape: torch.Size([32])
Values: Parameter containing:
tensor([ 0.0853,  0.0278, -0.0615, -0.1359, -0.0848,  0.0414, -0.0841,  0.0710,
        -0.0390,  0.0478,  0.0508,  0.0169, -0.0250,  0.1060, -0.0224, -0.0169,
         0.0528, -0.1658, -0.0011,  0.0930, -0.0941, -0.0026,  0.1189,  0.0553,
        -0.1098,  0.1129,  0.0598, -0.1530,  0.0455,  0.1979,  0.1817, -0.1034],
       device='cuda:0', requires_grad=True)

Parameter name: linear_1.weight
Shape: torch.Size([32, 32])
Values: Parameter containing:
tensor([[ 0.0938, -0.2179,  0.0021,  ...,  0.1090, -0.0030,  0.0643],
        [-0.1897, -0.0611,  0.2032,  ...,  0.2042,  0.0110,  0.0367],
        [ 0.1315, -0.0295, -0.2422,  ..., -0.1787, -0.0163,  0.2113],
        ...,
        [ 0.1386,  0.0899,  0.0237,  ...,  0.0423, -0.2290,  0.3299],
        [ 0.0484, -0.2243,  0.1499,  ...,  0.3319,  0.2716, -0.1314],
        [ 0.0154, -0.1358,  0.2861,  ...,  0.2719,  0.1497, -0.0582]],
       device='cuda:0', requires_grad=True)

Parameter name: linear_1.bias
Shape: torch.Size([32])
Values: Parameter containing:
tensor([ 0.1537,  0.1945, -0.0682, -0.1595,  0.0407, -0.0031, -0.1000,  0.0627,
         0.2168, -0.1773,  0.1361, -0.1847,  0.2447,  0.0729, -0.0616,  0.2170,
         0.0140, -0.1948,  0.0656,  0.0719, -0.0872,  0.0621, -0.2369,  0.2308,
         0.0138, -0.0829,  0.0808,  0.0097, -0.1999, -0.0815,  0.2064,  0.0603],
       device='cuda:0', requires_grad=True)

Parameter name: linear_2.weight
Shape: torch.Size([1, 32])
Values: Parameter containing:
tensor([[ 1.0815,  1.0085, -1.0681, -1.0468,  0.9156,  0.9323, -0.9833,  0.8987,
          0.9651, -1.0336, -0.9463,  0.9501,  0.9486,  0.9586,  0.9717,  0.9452,
         -1.0640, -1.0906,  0.9444,  0.9340, -0.9940, -0.9925, -1.0975,  0.9493,
          1.0359,  1.0718, -1.0689,  1.0469, -0.9868, -1.0887,  0.9941,  1.0676]],
       device='cuda:0', requires_grad=True)

Parameter name: linear_2.bias
Shape: torch.Size([1])
Values: Parameter containing:
tensor([0.8212], device='cuda:0', requires_grad=True)

