Parameter name: road_linear_0.weight
Shape: torch.Size([32, 16])
Values: Parameter containing:
tensor([[-0.0066,  0.4059,  0.3075, -0.3354, -0.1754, -0.1489, -0.0429, -0.3621,
         -0.2085, -0.0685, -0.0323,  0.1731, -0.2913, -0.0649,  0.0199,  0.3789],
        [-0.2462, -0.3996, -0.1022, -0.0015, -0.0368,  0.2430,  0.1419,  0.1384,
          0.3951,  0.1318,  0.3031, -0.2432,  0.3512, -0.0355,  0.2962, -0.0885],
        [ 0.0848,  0.3037,  0.3881, -0.1359, -0.0805, -0.3412, -0.0574, -0.4115,
         -0.0124, -0.0772, -0.1588, -0.0633,  0.0388,  0.3500,  0.0379,  0.2783],
        [ 0.2822,  0.1320,  0.0997, -0.0998, -0.0568, -0.2104, -0.1519, -0.0949,
         -0.4349, -0.4235, -0.2238,  0.3652, -0.0665, -0.1068, -0.1637,  0.1784],
        [-0.0924,  0.0237, -0.1731, -0.0149,  0.1520,  0.0824,  0.0233,  0.3010,
          0.1459,  0.2975,  0.3511, -0.1449,  0.3113, -0.2375,  0.2458, -0.1702],
        [-0.0130,  0.0526, -0.3720,  0.4218,  0.3388, -0.0176,  0.2576, -0.0330,
          0.2700,  0.2236, -0.0756, -0.0845,  0.1099,  0.1189,  0.3723, -0.0981],
        [ 0.3659,  0.2586,  0.4101, -0.1938, -0.0496, -0.2078, -0.1671, -0.2205,
         -0.2600, -0.0286, -0.0523,  0.0490, -0.3497,  0.2146, -0.2541,  0.1618],
        [-0.0602,  0.3720,  0.3637, -0.3674, -0.3374, -0.2990, -0.0852, -0.2562,
         -0.2098, -0.2241, -0.0983,  0.0252, -0.0302, -0.0899, -0.0804,  0.3691],
        [ 0.0284,  0.3634,  0.3020, -0.2497, -0.0384, -0.3439, -0.1326, -0.0833,
          0.0484, -0.3130, -0.2855,  0.0392, -0.4067,  0.1616, -0.2451,  0.1032],
        [-0.2929, -0.1728, -0.1088,  0.0044,  0.0729,  0.1613,  0.0449,  0.2292,
          0.2784,  0.0077,  0.3638,  0.0007,  0.1010, -0.0926,  0.1478, -0.2207],
        [-0.3652,  0.0047, -0.0784, -0.0110, -0.0444,  0.4369,  0.2361,  0.1219,
          0.3687,  0.2727,  0.2305,  0.0058,  0.1818,  0.0972, -0.0280, -0.3575],
        [-0.1338, -0.2096, -0.0369,  0.1047,  0.1738,  0.1325,  0.3598,  0.1489,
          0.1763,  0.3630,  0.4085,  0.0644, -0.0712, -0.2650, -0.0121, -0.2298],
        [ 0.3314,  0.3037,  0.1698, -0.1827, -0.0899,  0.0284, -0.0607, -0.2980,
         -0.3205, -0.1092, -0.1823,  0.0160, -0.4219,  0.1630, -0.1967,  0.0489],
        [ 0.2063,  0.4096,  0.3716, -0.0186, -0.3028, -0.0212, -0.0195, -0.0595,
         -0.2157, -0.1692, -0.2841,  0.0978, -0.1916,  0.0633, -0.2838,  0.2503],
        [-0.3759, -0.3641, -0.0749, -0.0261,  0.3608,  0.4046,  0.0927,  0.1039,
         -0.0205,  0.1916,  0.1972, -0.2973,  0.2434, -0.1204,  0.0262, -0.1794],
        [-0.0668,  0.0291,  0.2128,  0.0438, -0.3291, -0.0219, -0.1753, -0.2844,
         -0.2230, -0.0748, -0.1527,  0.4022, -0.2537, -0.0173,  0.0861,  0.1135],
        [ 0.3254,  0.3378,  0.2157, -0.3729, -0.3714, -0.0563, -0.0955, -0.0099,
         -0.3847, -0.2072,  0.0653,  0.2956,  0.0451,  0.3052, -0.0934, -0.0007],
        [-0.3015, -0.0756, -0.2578,  0.1597,  0.1388,  0.3080,  0.2860,  0.2706,
          0.1559,  0.3001,  0.0207, -0.2426,  0.1064, -0.2291,  0.2574, -0.1954],
        [ 0.2193,  0.1659,  0.1446, -0.2919, -0.1992, -0.3674, -0.2888,  0.0407,
         -0.4520, -0.1137, -0.1210, -0.0885, -0.1269,  0.2987,  0.0039,  0.2023],
        [ 0.3734,  0.1922,  0.2794, -0.1066, -0.3045, -0.2340, -0.3401,  0.0413,
         -0.0537, -0.2890, -0.1799,  0.2360, -0.3936,  0.1184,  0.0783,  0.2161],
        [-0.1878, -0.0109, -0.0612, -0.0507,  0.2774, -0.0268,  0.3014,  0.3630,
          0.1970,  0.0874,  0.0152, -0.2725,  0.1170, -0.2160,  0.3486, -0.2776],
        [-0.0699, -0.4111, -0.0512,  0.3947, -0.0373,  0.1113,  0.2370, -0.0761,
          0.0257,  0.2667,  0.3973, -0.2426,  0.1656, -0.3651, -0.1249,  0.0386],
        [ 0.3676,  0.0901,  0.0625, -0.1792,  0.0077, -0.3966, -0.2897, -0.2155,
         -0.2629, -0.1682,  0.0484,  0.2002, -0.3824,  0.3254,  0.1316,  0.2401],
        [ 0.2640,  0.2482,  0.3545, -0.3877, -0.2400, -0.1775, -0.1723, -0.2809,
         -0.3651, -0.3404, -0.1485,  0.3418,  0.0192,  0.1452, -0.1544,  0.0459],
        [ 0.2130, -0.0343,  0.1807, -0.1437,  0.0621, -0.2668,  0.0501, -0.1691,
         -0.3763,  0.0398,  0.0425, -0.0064, -0.3350,  0.2606, -0.2756,  0.3643],
        [ 0.0482,  0.0989,  0.1008,  0.0611, -0.2158, -0.2117, -0.0190, -0.3207,
         -0.1788, -0.3664, -0.3710,  0.1002, -0.1403,  0.3272, -0.3580,  0.1043],
        [ 0.2275,  0.2636,  0.3131, -0.3659, -0.1760, -0.1062, -0.3505, -0.0175,
         -0.3973, -0.0113, -0.0632,  0.0837, -0.0752,  0.3112,  0.1471,  0.3175],
        [-0.3216, -0.1093,  0.0076,  0.2207,  0.2986,  0.0259,  0.3524,  0.1532,
         -0.0495,  0.1147,  0.3806, -0.2582,  0.1286, -0.2228, -0.0606, -0.1368],
        [ 0.3146,  0.2036,  0.1537, -0.1531, -0.3036, -0.2983, -0.1453, -0.3417,
         -0.0356, -0.1302, -0.1101,  0.1394,  0.0409,  0.3360,  0.0426,  0.2936],
        [-0.2703, -0.0548, -0.3240,  0.2637, -0.0812,  0.1462,  0.3252,  0.2906,
          0.3633,  0.2410,  0.2354, -0.0710,  0.3197,  0.0514,  0.1046, -0.2404],
        [-0.2977, -0.2436, -0.0622,  0.0433,  0.2003,  0.4003,  0.3816, -0.0227,
          0.2471,  0.3451, -0.0817, -0.0133,  0.0198, -0.3008, -0.0218, -0.2762],
        [ 0.0491,  0.2484,  0.2540, -0.0626,  0.0141, -0.3119, -0.3916, -0.3491,
         -0.3374, -0.2761, -0.0486, -0.0276, -0.3468,  0.2844, -0.2126,  0.2046]],
       device='cuda:0', requires_grad=True)

Parameter name: road_linear_0.bias
Shape: torch.Size([32])
Values: Parameter containing:
tensor([-0.0622, -0.0171,  0.0008, -0.0381,  0.0151, -0.2330,  0.1005,  0.1313,
        -0.0470, -0.0050,  0.0447,  0.0759,  0.1347,  0.0800,  0.0565, -0.0234,
        -0.0170, -0.0388,  0.0886, -0.0216, -0.0936, -0.0911, -0.0303,  0.0399,
        -0.0579,  0.1348,  0.1673,  0.0407, -0.0937, -0.1837,  0.0232,  0.0185],
       device='cuda:0', requires_grad=True)

Parameter name: road_linear_1.weight
Shape: torch.Size([1, 32])
Values: Parameter containing:
tensor([[-0.1937,  0.2862, -0.2038, -0.2324,  0.2719,  0.3173, -0.2625, -0.3569,
         -0.3034,  0.3059,  0.2374,  0.3500, -0.2367, -0.3767,  0.2650, -0.1635,
         -0.2967,  0.3126, -0.2028, -0.2196,  0.3630,  0.2952, -0.3515, -0.3592,
         -0.2411, -0.3000, -0.3010,  0.3172, -0.3306,  0.3625,  0.2780, -0.2127]],
       device='cuda:0', requires_grad=True)

Parameter name: linear_0.weight
Shape: torch.Size([32, 39])
Values: Parameter containing:
tensor([[-0.0049,  0.0853,  0.0768,  ...,  0.1914, -0.3037, -0.1137],
        [-0.0816, -0.0683,  0.1193,  ...,  0.1045, -0.2809,  0.0871],
        [-0.1031,  0.1209,  0.1008,  ...,  0.1895,  0.0484,  0.0345],
        ...,
        [ 0.1094, -0.1306, -0.0337,  ..., -0.1769, -0.0326, -0.1180],
        [ 0.0460, -0.1758, -0.0427,  ..., -0.2619,  0.0866,  0.1557],
        [-0.1943,  0.1285,  0.0552,  ...,  0.0688, -0.2349, -0.0509]],
       device='cuda:0', requires_grad=True)

Parameter name: linear_0.bias
Shape: torch.Size([32])
Values: Parameter containing:
tensor([ 0.0490,  0.0348, -0.1008, -0.1530, -0.0791,  0.0091, -0.1047,  0.0378,
        -0.0308,  0.0590,  0.0252,  0.0013,  0.0004,  0.0997, -0.0483, -0.0077,
         0.0445, -0.1645,  0.0002,  0.0782, -0.0608,  0.0211,  0.1097,  0.0187,
        -0.1113,  0.0974,  0.0435, -0.0913,  0.0426,  0.1957,  0.1668, -0.1285],
       device='cuda:0', requires_grad=True)

Parameter name: linear_1.weight
Shape: torch.Size([32, 32])
Values: Parameter containing:
tensor([[ 0.0533, -0.1637, -0.1858,  ...,  0.0354, -0.0465,  0.0636],
        [-0.2186, -0.0128, -0.0201,  ...,  0.1359, -0.0319,  0.0472],
        [ 0.1462, -0.0531, -0.0405,  ..., -0.1382,  0.0070,  0.1856],
        ...,
        [ 0.1329,  0.0662,  0.1935,  ...,  0.0959, -0.1803,  0.2489],
        [-0.0187, -0.1274, -0.0545,  ...,  0.2290,  0.2064, -0.1708],
        [-0.0068, -0.1043,  0.1217,  ...,  0.2157,  0.1218, -0.0449]],
       device='cuda:0', requires_grad=True)

Parameter name: linear_1.bias
Shape: torch.Size([32])
Values: Parameter containing:
tensor([ 0.1005,  0.1454, -0.0440, -0.0934, -0.1118, -0.1715, -0.0553, -0.0348,
         0.1322, -0.1604,  0.1247, -0.1235,  0.1904,  0.0820, -0.1184,  0.1119,
        -0.1397, -0.1724,  0.0708,  0.0077, -0.0094,  0.0892, -0.2070,  0.2094,
        -0.0496, -0.0068,  0.0770, -0.0364, -0.1411, -0.0662,  0.1148,  0.0250],
       device='cuda:0', requires_grad=True)

Parameter name: linear_2.weight
Shape: torch.Size([1, 32])
Values: Parameter containing:
tensor([[ 0.3436,  0.2657, -0.3024, -0.3346, -0.1843, -0.1800, -0.2495,  0.2090,
          0.2468, -0.2627, -0.2120,  0.2284,  0.2379,  0.1951,  0.2518,  0.2344,
         -0.3362, -0.3420,  0.1843,  0.2259, -0.2886, -0.2399, -0.3418,  0.1925,
          0.3040,  0.3600, -0.3149,  0.3284, -0.2490, -0.3401,  0.3023,  0.3446]],
       device='cuda:0', requires_grad=True)

Parameter name: linear_2.bias
Shape: torch.Size([1])
Values: Parameter containing:
tensor([0.1047], device='cuda:0', requires_grad=True)

Parameter name: road_linear_0.weight
Shape: torch.Size([32, 16])
Values: Parameter containing:
tensor([[ 1.6636e-02,  3.8067e-01,  3.3106e-01, -3.4985e-01, -1.7912e-02,
         -1.8664e-01, -7.2999e-02, -3.8998e-01, -1.7430e-01, -9.2824e-02,
          1.8263e-02,  1.6812e-01,  3.8420e-02, -7.7567e-02,  3.1901e-01,
          3.7181e-01],
        [-2.7394e-01, -3.6352e-01, -1.2957e-01,  1.1059e-02, -1.7588e-01,
          2.8583e-01,  1.8672e-01,  1.5850e-01,  3.8931e-01,  1.3769e-01,
          2.3443e-01, -2.5815e-01,  2.9901e-02, -1.9990e-02,  7.3591e-03,
         -8.8680e-02],
        [ 1.0509e-01,  2.6982e-01,  4.0997e-01, -1.4480e-01,  1.4529e-01,
         -3.8383e-01, -7.0081e-02, -4.1762e-01,  5.2886e-02, -8.9541e-02,
         -1.0439e-01, -6.2314e-02,  3.7843e-01,  2.8612e-01,  4.3766e-01,
          2.7201e-01],
        [ 2.9959e-01,  9.7651e-02,  1.1795e-01, -9.9283e-02,  1.1524e-01,
         -2.4156e-01, -1.7979e-01, -9.3519e-02, -4.0672e-01, -4.1551e-01,
         -1.2403e-01,  3.5823e-01,  2.6498e-01, -1.4127e-01,  1.4803e-01,
          1.7236e-01],
        [-1.1236e-01,  7.9557e-02, -1.9299e-01, -7.8876e-03,  1.4749e-02,
          1.2245e-01,  6.3008e-02,  3.1836e-01,  1.3713e-01,  2.9947e-01,
          2.6579e-01, -1.5647e-01, -1.2907e-02, -2.0723e-01, -7.3924e-02,
         -1.4983e-01],
        [-2.1539e-02,  1.0838e-01, -3.8140e-01,  4.1226e-01,  1.2098e-01,
          6.2324e-03,  2.7613e-01, -4.9422e-02,  2.3348e-01,  2.1415e-01,
         -1.0796e-01, -6.5471e-02, -2.1296e-01,  1.3988e-01,  3.7660e-02,
         -8.2887e-02],
        [ 3.9554e-01,  2.2234e-01,  4.3707e-01, -2.0462e-01,  1.3570e-01,
         -2.5532e-01, -2.1281e-01, -2.3848e-01, -2.4761e-01, -3.2567e-02,
         -2.8303e-02,  6.0953e-02, -5.2989e-02,  2.0701e-01, -1.2790e-02,
          1.6680e-01],
        [-4.1278e-02,  3.3349e-01,  3.8011e-01, -3.6569e-01, -1.4094e-01,
         -3.3707e-01, -1.1272e-01, -2.4813e-01, -1.7843e-01, -2.1985e-01,
         -7.9971e-02,  1.8161e-02,  2.4003e-01, -1.0062e-01,  1.6340e-01,
          3.6961e-01],
        [ 5.0936e-02,  3.2151e-01,  3.2354e-01, -2.6217e-01,  3.9109e-02,
         -3.7919e-01, -1.7800e-01, -1.0672e-01,  5.2894e-02, -3.1190e-01,
         -1.1899e-01,  6.3883e-02, -1.0817e-01,  1.1085e-01,  1.2253e-03,
          9.4626e-02],
        [-3.0309e-01, -1.1596e-01, -1.1920e-01, -4.2914e-04, -6.9441e-02,
          1.8911e-01,  6.4014e-02,  2.3376e-01,  2.5641e-01, -2.2804e-03,
          2.6163e-01, -2.5214e-03, -2.2771e-01, -4.6735e-02, -1.7923e-01,
         -1.9676e-01],
        [-3.7364e-01,  4.8058e-02, -8.7213e-02, -2.2203e-02, -1.8279e-01,
          4.6305e-01,  2.5055e-01,  1.2122e-01,  3.3737e-01,  2.5652e-01,
          7.8350e-02,  1.0939e-02, -1.4251e-01,  1.5729e-01, -3.9225e-01,
         -3.3811e-01],
        [-1.4493e-01, -1.6578e-01, -4.6842e-02,  1.0551e-01,  1.0415e-01,
          1.5556e-01,  3.8846e-01,  1.5922e-01,  1.6399e-01,  3.4847e-01,
          1.6532e-01,  5.4432e-02, -3.7788e-01, -1.7793e-01, -2.5628e-01,
         -2.0462e-01],
        [ 3.6655e-01,  2.6013e-01,  2.0793e-01, -2.0249e-01,  9.7701e-02,
         -3.0785e-02, -1.1341e-01, -3.2228e-01, -3.2620e-01, -1.2959e-01,
         -1.4163e-01,  2.2891e-02, -5.8870e-02,  1.6714e-01,  1.6521e-01,
          4.6916e-02],
        [ 2.3279e-01,  3.7516e-01,  3.9650e-01, -2.9858e-02, -1.6370e-01,
         -6.0918e-02, -6.8339e-02, -7.5913e-02, -2.0999e-01, -1.7273e-01,
         -2.2665e-01,  1.1241e-01,  1.0308e-01,  4.7938e-02, -4.4358e-02,
          2.5308e-01],
        [-3.9789e-01, -3.2644e-01, -9.5944e-02, -2.4993e-02,  1.9297e-01,
          4.5086e-01,  1.2302e-01,  1.1778e-01, -4.1357e-02,  1.9104e-01,
          1.4099e-01, -3.0738e-01, -6.5235e-02, -9.9160e-02, -2.8290e-01,
         -1.7681e-01],
        [-9.7227e-02, -9.4585e-02,  1.8183e-01,  1.0048e-01, -1.2940e-01,
         -8.3941e-03, -1.4640e-01, -2.2984e-01, -1.1864e-01, -1.8185e-02,
         -4.8528e-02,  3.5896e-01,  5.4842e-02, -1.0171e-01,  3.9187e-01,
          4.7454e-02],
        [ 3.3876e-01,  2.9739e-01,  2.2838e-01, -3.7326e-01, -1.9462e-01,
         -8.0121e-02, -1.2807e-01, -5.0795e-04, -3.5723e-01, -1.9761e-01,
          1.2406e-01,  2.8339e-01,  3.3118e-01,  2.7398e-01,  1.3279e-01,
         -8.1183e-03],
        [-3.2239e-01, -4.2687e-02, -2.7585e-01,  1.6174e-01, -2.1335e-02,
          3.4655e-01,  3.1923e-01,  2.7775e-01,  1.3632e-01,  2.9607e-01,
         -2.4472e-02, -2.4567e-01, -1.5465e-01, -2.1076e-01,  3.5347e-02,
         -1.9493e-01],
        [ 2.5829e-01,  1.5040e-01,  1.8534e-01, -3.1905e-01, -8.2412e-03,
         -4.2346e-01, -3.1590e-01,  1.9256e-02, -3.9430e-01, -1.4395e-01,
         -4.9080e-02, -7.5497e-02,  1.8352e-01,  2.3441e-01,  3.7717e-01,
          2.1387e-01],
        [ 3.9393e-01,  1.5785e-01,  2.9881e-01, -1.1042e-01, -1.6966e-01,
         -2.7306e-01, -3.7880e-01,  2.6407e-02, -3.7608e-02, -2.8440e-01,
         -7.4409e-02,  2.4683e-01, -9.1358e-02,  8.2113e-02,  3.3106e-01,
          2.1178e-01],
        [-2.0152e-01,  3.7682e-02, -7.5301e-02, -5.1007e-02,  1.0634e-01,
          3.4654e-03,  3.3174e-01,  3.6270e-01,  1.7210e-01,  8.4270e-02,
         -3.3567e-02, -2.6787e-01, -1.6771e-01, -2.0320e-01,  4.9110e-02,
         -2.6779e-01],
        [-7.8517e-02, -3.5705e-01, -5.9654e-02,  3.8691e-01, -1.5903e-01,
          1.3899e-01,  2.5052e-01, -7.1560e-02, -5.3319e-04,  2.5364e-01,
          2.5965e-01, -2.4858e-01, -1.3031e-01, -3.1230e-01, -4.4168e-01,
          5.9156e-02],
        [ 3.8152e-01,  5.1153e-02,  7.4616e-02, -1.7380e-01,  1.6400e-01,
         -4.2972e-01, -3.1441e-01, -2.1409e-01, -2.3299e-01, -1.5834e-01,
          1.1042e-01,  1.9947e-01, -1.2212e-01,  2.9449e-01,  3.8392e-01,
          2.3238e-01],
        [ 2.8414e-01,  2.2099e-01,  3.7132e-01, -3.9043e-01, -8.3220e-02,
         -2.1246e-01, -2.1294e-01, -2.7566e-01, -3.4919e-01, -3.3543e-01,
         -1.1238e-01,  3.3733e-01,  2.4726e-01,  1.3524e-01,  1.6172e-02,
          5.0077e-02],
        [ 2.2381e-01, -9.8827e-02,  1.9256e-01, -1.3978e-01,  2.2513e-01,
         -2.8827e-01,  2.7531e-02, -1.6811e-01, -3.4694e-01,  5.1439e-02,
          1.4272e-01, -1.0248e-02,  1.3020e-02,  2.1396e-01,  6.5683e-02,
          3.3907e-01],
        [ 6.9569e-02,  5.1203e-02,  1.2340e-01,  5.8574e-02, -4.5312e-02,
         -2.6166e-01, -5.2636e-02, -3.3681e-01, -1.6340e-01, -3.7040e-01,
         -3.2162e-01,  1.1116e-01,  1.6082e-01,  3.1631e-01, -2.8687e-02,
          9.5810e-02],
        [ 2.3953e-01,  2.2453e-01,  3.2363e-01, -3.6208e-01, -2.5196e-03,
         -1.3377e-01, -3.8069e-01, -6.7757e-03, -3.6375e-01,  9.9050e-04,
         -3.8961e-03,  7.4492e-02,  1.8976e-01,  2.7868e-01,  3.7069e-01,
          3.1053e-01],
        [-3.3740e-01, -6.8117e-02, -7.2535e-03,  2.2082e-01,  1.8151e-01,
          5.6184e-02,  3.8269e-01,  1.6115e-01, -6.5487e-02,  1.0693e-01,
          2.4055e-01, -2.6220e-01, -1.8437e-01, -1.7238e-01, -3.4437e-01,
         -1.2137e-01],
        [ 3.2810e-01,  1.6720e-01,  1.6583e-01, -1.4765e-01, -1.7297e-01,
         -3.2837e-01, -1.6969e-01, -3.4280e-01, -1.2672e-02, -1.1995e-01,
         -1.1285e-02,  1.3858e-01,  2.9938e-01,  2.9439e-01,  3.0555e-01,
          2.8393e-01],
        [-2.9090e-01, -1.9981e-02, -3.4160e-01,  2.6558e-01, -2.4316e-01,
          1.8536e-01,  3.5736e-01,  2.9411e-01,  3.4162e-01,  2.3732e-01,
          1.9592e-01, -7.3914e-02,  6.4650e-02,  6.5956e-02, -1.0788e-01,
         -2.4048e-01],
        [-3.0607e-01, -1.9918e-01, -7.0056e-02,  3.6157e-02,  4.9400e-02,
          4.2297e-01,  4.0308e-01, -2.6571e-02,  2.1509e-01,  3.2906e-01,
         -1.8287e-01, -8.7100e-03, -2.7261e-01, -2.4755e-01, -3.0405e-01,
         -2.6088e-01],
        [ 8.9730e-02,  2.2954e-01,  2.9327e-01, -9.3647e-02,  1.8307e-01,
         -3.6750e-01, -4.4059e-01, -3.8147e-01, -3.0053e-01, -3.0222e-01,
          2.0928e-02, -3.0700e-03, -3.0622e-02,  2.4044e-01,  5.2806e-02,
          2.1918e-01]], device='cuda:0', requires_grad=True)

Parameter name: road_linear_0.bias
Shape: torch.Size([32])
Values: Parameter containing:
tensor([-0.0854, -0.0675,  0.1909, -0.0276, -0.0670, -0.0200,  0.0799,  0.0680,
        -0.0169, -0.0545, -0.0376,  0.0519,  0.1326,  0.1097, -0.0216, -0.0576,
        -0.1422,  0.0209,  0.1263,  0.0285,  0.0150, -0.1851, -0.0056, -0.0434,
        -0.0501,  0.2162,  0.1319,  0.0219, -0.0465, -0.1537,  0.0079,  0.0383],
       device='cuda:0', requires_grad=True)

Parameter name: road_linear_1.weight
Shape: torch.Size([1, 32])
Values: Parameter containing:
tensor([[-0.1874,  0.2771, -0.2044, -0.2332,  0.2391,  0.2928, -0.2563, -0.3604,
         -0.2822,  0.2885,  0.2406,  0.3479, -0.2075, -0.3569,  0.2774, -0.1010,
         -0.2725,  0.3164, -0.2087, -0.2239,  0.3081,  0.3320, -0.3537, -0.3613,
         -0.2368, -0.2708, -0.3004,  0.3122, -0.3414,  0.3671,  0.2769, -0.2175]],
       device='cuda:0', requires_grad=True)

Parameter name: linear_0.weight
Shape: torch.Size([32, 39])
Values: Parameter containing:
tensor([[-2.1578e-02, -1.6012e-02,  2.8838e-02,  ...,  2.0541e-01,
         -3.2833e-01, -1.1368e-01],
        [-9.3371e-02, -2.0374e-01,  8.6474e-02,  ...,  1.4165e-01,
         -3.1330e-01,  8.7102e-02],
        [-4.2993e-02,  1.7117e-01,  8.7104e-02,  ...,  1.6261e-02,
          2.1455e-01,  3.4476e-02],
        ...,
        [ 3.1286e-02, -1.6883e-01,  1.6006e-02,  ...,  6.3016e-02,
         -2.5412e-01, -1.1801e-01],
        [ 4.7523e-02, -5.5093e-02,  1.5969e-05,  ..., -2.9613e-01,
          1.1205e-01,  1.5567e-01],
        [-7.4513e-02,  1.7425e-01,  9.0688e-03,  ..., -1.6821e-01,
          3.3687e-02, -5.0854e-02]], device='cuda:0', requires_grad=True)

Parameter name: linear_0.bias
Shape: torch.Size([32])
Values: Parameter containing:
tensor([ 0.0507,  0.0533, -0.0916, -0.1206, -0.0585,  0.0458, -0.1279,  0.0618,
        -0.0472,  0.0913,  0.0314,  0.0089,  0.0099,  0.0632, -0.0784, -0.0208,
         0.0470, -0.1429, -0.0318, -0.0161, -0.1118,  0.0456,  0.0827, -0.0059,
        -0.0848,  0.0655,  0.0245, -0.0971,  0.0634,  0.1468,  0.1404, -0.0653],
       device='cuda:0', requires_grad=True)

Parameter name: linear_1.weight
Shape: torch.Size([32, 32])
Values: Parameter containing:
tensor([[ 0.0516, -0.1890, -0.0888,  ..., -0.1257, -0.0273,  0.2515],
        [-0.2207, -0.0400,  0.0988,  ..., -0.0564, -0.0124,  0.2632],
        [ 0.1528, -0.0271, -0.1673,  ...,  0.0707, -0.0137, -0.0576],
        ...,
        [ 0.1379,  0.1047,  0.0898,  ...,  0.2482, -0.2096,  0.0654],
        [-0.0390, -0.1649,  0.0662,  ...,  0.0166,  0.2378,  0.0739],
        [-0.0048, -0.1165,  0.2051,  ...,  0.0647,  0.1288,  0.1229]],
       device='cuda:0', requires_grad=True)

Parameter name: linear_1.bias
Shape: torch.Size([32])
Values: Parameter containing:
tensor([ 0.0840,  0.1205, -0.0325, -0.0531, -0.0305, -0.0350, -0.0315, -0.0627,
         0.1093, -0.1716,  0.1234, -0.1331,  0.1650, -0.0188, -0.1437,  0.1026,
        -0.1256, -0.1518,  0.0135, -0.0291,  0.0103,  0.1104, -0.1859,  0.2013,
        -0.0723, -0.0302,  0.0894, -0.0412, -0.1110, -0.0580,  0.1071, -0.0009],
       device='cuda:0', requires_grad=True)

Parameter name: linear_2.weight
Shape: torch.Size([1, 32])
Values: Parameter containing:
tensor([[ 0.4423,  0.3657, -0.4414, -0.4478,  0.2911,  0.2981, -0.3477,  0.3546,
          0.3581, -0.3769, -0.3691,  0.3313,  0.3529, -0.2925,  0.3738,  0.3197,
         -0.4521, -0.4441,  0.3211,  0.3371, -0.4033, -0.3766, -0.4405,  0.2772,
          0.4154,  0.4441, -0.4164,  0.4830, -0.3519, -0.4347,  0.4164,  0.4351]],
       device='cuda:0', requires_grad=True)

Parameter name: linear_2.bias
Shape: torch.Size([1])
Values: Parameter containing:
tensor([0.1710], device='cuda:0', requires_grad=True)

Parameter name: road_linear_0.weight
Shape: torch.Size([32, 16])
Values: Parameter containing:
tensor([[ 1.6636e-02,  3.8067e-01,  3.3106e-01, -3.4985e-01, -1.7912e-02,
         -1.8664e-01, -7.2999e-02, -3.8998e-01, -1.7430e-01, -9.2824e-02,
          1.8263e-02,  1.6812e-01,  3.8420e-02, -7.7567e-02,  3.1901e-01,
          3.7181e-01],
        [-2.7394e-01, -3.6352e-01, -1.2957e-01,  1.1059e-02, -1.7588e-01,
          2.8583e-01,  1.8672e-01,  1.5850e-01,  3.8931e-01,  1.3769e-01,
          2.3443e-01, -2.5815e-01,  2.9901e-02, -1.9990e-02,  7.3591e-03,
         -8.8680e-02],
        [ 1.0509e-01,  2.6982e-01,  4.0997e-01, -1.4480e-01,  1.4529e-01,
         -3.8383e-01, -7.0081e-02, -4.1762e-01,  5.2886e-02, -8.9541e-02,
         -1.0439e-01, -6.2314e-02,  3.7843e-01,  2.8612e-01,  4.3766e-01,
          2.7201e-01],
        [ 2.9959e-01,  9.7651e-02,  1.1795e-01, -9.9283e-02,  1.1524e-01,
         -2.4156e-01, -1.7979e-01, -9.3519e-02, -4.0672e-01, -4.1551e-01,
         -1.2403e-01,  3.5823e-01,  2.6498e-01, -1.4127e-01,  1.4803e-01,
          1.7236e-01],
        [-1.1236e-01,  7.9557e-02, -1.9299e-01, -7.8876e-03,  1.4749e-02,
          1.2245e-01,  6.3008e-02,  3.1836e-01,  1.3713e-01,  2.9947e-01,
          2.6579e-01, -1.5647e-01, -1.2907e-02, -2.0723e-01, -7.3924e-02,
         -1.4983e-01],
        [-2.1539e-02,  1.0838e-01, -3.8140e-01,  4.1226e-01,  1.2098e-01,
          6.2324e-03,  2.7613e-01, -4.9422e-02,  2.3348e-01,  2.1415e-01,
         -1.0796e-01, -6.5471e-02, -2.1296e-01,  1.3988e-01,  3.7660e-02,
         -8.2886e-02],
        [ 3.9554e-01,  2.2234e-01,  4.3707e-01, -2.0462e-01,  1.3570e-01,
         -2.5532e-01, -2.1281e-01, -2.3848e-01, -2.4761e-01, -3.2567e-02,
         -2.8303e-02,  6.0953e-02, -5.2989e-02,  2.0701e-01, -1.2790e-02,
          1.6680e-01],
        [-4.1278e-02,  3.3349e-01,  3.8011e-01, -3.6569e-01, -1.4094e-01,
         -3.3707e-01, -1.1272e-01, -2.4813e-01, -1.7843e-01, -2.1985e-01,
         -7.9971e-02,  1.8161e-02,  2.4003e-01, -1.0062e-01,  1.6340e-01,
          3.6961e-01],
        [ 5.0936e-02,  3.2151e-01,  3.2354e-01, -2.6217e-01,  3.9109e-02,
         -3.7919e-01, -1.7800e-01, -1.0672e-01,  5.2894e-02, -3.1190e-01,
         -1.1899e-01,  6.3883e-02, -1.0817e-01,  1.1085e-01,  1.2253e-03,
          9.4626e-02],
        [-3.0309e-01, -1.1596e-01, -1.1920e-01, -4.2917e-04, -6.9441e-02,
          1.8911e-01,  6.4014e-02,  2.3376e-01,  2.5641e-01, -2.2804e-03,
          2.6163e-01, -2.5214e-03, -2.2771e-01, -4.6735e-02, -1.7923e-01,
         -1.9676e-01],
        [-3.7364e-01,  4.8058e-02, -8.7213e-02, -2.2203e-02, -1.8279e-01,
          4.6305e-01,  2.5055e-01,  1.2122e-01,  3.3737e-01,  2.5652e-01,
          7.8350e-02,  1.0939e-02, -1.4251e-01,  1.5729e-01, -3.9225e-01,
         -3.3811e-01],
        [-1.4493e-01, -1.6578e-01, -4.6842e-02,  1.0551e-01,  1.0415e-01,
          1.5556e-01,  3.8846e-01,  1.5922e-01,  1.6399e-01,  3.4847e-01,
          1.6532e-01,  5.4432e-02, -3.7788e-01, -1.7793e-01, -2.5628e-01,
         -2.0462e-01],
        [ 3.6655e-01,  2.6013e-01,  2.0793e-01, -2.0249e-01,  9.7701e-02,
         -3.0785e-02, -1.1341e-01, -3.2228e-01, -3.2620e-01, -1.2959e-01,
         -1.4163e-01,  2.2891e-02, -5.8870e-02,  1.6714e-01,  1.6521e-01,
          4.6916e-02],
        [ 2.3279e-01,  3.7516e-01,  3.9650e-01, -2.9858e-02, -1.6370e-01,
         -6.0918e-02, -6.8339e-02, -7.5913e-02, -2.0999e-01, -1.7273e-01,
         -2.2665e-01,  1.1241e-01,  1.0308e-01,  4.7938e-02, -4.4358e-02,
          2.5308e-01],
        [-3.9789e-01, -3.2644e-01, -9.5944e-02, -2.4993e-02,  1.9297e-01,
          4.5086e-01,  1.2302e-01,  1.1778e-01, -4.1357e-02,  1.9104e-01,
          1.4099e-01, -3.0738e-01, -6.5235e-02, -9.9160e-02, -2.8290e-01,
         -1.7681e-01],
        [-9.7227e-02, -9.4585e-02,  1.8183e-01,  1.0048e-01, -1.2940e-01,
         -8.3940e-03, -1.4640e-01, -2.2984e-01, -1.1864e-01, -1.8185e-02,
         -4.8528e-02,  3.5896e-01,  5.4841e-02, -1.0171e-01,  3.9187e-01,
          4.7454e-02],
        [ 3.3876e-01,  2.9739e-01,  2.2838e-01, -3.7326e-01, -1.9462e-01,
         -8.0121e-02, -1.2807e-01, -5.0797e-04, -3.5723e-01, -1.9761e-01,
          1.2406e-01,  2.8339e-01,  3.3118e-01,  2.7398e-01,  1.3279e-01,
         -8.1183e-03],
        [-3.2239e-01, -4.2687e-02, -2.7585e-01,  1.6174e-01, -2.1335e-02,
          3.4655e-01,  3.1923e-01,  2.7775e-01,  1.3632e-01,  2.9607e-01,
         -2.4473e-02, -2.4567e-01, -1.5465e-01, -2.1076e-01,  3.5347e-02,
         -1.9493e-01],
        [ 2.5829e-01,  1.5040e-01,  1.8534e-01, -3.1905e-01, -8.2412e-03,
         -4.2346e-01, -3.1590e-01,  1.9256e-02, -3.9430e-01, -1.4395e-01,
         -4.9080e-02, -7.5497e-02,  1.8352e-01,  2.3441e-01,  3.7717e-01,
          2.1387e-01],
        [ 3.9393e-01,  1.5785e-01,  2.9881e-01, -1.1042e-01, -1.6966e-01,
         -2.7306e-01, -3.7880e-01,  2.6407e-02, -3.7608e-02, -2.8440e-01,
         -7.4409e-02,  2.4683e-01, -9.1358e-02,  8.2113e-02,  3.3106e-01,
          2.1178e-01],
        [-2.0152e-01,  3.7682e-02, -7.5301e-02, -5.1007e-02,  1.0634e-01,
          3.4654e-03,  3.3174e-01,  3.6270e-01,  1.7210e-01,  8.4270e-02,
         -3.3567e-02, -2.6787e-01, -1.6771e-01, -2.0320e-01,  4.9110e-02,
         -2.6779e-01],
        [-7.8517e-02, -3.5705e-01, -5.9654e-02,  3.8691e-01, -1.5903e-01,
          1.3899e-01,  2.5052e-01, -7.1560e-02, -5.3321e-04,  2.5364e-01,
          2.5965e-01, -2.4858e-01, -1.3031e-01, -3.1230e-01, -4.4168e-01,
          5.9156e-02],
        [ 3.8152e-01,  5.1153e-02,  7.4616e-02, -1.7380e-01,  1.6400e-01,
         -4.2972e-01, -3.1441e-01, -2.1409e-01, -2.3299e-01, -1.5834e-01,
          1.1042e-01,  1.9947e-01, -1.2212e-01,  2.9449e-01,  3.8392e-01,
          2.3238e-01],
        [ 2.8414e-01,  2.2099e-01,  3.7132e-01, -3.9043e-01, -8.3220e-02,
         -2.1246e-01, -2.1294e-01, -2.7566e-01, -3.4919e-01, -3.3543e-01,
         -1.1238e-01,  3.3733e-01,  2.4726e-01,  1.3524e-01,  1.6172e-02,
          5.0077e-02],
        [ 2.2381e-01, -9.8827e-02,  1.9256e-01, -1.3978e-01,  2.2513e-01,
         -2.8827e-01,  2.7531e-02, -1.6811e-01, -3.4694e-01,  5.1439e-02,
          1.4272e-01, -1.0248e-02,  1.3020e-02,  2.1396e-01,  6.5683e-02,
          3.3907e-01],
        [ 6.9569e-02,  5.1203e-02,  1.2340e-01,  5.8574e-02, -4.5312e-02,
         -2.6166e-01, -5.2636e-02, -3.3681e-01, -1.6340e-01, -3.7040e-01,
         -3.2162e-01,  1.1116e-01,  1.6082e-01,  3.1631e-01, -2.8687e-02,
          9.5810e-02],
        [ 2.3953e-01,  2.2453e-01,  3.2363e-01, -3.6208e-01, -2.5196e-03,
         -1.3377e-01, -3.8069e-01, -6.7757e-03, -3.6375e-01,  9.9047e-04,
         -3.8961e-03,  7.4493e-02,  1.8976e-01,  2.7868e-01,  3.7069e-01,
          3.1053e-01],
        [-3.3740e-01, -6.8117e-02, -7.2535e-03,  2.2082e-01,  1.8151e-01,
          5.6184e-02,  3.8269e-01,  1.6115e-01, -6.5487e-02,  1.0693e-01,
          2.4055e-01, -2.6220e-01, -1.8437e-01, -1.7238e-01, -3.4437e-01,
         -1.2137e-01],
        [ 3.2810e-01,  1.6720e-01,  1.6583e-01, -1.4765e-01, -1.7297e-01,
         -3.2837e-01, -1.6969e-01, -3.4280e-01, -1.2672e-02, -1.1995e-01,
         -1.1285e-02,  1.3858e-01,  2.9938e-01,  2.9439e-01,  3.0555e-01,
          2.8393e-01],
        [-2.9090e-01, -1.9981e-02, -3.4160e-01,  2.6558e-01, -2.4316e-01,
          1.8536e-01,  3.5736e-01,  2.9411e-01,  3.4162e-01,  2.3732e-01,
          1.9592e-01, -7.3914e-02,  6.4650e-02,  6.5956e-02, -1.0788e-01,
         -2.4048e-01],
        [-3.0607e-01, -1.9918e-01, -7.0056e-02,  3.6157e-02,  4.9400e-02,
          4.2297e-01,  4.0308e-01, -2.6571e-02,  2.1509e-01,  3.2906e-01,
         -1.8287e-01, -8.7100e-03, -2.7261e-01, -2.4755e-01, -3.0405e-01,
         -2.6088e-01],
        [ 8.9730e-02,  2.2954e-01,  2.9327e-01, -9.3647e-02,  1.8307e-01,
         -3.6750e-01, -4.4059e-01, -3.8147e-01, -3.0053e-01, -3.0222e-01,
          2.0928e-02, -3.0700e-03, -3.0622e-02,  2.4044e-01,  5.2806e-02,
          2.1918e-01]], device='cuda:0', requires_grad=True)

Parameter name: road_linear_0.bias
Shape: torch.Size([32])
Values: Parameter containing:
tensor([-0.0854, -0.0675,  0.1909, -0.0276, -0.0670, -0.0200,  0.0799,  0.0680,
        -0.0169, -0.0545, -0.0376,  0.0519,  0.1326,  0.1097, -0.0216, -0.0576,
        -0.1422,  0.0209,  0.1263,  0.0285,  0.0150, -0.1851, -0.0056, -0.0434,
        -0.0501,  0.2162,  0.1319,  0.0219, -0.0465, -0.1537,  0.0079,  0.0383],
       device='cuda:0', requires_grad=True)

Parameter name: road_linear_1.weight
Shape: torch.Size([1, 32])
Values: Parameter containing:
tensor([[-0.1874,  0.2771, -0.2044, -0.2332,  0.2391,  0.2928, -0.2563, -0.3604,
         -0.2822,  0.2885,  0.2406,  0.3479, -0.2075, -0.3569,  0.2774, -0.1010,
         -0.2725,  0.3164, -0.2087, -0.2239,  0.3081,  0.3320, -0.3537, -0.3613,
         -0.2368, -0.2708, -0.3004,  0.3122, -0.3414,  0.3671,  0.2769, -0.2175]],
       device='cuda:0', requires_grad=True)

Parameter name: linear_0.weight
Shape: torch.Size([32, 39])
Values: Parameter containing:
tensor([[-2.1578e-02, -1.6012e-02,  2.8838e-02,  ...,  2.0541e-01,
         -3.2833e-01, -1.1368e-01],
        [-9.3371e-02, -2.0374e-01,  8.6474e-02,  ...,  1.4165e-01,
         -3.1330e-01,  8.7102e-02],
        [-4.2993e-02,  1.7117e-01,  8.7104e-02,  ...,  1.6261e-02,
          2.1455e-01,  3.4476e-02],
        ...,
        [ 3.1286e-02, -1.6883e-01,  1.6006e-02,  ...,  6.3016e-02,
         -2.5412e-01, -1.1801e-01],
        [ 4.7523e-02, -5.5093e-02,  1.5914e-05,  ..., -2.9613e-01,
          1.1205e-01,  1.5567e-01],
        [-7.4513e-02,  1.7425e-01,  9.0687e-03,  ..., -1.6821e-01,
          3.3687e-02, -5.0854e-02]], device='cuda:0', requires_grad=True)

Parameter name: linear_0.bias
Shape: torch.Size([32])
Values: Parameter containing:
tensor([ 0.0507,  0.0533, -0.0916, -0.1206, -0.0585,  0.0458, -0.1279,  0.0618,
        -0.0472,  0.0913,  0.0314,  0.0089,  0.0099,  0.0632, -0.0784, -0.0208,
         0.0470, -0.1429, -0.0318, -0.0161, -0.1118,  0.0456,  0.0827, -0.0059,
        -0.0848,  0.0655,  0.0245, -0.0971,  0.0634,  0.1468,  0.1404, -0.0653],
       device='cuda:0', requires_grad=True)

Parameter name: linear_1.weight
Shape: torch.Size([32, 32])
Values: Parameter containing:
tensor([[ 0.0516, -0.1890, -0.0888,  ..., -0.1257, -0.0273,  0.2515],
        [-0.2207, -0.0400,  0.0988,  ..., -0.0564, -0.0124,  0.2632],
        [ 0.1528, -0.0271, -0.1673,  ...,  0.0707, -0.0137, -0.0576],
        ...,
        [ 0.1379,  0.1047,  0.0898,  ...,  0.2482, -0.2096,  0.0654],
        [-0.0390, -0.1649,  0.0662,  ...,  0.0166,  0.2378,  0.0739],
        [-0.0048, -0.1165,  0.2051,  ...,  0.0647,  0.1288,  0.1229]],
       device='cuda:0', requires_grad=True)

Parameter name: linear_1.bias
Shape: torch.Size([32])
Values: Parameter containing:
tensor([ 0.0840,  0.1205, -0.0325, -0.0531, -0.0305, -0.0350, -0.0315, -0.0627,
         0.1093, -0.1716,  0.1234, -0.1331,  0.1650, -0.0188, -0.1437,  0.1026,
        -0.1256, -0.1518,  0.0135, -0.0291,  0.0103,  0.1104, -0.1859,  0.2013,
        -0.0723, -0.0302,  0.0894, -0.0412, -0.1110, -0.0580,  0.1071, -0.0009],
       device='cuda:0', requires_grad=True)

Parameter name: linear_2.weight
Shape: torch.Size([1, 32])
Values: Parameter containing:
tensor([[ 0.4423,  0.3657, -0.4414, -0.4478,  0.2911,  0.2981, -0.3477,  0.3546,
          0.3581, -0.3769, -0.3691,  0.3313,  0.3529, -0.2925,  0.3738,  0.3197,
         -0.4521, -0.4441,  0.3211,  0.3371, -0.4033, -0.3766, -0.4405,  0.2772,
          0.4154,  0.4441, -0.4164,  0.4830, -0.3519, -0.4347,  0.4164,  0.4351]],
       device='cuda:0', requires_grad=True)

Parameter name: linear_2.bias
Shape: torch.Size([1])
Values: Parameter containing:
tensor([0.1710], device='cuda:0', requires_grad=True)

Parameter name: road_linear_0.weight
Shape: torch.Size([32, 16])
Values: Parameter containing:
tensor([[ 1.6891e-02,  3.9531e-01,  3.3032e-01, -3.4211e-01, -2.5280e-01,
         -1.9037e-01, -7.5291e-02, -4.3231e-01, -2.2442e-01, -9.3814e-02,
         -4.3640e-02,  2.2545e-01,  8.3028e-02, -2.1135e-02,  2.1242e-03,
          3.8749e-01],
        [-2.6556e-01, -3.6423e-01, -1.2034e-01,  7.4561e-03,  8.2082e-03,
          2.7634e-01,  1.8405e-01,  1.9472e-01,  4.3092e-01,  1.5622e-01,
          2.9957e-01, -2.9335e-01, -3.8606e-05, -8.4432e-02,  2.8060e-01,
         -9.3851e-02],
        [ 9.8796e-02,  2.7998e-01,  4.0230e-01, -1.3320e-01, -1.1236e-01,
         -3.7323e-01, -6.8772e-02, -4.5638e-01, -7.1006e-03, -9.3154e-02,
         -1.5483e-01, -2.4921e-02,  4.1542e-01,  3.7612e-01,  1.1142e-01,
          2.8116e-01],
        [ 2.9466e-01,  1.0224e-01,  1.1158e-01, -9.5919e-02, -9.2542e-02,
         -2.3339e-01, -1.8141e-01, -1.4068e-01, -4.6904e-01, -4.3565e-01,
         -1.3901e-01,  4.0800e-01,  2.9237e-01, -6.3124e-02, -1.5337e-01,
          1.7852e-01],
        [-1.1074e-01,  5.4555e-02, -1.9087e-01, -7.9710e-03,  1.9660e-01,
          1.1580e-01,  6.2710e-02,  3.5801e-01,  1.8193e-01,  3.2282e-01,
          3.3793e-01, -1.9488e-01, -5.2616e-02, -2.8748e-01,  2.1816e-01,
         -1.7333e-01],
        [-2.2893e-02,  9.5335e-02, -3.8105e-01,  4.2079e-01,  3.6818e-01,
          4.8104e-03,  2.8236e-01,  4.9405e-03,  2.9050e-01,  2.3979e-01,
         -7.8769e-02, -1.1998e-01, -2.5062e-01,  8.3459e-02,  3.2830e-01,
         -9.4371e-02],
        [ 3.9111e-01,  1.4399e-01,  4.3115e-01, -2.0552e-01, -8.4165e-02,
         -2.4569e-01, -2.0544e-01, -2.7979e-01, -2.9869e-01, -5.5069e-02,
         -6.9311e-02,  1.0095e-01, -4.8293e-02,  2.7733e-01, -2.1193e-01,
          1.7445e-01],
        [-4.4636e-02,  2.9192e-01,  3.7558e-01, -3.7058e-01, -3.5023e-01,
         -3.2566e-01, -1.0754e-01, -2.9649e-01, -2.3286e-01, -2.4152e-01,
         -1.1553e-01,  6.0803e-02,  2.6096e-01, -4.0099e-02, -1.7699e-02,
          3.7333e-01],
        [ 4.8285e-02,  3.2804e-01,  3.2027e-01, -2.5913e-01, -8.6548e-02,
         -3.7796e-01, -1.8537e-01, -1.4273e-01,  8.3338e-03, -3.3710e-01,
         -2.6641e-01,  9.2173e-02, -6.0836e-02,  2.0673e-01, -2.6119e-01,
          1.0797e-01],
        [-3.0477e-01, -1.3599e-01, -1.2040e-01,  5.0742e-03,  1.1025e-01,
          1.8914e-01,  7.2288e-02,  2.7889e-01,  3.0883e-01,  2.7414e-02,
          3.4543e-01, -4.2579e-02, -2.7476e-01, -1.3240e-01,  1.1354e-01,
         -2.1717e-01],
        [-3.7848e-01,  1.8449e-02, -9.1419e-02, -1.1549e-02,  1.2232e-03,
          4.6545e-01,  2.5988e-01,  1.6935e-01,  3.9950e-01,  2.8914e-01,
          1.4999e-01, -3.8942e-02, -1.6631e-01,  5.8065e-02, -5.1702e-02,
         -3.5728e-01],
        [-1.4456e-01, -1.8434e-01, -4.8216e-02,  1.0958e-01,  2.1285e-01,
          1.5682e-01,  3.9561e-01,  1.9972e-01,  2.0833e-01,  3.8057e-01,
          2.6448e-01,  2.1504e-02, -3.8604e-01, -2.9384e-01,  9.6200e-03,
         -2.2626e-01],
        [ 3.6149e-01,  2.8851e-01,  2.0062e-01, -2.0206e-01, -1.7124e-01,
         -2.4728e-02, -1.1890e-01, -3.8340e-01, -3.7666e-01, -1.5064e-01,
         -1.8012e-01,  8.4039e-02, -3.5247e-02,  2.3347e-01, -1.9925e-01,
          6.4222e-02],
        [ 2.2477e-01,  3.5777e-01,  3.8792e-01, -2.8898e-02, -3.3831e-01,
         -5.1670e-02, -6.3137e-02, -1.0998e-01, -2.5111e-01, -1.9198e-01,
         -2.8541e-01,  1.4257e-01,  1.3024e-01,  1.1004e-01, -2.7049e-01,
          2.5621e-01],
        [-3.9425e-01, -3.2431e-01, -9.0867e-02, -2.3403e-02,  3.9711e-01,
          4.4233e-01,  1.2281e-01,  1.5923e-01,  1.0518e-02,  2.1269e-01,
          2.0127e-01, -3.4705e-01, -9.8098e-02, -1.6904e-01, -2.3860e-02,
         -1.8379e-01],
        [-4.1615e-02, -1.1094e-02,  2.3626e-01,  4.2354e-02, -3.6239e-01,
         -7.1762e-02, -2.1924e-01, -3.5445e-01, -2.5518e-01, -1.0687e-01,
         -1.5205e-01,  4.5645e-01,  1.7975e-01,  4.2283e-02,  1.2569e-01,
          1.1212e-01],
        [ 3.3529e-01,  2.9514e-01,  2.2439e-01, -3.7512e-01, -3.9647e-01,
         -7.4542e-02, -1.3057e-01, -4.7457e-02, -4.1065e-01, -2.2103e-01,
          8.2546e-02,  3.3029e-01,  3.7306e-01,  3.4199e-01, -9.3486e-02,
         -2.9287e-03],
        [-3.1543e-01, -3.2652e-02, -2.6868e-01,  1.6266e-01,  1.5805e-01,
          3.3127e-01,  3.1220e-01,  3.1081e-01,  1.8182e-01,  3.1537e-01,
          1.6254e-02, -2.7859e-01, -1.7465e-01, -2.8023e-01,  2.3442e-01,
         -1.9829e-01],
        [ 2.3859e-01,  1.5097e-01,  1.6361e-01, -2.9366e-01, -2.5848e-01,
         -4.0271e-01, -3.0646e-01, -1.5114e-02, -4.5320e-01, -1.3293e-01,
         -1.2766e-01, -4.4613e-02,  2.3938e-01,  3.2922e-01,  6.1149e-02,
          2.0736e-01],
        [ 3.9460e-01,  1.6334e-01,  2.9750e-01, -1.1217e-01, -3.5417e-01,
         -2.6981e-01, -3.8510e-01, -1.9764e-02, -9.6381e-02, -3.1069e-01,
         -1.6527e-01,  2.9155e-01, -4.7247e-02,  1.7086e-01,  6.6365e-02,
          2.2367e-01],
        [-1.9831e-01,  2.6144e-02, -7.0581e-02, -4.8700e-02,  2.9852e-01,
         -7.3098e-03,  3.2907e-01,  3.9547e-01,  2.1163e-01,  1.0217e-01,
          8.7568e-03, -3.0315e-01, -2.0272e-01, -2.5568e-01,  3.1821e-01,
         -2.7673e-01],
        [-8.1909e-02, -3.5984e-01, -6.2148e-02,  3.9362e-01,  8.9644e-04,
          1.4219e-01,  2.6785e-01, -2.4303e-02,  5.3548e-02,  2.8651e-01,
          3.8848e-01, -2.8661e-01, -1.9084e-01, -4.0584e-01, -1.6402e-01,
          4.3059e-02],
        [ 3.8344e-01,  5.6469e-02,  7.5768e-02, -1.8280e-01, -2.2688e-02,
         -4.2752e-01, -3.2118e-01, -2.6276e-01, -2.9102e-01, -1.8704e-01,
          5.2089e-02,  2.4389e-01, -8.0279e-02,  3.7404e-01,  1.6659e-01,
          2.4280e-01],
        [ 2.7693e-01,  2.2424e-01,  3.6404e-01, -3.9270e-01, -2.5426e-01,
         -1.9610e-01, -2.0751e-01, -3.1726e-01, -3.9649e-01, -3.5362e-01,
         -1.1360e-01,  3.7508e-01,  2.6309e-01,  1.9667e-01, -1.7067e-01,
          4.9021e-02],
        [ 2.2473e-01, -8.0656e-02,  1.9232e-01, -1.4111e-01,  3.3468e-02,
         -2.8870e-01,  2.1906e-02, -2.1101e-01, -3.9955e-01,  2.4145e-02,
          6.0508e-02,  3.4539e-02,  5.8517e-02,  2.9491e-01, -2.4181e-01,
          3.5991e-01],
        [ 6.0510e-02,  5.9698e-02,  1.1230e-01,  6.0603e-02, -2.4249e-01,
         -2.4231e-01, -4.0468e-02, -3.6092e-01, -1.9543e-01, -3.8389e-01,
         -3.7427e-01,  1.3859e-01,  1.8464e-01,  3.7100e-01, -3.0981e-01,
          1.0317e-01],
        [ 2.4050e-01,  2.2181e-01,  3.2386e-01, -3.6959e-01, -1.9915e-01,
         -1.2971e-01, -3.8501e-01, -5.7247e-02, -4.2252e-01, -2.6624e-02,
         -5.6219e-02,  1.2062e-01,  2.2937e-01,  3.5506e-01,  1.5973e-01,
          3.1927e-01],
        [-3.3808e-01, -8.1841e-02, -8.3307e-03,  2.2698e-01,  3.4215e-01,
          5.7113e-02,  3.9018e-01,  2.1197e-01, -1.1859e-02,  1.3766e-01,
          3.1160e-01, -3.0768e-01, -2.2415e-01, -2.6198e-01, -6.6650e-02,
         -1.3872e-01],
        [ 3.2438e-01,  1.8778e-01,  1.6280e-01, -1.5324e-01, -3.3298e-01,
         -3.2204e-01, -1.7290e-01, -3.8327e-01, -6.1004e-02, -1.4358e-01,
         -2.0990e-02,  1.7883e-01,  3.0227e-01,  3.7315e-01,  5.1053e-02,
          2.9087e-01],
        [-2.8953e-01, -1.4557e-03, -3.3937e-01,  2.7199e-01, -5.7554e-02,
          1.7600e-01,  3.5626e-01,  3.3717e-01,  3.9411e-01,  2.6169e-01,
          2.5072e-01, -1.1240e-01,  3.6814e-02, -5.9158e-03,  8.2217e-02,
         -2.4838e-01],
        [-3.0694e-01, -2.1215e-01, -7.0419e-02,  4.1588e-02,  2.2902e-01,
          4.2128e-01,  4.0916e-01,  1.6310e-02,  2.7062e-01,  3.5725e-01,
         -1.1182e-01, -5.0619e-02, -3.1433e-01, -3.3505e-01, -5.2370e-02,
         -2.7275e-01],
        [ 7.8180e-02,  2.0739e-01,  2.7999e-01, -7.3065e-02, -2.5017e-02,
         -3.5374e-01, -4.3182e-01, -4.1608e-01, -3.5555e-01, -3.0174e-01,
         -5.1910e-02,  2.8994e-02, -3.6386e-03,  3.2927e-01, -2.0341e-01,
          2.2083e-01]], device='cuda:0', requires_grad=True)

Parameter name: road_linear_0.bias
Shape: torch.Size([32])
Values: Parameter containing:
tensor([-0.0739,  0.0002,  0.0936, -0.0473, -0.0374, -0.0626,  0.0628,  0.0701,
        -0.0278, -0.0371,  0.0109,  0.0694,  0.1276,  0.0686,  0.0322, -0.0772,
        -0.0640,  0.0009,  0.0732, -0.0035, -0.0236, -0.1275, -0.0442,  0.0003,
        -0.0395,  0.1473,  0.1054,  0.0370, -0.0752, -0.1306,  0.0440, -0.0511],
       device='cuda:0', requires_grad=True)

Parameter name: road_linear_1.weight
Shape: torch.Size([1, 32])
Values: Parameter containing:
tensor([[-0.2150,  0.3078, -0.2153, -0.2476,  0.3001,  0.3385, -0.2731, -0.3747,
         -0.3072,  0.3241,  0.2491,  0.3596, -0.2426, -0.3882,  0.2905, -0.2254,
         -0.3093,  0.3228, -0.2153, -0.2408,  0.3764,  0.3023, -0.3611, -0.3715,
         -0.3080, -0.3200, -0.3055,  0.3325, -0.3482,  0.3748,  0.2789, -0.2263]],
       device='cuda:0', requires_grad=True)

Parameter name: linear_0.weight
Shape: torch.Size([32, 39])
Values: Parameter containing:
tensor([[-0.0131, -0.0057,  0.0407,  ...,  0.2356, -0.3589, -0.1137],
        [-0.0852, -0.1884,  0.0841,  ...,  0.1477, -0.3385,  0.0871],
        [-0.0419,  0.1719,  0.0770,  ..., -0.0048,  0.2543,  0.0345],
        ...,
        [ 0.0270, -0.1869,  0.0389,  ...,  0.0654, -0.2786, -0.1180],
        [ 0.0500, -0.0527, -0.0163,  ..., -0.3037,  0.1443,  0.1557],
        [-0.2021,  0.0547, -0.0025,  ...,  0.0421, -0.2206, -0.0509]],
       device='cuda:0', requires_grad=True)

Parameter name: linear_0.bias
Shape: torch.Size([32])
Values: Parameter containing:
tensor([ 0.0574,  0.0588, -0.0896, -0.1173, -0.0561,  0.0518, -0.1289,  0.0624,
        -0.0495,  0.0825,  0.0322,  0.0078,  0.0245,  0.0723, -0.0794, -0.0169,
         0.0517, -0.1487, -0.0269, -0.0229, -0.0755,  0.0433,  0.0879, -0.0086,
        -0.0862,  0.0858,  0.0330, -0.0875,  0.0493,  0.1394,  0.1469, -0.1031],
       device='cuda:0', requires_grad=True)

Parameter name: linear_1.weight
Shape: torch.Size([32, 32])
Values: Parameter containing:
tensor([[ 0.0118, -0.1881, -0.0775,  ..., -0.1204, -0.0297,  0.0655],
        [-0.2731, -0.0416,  0.1182,  ..., -0.0527, -0.0095,  0.0533],
        [ 0.1879, -0.0340, -0.1759,  ...,  0.0562, -0.0044,  0.1695],
        ...,
        [ 0.1737,  0.0952,  0.0859,  ...,  0.2333, -0.1996,  0.2480],
        [-0.0816, -0.1572,  0.0747,  ...,  0.0320,  0.2299, -0.1658],
        [-0.0563, -0.1241,  0.2196,  ...,  0.0661,  0.1337, -0.0382]],
       device='cuda:0', requires_grad=True)

Parameter name: linear_1.bias
Shape: torch.Size([32])
Values: Parameter containing:
tensor([ 0.0812,  0.1187, -0.0191, -0.0565, -0.0366, -0.0623, -0.0229, -0.0612,
         0.0914, -0.1307,  0.1350, -0.1272,  0.1475,  0.0549, -0.1359,  0.0831,
        -0.1149, -0.1417,  0.0008, -0.0155,  0.0102,  0.1119, -0.1796,  0.1690,
        -0.0659, -0.0326,  0.0925, -0.0441, -0.1059, -0.0508,  0.0898,  0.0012],
       device='cuda:0', requires_grad=True)

Parameter name: linear_2.weight
Shape: torch.Size([1, 32])
Values: Parameter containing:
tensor([[ 0.4237,  0.3438, -0.4208, -0.4253,  0.2879,  0.2792, -0.3359,  0.3298,
          0.3576, -0.3582, -0.3228,  0.3184,  0.3159,  0.3257,  0.3543,  0.3038,
         -0.4242, -0.4296,  0.2950,  0.3190, -0.3772, -0.3562, -0.4209,  0.2838,
          0.4054,  0.4333, -0.4069,  0.4546, -0.3344, -0.4218,  0.3984,  0.4243]],
       device='cuda:0', requires_grad=True)

Parameter name: linear_2.bias
Shape: torch.Size([1])
Values: Parameter containing:
tensor([0.1482], device='cuda:0', requires_grad=True)

Parameter name: road_linear_0.weight
Shape: torch.Size([32, 16])
Values: Parameter containing:
tensor([[ 0.0129,  0.1817,  0.3231, -0.3574, -0.2343, -0.1695, -0.0639, -0.4040,
         -0.1786, -0.0883,  0.1733,  0.2059,  0.0683, -0.0153, -0.0967,  0.3943],
        [-0.2625, -0.1617, -0.1139,  0.0295,  0.0092,  0.2583,  0.1695,  0.1776,
          0.4201,  0.1565,  0.0676, -0.2783, -0.0134, -0.0823,  0.4011, -0.0978],
        [ 0.0906,  0.0958,  0.3892, -0.1443, -0.0930, -0.3521, -0.0414, -0.4227,
          0.0288, -0.0821, -0.0924, -0.0443,  0.4050,  0.3497,  0.0250,  0.2765],
        [ 0.2790,  0.0106,  0.0923, -0.1076, -0.0798, -0.2017, -0.1513, -0.1046,
         -0.4318, -0.4222,  0.0292,  0.3758,  0.3125, -0.0817, -0.2305,  0.1683],
        [-0.1018,  0.2423, -0.1785,  0.0095,  0.1888,  0.0914,  0.0396,  0.3337,
          0.1589,  0.3177,  0.0738, -0.1745, -0.0582, -0.2747,  0.3117, -0.1716],
        [-0.0058,  0.2548, -0.3623,  0.4285,  0.3432, -0.0316,  0.2503, -0.0278,
          0.2641,  0.2250, -0.1051, -0.0950, -0.2370,  0.1027,  0.3729, -0.0850],
        [ 0.3794,  0.0485,  0.4167, -0.2191, -0.0847, -0.2202, -0.1772, -0.2510,
         -0.2690, -0.0474, -0.0016,  0.0796, -0.0500,  0.2141, -0.2994,  0.1682],
        [-0.0553,  0.1852,  0.3640, -0.3852, -0.3555, -0.3061, -0.0860, -0.2780,
         -0.2199, -0.2379, -0.0712,  0.0517,  0.2604, -0.0740, -0.0851,  0.3667],
        [ 0.0477,  0.1140,  0.3163, -0.2856, -0.0856, -0.3576, -0.1705, -0.1228,
          0.0233, -0.3401,  0.0110,  0.0755, -0.0470,  0.2081, -0.3797,  0.1161],
        [-0.2977,  0.0708, -0.1106,  0.0236,  0.1027,  0.1656,  0.0503,  0.2549,
          0.2868,  0.0231,  0.1090, -0.0238, -0.2775, -0.1237,  0.2116, -0.2185],
        [-0.3659,  0.1332, -0.0750,  0.0007, -0.0118,  0.4366,  0.2367,  0.1378,
          0.3710,  0.2780,  0.0105, -0.0132, -0.2188,  0.0583,  0.0202, -0.3506],
        [-0.1301, -0.0502, -0.0307,  0.1240,  0.1855,  0.1265,  0.3573,  0.1578,
          0.1714,  0.3682,  0.0921,  0.0531, -0.4246, -0.2649,  0.0948, -0.2190],
        [ 0.3502,  0.0998,  0.1841, -0.2175, -0.1515,  0.0029, -0.0965, -0.3521,
         -0.3514, -0.1399, -0.0971,  0.0613, -0.0059,  0.2394, -0.3122,  0.0590],
        [ 0.2174,  0.1826,  0.3782, -0.0469, -0.3353, -0.0314, -0.0404, -0.0879,
         -0.2392, -0.1887, -0.1103,  0.1265,  0.1354,  0.0886, -0.3829,  0.2549],
        [-0.3868, -0.1445, -0.0804, -0.0058,  0.4010,  0.4234,  0.1032,  0.1418,
         -0.0062,  0.2094,  0.0409, -0.3326, -0.1092, -0.1574,  0.0912, -0.1809],
        [-0.0323, -0.2759,  0.2390,  0.0042, -0.3850, -0.0520, -0.2082, -0.3492,
         -0.2387, -0.1159, -0.0561,  0.4558,  0.1976,  0.0293,  0.0073,  0.1303],
        [ 0.3243,  0.1500,  0.2107, -0.3900, -0.3705, -0.0483, -0.0980, -0.0106,
         -0.3897, -0.2125,  0.1983,  0.3060,  0.3658,  0.3015, -0.1524, -0.0086],
        [-0.3013,  0.0764, -0.2527,  0.1747,  0.1347,  0.3041,  0.2787,  0.2769,
          0.1544,  0.3074, -0.0410, -0.2598, -0.1656, -0.2255,  0.2505, -0.1877],
        [ 0.2432, -0.0092,  0.1645, -0.3173, -0.2126, -0.3911, -0.2834,  0.0199,
         -0.4179, -0.1357,  0.0108, -0.0586,  0.2131,  0.2900,  0.0005,  0.2157],
        [ 0.3833,  0.0169,  0.2821, -0.1282, -0.3453, -0.2436, -0.3584,  0.0092,
         -0.0707, -0.3021,  0.0859,  0.2671, -0.0311,  0.1511, -0.0488,  0.2166],
        [-0.1822,  0.1796, -0.0516, -0.0416,  0.2804, -0.0359,  0.2991,  0.3687,
          0.1903,  0.0898, -0.0962, -0.2823, -0.2028, -0.2269,  0.3698, -0.2652],
        [-0.0832, -0.0901, -0.0605,  0.4236,  0.0098,  0.1269,  0.2539, -0.0402,
          0.0429,  0.2945,  0.2073, -0.2811, -0.2076, -0.4005, -0.0707,  0.0361],
        [ 0.3743, -0.0887,  0.0635, -0.1994, -0.0171, -0.4067, -0.2962, -0.2425,
         -0.2735, -0.1831,  0.2009,  0.2302, -0.0642,  0.3460,  0.0797,  0.2362],
        [ 0.2648,  0.1475,  0.3507, -0.4080, -0.2268, -0.1748, -0.1783, -0.2868,
         -0.3739, -0.3475,  0.0169,  0.3629,  0.2873,  0.1568, -0.2039,  0.0381],
        [ 0.2135, -0.2799,  0.1781, -0.1561,  0.0469, -0.2570,  0.0509, -0.1774,
         -0.3685,  0.0338,  0.1942,  0.0073,  0.0564,  0.2829, -0.3367,  0.3584],
        [ 0.0500, -0.1043,  0.0985,  0.0488, -0.2327, -0.2217, -0.0236, -0.3413,
         -0.1804, -0.3770, -0.2807,  0.1248,  0.2019,  0.3592, -0.4027,  0.0958],
        [ 0.2287,  0.0544,  0.3073, -0.3827, -0.1869, -0.1078, -0.3519, -0.0317,
         -0.3995, -0.0190,  0.0407,  0.1017,  0.2391,  0.3011,  0.0844,  0.3076],
        [-0.3297,  0.0817,  0.0036,  0.2456,  0.3266,  0.0322,  0.3594,  0.1805,
         -0.0437,  0.1318,  0.0777, -0.2838, -0.2345, -0.2376,  0.0215, -0.1372],
        [ 0.3099,  0.1050,  0.1448, -0.1654, -0.3067, -0.2960, -0.1433, -0.3498,
         -0.0350, -0.1324,  0.1037,  0.1556,  0.3662,  0.3509, -0.0058,  0.2790],
        [-0.2783,  0.1046, -0.3270,  0.2865, -0.0578,  0.1560,  0.3319,  0.3157,
          0.3757,  0.2573,  0.1574, -0.1017,  0.0348,  0.0281,  0.1564, -0.2409],
        [-0.2924, -0.0512, -0.0520,  0.0533,  0.2073,  0.3912,  0.3771, -0.0166,
          0.2437,  0.3464, -0.2231, -0.0232, -0.3215, -0.3048,  0.0191, -0.2619],
        [ 0.0717,  0.0592,  0.2695, -0.0921, -0.0090, -0.3307, -0.4015, -0.3712,
         -0.3195, -0.2958,  0.0852,  0.0021, -0.0181,  0.2678, -0.2835,  0.2203]],
       device='cuda:0', requires_grad=True)

Parameter name: road_linear_0.bias
Shape: torch.Size([32])
Values: Parameter containing:
tensor([-5.9942e-02, -6.8067e-02,  1.1330e-01, -6.8257e-02, -5.1645e-02,
        -2.4027e-02,  8.7640e-02,  1.2898e-01, -4.4148e-02, -6.8822e-02,
         2.5639e-02,  6.8100e-02,  1.9911e-01,  1.1196e-01, -5.6150e-02,
         1.0504e-01, -1.3911e-01,  1.0551e-03,  2.3775e-02, -1.1033e-04,
        -1.2922e-02, -1.1759e-01, -6.1161e-02, -1.8560e-02, -1.5656e-01,
         2.5137e-01,  1.0189e-01,  2.5823e-02, -8.6818e-02, -2.2310e-01,
         1.6365e-01, -3.1522e-02], device='cuda:0', requires_grad=True)

Parameter name: road_linear_1.weight
Shape: torch.Size([1, 32])
Values: Parameter containing:
tensor([[-0.2121,  0.2997, -0.2198, -0.2331,  0.2953,  0.3450, -0.2732, -0.3628,
         -0.3015,  0.3370,  0.2368,  0.3628, -0.2376, -0.3921,  0.2927, -0.2390,
         -0.3045,  0.3098, -0.2146, -0.2352,  0.3833,  0.3014, -0.3526, -0.3600,
         -0.3374, -0.3208, -0.3014,  0.3302, -0.3272,  0.3652,  0.2690, -0.2151]],
       device='cuda:0', requires_grad=True)

Parameter name: linear_0.weight
Shape: torch.Size([32, 39])
Values: Parameter containing:
tensor([[-0.0581,  0.1298,  0.0625,  ...,  0.2137, -0.3046, -0.1137],
        [-0.1299, -0.0229,  0.1198,  ...,  0.1522, -0.3115,  0.0871],
        [ 0.0188, -0.0643,  0.0160,  ...,  0.0331,  0.2094,  0.0345],
        ...,
        [-0.0098,  0.0379,  0.0609,  ...,  0.0808, -0.2891, -0.1180],
        [ 0.1061, -0.2352, -0.0574,  ..., -0.3232,  0.1292,  0.1557],
        [-0.2273,  0.1796,  0.0415,  ...,  0.0940, -0.2470, -0.0509]],
       device='cuda:0', requires_grad=True)

Parameter name: linear_0.bias
Shape: torch.Size([32])
Values: Parameter containing:
tensor([ 0.0379,  0.0413, -0.0673, -0.1345, -0.0717,  0.0638, -0.1105,  0.0442,
        -0.0366,  0.0799,  0.0144,  0.0129,  0.0309,  0.0784, -0.0536, -0.0187,
         0.0578, -0.1588,  0.0043,  0.0266, -0.0463,  0.0293,  0.1090,  0.0044,
        -0.0956,  0.1059,  0.0469, -0.0912,  0.0522,  0.1388,  0.1681, -0.1233],
       device='cuda:0', requires_grad=True)

Parameter name: linear_1.weight
Shape: torch.Size([32, 32])
Values: Parameter containing:
tensor([[ 0.0778, -0.1734, -0.1281,  ..., -0.1268, -0.0219,  0.0773],
        [-0.2012, -0.0283,  0.0685,  ..., -0.0581,  0.0005,  0.0525],
        [ 0.1293, -0.0373, -0.1398,  ...,  0.0717, -0.0145,  0.1809],
        ...,
        [ 0.1125,  0.0868,  0.1313,  ...,  0.2475, -0.2163,  0.2432],
        [-0.0024, -0.1388,  0.0202,  ...,  0.0255,  0.2300, -0.1630],
        [ 0.0010, -0.1256,  0.1839,  ...,  0.0425,  0.1562, -0.0466]],
       device='cuda:0', requires_grad=True)

Parameter name: linear_1.bias
Shape: torch.Size([32])
Values: Parameter containing:
tensor([ 0.0984,  0.1426, -0.0516, -0.0798, -0.0020, -0.0396, -0.0542, -0.0448,
         0.1208, -0.1648,  0.1205, -0.1187,  0.1699,  0.0874, -0.1247,  0.1159,
        -0.1390, -0.1700, -0.0629, -0.0047,  0.0009,  0.0882, -0.2040,  0.2079,
        -0.0485, -0.0046,  0.0777, -0.0290, -0.1336, -0.0708,  0.1114,  0.0360],
       device='cuda:0', requires_grad=True)

Parameter name: linear_2.weight
Shape: torch.Size([1, 32])
Values: Parameter containing:
tensor([[ 0.3712,  0.2875, -0.3648, -0.3626,  0.2338,  0.2190, -0.2826,  0.2492,
          0.2925, -0.3098, -0.2581,  0.2732,  0.2594,  0.2372,  0.2977,  0.2875,
         -0.3672, -0.3790, -0.2283,  0.2734, -0.3189, -0.2944, -0.3699,  0.2228,
          0.3401,  0.3814, -0.3627,  0.3644, -0.2842, -0.3686,  0.3465,  0.3730]],
       device='cuda:0', requires_grad=True)

Parameter name: linear_2.bias
Shape: torch.Size([1])
Values: Parameter containing:
tensor([0.1419], device='cuda:0', requires_grad=True)

Parameter name: road_linear_0.weight
Shape: torch.Size([32, 16])
Values: Parameter containing:
tensor([[-9.6159e-04,  4.1259e-01,  3.0915e-01, -3.3143e-01, -2.1394e-01,
         -1.4991e-01, -4.2776e-02, -3.9029e-01, -1.6852e-01, -6.9120e-02,
          1.4417e-01,  1.8251e-01,  4.4179e-02, -3.4584e-02, -7.9041e-02,
          3.7757e-01],
        [-2.4972e-01, -3.8809e-01, -1.0085e-01,  1.0582e-02, -1.0771e-02,
          2.4619e-01,  1.5923e-01,  1.6333e-01,  4.0346e-01,  1.4485e-01,
          7.9412e-02, -2.6065e-01,  8.4893e-04, -7.3558e-02,  3.8063e-01,
         -8.3185e-02],
        [ 7.4605e-02,  2.8643e-01,  3.7470e-01, -1.2342e-01, -7.8532e-02,
         -3.4042e-01, -3.0188e-02, -4.1144e-01,  3.7897e-02, -6.7773e-02,
         -1.0179e-01, -6.2469e-02,  3.8893e-01,  3.4299e-01,  4.2278e-02,
          2.6019e-01],
        [ 2.6823e-01,  1.1773e-01,  8.2906e-02, -9.2469e-02, -6.2707e-02,
         -1.9347e-01, -1.4571e-01, -9.3987e-02, -4.2161e-01, -4.1313e-01,
          2.1071e-02,  3.6205e-01,  3.0313e-01, -8.2360e-02, -2.2325e-01,
          1.5655e-01],
        [-9.8647e-02,  3.8452e-02, -1.7393e-01, -1.9679e-03,  1.8581e-01,
          8.7204e-02,  4.2245e-02,  3.3506e-01,  1.5661e-01,  3.1500e-01,
          9.7757e-02, -1.6571e-01, -6.0662e-02, -2.8164e-01,  3.1400e-01,
         -1.6598e-01],
        [-2.3748e-03,  8.5161e-02, -3.5849e-01,  4.1908e-01,  3.4132e-01,
         -2.9524e-02,  2.5192e-01, -3.1936e-02,  2.5868e-01,  2.2291e-01,
         -1.1272e-01, -8.7905e-02, -2.4399e-01,  9.7591e-02,  4.0473e-01,
         -8.0379e-02],
        [ 3.6604e-01,  1.6570e-01,  4.0464e-01, -2.0133e-01, -6.7517e-02,
         -2.1274e-01, -1.7007e-01, -2.3705e-01, -2.4919e-01, -3.6939e-02,
         -6.3190e-03,  6.4672e-02, -6.1467e-02,  2.1020e-01, -2.9011e-01,
          1.5479e-01],
        [-6.9270e-02,  3.0902e-01,  3.5126e-01, -3.6633e-01, -3.3105e-01,
         -2.9810e-01, -7.5990e-02, -2.5986e-01, -2.0065e-01, -2.2673e-01,
         -8.5753e-02,  3.4967e-02,  2.4635e-01, -8.0045e-02, -6.6799e-02,
          3.5347e-01],
        [ 3.4411e-02,  3.5653e-01,  3.0212e-01, -2.6601e-01, -6.6197e-02,
         -3.4584e-01, -1.6019e-01, -1.0938e-01,  3.7666e-02, -3.2736e-01,
          5.7306e-03,  5.7785e-02, -5.9347e-02,  1.9790e-01, -3.6516e-01,
          9.9814e-02],
        [-2.9194e-01, -1.5186e-01, -1.0371e-01,  1.0332e-02,  9.4011e-02,
          1.5936e-01,  4.8417e-02,  2.5110e-01,  2.8099e-01,  1.8046e-02,
          1.3475e-01, -1.2682e-02, -2.7462e-01, -1.2426e-01,  2.0554e-01,
         -2.1035e-01],
        [-3.5857e-01,  4.0444e-03, -6.8142e-02, -9.7753e-03, -2.0327e-02,
          4.3078e-01,  2.3211e-01,  1.3276e-01,  3.6498e-01,  2.7190e-01,
          1.3025e-04, -2.8010e-03, -2.0830e-01,  5.5762e-02,  2.5157e-02,
         -3.4166e-01],
        [-1.2085e-01, -1.9001e-01, -2.1024e-02,  1.0829e-01,  1.7199e-01,
          1.1698e-01,  3.5449e-01,  1.5377e-01,  1.6106e-01,  3.6027e-01,
          1.1248e-01,  6.5727e-02, -4.1527e-01, -2.6704e-01,  8.0075e-02,
         -2.0807e-01],
        [ 3.3823e-01,  3.0678e-01,  1.7197e-01, -1.9879e-01, -1.3856e-01,
          1.7478e-02, -8.7515e-02, -3.4169e-01, -3.4037e-01, -1.2765e-01,
         -1.0861e-01,  4.1910e-02, -2.2627e-02,  2.3251e-01, -2.9736e-01,
          4.6895e-02],
        [ 2.0421e-01,  3.7705e-01,  3.6452e-01, -2.8761e-02, -3.1663e-01,
         -2.0656e-02, -3.2405e-02, -7.4171e-02, -2.2083e-01, -1.7718e-01,
         -1.1888e-01,  1.1062e-01,  1.2268e-01,  8.2170e-02, -3.6434e-01,
          2.4051e-01],
        [-3.7414e-01, -3.4491e-01, -6.7760e-02, -2.3395e-02,  3.8219e-01,
          4.1331e-01,  9.4624e-02,  1.2778e-01, -2.0692e-02,  1.9847e-01,
          4.6372e-02, -3.1651e-01, -9.6269e-02, -1.5041e-01,  7.1696e-02,
         -1.6727e-01],
        [-3.0719e-01, -3.2175e-01, -2.0530e-02,  3.0756e-01,  3.8230e-02,
          2.0916e-01,  9.7119e-02, -9.8191e-03,  1.0131e-01,  1.8286e-01,
          6.1170e-02,  1.4361e-01, -1.3234e-01, -3.3325e-01,  4.6441e-01,
         -1.3154e-01],
        [ 3.1054e-01,  2.8465e-01,  1.9930e-01, -3.7208e-01, -3.5017e-01,
         -3.8515e-02, -9.1585e-02,  5.7713e-03, -3.7293e-01, -2.0180e-01,
          1.7793e-01,  2.9065e-01,  3.5217e-01,  3.0302e-01, -1.2783e-01,
         -2.1767e-02],
        [-2.8943e-01, -3.1177e-03, -2.4247e-01,  1.5760e-01,  1.2056e-01,
          3.0037e-01,  2.7453e-01,  2.6466e-01,  1.3959e-01,  2.9897e-01,
         -3.6749e-02, -2.4602e-01, -1.6123e-01, -2.2286e-01,  2.4102e-01,
         -1.7620e-01],
        [ 2.2930e-01,  1.6438e-01,  1.5290e-01, -2.9844e-01, -1.9938e-01,
         -3.8183e-01, -2.7640e-01,  2.7807e-02, -4.1039e-01, -1.2375e-01,
          1.7694e-02, -7.4809e-02,  2.0230e-01,  2.8777e-01,  1.4864e-02,
          2.0079e-01],
        [ 3.7139e-01,  1.8637e-01,  2.7105e-01, -1.1251e-01, -3.3084e-01,
         -2.3473e-01, -3.5438e-01,  1.9931e-02, -5.8288e-02, -2.9209e-01,
          8.6017e-02,  2.5282e-01, -4.0951e-02,  1.5204e-01, -3.5017e-02,
          2.0354e-01],
        [-1.7513e-01,  2.2223e-02, -4.4324e-02, -5.4052e-02,  2.7502e-01,
         -3.9396e-02,  2.9949e-01,  3.6314e-01,  1.8174e-01,  8.4922e-02,
         -7.8048e-02, -2.7219e-01, -2.0287e-01, -2.3260e-01,  3.8366e-01,
         -2.5734e-01],
        [-7.4139e-02, -3.7455e-01, -4.9843e-02,  4.0496e-01, -7.8924e-03,
          1.1789e-01,  2.4894e-01, -4.6711e-02,  3.3019e-02,  2.8385e-01,
          2.1292e-01, -2.6462e-01, -2.0078e-01, -3.9527e-01, -7.8327e-02,
          4.8143e-02],
        [ 3.6574e-01,  5.8734e-02,  5.5323e-02, -1.8565e-01, -6.0005e-03,
         -4.0174e-01, -2.9535e-01, -2.3451e-01, -2.6316e-01, -1.7695e-01,
          1.8599e-01,  2.1969e-01, -6.8416e-02,  3.4599e-01,  9.3469e-02,
          2.2692e-01],
        [ 2.4879e-01,  2.2376e-01,  3.3804e-01, -3.8755e-01, -2.0107e-01,
         -1.6495e-01, -1.6956e-01, -2.6466e-01, -3.5470e-01, -3.3541e-01,
          2.6640e-03,  3.4473e-01,  2.7231e-01,  1.5380e-01, -1.7457e-01,
          2.4534e-02],
        [ 2.1192e-01, -5.8845e-02,  1.7579e-01, -1.4736e-01,  5.0054e-02,
         -2.5554e-01,  4.8546e-02, -1.7722e-01, -3.6668e-01,  3.4822e-02,
          1.9897e-01,  1.7933e-03,  5.8814e-02,  2.9011e-01, -3.4024e-01,
          3.5478e-01],
        [ 4.0687e-02,  8.1139e-02,  8.8632e-02,  6.2749e-02, -2.2327e-01,
         -2.1507e-01, -1.6043e-02, -3.3337e-01, -1.7052e-01, -3.6945e-01,
         -2.9395e-01,  1.1178e-01,  1.9400e-01,  3.5876e-01, -4.0442e-01,
          8.5786e-02],
        [ 2.1547e-01,  2.0705e-01,  2.9580e-01, -3.6566e-01, -1.7025e-01,
         -9.8889e-02, -3.4928e-01, -1.7688e-02, -3.8447e-01, -9.0168e-03,
          2.5589e-02,  8.8054e-02,  2.2732e-01,  3.0812e-01,  1.0372e-01,
          2.9529e-01],
        [-3.2339e-01, -9.2235e-02,  1.0529e-02,  2.3130e-01,  3.1790e-01,
          2.5172e-02,  3.5932e-01,  1.7836e-01, -5.0945e-02,  1.2627e-01,
          9.6446e-02, -2.7276e-01, -2.3065e-01, -2.4365e-01,  1.5691e-02,
         -1.2886e-01],
        [ 2.9707e-01,  1.9748e-01,  1.3355e-01, -1.4934e-01, -2.8932e-01,
         -2.8533e-01, -1.3843e-01, -3.3568e-01, -2.0613e-02, -1.2257e-01,
          8.4275e-02,  1.4124e-01,  3.5215e-01,  3.5062e-01,  1.4461e-02,
          2.6691e-01],
        [-2.6851e-01, -1.8141e-02, -3.1756e-01,  2.7116e-01, -7.0842e-02,
          1.5155e-01,  3.2884e-01,  3.0651e-01,  3.6326e-01,  2.5013e-01,
          1.6210e-01, -8.9580e-02,  3.9544e-02,  2.6725e-02,  1.5307e-01,
         -2.3092e-01],
        [-2.8054e-01, -2.0526e-01, -4.1675e-02,  3.7367e-02,  1.9131e-01,
          3.8386e-01,  3.7287e-01, -3.0102e-02,  2.3105e-01,  3.3709e-01,
         -2.1450e-01, -9.9136e-03, -3.1328e-01, -3.0301e-01,  2.7504e-04,
         -2.4929e-01],
        [ 5.6002e-02,  1.8778e-01,  2.5638e-01, -7.1188e-02,  1.1586e-02,
         -3.2004e-01, -3.9399e-01, -3.6177e-01, -3.0794e-01, -2.8334e-01,
          7.7147e-02, -1.4518e-02, -3.3247e-02,  2.6123e-01, -2.5562e-01,
          2.0437e-01]], device='cuda:0', requires_grad=True)

Parameter name: road_linear_0.bias
Shape: torch.Size([32])
Values: Parameter containing:
tensor([-0.0807, -0.0411,  0.1095, -0.0654, -0.0570, -0.0357,  0.0900,  0.1278,
        -0.0474, -0.0560,  0.0010,  0.0838,  0.1657,  0.0948, -0.0399, -0.0511,
        -0.1568,  0.0017,  0.0207, -0.0018, -0.0148, -0.1116, -0.0610, -0.0300,
        -0.1207,  0.2575,  0.0901,  0.0336, -0.1012, -0.2272,  0.1760, -0.0432],
       device='cuda:0', requires_grad=True)

Parameter name: road_linear_1.weight
Shape: torch.Size([1, 32])
Values: Parameter containing:
tensor([[-0.2141,  0.2984, -0.2181, -0.2339,  0.3042,  0.3492, -0.2732, -0.3592,
         -0.3149,  0.3344,  0.2393,  0.3580, -0.2414, -0.3941,  0.2908,  0.2225,
         -0.3009,  0.3092, -0.2135, -0.2338,  0.3792,  0.3014, -0.3521, -0.3571,
         -0.3523, -0.3221, -0.2995,  0.3257, -0.3265,  0.3642,  0.2693, -0.2154]],
       device='cuda:0', requires_grad=True)

Parameter name: linear_0.weight
Shape: torch.Size([32, 39])
Values: Parameter containing:
tensor([[-0.0268,  0.1071,  0.0831,  ...,  0.1545, -0.2373, -0.1137],
        [-0.1250, -0.0325,  0.1210,  ...,  0.1299, -0.2981,  0.0871],
        [ 0.0080, -0.0451,  0.0279,  ...,  0.0303,  0.2093,  0.0345],
        ...,
        [-0.0016,  0.0226,  0.0604,  ...,  0.0611, -0.2856, -0.1180],
        [ 0.1035, -0.2249, -0.0589,  ..., -0.2983,  0.1203,  0.1557],
        [-0.2106,  0.1726,  0.0434,  ...,  0.0651, -0.2452, -0.0509]],
       device='cuda:0', requires_grad=True)

Parameter name: linear_0.bias
Shape: torch.Size([32])
Values: Parameter containing:
tensor([ 0.0454,  0.0429, -0.0719, -0.1354, -0.0721,  0.0576, -0.1118,  0.0492,
        -0.0363,  0.0781,  0.0182,  0.0132,  0.0290,  0.0753, -0.0534, -0.0173,
         0.0564, -0.1607, -0.0578,  0.0347, -0.0500,  0.0284,  0.1069,  0.0040,
        -0.0934,  0.0545,  0.0446, -0.1080,  0.0525,  0.1405,  0.1680, -0.1249],
       device='cuda:0', requires_grad=True)

Parameter name: linear_1.weight
Shape: torch.Size([32, 32])
Values: Parameter containing:
tensor([[ 0.0715, -0.1754, -0.1180,  ..., -0.1195, -0.0311,  0.0783],
        [-0.2080, -0.0297,  0.0891,  ..., -0.0495, -0.0126,  0.0527],
        [ 0.1313, -0.0386, -0.1480,  ...,  0.0625, -0.0037,  0.1756],
        ...,
        [ 0.1062,  0.0766,  0.1313,  ...,  0.2323, -0.1975,  0.2295],
        [-0.0058, -0.1393,  0.0321,  ...,  0.0373,  0.2165, -0.1607],
        [ 0.0040, -0.1173,  0.1835,  ...,  0.0586,  0.1379, -0.0334]],
       device='cuda:0', requires_grad=True)

Parameter name: linear_1.bias
Shape: torch.Size([32])
Values: Parameter containing:
tensor([ 0.1033,  0.1537, -0.0516, -0.0805, -0.0096, -0.0359, -0.0534, -0.0456,
         0.1289, -0.1716,  0.1084, -0.1287,  0.1850,  0.0988, -0.1316,  0.1215,
        -0.1375, -0.1685,  0.0378, -0.0104, -0.0028,  0.0899, -0.1949,  0.2231,
        -0.0456, -0.0087,  0.0827, -0.0250, -0.1313, -0.0679,  0.1169,  0.0310],
       device='cuda:0', requires_grad=True)

Parameter name: linear_2.weight
Shape: torch.Size([1, 32])
Values: Parameter containing:
tensor([[ 0.3913,  0.3106, -0.3836, -0.3682,  0.2484,  0.2465, -0.2985,  0.2586,
          0.2938, -0.3309, -0.2790,  0.2802,  0.2744,  0.2627,  0.3086,  0.3123,
         -0.3785, -0.3911,  0.2414,  0.2849, -0.3323, -0.3111, -0.3849,  0.2345,
          0.3548,  0.3921, -0.3727,  0.3751, -0.2991, -0.3794,  0.3617,  0.3813]],
       device='cuda:0', requires_grad=True)

Parameter name: linear_2.bias
Shape: torch.Size([1])
Values: Parameter containing:
tensor([0.1522], device='cuda:0', requires_grad=True)

Parameter name: road_linear_0.weight
Shape: torch.Size([32, 16])
Values: Parameter containing:
tensor([[-9.6166e-04,  4.1259e-01,  3.0915e-01, -3.3143e-01, -2.1394e-01,
         -1.4991e-01, -4.2776e-02, -3.9029e-01, -1.6852e-01, -6.9119e-02,
          1.4417e-01,  1.8251e-01,  4.4179e-02, -3.4584e-02, -7.9042e-02,
          3.7757e-01],
        [-2.4972e-01, -3.8809e-01, -1.0085e-01,  1.0582e-02, -1.0771e-02,
          2.4619e-01,  1.5923e-01,  1.6333e-01,  4.0346e-01,  1.4485e-01,
          7.9412e-02, -2.6065e-01,  8.4896e-04, -7.3558e-02,  3.8063e-01,
         -8.3185e-02],
        [ 7.4605e-02,  2.8643e-01,  3.7470e-01, -1.2342e-01, -7.8532e-02,
         -3.4042e-01, -3.0188e-02, -4.1144e-01,  3.7897e-02, -6.7773e-02,
         -1.0179e-01, -6.2469e-02,  3.8893e-01,  3.4299e-01,  4.2278e-02,
          2.6019e-01],
        [ 2.6823e-01,  1.1773e-01,  8.2906e-02, -9.2469e-02, -6.2707e-02,
         -1.9347e-01, -1.4571e-01, -9.3987e-02, -4.2161e-01, -4.1313e-01,
          2.1071e-02,  3.6205e-01,  3.0313e-01, -8.2360e-02, -2.2325e-01,
          1.5655e-01],
        [-9.8647e-02,  3.8452e-02, -1.7393e-01, -1.9679e-03,  1.8581e-01,
          8.7204e-02,  4.2245e-02,  3.3506e-01,  1.5661e-01,  3.1500e-01,
          9.7757e-02, -1.6571e-01, -6.0662e-02, -2.8164e-01,  3.1400e-01,
         -1.6598e-01],
        [-2.3747e-03,  8.5161e-02, -3.5849e-01,  4.1908e-01,  3.4132e-01,
         -2.9524e-02,  2.5192e-01, -3.1936e-02,  2.5868e-01,  2.2291e-01,
         -1.1272e-01, -8.7905e-02, -2.4399e-01,  9.7591e-02,  4.0473e-01,
         -8.0379e-02],
        [ 3.6604e-01,  1.6570e-01,  4.0464e-01, -2.0133e-01, -6.7517e-02,
         -2.1274e-01, -1.7007e-01, -2.3705e-01, -2.4919e-01, -3.6939e-02,
         -6.3188e-03,  6.4672e-02, -6.1466e-02,  2.1020e-01, -2.9011e-01,
          1.5479e-01],
        [-6.9270e-02,  3.0902e-01,  3.5126e-01, -3.6633e-01, -3.3105e-01,
         -2.9810e-01, -7.5990e-02, -2.5986e-01, -2.0065e-01, -2.2673e-01,
         -8.5753e-02,  3.4967e-02,  2.4635e-01, -8.0045e-02, -6.6799e-02,
          3.5347e-01],
        [ 3.4411e-02,  3.5653e-01,  3.0212e-01, -2.6601e-01, -6.6197e-02,
         -3.4584e-01, -1.6019e-01, -1.0938e-01,  3.7666e-02, -3.2736e-01,
          5.7308e-03,  5.7785e-02, -5.9347e-02,  1.9790e-01, -3.6516e-01,
          9.9814e-02],
        [-2.9194e-01, -1.5186e-01, -1.0371e-01,  1.0332e-02,  9.4011e-02,
          1.5936e-01,  4.8417e-02,  2.5110e-01,  2.8099e-01,  1.8046e-02,
          1.3475e-01, -1.2682e-02, -2.7462e-01, -1.2426e-01,  2.0554e-01,
         -2.1035e-01],
        [-3.5857e-01,  4.0445e-03, -6.8142e-02, -9.7753e-03, -2.0327e-02,
          4.3078e-01,  2.3211e-01,  1.3276e-01,  3.6498e-01,  2.7190e-01,
          1.3007e-04, -2.8009e-03, -2.0830e-01,  5.5762e-02,  2.5157e-02,
         -3.4166e-01],
        [-1.2085e-01, -1.9001e-01, -2.1024e-02,  1.0829e-01,  1.7199e-01,
          1.1698e-01,  3.5449e-01,  1.5377e-01,  1.6106e-01,  3.6027e-01,
          1.1248e-01,  6.5727e-02, -4.1527e-01, -2.6704e-01,  8.0075e-02,
         -2.0807e-01],
        [ 3.3823e-01,  3.0678e-01,  1.7197e-01, -1.9879e-01, -1.3856e-01,
          1.7478e-02, -8.7515e-02, -3.4169e-01, -3.4037e-01, -1.2765e-01,
         -1.0861e-01,  4.1910e-02, -2.2627e-02,  2.3251e-01, -2.9736e-01,
          4.6895e-02],
        [ 2.0421e-01,  3.7705e-01,  3.6452e-01, -2.8761e-02, -3.1663e-01,
         -2.0656e-02, -3.2405e-02, -7.4171e-02, -2.2083e-01, -1.7718e-01,
         -1.1888e-01,  1.1062e-01,  1.2268e-01,  8.2170e-02, -3.6434e-01,
          2.4051e-01],
        [-3.7414e-01, -3.4491e-01, -6.7760e-02, -2.3395e-02,  3.8219e-01,
          4.1331e-01,  9.4624e-02,  1.2778e-01, -2.0692e-02,  1.9847e-01,
          4.6372e-02, -3.1651e-01, -9.6269e-02, -1.5041e-01,  7.1696e-02,
         -1.6727e-01],
        [-3.0719e-01, -3.2175e-01, -2.0530e-02,  3.0756e-01,  3.8230e-02,
          2.0916e-01,  9.7119e-02, -9.8190e-03,  1.0131e-01,  1.8286e-01,
          6.1170e-02,  1.4361e-01, -1.3234e-01, -3.3325e-01,  4.6441e-01,
         -1.3154e-01],
        [ 3.1054e-01,  2.8465e-01,  1.9930e-01, -3.7208e-01, -3.5017e-01,
         -3.8514e-02, -9.1585e-02,  5.7713e-03, -3.7293e-01, -2.0179e-01,
          1.7793e-01,  2.9065e-01,  3.5217e-01,  3.0302e-01, -1.2783e-01,
         -2.1767e-02],
        [-2.8943e-01, -3.1176e-03, -2.4247e-01,  1.5760e-01,  1.2056e-01,
          3.0037e-01,  2.7453e-01,  2.6466e-01,  1.3959e-01,  2.9897e-01,
         -3.6749e-02, -2.4602e-01, -1.6123e-01, -2.2286e-01,  2.4102e-01,
         -1.7620e-01],
        [ 2.2930e-01,  1.6438e-01,  1.5290e-01, -2.9844e-01, -1.9938e-01,
         -3.8183e-01, -2.7640e-01,  2.7806e-02, -4.1039e-01, -1.2375e-01,
          1.7695e-02, -7.4809e-02,  2.0230e-01,  2.8777e-01,  1.4864e-02,
          2.0079e-01],
        [ 3.7139e-01,  1.8637e-01,  2.7105e-01, -1.1251e-01, -3.3084e-01,
         -2.3473e-01, -3.5438e-01,  1.9931e-02, -5.8288e-02, -2.9209e-01,
          8.6017e-02,  2.5282e-01, -4.0951e-02,  1.5204e-01, -3.5017e-02,
          2.0354e-01],
        [-1.7513e-01,  2.2223e-02, -4.4324e-02, -5.4052e-02,  2.7502e-01,
         -3.9396e-02,  2.9949e-01,  3.6314e-01,  1.8174e-01,  8.4922e-02,
         -7.8048e-02, -2.7219e-01, -2.0287e-01, -2.3260e-01,  3.8366e-01,
         -2.5734e-01],
        [-7.4139e-02, -3.7455e-01, -4.9843e-02,  4.0496e-01, -7.8924e-03,
          1.1789e-01,  2.4894e-01, -4.6711e-02,  3.3019e-02,  2.8385e-01,
          2.1292e-01, -2.6462e-01, -2.0078e-01, -3.9527e-01, -7.8327e-02,
          4.8144e-02],
        [ 3.6574e-01,  5.8734e-02,  5.5323e-02, -1.8565e-01, -6.0006e-03,
         -4.0174e-01, -2.9535e-01, -2.3451e-01, -2.6316e-01, -1.7695e-01,
          1.8599e-01,  2.1969e-01, -6.8416e-02,  3.4599e-01,  9.3468e-02,
          2.2692e-01],
        [ 2.4879e-01,  2.2376e-01,  3.3804e-01, -3.8755e-01, -2.0107e-01,
         -1.6495e-01, -1.6956e-01, -2.6466e-01, -3.5470e-01, -3.3541e-01,
          2.6641e-03,  3.4473e-01,  2.7231e-01,  1.5380e-01, -1.7457e-01,
          2.4534e-02],
        [ 2.1192e-01, -5.8845e-02,  1.7579e-01, -1.4736e-01,  5.0054e-02,
         -2.5554e-01,  4.8546e-02, -1.7722e-01, -3.6668e-01,  3.4822e-02,
          1.9897e-01,  1.7932e-03,  5.8814e-02,  2.9011e-01, -3.4024e-01,
          3.5478e-01],
        [ 4.0687e-02,  8.1139e-02,  8.8632e-02,  6.2749e-02, -2.2327e-01,
         -2.1507e-01, -1.6043e-02, -3.3337e-01, -1.7052e-01, -3.6945e-01,
         -2.9395e-01,  1.1178e-01,  1.9400e-01,  3.5876e-01, -4.0442e-01,
          8.5786e-02],
        [ 2.1547e-01,  2.0705e-01,  2.9580e-01, -3.6566e-01, -1.7025e-01,
         -9.8889e-02, -3.4928e-01, -1.7688e-02, -3.8447e-01, -9.0167e-03,
          2.5590e-02,  8.8054e-02,  2.2732e-01,  3.0812e-01,  1.0372e-01,
          2.9529e-01],
        [-3.2339e-01, -9.2235e-02,  1.0529e-02,  2.3130e-01,  3.1790e-01,
          2.5172e-02,  3.5932e-01,  1.7836e-01, -5.0945e-02,  1.2627e-01,
          9.6446e-02, -2.7276e-01, -2.3065e-01, -2.4365e-01,  1.5691e-02,
         -1.2886e-01],
        [ 2.9707e-01,  1.9748e-01,  1.3355e-01, -1.4934e-01, -2.8932e-01,
         -2.8533e-01, -1.3843e-01, -3.3568e-01, -2.0613e-02, -1.2257e-01,
          8.4275e-02,  1.4124e-01,  3.5215e-01,  3.5062e-01,  1.4461e-02,
          2.6691e-01],
        [-2.6851e-01, -1.8141e-02, -3.1756e-01,  2.7116e-01, -7.0842e-02,
          1.5155e-01,  3.2884e-01,  3.0651e-01,  3.6326e-01,  2.5013e-01,
          1.6210e-01, -8.9580e-02,  3.9544e-02,  2.6725e-02,  1.5307e-01,
         -2.3092e-01],
        [-2.8054e-01, -2.0526e-01, -4.1675e-02,  3.7367e-02,  1.9131e-01,
          3.8386e-01,  3.7287e-01, -3.0102e-02,  2.3105e-01,  3.3709e-01,
         -2.1450e-01, -9.9136e-03, -3.1328e-01, -3.0301e-01,  2.7519e-04,
         -2.4929e-01],
        [ 5.6002e-02,  1.8778e-01,  2.5638e-01, -7.1188e-02,  1.1585e-02,
         -3.2004e-01, -3.9399e-01, -3.6177e-01, -3.0794e-01, -2.8334e-01,
          7.7147e-02, -1.4518e-02, -3.3247e-02,  2.6123e-01, -2.5562e-01,
          2.0437e-01]], device='cuda:0', requires_grad=True)

Parameter name: road_linear_0.bias
Shape: torch.Size([32])
Values: Parameter containing:
tensor([-0.0807, -0.0411,  0.1095, -0.0654, -0.0570, -0.0357,  0.0900,  0.1278,
        -0.0474, -0.0560,  0.0010,  0.0838,  0.1657,  0.0948, -0.0399, -0.0511,
        -0.1568,  0.0017,  0.0207, -0.0018, -0.0148, -0.1116, -0.0610, -0.0300,
        -0.1207,  0.2575,  0.0901,  0.0336, -0.1012, -0.2272,  0.1760, -0.0432],
       device='cuda:0', requires_grad=True)

Parameter name: road_linear_1.weight
Shape: torch.Size([1, 32])
Values: Parameter containing:
tensor([[-0.2141,  0.2984, -0.2181, -0.2339,  0.3042,  0.3492, -0.2732, -0.3592,
         -0.3149,  0.3344,  0.2393,  0.3580, -0.2414, -0.3941,  0.2908,  0.2225,
         -0.3009,  0.3092, -0.2135, -0.2338,  0.3792,  0.3014, -0.3521, -0.3571,
         -0.3523, -0.3221, -0.2995,  0.3257, -0.3265,  0.3642,  0.2693, -0.2154]],
       device='cuda:0', requires_grad=True)

Parameter name: linear_0.weight
Shape: torch.Size([32, 39])
Values: Parameter containing:
tensor([[-0.0268,  0.1071,  0.0831,  ...,  0.1545, -0.2373, -0.1137],
        [-0.1250, -0.0325,  0.1210,  ...,  0.1299, -0.2981,  0.0871],
        [ 0.0080, -0.0451,  0.0279,  ...,  0.0303,  0.2093,  0.0345],
        ...,
        [-0.0016,  0.0226,  0.0604,  ...,  0.0611, -0.2856, -0.1180],
        [ 0.1035, -0.2249, -0.0589,  ..., -0.2983,  0.1203,  0.1557],
        [-0.2106,  0.1726,  0.0434,  ...,  0.0651, -0.2452, -0.0509]],
       device='cuda:0', requires_grad=True)

Parameter name: linear_0.bias
Shape: torch.Size([32])
Values: Parameter containing:
tensor([ 0.0454,  0.0429, -0.0719, -0.1354, -0.0721,  0.0576, -0.1118,  0.0492,
        -0.0363,  0.0781,  0.0182,  0.0132,  0.0290,  0.0753, -0.0534, -0.0173,
         0.0564, -0.1607, -0.0578,  0.0347, -0.0500,  0.0284,  0.1069,  0.0040,
        -0.0934,  0.0545,  0.0446, -0.1080,  0.0525,  0.1405,  0.1680, -0.1249],
       device='cuda:0', requires_grad=True)

Parameter name: linear_1.weight
Shape: torch.Size([32, 32])
Values: Parameter containing:
tensor([[ 0.0715, -0.1754, -0.1180,  ..., -0.1195, -0.0311,  0.0783],
        [-0.2080, -0.0297,  0.0891,  ..., -0.0495, -0.0126,  0.0527],
        [ 0.1313, -0.0386, -0.1480,  ...,  0.0625, -0.0037,  0.1756],
        ...,
        [ 0.1062,  0.0766,  0.1313,  ...,  0.2323, -0.1975,  0.2295],
        [-0.0058, -0.1393,  0.0321,  ...,  0.0373,  0.2165, -0.1607],
        [ 0.0040, -0.1173,  0.1835,  ...,  0.0586,  0.1379, -0.0334]],
       device='cuda:0', requires_grad=True)

Parameter name: linear_1.bias
Shape: torch.Size([32])
Values: Parameter containing:
tensor([ 0.1033,  0.1537, -0.0516, -0.0805, -0.0096, -0.0359, -0.0534, -0.0456,
         0.1289, -0.1716,  0.1084, -0.1287,  0.1850,  0.0988, -0.1316,  0.1215,
        -0.1375, -0.1685,  0.0378, -0.0104, -0.0028,  0.0899, -0.1949,  0.2231,
        -0.0456, -0.0087,  0.0827, -0.0250, -0.1313, -0.0679,  0.1169,  0.0310],
       device='cuda:0', requires_grad=True)

Parameter name: linear_2.weight
Shape: torch.Size([1, 32])
Values: Parameter containing:
tensor([[ 0.3913,  0.3106, -0.3836, -0.3682,  0.2484,  0.2465, -0.2985,  0.2586,
          0.2938, -0.3309, -0.2790,  0.2802,  0.2744,  0.2627,  0.3086,  0.3123,
         -0.3785, -0.3911,  0.2414,  0.2849, -0.3323, -0.3111, -0.3849,  0.2345,
          0.3548,  0.3921, -0.3727,  0.3751, -0.2991, -0.3794,  0.3617,  0.3813]],
       device='cuda:0', requires_grad=True)

Parameter name: linear_2.bias
Shape: torch.Size([1])
Values: Parameter containing:
tensor([0.1522], device='cuda:0', requires_grad=True)

