Parameter name: road_linear_0.weight
Shape: torch.Size([32, 16])
Values: Parameter containing:
tensor([[-0.3461,  0.4219, -0.0359,  0.0161,  0.1538,  0.1961,  0.3116, -0.0384,
          0.1825,  0.2872, -0.0210, -0.1713, -0.3084, -0.3869,  0.2218,  0.0347],
        [-0.2637, -0.0404, -0.1174,  0.0144, -0.0150,  0.2604,  0.1585,  0.1537,
          0.3935,  0.1510, -0.0091, -0.2700,  0.0056, -0.0644,  0.3401, -0.0976],
        [ 0.0956, -0.0675,  0.3980, -0.1463, -0.0740, -0.3646, -0.0415, -0.4098,
          0.0526, -0.0947,  0.1277, -0.0476,  0.4042,  0.3374,  0.0980,  0.2813],
        [ 0.2799, -0.2403,  0.0963, -0.0946, -0.0481, -0.2039, -0.1413, -0.0797,
         -0.4034, -0.4192,  0.1091,  0.3642,  0.2991, -0.1037, -0.1671,  0.1693],
        [-0.1002,  0.3805, -0.1799, -0.0094,  0.1550,  0.0888,  0.0230,  0.3032,
          0.1280,  0.3077,  0.0333, -0.1614, -0.0363, -0.2516,  0.2444, -0.1682],
        [-0.0026,  0.3891, -0.3611,  0.4085,  0.3091, -0.0286,  0.2300, -0.0573,
          0.2275,  0.2170, -0.3362, -0.0780, -0.2213,  0.1331,  0.3206, -0.0786],
        [ 0.3784, -0.0652,  0.4201, -0.2017, -0.0537, -0.2224, -0.1691, -0.2265,
         -0.2482, -0.0395,  0.1407,  0.0659, -0.0593,  0.2369, -0.2681,  0.1673],
        [-0.0513,  0.0718,  0.3709, -0.3707, -0.3334, -0.3136, -0.0788, -0.2610,
         -0.1944, -0.2342,  0.0848,  0.0427,  0.2591, -0.0753, -0.0672,  0.3688],
        [ 0.0498,  0.0089,  0.3203, -0.2705, -0.0618, -0.3621, -0.1622, -0.1037,
          0.0460, -0.3347,  0.0156,  0.0689, -0.0623,  0.1917, -0.3306,  0.1162],
        [-0.2956,  0.1960, -0.1105,  0.0040,  0.0721,  0.1650,  0.0333,  0.2282,
          0.2585,  0.0138,  0.0333, -0.0123, -0.2570, -0.1009,  0.1512, -0.2142],
        [-0.3635,  0.3779, -0.0753, -0.0135, -0.0480,  0.4367,  0.2219,  0.1123,
          0.3406,  0.2745, -0.0952,  0.0015, -0.1919,  0.0937, -0.0400, -0.3474],
        [-0.1338,  0.1329, -0.0369,  0.1091,  0.1599,  0.1287,  0.3492,  0.1415,
          0.1510,  0.3663,  0.0898,  0.0601, -0.4121, -0.2649,  0.0527, -0.2235],
        [ 0.3514, -0.0963,  0.1890, -0.2020, -0.1232, -0.0030, -0.0851, -0.3263,
         -0.3294, -0.1394,  0.1467,  0.0579, -0.0321,  0.2053, -0.2270,  0.0587],
        [ 0.2197,  0.0801,  0.3836, -0.0318, -0.3153, -0.0345, -0.0336, -0.0690,
         -0.2146, -0.1855, -0.0024,  0.1190,  0.1210,  0.0872, -0.3384,  0.2573],
        [-0.3916, -0.0091, -0.0877, -0.0172,  0.3811,  0.4294,  0.0972,  0.1232,
         -0.0289,  0.2074, -0.0950, -0.3255, -0.0975, -0.1454,  0.0317, -0.1851],
        [-0.0455, -0.3784,  0.2317,  0.0413, -0.3124, -0.0417, -0.1705, -0.2935,
         -0.1806, -0.0867,  0.1767,  0.4263,  0.1512, -0.0137,  0.0903,  0.1194],
        [ 0.3257,  0.0196,  0.2149, -0.3750, -0.3465, -0.0532, -0.0878,  0.0061,
         -0.3568, -0.2120,  0.3420,  0.2972,  0.3570,  0.3063, -0.1312, -0.0089],
        [-0.3028,  0.1955, -0.2597,  0.1605,  0.1168,  0.3044,  0.2756,  0.2573,
          0.1291,  0.3039, -0.1884, -0.2422, -0.1673, -0.2324,  0.2355, -0.1897],
        [ 0.2427, -0.1653,  0.1682, -0.3173, -0.1893, -0.3973, -0.2773,  0.0350,
         -0.3851, -0.1452,  0.1880, -0.0687,  0.2072,  0.2816,  0.0573,  0.2151],
        [ 0.3856, -0.1637,  0.2876, -0.1139, -0.3131, -0.2495, -0.3488,  0.0292,
         -0.0400, -0.3005,  0.1194,  0.2577, -0.0461,  0.1381,  0.0181,  0.2190],
        [-0.1789,  0.3035, -0.0520, -0.0608,  0.2559, -0.0378,  0.2841,  0.3439,
          0.1566,  0.0814, -0.2751, -0.2675, -0.1883, -0.2115,  0.3234, -0.2598],
        [-0.0778, -0.0455, -0.0571,  0.3993, -0.0228,  0.1256,  0.2340, -0.0663,
          0.0120,  0.2787,  0.1096, -0.2678, -0.1844, -0.3836, -0.1067,  0.0432],
        [ 0.3744, -0.2176,  0.0671, -0.1818,  0.0151, -0.4081, -0.2840, -0.2178,
         -0.2407, -0.1775,  0.3113,  0.2166, -0.0811,  0.3381,  0.1304,  0.2354],
        [ 0.2692, -0.0025,  0.3600, -0.3942, -0.2161, -0.1770, -0.1766, -0.2716,
         -0.3490, -0.3493,  0.0797,  0.3490,  0.2849,  0.1519, -0.1726,  0.0442],
        [ 0.2059, -0.4078,  0.1727, -0.1320,  0.0893, -0.2520,  0.0740, -0.1452,
         -0.3319,  0.0486,  0.3732, -0.0118,  0.0281,  0.2513, -0.2647,  0.3475],
        [ 0.0498, -0.2407,  0.1021,  0.0635, -0.2206, -0.2181, -0.0135, -0.3203,
         -0.1591, -0.3726, -0.0943,  0.1141,  0.1874,  0.3397, -0.3322,  0.0957],
        [ 0.2308, -0.0481,  0.3138, -0.3665, -0.1588, -0.1141, -0.3437, -0.0139,
         -0.3710, -0.0178,  0.1816,  0.0954,  0.2291,  0.3179,  0.1137,  0.3100],
        [-0.3272,  0.2453,  0.0036,  0.2253,  0.2954,  0.0309,  0.3454,  0.1563,
         -0.0681,  0.1232,  0.0662, -0.2717, -0.2175, -0.2288, -0.0278, -0.1338],
        [ 0.3145, -0.1021,  0.1535, -0.1534, -0.2878, -0.2992, -0.1357, -0.3319,
         -0.0081, -0.1357,  0.1544,  0.1467,  0.3522,  0.3386,  0.0397,  0.2847],
        [-0.2802,  0.2274, -0.3329,  0.2700, -0.0875,  0.1571,  0.3235,  0.2929,
          0.3486,  0.2519,  0.0304, -0.0866,  0.0446,  0.0353,  0.1044, -0.2426],
        [-0.2938,  0.0920, -0.0565,  0.0381,  0.1804,  0.3972,  0.3659, -0.0386,
          0.2121,  0.3441, -0.3788, -0.0139, -0.3102, -0.2985, -0.0185, -0.2619],
        [ 0.0731, -0.0849,  0.2772, -0.0873,  0.0251, -0.3355, -0.3967, -0.3512,
         -0.2871, -0.3023,  0.2369, -0.0088, -0.0221,  0.2833, -0.2509,  0.2234]],
       device='cuda:0', requires_grad=True)

Parameter name: road_linear_0.bias
Shape: torch.Size([32])
Values: Parameter containing:
tensor([-0.1078, -0.0098,  0.0723, -0.0597,  0.0030, -0.0903,  0.0725,  0.1300,
        -0.0343, -0.0307, -0.0020,  0.0712,  0.1354,  0.0696,  0.0219,  0.0998,
        -0.0764,  0.0058,  0.0687,  0.0205, -0.0504, -0.0752, -0.0251, -0.0108,
        -0.0866,  0.1590,  0.1345,  0.0308, -0.0750, -0.1785,  0.0544, -0.0136],
       device='cuda:0', requires_grad=True)

Parameter name: road_linear_1.weight
Shape: torch.Size([1, 32])
Values: Parameter containing:
tensor([[ 0.1905,  0.2755, -0.2040, -0.2162,  0.2718,  0.3200, -0.2525, -0.3534,
         -0.2631,  0.3205,  0.2221,  0.3470, -0.2116, -0.3613,  0.2705, -0.2250,
         -0.2732,  0.2967, -0.1954, -0.2232,  0.3571,  0.2475, -0.3397, -0.3470,
         -0.2982, -0.2973, -0.2861,  0.3121, -0.3160,  0.3511,  0.2569, -0.1982]],
       device='cuda:0', requires_grad=True)

Parameter name: linear_0.weight
Shape: torch.Size([32, 39])
Values: Parameter containing:
tensor([[-0.0368,  0.1057,  0.0859,  ...,  0.1223, -0.2441, -0.1137],
        [-0.1247, -0.0470,  0.1256,  ...,  0.0614, -0.2771,  0.0871],
        [ 0.0116, -0.0266,  0.0370,  ...,  0.0636,  0.2171,  0.0345],
        ...,
        [ 0.1275, -0.1530, -0.0220,  ..., -0.1852, -0.0151, -0.1180],
        [ 0.1047, -0.2097, -0.0651,  ..., -0.2294,  0.1001,  0.1557],
        [-0.2027,  0.1533,  0.0745,  ...,  0.0498, -0.2268, -0.0509]],
       device='cuda:0', requires_grad=True)

Parameter name: linear_0.bias
Shape: torch.Size([32])
Values: Parameter containing:
tensor([ 0.0463,  0.0422, -0.0747, -0.1424, -0.0751,  0.0627, -0.1024,  0.0402,
        -0.0363,  0.0598,  0.0057,  0.0099, -0.0305,  0.0851, -0.0471, -0.0018,
         0.0483, -0.1614, -0.0390,  0.0662, -0.0580,  0.0235,  0.1165,  0.0139,
        -0.0953,  0.1115,  0.0582, -0.1113,  0.0400,  0.1756,  0.1720, -0.1171],
       device='cuda:0', requires_grad=True)

Parameter name: linear_1.weight
Shape: torch.Size([32, 32])
Values: Parameter containing:
tensor([[ 0.0926, -0.1398, -0.1129,  ...,  0.0375, -0.0702,  0.0771],
        [-0.1787,  0.0107,  0.0793,  ...,  0.1365, -0.0554,  0.0636],
        [ 0.0994, -0.0842, -0.1384,  ..., -0.1262,  0.0395,  0.1604],
        ...,
        [ 0.0966,  0.0511,  0.1172,  ...,  0.0795, -0.1645,  0.2419],
        [ 0.0206, -0.1001,  0.0297,  ...,  0.2210,  0.1778, -0.1513],
        [ 0.0288, -0.0794,  0.1875,  ...,  0.2187,  0.0974, -0.0326]],
       device='cuda:0', requires_grad=True)

Parameter name: linear_1.bias
Shape: torch.Size([32])
Values: Parameter containing:
tensor([ 0.1039,  0.1525, -0.0427, -0.0977,  0.0052, -0.0272, -0.0621, -0.0328,
         0.1439, -0.1616,  0.1080, -0.1099,  0.1885,  0.0773, -0.1288,  0.1181,
        -0.1461, -0.1698,  0.0505,  0.0123, -0.0141,  0.0884, -0.2081,  0.2029,
        -0.0369, -0.0091,  0.0732, -0.0217, -0.1445, -0.0795,  0.1160,  0.0292],
       device='cuda:0', requires_grad=True)

Parameter name: linear_2.weight
Shape: torch.Size([1, 32])
Values: Parameter containing:
tensor([[ 0.2731,  0.1914, -0.2449, -0.2464,  0.0879,  0.1089, -0.1613,  0.1206,
          0.1827, -0.2075, -0.1377,  0.1552,  0.1546,  0.1375,  0.1883,  0.1695,
         -0.2729, -0.2755,  0.1234,  0.1256, -0.1945, -0.1723, -0.2653,  0.1325,
          0.2126,  0.2771, -0.2480,  0.2344, -0.1728, -0.2639,  0.2216,  0.2564]],
       device='cuda:0', requires_grad=True)

Parameter name: linear_2.bias
Shape: torch.Size([1])
Values: Parameter containing:
tensor([0.0740], device='cuda:0', requires_grad=True)

