Parameter name: road_linear_0.weight
Shape: torch.Size([32, 16])
Values: Parameter containing:
tensor([[-0.3019,  0.4771,  0.0675, -0.0556,  0.3565,  0.2006,  0.3822,  0.1462,
          0.3763,  0.1775,  0.1107, -0.3104, -0.4026, -0.2770,  0.3867,  0.1053],
        [-0.1131, -0.1529,  0.0581, -0.1202,  0.1419,  0.2340,  0.0504,  0.3467,
          0.7191, -0.0430,  0.2559, -0.4524,  0.0512,  0.1110,  0.6960,  0.0639],
        [ 0.1506, -0.2119,  0.3593, -0.1144, -0.3397, -0.3584, -0.2120, -0.6173,
         -0.1893, -0.0441,  0.1212,  0.1447,  0.6416,  0.2967, -0.1102,  0.2741],
        [ 0.0631, -0.1174, -0.1296,  0.0797, -0.1447, -0.1465,  0.0042, -0.2416,
         -0.6997, -0.1824, -0.1785,  0.4870,  0.2011, -0.3386, -0.4495, -0.0416],
        [ 0.0695,  0.2751,  0.0160, -0.1525,  0.2848,  0.0520, -0.0563,  0.4931,
          0.4395,  0.0983,  0.2951, -0.2950,  0.0160, -0.0583,  0.5331, -0.0016],
        [-0.0842,  0.5096, -0.3403,  0.3903,  0.5522, -0.0031,  0.4093,  0.1442,
          0.3983,  0.1858, -0.2980, -0.2423, -0.3990,  0.1560,  0.4645, -0.0901],
        [ 0.2044, -0.0293,  0.2227, -0.0565, -0.2050, -0.1656, -0.0922, -0.4007,
         -0.5459,  0.1615, -0.0848,  0.2090, -0.0709,  0.0330, -0.5134, -0.0031],
        [-0.2085,  0.0646,  0.1823, -0.2295, -0.5019, -0.2446, -0.0170, -0.4366,
         -0.4737, -0.0432, -0.1103,  0.1944,  0.2753, -0.2676, -0.3065,  0.2088],
        [-0.1093,  0.0730,  0.1384, -0.1317, -0.2708, -0.3084, -0.0557, -0.3190,
         -0.3305, -0.1336, -0.2589,  0.2839, -0.1014,  0.0043, -0.6721, -0.0486],
        [-0.1440,  0.0929,  0.0659, -0.1263,  0.2304,  0.1341, -0.0491,  0.4371,
          0.6091, -0.1778,  0.3000, -0.1911, -0.2188,  0.0743,  0.4856, -0.0580],
        [-0.2600,  0.4280,  0.0695, -0.1207,  0.1591,  0.3836,  0.2199,  0.3018,
          0.6214,  0.1211,  0.0643, -0.1657, -0.2611,  0.2449,  0.1969, -0.2303],
        [ 0.0307,  0.0970,  0.1551, -0.0393,  0.3543,  0.0665,  0.2513,  0.3422,
          0.4912,  0.1633,  0.3465, -0.1239, -0.3962, -0.0643,  0.3461, -0.0515],
        [ 0.2077, -0.0289,  0.0111, -0.0786, -0.2733,  0.0257, -0.0433, -0.5143,
         -0.6395,  0.0436, -0.0869,  0.1994, -0.0418,  0.0309, -0.4781, -0.0827],
        [ 0.0440,  0.1900,  0.1863,  0.1169, -0.4572,  0.0016,  0.0728, -0.2612,
         -0.5620,  0.0247, -0.2808,  0.2848,  0.0649, -0.1123, -0.6506,  0.0801],
        [-0.2142, -0.1019,  0.1057, -0.1635,  0.5420,  0.3713, -0.0246,  0.3134,
          0.3099, -0.0016,  0.1815, -0.5008, -0.0353,  0.0557,  0.3465, -0.0099],
        [-0.1408, -0.3377,  0.0915,  0.1325, -0.4827, -0.0340, -0.1799, -0.4850,
         -0.4479,  0.0608, -0.0262,  0.5707,  0.1730, -0.1485, -0.1321,  0.0201],
        [ 0.0969,  0.1032, -0.0192, -0.1865, -0.4598,  0.0130,  0.0620, -0.1574,
         -0.6507,  0.0314,  0.0612,  0.4331,  0.2757,  0.0508, -0.3937, -0.2271],
        [-0.2035,  0.2572, -0.1193,  0.0484,  0.2735,  0.2569,  0.2933,  0.4008,
          0.2592,  0.1622, -0.0769, -0.3492, -0.2249, -0.0834,  0.3849, -0.0729],
        [ 0.2533, -0.3055,  0.0826, -0.2394, -0.4319, -0.3667, -0.3921, -0.1663,
         -0.6035, -0.0555,  0.1640,  0.1111,  0.4144,  0.1915, -0.1562,  0.1608],
        [ 0.4092, -0.2970,  0.2170, -0.0550, -0.5823, -0.2351, -0.4843, -0.1827,
         -0.2557, -0.2204,  0.0883,  0.4403,  0.1431,  0.0587, -0.1940,  0.1773],
        [-0.0537,  0.2375,  0.1051, -0.1779,  0.3667, -0.0551,  0.2664,  0.4936,
          0.3488, -0.0776, -0.0609, -0.3449, -0.1691, -0.0552,  0.4832, -0.1316],
        [-0.0105,  0.0152,  0.0575,  0.3153,  0.2767,  0.1114,  0.2344,  0.1816,
          0.3744,  0.1444,  0.3034, -0.5104, -0.2874, -0.2605,  0.2160,  0.1337],
        [ 0.3881, -0.3480, -0.0073, -0.1170, -0.2286, -0.3792, -0.4034, -0.4132,
         -0.4504, -0.0961,  0.2822,  0.3927,  0.1081,  0.2567, -0.0727,  0.1887],
        [ 0.0194,  0.0785,  0.1126, -0.1962, -0.2927, -0.0941, -0.0195, -0.4036,
         -0.5645, -0.0966, -0.1743,  0.4403,  0.1840, -0.1124, -0.3957, -0.1856],
        [ 0.0427, -0.3436, -0.0125,  0.0050, -0.0696, -0.2057,  0.1495, -0.3363,
         -0.6967,  0.2454,  0.1171,  0.1514, -0.0027,  0.0606, -0.5562,  0.1831],
        [-0.1277, -0.1168, -0.1020,  0.2120, -0.3087, -0.1794,  0.0725, -0.4884,
         -0.4419, -0.1595, -0.3582,  0.2030,  0.1228,  0.1414, -0.6009, -0.0736],
        [ 0.3675, -0.1982,  0.3157, -0.3537, -0.4396, -0.1324, -0.5895, -0.2417,
         -0.5929, -0.0050,  0.2356,  0.2791,  0.4898,  0.3238, -0.0909,  0.3460],
        [-0.2051,  0.2431,  0.1657,  0.1052,  0.5060, -0.0046,  0.3109,  0.3547,
          0.2169, -0.0488,  0.2773, -0.4419, -0.2496, -0.0621,  0.2257,  0.0013],
        [ 0.1720, -0.1296, -0.0182, -0.0179, -0.4554, -0.2339, -0.0766, -0.4957,
         -0.2393,  0.0400, -0.0266,  0.2910,  0.3855,  0.1516, -0.1782,  0.1358],
        [-0.3329,  0.3552, -0.2855,  0.2376,  0.1548,  0.1582,  0.4849,  0.4860,
          0.5315,  0.2013,  0.0529, -0.2474, -0.1353,  0.0780,  0.2673, -0.2304],
        [-0.2866,  0.2221,  0.0305, -0.0415,  0.4200,  0.3669,  0.4611,  0.1593,
          0.4278,  0.2488, -0.3414, -0.1902, -0.5069, -0.1999,  0.1934, -0.2001],
        [-0.1167, -0.0549,  0.0683,  0.0721, -0.1127, -0.2579, -0.2997, -0.5222,
         -0.5665, -0.0889,  0.0141,  0.1290, -0.0489,  0.0651, -0.4983,  0.0401]],
       device='cuda:0', requires_grad=True)

Parameter name: road_linear_0.bias
Shape: torch.Size([32])
Values: Parameter containing:
tensor([-0.1039,  0.1376,  0.1873, -0.2006,  0.1645, -0.1513, -0.0156,  0.1251,
        -0.1185,  0.1283, -0.0397,  0.1105, -0.0276, -0.0837,  0.1390, -0.0283,
        -0.1631, -0.0632,  0.1974,  0.1247,  0.0866, -0.0894,  0.0927, -0.0966,
        -0.2067, -0.0246,  0.2341,  0.0621, -0.0238, -0.2532, -0.0735, -0.0560],
       device='cuda:0', requires_grad=True)

Parameter name: road_linear_1.weight
Shape: torch.Size([1, 32])
Values: Parameter containing:
tensor([[ 0.5028,  0.6608, -0.4356, -0.5624,  0.6319,  0.6016, -0.5747, -0.6448,
         -0.5794,  0.6934,  0.4966,  0.6630, -0.5749, -0.7371,  0.5914, -0.5669,
         -0.5995,  0.5696, -0.4098, -0.4432,  0.7182,  0.4955, -0.5547, -0.6650,
         -0.6324, -0.6620, -0.5140,  0.6251, -0.5823,  0.6224,  0.4635, -0.5011]],
       device='cuda:0', requires_grad=True)

Parameter name: linear_0.weight
Shape: torch.Size([32, 39])
Values: Parameter containing:
tensor([[-0.0216,  0.0978,  0.0536,  ...,  0.1902, -0.5031, -0.1137],
        [-0.1382, -0.0368,  0.1390,  ...,  0.0544, -0.4766,  0.0871],
        [ 0.0266, -0.0388,  0.0235,  ...,  0.0638,  0.4629,  0.0345],
        ...,
        [ 0.1395, -0.1575, -0.0404,  ..., -0.1699,  0.1892, -0.1180],
        [ 0.1126, -0.2138, -0.0743,  ..., -0.2301,  0.3345,  0.1557],
        [-0.2147,  0.1753,  0.0680,  ...,  0.0821, -0.4557, -0.0509]],
       device='cuda:0', requires_grad=True)

Parameter name: linear_0.bias
Shape: torch.Size([32])
Values: Parameter containing:
tensor([ 0.0848,  0.0286, -0.0624, -0.1364, -0.0840,  0.0401, -0.0850,  0.0715,
        -0.0389,  0.0479,  0.0506,  0.0176, -0.0248,  0.1053, -0.0233, -0.0168,
         0.0520, -0.1652, -0.0014,  0.0921, -0.0936, -0.0012,  0.1180,  0.0534,
        -0.1096,  0.1119,  0.0587, -0.1512,  0.0457,  0.1973,  0.1817, -0.1029],
       device='cuda:0', requires_grad=True)

Parameter name: linear_1.weight
Shape: torch.Size([32, 32])
Values: Parameter containing:
tensor([[ 0.0924, -0.2157, -0.0025,  ...,  0.1068, -0.0042,  0.0629],
        [-0.1908, -0.0592,  0.1985,  ...,  0.2022,  0.0098,  0.0359],
        [ 0.1296, -0.0288, -0.2406,  ..., -0.1795, -0.0168,  0.2079],
        ...,
        [ 0.1369,  0.0887,  0.0280,  ...,  0.0427, -0.2252,  0.3213],
        [ 0.0454, -0.2204,  0.1442,  ...,  0.3281,  0.2690, -0.1352],
        [ 0.0147, -0.1344,  0.2825,  ...,  0.2704,  0.1494, -0.0592]],
       device='cuda:0', requires_grad=True)

Parameter name: linear_1.bias
Shape: torch.Size([32])
Values: Parameter containing:
tensor([ 0.1516,  0.1927, -0.0691, -0.1572,  0.0400, -0.0042, -0.0989,  0.0588,
         0.2134, -0.1777,  0.1395, -0.1921,  0.2419,  0.0729, -0.0648,  0.2134,
         0.0048, -0.1939,  0.0659,  0.0697, -0.0844,  0.0625, -0.2369,  0.2296,
         0.0124, -0.0950,  0.0815,  0.0118, -0.1978, -0.0819,  0.2028,  0.0588],
       device='cuda:0', requires_grad=True)

Parameter name: linear_2.weight
Shape: torch.Size([1, 32])
Values: Parameter containing:
tensor([[ 1.0439,  0.9707, -1.0299, -1.0093,  0.8774,  0.8942, -0.9453,  0.8616,
          0.9279, -0.9953, -0.9078,  0.9144,  0.9111,  0.9204,  0.9346,  0.9083,
         -1.0279, -1.0527,  0.9063,  0.8964, -0.9565, -0.9545, -1.0591,  0.9114,
          0.9980,  1.0360, -1.0305,  1.0088, -0.9491, -1.0502,  0.9572,  1.0299]],
       device='cuda:0', requires_grad=True)

Parameter name: linear_2.bias
Shape: torch.Size([1])
Values: Parameter containing:
tensor([0.7845], device='cuda:0', requires_grad=True)

