Parameter name: road_linear_0.weight
Shape: torch.Size([32, 16])
Values: Parameter containing:
tensor([[-0.0420,  0.3318,  0.2571, -0.2785,  0.0892, -0.1079,  0.1679, -0.1144,
         -0.0635, -0.0234,  0.0176, -0.0766, -0.2116, -0.1203,  0.1986,  0.3322],
        [-0.2181, -0.3626, -0.0729, -0.0374, -0.2868,  0.2221,  0.0017, -0.1607,
          0.1668,  0.1074,  0.3036,  0.0697,  0.1800, -0.0668,  0.1111, -0.0627],
        [ 0.0661,  0.2478,  0.3550, -0.0997,  0.2605, -0.3234,  0.1981, -0.0959,
          0.1547, -0.0464,  0.0055, -0.3733,  0.1345,  0.3173,  0.2315,  0.2456],
        [-0.0824, -0.2187, -0.2566,  0.2567, -0.0754,  0.1522, -0.0147, -0.0696,
         -0.2782, -0.0630,  0.0661,  0.3218,  0.1946, -0.4041, -0.1946, -0.1861],
        [-0.0649,  0.0673, -0.1346, -0.0571, -0.1052,  0.0533, -0.1885, -0.0019,
         -0.0528,  0.2697,  0.3275,  0.1692,  0.2322, -0.2578,  0.0486, -0.1351],
        [ 0.0209,  0.1019, -0.3305,  0.3759,  0.0691, -0.0493,  0.0920, -0.3427,
          0.0204,  0.1898, -0.0956,  0.2375, -0.0605,  0.1016,  0.1267, -0.0607],
        [ 0.2458,  0.2233,  0.3916, -0.1036,  0.1565, -0.2017, -0.1089,  0.0793,
          0.0083,  0.0531, -0.0462, -0.2640, -0.1239,  0.2618, -0.0985,  0.1461],
        [-0.0956,  0.3410,  0.3428, -0.3336, -0.1079, -0.2950,  0.0605,  0.0153,
         -0.0171, -0.1906, -0.0711, -0.2610,  0.1078, -0.0490,  0.0635,  0.3527],
        [ 0.0062,  0.3289,  0.2700, -0.2199,  0.2174, -0.3178,  0.1010,  0.2116,
          0.2182, -0.2862, -0.2345, -0.2677, -0.3222,  0.1876, -0.1533,  0.0774],
        [-0.2627, -0.1255, -0.0673, -0.0396, -0.2034,  0.1274, -0.2140, -0.0846,
          0.0845, -0.0247,  0.3135,  0.3233,  0.0388, -0.1018, -0.0597, -0.1817],
        [-0.3368,  0.0463, -0.0381, -0.0454, -0.3573,  0.4060, -0.0717, -0.2190,
          0.1942,  0.2395,  0.1281,  0.3568,  0.1168,  0.0860, -0.2428, -0.3182],
        [-0.1137, -0.1760, -0.0055,  0.0793, -0.1019,  0.1055,  0.0358, -0.1644,
          0.0945,  0.3429,  0.1782,  0.3833, -0.0940, -0.2847,  0.0144, -0.2050],
        [ 0.2874,  0.2562,  0.1297, -0.1328,  0.1704,  0.0560,  0.0645,  0.0189,
         -0.0248, -0.0785, -0.1567, -0.3153, -0.1888,  0.1931,  0.0505,  0.0085],
        [ 0.1817,  0.3796,  0.3480,  0.0080, -0.0620, -0.0060,  0.1120,  0.2249,
         -0.0085, -0.1456, -0.2764, -0.2000, -0.0381,  0.0988, -0.1476,  0.2328],
        [-0.3585, -0.3333, -0.0474, -0.0567,  0.0955,  0.3963, -0.1705, -0.1930,
         -0.1828,  0.1705,  0.1417,  0.0135,  0.1794, -0.1504, -0.1474, -0.1545],
        [-0.3289, -0.1944,  0.0478,  0.2945, -0.1651,  0.1595,  0.0167, -0.1098,
          0.0366,  0.1770,  0.0163,  0.2074, -0.0098, -0.1673,  0.2413, -0.0730],
        [ 0.2903,  0.2999,  0.1886, -0.3373, -0.1221, -0.0337,  0.0977,  0.2867,
         -0.2000, -0.1798,  0.0691, -0.0146,  0.1706,  0.3410,  0.0155, -0.0224],
        [-0.2721, -0.0485, -0.2426,  0.1285, -0.0838,  0.3065,  0.1279,  0.0014,
         -0.0252,  0.2777,  0.0321,  0.0451, -0.0245, -0.2844,  0.1337, -0.1854],
        [ 0.2192,  0.1237,  0.1326, -0.2724,  0.1199, -0.3649, -0.0499,  0.3283,
         -0.2508, -0.1015, -0.0270, -0.3759, -0.0334,  0.2736,  0.2266,  0.1879],
        [ 0.3619,  0.1667,  0.2536, -0.0864, -0.0243, -0.2206, -0.0525,  0.3541,
          0.0819, -0.2705, -0.0930, -0.0906, -0.3541,  0.1553,  0.1519,  0.1945],
        [-0.1525,  0.0419, -0.0110, -0.1027,  0.0482, -0.0664,  0.0895,  0.0906,
          0.0062,  0.0491, -0.0086,  0.0171,  0.0348, -0.2290,  0.1809, -0.2329],
        [-0.0412, -0.3677, -0.0109,  0.3504, -0.3074,  0.0834, -0.0433, -0.3766,
         -0.1227,  0.2342,  0.2299,  0.0684,  0.1133, -0.3806, -0.2487,  0.0751],
        [ 0.3399,  0.0558,  0.0392, -0.1448,  0.2381, -0.3886, -0.0923,  0.0562,
         -0.0953, -0.1436,  0.0622, -0.0857, -0.2625,  0.3653,  0.2564,  0.2214],
        [ 0.2415,  0.2236,  0.3438, -0.3635, -0.0374, -0.1789, -0.0137, -0.0282,
         -0.2220, -0.3262, -0.1562,  0.0702,  0.1371,  0.2080, -0.0940,  0.0422],
        [ 0.1649, -0.0904,  0.1343, -0.0881,  0.3498, -0.2201,  0.2076,  0.1648,
         -0.1030,  0.0865,  0.0633, -0.3442, -0.1098,  0.2604, -0.0413,  0.3203],
        [ 0.0211,  0.0570,  0.0675,  0.1033,  0.0332, -0.1974,  0.1092, -0.0345,
          0.0779, -0.3395, -0.3677, -0.2021,  0.0461,  0.3579, -0.1200,  0.0723],
        [ 0.2107,  0.2329,  0.2869, -0.3408,  0.0694, -0.0917, -0.1198,  0.2679,
         -0.2327,  0.0086, -0.0022, -0.2150,  0.0060,  0.3465,  0.2330,  0.2970],
        [-0.2715, -0.0525,  0.0629,  0.1622,  0.0660, -0.0149,  0.1086, -0.1400,
         -0.2061,  0.0761,  0.3031,  0.0422,  0.0099, -0.2359, -0.1526, -0.0898],
        [ 0.3043,  0.1727,  0.1284, -0.1309, -0.0475, -0.2845,  0.1481, -0.0547,
          0.0503, -0.1162,  0.0399, -0.1600,  0.0685,  0.3671,  0.0845,  0.2732],
        [-0.2321, -0.0298, -0.3087,  0.2285, -0.2875,  0.1466,  0.2367,  0.0264,
          0.1479,  0.2185,  0.2429,  0.2099,  0.1345, -0.0028, -0.0334, -0.2309],
        [-0.2740, -0.2067, -0.0273,  0.0109, -0.0753,  0.3741,  0.0821, -0.3319,
          0.1271,  0.3178, -0.2224,  0.3060, -0.0266, -0.3209, -0.0853, -0.2458],
        [ 0.0440,  0.2185,  0.2443, -0.0489,  0.3283, -0.3126, -0.2067, -0.0511,
         -0.1219, -0.2606, -0.0318, -0.3260, -0.2146,  0.2970, -0.0655,  0.2007]],
       device='cuda:0', requires_grad=True)

Parameter name: road_linear_0.bias
Shape: torch.Size([32])
Values: Parameter containing:
tensor([-0.1370,  0.1739,  0.2137, -0.2224,  0.1409, -0.0787,  0.0276,  0.1701,
        -0.1763,  0.0492,  0.0564,  0.0900,  0.1033, -0.0353,  0.0069,  0.0204,
        -0.1460, -0.0161,  0.0439, -0.0307, -0.0614, -0.1443, -0.1064, -0.0855,
        -0.3518,  0.1582,  0.1284,  0.1501, -0.0669, -0.1356,  0.0688, -0.0627],
       device='cuda:0', requires_grad=True)

Parameter name: road_linear_1.weight
Shape: torch.Size([1, 32])
Values: Parameter containing:
tensor([[-0.1125,  0.2208, -0.1367,  0.1524,  0.1863,  0.2275, -0.2142, -0.3043,
         -0.2466,  0.2558,  0.1803,  0.3004, -0.1536, -0.3335,  0.2170,  0.0689,
         -0.2240,  0.2493, -0.1449, -0.1726,  0.1209,  0.2996, -0.3037, -0.3004,
         -0.2444, -0.2239, -0.2467,  0.1483, -0.2817,  0.3234,  0.2167, -0.1658]],
       device='cuda:0', requires_grad=True)

Parameter name: linear_0.weight
Shape: torch.Size([32, 39])
Values: Parameter containing:
tensor([[-0.0212,  0.0816, -0.0043,  ..., -0.0018, -0.1580, -0.1137],
        [ 0.0148, -0.1658,  0.1398,  ...,  0.0147, -0.1542,  0.0871],
        [-0.1418,  0.1131,  0.0658,  ...,  0.1128,  0.0694,  0.0345],
        ...,
        [ 0.1372, -0.1286,  0.0584,  ..., -0.0716, -0.0697, -0.1180],
        [-0.0330, -0.0919, -0.0482,  ..., -0.1681, -0.0348,  0.1557],
        [-0.2066,  0.1213, -0.0260,  ..., -0.0786, -0.1442, -0.0509]],
       device='cuda:0', requires_grad=True)

Parameter name: linear_0.bias
Shape: torch.Size([32])
Values: Parameter containing:
tensor([ 0.0200,  0.1094, -0.1462, -0.0680, -0.0066, -0.0341, -0.1822,  0.1160,
        -0.0525,  0.1377,  0.0891, -0.0556, -0.0544,  0.0920, -0.1303, -0.0760,
         0.0982, -0.1693,  0.0056,  0.0488, -0.1326,  0.1091,  0.0498, -0.0631,
        -0.0153,  0.1251, -0.0200, -0.1558,  0.0435,  0.2007,  0.1066, -0.1382],
       device='cuda:0', requires_grad=True)

Parameter name: linear_1.weight
Shape: torch.Size([32, 32])
Values: Parameter containing:
tensor([[ 0.2126, -0.1239, -0.0856,  ..., -0.0688, -0.0900,  0.1810],
        [-0.0156,  0.0106,  0.1210,  ..., -0.0152, -0.0582,  0.2201],
        [-0.0422, -0.0986, -0.1660,  ...,  0.0072,  0.0559,  0.0233],
        ...,
        [-0.0262,  0.0374,  0.0875,  ...,  0.1897, -0.1451,  0.1367],
        [ 0.1709, -0.0942,  0.0671,  ...,  0.0782,  0.1712, -0.0031],
        [ 0.1542, -0.0689,  0.2207,  ...,  0.1044,  0.0813,  0.0799]],
       device='cuda:0', requires_grad=True)

Parameter name: linear_1.bias
Shape: torch.Size([32])
Values: Parameter containing:
tensor([ 0.0345,  0.0395,  0.0510,  0.0050, -0.1187, -0.1736,  0.0466, -0.1658,
         0.0412, -0.0596,  0.2164, -0.1927,  0.0932,  0.0930, -0.2086, -0.0106,
        -0.0669, -0.1014, -0.0512, -0.0938,  0.0859,  0.1848, -0.1170,  0.1766,
        -0.1436, -0.0774,  0.1569, -0.1304, -0.0424, -0.0072,  0.0111, -0.0443],
       device='cuda:0', requires_grad=True)

Parameter name: linear_2.weight
Shape: torch.Size([1, 32])
Values: Parameter containing:
tensor([[ 0.2594,  0.1643, -0.2720, -0.2305,  0.1280,  0.1165, -0.1654,  0.1821,
          0.1643, -0.1543, -0.1509,  0.1621,  0.1523, -0.1252,  0.1992,  0.1339,
         -0.2549, -0.2685,  0.1221,  0.1606, -0.2200, -0.1990, -0.2705, -0.0813,
          0.2324,  0.2650, -0.2445,  0.2339, -0.1752, -0.2559,  0.2356,  0.2487]],
       device='cuda:0', requires_grad=True)

Parameter name: linear_2.bias
Shape: torch.Size([1])
Values: Parameter containing:
tensor([-0.0926], device='cuda:0', requires_grad=True)

