Parameter name: road_linear_0.weight
Shape: torch.Size([32, 16])
Values: Parameter containing:
tensor([[-5.5047e-01,  7.4750e-01, -2.1607e-01, -3.4302e-01,  2.8114e-01,
         -3.4178e-01,  6.4607e-01,  7.3443e-02,  3.0101e-01,  1.9154e-01,
          1.8863e-01, -2.7777e-01, -2.1834e-01,  6.8382e-02,  3.2779e-01,
         -1.6267e-01],
        [-3.7388e-01,  1.3170e-01, -2.2116e-01, -2.8981e-01,  1.8743e-01,
         -1.8844e-01,  3.6643e-01,  3.3524e-01,  5.6798e-01,  4.6255e-02,
          1.3320e-01, -4.3843e-01,  1.1021e-01,  3.3531e-01,  5.4753e-01,
         -1.8667e-01],
        [-3.6424e-01,  4.2933e-01, -6.9799e-02, -6.1874e-02,  4.3354e-01,
         -3.7592e-01,  5.4068e-01,  9.8646e-02,  5.4202e-01,  1.2885e-01,
          2.5442e-02, -5.7546e-01,  1.2969e-01,  3.4521e-01,  4.8582e-01,
         -1.7004e-01],
        [ 4.0567e-01, -4.0954e-01,  1.9170e-01,  1.8115e-01, -1.8736e-01,
          1.7978e-01, -3.6523e-01, -2.0801e-01, -5.1911e-01, -3.0789e-01,
         -3.1276e-02,  4.6026e-01,  1.3961e-01, -4.2890e-01, -3.0675e-01,
          2.6679e-01],
        [-2.5054e-01,  5.6264e-01, -2.8442e-01, -3.1304e-01,  2.9505e-01,
         -3.1590e-01,  2.2224e-01,  4.2459e-01,  2.4088e-01,  2.0977e-01,
          1.9076e-01, -2.6637e-01,  9.7507e-02,  1.0900e-01,  4.0153e-01,
         -2.7357e-01],
        [-1.5204e-01,  5.9322e-01, -4.6809e-01,  7.6917e-02,  4.2961e-01,
         -4.4015e-01,  4.2451e-01,  4.3431e-02,  3.2228e-01,  4.2748e-02,
         -1.4485e-01, -1.8096e-01, -2.0587e-01,  4.7642e-01,  4.3755e-01,
         -1.9399e-01],
        [ 4.3742e-01, -3.2547e-01,  5.4918e-01,  1.8065e-01, -2.1573e-01,
          2.9318e-01, -4.1477e-01, -3.5951e-01, -3.6695e-01,  1.9765e-01,
         -5.2860e-02,  1.7340e-01, -5.1466e-02, -1.8650e-01, -3.2983e-01,
          3.0305e-01],
        [ 6.6477e-02, -1.4719e-01,  4.7391e-01, -2.3843e-02, -5.0781e-01,
          1.2938e-01, -2.8355e-01, -4.0321e-01, -3.1663e-01, -4.0109e-02,
         -8.3003e-02,  1.7223e-01,  2.8715e-01, -4.3920e-01, -2.1837e-01,
          4.8265e-01],
        [ 1.9941e-01, -2.4191e-01,  4.8429e-01,  1.0573e-01, -3.4702e-01,
          1.9573e-01, -4.6894e-01, -3.5676e-01, -2.1319e-01, -2.2785e-01,
         -1.9642e-01,  2.8503e-01, -1.2577e-01, -3.1168e-01, -6.0425e-01,
          2.5978e-01],
        [-4.9153e-01,  3.9634e-01, -2.5561e-01, -2.5286e-01,  2.1863e-01,
         -2.2064e-01,  2.6244e-01,  3.5207e-01,  3.8448e-01,  3.6379e-02,
          1.1615e-01, -1.3033e-01, -3.0477e-02,  2.5722e-01,  3.1082e-01,
         -3.6500e-01],
        [-6.1682e-01,  6.5251e-01, -2.5571e-01, -3.5927e-01,  6.4862e-02,
         -2.7442e-02,  4.8823e-01,  2.1091e-01,  4.6112e-01,  2.4256e-01,
          4.5590e-02, -1.0992e-01, -3.9713e-02,  4.9143e-01,  6.5808e-02,
         -5.5802e-01],
        [-3.4990e-01,  3.2891e-01, -1.8328e-01, -1.4553e-01,  3.2730e-01,
         -2.3391e-01,  5.7791e-01,  2.7459e-01,  2.9069e-01,  4.0078e-01,
          1.6917e-01, -6.3185e-02, -1.7828e-01,  8.8734e-02,  2.5264e-01,
         -3.7456e-01],
        [ 4.8338e-01, -3.1876e-01,  3.0020e-01,  1.8484e-01, -2.5689e-01,
          5.3005e-01, -2.9525e-01, -4.4240e-01, -4.3129e-01,  5.2390e-02,
         -1.4208e-01,  1.6492e-01, -8.8127e-02, -2.7137e-01, -3.2748e-01,
          1.6906e-01],
        [ 3.5263e-01, -1.1021e-01,  4.8604e-01,  2.4729e-01, -4.3546e-01,
          3.6133e-01, -2.2195e-01, -1.7263e-01, -3.0631e-01, -7.4592e-02,
         -1.5645e-01,  2.0651e-01,  3.1454e-02, -2.6169e-01, -4.5048e-01,
          3.6133e-01],
        [-5.6470e-01,  2.6003e-01, -2.2292e-01, -3.5135e-01,  5.3621e-01,
         -5.7047e-02,  3.4898e-01,  2.6390e-01,  1.0185e-01,  1.0677e-01,
          9.9766e-02, -4.3902e-01, -8.4627e-03,  3.0532e-01,  1.7900e-01,
         -3.2923e-01],
        [ 1.0511e-01, -4.1130e-01,  3.5937e-01,  2.8853e-01, -4.3424e-01,
          2.8351e-01, -3.5319e-01, -4.0637e-01, -3.0790e-01, -1.8384e-03,
          6.2327e-02,  5.4899e-01, -4.4913e-02, -2.8019e-01, -5.3400e-02,
          2.2797e-01],
        [ 4.4730e-01, -1.8024e-01,  3.5543e-01, -6.9637e-02, -6.5890e-01,
          3.6357e-01, -3.4633e-01, -2.6156e-01, -6.2949e-01, -1.0147e-01,
          2.1468e-01,  5.4719e-01,  2.7743e-01, -1.0500e-01, -4.3075e-01,
          1.2000e-01],
        [-3.3611e-01,  4.0093e-01, -3.4109e-01, -1.4841e-01,  3.0362e-01,
         -9.0907e-02,  4.8124e-01,  4.1171e-01,  2.4657e-01,  9.4747e-02,
          4.7987e-03, -3.6290e-01, -1.7662e-01,  9.2283e-02,  3.2753e-01,
         -2.8561e-01],
        [-2.5140e-01,  3.3712e-01, -3.0289e-01, -2.4099e-01,  2.7948e-01,
         -4.3208e-01,  2.8602e-01,  5.1289e-01,  7.0915e-02,  1.0024e-01,
          2.0680e-02, -5.6153e-01, -1.6119e-02,  3.1397e-01,  4.3974e-01,
         -2.4001e-01],
        [ 5.8884e-01, -4.5583e-01,  4.4068e-01,  2.3467e-01, -4.2735e-01,
          2.2043e-01, -6.0639e-01, -6.4326e-02, -1.3933e-01, -1.8932e-01,
         -9.7035e-02,  3.3465e-01, -1.1945e-01, -2.8226e-01, -5.6954e-02,
          4.0428e-01],
        [-2.4251e-01,  3.5552e-01, -1.1510e-01, -2.7645e-01,  4.0252e-01,
         -3.1604e-01,  4.3256e-01,  4.7613e-01,  2.8230e-01, -3.7026e-02,
         -1.6709e-01, -3.9468e-01, -9.0930e-02, -2.2025e-03,  4.8313e-01,
         -3.1005e-01],
        [ 3.6580e-01, -3.7264e-01,  2.6819e-01,  3.0560e-01, -3.1642e-01,
          1.3362e-01, -6.0144e-02, -3.2616e-01, -3.6728e-01, -1.0245e-01,
          2.4403e-01,  1.8752e-01,  3.8137e-02, -3.4060e-01, -6.3825e-01,
          2.8607e-01],
        [ 5.2583e-01, -5.0564e-01,  2.0928e-01,  1.8046e-01, -1.6644e-01,
          7.7374e-02, -5.2869e-01, -3.6175e-01, -3.7438e-01, -4.5151e-02,
          4.5765e-02,  3.3996e-01, -9.3801e-02, -1.0791e-01,  1.4655e-02,
          4.0441e-01],
        [ 3.0013e-01, -1.6761e-01,  4.4502e-01, -1.1704e-01, -4.8051e-01,
          1.6954e-01, -3.8048e-01, -4.8518e-01, -5.3957e-01, -1.8429e-01,
         -8.0309e-02,  5.4196e-01,  2.6728e-01, -1.3414e-01, -3.5387e-01,
          1.3694e-01],
        [ 3.8822e-01, -6.6862e-01,  3.2733e-01,  1.8896e-01, -1.1608e-01,
          2.1390e-01, -2.0025e-01, -3.2017e-01, -5.0986e-01,  1.0214e-01,
          2.0050e-01,  1.4600e-01, -1.0493e-01, -2.1525e-01, -4.5399e-01,
          5.0418e-01],
        [ 1.6500e-01, -4.2295e-01,  1.8950e-01,  3.8291e-01, -3.8505e-01,
          2.0908e-01, -2.0529e-01, -4.7237e-01, -2.8057e-01, -2.2970e-01,
         -2.9200e-01,  2.4383e-01,  1.5056e-01, -2.8751e-02, -5.2067e-01,
          1.8370e-01],
        [ 4.2401e-01, -3.3507e-01,  4.7580e-01, -4.4231e-02, -3.1726e-01,
          3.3243e-01, -5.9755e-01, -1.3240e-01, -4.9521e-01,  7.4907e-02,
         -1.0246e-03,  2.0871e-01,  1.8408e-01, -7.3858e-02, -4.5532e-03,
          4.9514e-01],
        [-5.4601e-01,  4.4003e-01, -1.5069e-01, -3.1777e-02,  4.4426e-01,
         -3.3745e-01,  5.6908e-01,  2.7909e-01,  6.8383e-02,  1.4237e-01,
          1.4611e-01, -3.9060e-01,  1.9110e-03,  1.1633e-01,  1.6040e-01,
         -2.8714e-01],
        [ 4.7712e-01, -3.1979e-01,  2.7636e-01,  1.1427e-01, -4.7815e-01,
          6.8809e-02, -3.5631e-01, -4.9456e-01, -1.5824e-01, -8.0924e-02,
          3.7970e-02,  2.8195e-01,  2.2900e-01, -1.8808e-02, -1.6349e-01,
          4.0954e-01],
        [-3.9440e-01,  4.6140e-01, -4.4750e-01, -8.1361e-02,  3.5811e-02,
         -2.8259e-01,  5.2440e-01,  3.8770e-01,  4.2595e-01,  7.3146e-02,
          2.2801e-01, -1.8043e-01,  7.3520e-03,  3.6060e-01,  1.4279e-01,
         -3.8693e-01],
        [-4.9756e-01,  3.9633e-01, -2.0908e-01, -2.8335e-01,  3.5603e-01,
         -5.9182e-02,  6.3519e-01,  1.0666e-01,  3.4924e-01,  2.7672e-01,
         -1.6708e-01, -1.3043e-01, -2.1382e-01,  1.6081e-01,  1.4460e-01,
         -4.3571e-01],
        [ 1.3313e-01, -2.8910e-01,  3.6828e-01,  2.7602e-01, -1.8660e-01,
          1.1047e-01, -6.4016e-01, -5.4942e-01, -4.5185e-01, -9.3912e-02,
         -2.2044e-04,  1.6076e-01, -3.7263e-02, -1.2599e-01, -3.9443e-01,
          3.1716e-01]], device='cuda:0', requires_grad=True)

Parameter name: road_linear_0.bias
Shape: torch.Size([32])
Values: Parameter containing:
tensor([-0.2325,  0.0967,  0.1904, -0.0885, -0.0003, -0.1032,  0.0626,  0.1002,
        -0.2249, -0.0766,  0.0332,  0.0494,  0.1095,  0.0846,  0.0071,  0.0825,
        -0.1370,  0.0704, -0.0310, -0.0937, -0.0135, -0.0286, -0.1212, -0.1454,
        -0.1256,  0.1734,  0.1176,  0.0380, -0.0792, -0.1194,  0.1278, -0.1798],
       device='cuda:0', requires_grad=True)

Parameter name: road_linear_1.weight
Shape: torch.Size([1, 32])
Values: Parameter containing:
tensor([[ 0.6393,  0.6793,  0.6047, -0.6350,  0.7362,  0.7721, -0.6227, -0.7391,
         -0.6858,  0.7851,  0.6385,  0.7896, -0.6840, -0.7469,  0.6734, -0.6606,
         -0.6479,  0.6889,  0.6123, -0.6071,  0.7248, -0.5568, -0.7338, -0.7011,
         -0.6928, -0.7567, -0.6379,  0.7337, -0.7318,  0.7202,  0.6771, -0.5911]],
       device='cuda:0', requires_grad=True)

Parameter name: linear_0.weight
Shape: torch.Size([32, 39])
Values: Parameter containing:
tensor([[ 0.2858,  0.2060, -0.0195,  ...,  0.1064, -0.1837, -0.1137],
        [-0.1188, -0.2142,  0.1752,  ..., -0.0044, -0.3939,  0.0871],
        [ 0.0190,  0.1735,  0.0743,  ...,  0.1540,  0.1379,  0.0345],
        ...,
        [-0.0487, -0.2003,  0.0709,  ..., -0.1398, -0.1772, -0.1180],
        [ 0.0276, -0.0816, -0.0141,  ..., -0.1589,  0.0164,  0.1557],
        [-0.0690,  0.1645, -0.0329,  ..., -0.0481,  0.0242, -0.0509]],
       device='cuda:0', requires_grad=True)

Parameter name: linear_0.bias
Shape: torch.Size([32])
Values: Parameter containing:
tensor([ 0.0531,  0.0626, -0.1534, -0.0526, -0.0568,  0.0406, -0.1251,  0.1086,
        -0.0480,  0.1549,  0.0195, -0.0432, -0.0564,  0.0650, -0.0739, -0.0449,
         0.1072, -0.1381, -0.0463,  0.0491, -0.0794,  0.1415,  0.1001, -0.0588,
         0.0064,  0.1168,  0.0182, -0.1353,  0.0850,  0.1803,  0.0860, -0.1334],
       device='cuda:0', requires_grad=True)

Parameter name: linear_1.weight
Shape: torch.Size([32, 32])
Values: Parameter containing:
tensor([[ 0.1954, -0.1985, -0.1099,  ..., -0.0528, -0.1200,  0.1647],
        [ 0.0573,  0.0047,  0.1484,  ..., -0.0379, -0.0368,  0.2487],
        [-0.1141, -0.0878, -0.1816,  ...,  0.0196,  0.0464,  0.0074],
        ...,
        [-0.0851,  0.0270,  0.0734,  ...,  0.1979, -0.1532,  0.1280],
        [ 0.2463, -0.1070,  0.0862,  ...,  0.0625,  0.1842,  0.0189],
        [ 0.2224, -0.0587,  0.2507,  ...,  0.0800,  0.1030,  0.1100]],
       device='cuda:0', requires_grad=True)

Parameter name: linear_1.bias
Shape: torch.Size([32])
Values: Parameter containing:
tensor([ 0.0601,  0.0214,  0.0577,  0.0231, -0.0750, -0.1273,  0.0625, -0.1794,
         0.0214, -0.0654,  0.2318, -0.1881,  0.0801,  0.1012, -0.2236, -0.0233,
        -0.0488, -0.1056, -0.0657, -0.1058,  0.0999,  0.1988, -0.1057,  0.2068,
        -0.1507, -0.0581,  0.1404, -0.1465, -0.0427,  0.0010,  0.0011, -0.0609],
       device='cuda:0', requires_grad=True)

Parameter name: linear_2.weight
Shape: torch.Size([1, 32])
Values: Parameter containing:
tensor([[ 0.3397,  0.2485, -0.3500, -0.3057,  0.2129,  0.2081, -0.2393,  0.2715,
          0.2420, -0.2503, -0.2305,  0.2260,  0.2341, -0.2070,  0.2719,  0.2261,
         -0.3264, -0.3368,  0.1981,  0.2289, -0.2924, -0.2729, -0.3442, -0.1613,
          0.3077,  0.3383, -0.3245,  0.3219, -0.2470, -0.3177,  0.3215,  0.3152]],
       device='cuda:0', requires_grad=True)

Parameter name: linear_2.bias
Shape: torch.Size([1])
Values: Parameter containing:
tensor([-0.1477], device='cuda:0', requires_grad=True)

