Parameter name: road_linear_0.weight
Shape: torch.Size([32, 16])
Values: Parameter containing:
tensor([[-0.2929,  0.4679,  0.0575, -0.0421,  0.2475,  0.1540,  0.3600,  0.0527,
          0.2765,  0.2053,  0.0273, -0.2112, -0.3805, -0.3234,  0.3364,  0.0951],
        [-0.1926, -0.0465, -0.0313, -0.0449,  0.0627,  0.2278,  0.1584,  0.2079,
          0.4689,  0.0586,  0.0995, -0.2840, -0.0191,  0.0081,  0.4804, -0.0226],
        [ 0.0417, -0.1160,  0.3161, -0.0962, -0.1735, -0.3166, -0.0898, -0.4951,
         -0.0678, -0.0150,  0.0909,  0.0041,  0.4836,  0.2746, -0.0244,  0.2252],
        [ 0.1808, -0.2510, -0.0158, -0.0140, -0.1106, -0.1553, -0.1297, -0.1321,
         -0.4646, -0.3112,  0.0192,  0.3712,  0.3238, -0.2033, -0.2706,  0.0689],
        [-0.0502,  0.4191, -0.0979, -0.0601,  0.2611,  0.0532,  0.0723,  0.3973,
          0.2336,  0.2282,  0.0970, -0.2062, -0.1040, -0.1962,  0.3748, -0.1120],
        [ 0.0134,  0.4481, -0.2906,  0.3648,  0.4149, -0.0618,  0.3006,  0.0405,
          0.3290,  0.1567, -0.3091, -0.1339, -0.3036,  0.1674,  0.4299, -0.0432],
        [ 0.3020, -0.0986,  0.3193, -0.1346, -0.1323, -0.1759, -0.1922, -0.2971,
         -0.3350,  0.0538,  0.0831,  0.0952, -0.0031,  0.1565, -0.3755,  0.0881],
        [-0.1278,  0.0337,  0.2711, -0.3030, -0.4168, -0.2651, -0.1027, -0.3318,
         -0.2822, -0.1396,  0.0329,  0.0732,  0.3140, -0.1555, -0.1758,  0.2890],
        [-0.0101, -0.0170,  0.2435, -0.2193, -0.1705, -0.3248, -0.1811, -0.1771,
         -0.0548, -0.2497, -0.0715,  0.1110, -0.0136,  0.1277, -0.4775,  0.0498],
        [-0.2449,  0.2194, -0.0367, -0.0408,  0.1736,  0.1355,  0.0697,  0.3130,
          0.3649, -0.0631,  0.1180, -0.0558, -0.3192, -0.0470,  0.2960, -0.1579],
        [-0.3007,  0.4259,  0.0106, -0.0691,  0.0544,  0.3877,  0.2628,  0.1946,
          0.4545,  0.1890, -0.0460, -0.0418, -0.2604,  0.1619,  0.0850, -0.2815],
        [-0.0558,  0.1571,  0.0598,  0.0408,  0.2512,  0.0830,  0.3571,  0.2106,
          0.2447,  0.2695,  0.1734,  0.0308, -0.4589, -0.1802,  0.1768, -0.1390],
        [ 0.3177, -0.1437,  0.1140, -0.1605, -0.2292,  0.0282, -0.1490, -0.4265,
         -0.4482, -0.0719,  0.0995,  0.1153,  0.0539,  0.1630, -0.3514,  0.0177],
        [ 0.1516,  0.0626,  0.2934,  0.0278, -0.4012,  0.0009, -0.0533, -0.1402,
         -0.3152, -0.0953, -0.0893,  0.1497,  0.1721,  0.0156, -0.4633,  0.1843],
        [-0.3157,  0.0017,  0.0018, -0.0784,  0.4695,  0.3879,  0.0981,  0.1876,
          0.0591,  0.1134, -0.0007, -0.3534, -0.1339, -0.0669,  0.1655, -0.1076],
        [-0.0630, -0.4314,  0.1690,  0.0714, -0.4352, -0.0175, -0.2515, -0.4108,
         -0.3047, -0.0292,  0.1345,  0.4996,  0.2463, -0.0422, -0.0459,  0.0942],
        [ 0.2146,  0.0103,  0.0964, -0.2828, -0.3947, -0.0030, -0.0680, -0.0363,
         -0.3992, -0.0979,  0.2578,  0.2988,  0.3739,  0.1912, -0.2210, -0.1177],
        [-0.2004,  0.2260, -0.1418,  0.0735,  0.1746,  0.2474,  0.2823,  0.3134,
          0.1680,  0.1977, -0.1415, -0.2482, -0.1932, -0.1328,  0.3231, -0.0911],
        [ 0.1699, -0.2098,  0.0698, -0.2475, -0.2719, -0.3436, -0.3058, -0.0346,
         -0.4728, -0.0513,  0.1465, -0.0361,  0.2636,  0.1966, -0.0505,  0.1351],
        [ 0.3192, -0.2127,  0.1911, -0.0485, -0.4062, -0.1981, -0.3856, -0.0490,
         -0.1323, -0.2078,  0.0804,  0.2977,  0.0134,  0.0626, -0.0945,  0.1441],
        [-0.1327,  0.3397,  0.0312, -0.1195,  0.3424, -0.0695,  0.3343,  0.4397,
          0.2363,  0.0087, -0.2211, -0.3029, -0.2567, -0.1590,  0.4300, -0.2054],
        [-0.0541,  0.0102, -0.0096,  0.3753,  0.1158,  0.1026,  0.2911,  0.0356,
          0.1406,  0.2204,  0.1671, -0.3448, -0.2674, -0.3522,  0.0575,  0.0758],
        [ 0.3071, -0.2610, -0.0244, -0.1184, -0.0713, -0.3568, -0.3152, -0.2907,
         -0.3341, -0.0886,  0.2709,  0.2558, -0.0225,  0.2616,  0.0203,  0.1624],
        [ 0.1417, -0.0119,  0.2290, -0.2908, -0.2515, -0.1215, -0.1490, -0.3049,
         -0.3605, -0.2275,  0.0092,  0.3350,  0.2844,  0.0283, -0.2477, -0.0756],
        [ 0.1526, -0.4487,  0.0936, -0.0825, -0.0108, -0.2123,  0.0318, -0.2250,
         -0.4517,  0.1265,  0.3101,  0.0318,  0.0972,  0.1921, -0.3937,  0.2863],
        [ 0.0030, -0.2747,  0.0206,  0.1124, -0.3163, -0.1865, -0.0624, -0.4155,
         -0.2620, -0.2977, -0.1572,  0.1563,  0.2586,  0.2872, -0.4569,  0.0459],
        [ 0.1791, -0.1018,  0.2211, -0.3009, -0.2411, -0.0608, -0.3885, -0.0894,
         -0.4478,  0.0669,  0.1602,  0.1291,  0.2893,  0.2498,  0.0116,  0.2426],
        [-0.2650,  0.2817,  0.0946,  0.1647,  0.4002, -0.0105,  0.3799,  0.2423,
          0.0339,  0.0336,  0.1317, -0.3137, -0.2809, -0.1592,  0.0992, -0.0627],
        [ 0.2155, -0.1219,  0.0455, -0.0741, -0.3505, -0.2470, -0.1290, -0.3867,
         -0.0698, -0.0315,  0.0841,  0.1627,  0.3848,  0.2372, -0.0600,  0.1898],
        [-0.2442,  0.2869, -0.2486,  0.2190,  0.0115,  0.1122,  0.3841,  0.3850,
          0.4457,  0.1784,  0.0508, -0.1334, -0.0311,  0.0833,  0.2147, -0.1919],
        [-0.2094,  0.1278,  0.0446, -0.0352,  0.2558,  0.3422,  0.3804,  0.0248,
          0.2926,  0.2465, -0.3284, -0.0413, -0.3578, -0.2049,  0.0870, -0.1745],
        [-0.0209, -0.1158,  0.1679, -0.0093, -0.0448, -0.2810, -0.4050, -0.4152,
         -0.3540, -0.1996,  0.1765,  0.0080,  0.0181,  0.1881, -0.3532,  0.1320]],
       device='cuda:0', requires_grad=True)

Parameter name: road_linear_0.bias
Shape: torch.Size([32])
Values: Parameter containing:
tensor([-0.1264,  0.0043,  0.1031, -0.0461, -0.0090, -0.1086,  0.0933,  0.1552,
        -0.0225, -0.0295, -0.0334,  0.0531,  0.1449,  0.0712,  0.0140,  0.1051,
        -0.0627, -0.0257,  0.1007,  0.0537, -0.0567, -0.0846,  0.0077,  0.0088,
        -0.0662,  0.1625,  0.1706,  0.0134, -0.0521, -0.2092,  0.0226,  0.0148],
       device='cuda:0', requires_grad=True)

Parameter name: road_linear_1.weight
Shape: torch.Size([1, 32])
Values: Parameter containing:
tensor([[ 0.2890,  0.3786, -0.2608, -0.2971,  0.3715,  0.4159, -0.3272, -0.4215,
         -0.3287,  0.4229,  0.2872,  0.4270, -0.3105, -0.4550,  0.3394, -0.3317,
         -0.3443,  0.3681, -0.2526, -0.2800,  0.4763,  0.3102, -0.3891, -0.4156,
         -0.3762, -0.4073, -0.3491,  0.4011, -0.3784,  0.4302,  0.3092, -0.2700]],
       device='cuda:0', requires_grad=True)

Parameter name: linear_0.weight
Shape: torch.Size([32, 39])
Values: Parameter containing:
tensor([[-0.0572,  0.1340,  0.0830,  ...,  0.1370, -0.2272, -0.1137],
        [-0.1517, -0.0141,  0.1367,  ...,  0.0625, -0.2706,  0.0871],
        [ 0.0426, -0.0641,  0.0234,  ...,  0.0607,  0.2112,  0.0345],
        ...,
        [ 0.1503, -0.1816, -0.0315,  ..., -0.1871, -0.0169, -0.1180],
        [ 0.1322, -0.2432, -0.0771,  ..., -0.2325,  0.1005,  0.1557],
        [-0.2328,  0.1908,  0.0833,  ...,  0.0574, -0.2201, -0.0509]],
       device='cuda:0', requires_grad=True)

Parameter name: linear_0.bias
Shape: torch.Size([32])
Values: Parameter containing:
tensor([ 0.0604,  0.0381, -0.0696, -0.1406, -0.0761,  0.0561, -0.0964,  0.0518,
        -0.0401,  0.0528,  0.0172,  0.0146, -0.0199,  0.0953, -0.0375, -0.0058,
         0.0489, -0.1596, -0.0243,  0.0746, -0.0733,  0.0193,  0.1134,  0.0250,
        -0.0991,  0.1067,  0.0538, -0.1247,  0.0402,  0.1803,  0.1767, -0.1149],
       device='cuda:0', requires_grad=True)

Parameter name: linear_1.weight
Shape: torch.Size([32, 32])
Values: Parameter containing:
tensor([[ 0.0800, -0.1890, -0.0787,  ...,  0.0842, -0.0200,  0.0500],
        [-0.2045, -0.0359,  0.1285,  ...,  0.1819, -0.0036,  0.0219],
        [ 0.1334, -0.0383, -0.1967,  ..., -0.1725, -0.0134,  0.2104],
        ...,
        [ 0.1415,  0.0825,  0.0529,  ...,  0.0459, -0.2120,  0.3068],
        [ 0.0245, -0.1709,  0.0471,  ...,  0.2860,  0.2333, -0.1579],
        [ 0.0038, -0.1186,  0.2330,  ...,  0.2569,  0.1454, -0.0751]],
       device='cuda:0', requires_grad=True)

Parameter name: linear_1.bias
Shape: torch.Size([32])
Values: Parameter containing:
tensor([ 0.1274,  0.1706, -0.0595, -0.1329,  0.0249, -0.0221, -0.0823,  0.0160,
         0.1789, -0.1662,  0.1265, -0.1305,  0.2133,  0.0593, -0.0998,  0.1714,
        -0.1155, -0.1761,  0.0541,  0.0465, -0.0554,  0.0763, -0.2258,  0.2096,
        -0.0079, -0.0387,  0.0802,  0.0063, -0.1734, -0.0799,  0.1609,  0.0409],
       device='cuda:0', requires_grad=True)

Parameter name: linear_2.weight
Shape: torch.Size([1, 32])
Values: Parameter containing:
tensor([[ 0.5085,  0.4270, -0.4814, -0.4825,  0.3251,  0.3427, -0.3977,  0.3539,
          0.4146, -0.4412, -0.3672,  0.3856,  0.3873,  0.3684,  0.4203,  0.4028,
         -0.5027, -0.5090,  0.3577,  0.3630, -0.4315, -0.4081, -0.5019,  0.3663,
          0.4506,  0.5062, -0.4797,  0.4710, -0.4093, -0.4965,  0.4534,  0.4912]],
       device='cuda:0', requires_grad=True)

Parameter name: linear_2.bias
Shape: torch.Size([1])
Values: Parameter containing:
tensor([0.2924], device='cuda:0', requires_grad=True)

