Parameter name: road_linear_0.weight
Shape: torch.Size([32, 16])
Values: Parameter containing:
tensor([[-2.9138e-01,  4.6839e-01,  6.1400e-02, -4.8555e-02,  2.5662e-01,
          1.5515e-01,  3.6733e-01,  5.8110e-02,  2.8821e-01,  1.9970e-01,
          3.2384e-02, -2.1794e-01, -3.8940e-01, -3.2486e-01,  3.4376e-01,
          1.0168e-01],
        [-1.8132e-01, -5.2921e-02, -2.0205e-02, -5.6453e-02,  6.1728e-02,
          2.2207e-01,  1.5141e-01,  2.0754e-01,  4.6975e-01,  4.7673e-02,
          1.1186e-01, -2.8212e-01, -1.3038e-02,  1.6327e-02,  4.9182e-01,
         -1.0370e-02],
        [ 3.9408e-02, -1.2443e-01,  3.0823e-01, -8.5895e-02, -1.8810e-01,
         -3.1001e-01, -1.0103e-01, -5.0707e-01, -8.3666e-02, -7.8480e-03,
          9.3828e-02,  1.6368e-02,  4.9526e-01,  2.7478e-01, -3.6813e-02,
          2.1527e-01],
        [ 1.7183e-01, -2.5025e-01, -2.5454e-02, -3.2421e-03, -1.1847e-01,
         -1.5117e-01, -1.2770e-01, -1.3799e-01, -4.7513e-01, -3.0149e-01,
          8.9018e-03,  3.7770e-01,  3.2656e-01, -2.0858e-01, -2.8202e-01,
          5.7487e-02],
        [-4.2415e-02,  4.1596e-01, -9.0066e-02, -6.9163e-02,  2.6619e-01,
          5.2016e-02,  7.1940e-02,  3.9989e-01,  2.4149e-01,  2.1988e-01,
          1.0847e-01, -2.0906e-01, -1.0675e-01, -1.9270e-01,  3.8213e-01,
         -1.0190e-01],
        [ 7.0927e-03,  4.5038e-01, -2.9186e-01,  3.6198e-01,  4.2624e-01,
         -5.8984e-02,  3.1242e-01,  4.7235e-02,  3.4236e-01,  1.5598e-01,
         -3.0960e-01, -1.4239e-01, -3.1496e-01,  1.6189e-01,  4.3717e-01,
         -4.1195e-02],
        [ 2.9580e-01, -1.0221e-01,  3.1123e-01, -1.2481e-01, -1.4365e-01,
         -1.7127e-01, -1.9606e-01, -3.0533e-01, -3.4874e-01,  6.1666e-02,
          7.7846e-02,  1.0410e-01,  5.1909e-03,  1.5413e-01, -3.8630e-01,
          7.7755e-02],
        [-1.3316e-01,  2.7779e-02,  2.6286e-01, -2.9286e-01, -4.3037e-01,
         -2.5943e-01, -1.0842e-01, -3.4207e-01, -2.9786e-01, -1.3162e-01,
          3.0668e-02,  8.4202e-02,  3.2411e-01, -1.5733e-01, -1.8784e-01,
          2.7865e-01],
        [-2.1204e-02, -1.8246e-02,  2.3191e-01, -2.0707e-01, -1.8119e-01,
         -3.1711e-01, -1.7628e-01, -1.8730e-01, -6.7256e-02, -2.3843e-01,
         -8.3002e-02,  1.2035e-01, -1.2873e-02,  1.1998e-01, -4.9146e-01,
          3.7059e-02],
        [-2.3436e-01,  2.1549e-01, -2.6281e-02, -5.2265e-02,  1.7657e-01,
          1.3048e-01,  6.5481e-02,  3.1544e-01,  3.6991e-01, -7.3411e-02,
          1.3070e-01, -5.7232e-02, -3.1707e-01, -4.0284e-02,  3.0555e-01,
         -1.4564e-01],
        [-2.9501e-01,  4.3168e-01,  1.9171e-02, -7.9614e-02,  6.7996e-02,
          3.8222e-01,  2.6862e-01,  2.0521e-01,  4.7020e-01,  1.8064e-01,
         -4.3248e-02, -5.3011e-02, -2.7050e-01,  1.6396e-01,  9.7325e-02,
         -2.7084e-01],
        [-4.4662e-02,  1.5996e-01,  7.1555e-02,  2.7902e-02,  2.6271e-01,
          7.6105e-02,  3.5466e-01,  2.2064e-01,  2.5793e-01,  2.5766e-01,
          1.8376e-01,  2.1412e-02, -4.6283e-01, -1.7338e-01,  1.8980e-01,
         -1.2577e-01],
        [ 3.1333e-01, -1.4268e-01,  1.0883e-01, -1.5379e-01, -2.3624e-01,
          2.8204e-02, -1.5302e-01, -4.3004e-01, -4.5781e-01, -6.6333e-02,
          9.1403e-02,  1.1956e-01,  6.0364e-02,  1.6253e-01, -3.5755e-01,
          9.7956e-03],
        [ 1.4112e-01,  6.5460e-02,  2.8298e-01,  3.9127e-02, -4.0604e-01,
          6.2648e-03, -4.9421e-02, -1.4402e-01, -3.2228e-01, -8.4989e-02,
         -1.0175e-01,  1.5294e-01,  1.7127e-01,  9.0594e-03, -4.7367e-01,
          1.7213e-01],
        [-3.0526e-01,  1.8999e-03,  1.2825e-02, -9.0148e-02,  4.7785e-01,
          3.8130e-01,  9.4146e-02,  1.9545e-01,  7.0114e-02,  1.0271e-01,
          9.7327e-03, -3.6078e-01, -1.3462e-01, -5.9847e-02,  1.7852e-01,
         -9.5351e-02],
        [-6.5551e-02, -4.2858e-01,  1.6616e-01,  7.6074e-02, -4.4089e-01,
         -2.1310e-02, -2.5682e-01, -4.1287e-01, -3.1341e-01, -2.4824e-02,
          1.2603e-01,  5.0252e-01,  2.5305e-01, -4.0631e-02, -5.0082e-02,
          8.8243e-02],
        [ 2.0493e-01,  6.2369e-03,  8.5341e-02, -2.7032e-01, -4.0684e-01,
          3.8999e-03, -6.7645e-02, -4.6748e-02, -4.1266e-01, -8.7214e-02,
          2.4966e-01,  3.0920e-01,  3.7933e-01,  1.8543e-01, -2.3402e-01,
         -1.3032e-01],
        [-1.9977e-01,  2.3144e-01, -1.3642e-01,  6.5600e-02,  1.8857e-01,
          2.4442e-01,  2.9182e-01,  3.2341e-01,  1.8381e-01,  1.9210e-01,
         -1.4097e-01, -2.6009e-01, -2.0475e-01, -1.3388e-01,  3.3485e-01,
         -8.3472e-02],
        [ 1.6569e-01, -2.1946e-01,  6.0017e-02, -2.3536e-01, -2.8704e-01,
         -3.3540e-01, -3.1516e-01, -4.8337e-02, -4.8825e-01, -4.2546e-02,
          1.4930e-01, -2.3302e-02,  2.7399e-01,  1.9479e-01, -6.3821e-02,
          1.2358e-01],
        [ 3.1777e-01, -2.2121e-01,  1.8374e-01, -3.8453e-02, -4.2171e-01,
         -1.9218e-01, -3.9685e-01, -6.1534e-02, -1.4809e-01, -2.0021e-01,
          8.3176e-02,  3.1073e-01,  2.4439e-02,  6.3251e-02, -1.0718e-01,
          1.3478e-01],
        [-1.3236e-01,  3.3587e-01,  3.2067e-02, -1.2198e-01,  3.4859e-01,
         -6.3296e-02,  3.4007e-01,  4.4140e-01,  2.4596e-01,  6.4483e-03,
         -2.1165e-01, -3.0620e-01, -2.6454e-01, -1.6140e-01,  4.3369e-01,
         -2.0165e-01],
        [-4.3048e-02,  1.6123e-02,  2.3437e-03,  3.6202e-01,  1.2887e-01,
          9.4056e-02,  2.8959e-01,  4.7426e-02,  1.5354e-01,  2.0838e-01,
          1.7562e-01, -3.5509e-01, -2.7230e-01, -3.4548e-01,  7.0311e-02,
          8.9388e-02],
        [ 3.0550e-01, -2.7018e-01, -3.2260e-02, -1.0788e-01, -8.7016e-02,
         -3.5014e-01, -3.2682e-01, -3.0380e-01, -3.5040e-01, -8.1448e-02,
          2.7427e-01,  2.6901e-01, -1.0909e-02,  2.6198e-01,  7.1655e-03,
          1.5256e-01],
        [ 1.3583e-01, -1.6645e-02,  2.2041e-01, -2.8060e-01, -2.6450e-01,
         -1.1651e-01, -1.5288e-01, -3.1486e-01, -3.7540e-01, -2.1901e-01,
          5.1288e-03,  3.4642e-01,  2.9330e-01,  2.5812e-02, -2.6020e-01,
         -8.6016e-02],
        [ 1.4452e-01, -4.5045e-01,  8.4497e-02, -7.1780e-02, -2.0836e-02,
         -2.0736e-01,  3.1215e-02, -2.3253e-01, -4.6396e-01,  1.3522e-01,
          3.0064e-01,  3.9650e-02,  1.0268e-01,  1.8774e-01, -4.0484e-01,
          2.7510e-01],
        [-4.0034e-03, -2.7034e-01,  1.3722e-02,  1.2064e-01, -3.1973e-01,
         -1.8699e-01, -6.2549e-02, -4.1651e-01, -2.6797e-01, -2.9039e-01,
         -1.6883e-01,  1.5748e-01,  2.6069e-01,  2.8423e-01, -4.6218e-01,
          3.6319e-02],
        [ 1.8344e-01, -1.1167e-01,  2.1559e-01, -2.9169e-01, -2.5592e-01,
         -5.4550e-02, -4.0340e-01, -1.0225e-01, -4.6246e-01,  7.1555e-02,
          1.6596e-01,  1.4160e-01,  3.0045e-01,  2.5342e-01, -1.5286e-04,
          2.3540e-01],
        [-2.5698e-01,  2.8323e-01,  1.0371e-01,  1.5415e-01,  4.1017e-01,
         -1.4157e-02,  3.8160e-01,  2.4946e-01,  4.5981e-02,  2.3644e-02,
          1.4000e-01, -3.2129e-01, -2.8715e-01, -1.5602e-01,  1.0942e-01,
         -5.1581e-02],
        [ 2.0800e-01, -1.2824e-01,  3.5423e-02, -6.2419e-02, -3.6461e-01,
         -2.4020e-01, -1.3270e-01, -3.9845e-01, -8.5679e-02, -2.1881e-02,
          8.0442e-02,  1.7465e-01,  3.9397e-01,  2.3328e-01, -7.3361e-02,
          1.7804e-01],
        [-2.5015e-01,  2.9156e-01, -2.4848e-01,  2.1511e-01,  2.4123e-02,
          1.1208e-01,  3.9848e-01,  3.9289e-01,  4.6038e-01,  1.7736e-01,
          4.8231e-02, -1.4302e-01, -4.3350e-02,  7.7507e-02,  2.2316e-01,
         -1.8877e-01],
        [-2.0271e-01,  1.3745e-01,  5.5769e-02, -4.8311e-02,  2.7144e-01,
          3.3326e-01,  3.8707e-01,  3.9413e-02,  3.0868e-01,  2.3653e-01,
         -3.2924e-01, -5.4786e-02, -3.6775e-01, -2.0088e-01,  1.0136e-01,
         -1.6188e-01],
        [-2.7464e-02, -1.1996e-01,  1.5905e-01,  1.1417e-03, -5.6917e-02,
         -2.7604e-01, -4.0885e-01, -4.2448e-01, -3.6855e-01, -1.9089e-01,
          1.7172e-01,  1.8065e-02,  2.6771e-02,  1.8527e-01, -3.6505e-01,
          1.2127e-01]], device='cuda:0', requires_grad=True)

Parameter name: road_linear_0.bias
Shape: torch.Size([32])
Values: Parameter containing:
tensor([-0.1239,  0.0107,  0.1100, -0.0479, -0.0038, -0.1072,  0.0955,  0.1598,
        -0.0203, -0.0255, -0.0378,  0.0501,  0.1414,  0.0685,  0.0135,  0.0980,
        -0.0590, -0.0283,  0.1095,  0.0602, -0.0480, -0.0914,  0.0151,  0.0118,
        -0.0653,  0.1554,  0.1787,  0.0129, -0.0468, -0.2105,  0.0137,  0.0174],
       device='cuda:0', requires_grad=True)

Parameter name: road_linear_1.weight
Shape: torch.Size([1, 32])
Values: Parameter containing:
tensor([[ 0.2849,  0.3783, -0.2534, -0.2922,  0.3670,  0.4099, -0.3208, -0.4141,
         -0.3218,  0.4187,  0.2801,  0.4215, -0.3050, -0.4501,  0.3336, -0.3274,
         -0.3384,  0.3626, -0.2448, -0.2728,  0.4724,  0.3027, -0.3816, -0.4103,
         -0.3694, -0.4034, -0.3420,  0.3961, -0.3718,  0.4241,  0.3014, -0.2643]],
       device='cuda:0', requires_grad=True)

Parameter name: linear_0.weight
Shape: torch.Size([32, 39])
Values: Parameter containing:
tensor([[-0.0534,  0.1293,  0.0809,  ...,  0.1376, -0.2236, -0.1137],
        [-0.1493, -0.0174,  0.1364,  ...,  0.0616, -0.2685,  0.0871],
        [ 0.0399, -0.0604,  0.0242,  ...,  0.0614,  0.2083,  0.0345],
        ...,
        [ 0.1483, -0.1786, -0.0316,  ..., -0.1857, -0.0184, -0.1180],
        [ 0.1298, -0.2397, -0.0768,  ..., -0.2316,  0.0986,  0.1557],
        [-0.2295,  0.1868,  0.0817,  ...,  0.0576, -0.2169, -0.0509]],
       device='cuda:0', requires_grad=True)

Parameter name: linear_0.bias
Shape: torch.Size([32])
Values: Parameter containing:
tensor([ 0.0616,  0.0374, -0.0693, -0.1408, -0.0766,  0.0553, -0.0955,  0.0537,
        -0.0397,  0.0521,  0.0203,  0.0152, -0.0202,  0.0960, -0.0365, -0.0069,
         0.0484, -0.1601, -0.0227,  0.0755, -0.0746,  0.0178,  0.1135,  0.0267,
        -0.1001,  0.1069,  0.0538, -0.1256,  0.0402,  0.1816,  0.1775, -0.1143],
       device='cuda:0', requires_grad=True)

Parameter name: linear_1.weight
Shape: torch.Size([32, 32])
Values: Parameter containing:
tensor([[ 0.0814, -0.1897, -0.0795,  ...,  0.0848, -0.0203,  0.0521],
        [-0.2030, -0.0363,  0.1272,  ...,  0.1823, -0.0040,  0.0242],
        [ 0.1319, -0.0383, -0.1947,  ..., -0.1727, -0.0128,  0.2079],
        ...,
        [ 0.1399,  0.0809,  0.0576,  ...,  0.0471, -0.2100,  0.3040],
        [ 0.0255, -0.1724,  0.0475,  ...,  0.2870,  0.2336, -0.1563],
        [ 0.0053, -0.1192,  0.2315,  ...,  0.2574,  0.1451, -0.0728]],
       device='cuda:0', requires_grad=True)

Parameter name: linear_1.bias
Shape: torch.Size([32])
Values: Parameter containing:
tensor([ 0.1287,  0.1717, -0.0604, -0.1341,  0.0256, -0.0216, -0.0833,  0.0177,
         0.1803, -0.1668,  0.1290, -0.1357,  0.2147,  0.0597, -0.0983,  0.1731,
        -0.1072, -0.1771,  0.0552,  0.0477, -0.0567,  0.0753, -0.2261,  0.2108,
        -0.0070, -0.0437,  0.0812,  0.0074, -0.1745, -0.0798,  0.1625,  0.0421],
       device='cuda:0', requires_grad=True)

Parameter name: linear_2.weight
Shape: torch.Size([1, 32])
Values: Parameter containing:
tensor([[ 0.5319,  0.4516, -0.5064, -0.5045,  0.3504,  0.3677, -0.4226,  0.3728,
          0.4343, -0.4663, -0.3896,  0.4073,  0.4086,  0.3931,  0.4404,  0.4213,
         -0.5237, -0.5336,  0.3827,  0.3862, -0.4532, -0.4331, -0.5272,  0.3910,
          0.4757,  0.5279, -0.5034,  0.4946, -0.4333, -0.5208,  0.4717,  0.5154]],
       device='cuda:0', requires_grad=True)

Parameter name: linear_2.bias
Shape: torch.Size([1])
Values: Parameter containing:
tensor([0.3088], device='cuda:0', requires_grad=True)

