Parameter name: road_linear_0.weight
Shape: torch.Size([32, 16])
Values: Parameter containing:
tensor([[-0.3490,  0.5375,  0.0282, -0.0380,  0.3717,  0.2366,  0.4604,  0.1640,
          0.3350,  0.2021,  0.0858, -0.3101, -0.4549, -0.3014,  0.3420,  0.0800],
        [-0.0890, -0.1635,  0.0852, -0.1502,  0.1428,  0.2269,  0.0266,  0.3833,
          0.7485, -0.0705,  0.2956, -0.4573,  0.0727,  0.1406,  0.7306,  0.0963],
        [ 0.2296, -0.3000,  0.4243, -0.1533, -0.3973, -0.4068, -0.3287, -0.6428,
         -0.1586, -0.0969,  0.1652,  0.1612,  0.7285,  0.3494, -0.0806,  0.3300],
        [ 0.0332, -0.0998, -0.1614,  0.1140, -0.1380, -0.1351,  0.0327, -0.2774,
         -0.7296, -0.1503, -0.2216,  0.4877,  0.1744, -0.3726, -0.4820, -0.0780],
        [ 0.1022,  0.2522,  0.0482, -0.1867,  0.2749,  0.0417, -0.0852,  0.5255,
          0.4707,  0.0640,  0.3384, -0.2883,  0.0441, -0.0228,  0.5596,  0.0356],
        [-0.1623,  0.5906, -0.4080,  0.4325,  0.5914,  0.0404,  0.5202,  0.1615,
          0.3621,  0.2359, -0.3435, -0.2461, -0.4757,  0.1034,  0.4205, -0.1460],
        [ 0.1725, -0.0126,  0.1865, -0.0177, -0.1858, -0.1455, -0.0632, -0.4290,
         -0.5621,  0.1938, -0.1290,  0.2027, -0.1014, -0.0036, -0.5330, -0.0407],
        [-0.2299,  0.0706,  0.1524, -0.1948, -0.4766, -0.2253,  0.0033, -0.4598,
         -0.4751, -0.0184, -0.1430,  0.1893,  0.2537, -0.2962, -0.3180,  0.1786],
        [-0.1435,  0.0918,  0.1019, -0.0933, -0.2633, -0.2929, -0.0231, -0.3574,
         -0.3624, -0.0989, -0.3072,  0.2868, -0.1321, -0.0335, -0.7077, -0.0883],
        [-0.1166,  0.0787,  0.0969, -0.1601,  0.2230,  0.1217, -0.0764,  0.4716,
          0.6364, -0.2083,  0.3403, -0.1916, -0.1940,  0.1066,  0.5176, -0.0233],
        [-0.2812,  0.4667,  0.0657, -0.1306,  0.1403,  0.3877,  0.2500,  0.3159,
          0.5830,  0.1272,  0.0597, -0.1651, -0.2840,  0.2425,  0.1750, -0.2319],
        [ 0.0588,  0.0831,  0.1886, -0.0762,  0.3311,  0.0496,  0.2239,  0.3707,
          0.5065,  0.1322,  0.3863, -0.1199, -0.3705, -0.0308,  0.3667, -0.0169],
        [ 0.1722, -0.0066, -0.0259, -0.0398, -0.2578,  0.0432, -0.0114, -0.5457,
         -0.6639,  0.0788, -0.1336,  0.1916, -0.0745, -0.0077, -0.5017, -0.1227],
        [ 0.0161,  0.2036,  0.1552,  0.1505, -0.4547,  0.0119,  0.1002, -0.2987,
         -0.5925,  0.0553, -0.3226,  0.2890,  0.0406, -0.1452, -0.6865,  0.0450],
        [-0.1811, -0.1223,  0.1403, -0.2001,  0.5292,  0.3554, -0.0554,  0.3467,
          0.3371, -0.0356,  0.2264, -0.4973, -0.0050,  0.0918,  0.3745,  0.0281],
        [-0.1658, -0.3225,  0.0636,  0.1649, -0.4512, -0.0178, -0.1602, -0.5059,
         -0.4511,  0.0882, -0.0607,  0.5568,  0.1494, -0.1775, -0.1330, -0.0106],
        [ 0.0630,  0.1225, -0.0570, -0.1464, -0.4479,  0.0315,  0.0957, -0.1939,
         -0.6824,  0.0661,  0.0123,  0.4355,  0.2431,  0.0121, -0.4275, -0.2673],
        [-0.2579,  0.3243, -0.1580,  0.0650,  0.2824,  0.2840,  0.3723,  0.4137,
          0.2121,  0.1923, -0.1068, -0.3513, -0.2796, -0.1126,  0.3439, -0.1017],
        [ 0.3375, -0.3984,  0.1504, -0.2789, -0.4849, -0.4133, -0.5102, -0.1917,
         -0.5678, -0.1122,  0.2115,  0.1285,  0.5061,  0.2480, -0.1237,  0.2201],
        [ 0.4813, -0.3729,  0.2803, -0.0949, -0.6508, -0.2883, -0.5966, -0.2137,
         -0.2400, -0.2636,  0.1271,  0.4553,  0.2203,  0.1058, -0.1680,  0.2293],
        [-0.0319,  0.2256,  0.1304, -0.2079,  0.3347, -0.0707,  0.2505,  0.5094,
          0.3429, -0.1022, -0.0317, -0.3258, -0.1469, -0.0283,  0.4740, -0.1035],
        [-0.0169,  0.0419,  0.0646,  0.2971,  0.2740,  0.1210,  0.2505,  0.2089,
          0.3613,  0.1384,  0.3130, -0.5168, -0.3016, -0.2507,  0.2166,  0.1435],
        [ 0.4641, -0.4307,  0.0550, -0.1544, -0.2844, -0.4264, -0.5147, -0.4369,
         -0.4227, -0.1444,  0.3254,  0.4064,  0.1896,  0.3067, -0.0428,  0.2419],
        [-0.0161,  0.1014,  0.0755, -0.1574, -0.2777, -0.0757,  0.0145, -0.4380,
         -0.5935, -0.0608, -0.2224,  0.4387,  0.1508, -0.1508, -0.4264, -0.2258],
        [ 0.0109, -0.3261, -0.0498,  0.0446, -0.0538, -0.1847,  0.1823, -0.3688,
         -0.7202,  0.2785,  0.0714,  0.1496, -0.0345,  0.0231, -0.5864,  0.1444],
        [-0.1605, -0.0927, -0.1344,  0.2459, -0.2982, -0.1683,  0.1016, -0.5160,
         -0.4731, -0.1248, -0.4000,  0.1904,  0.0937,  0.1058, -0.6234, -0.1105],
        [ 0.4491, -0.2830,  0.3919, -0.4062, -0.5218, -0.1943, -0.7131, -0.2816,
         -0.5887, -0.0640,  0.2793,  0.3076,  0.5900,  0.3852, -0.0756,  0.4156],
        [-0.2035,  0.2569,  0.1789,  0.0834,  0.4800, -0.0088,  0.3142,  0.3731,
          0.1998, -0.0600,  0.2910, -0.4383, -0.2498, -0.0486,  0.2209,  0.0160],
        [ 0.1947, -0.1704, -0.0159, -0.0067, -0.4344, -0.2344, -0.1041, -0.5099,
         -0.2002,  0.0333, -0.0218,  0.2931,  0.4072,  0.1547, -0.1611,  0.1373],
        [-0.4012,  0.4281, -0.3467,  0.2751,  0.2018,  0.2053,  0.5924,  0.5054,
          0.5036,  0.2422,  0.0133, -0.2533, -0.2083,  0.0333,  0.2296, -0.2780],
        [-0.3656,  0.3095, -0.0359, -0.0015,  0.4835,  0.4199,  0.5762,  0.1904,
          0.4023,  0.3003, -0.3848, -0.2089, -0.5953, -0.2525,  0.1646, -0.2565],
        [-0.1471, -0.0392,  0.0327,  0.1107, -0.0892, -0.2359, -0.2705, -0.5506,
         -0.5804, -0.0575, -0.0294,  0.1233, -0.0797,  0.0296, -0.5169,  0.0033]],
       device='cuda:0', requires_grad=True)

Parameter name: road_linear_0.bias
Shape: torch.Size([32])
Values: Parameter containing:
tensor([-0.1319,  0.1479,  0.2175, -0.2238,  0.1953, -0.1789, -0.0211,  0.1510,
        -0.1421,  0.1376, -0.0968,  0.1055, -0.0531, -0.0974,  0.1648, -0.0321,
        -0.1769, -0.1074,  0.2363,  0.1387,  0.0843, -0.1285,  0.1197, -0.1185,
        -0.2124, -0.0522,  0.2461,  0.0244,  0.0419, -0.2694, -0.1034, -0.0549],
       device='cuda:0', requires_grad=True)

Parameter name: road_linear_1.weight
Shape: torch.Size([1, 32])
Values: Parameter containing:
tensor([[ 0.5720,  0.7287, -0.5251, -0.6336,  0.7042,  0.6774, -0.6504, -0.7120,
         -0.6584,  0.7676,  0.5656,  0.7376, -0.6538, -0.8131,  0.6624, -0.6279,
         -0.6731,  0.6374, -0.4881, -0.5203,  0.7842,  0.5486, -0.6347, -0.7382,
         -0.7083, -0.7333, -0.6026,  0.6810, -0.6472,  0.6998,  0.5428, -0.5722]],
       device='cuda:0', requires_grad=True)

Parameter name: linear_0.weight
Shape: torch.Size([32, 39])
Values: Parameter containing:
tensor([[-0.0290,  0.1144,  0.0547,  ...,  0.1999, -0.7027, -0.1137],
        [-0.1414, -0.0326,  0.1423,  ...,  0.0521, -0.6106,  0.0871],
        [ 0.0292, -0.0416,  0.0205,  ...,  0.0652,  0.6477,  0.0345],
        ...,
        [ 0.1385, -0.1544, -0.0413,  ..., -0.1694,  0.3151, -0.1180],
        [ 0.1121, -0.2148, -0.0736,  ..., -0.2319,  0.4913,  0.1557],
        [-0.2274,  0.2019,  0.0715,  ...,  0.0843, -0.6182, -0.0509]],
       device='cuda:0', requires_grad=True)

Parameter name: linear_0.bias
Shape: torch.Size([32])
Values: Parameter containing:
tensor([ 0.0863,  0.0260, -0.0600, -0.1327, -0.0866,  0.0450, -0.0829,  0.0689,
        -0.0410,  0.0481,  0.0509,  0.0127, -0.0238,  0.1077, -0.0201, -0.0177,
         0.0568, -0.1665, -0.0012,  0.0942, -0.0973, -0.0070,  0.1200,  0.0630,
        -0.1079,  0.1138,  0.0623, -0.1606,  0.0467,  0.1980,  0.1804, -0.1028],
       device='cuda:0', requires_grad=True)

Parameter name: linear_1.weight
Shape: torch.Size([32, 32])
Values: Parameter containing:
tensor([[ 0.0991, -0.2233,  0.0137,  ...,  0.1156, -0.0043,  0.0753],
        [-0.1858, -0.0653,  0.2143,  ...,  0.2097,  0.0089,  0.0456],
        [ 0.1401, -0.0363, -0.2396,  ..., -0.1727, -0.0090,  0.2212],
        ...,
        [ 0.1500,  0.0866,  0.0215,  ...,  0.0471, -0.2358,  0.3640],
        [ 0.0590, -0.2360,  0.1689,  ...,  0.3445,  0.2760, -0.1139],
        [ 0.0190, -0.1393,  0.2957,  ...,  0.2768,  0.1465, -0.0487]],
       device='cuda:0', requires_grad=True)

Parameter name: linear_1.bias
Shape: torch.Size([32])
Values: Parameter containing:
tensor([ 0.1598,  0.1993, -0.0617, -0.1666,  0.0405, -0.0011, -0.1019,  0.0754,
         0.2279, -0.1717,  0.1354, -0.1267,  0.2544,  0.0697, -0.0522,  0.2283,
         0.0718, -0.1966,  0.0619,  0.0782, -0.0957,  0.0629, -0.2313,  0.2340,
         0.0174, -0.0258,  0.0864, -0.0007, -0.2055, -0.0750,  0.2181,  0.0647],
       device='cuda:0', requires_grad=True)

Parameter name: linear_2.weight
Shape: torch.Size([1, 32])
Values: Parameter containing:
tensor([[ 1.2228,  1.1543, -1.2382, -1.1862,  1.0772,  1.0894, -1.1396,  1.0315,
          1.0998, -1.2056, -1.1013,  1.0835,  1.0894,  1.1253,  1.1056,  1.0774,
         -1.1961, -1.2429,  1.1097,  1.0768, -1.1323, -1.1542, -1.2659,  1.0985,
          1.1849,  1.2178, -1.2335,  1.2192, -1.1299, -1.2505,  1.1262,  1.2157]],
       device='cuda:0', requires_grad=True)

Parameter name: linear_2.bias
Shape: torch.Size([1])
Values: Parameter containing:
tensor([0.9518], device='cuda:0', requires_grad=True)

