Parameter name: road_linear_0.weight
Shape: torch.Size([32, 16])
Values: Parameter containing:
tensor([[-3.5430e-01,  5.3688e-01,  1.4651e-02, -2.5667e-02,  3.7755e-01,
          2.5022e-01,  4.7240e-01,  1.6065e-01,  3.4374e-01,  2.0105e-01,
          7.7632e-02, -3.0601e-01, -4.7012e-01, -3.0908e-01,  3.3670e-01,
          7.1723e-02],
        [-9.2584e-02, -1.6780e-01,  8.2626e-02, -1.4686e-01,  1.4023e-01,
          2.2726e-01,  2.5268e-02,  3.7621e-01,  7.6000e-01, -7.0937e-02,
          2.9077e-01, -4.5772e-01,  6.7404e-02,  1.3512e-01,  7.3974e-01,
          9.0840e-02],
        [ 2.3603e-01, -3.0267e-01,  4.4122e-01, -1.6878e-01, -4.1091e-01,
         -4.2329e-01, -3.4607e-01, -6.4497e-01, -1.6899e-01, -9.6989e-02,
          1.7219e-01,  1.6300e-01,  7.4881e-01,  3.5871e-01, -7.7454e-02,
          3.4025e-01],
        [ 3.5704e-02, -9.4054e-02, -1.5888e-01,  1.1060e-01, -1.3569e-01,
         -1.3551e-01,  3.4350e-02, -2.7012e-01, -7.4268e-01, -1.4925e-01,
         -2.1758e-01,  4.8727e-01,  1.7893e-01, -3.6781e-01, -4.9004e-01,
         -7.3020e-02],
        [ 1.0050e-01,  2.4605e-01,  4.6733e-02, -1.8408e-01,  2.7128e-01,
          4.0699e-02, -8.7985e-02,  5.1787e-01,  4.8245e-01,  6.2390e-02,
          3.3495e-01, -2.8742e-01,  4.0730e-02, -2.6868e-02,  5.6813e-01,
          3.1375e-02],
        [-1.6806e-01,  5.9191e-01, -4.2480e-01,  4.4786e-01,  6.0332e-01,
          5.5625e-02,  5.3677e-01,  1.6320e-01,  3.7163e-01,  2.3549e-01,
         -3.4994e-01, -2.4549e-01, -4.9336e-01,  9.4435e-02,  4.1548e-01,
         -1.5585e-01],
        [ 1.7250e-01, -4.9570e-03,  1.8774e-01, -2.0110e-02, -1.8325e-01,
         -1.4432e-01, -6.0373e-02, -4.2200e-01, -5.7745e-01,  1.9634e-01,
         -1.2714e-01,  2.0054e-01, -9.8813e-02, -5.1356e-04, -5.3968e-01,
         -3.7523e-02],
        [-2.2893e-01,  7.7007e-02,  1.5470e-01, -1.9803e-01, -4.7440e-01,
         -2.2500e-01,  4.8163e-03, -4.5280e-01, -4.8877e-01, -1.6475e-02,
         -1.4044e-01,  1.8716e-01,  2.5758e-01, -2.9238e-01, -3.2332e-01,
          1.8238e-01],
        [-1.4245e-01,  9.8829e-02,  1.0355e-01, -9.6044e-02, -2.6101e-01,
         -2.9252e-01, -2.0637e-02, -3.5029e-01, -3.7658e-01, -9.6997e-02,
         -3.0458e-01,  2.8564e-01, -1.2881e-01, -2.9749e-02, -7.1551e-01,
         -8.4445e-02],
        [-1.1905e-01,  7.2990e-02,  9.4906e-02, -1.5708e-01,  2.2002e-01,
          1.2141e-01, -7.8518e-02,  4.6421e-01,  6.4977e-01, -2.0943e-01,
          3.3644e-01, -1.9110e-01, -1.9812e-01,  1.0192e-01,  5.2599e-01,
         -2.8038e-02],
        [-2.8710e-01,  4.6673e-01,  5.6910e-02, -1.2222e-01,  1.4119e-01,
          3.9561e-01,  2.5686e-01,  3.0968e-01,  5.9137e-01,  1.2743e-01,
          5.1948e-02, -1.6248e-01, -2.9682e-01,  2.3494e-01,  1.7376e-01,
         -2.3947e-01],
        [ 5.7666e-02,  7.6181e-02,  1.8641e-01, -7.2921e-02,  3.2871e-01,
          4.9443e-02,  2.2187e-01,  3.6337e-01,  5.2061e-01,  1.3036e-01,
          3.8351e-01, -1.1825e-01, -3.7402e-01, -3.4684e-02,  3.7315e-01,
         -2.0941e-02],
        [ 1.7279e-01,  6.6567e-04, -2.4664e-02, -4.2217e-02, -2.5510e-01,
          4.4102e-02, -8.5114e-03, -5.3860e-01, -6.7879e-01,  8.1087e-02,
         -1.3121e-01,  1.9005e-01, -7.1593e-02, -4.3244e-03, -5.0948e-01,
         -1.1917e-01],
        [ 1.8178e-02,  2.0933e-01,  1.5689e-01,  1.4787e-01, -4.5177e-01,
          1.2529e-02,  1.0249e-01, -2.9168e-01, -6.0520e-01,  5.6617e-02,
         -3.1907e-01,  2.8856e-01,  4.4484e-02, -1.4083e-01, -6.9527e-01,
          4.9390e-02],
        [-1.8214e-01, -1.2937e-01,  1.3872e-01, -1.9737e-01,  5.2629e-01,
          3.5485e-01, -5.8039e-02,  3.3938e-01,  3.5057e-01, -3.7562e-02,
          2.2367e-01, -4.9581e-01, -8.1111e-03,  8.8048e-02,  3.8201e-01,
          2.4226e-02],
        [-1.6406e-01, -3.1615e-01,  6.6549e-02,  1.6098e-01, -4.4867e-01,
         -1.8356e-02, -1.5922e-01, -4.9803e-01, -4.6376e-01,  8.9648e-02,
         -5.7224e-02,  5.5429e-01,  1.5353e-01, -1.7320e-01, -1.3781e-01,
         -6.1145e-03],
        [ 6.4681e-02,  1.2889e-01, -5.5297e-02, -1.4909e-01, -4.4564e-01,
          3.2343e-02,  9.8127e-02, -1.8698e-01, -6.9907e-01,  6.7560e-02,
          1.5156e-02,  4.3523e-01,  2.4683e-01,  1.6287e-02, -4.3572e-01,
         -2.6305e-01],
        [-2.6479e-01,  3.2534e-01, -1.7237e-01,  7.8068e-02,  2.8899e-01,
          2.9736e-01,  3.8574e-01,  4.0993e-01,  2.2031e-01,  1.9255e-01,
         -1.1570e-01, -3.4817e-01, -2.9609e-01, -1.2173e-01,  3.3878e-01,
         -1.1127e-01],
        [ 3.4437e-01, -4.0212e-01,  1.6600e-01, -2.9293e-01, -4.9747e-01,
         -4.2873e-01, -5.2650e-01, -1.9407e-01, -5.7722e-01, -1.1260e-01,
          2.1831e-01,  1.3126e-01,  5.2631e-01,  2.5719e-01, -1.2143e-01,
          2.2990e-01],
        [ 4.8698e-01, -3.7333e-01,  2.9857e-01, -1.1195e-01, -6.6553e-01,
         -3.0429e-01, -6.1459e-01, -2.1584e-01, -2.5105e-01, -2.6292e-01,
          1.3398e-01,  4.5499e-01,  2.3755e-01,  1.1516e-01, -1.6300e-01,
          2.4004e-01],
        [-3.2192e-02,  2.1867e-01,  1.2838e-01, -2.0490e-01,  3.3118e-01,
         -7.1215e-02,  2.4854e-01,  5.0192e-01,  3.5510e-01, -1.0470e-01,
         -3.4239e-02, -3.2221e-01, -1.5006e-01, -3.1542e-02,  4.7827e-01,
         -1.0688e-01],
        [-2.0247e-02,  3.8517e-02,  5.8451e-02,  3.0340e-01,  2.7358e-01,
          1.2583e-01,  2.5361e-01,  2.0264e-01,  3.7079e-01,  1.3730e-01,
          3.0783e-01, -5.1390e-01, -3.0996e-01, -2.5624e-01,  2.1740e-01,
          1.3773e-01],
        [ 4.7081e-01, -4.3306e-01,  7.2181e-02, -1.7020e-01, -2.9832e-01,
         -4.4238e-01, -5.3222e-01, -4.3854e-01, -4.3306e-01, -1.4452e-01,
          3.3288e-01,  4.0751e-01,  2.0871e-01,  3.1638e-01, -3.9167e-02,
          2.5245e-01],
        [-1.4548e-02,  1.0815e-01,  7.7719e-02, -1.6062e-01, -2.7623e-01,
         -7.6070e-02,  1.6413e-02, -4.3111e-01, -6.0887e-01, -5.9275e-02,
         -2.1938e-01,  4.3790e-01,  1.5459e-01, -1.4662e-01, -4.3400e-01,
         -2.2142e-01],
        [ 1.2020e-02, -3.1932e-01, -4.8472e-02,  4.2217e-02, -5.1306e-02,
         -1.8358e-01,  1.8511e-01, -3.6210e-01, -7.3794e-01,  2.8044e-01,
          7.3931e-02,  1.4886e-01, -3.1243e-02,  2.7024e-02, -5.9453e-01,
          1.4818e-01],
        [-1.5960e-01, -8.6474e-02, -1.3475e-01,  2.4506e-01, -2.9297e-01,
         -1.6463e-01,  1.0613e-01, -5.0843e-01, -4.8260e-01, -1.2273e-01,
         -3.9747e-01,  1.8959e-01,  9.5517e-02,  1.0891e-01, -6.3331e-01,
         -1.0733e-01],
        [ 4.5260e-01, -2.8514e-01,  4.0624e-01, -4.1939e-01, -5.3736e-01,
         -2.1066e-01, -7.2819e-01, -2.8893e-01, -5.9983e-01, -6.2427e-02,
          2.8067e-01,  3.1310e-01,  6.0759e-01,  3.9118e-01, -7.4663e-02,
          4.2294e-01],
        [-2.0692e-01,  2.5313e-01,  1.7356e-01,  8.9098e-02,  4.7779e-01,
         -5.9018e-03,  3.1623e-01,  3.6558e-01,  2.0922e-01, -6.0682e-02,
          2.8583e-01, -4.3515e-01, -2.5682e-01, -5.4134e-02,  2.2222e-01,
          1.0292e-02],
        [ 2.0108e-01, -1.7081e-01, -7.2095e-03, -1.4944e-02, -4.3515e-01,
         -2.4166e-01, -1.1094e-01, -5.0347e-01, -2.0849e-01,  3.2492e-02,
         -1.3895e-02,  2.9097e-01,  4.2005e-01,  1.6256e-01, -1.6043e-01,
          1.4521e-01],
        [-4.0728e-01,  4.2887e-01, -3.6442e-01,  2.9153e-01,  2.1465e-01,
          2.2074e-01,  6.0989e-01,  5.0567e-01,  5.1372e-01,  2.4180e-01,
          5.5818e-03, -2.5205e-01, -2.2588e-01,  2.3893e-02,  2.2433e-01,
         -2.8849e-01],
        [-3.7155e-01,  3.1178e-01, -5.1758e-02,  1.2856e-02,  4.9686e-01,
          4.3579e-01,  5.9235e-01,  1.9338e-01,  4.1279e-01,  2.9988e-01,
         -3.9118e-01, -2.1086e-01, -6.1461e-01, -2.6131e-01,  1.6186e-01,
         -2.6602e-01],
        [-1.4654e-01, -3.1755e-02,  3.4467e-02,  1.0777e-01, -8.7164e-02,
         -2.3549e-01, -2.6804e-01, -5.4363e-01, -5.9624e-01, -5.5304e-02,
         -2.7055e-02,  1.2150e-01, -7.6420e-02,  3.3073e-02, -5.2370e-01,
          6.9879e-03]], device='cuda:0', requires_grad=True)

Parameter name: road_linear_0.bias
Shape: torch.Size([32])
Values: Parameter containing:
tensor([-0.1269,  0.1393,  0.2117, -0.2187,  0.1882, -0.1725, -0.0213,  0.1513,
        -0.1395,  0.1310, -0.0976,  0.1047, -0.0507, -0.0894,  0.1622, -0.0324,
        -0.1726, -0.1037,  0.2321,  0.1305,  0.0853, -0.1277,  0.1135, -0.1172,
        -0.2083, -0.0400,  0.2394,  0.0241,  0.0437, -0.2622, -0.0977, -0.0554],
       device='cuda:0', requires_grad=True)

Parameter name: road_linear_1.weight
Shape: torch.Size([1, 32])
Values: Parameter containing:
tensor([[ 0.5788,  0.7338, -0.5384, -0.6370,  0.7058,  0.6890, -0.6583, -0.7189,
         -0.6642,  0.7718,  0.5719,  0.7417, -0.6594, -0.8203,  0.6648, -0.6272,
         -0.6821,  0.6452, -0.5015, -0.5304,  0.7861,  0.5545, -0.6463, -0.7433,
         -0.7168, -0.7359, -0.6173,  0.6819, -0.6532,  0.7105,  0.5548, -0.5773]],
       device='cuda:0', requires_grad=True)

Parameter name: linear_0.weight
Shape: torch.Size([32, 39])
Values: Parameter containing:
tensor([[-0.0293,  0.1165,  0.0539,  ...,  0.2014, -0.7300, -0.1137],
        [-0.1424, -0.0315,  0.1433,  ...,  0.0512, -0.6292,  0.0871],
        [ 0.0305, -0.0427,  0.0192,  ...,  0.0665,  0.6747,  0.0345],
        ...,
        [ 0.1399, -0.1555, -0.0428,  ..., -0.1680,  0.3320, -0.1180],
        [ 0.1123, -0.2153, -0.0737,  ..., -0.2319,  0.5084,  0.1557],
        [-0.2279,  0.2047,  0.0705,  ...,  0.0857, -0.6385, -0.0509]],
       device='cuda:0', requires_grad=True)

Parameter name: linear_0.bias
Shape: torch.Size([32])
Values: Parameter containing:
tensor([ 8.7394e-02,  2.5030e-02, -5.8750e-02, -1.3157e-01, -8.7502e-02,
         4.4303e-02, -8.1662e-02,  6.9477e-02, -4.1406e-02,  4.7545e-02,
         5.1961e-02,  1.1546e-02, -2.4187e-02,  1.0903e-01, -1.8695e-02,
        -1.8102e-02,  5.7760e-02, -1.6740e-01, -9.0607e-06,  9.5512e-02,
        -9.8925e-02, -8.9864e-03,  1.2089e-01,  6.5293e-02, -1.0774e-01,
         1.1446e-01,  6.3666e-02, -1.6300e-01,  4.7559e-02,  1.9941e-01,
         1.8042e-01, -1.0149e-01], device='cuda:0', requires_grad=True)

Parameter name: linear_1.weight
Shape: torch.Size([32, 32])
Values: Parameter containing:
tensor([[ 0.1024, -0.2256,  0.0152,  ...,  0.1183, -0.0046,  0.0802],
        [-0.1826, -0.0675,  0.2158,  ...,  0.2123,  0.0087,  0.0502],
        [ 0.1411, -0.0381, -0.2362,  ..., -0.1711, -0.0063,  0.2220],
        ...,
        [ 0.1534,  0.0838,  0.0264,  ...,  0.0502, -0.2354,  0.3714],
        [ 0.0632, -0.2394,  0.1719,  ...,  0.3482,  0.2767, -0.1081],
        [ 0.0221, -0.1414,  0.2969,  ...,  0.2793,  0.1461, -0.0442]],
       device='cuda:0', requires_grad=True)

Parameter name: linear_1.bias
Shape: torch.Size([32])
Values: Parameter containing:
tensor([ 0.1626,  0.2020, -0.0604, -0.1697,  0.0413,  0.0007, -0.1036,  0.0794,
         0.2314, -0.1702,  0.1371, -0.1231,  0.2577,  0.0696, -0.0488,  0.2321,
         0.0819, -0.1984,  0.0616,  0.0812, -0.0990,  0.0622, -0.2290,  0.2362,
         0.0198, -0.0265,  0.0892, -0.0032, -0.2082, -0.0722,  0.2219,  0.0673],
       device='cuda:0', requires_grad=True)

Parameter name: linear_2.weight
Shape: torch.Size([1, 32])
Values: Parameter containing:
tensor([[ 1.2402,  1.1724, -1.2601, -1.2033,  1.0980,  1.1093, -1.1595,  1.0476,
          1.1163, -1.2275, -1.1212,  1.1010,  1.1067,  1.1467,  1.1219,  1.0934,
         -1.2146, -1.2623,  1.1312,  1.0945, -1.1492, -1.1751, -1.2875,  1.1172,
          1.2035,  1.2370, -1.2545,  1.2412, -1.1476, -1.2711,  1.1422,  1.2342]],
       device='cuda:0', requires_grad=True)

Parameter name: linear_2.bias
Shape: torch.Size([1])
Values: Parameter containing:
tensor([0.9676], device='cuda:0', requires_grad=True)

