Parameter name: road_linear_0.weight
Shape: torch.Size([32, 16])
Values: Parameter containing:
tensor([[-3.2984e-01,  4.4820e-01, -6.8389e-03,  1.3239e-02,  1.9465e-01,
          1.7514e-01,  3.3491e-01, -1.5202e-02,  2.1231e-01,  2.6728e-01,
         -2.2359e-02, -1.6915e-01, -3.3584e-01, -3.7106e-01,  2.6780e-01,
          3.9173e-02],
        [-2.7284e-01, -2.3469e-02, -1.1659e-01,  2.9928e-02,  4.8088e-02,
          2.5701e-01,  2.0364e-01,  1.8233e-01,  4.5241e-01,  1.4459e-01,
         -7.2634e-03, -2.9536e-01, -3.6231e-02, -7.4936e-02,  4.1516e-01,
         -1.0832e-01],
        [ 8.8825e-02, -8.2467e-02,  3.8006e-01, -1.4992e-01, -1.1715e-01,
         -3.5226e-01, -6.7880e-02, -4.3199e-01,  5.6075e-04, -7.8258e-02,
          1.1991e-01, -3.6106e-02,  4.3701e-01,  3.2935e-01,  4.7771e-02,
          2.8045e-01],
        [ 2.5682e-01, -2.4358e-01,  6.8045e-02, -8.5960e-02, -7.6256e-02,
         -1.8903e-01, -1.4925e-01, -8.6473e-02, -4.2607e-01, -3.9342e-01,
          9.2961e-02,  3.6152e-01,  3.1281e-01, -1.2425e-01, -2.0614e-01,
          1.5194e-01],
        [-1.0531e-01,  4.1182e-01, -1.7108e-01,  4.2173e-03,  2.1592e-01,
          7.6727e-02,  6.9970e-02,  3.3655e-01,  1.8447e-01,  3.0011e-01,
          2.7074e-02, -1.7975e-01, -7.7393e-02, -2.5709e-01,  3.0643e-01,
         -1.8063e-01],
        [ 6.5428e-03,  4.2187e-01, -3.3702e-01,  4.0825e-01,  3.5426e-01,
         -4.8257e-02,  2.5806e-01, -3.0647e-02,  2.6087e-01,  2.0398e-01,
         -3.4419e-01, -7.9685e-02, -2.5239e-01,  1.4025e-01,  3.6466e-01,
         -8.1331e-02],
        [ 3.5934e-01, -7.7014e-02,  3.9276e-01, -1.9608e-01, -8.5628e-02,
         -2.0752e-01, -1.8407e-01, -2.4058e-01, -2.7659e-01, -1.7193e-02,
          1.3089e-01,  6.6302e-02, -3.7407e-02,  2.1899e-01, -3.0839e-01,
          1.5570e-01],
        [-6.9134e-02,  5.9181e-02,  3.4461e-01, -3.6524e-01, -3.6712e-01,
         -2.9885e-01, -9.4652e-02, -2.7495e-01, -2.2371e-01, -2.1217e-01,
          7.5873e-02,  4.3561e-02,  2.7991e-01, -9.1810e-02, -1.0805e-01,
          3.5711e-01],
        [ 6.0620e-02, -1.2652e-02,  3.2153e-01, -2.8835e-01, -1.3015e-01,
         -3.5772e-01, -2.0995e-01, -1.3292e-01, -1.2605e-02, -3.2940e-01,
          1.4142e-02,  9.5520e-02, -2.3210e-02,  2.0402e-01, -4.0613e-01,
          1.2897e-01],
        [-3.1014e-01,  2.2563e-01, -1.1275e-01,  2.5198e-02,  1.4023e-01,
          1.6061e-01,  8.7449e-02,  2.6629e-01,  3.2313e-01,  1.2637e-02,
          2.6377e-02, -4.1915e-02, -3.0707e-01, -1.1657e-01,  2.2740e-01,
         -2.3319e-01],
        [-3.5908e-01,  3.9876e-01, -5.9984e-02, -8.3797e-03,  1.9634e-03,
          4.2275e-01,  2.5464e-01,  1.3593e-01,  3.9342e-01,  2.5956e-01,
         -9.2137e-02, -1.0070e-02, -2.2425e-01,  9.7728e-02,  1.4152e-02,
         -3.4796e-01],
        [-1.2446e-01,  1.4527e-01, -1.8219e-02,  1.0938e-01,  2.0497e-01,
          1.1561e-01,  3.7394e-01,  1.5830e-01,  1.9312e-01,  3.4745e-01,
          9.8707e-02,  5.2730e-02, -4.3804e-01, -2.5648e-01,  1.0517e-01,
         -2.1722e-01],
        [ 3.5473e-01, -1.2795e-01,  1.7678e-01, -2.1504e-01, -1.7832e-01,
          8.8904e-03, -1.2750e-01, -3.6069e-01, -3.8767e-01, -1.3277e-01,
          1.5317e-01,  7.6750e-02,  1.3324e-02,  2.0887e-01, -2.8408e-01,
          7.3022e-02],
        [ 2.1999e-01,  6.1099e-02,  3.7264e-01, -4.1231e-02, -3.6766e-01,
         -2.6160e-02, -7.0376e-02, -9.3893e-02, -2.7285e-01, -1.7436e-01,
         -4.9155e-03,  1.3670e-01,  1.5923e-01,  8.8728e-02, -3.9769e-01,
          2.6332e-01],
        [-3.9498e-01,  1.0136e-03, -8.1493e-02, -7.1550e-03,  4.3711e-01,
          4.2348e-01,  1.3411e-01,  1.4690e-01,  2.5644e-02,  1.9607e-01,
         -8.6823e-02, -3.4646e-01, -1.3274e-01, -1.4902e-01,  9.7003e-02,
         -1.8935e-01],
        [-3.1373e-02, -4.1742e-01,  2.2851e-01,  1.9855e-02, -3.7909e-01,
         -3.2444e-02, -2.2680e-01, -3.3880e-01, -2.4358e-01, -8.6669e-02,
          1.8898e-01,  4.5403e-01,  2.0317e-01, -4.2099e-04,  2.4524e-02,
          1.4363e-01],
        [ 2.8534e-01,  2.5753e-02,  1.7349e-01, -3.5153e-01, -3.5585e-01,
         -3.6977e-02, -7.8419e-02,  1.1012e-02, -3.5144e-01, -1.7645e-01,
          3.1724e-01,  2.8080e-01,  3.5365e-01,  2.6943e-01, -1.5633e-01,
         -4.2738e-02],
        [-2.5499e-01,  1.9610e-01, -2.1401e-01,  1.3439e-01,  1.2676e-01,
          2.8355e-01,  2.6756e-01,  2.5393e-01,  1.1406e-01,  2.6722e-01,
         -1.7053e-01, -2.1820e-01, -1.5688e-01, -1.9065e-01,  2.5735e-01,
         -1.5339e-01],
        [ 2.1796e-01, -1.7714e-01,  1.3576e-01, -3.0571e-01, -2.1812e-01,
         -3.7945e-01, -2.8692e-01,  2.4948e-02, -4.0505e-01, -1.1837e-01,
          1.7557e-01, -7.3727e-02,  2.2088e-01,  2.5782e-01,  2.0315e-02,
          1.9647e-01],
        [ 3.6779e-01, -1.7845e-01,  2.6133e-01, -1.0837e-01, -3.4802e-01,
         -2.3370e-01, -3.6520e-01,  1.4663e-02, -6.7993e-02, -2.7749e-01,
          1.1035e-01,  2.5858e-01, -2.8203e-02,  1.2108e-01, -2.2845e-02,
          2.0783e-01],
        [-1.5969e-01,  3.3055e-01, -2.2497e-02, -6.6666e-02,  2.9339e-01,
         -6.0170e-02,  3.0743e-01,  3.6845e-01,  1.7909e-01,  6.2924e-02,
         -2.8046e-01, -2.6239e-01, -2.1588e-01, -1.9691e-01,  3.6530e-01,
         -2.5285e-01],
        [-1.0402e-01, -7.0130e-03, -7.3442e-02,  4.3363e-01,  5.7083e-02,
          1.3055e-01,  2.9572e-01, -2.2356e-02,  7.9147e-02,  2.8846e-01,
          9.9310e-02, -3.0883e-01, -2.3601e-01, -4.1137e-01, -2.0487e-02,
          1.2608e-02],
        [ 3.5670e-01, -2.2598e-01,  4.1945e-02, -1.7574e-01, -1.5990e-02,
         -3.9422e-01, -2.9637e-01, -2.2958e-01, -2.6927e-01, -1.5456e-01,
          2.9722e-01,  2.1857e-01, -6.4315e-02,  3.2030e-01,  9.1727e-02,
          2.2210e-01],
        [ 2.1411e-01,  9.7042e-03,  3.0975e-01, -3.6061e-01, -2.1399e-01,
         -1.6026e-01, -1.5547e-01, -2.5678e-01, -3.2143e-01, -3.0712e-01,
          5.0518e-02,  3.2025e-01,  2.6459e-01,  1.0244e-01, -1.8575e-01,
         -1.3095e-03],
        [ 2.0664e-01, -4.3251e-01,  1.6189e-01, -1.4168e-01,  3.4321e-02,
         -2.3971e-01,  3.6672e-02, -1.7137e-01, -3.9299e-01,  5.9208e-02,
          3.7439e-01,  4.1837e-03,  6.6367e-02,  2.5334e-01, -3.2654e-01,
          3.5377e-01],
        [ 5.4828e-02, -2.7161e-01,  9.1564e-02,  4.9912e-02, -2.7663e-01,
         -2.0629e-01, -5.6784e-02, -3.5509e-01, -2.1558e-01, -3.6584e-01,
         -8.6933e-02,  1.3221e-01,  2.3241e-01,  3.4413e-01, -3.9119e-01,
          1.1003e-01],
        [ 1.9919e-01, -6.3663e-02,  2.7525e-01, -3.4886e-01, -1.8266e-01,
         -9.2542e-02, -3.5043e-01, -2.3457e-02, -3.7452e-01,  1.1543e-02,
          1.7406e-01,  8.2209e-02,  2.3668e-01,  2.8917e-01,  8.1555e-02,
          2.8688e-01],
        [-3.2272e-01,  2.6629e-01,  2.0152e-02,  2.2949e-01,  3.4683e-01,
          1.7563e-02,  3.7923e-01,  1.8112e-01, -2.2511e-02,  1.0771e-01,
          6.8756e-02, -2.8255e-01, -2.4992e-01, -2.2439e-01,  2.7605e-02,
         -1.3443e-01],
        [ 2.8515e-01, -9.8934e-02,  1.2146e-01, -1.3972e-01, -3.0528e-01,
         -2.8511e-01, -1.3453e-01, -3.3395e-01, -1.8376e-02, -1.0683e-01,
          1.3296e-01,  1.3981e-01,  3.5862e-01,  3.1158e-01,  8.5089e-03,
          2.6146e-01],
        [-2.6586e-01,  2.5379e-01, -3.0619e-01,  2.6737e-01, -4.8768e-02,
          1.3812e-01,  3.4638e-01,  3.1526e-01,  3.7636e-01,  2.3405e-01,
          2.7384e-02, -8.5821e-02,  2.0211e-02,  4.8684e-02,  1.4537e-01,
         -2.3869e-01],
        [-2.6688e-01,  9.6209e-02, -2.4670e-02,  2.5444e-02,  2.0443e-01,
          3.8095e-01,  3.7045e-01, -3.2606e-02,  2.2939e-01,  3.1610e-01,
         -3.6120e-01, -8.2579e-03, -3.2008e-01, -2.7314e-01,  1.5988e-02,
         -2.4018e-01],
        [ 4.3504e-02, -9.1742e-02,  2.4334e-01, -7.4029e-02,  1.5627e-03,
         -3.1736e-01, -4.0187e-01, -3.5809e-01, -2.9910e-01, -2.7396e-01,
          2.2254e-01, -1.8121e-02, -1.3171e-02,  2.5656e-01, -2.8488e-01,
          2.0174e-01]], device='cuda:0', requires_grad=True)

Parameter name: road_linear_0.bias
Shape: torch.Size([32])
Values: Parameter containing:
tensor([-0.1177, -0.0074,  0.0753, -0.0581, -0.0055, -0.0996,  0.0746,  0.1330,
        -0.0332, -0.0328, -0.0097,  0.0672,  0.1394,  0.0688,  0.0236,  0.1055,
        -0.0795,  0.0008,  0.0728,  0.0257, -0.0621, -0.0716, -0.0226, -0.0145,
        -0.0799,  0.1650,  0.1413,  0.0249, -0.0757, -0.1882,  0.0518, -0.0086],
       device='cuda:0', requires_grad=True)

Parameter name: road_linear_1.weight
Shape: torch.Size([1, 32])
Values: Parameter containing:
tensor([[ 0.2632,  0.3448, -0.2624, -0.2808,  0.3440,  0.3958, -0.3166, -0.4173,
         -0.3254,  0.3932,  0.2833,  0.4151, -0.2852, -0.4325,  0.3314, -0.3012,
         -0.3372,  0.3583, -0.2565, -0.2839,  0.4355,  0.3132, -0.3954, -0.4079,
         -0.3639, -0.3713, -0.3502,  0.3838, -0.3757,  0.4180,  0.3148, -0.2606]],
       device='cuda:0', requires_grad=True)

Parameter name: linear_0.weight
Shape: torch.Size([32, 39])
Values: Parameter containing:
tensor([[-0.0665,  0.1426,  0.0925,  ...,  0.1411, -0.2766, -0.1137],
        [-0.1595, -0.0054,  0.1389,  ...,  0.0722, -0.3116,  0.0871],
        [ 0.0507, -0.0725,  0.0191,  ...,  0.0515,  0.2585,  0.0345],
        ...,
        [ 0.1609, -0.1935, -0.0343,  ..., -0.1973,  0.0215, -0.1180],
        [ 0.1406, -0.2524, -0.0799,  ..., -0.2415,  0.1381,  0.1557],
        [-0.2381,  0.1957,  0.0887,  ...,  0.0641, -0.2665, -0.0509]],
       device='cuda:0', requires_grad=True)

Parameter name: linear_0.bias
Shape: torch.Size([32])
Values: Parameter containing:
tensor([ 0.0529,  0.0417, -0.0701, -0.1420, -0.0755,  0.0608, -0.1007,  0.0434,
        -0.0403,  0.0562,  0.0070,  0.0139, -0.0238,  0.0910, -0.0433,  0.0003,
         0.0478, -0.1601, -0.0327,  0.0721, -0.0655,  0.0248,  0.1166,  0.0159,
        -0.0962,  0.1089,  0.0571, -0.1208,  0.0389,  0.1760,  0.1737, -0.1181],
       device='cuda:0', requires_grad=True)

Parameter name: linear_1.weight
Shape: torch.Size([32, 32])
Values: Parameter containing:
tensor([[ 0.0778, -0.1749, -0.0944,  ...,  0.0692, -0.0238,  0.0492],
        [-0.2006, -0.0263,  0.1052,  ...,  0.1702, -0.0055,  0.0287],
        [ 0.1266, -0.0455, -0.1701,  ..., -0.1621, -0.0121,  0.2001],
        ...,
        [ 0.1260,  0.0833,  0.0855,  ...,  0.0504, -0.2145,  0.2862],
        [ 0.0133, -0.1444,  0.0429,  ...,  0.2616,  0.2230, -0.1694],
        [ 0.0060, -0.1104,  0.2130,  ...,  0.2469,  0.1450, -0.0702]],
       device='cuda:0', requires_grad=True)

Parameter name: linear_1.bias
Shape: torch.Size([32])
Values: Parameter containing:
tensor([ 0.1155,  0.1637, -0.0548, -0.1174,  0.0212, -0.0217, -0.0760, -0.0066,
         0.1592, -0.1656,  0.1137, -0.1117,  0.1989,  0.0665, -0.1167,  0.1471,
        -0.1398, -0.1725,  0.0486,  0.0347, -0.0394,  0.0798, -0.2234,  0.2030,
        -0.0142, -0.0193,  0.0728, -0.0030, -0.1632, -0.0831,  0.1389,  0.0344],
       device='cuda:0', requires_grad=True)

Parameter name: linear_2.weight
Shape: torch.Size([1, 32])
Values: Parameter containing:
tensor([[ 0.3664,  0.2849, -0.3385, -0.3405,  0.1827,  0.2021, -0.2553,  0.2162,
          0.2763, -0.3001, -0.2304,  0.2478,  0.2481,  0.2294,  0.2816,  0.2650,
         -0.3653, -0.3682,  0.2156,  0.2206, -0.2898, -0.2657, -0.3594,  0.2247,
          0.3078,  0.3692, -0.3408,  0.3287, -0.2673, -0.3568,  0.3163,  0.3491]],
       device='cuda:0', requires_grad=True)

Parameter name: linear_2.bias
Shape: torch.Size([1])
Values: Parameter containing:
tensor([0.1649], device='cuda:0', requires_grad=True)

