Parameter name: road_linear_0.weight
Shape: torch.Size([32, 16])
Values: Parameter containing:
tensor([[ 8.7500e-02,  3.8460e-01,  1.4013e-01,  1.3486e-02, -3.8636e-02,
          7.0369e-02,  1.6361e-01,  7.8371e-02, -1.1670e-01, -2.7630e-01,
          2.8146e-01, -3.8917e-02, -3.8286e-03,  1.3276e-01, -7.9602e-02,
         -2.8908e-01],
        [-3.0273e-01,  3.9675e-01,  1.9827e-01, -3.9019e-01, -2.8001e-02,
          1.7839e-01,  2.2969e-01, -3.2121e-01, -9.5828e-02, -2.5869e-02,
          3.4724e-01,  5.6695e-02,  1.8339e-02, -2.6940e-01,  7.0363e-02,
          3.8584e-02],
        [-2.2350e-01, -8.1220e-02,  1.1475e-01, -3.5090e-01, -1.9530e-01,
          2.2959e-01,  9.9567e-02, -1.3520e-01,  1.1159e-01, -1.5852e-01,
          3.4584e-01, -5.6170e-02,  3.3298e-01, -3.3377e-04,  1.3954e-01,
         -8.8505e-02],
        [-2.2475e-01,  2.5496e-01,  2.5340e-01, -1.4551e-01,  8.4281e-02,
         -6.9536e-03,  2.8807e-01, -3.2731e-01,  1.3536e-01, -2.4830e-03,
          2.2154e-01, -2.1177e-01,  3.5311e-01,  1.0017e-01,  1.4588e-01,
         -6.8020e-02],
        [-6.1485e-02,  7.9614e-02, -6.9255e-02, -6.8658e-02,  5.7950e-02,
          1.5045e-01,  1.1032e-01, -2.4413e-02, -3.4959e-01, -3.2633e-01,
          1.2170e-01,  2.0123e-01,  2.6530e-01, -2.8856e-01, -1.3039e-01,
         -1.9389e-01],
        [-7.3706e-02,  3.6659e-01,  4.3935e-02, -4.0579e-01, -1.4433e-02,
          8.8821e-02, -3.1911e-02,  3.0009e-02, -1.3481e-01,  5.9464e-03,
          4.1536e-01,  5.4777e-02,  2.8455e-01, -1.5740e-01,  7.0661e-02,
         -1.8229e-01],
        [ 1.9185e-01,  1.9091e-01, -1.9418e-01,  2.6035e-01,  2.0064e-01,
         -2.3621e-01,  3.8038e-02, -1.5638e-01,  1.0599e-01,  8.0406e-02,
         -2.6814e-01,  8.0840e-02, -1.1093e-01,  2.6192e-01,  2.8478e-01,
          1.1913e-01],
        [ 6.6628e-02,  2.4077e-01,  2.6876e-01, -2.1453e-01,  3.4204e-02,
          1.2964e-01,  6.0016e-02, -1.7549e-01, -1.8505e-01,  6.2336e-02,
          3.1312e-01, -7.5068e-02, -9.2712e-02,  1.2359e-01, -2.8656e-01,
         -1.6657e-01],
        [-3.4394e-01,  3.7427e-01,  2.1599e-01, -4.0955e-01, -2.4914e-01,
          3.5102e-02, -2.7297e-02, -2.2685e-01, -1.4271e-01, -1.1437e-01,
          2.6133e-01, -8.0404e-02,  2.3741e-01, -1.1728e-01, -2.4543e-02,
          6.1542e-02],
        [-3.3417e-03,  5.1449e-02,  7.8260e-02,  1.1674e-01,  1.2451e-01,
         -3.3463e-01, -1.4182e-01,  1.5381e-01,  2.9824e-01, -3.0303e-02,
         -3.5084e-01, -1.4587e-01, -3.6561e-01,  1.2490e-01, -8.9160e-02,
          9.3417e-02],
        [ 2.2501e-02, -1.2877e-01,  5.7628e-02, -1.2231e-02, -5.7767e-02,
         -1.7829e-01, -2.0683e-01,  1.3669e-01,  1.8002e-01, -6.4088e-02,
          9.3132e-03,  1.6125e-01, -2.0103e-01,  9.6491e-02,  7.1611e-02,
          1.1983e-01],
        [-5.0451e-02,  8.5683e-02,  8.7341e-02, -4.3197e-02, -1.7024e-01,
          9.6271e-02, -8.8457e-02,  1.0961e-02,  2.4387e-01,  1.6288e-01,
         -8.9446e-02,  1.8855e-01, -1.2686e-01,  3.1437e-01, -9.6063e-02,
         -1.6096e-02],
        [-6.1513e-02,  1.0935e-01,  1.7555e-01, -2.5632e-01,  1.3268e-02,
          1.0971e-01,  2.0622e-01, -1.0112e-01, -6.2193e-02,  1.3271e-01,
          4.4226e-01,  2.7491e-01, -1.4027e-01, -1.2347e-01, -1.0581e-01,
         -1.6756e-01],
        [ 9.2062e-03,  2.6240e-01,  1.4420e-02, -1.8907e-01,  2.6611e-02,
          3.8567e-01,  2.6258e-01, -2.1328e-01, -2.1157e-01, -2.5002e-02,
          1.8056e-01, -1.3698e-01, -1.1757e-01, -1.1060e-02, -1.4095e-01,
         -3.1208e-01],
        [ 1.6013e-01,  1.2157e-01,  1.4413e-01,  3.2757e-01, -1.4481e-01,
         -9.6050e-03,  1.8964e-03,  1.6066e-01,  7.4474e-03,  7.8929e-02,
         -3.3134e-01, -7.4379e-02, -1.4605e-01,  2.5206e-02, -9.2253e-02,
          2.1900e-01],
        [-3.5618e-01, -2.9230e-02,  1.3113e-01, -3.9322e-01,  2.1290e-01,
          4.1145e-01, -1.9057e-02, -1.4247e-01, -2.9077e-01, -9.4215e-02,
          2.5011e-01, -1.0419e-01,  2.2092e-01, -3.8514e-02, -1.1981e-01,
         -1.7571e-01],
        [-1.2688e-01, -2.9397e-01, -7.0280e-03,  3.8617e-01, -1.1516e-01,
          2.1466e-02, -7.7249e-02, -1.8735e-02,  8.2460e-02,  2.0355e-01,
         -1.3836e-01,  2.0053e-01, -1.6283e-01, -1.1004e-01,  2.9685e-01,
          6.2494e-02],
        [ 2.0199e-01,  1.3940e-01,  3.4674e-02, -1.4264e-01, -2.4214e-01,
          7.1839e-02,  2.1026e-02,  1.5384e-01, -1.9623e-01, -1.8147e-02,
          1.4372e-01,  1.2967e-01,  1.7558e-01,  2.1029e-01, -5.4250e-02,
         -1.1576e-01],
        [-1.3631e-02, -5.6938e-02, -1.3547e-01,  1.7053e-01,  7.0526e-02,
         -3.8952e-03,  5.1070e-02,  2.6030e-01,  1.1324e-01,  2.3543e-01,
         -3.0567e-01, -1.3255e-01, -1.7866e-01, -1.1610e-01,  2.8971e-01,
          1.2024e-01],
        [-4.4413e-02,  1.0834e-01,  3.1403e-02, -2.6442e-01, -4.8267e-02,
         -9.4359e-02, -5.0920e-02,  9.6694e-02, -3.2979e-01, -4.0282e-02,
          1.9570e-01, -2.1249e-01,  1.7034e-01,  6.5237e-02,  1.2351e-01,
         -8.5557e-02],
        [ 3.4895e-01, -1.6282e-01,  8.6856e-02,  2.6319e-01, -1.7337e-01,
         -2.2873e-01, -1.8518e-01,  2.8637e-01,  2.1867e-01, -8.3800e-03,
         -2.4916e-01,  3.6065e-02, -3.6402e-01, -2.8165e-03,  1.3316e-01,
          1.8544e-01],
        [ 1.2703e-01,  8.4134e-03,  6.8614e-02, -1.8130e-02,  1.7760e-01,
         -3.7357e-01, -2.3735e-02,  3.0576e-01,  1.1741e-01,  4.7659e-02,
         -3.4319e-01, -1.2840e-01, -1.8240e-01, -1.5343e-02,  3.3725e-01,
          8.0241e-02],
        [-4.3257e-02, -6.8400e-02,  1.5376e-01,  1.1034e-02, -2.0460e-01,
          1.1597e-01,  9.9135e-02, -3.4879e-01, -2.5597e-01, -8.0362e-03,
          4.4936e-01, -3.7963e-02,  1.3847e-01, -2.3139e-01, -2.8207e-01,
          3.8184e-02],
        [ 9.9986e-02,  4.8135e-02, -5.6359e-02, -1.9043e-01,  8.2373e-02,
         -9.0528e-02, -3.7393e-02, -1.6670e-01, -1.8060e-01, -7.9665e-02,
          3.7159e-01,  6.9062e-02, -1.2202e-01,  1.8719e-01,  9.8684e-02,
         -4.7435e-02],
        [-6.2862e-03,  2.5857e-01,  2.2533e-01, -4.4756e-01, -1.7569e-01,
          1.5300e-01, -8.3481e-02, -2.7186e-01, -3.2420e-01, -2.4150e-01,
          1.7730e-01,  2.5059e-01,  2.8996e-01,  1.1068e-01, -1.6234e-01,
         -2.4670e-01],
        [ 1.4989e-01, -3.7282e-01, -4.4115e-02,  2.3991e-01,  2.5051e-01,
         -2.2976e-01,  1.2152e-01,  1.0586e-01, -9.3287e-02,  3.2371e-01,
          1.5954e-02, -2.1968e-01, -2.6320e-01,  1.5155e-01, -8.4537e-02,
          3.2057e-01],
        [ 3.1692e-02, -2.3142e-01, -1.0991e-01,  4.3386e-01, -5.4289e-02,
         -2.2332e-01,  4.0711e-02, -5.8137e-02,  1.0365e-01, -8.3223e-02,
         -4.4026e-01, -8.7623e-02, -1.1745e-01,  2.5308e-01, -1.6768e-01,
          1.1066e-01],
        [ 1.8664e-01, -4.1469e-02,  1.2569e-01, -3.1043e-02, -3.9896e-02,
         -9.5337e-02, -2.5906e-01,  2.0357e-01, -1.6158e-01,  2.5050e-01,
         -1.0952e-01, -9.2809e-02, -3.4659e-02,  2.3197e-01,  2.4097e-01,
          2.9253e-01],
        [-2.9623e-01,  2.3740e-01,  2.1144e-01, -1.5471e-01,  1.4316e-01,
          2.5820e-02,  2.1921e-01, -1.0953e-01, -3.2035e-01, -1.6713e-01,
          4.3274e-01, -5.6317e-02,  9.6517e-02, -1.0013e-01, -1.7290e-01,
         -1.4199e-01],
        [ 6.3827e-03,  1.7903e-01,  2.0195e-02, -1.7986e-01, -2.1507e-01,
          3.9823e-02,  1.5797e-01, -2.9128e-01,  3.2614e-02, -9.1405e-02,
          2.0869e-01, -2.3367e-03,  3.4319e-01,  1.3725e-01,  4.1922e-02,
         -6.0396e-02],
        [ 1.6178e-02, -4.6833e-02, -1.9817e-01,  2.8956e-01, -1.5239e-01,
         -1.6617e-01,  1.0290e-01,  2.5855e-01,  3.1051e-01,  1.8684e-01,
         -1.0066e-01,  3.8834e-02,  5.2746e-02,  1.6404e-01,  1.2606e-01,
          7.7156e-02],
        [-2.5435e-01,  9.2469e-02,  1.4894e-01, -3.3436e-01,  4.3062e-02,
          3.9405e-01,  2.7643e-01, -2.8299e-01, -1.4906e-02,  8.0826e-02,
         -1.6732e-02,  1.9276e-01, -2.8183e-02, -1.7914e-01, -1.5579e-01,
         -2.5373e-01]], requires_grad=True)

Parameter name: road_linear_0.bias
Shape: torch.Size([32])
Values: Parameter containing:
tensor([-0.0395,  0.1994,  0.0953,  0.0868,  0.2126, -0.0380, -0.2558, -0.0851,
         0.0525, -0.0563,  0.0942, -0.1082, -0.0997,  0.1895, -0.0977,  0.0826,
        -0.1443,  0.1366,  0.0675, -0.1921,  0.0282, -0.0578,  0.3053,  0.2095,
        -0.0478,  0.0334,  0.0769,  0.1704,  0.2880, -0.0194, -0.0517,  0.1916],
       requires_grad=True)

Parameter name: road_linear_1.weight
Shape: torch.Size([1, 32])
Values: Parameter containing:
tensor([[-0.1924, -0.2646, -0.1479, -0.2331, -0.1160, -0.2571,  0.0805, -0.1858,
         -0.3908,  0.3065,  0.1274,  0.1077, -0.2488, -0.3183,  0.1871, -0.1505,
          0.0968, -0.0340,  0.1460, -0.0618,  0.2190,  0.3322, -0.2305, -0.1667,
         -0.3145,  0.2303,  0.1820,  0.2111, -0.2211, -0.2902,  0.1425, -0.2390]],
       requires_grad=True)

Parameter name: linear_0.weight
Shape: torch.Size([32, 39])
Values: Parameter containing:
tensor([[-0.1076,  0.1093,  0.0212,  ..., -0.0800, -0.1186,  0.0351],
        [-0.0941, -0.0120, -0.1065,  ..., -0.0281, -0.0221,  0.0565],
        [ 0.1138, -0.0263,  0.1135,  ...,  0.0844,  0.0348, -0.0402],
        ...,
        [-0.0808,  0.1574,  0.0081,  ...,  0.0259, -0.0041, -0.0057],
        [ 0.1284,  0.1488, -0.1017,  ...,  0.1094, -0.0818,  0.1190],
        [ 0.1135, -0.1495, -0.0693,  ..., -0.0256, -0.1356, -0.1386]],
       requires_grad=True)

Parameter name: linear_0.bias
Shape: torch.Size([32])
Values: Parameter containing:
tensor([ 0.0555, -0.0494, -0.0781,  0.0648,  0.1335,  0.0112, -0.0895,  0.0942,
        -0.0650, -0.0828, -0.0405, -0.0317,  0.1453, -0.0189, -0.1356, -0.0607,
         0.0523,  0.0790, -0.1170, -0.1035, -0.0364,  0.0006, -0.1288,  0.0832,
        -0.0397,  0.1027,  0.0570, -0.0175, -0.0045,  0.0562, -0.0927, -0.0503],
       requires_grad=True)

Parameter name: linear_1.weight
Shape: torch.Size([32, 32])
Values: Parameter containing:
tensor([[ 0.0716, -0.1674, -0.0378,  ..., -0.1179,  0.1819,  0.1341],
        [-0.1115,  0.0739,  0.0288,  ..., -0.0502,  0.1312,  0.1788],
        [ 0.0290, -0.1418,  0.0773,  ...,  0.0647,  0.0620,  0.0980],
        ...,
        [ 0.0846,  0.1456, -0.0203,  ...,  0.0355, -0.0819, -0.0739],
        [ 0.1638, -0.1673,  0.0279,  ...,  0.1647, -0.0775,  0.0654],
        [-0.0829,  0.1462,  0.1004,  ...,  0.1630,  0.1122,  0.0769]],
       requires_grad=True)

Parameter name: linear_1.bias
Shape: torch.Size([32])
Values: Parameter containing:
tensor([-0.0817,  0.1139, -0.0815, -0.1538, -0.0455, -0.0063,  0.1017,  0.0828,
         0.0538, -0.0633,  0.1471,  0.1589, -0.1622,  0.1497,  0.0445,  0.0563,
         0.0789,  0.1127, -0.0072, -0.0554, -0.0511, -0.1223, -0.0164, -0.0894,
         0.1154, -0.1367,  0.1438, -0.1465,  0.1570,  0.0114, -0.1570,  0.0631],
       requires_grad=True)

Parameter name: linear_2.weight
Shape: torch.Size([1, 32])
Values: Parameter containing:
tensor([[-0.1232, -0.1364, -0.0012, -0.0606,  0.0524,  0.1489, -0.1658,  0.1842,
         -0.0862, -0.0446,  0.1232, -0.0825, -0.0986, -0.0456,  0.0786,  0.0029,
          0.1704,  0.0861, -0.1686, -0.1170,  0.0043, -0.0179, -0.0601,  0.0480,
          0.0823, -0.1121, -0.0250,  0.0729,  0.0738, -0.0213,  0.0816,  0.0560]],
       requires_grad=True)

Parameter name: linear_2.bias
Shape: torch.Size([1])
Values: Parameter containing:
tensor([-0.1560], requires_grad=True)

Parameter name: road_linear_0.weight
Shape: torch.Size([32, 16])
Values: Parameter containing:
tensor([[ 8.7500e-02,  3.8460e-01,  1.4013e-01,  1.3486e-02, -3.8636e-02,
          7.0369e-02,  1.6361e-01,  7.8371e-02, -1.1670e-01, -2.7630e-01,
          2.8146e-01, -3.8917e-02, -3.8286e-03,  1.3276e-01, -7.9602e-02,
         -2.8908e-01],
        [-3.0273e-01,  3.9675e-01,  1.9827e-01, -3.9019e-01, -2.8001e-02,
          1.7839e-01,  2.2969e-01, -3.2121e-01, -9.5828e-02, -2.5869e-02,
          3.4724e-01,  5.6695e-02,  1.8339e-02, -2.6940e-01,  7.0363e-02,
          3.8584e-02],
        [-2.2350e-01, -8.1220e-02,  1.1475e-01, -3.5090e-01, -1.9530e-01,
          2.2959e-01,  9.9567e-02, -1.3520e-01,  1.1159e-01, -1.5852e-01,
          3.4584e-01, -5.6170e-02,  3.3298e-01, -3.3377e-04,  1.3954e-01,
         -8.8505e-02],
        [-2.2475e-01,  2.5496e-01,  2.5340e-01, -1.4551e-01,  8.4281e-02,
         -6.9536e-03,  2.8807e-01, -3.2731e-01,  1.3536e-01, -2.4830e-03,
          2.2154e-01, -2.1177e-01,  3.5311e-01,  1.0017e-01,  1.4588e-01,
         -6.8020e-02],
        [-6.1485e-02,  7.9614e-02, -6.9255e-02, -6.8658e-02,  5.7950e-02,
          1.5045e-01,  1.1032e-01, -2.4413e-02, -3.4959e-01, -3.2633e-01,
          1.2170e-01,  2.0123e-01,  2.6530e-01, -2.8856e-01, -1.3039e-01,
         -1.9389e-01],
        [-7.3706e-02,  3.6659e-01,  4.3935e-02, -4.0579e-01, -1.4433e-02,
          8.8821e-02, -3.1911e-02,  3.0009e-02, -1.3481e-01,  5.9464e-03,
          4.1536e-01,  5.4777e-02,  2.8455e-01, -1.5740e-01,  7.0661e-02,
         -1.8229e-01],
        [ 1.9185e-01,  1.9091e-01, -1.9418e-01,  2.6035e-01,  2.0064e-01,
         -2.3621e-01,  3.8038e-02, -1.5638e-01,  1.0599e-01,  8.0406e-02,
         -2.6814e-01,  8.0840e-02, -1.1093e-01,  2.6192e-01,  2.8478e-01,
          1.1913e-01],
        [ 6.6628e-02,  2.4077e-01,  2.6876e-01, -2.1453e-01,  3.4204e-02,
          1.2964e-01,  6.0016e-02, -1.7549e-01, -1.8505e-01,  6.2336e-02,
          3.1312e-01, -7.5068e-02, -9.2712e-02,  1.2359e-01, -2.8656e-01,
         -1.6657e-01],
        [-3.4394e-01,  3.7427e-01,  2.1599e-01, -4.0955e-01, -2.4914e-01,
          3.5102e-02, -2.7297e-02, -2.2685e-01, -1.4271e-01, -1.1437e-01,
          2.6133e-01, -8.0404e-02,  2.3741e-01, -1.1728e-01, -2.4543e-02,
          6.1542e-02],
        [-3.3417e-03,  5.1449e-02,  7.8260e-02,  1.1674e-01,  1.2451e-01,
         -3.3463e-01, -1.4182e-01,  1.5381e-01,  2.9824e-01, -3.0303e-02,
         -3.5084e-01, -1.4587e-01, -3.6561e-01,  1.2490e-01, -8.9160e-02,
          9.3417e-02],
        [ 2.2501e-02, -1.2877e-01,  5.7628e-02, -1.2231e-02, -5.7767e-02,
         -1.7829e-01, -2.0683e-01,  1.3669e-01,  1.8002e-01, -6.4088e-02,
          9.3132e-03,  1.6125e-01, -2.0103e-01,  9.6491e-02,  7.1611e-02,
          1.1983e-01],
        [-5.0451e-02,  8.5683e-02,  8.7341e-02, -4.3197e-02, -1.7024e-01,
          9.6271e-02, -8.8457e-02,  1.0961e-02,  2.4387e-01,  1.6288e-01,
         -8.9446e-02,  1.8855e-01, -1.2686e-01,  3.1437e-01, -9.6063e-02,
         -1.6096e-02],
        [-6.1513e-02,  1.0935e-01,  1.7555e-01, -2.5632e-01,  1.3268e-02,
          1.0971e-01,  2.0622e-01, -1.0112e-01, -6.2193e-02,  1.3271e-01,
          4.4226e-01,  2.7491e-01, -1.4027e-01, -1.2347e-01, -1.0581e-01,
         -1.6756e-01],
        [ 9.2062e-03,  2.6240e-01,  1.4420e-02, -1.8907e-01,  2.6611e-02,
          3.8567e-01,  2.6258e-01, -2.1328e-01, -2.1157e-01, -2.5002e-02,
          1.8056e-01, -1.3698e-01, -1.1757e-01, -1.1060e-02, -1.4095e-01,
         -3.1208e-01],
        [ 1.6013e-01,  1.2157e-01,  1.4413e-01,  3.2757e-01, -1.4481e-01,
         -9.6050e-03,  1.8964e-03,  1.6066e-01,  7.4474e-03,  7.8929e-02,
         -3.3134e-01, -7.4379e-02, -1.4605e-01,  2.5206e-02, -9.2253e-02,
          2.1900e-01],
        [-3.5618e-01, -2.9230e-02,  1.3113e-01, -3.9322e-01,  2.1290e-01,
          4.1145e-01, -1.9057e-02, -1.4247e-01, -2.9077e-01, -9.4215e-02,
          2.5011e-01, -1.0419e-01,  2.2092e-01, -3.8514e-02, -1.1981e-01,
         -1.7571e-01],
        [-1.2688e-01, -2.9397e-01, -7.0280e-03,  3.8617e-01, -1.1516e-01,
          2.1466e-02, -7.7249e-02, -1.8735e-02,  8.2460e-02,  2.0355e-01,
         -1.3836e-01,  2.0053e-01, -1.6283e-01, -1.1004e-01,  2.9685e-01,
          6.2494e-02],
        [ 2.0199e-01,  1.3940e-01,  3.4674e-02, -1.4264e-01, -2.4214e-01,
          7.1839e-02,  2.1026e-02,  1.5384e-01, -1.9623e-01, -1.8147e-02,
          1.4372e-01,  1.2967e-01,  1.7558e-01,  2.1029e-01, -5.4250e-02,
         -1.1576e-01],
        [-1.3631e-02, -5.6938e-02, -1.3547e-01,  1.7053e-01,  7.0526e-02,
         -3.8952e-03,  5.1070e-02,  2.6030e-01,  1.1324e-01,  2.3543e-01,
         -3.0567e-01, -1.3255e-01, -1.7866e-01, -1.1610e-01,  2.8971e-01,
          1.2024e-01],
        [-4.4413e-02,  1.0834e-01,  3.1403e-02, -2.6442e-01, -4.8267e-02,
         -9.4359e-02, -5.0920e-02,  9.6694e-02, -3.2979e-01, -4.0282e-02,
          1.9570e-01, -2.1249e-01,  1.7034e-01,  6.5237e-02,  1.2351e-01,
         -8.5557e-02],
        [ 3.4895e-01, -1.6282e-01,  8.6856e-02,  2.6319e-01, -1.7337e-01,
         -2.2873e-01, -1.8518e-01,  2.8637e-01,  2.1867e-01, -8.3800e-03,
         -2.4916e-01,  3.6065e-02, -3.6402e-01, -2.8165e-03,  1.3316e-01,
          1.8544e-01],
        [ 1.2703e-01,  8.4134e-03,  6.8614e-02, -1.8130e-02,  1.7760e-01,
         -3.7357e-01, -2.3735e-02,  3.0576e-01,  1.1741e-01,  4.7659e-02,
         -3.4319e-01, -1.2840e-01, -1.8240e-01, -1.5343e-02,  3.3725e-01,
          8.0241e-02],
        [-4.3257e-02, -6.8400e-02,  1.5376e-01,  1.1034e-02, -2.0460e-01,
          1.1597e-01,  9.9135e-02, -3.4879e-01, -2.5597e-01, -8.0362e-03,
          4.4936e-01, -3.7963e-02,  1.3847e-01, -2.3139e-01, -2.8207e-01,
          3.8184e-02],
        [ 9.9986e-02,  4.8135e-02, -5.6359e-02, -1.9043e-01,  8.2373e-02,
         -9.0528e-02, -3.7393e-02, -1.6670e-01, -1.8060e-01, -7.9665e-02,
          3.7159e-01,  6.9062e-02, -1.2202e-01,  1.8719e-01,  9.8684e-02,
         -4.7435e-02],
        [-6.2862e-03,  2.5857e-01,  2.2533e-01, -4.4756e-01, -1.7569e-01,
          1.5300e-01, -8.3481e-02, -2.7186e-01, -3.2420e-01, -2.4150e-01,
          1.7730e-01,  2.5059e-01,  2.8996e-01,  1.1068e-01, -1.6234e-01,
         -2.4670e-01],
        [ 1.4989e-01, -3.7282e-01, -4.4115e-02,  2.3991e-01,  2.5051e-01,
         -2.2976e-01,  1.2152e-01,  1.0586e-01, -9.3287e-02,  3.2371e-01,
          1.5954e-02, -2.1968e-01, -2.6320e-01,  1.5155e-01, -8.4537e-02,
          3.2057e-01],
        [ 3.1692e-02, -2.3142e-01, -1.0991e-01,  4.3386e-01, -5.4289e-02,
         -2.2332e-01,  4.0711e-02, -5.8137e-02,  1.0365e-01, -8.3223e-02,
         -4.4026e-01, -8.7623e-02, -1.1745e-01,  2.5308e-01, -1.6768e-01,
          1.1066e-01],
        [ 1.8664e-01, -4.1469e-02,  1.2569e-01, -3.1043e-02, -3.9896e-02,
         -9.5337e-02, -2.5906e-01,  2.0357e-01, -1.6158e-01,  2.5050e-01,
         -1.0952e-01, -9.2809e-02, -3.4659e-02,  2.3197e-01,  2.4097e-01,
          2.9253e-01],
        [-2.9623e-01,  2.3740e-01,  2.1144e-01, -1.5471e-01,  1.4316e-01,
          2.5820e-02,  2.1921e-01, -1.0953e-01, -3.2035e-01, -1.6713e-01,
          4.3274e-01, -5.6317e-02,  9.6517e-02, -1.0013e-01, -1.7290e-01,
         -1.4199e-01],
        [ 6.3827e-03,  1.7903e-01,  2.0195e-02, -1.7986e-01, -2.1507e-01,
          3.9823e-02,  1.5797e-01, -2.9128e-01,  3.2614e-02, -9.1405e-02,
          2.0869e-01, -2.3367e-03,  3.4319e-01,  1.3725e-01,  4.1922e-02,
         -6.0396e-02],
        [ 1.6178e-02, -4.6833e-02, -1.9817e-01,  2.8956e-01, -1.5239e-01,
         -1.6617e-01,  1.0290e-01,  2.5855e-01,  3.1051e-01,  1.8684e-01,
         -1.0066e-01,  3.8834e-02,  5.2746e-02,  1.6404e-01,  1.2606e-01,
          7.7156e-02],
        [-2.5435e-01,  9.2469e-02,  1.4894e-01, -3.3436e-01,  4.3062e-02,
          3.9405e-01,  2.7643e-01, -2.8299e-01, -1.4906e-02,  8.0826e-02,
         -1.6732e-02,  1.9276e-01, -2.8183e-02, -1.7914e-01, -1.5579e-01,
         -2.5373e-01]], requires_grad=True)

Parameter name: road_linear_0.bias
Shape: torch.Size([32])
Values: Parameter containing:
tensor([-0.0395,  0.1994,  0.0953,  0.0868,  0.2126, -0.0380, -0.2558, -0.0851,
         0.0525, -0.0563,  0.0942, -0.1082, -0.0997,  0.1895, -0.0977,  0.0826,
        -0.1443,  0.1366,  0.0675, -0.1921,  0.0282, -0.0578,  0.3053,  0.2095,
        -0.0478,  0.0334,  0.0769,  0.1704,  0.2880, -0.0194, -0.0517,  0.1916],
       requires_grad=True)

Parameter name: road_linear_1.weight
Shape: torch.Size([1, 32])
Values: Parameter containing:
tensor([[-0.1924, -0.2646, -0.1479, -0.2331, -0.1160, -0.2571,  0.0805, -0.1858,
         -0.3908,  0.3065,  0.1274,  0.1077, -0.2488, -0.3183,  0.1871, -0.1505,
          0.0968, -0.0340,  0.1460, -0.0618,  0.2190,  0.3322, -0.2305, -0.1667,
         -0.3145,  0.2303,  0.1820,  0.2111, -0.2211, -0.2902,  0.1425, -0.2390]],
       requires_grad=True)

Parameter name: linear_0.weight
Shape: torch.Size([32, 39])
Values: Parameter containing:
tensor([[-0.1076,  0.1093,  0.0212,  ..., -0.0800, -0.1186,  0.0351],
        [-0.0941, -0.0120, -0.1065,  ..., -0.0281, -0.0221,  0.0565],
        [ 0.1138, -0.0263,  0.1135,  ...,  0.0844,  0.0348, -0.0402],
        ...,
        [-0.0808,  0.1574,  0.0081,  ...,  0.0259, -0.0041, -0.0057],
        [ 0.1284,  0.1488, -0.1017,  ...,  0.1094, -0.0818,  0.1190],
        [ 0.1135, -0.1495, -0.0693,  ..., -0.0256, -0.1356, -0.1386]],
       requires_grad=True)

Parameter name: linear_0.bias
Shape: torch.Size([32])
Values: Parameter containing:
tensor([ 0.0555, -0.0494, -0.0781,  0.0648,  0.1335,  0.0112, -0.0895,  0.0942,
        -0.0650, -0.0828, -0.0405, -0.0317,  0.1453, -0.0189, -0.1356, -0.0607,
         0.0523,  0.0790, -0.1170, -0.1035, -0.0364,  0.0006, -0.1288,  0.0832,
        -0.0397,  0.1027,  0.0570, -0.0175, -0.0045,  0.0562, -0.0927, -0.0503],
       requires_grad=True)

Parameter name: linear_1.weight
Shape: torch.Size([32, 32])
Values: Parameter containing:
tensor([[ 0.0716, -0.1674, -0.0378,  ..., -0.1179,  0.1819,  0.1341],
        [-0.1115,  0.0739,  0.0288,  ..., -0.0502,  0.1312,  0.1788],
        [ 0.0290, -0.1418,  0.0773,  ...,  0.0647,  0.0620,  0.0980],
        ...,
        [ 0.0846,  0.1456, -0.0203,  ...,  0.0355, -0.0819, -0.0739],
        [ 0.1638, -0.1673,  0.0279,  ...,  0.1647, -0.0775,  0.0654],
        [-0.0829,  0.1462,  0.1004,  ...,  0.1630,  0.1122,  0.0769]],
       requires_grad=True)

Parameter name: linear_1.bias
Shape: torch.Size([32])
Values: Parameter containing:
tensor([-0.0817,  0.1139, -0.0815, -0.1538, -0.0455, -0.0063,  0.1017,  0.0828,
         0.0538, -0.0633,  0.1471,  0.1589, -0.1622,  0.1497,  0.0445,  0.0563,
         0.0789,  0.1127, -0.0072, -0.0554, -0.0511, -0.1223, -0.0164, -0.0894,
         0.1154, -0.1367,  0.1438, -0.1465,  0.1570,  0.0114, -0.1570,  0.0631],
       requires_grad=True)

Parameter name: linear_2.weight
Shape: torch.Size([1, 32])
Values: Parameter containing:
tensor([[-0.1232, -0.1364, -0.0012, -0.0606,  0.0524,  0.1489, -0.1658,  0.1842,
         -0.0862, -0.0446,  0.1232, -0.0825, -0.0986, -0.0456,  0.0786,  0.0029,
          0.1704,  0.0861, -0.1686, -0.1170,  0.0043, -0.0179, -0.0601,  0.0480,
          0.0823, -0.1121, -0.0250,  0.0729,  0.0738, -0.0213,  0.0816,  0.0560]],
       requires_grad=True)

Parameter name: linear_2.bias
Shape: torch.Size([1])
Values: Parameter containing:
tensor([-0.1560], requires_grad=True)

