Parameter name: road_linear_0.weight
Shape: torch.Size([32, 16])
Values: Parameter containing:
tensor([[-0.2483,  0.4475,  0.1053, -0.0850,  0.2992,  0.1532,  0.3355,  0.0978,
          0.3318,  0.1593,  0.1197, -0.2613, -0.3577, -0.2531,  0.3790,  0.1444],
        [-0.1216, -0.1329,  0.0352, -0.1033,  0.0784,  0.2094,  0.0866,  0.2543,
          0.5595, -0.0105,  0.2135, -0.3447,  0.0564,  0.0873,  0.5758,  0.0471],
        [ 0.0393, -0.1396,  0.2837, -0.0643, -0.2496, -0.3028, -0.1039, -0.5558,
         -0.1417,  0.0047,  0.0563,  0.0746,  0.5161,  0.2264, -0.0817,  0.1965],
        [ 0.0894, -0.1677, -0.0954,  0.0553, -0.1121, -0.1312, -0.0453, -0.1643,
         -0.5412, -0.2286, -0.1220,  0.4073,  0.2221, -0.3017, -0.3382, -0.0147],
        [ 0.0383,  0.3357, -0.0195, -0.1290,  0.2621,  0.0345, -0.0054,  0.4258,
          0.2904,  0.1460,  0.2349, -0.2321, -0.0126, -0.0983,  0.4310, -0.0295],
        [ 0.0128,  0.4512, -0.2689,  0.3402,  0.4782, -0.0535,  0.3157,  0.0895,
          0.3786,  0.1411, -0.2547, -0.1882, -0.3149,  0.2113,  0.4667, -0.0208],
        [ 0.2249, -0.0682,  0.2515, -0.0759, -0.1713, -0.1556, -0.1331, -0.3396,
         -0.4050,  0.1213, -0.0309,  0.1444, -0.0542,  0.0658, -0.4314,  0.0173],
        [-0.1997,  0.0492,  0.2065, -0.2469, -0.4640, -0.2427, -0.0505, -0.3778,
         -0.3512, -0.0760, -0.0672,  0.1272,  0.2795, -0.2421, -0.2322,  0.2225],
        [-0.0863,  0.0397,  0.1748, -0.1595, -0.2219, -0.3003, -0.1062, -0.2335,
         -0.1672, -0.1803, -0.2036,  0.1864, -0.0900,  0.0410, -0.5577, -0.0214],
        [-0.1657,  0.1358,  0.0354, -0.1049,  0.1907,  0.1159, -0.0045,  0.3568,
          0.4537, -0.1362,  0.2480, -0.1067, -0.2335,  0.0415,  0.3740, -0.0816],
        [-0.2417,  0.4193,  0.0689, -0.1206,  0.1137,  0.3661,  0.2214,  0.2479,
          0.5309,  0.1338,  0.0464, -0.1054, -0.2395,  0.2406,  0.1452, -0.2220],
        [ 0.0159,  0.1221,  0.1259, -0.0173,  0.3119,  0.0600,  0.2919,  0.2685,
          0.3483,  0.2032,  0.2994, -0.0426, -0.4031, -0.0945,  0.2507, -0.0707],
        [ 0.2372, -0.0888,  0.0429, -0.0982, -0.2505,  0.0407, -0.0895, -0.4593,
         -0.5000, -0.0012, -0.0259,  0.1478, -0.0122,  0.0693, -0.3968, -0.0581],
        [ 0.0657,  0.1486,  0.2179,  0.0941, -0.4122,  0.0207,  0.0272, -0.1770,
         -0.4019, -0.0177, -0.2277,  0.1928,  0.0777, -0.0786, -0.5358,  0.1046],
        [-0.2387, -0.0600,  0.0713, -0.1388,  0.5051,  0.3630,  0.0243,  0.2377,
          0.1562,  0.0435,  0.1264, -0.4188, -0.0534,  0.0196,  0.2410, -0.0358],
        [-0.1317, -0.3774,  0.1051,  0.1279, -0.4609, -0.0145, -0.2038, -0.4449,
         -0.3499,  0.0341,  0.0163,  0.5317,  0.1887, -0.1271, -0.0851,  0.0266],
        [ 0.1240,  0.0584,  0.0195, -0.2159, -0.4239,  0.0204,  0.0091, -0.0784,
         -0.4855, -0.0182,  0.1211,  0.3472,  0.2961,  0.0905, -0.2854, -0.1984],
        [-0.1514,  0.2213, -0.0901,  0.0279,  0.2239,  0.2308,  0.2551,  0.3583,
          0.2178,  0.1486, -0.0653, -0.2999, -0.1772, -0.0616,  0.3688, -0.0391],
        [ 0.1517, -0.2335,  0.0256, -0.2054, -0.3438, -0.3232, -0.3039, -0.0966,
         -0.5465, -0.0187,  0.1090,  0.0337,  0.2923,  0.1333, -0.1122,  0.0946],
        [ 0.3090, -0.2336,  0.1527, -0.0120, -0.4799, -0.1832, -0.3889, -0.1087,
         -0.1972, -0.1804,  0.0407,  0.3665,  0.0371,  0.0070, -0.1511,  0.1108],
        [-0.0650,  0.2813,  0.0927, -0.1742,  0.3546, -0.0724,  0.2894,  0.4643,
          0.2667, -0.0519, -0.1051, -0.3209, -0.1928, -0.0774,  0.4566, -0.1388],
        [ 0.0014,  0.0039,  0.0474,  0.3238,  0.2022,  0.0850,  0.2442,  0.1029,
          0.2482,  0.1666,  0.2765, -0.4262, -0.2561, -0.2743,  0.1320,  0.1340],
        [ 0.2934, -0.2833, -0.0644, -0.0802, -0.1420, -0.3383, -0.3176, -0.3498,
         -0.4002, -0.0599,  0.2340,  0.3238,  0.0029,  0.2050, -0.0371,  0.1262],
        [ 0.0495,  0.0300,  0.1511, -0.2242, -0.2686, -0.0938, -0.0736, -0.3385,
         -0.4149, -0.1460, -0.1131,  0.3723,  0.2121, -0.0715, -0.3007, -0.1562],
        [ 0.0708, -0.3961,  0.0227, -0.0201, -0.0399, -0.1931,  0.1000, -0.2654,
         -0.5377,  0.1985,  0.1771,  0.0784,  0.0225,  0.0991, -0.4561,  0.2104],
        [-0.0893, -0.1859, -0.0624,  0.1859, -0.3003, -0.1660,  0.0164, -0.4322,
         -0.2989, -0.2117, -0.2932,  0.1608,  0.1619,  0.1863, -0.5032, -0.0413],
        [ 0.2332, -0.1350,  0.2106, -0.2811, -0.3174, -0.0545, -0.4412, -0.1526,
         -0.5124,  0.0571,  0.1556,  0.1991,  0.3373,  0.2280, -0.0436,  0.2407],
        [-0.1987,  0.2504,  0.1569,  0.1100,  0.4576, -0.0249,  0.3239,  0.2938,
          0.1122, -0.0285,  0.2479, -0.3761, -0.2393, -0.0760,  0.1608,  0.0014],
        [ 0.1528, -0.1149, -0.0147, -0.0214, -0.4082, -0.2231, -0.0811, -0.4396,
         -0.1461,  0.0262, -0.0101,  0.2258,  0.3601,  0.1563, -0.1208,  0.1291],
        [-0.2433,  0.2985, -0.2218,  0.1920,  0.0779,  0.1096,  0.3984,  0.4358,
          0.4988,  0.1616,  0.0951, -0.1926, -0.0487,  0.1287,  0.2584, -0.1674],
        [-0.1844,  0.1505,  0.0901, -0.0778,  0.3283,  0.3197,  0.3707,  0.0873,
          0.3689,  0.2111, -0.2850, -0.1122, -0.3833, -0.1406,  0.1494, -0.1323],
        [-0.0982, -0.0883,  0.0985,  0.0506, -0.0833, -0.2555, -0.3429, -0.4599,
         -0.4240, -0.1298,  0.0650,  0.0610, -0.0339,  0.0969, -0.4123,  0.0605]],
       device='cuda:0', requires_grad=True)

Parameter name: road_linear_0.bias
Shape: torch.Size([32])
Values: Parameter containing:
tensor([-0.0881,  0.1078,  0.1107, -0.1263,  0.0773, -0.0906,  0.0582,  0.1355,
        -0.0741,  0.0615, -0.0192,  0.0886,  0.0811, -0.0157,  0.0711,  0.0367,
        -0.1076, -0.0115,  0.1133,  0.0611,  0.0131, -0.0696,  0.0179, -0.0285,
        -0.1208,  0.0676,  0.1876,  0.0511, -0.0640, -0.2015,  0.0098, -0.0141],
       device='cuda:0', requires_grad=True)

Parameter name: road_linear_1.weight
Shape: torch.Size([1, 32])
Values: Parameter containing:
tensor([[ 0.3626,  0.5150, -0.2958, -0.4036,  0.4805,  0.4769, -0.3904, -0.4746,
         -0.3959,  0.5366,  0.3394,  0.4931, -0.3946, -0.5636,  0.4225, -0.4218,
         -0.4131,  0.4294, -0.2808, -0.3200,  0.5638,  0.3506, -0.4237, -0.4894,
         -0.4472, -0.5164, -0.3835,  0.4784, -0.4288,  0.4881,  0.3364, -0.3321]],
       device='cuda:0', requires_grad=True)

Parameter name: linear_0.weight
Shape: torch.Size([32, 39])
Values: Parameter containing:
tensor([[-0.0311,  0.1061,  0.0632,  ...,  0.1551, -0.2438, -0.1137],
        [-0.1403, -0.0306,  0.1364,  ...,  0.0558, -0.2604,  0.0871],
        [ 0.0284, -0.0450,  0.0268,  ...,  0.0642,  0.2085,  0.0345],
        ...,
        [ 0.1417, -0.1669, -0.0355,  ..., -0.1754, -0.0340, -0.1180],
        [ 0.1191, -0.2248, -0.0755,  ..., -0.2272,  0.0961,  0.1557],
        [-0.2137,  0.1696,  0.0703,  ...,  0.0665, -0.2250, -0.0509]],
       device='cuda:0', requires_grad=True)

Parameter name: linear_0.bias
Shape: torch.Size([32])
Values: Parameter containing:
tensor([ 0.0757,  0.0324, -0.0668, -0.1405, -0.0807,  0.0451, -0.0899,  0.0695,
        -0.0374,  0.0484,  0.0433,  0.0189, -0.0225,  0.1015, -0.0295, -0.0149,
         0.0472, -0.1624, -0.0085,  0.0834, -0.0866,  0.0089,  0.1146,  0.0376,
        -0.1073,  0.1075,  0.0534, -0.1364,  0.0430,  0.1906,  0.1814, -0.1063],
       device='cuda:0', requires_grad=True)

Parameter name: linear_1.weight
Shape: torch.Size([32, 32])
Values: Parameter containing:
tensor([[ 0.0899, -0.1992, -0.0717,  ...,  0.0930, -0.0147,  0.0623],
        [-0.1935, -0.0447,  0.1357,  ...,  0.1901,  0.0010,  0.0355],
        [ 0.1224, -0.0329, -0.1993,  ..., -0.1781, -0.0155,  0.1964],
        ...,
        [ 0.1301,  0.0781,  0.0723,  ...,  0.0484, -0.2073,  0.2915],
        [ 0.0333, -0.1884,  0.0558,  ...,  0.3000,  0.2454, -0.1476],
        [ 0.0141, -0.1255,  0.2345,  ...,  0.2632,  0.1477, -0.0617]],
       device='cuda:0', requires_grad=True)

Parameter name: linear_1.bias
Shape: torch.Size([32])
Values: Parameter containing:
tensor([ 0.1385,  0.1812, -0.0679, -0.1434,  0.0331, -0.0138, -0.0914,  0.0310,
         0.1919, -0.1737,  0.1532, -0.1799,  0.2255,  0.0669, -0.0869,  0.1866,
        -0.0521, -0.1857,  0.0636,  0.0573, -0.0671,  0.0671, -0.2312,  0.2203,
         0.0021, -0.0869,  0.0879,  0.0148, -0.1845, -0.0810,  0.1753,  0.0504],
       device='cuda:0', requires_grad=True)

Parameter name: linear_2.weight
Shape: torch.Size([1, 32])
Values: Parameter containing:
tensor([[ 0.7179,  0.6429, -0.6997, -0.6848,  0.5464,  0.5634, -0.6156,  0.5412,
          0.6061, -0.6632, -0.5786,  0.5937,  0.5865,  0.5889,  0.6129,  0.5884,
         -0.7079, -0.7243,  0.5759,  0.5706, -0.6325, -0.6252, -0.7257,  0.5828,
          0.6691,  0.7147, -0.6975,  0.6802, -0.6220, -0.7166,  0.6376,  0.7030]],
       device='cuda:0', requires_grad=True)

Parameter name: linear_2.bias
Shape: torch.Size([1])
Values: Parameter containing:
tensor([0.4669], device='cuda:0', requires_grad=True)

