Parameter name: road_linear_0.weight
Shape: torch.Size([32, 16])
Values: Parameter containing:
tensor([[-2.3928e-01,  4.5605e-01,  1.1851e-01, -9.3707e-02,  3.1304e-01,
          1.3270e-01,  3.2311e-01,  1.1200e-01,  3.4238e-01,  1.5558e-01,
          1.4437e-01, -2.8059e-01, -3.3962e-01, -2.4048e-01,  3.9026e-01,
          1.5278e-01],
        [-9.6054e-02, -1.5159e-01,  6.0356e-02, -1.2378e-01,  8.0328e-02,
          1.9019e-01,  5.8297e-02,  2.7107e-01,  5.9044e-01, -3.0638e-02,
          2.4673e-01, -3.6215e-01,  8.6551e-02,  1.1261e-01,  6.0094e-01,
          6.9640e-02],
        [ 3.8479e-02, -1.6009e-01,  2.7262e-01, -5.5405e-02, -2.7185e-01,
         -2.7965e-01, -9.7844e-02, -5.7657e-01, -1.6172e-01,  4.2163e-03,
          4.0786e-02,  9.8243e-02,  5.1613e-01,  2.1922e-01, -9.8799e-02,
          1.9055e-01],
        [ 6.2462e-02, -1.4422e-01, -1.2175e-01,  7.6434e-02, -1.0478e-01,
         -1.0926e-01, -1.5435e-02, -1.7593e-01, -5.6713e-01, -2.0707e-01,
         -1.5637e-01,  4.1627e-01,  1.8815e-01, -3.2862e-01, -3.5949e-01,
         -3.7955e-02],
        [ 6.3927e-02,  3.1224e-01,  5.5975e-03, -1.4832e-01,  2.5418e-01,
          1.5589e-02, -3.3979e-02,  4.3375e-01,  3.1189e-01,  1.2622e-01,
          2.6826e-01, -2.3722e-01,  2.0252e-02, -7.2478e-02,  4.4948e-01,
         -7.9353e-03],
        [ 1.3028e-02,  4.7218e-01, -2.5826e-01,  3.3261e-01,  4.9800e-01,
         -7.7961e-02,  3.1008e-01,  1.0845e-01,  3.8500e-01,  1.4291e-01,
         -2.3708e-01, -2.1118e-01, -3.0674e-01,  2.1898e-01,  4.7904e-01,
         -1.6490e-02],
        [ 2.0273e-01, -5.8667e-02,  2.2839e-01, -5.7854e-02, -1.7450e-01,
         -1.3106e-01, -1.0751e-01, -3.5373e-01, -4.2662e-01,  1.3735e-01,
         -6.3019e-02,  1.6001e-01, -8.3122e-02,  4.2633e-02, -4.4955e-01,
         -1.9458e-03],
        [-2.2000e-01,  5.0904e-02,  1.8397e-01, -2.2911e-01, -4.7182e-01,
         -2.1723e-01, -2.5956e-02, -3.9416e-01, -3.7283e-01, -6.1346e-02,
         -9.7638e-02,  1.4569e-01,  2.5456e-01, -2.6419e-01, -2.5095e-01,
          2.0422e-01],
        [-1.1198e-01,  5.3959e-02,  1.4863e-01, -1.3778e-01, -2.2398e-01,
         -2.7727e-01, -7.6877e-02, -2.5217e-01, -1.9720e-01, -1.5945e-01,
         -2.3726e-01,  2.0529e-01, -1.2078e-01,  1.4815e-02, -5.8220e-01,
         -4.4447e-02],
        [-1.3973e-01,  1.1356e-01,  6.0875e-02, -1.2518e-01,  1.8636e-01,
          9.5515e-02, -3.3446e-02,  3.6971e-01,  4.8089e-01, -1.5672e-01,
          2.8165e-01, -1.1759e-01, -2.0085e-01,  6.7291e-02,  3.9661e-01,
         -5.9132e-02],
        [-2.2444e-01,  4.2198e-01,  8.9291e-02, -1.3635e-01,  1.2378e-01,
          3.4085e-01,  1.9969e-01,  2.6462e-01,  5.5048e-01,  1.2193e-01,
          7.5365e-02, -1.2438e-01, -2.1685e-01,  2.6023e-01,  1.6275e-01,
         -2.0613e-01],
        [ 3.9087e-02,  1.1208e-01,  1.5039e-01, -3.7423e-02,  3.1573e-01,
          3.5787e-02,  2.6443e-01,  2.8667e-01,  3.7489e-01,  1.8470e-01,
          3.3152e-01, -6.1165e-02, -3.7467e-01, -7.0112e-02,  2.7319e-01,
         -4.9647e-02],
        [ 2.1418e-01, -7.1863e-02,  1.9743e-02, -8.0891e-02, -2.4803e-01,
          6.2459e-02, -6.3507e-02, -4.6831e-01, -5.1718e-01,  1.5170e-02,
         -5.8349e-02,  1.5740e-01, -4.3459e-02,  4.5533e-02, -4.1203e-01,
         -7.7131e-02],
        [ 3.9508e-02,  1.6976e-01,  1.9184e-01,  1.1503e-01, -4.0918e-01,
          4.1847e-02,  5.6618e-02, -1.9146e-01, -4.2949e-01,  3.1427e-03,
         -2.6157e-01,  2.0635e-01,  4.5181e-02, -1.0492e-01, -5.5907e-01,
          8.1662e-02],
        [-2.1354e-01, -7.7062e-02,  9.6608e-02, -1.5919e-01,  5.0395e-01,
          3.4024e-01, -4.3639e-03,  2.5324e-01,  1.8352e-01,  2.3670e-02,
          1.5971e-01, -4.3368e-01, -2.1966e-02,  4.5084e-02,  2.6348e-01,
         -1.3753e-02],
        [-1.4967e-01, -3.6608e-01,  8.6540e-02,  1.4069e-01, -4.6293e-01,
          2.6797e-03, -1.8348e-01, -4.5250e-01, -3.6280e-01,  4.5368e-02,
         -1.2854e-02,  5.4153e-01,  1.6214e-01, -1.4636e-01, -9.6391e-02,
          1.2372e-02],
        [ 9.7742e-02,  7.6276e-02, -6.8791e-03, -1.9420e-01, -4.2191e-01,
          4.4842e-02,  3.8526e-02, -9.3989e-02, -5.1198e-01,  2.9364e-03,
          8.6662e-02,  3.6218e-01,  2.6315e-01,  6.3738e-02, -3.0689e-01,
         -2.2153e-01],
        [-1.4058e-01,  2.3243e-01, -7.3927e-02,  1.5851e-02,  2.3749e-01,
          2.0570e-01,  2.3965e-01,  3.7430e-01,  2.3064e-01,  1.4249e-01,
         -4.0911e-02, -3.1945e-01, -1.6041e-01, -4.6752e-02,  3.8247e-01,
         -2.7952e-02],
        [ 1.4632e-01, -2.5336e-01,  9.2532e-03, -1.9164e-01, -3.6576e-01,
         -2.9841e-01, -2.9174e-01, -1.1882e-01, -5.6722e-01, -1.4290e-02,
          9.0112e-02,  5.7839e-02,  2.9102e-01,  1.2048e-01, -1.3179e-01,
          8.3933e-02],
        [ 3.0743e-01, -2.5568e-01,  1.3815e-01, -5.4328e-04, -5.0266e-01,
         -1.5760e-01, -3.7974e-01, -1.3051e-01, -2.1277e-01, -1.7984e-01,
          2.4700e-02,  3.9142e-01,  3.4731e-02, -3.2887e-03, -1.6962e-01,
          1.0322e-01],
        [-4.6777e-02,  2.6919e-01,  1.1124e-01, -1.8680e-01,  3.5438e-01,
         -9.0804e-02,  2.6884e-01,  4.6957e-01,  2.7555e-01, -6.2981e-02,
         -7.5438e-02, -3.2862e-01, -1.6429e-01, -5.8003e-02,  4.6509e-01,
         -1.2459e-01],
        [ 1.9503e-02,  1.1391e-02,  6.9992e-02,  3.0562e-01,  2.1871e-01,
          6.1176e-02,  2.2066e-01,  1.2389e-01,  2.7275e-01,  1.5300e-01,
          3.0550e-01, -4.5051e-01, -2.3732e-01, -2.5275e-01,  1.5455e-01,
          1.5167e-01],
        [ 2.8923e-01, -3.0346e-01, -7.9311e-02, -6.8256e-02, -1.6323e-01,
         -3.1256e-01, -3.0673e-01, -3.7089e-01, -4.1773e-01, -5.7501e-02,
          2.1586e-01,  3.4751e-01, -9.2652e-04,  1.9373e-01, -5.4959e-02,
          1.1733e-01],
        [ 2.4538e-02,  4.5337e-02,  1.2578e-01, -2.0392e-01, -2.6496e-01,
         -6.8297e-02, -4.5279e-02, -3.5136e-01, -4.3714e-01, -1.2667e-01,
         -1.4641e-01,  3.8470e-01,  1.8017e-01, -9.7036e-02, -3.1903e-01,
         -1.7789e-01],
        [ 4.4897e-02, -3.7608e-01, -2.9931e-03,  3.9799e-04, -3.5942e-02,
         -1.6929e-01,  1.2888e-01, -2.7817e-01, -5.6222e-01,  2.1859e-01,
          1.4257e-01,  9.0188e-02, -1.1603e-02,  7.2918e-02, -4.7616e-01,
          1.8813e-01],
        [-1.1601e-01, -1.6003e-01, -8.8207e-02,  2.0569e-01, -2.8673e-01,
         -1.4727e-01,  4.6038e-02, -4.3431e-01, -3.1705e-01, -1.9094e-01,
         -3.2714e-01,  1.5785e-01,  1.2721e-01,  1.5959e-01, -5.1925e-01,
         -6.3515e-02],
        [ 2.4028e-01, -1.5778e-01,  2.0131e-01, -2.7263e-01, -3.4236e-01,
         -3.2782e-02, -4.4284e-01, -1.7606e-01, -5.2989e-01,  5.2112e-02,
          1.4734e-01,  2.2379e-01,  3.4596e-01,  2.2492e-01, -6.2428e-02,
          2.3818e-01],
        [-1.8101e-01,  2.4814e-01,  1.7746e-01,  9.4410e-02,  4.6772e-01,
         -4.6954e-02,  3.0198e-01,  3.1025e-01,  1.3246e-01, -4.0757e-02,
          2.7662e-01, -3.9560e-01, -2.1663e-01, -5.5851e-02,  1.7946e-01,
          1.7309e-02],
        [ 1.3566e-01, -1.1906e-01, -3.5404e-02, -4.9921e-03, -4.1948e-01,
         -1.9772e-01, -5.9228e-02, -4.5751e-01, -1.6783e-01,  3.8492e-02,
         -3.8428e-02,  2.4579e-01,  3.3905e-01,  1.3656e-01, -1.3957e-01,
          1.1272e-01],
        [-2.4271e-01,  3.1946e-01, -2.1174e-01,  1.8503e-01,  9.8192e-02,
          8.6305e-02,  3.9254e-01,  4.5393e-01,  5.0960e-01,  1.6345e-01,
          1.1153e-01, -2.1549e-01, -4.2881e-02,  1.3558e-01,  2.7166e-01,
         -1.6310e-01],
        [-1.7817e-01,  1.6938e-01,  1.0650e-01, -9.1667e-02,  3.4967e-01,
          2.9535e-01,  3.5760e-01,  1.0943e-01,  3.9039e-01,  2.0598e-01,
         -2.6552e-01, -1.3579e-01, -3.8072e-01, -1.2727e-01,  1.6890e-01,
         -1.2124e-01],
        [-1.2084e-01, -7.7712e-02,  7.5172e-02,  6.9327e-02, -8.4029e-02,
         -2.3041e-01, -3.1687e-01, -4.7449e-01, -4.4739e-01, -1.1274e-01,
          3.2893e-02,  7.5508e-02, -6.2949e-02,  7.3518e-02, -4.3092e-01,
          4.0575e-02]], device='cuda:0', requires_grad=True)

Parameter name: road_linear_0.bias
Shape: torch.Size([32])
Values: Parameter containing:
tensor([-0.0826,  0.1455,  0.1276, -0.1665,  0.1131, -0.1109,  0.0299,  0.1248,
        -0.1071,  0.1014, -0.0126,  0.1097,  0.0477, -0.0556,  0.1095,  0.0103,
        -0.1411, -0.0165,  0.1312,  0.0827,  0.0390, -0.0724,  0.0370, -0.0583,
        -0.1608,  0.0324,  0.2088,  0.0652, -0.0658, -0.2174, -0.0075, -0.0397],
       device='cuda:0', requires_grad=True)

Parameter name: road_linear_1.weight
Shape: torch.Size([1, 32])
Values: Parameter containing:
tensor([[ 0.3813,  0.5477, -0.2993, -0.4362,  0.5125,  0.4880, -0.4137, -0.4936,
         -0.4268,  0.5683,  0.3583,  0.5202, -0.4224, -0.5972,  0.4538, -0.4475,
         -0.4402,  0.4442, -0.2833, -0.3288,  0.5878,  0.3677, -0.4305, -0.5161,
         -0.4760, -0.5466, -0.3859,  0.5034, -0.4455,  0.5014,  0.3372, -0.3546]],
       device='cuda:0', requires_grad=True)

Parameter name: linear_0.weight
Shape: torch.Size([32, 39])
Values: Parameter containing:
tensor([[-0.0320,  0.1075,  0.0635,  ...,  0.1580, -0.2700, -0.1137],
        [-0.1404, -0.0306,  0.1365,  ...,  0.0561, -0.2924,  0.0871],
        [ 0.0286, -0.0451,  0.0266,  ...,  0.0635,  0.2382,  0.0345],
        ...,
        [ 0.1414, -0.1662, -0.0354,  ..., -0.1756,  0.0030, -0.1180],
        [ 0.1189, -0.2246, -0.0753,  ..., -0.2278,  0.1264,  0.1557],
        [-0.2152,  0.1717,  0.0711,  ...,  0.0678, -0.2523, -0.0509]],
       device='cuda:0', requires_grad=True)

Parameter name: linear_0.bias
Shape: torch.Size([32])
Values: Parameter containing:
tensor([ 0.0754,  0.0323, -0.0667, -0.1405, -0.0809,  0.0452, -0.0901,  0.0682,
        -0.0376,  0.0489,  0.0420,  0.0191, -0.0228,  0.1011, -0.0294, -0.0138,
         0.0477, -0.1622, -0.0093,  0.0838, -0.0860,  0.0088,  0.1151,  0.0385,
        -0.1074,  0.1080,  0.0543, -0.1376,  0.0429,  0.1906,  0.1813, -0.1069],
       device='cuda:0', requires_grad=True)

Parameter name: linear_1.weight
Shape: torch.Size([32, 32])
Values: Parameter containing:
tensor([[ 0.0883, -0.2010, -0.0533,  ...,  0.0942, -0.0131,  0.0595],
        [-0.1945, -0.0466,  0.1529,  ...,  0.1915,  0.0027,  0.0333],
        [ 0.1233, -0.0311, -0.2132,  ..., -0.1793, -0.0170,  0.1984],
        ...,
        [ 0.1291,  0.0818,  0.0615,  ...,  0.0454, -0.2113,  0.2925],
        [ 0.0309, -0.1914,  0.0776,  ...,  0.3020,  0.2481, -0.1513],
        [ 0.0125, -0.1263,  0.2498,  ...,  0.2636,  0.1482, -0.0641]],
       device='cuda:0', requires_grad=True)

Parameter name: linear_1.bias
Shape: torch.Size([32])
Values: Parameter containing:
tensor([ 0.1391,  0.1819, -0.0686, -0.1437,  0.0343, -0.0124, -0.0922,  0.0322,
         0.1926, -0.1753,  0.1515, -0.1800,  0.2259,  0.0686, -0.0861,  0.1878,
        -0.0528, -0.1863,  0.0642,  0.0574, -0.0676,  0.0666, -0.2334,  0.2211,
         0.0030, -0.0868,  0.0855,  0.0146, -0.1852, -0.0831,  0.1766,  0.0504],
       device='cuda:0', requires_grad=True)

Parameter name: linear_2.weight
Shape: torch.Size([1, 32])
Values: Parameter containing:
tensor([[ 0.7612,  0.6869, -0.7444, -0.7275,  0.5914,  0.6085, -0.6602,  0.5825,
          0.6479, -0.7086, -0.6217,  0.6351,  0.6292,  0.6343,  0.6546,  0.6295,
         -0.7488, -0.7684,  0.6206,  0.6137, -0.6750, -0.6696, -0.7715,  0.6270,
          0.7134,  0.7563, -0.7425,  0.7242, -0.6656, -0.7622,  0.6787,  0.7466]],
       device='cuda:0', requires_grad=True)

Parameter name: linear_2.bias
Shape: torch.Size([1])
Values: Parameter containing:
tensor([0.5073], device='cuda:0', requires_grad=True)

