Parameter name: road_linear_0.weight
Shape: torch.Size([32, 16])
Values: Parameter containing:
tensor([[-3.1512e-01,  5.0773e-01,  5.9562e-02, -5.7402e-02,  4.0222e-01,
          2.0955e-01,  4.1657e-01,  1.8265e-01,  3.6476e-01,  1.9627e-01,
          1.3063e-01, -3.3936e-01, -4.0319e-01, -2.7471e-01,  3.7512e-01,
          1.0431e-01],
        [-9.8859e-02, -1.5002e-01,  7.5133e-02, -1.3837e-01,  1.5474e-01,
          2.1503e-01,  4.0579e-02,  3.6881e-01,  7.2755e-01, -4.5224e-02,
          2.9594e-01, -4.6791e-01,  7.9062e-02,  1.2825e-01,  7.0628e-01,
          8.2699e-02],
        [ 1.6973e-01, -2.4641e-01,  3.6830e-01, -1.1177e-01, -4.0574e-01,
         -3.7276e-01, -2.5830e-01, -6.6670e-01, -1.8559e-01, -6.7742e-02,
          9.9645e-02,  1.8516e-01,  6.4912e-01,  2.9346e-01, -1.1685e-01,
          2.7708e-01],
        [ 4.8121e-02, -1.1961e-01, -1.4669e-01,  9.8536e-02, -1.5805e-01,
         -1.2770e-01,  1.3393e-02, -2.6476e-01, -7.0801e-01, -1.7982e-01,
         -2.1881e-01,  5.0238e-01,  1.7248e-01, -3.5672e-01, -4.5792e-01,
         -6.1028e-02],
        [ 8.5672e-02,  2.7381e-01,  3.2492e-02, -1.7067e-01,  2.9657e-01,
          3.4837e-02, -6.4604e-02,  5.1378e-01,  4.4839e-01,  9.4359e-02,
          3.3458e-01, -3.0493e-01,  4.4570e-02, -4.0022e-02,  5.3671e-01,
          1.7807e-02],
        [-1.0396e-01,  5.4285e-01, -3.5084e-01,  3.8947e-01,  6.0729e-01,
          8.0789e-03,  4.5157e-01,  1.8657e-01,  3.9000e-01,  2.0920e-01,
         -2.7968e-01, -2.7789e-01, -4.0458e-01,  1.5738e-01,  4.6458e-01,
         -9.4219e-02],
        [ 1.9233e-01, -3.8638e-02,  2.0658e-01, -3.7482e-02, -2.2135e-01,
         -1.4566e-01, -8.8410e-02, -4.2567e-01, -5.4638e-01,  1.6074e-01,
         -1.2404e-01,  2.2628e-01, -9.8139e-02,  1.5729e-02, -5.1515e-01,
         -2.1059e-02],
        [-2.1362e-01,  4.7286e-02,  1.7025e-01, -2.1310e-01, -5.2098e-01,
         -2.2683e-01, -1.8960e-02, -4.6268e-01, -4.6855e-01, -4.8889e-02,
         -1.4402e-01,  2.1586e-01,  2.5430e-01, -2.8026e-01, -3.0671e-01,
          1.9525e-01],
        [-1.2423e-01,  6.6921e-02,  1.2019e-01, -1.1145e-01, -2.8844e-01,
         -2.8917e-01, -4.6994e-02, -3.4613e-01, -3.4023e-01, -1.3156e-01,
         -3.0115e-01,  3.0444e-01, -1.2974e-01, -1.4489e-02, -6.8388e-01,
         -6.8804e-02],
        [-1.2996e-01,  9.6428e-02,  8.3146e-02, -1.4534e-01,  2.4217e-01,
          1.1429e-01, -5.8284e-02,  4.5968e-01,  6.1566e-01, -1.8015e-01,
          3.3868e-01, -2.0630e-01, -1.9116e-01,  9.1646e-02,  4.9438e-01,
         -3.9170e-02],
        [-2.6750e-01,  4.5681e-01,  7.1328e-02, -1.3030e-01,  1.9159e-01,
          3.7773e-01,  2.4003e-01,  3.3344e-01,  6.0737e-01,  1.3607e-01,
          8.8305e-02, -1.9246e-01, -2.5331e-01,  2.5040e-01,  1.8905e-01,
         -2.2574e-01],
        [ 4.0974e-02,  1.0829e-01,  1.7110e-01, -5.8485e-02,  3.6996e-01,
          4.7111e-02,  2.4675e-01,  3.6826e-01,  4.9091e-01,  1.6456e-01,
          3.8379e-01, -1.4375e-01, -3.7056e-01, -4.7841e-02,  3.5113e-01,
         -3.4404e-02],
        [ 1.9153e-01, -3.1395e-02, -7.1342e-03, -5.8322e-02, -2.8554e-01,
          4.6646e-02, -3.5415e-02, -5.3652e-01, -6.4303e-01,  4.6292e-02,
         -1.2819e-01,  2.1140e-01, -7.2282e-02,  1.1470e-02, -4.7979e-01,
         -1.0313e-01],
        [ 2.9600e-02,  1.8607e-01,  1.6900e-01,  1.3595e-01, -4.7196e-01,
          2.0039e-02,  8.1918e-02, -2.8596e-01, -5.7173e-01,  2.7191e-02,
         -3.2057e-01,  3.0272e-01,  3.7742e-02, -1.3005e-01, -6.6218e-01,
          6.0860e-02],
        [-2.0017e-01, -9.7239e-02,  1.2242e-01, -1.8230e-01,  5.5598e-01,
          3.5199e-01, -3.2168e-02,  3.3690e-01,  3.1620e-01, -3.2409e-03,
          2.2098e-01, -5.1656e-01, -7.5248e-03,  7.3087e-02,  3.5286e-01,
          8.8374e-03],
        [-1.4643e-01, -3.4999e-01,  8.2034e-02,  1.4621e-01, -4.9714e-01,
         -1.8256e-02, -1.8344e-01, -5.0602e-01, -4.3992e-01,  5.5363e-02,
         -5.7682e-02,  5.8382e-01,  1.5155e-01, -1.5987e-01, -1.2126e-01,
          8.0406e-03],
        [ 8.1240e-02,  9.8463e-02, -3.7698e-02, -1.6581e-01, -4.7596e-01,
          3.3360e-02,  7.1298e-02, -1.8374e-01, -6.5959e-01,  3.3816e-02,
          1.7839e-02,  4.5292e-01,  2.4507e-01,  3.0890e-02, -4.0363e-01,
         -2.4788e-01],
        [-2.2016e-01,  2.9143e-01, -1.2643e-01,  4.5417e-02,  3.1797e-01,
          2.6082e-01,  3.2837e-01,  4.3603e-01,  2.4369e-01,  1.8371e-01,
         -5.9053e-02, -3.7955e-01, -2.2636e-01, -8.3071e-02,  3.7541e-01,
         -7.4923e-02],
        [ 2.7524e-01, -3.4229e-01,  9.3323e-02, -2.3717e-01, -4.9495e-01,
         -3.8019e-01, -4.3943e-01, -2.1486e-01, -5.9746e-01, -8.1012e-02,
          1.4418e-01,  1.5174e-01,  4.2413e-01,  1.9074e-01, -1.6034e-01,
          1.6568e-01],
        [ 4.2591e-01, -3.2864e-01,  2.2309e-01, -5.0433e-02, -6.4767e-01,
         -2.4771e-01, -5.2624e-01, -2.3157e-01, -2.5448e-01, -2.4153e-01,
          6.5942e-02,  4.7967e-01,  1.4916e-01,  5.3315e-02, -2.0473e-01,
          1.7794e-01],
        [-4.8174e-02,  2.4907e-01,  1.1398e-01, -1.9105e-01,  3.8047e-01,
         -7.0066e-02,  2.7096e-01,  5.1367e-01,  3.3939e-01, -7.2384e-02,
         -3.0381e-02, -3.5564e-01, -1.4807e-01, -4.3906e-02,  4.6859e-01,
         -1.1985e-01],
        [-1.2386e-02,  4.0595e-02,  6.4492e-02,  3.0147e-01,  3.1323e-01,
          1.0654e-01,  2.4874e-01,  2.1714e-01,  3.7108e-01,  1.5467e-01,
          3.3333e-01, -5.4020e-01, -2.7768e-01, -2.5040e-01,  2.1923e-01,
          1.4312e-01],
        [ 4.0586e-01, -3.8033e-01,  3.1717e-04, -1.1356e-01, -2.9064e-01,
         -3.9121e-01, -4.4605e-01, -4.5923e-01, -4.4602e-01, -1.1830e-01,
          2.6173e-01,  4.3030e-01,  1.1449e-01,  2.5325e-01, -7.8433e-02,
          1.9070e-01],
        [ 4.2802e-03,  7.4117e-02,  9.4678e-02, -1.7648e-01, -3.0662e-01,
         -7.3179e-02, -1.0565e-02, -4.2751e-01, -5.6974e-01, -9.4651e-02,
         -2.1557e-01,  4.5709e-01,  1.5407e-01, -1.3128e-01, -4.0255e-01,
         -2.0551e-01],
        [ 2.7328e-02, -3.4774e-01, -3.0778e-02,  2.5335e-02, -8.3049e-02,
         -1.8458e-01,  1.5844e-01, -3.6038e-01, -7.0285e-01,  2.4792e-01,
          7.5522e-02,  1.6790e-01, -3.2839e-02,  4.1182e-02, -5.6333e-01,
          1.6287e-01],
        [-1.4623e-01, -1.1177e-01, -1.2072e-01,  2.3191e-01, -3.1564e-01,
         -1.6005e-01,  8.3557e-02, -5.0537e-01, -4.4981e-01, -1.5306e-01,
         -3.9783e-01,  2.0713e-01,  9.2068e-02,  1.2150e-01, -6.0224e-01,
         -9.4633e-02],
        [ 3.8270e-01, -2.2441e-01,  3.2438e-01, -3.5166e-01, -5.0984e-01,
         -1.5206e-01, -6.3357e-01, -2.9815e-01, -6.0493e-01, -2.4524e-02,
          2.0897e-01,  3.2003e-01,  5.0089e-01,  3.1525e-01, -1.0737e-01,
          3.4776e-01],
        [-2.0621e-01,  2.6519e-01,  1.7187e-01,  9.3121e-02,  5.3139e-01,
         -1.3896e-02,  3.2216e-01,  3.8278e-01,  2.0843e-01, -3.9049e-02,
          3.0464e-01, -4.6488e-01, -2.3669e-01, -5.3729e-02,  2.2130e-01,
          9.7991e-03],
        [ 1.8067e-01, -1.6026e-01, -2.0870e-02, -7.6288e-03, -4.8670e-01,
         -2.2552e-01, -9.5505e-02, -5.2720e-01, -2.2410e-01,  2.4378e-02,
         -5.0078e-02,  3.1935e-01,  3.7789e-01,  1.4678e-01, -1.7304e-01,
          1.3135e-01],
        [-3.4937e-01,  3.8574e-01, -2.9516e-01,  2.3680e-01,  2.1253e-01,
          1.7099e-01,  5.2636e-01,  5.2788e-01,  5.2587e-01,  2.2235e-01,
          7.2153e-02, -2.8133e-01, -1.4042e-01,  8.0836e-02,  2.6751e-01,
         -2.3279e-01],
        [-3.0603e-01,  2.5680e-01,  2.1787e-02, -4.4834e-02,  4.8447e-01,
          3.8087e-01,  5.0579e-01,  2.0910e-01,  4.2464e-01,  2.7236e-01,
         -3.1992e-01, -2.3100e-01, -5.1525e-01, -1.9697e-01,  2.0013e-01,
         -2.0314e-01],
        [-1.2753e-01, -6.5740e-02,  5.2476e-02,  9.0978e-02, -1.2734e-01,
         -2.3591e-01, -2.9576e-01, -5.4669e-01, -5.6387e-01, -9.0770e-02,
         -2.4653e-02,  1.4665e-01, -7.6799e-02,  4.8521e-02, -4.9909e-01,
          2.2746e-02]], device='cuda:0', requires_grad=True)

Parameter name: road_linear_0.bias
Shape: torch.Size([32])
Values: Parameter containing:
tensor([-0.1010,  0.1636,  0.1918, -0.2353,  0.2035, -0.1569, -0.0388,  0.1214,
        -0.1522,  0.1539, -0.0488,  0.1215, -0.0631, -0.1152,  0.1720, -0.0432,
        -0.1943, -0.0725,  0.2049,  0.1286,  0.1024, -0.0914,  0.0973, -0.1263,
        -0.2373, -0.0588,  0.2312,  0.0615, -0.0082, -0.2528, -0.0795, -0.0714],
       device='cuda:0', requires_grad=True)

Parameter name: road_linear_1.weight
Shape: torch.Size([1, 32])
Values: Parameter containing:
tensor([[ 0.5419,  0.6994, -0.4672, -0.6090,  0.6830,  0.6306, -0.6154, -0.6813,
         -0.6302,  0.7348,  0.5374,  0.7139, -0.6221, -0.7818,  0.6390, -0.6125,
         -0.6390,  0.6067, -0.4358, -0.4775,  0.7619,  0.5352, -0.5871, -0.7118,
         -0.6677, -0.7084, -0.5383,  0.6720, -0.6205,  0.6579,  0.4912, -0.5433]],
       device='cuda:0', requires_grad=True)

Parameter name: linear_0.weight
Shape: torch.Size([32, 39])
Values: Parameter containing:
tensor([[-0.0229,  0.1026,  0.0522,  ...,  0.1987, -0.5784, -0.1137],
        [-0.1396, -0.0357,  0.1411,  ...,  0.0528, -0.5142,  0.0871],
        [ 0.0279, -0.0395,  0.0215,  ...,  0.0648,  0.5293,  0.0345],
        ...,
        [ 0.1388, -0.1548, -0.0416,  ..., -0.1689,  0.2300, -0.1180],
        [ 0.1116, -0.2126, -0.0740,  ..., -0.2309,  0.3860,  0.1557],
        [-0.2207,  0.1879,  0.0693,  ...,  0.0844, -0.5066, -0.0509]],
       device='cuda:0', requires_grad=True)

Parameter name: linear_0.bias
Shape: torch.Size([32])
Values: Parameter containing:
tensor([ 0.0874,  0.0267, -0.0606, -0.1338, -0.0858,  0.0425, -0.0832,  0.0715,
        -0.0399,  0.0478,  0.0531,  0.0148, -0.0246,  0.1069, -0.0209, -0.0182,
         0.0549, -0.1663,  0.0004,  0.0939, -0.0965, -0.0052,  0.1196,  0.0588,
        -0.1089,  0.1135,  0.0611, -0.1567,  0.0461,  0.1985,  0.1813, -0.1023],
       device='cuda:0', requires_grad=True)

Parameter name: linear_1.weight
Shape: torch.Size([32, 32])
Values: Parameter containing:
tensor([[ 0.0964, -0.2208,  0.0083,  ...,  0.1123, -0.0027,  0.0694],
        [-0.1878, -0.0634,  0.2092,  ...,  0.2069,  0.0108,  0.0408],
        [ 0.1356, -0.0327, -0.2417,  ..., -0.1758, -0.0126,  0.2159],
        ...,
        [ 0.1442,  0.0881,  0.0219,  ...,  0.0449, -0.2306,  0.3450],
        [ 0.0536, -0.2303,  0.1595,  ...,  0.3381,  0.2749, -0.1238],
        [ 0.0172, -0.1377,  0.2912,  ...,  0.2743,  0.1488, -0.0537]],
       device='cuda:0', requires_grad=True)

Parameter name: linear_1.bias
Shape: torch.Size([32])
Values: Parameter containing:
tensor([ 0.1569,  0.1971, -0.0653, -0.1633,  0.0408, -0.0020, -0.1011,  0.0689,
         0.2224, -0.1748,  0.1362, -0.1624,  0.2498,  0.0716, -0.0568,  0.2227,
         0.0356, -0.1960,  0.0642,  0.0754, -0.0918,  0.0623, -0.2344,  0.2325,
         0.0158, -0.0447,  0.0832,  0.0050, -0.2030, -0.0782,  0.2122,  0.0627],
       device='cuda:0', requires_grad=True)

Parameter name: linear_2.weight
Shape: torch.Size([1, 32])
Values: Parameter containing:
tensor([[ 1.1367,  1.0641, -1.1245, -1.1019,  0.9718,  0.9884, -1.0393,  0.9530,
          1.0197, -1.0903, -1.0038,  1.0034,  1.0037,  1.0150,  1.0263,  0.9995,
         -1.1189, -1.1464,  1.0007,  0.9893, -1.0490, -1.0485, -1.1543,  1.0050,
          1.0917,  1.1260, -1.1260,  1.1032, -1.0423, -1.1459,  1.0484,  1.1231]],
       device='cuda:0', requires_grad=True)

Parameter name: linear_2.bias
Shape: torch.Size([1])
Values: Parameter containing:
tensor([0.8752], device='cuda:0', requires_grad=True)

