Parameter name: road_linear_0.weight
Shape: torch.Size([32, 16])
Values: Parameter containing:
tensor([[-5.6830e-01,  7.6951e-01, -2.2514e-01, -3.5370e-01,  2.6687e-01,
         -3.5487e-01,  6.5802e-01,  6.0625e-02,  2.9649e-01,  1.9607e-01,
          1.9102e-01, -2.6701e-01, -2.2568e-01,  6.8767e-02,  3.2230e-01,
         -1.7878e-01],
        [-3.6466e-01,  1.2231e-01, -2.0974e-01, -2.9807e-01,  2.0448e-01,
         -1.9236e-01,  3.6235e-01,  3.5370e-01,  5.8809e-01,  5.1693e-02,
          1.1971e-01, -4.5711e-01,  9.9399e-02,  3.3384e-01,  5.7009e-01,
         -1.7776e-01],
        [-3.5527e-01,  4.2000e-01, -5.8042e-02, -7.0019e-02,  4.4987e-01,
         -3.7951e-01,  5.3670e-01,  1.1645e-01,  5.6125e-01,  1.3449e-01,
          1.2244e-02, -5.9290e-01,  1.2005e-01,  3.4415e-01,  5.0776e-01,
         -1.6120e-01],
        [ 4.0182e-01, -4.0651e-01,  1.8250e-01,  1.8863e-01, -1.9365e-01,
          1.8503e-01, -3.6311e-01, -2.1625e-01, -5.3064e-01, -3.1138e-01,
         -2.2114e-02,  4.6629e-01,  1.4816e-01, -4.2758e-01, -3.2087e-01,
          2.6181e-01],
        [-2.4792e-01,  5.6157e-01, -2.7623e-01, -3.2088e-01,  3.0022e-01,
         -3.2216e-01,  2.2126e-01,  4.3132e-01,  2.5044e-01,  2.1351e-01,
          1.8303e-01, -2.7087e-01,  8.8821e-02,  1.0809e-01,  4.1376e-01,
         -2.6957e-01],
        [-1.5452e-01,  5.9756e-01, -4.6349e-01,  6.8733e-02,  4.2982e-01,
         -4.4742e-01,  4.2667e-01,  4.5292e-02,  3.2759e-01,  4.7150e-02,
         -1.4973e-01, -1.8085e-01, -2.1318e-01,  4.7706e-01,  4.4513e-01,
         -1.9448e-01],
        [ 4.4521e-01, -3.3459e-01,  5.4886e-01,  1.8921e-01, -2.1205e-01,
          3.0102e-01, -4.1997e-01, -3.5766e-01, -3.6950e-01,  1.9218e-01,
         -4.9772e-02,  1.7099e-01, -4.5202e-02, -1.8831e-01, -3.3409e-01,
          3.0851e-01],
        [ 6.2894e-02, -1.4473e-01,  4.6606e-01, -1.5913e-02, -5.1619e-01,
          1.3628e-01, -2.8251e-01, -4.1338e-01, -3.2938e-01, -4.4251e-02,
         -7.3940e-02,  1.8151e-01,  2.9749e-01, -4.3875e-01, -2.3349e-01,
          4.7816e-01],
        [ 1.9253e-01, -2.3462e-01,  4.7389e-01,  1.1439e-01, -3.6210e-01,
          2.0033e-01, -4.6652e-01, -3.7329e-01, -2.3186e-01, -2.3452e-01,
         -1.8341e-01,  3.0092e-01, -1.1601e-01, -3.1095e-01, -6.2541e-01,
          2.5292e-01],
        [-4.9839e-01,  4.0522e-01, -2.5465e-01, -2.6209e-01,  2.1535e-01,
         -2.2972e-01,  2.6705e-01,  3.5043e-01,  3.8769e-01,  4.1496e-02,
          1.1261e-01, -1.2806e-01, -3.8433e-02,  2.5805e-01,  3.1562e-01,
         -3.6969e-01],
        [-6.4067e-01,  6.7854e-01, -2.7102e-01, -3.7095e-01,  4.8221e-02,
         -4.1158e-02,  5.0241e-01,  1.9657e-01,  4.5767e-01,  2.4694e-01,
          4.7759e-02, -9.9913e-02, -4.7151e-02,  4.9253e-01,  5.9778e-02,
         -5.8109e-01],
        [-3.5506e-01,  3.3664e-01, -1.7994e-01, -1.5492e-01,  3.2542e-01,
         -2.4237e-01,  5.8184e-01,  2.7417e-01,  2.9458e-01,  4.0616e-01,
          1.6451e-01, -6.0400e-02, -1.8571e-01,  8.9027e-02,  2.5860e-01,
         -3.7752e-01],
        [ 4.8300e-01, -3.2006e-01,  2.9418e-01,  1.9237e-01, -2.5936e-01,
          5.3683e-01, -2.9546e-01, -4.4644e-01, -4.3842e-01,  4.8774e-02,
         -1.3606e-01,  1.6780e-01, -7.9839e-02, -2.7117e-01, -3.3707e-01,
          1.6698e-01],
        [ 3.5246e-01, -1.1165e-01,  4.7995e-01,  2.5510e-01, -4.3784e-01,
          3.6832e-01, -2.2218e-01, -1.7686e-01, -3.1404e-01, -7.7961e-02,
         -1.5010e-01,  2.0914e-01,  4.0031e-02, -2.6127e-01, -4.6048e-01,
          3.5956e-01],
        [-5.6744e-01,  2.6504e-01, -2.1833e-01, -3.5990e-01,  5.3517e-01,
         -6.5126e-02,  3.5083e-01,  2.6506e-01,  1.0761e-01,  1.0937e-01,
          9.4084e-02, -4.3732e-01, -1.6815e-02,  3.0383e-01,  1.8646e-01,
         -3.2995e-01],
        [ 1.0011e-01, -4.0752e-01,  3.5021e-01,  2.9581e-01, -4.4246e-01,
          2.8940e-01, -3.5112e-01, -4.1637e-01, -3.2015e-01, -4.9145e-03,
          7.1223e-02,  5.5728e-01, -3.5404e-02, -2.7898e-01, -6.8250e-02,
          2.2201e-01],
        [ 4.3674e-01, -1.6826e-01,  3.4361e-01, -6.0441e-02, -6.8119e-01,
          3.6535e-01, -3.4172e-01, -2.8517e-01, -6.5463e-01, -1.0847e-01,
          2.3092e-01,  5.7123e-01,  2.8743e-01, -1.0362e-01, -4.5755e-01,
          1.1053e-01],
        [-3.3234e-01,  3.9790e-01, -3.3234e-01, -1.5597e-01,  3.1120e-01,
         -9.6341e-02,  4.7953e-01,  4.2106e-01,  2.5841e-01,  9.8814e-02,
         -4.1328e-03, -3.7068e-01, -1.8530e-01,  9.1907e-02,  3.4204e-01,
         -2.8077e-01],
        [-2.4297e-01,  3.2959e-01, -2.9139e-01, -2.4766e-01,  2.9057e-01,
         -4.3671e-01,  2.8149e-01,  5.2573e-01,  8.5967e-02,  1.0230e-01,
          9.8130e-03, -5.7290e-01, -2.6270e-02,  3.1130e-01,  4.5748e-01,
         -2.3106e-01],
        [ 6.1116e-01, -4.8056e-01,  4.5324e-01,  2.4578e-01, -4.1251e-01,
          2.3148e-01, -6.2170e-01, -5.1867e-02, -1.3587e-01, -1.9526e-01,
         -9.8463e-02,  3.2346e-01, -1.1485e-01, -2.8377e-01, -5.1917e-02,
          4.2510e-01],
        [-2.3089e-01,  3.4454e-01, -1.0221e-01, -2.8330e-01,  4.1866e-01,
         -3.2009e-01,  4.2572e-01,  4.9380e-01,  3.0107e-01, -3.5566e-02,
         -1.7963e-01, -4.1306e-01, -1.0326e-01, -4.4036e-03,  5.0456e-01,
         -2.9858e-01],
        [ 3.5504e-01, -3.6256e-01,  2.5581e-01,  3.1293e-01, -3.3222e-01,
          1.3826e-01, -5.4365e-02, -3.4365e-01, -3.8598e-01, -1.0464e-01,
          2.5633e-01,  2.0526e-01,  5.0277e-02, -3.3879e-01, -6.5960e-01,
          2.7543e-01],
        [ 5.3913e-01, -5.2005e-01,  2.1240e-01,  1.9092e-01, -1.6117e-01,
          8.6356e-02, -5.3823e-01, -3.5824e-01, -3.7647e-01, -5.3403e-02,
          4.8828e-02,  3.3563e-01, -8.8139e-02, -1.1025e-01,  1.1462e-02,
          4.1551e-01],
        [ 2.9214e-01, -1.5791e-01,  4.3470e-01, -1.0751e-01, -5.0090e-01,
          1.7208e-01, -3.7786e-01, -5.0669e-01, -5.6312e-01, -1.9329e-01,
         -6.4867e-02,  5.6392e-01,  2.7643e-01, -1.3327e-01, -3.7916e-01,
          1.2985e-01],
        [ 3.8881e-01, -6.6940e-01,  3.2158e-01,  1.9680e-01, -1.2005e-01,
          2.1861e-01, -2.0127e-01, -3.2575e-01, -5.1806e-01,  9.6073e-02,
          2.0705e-01,  1.5049e-01, -9.8883e-02, -2.1651e-01, -4.6484e-01,
          5.0331e-01],
        [ 1.5653e-01, -4.1621e-01,  1.7791e-01,  3.8982e-01, -3.9547e-01,
          2.1513e-01, -2.0022e-01, -4.8405e-01, -2.9379e-01, -2.3110e-01,
         -2.8249e-01,  2.5475e-01,  1.6205e-01, -2.6621e-02, -5.3692e-01,
          1.7456e-01],
        [ 4.4562e-01, -3.5773e-01,  4.8744e-01, -3.2868e-02, -3.0426e-01,
          3.4448e-01, -6.1215e-01, -1.2127e-01, -4.9158e-01,  6.6957e-02,
         -2.9048e-03,  1.9986e-01,  1.8945e-01, -7.8087e-02, -4.4809e-04,
          5.1517e-01],
        [-5.5533e-01,  4.5196e-01, -1.5085e-01, -4.1618e-02,  4.4017e-01,
         -3.4643e-01,  5.7679e-01,  2.7678e-01,  7.0995e-02,  1.4854e-01,
          1.4235e-01, -3.8585e-01, -4.2467e-03,  1.1687e-01,  1.6438e-01,
         -2.9411e-01],
        [ 4.7478e-01, -3.1829e-01,  2.6865e-01,  1.2212e-01, -4.8459e-01,
          7.4610e-02, -3.5561e-01, -5.0276e-01, -1.6910e-01, -8.5394e-02,
          4.6290e-02,  2.8844e-01,  2.3742e-01, -1.8581e-02, -1.7692e-01,
          4.0599e-01],
        [-4.1437e-01,  4.8377e-01, -4.5907e-01, -9.2437e-02,  2.3693e-02,
         -2.9514e-01,  5.3903e-01,  3.7759e-01,  4.2365e-01,  8.0045e-02,
          2.2900e-01, -1.7278e-01,  9.1305e-04,  3.6347e-01,  1.3956e-01,
         -4.0521e-01],
        [-5.0748e-01,  4.0816e-01, -2.0870e-01, -2.9268e-01,  3.4866e-01,
         -6.7115e-02,  6.4041e-01,  1.0103e-01,  3.4938e-01,  2.8137e-01,
         -1.6941e-01, -1.2328e-01, -2.1963e-01,  1.6156e-01,  1.4615e-01,
         -4.4305e-01],
        [ 1.2457e-01, -2.8046e-01,  3.5694e-01,  2.8382e-01, -2.0159e-01,
          1.1468e-01, -6.3591e-01, -5.6596e-01, -4.6990e-01, -9.8581e-02,
          1.2006e-02,  1.7740e-01, -2.6823e-02, -1.2532e-01, -4.1513e-01,
          3.0857e-01]], device='cuda:0', requires_grad=True)

Parameter name: road_linear_0.bias
Shape: torch.Size([32])
Values: Parameter containing:
tensor([-0.2387,  0.1102,  0.2021, -0.0947,  0.0050, -0.1024,  0.0654,  0.0926,
        -0.2341, -0.0777,  0.0267,  0.0475,  0.1053,  0.0805,  0.0080,  0.0743,
        -0.1509,  0.0769, -0.0192, -0.0840,  0.0050, -0.0459, -0.1143, -0.1555,
        -0.1275,  0.1597,  0.1268,  0.0327, -0.0843, -0.1270,  0.1234, -0.1926],
       device='cuda:0', requires_grad=True)

Parameter name: road_linear_1.weight
Shape: torch.Size([1, 32])
Values: Parameter containing:
tensor([[ 0.6841,  0.7260,  0.6501, -0.6796,  0.7828,  0.8176, -0.6675, -0.7844,
         -0.7296,  0.8321,  0.6810,  0.8338, -0.7309, -0.7932,  0.7174, -0.7055,
         -0.6909,  0.7340,  0.6576, -0.6467,  0.7707, -0.6040, -0.7761, -0.7440,
         -0.7379, -0.8042, -0.6803,  0.7754, -0.7775,  0.7623,  0.7217, -0.6368]],
       device='cuda:0', requires_grad=True)

Parameter name: linear_0.weight
Shape: torch.Size([32, 39])
Values: Parameter containing:
tensor([[ 0.2916,  0.2128, -0.0175,  ...,  0.1040, -0.1889, -0.1137],
        [-0.1129, -0.2140,  0.1731,  ...,  0.0040, -0.4149,  0.0871],
        [ 0.0267,  0.1839,  0.0730,  ...,  0.1535,  0.1398,  0.0345],
        ...,
        [-0.0512, -0.2094,  0.0722,  ..., -0.1370, -0.1866, -0.1180],
        [ 0.0287, -0.0747, -0.0127,  ..., -0.1637,  0.0229,  0.1557],
        [-0.0653,  0.1742, -0.0343,  ..., -0.0510,  0.0354, -0.0509]],
       device='cuda:0', requires_grad=True)

Parameter name: linear_0.bias
Shape: torch.Size([32])
Values: Parameter containing:
tensor([ 0.0496,  0.0628, -0.1534, -0.0529, -0.0569,  0.0411, -0.1246,  0.1086,
        -0.0429,  0.1457,  0.0205, -0.0449, -0.0589,  0.0681, -0.0736, -0.0450,
         0.1082, -0.1381, -0.0481,  0.0500, -0.0801,  0.1443,  0.0994, -0.0597,
         0.0085,  0.1175,  0.0162, -0.1360,  0.0876,  0.1798,  0.0838, -0.1325],
       device='cuda:0', requires_grad=True)

Parameter name: linear_1.weight
Shape: torch.Size([32, 32])
Values: Parameter containing:
tensor([[ 0.1809, -0.2011, -0.1131,  ..., -0.0500, -0.1223,  0.1620],
        [ 0.0575,  0.0033,  0.1472,  ..., -0.0366, -0.0379,  0.2473],
        [-0.1210, -0.0870, -0.1818,  ...,  0.0196,  0.0466,  0.0075],
        ...,
        [-0.0829,  0.0290,  0.0755,  ...,  0.1956, -0.1514,  0.1304],
        [ 0.2514, -0.1079,  0.0862,  ...,  0.0625,  0.1840,  0.0188],
        [ 0.2228, -0.0606,  0.2490,  ...,  0.0820,  0.1013,  0.1080]],
       device='cuda:0', requires_grad=True)

Parameter name: linear_1.bias
Shape: torch.Size([32])
Values: Parameter containing:
tensor([ 0.0623,  0.0222,  0.0578,  0.0211, -0.0723, -0.1261,  0.0612, -0.1797,
         0.0246, -0.0679,  0.2299, -0.1862,  0.0805,  0.1009, -0.2226, -0.0243,
        -0.0506, -0.1063, -0.0648, -0.1053,  0.0994,  0.1985, -0.1061,  0.2063,
        -0.1500, -0.0552,  0.1386, -0.1439, -0.0424, -0.0006,  0.0010, -0.0594],
       device='cuda:0', requires_grad=True)

Parameter name: linear_2.weight
Shape: torch.Size([1, 32])
Values: Parameter containing:
tensor([[ 0.3405,  0.2418, -0.3438, -0.3003,  0.2119,  0.2082, -0.2332,  0.2663,
          0.2361, -0.2514, -0.2256,  0.2191,  0.2289, -0.2008,  0.2658,  0.2188,
         -0.3206, -0.3282,  0.1924,  0.2237, -0.2871, -0.2676, -0.3380, -0.1560,
          0.3009,  0.3400, -0.3243,  0.3169, -0.2394, -0.3113,  0.3152,  0.3098]],
       device='cuda:0', requires_grad=True)

Parameter name: linear_2.bias
Shape: torch.Size([1])
Values: Parameter containing:
tensor([-0.1429], device='cuda:0', requires_grad=True)

