Parameter name: road_linear_0.weight
Shape: torch.Size([32, 16])
Values: Parameter containing:
tensor([[ 1.1387e-01,  6.1831e-01, -1.6030e-01,  1.1741e-01,  6.6385e-02,
         -3.6527e-01,  4.7446e-01,  4.1741e-02,  2.4669e-03, -7.4192e-02,
          5.0505e-01, -9.4459e-02,  1.5826e-01, -1.4562e-03, -2.0169e-01,
          5.3745e-01],
        [-9.9504e-02, -2.8303e-01, -7.4541e-02, -1.0271e-01, -2.6678e-01,
          1.1696e-01, -4.7452e-02, -5.8176e-02,  1.4827e-01, -3.3066e-02,
          2.3106e-01, -8.6739e-02,  2.5755e-01,  6.9371e-02,  8.8117e-02,
          1.3541e-02],
        [-2.5114e-01,  9.5963e-02,  3.6144e-01, -1.1888e-01, -2.2457e-01,
         -1.3527e-01,  8.0185e-02, -4.0118e-01,  4.3638e-01,  3.9003e-01,
         -5.6885e-02, -7.0190e-01,  4.8127e-02,  1.3142e-01,  3.6087e-01,
         -5.0504e-04],
        [ 1.2452e-01, -1.0428e-01, -1.2341e-01,  1.6666e-01,  3.4355e-01,
          2.2141e-02,  1.8814e-02,  1.1724e-01, -4.7785e-01, -3.1589e-01,
         -6.1538e-02,  4.4076e-01,  1.6491e-01, -5.5822e-02, -8.6264e-02,
          5.9191e-03],
        [ 3.9598e-02,  1.0949e-01, -1.6311e-01, -1.1282e-01, -7.1989e-02,
         -2.3784e-02, -1.8438e-01,  8.4323e-02, -1.0899e-01,  1.1582e-01,
          2.7372e-01,  2.3172e-02,  2.1937e-01, -3.4060e-02, -1.3592e-02,
         -9.2381e-02],
        [ 1.0942e-01,  1.2893e-01, -3.7020e-01,  3.4183e-01,  9.4257e-02,
         -1.1497e-01,  9.4469e-03, -2.6706e-01,  1.4302e-04,  1.0844e-01,
         -1.6937e-01,  1.3490e-01,  3.5724e-02,  2.3247e-01,  9.0836e-02,
          8.9832e-03],
        [ 2.0247e-01,  2.1778e-01,  3.1555e-01, -8.0143e-02, -1.0058e-01,
         -1.3571e-01,  5.6807e-02, -6.5340e-02,  1.6874e-01,  2.0664e-01,
          1.2324e-01, -3.3152e-01, -2.5686e-01, -6.9573e-02, -1.6432e-01,
          4.6690e-02],
        [-5.2618e-01,  1.6095e-01,  6.7013e-01, -5.4339e-01, -6.7116e-01,
         -9.8977e-02, -2.7510e-02, -3.2131e-01,  6.0831e-01,  3.7185e-01,
         -2.8494e-01, -8.6432e-01, -2.4847e-01, -5.0468e-01,  4.4624e-01,
          6.3002e-02],
        [-1.1574e-01,  4.2501e-01,  3.3066e-01, -1.7230e-01,  4.2344e-02,
         -3.3948e-01,  1.5558e-01,  1.0336e-01,  4.1722e-01, -4.6882e-02,
         -1.3661e-01, -3.4813e-01, -3.6210e-01, -2.4955e-02, -3.9462e-02,
          9.5236e-02],
        [-3.0249e-01, -3.0439e-01,  8.5938e-02, -2.2367e-01, -1.3375e-01,
          2.6548e-01, -3.7551e-01, -1.5023e-01, -4.2553e-02, -4.2693e-02,
          7.1731e-02,  3.4582e-01, -1.7574e-01, -5.9374e-02,  5.9393e-02,
         -2.8233e-01],
        [-1.6812e-01,  1.1164e-01,  6.4548e-02, -1.6309e-01, -2.7124e-02,
          2.9446e-01,  4.7639e-03, -4.0460e-02, -5.7985e-02,  2.0265e-02,
          5.0857e-02,  3.9660e-01,  1.3836e-02,  3.3494e-01, -2.1198e-01,
         -1.7453e-01],
        [-1.4898e-01, -3.7622e-01,  9.3354e-02, -1.0242e-01, -1.9350e-02,
          2.3704e-01, -4.7818e-02, -2.0196e-01, -1.6034e-01,  2.3212e-01,
          1.1124e-01,  4.0631e-01, -2.9793e-01, -1.2619e-01, -6.8533e-02,
         -3.6417e-01],
        [ 1.5434e-01,  1.4991e-01,  5.6741e-02, -7.1216e-02, -1.1054e-02,
          1.8511e-01,  1.4051e-01, -1.0774e-01,  2.2932e-03,  2.2599e-02,
         -7.8387e-02, -2.4742e-01, -2.8205e-01, -4.2184e-03, -2.0054e-03,
         -1.4274e-01],
        [ 4.3036e-01,  8.5238e-01,  7.2281e-02,  3.7972e-01,  1.8054e-02,
         -4.1318e-01,  6.3147e-01,  4.9691e-01,  8.0880e-02, -2.4290e-01,
          1.9142e-01, -1.6060e-01,  2.1070e-01,  9.3565e-02, -4.1023e-01,
          6.3242e-01],
        [-4.8423e-01, -6.4145e-01,  2.3812e-01, -3.7055e-01,  2.1120e-01,
          6.4050e-01, -4.3577e-01, -3.2260e-01, -3.7651e-01,  1.9567e-01,
         -2.3524e-01,  8.1241e-02, -1.2643e-01, -1.0735e-01,  9.2854e-02,
         -3.6572e-01],
        [-2.1907e-01, -1.1874e-01,  1.3458e-01,  1.7800e-01, -1.0588e-01,
          1.0879e-01,  3.5479e-02, -6.8251e-02,  7.7138e-02,  6.8216e-02,
         -4.0693e-02,  1.8992e-01, -8.6597e-02, -1.8095e-01,  3.2682e-01,
         -3.4662e-02],
        [ 2.7018e-01,  2.9674e-01,  1.5458e-01, -2.0978e-01, -6.4624e-02,
          3.4087e-03,  1.5640e-01,  2.6907e-01, -1.1703e-01, -1.5464e-01,
          1.7824e-01,  2.3535e-01,  1.9295e-01,  7.6565e-02,  3.2229e-02,
         -2.2010e-02],
        [-2.4296e-01, -5.8895e-02, -2.3006e-01,  1.8114e-02, -1.1409e-01,
          2.7599e-01,  4.1911e-02,  3.1861e-02, -3.6465e-02,  1.6646e-01,
         -8.5635e-02, -1.6948e-01,  4.0147e-03, -8.2289e-02,  1.0782e-01,
         -2.0474e-01],
        [-3.9306e-02, -2.8281e-02,  1.1162e-01, -2.7352e-01, -3.0917e-01,
         -1.7616e-01, -1.7678e-01,  7.0205e-02,  7.0563e-02,  2.0973e-01,
         -1.4648e-02, -5.3711e-01, -5.5469e-02, -1.3638e-01,  2.7665e-01,
         -3.0874e-02],
        [ 4.5274e-01,  4.2824e-01, -8.6220e-02,  2.9930e-01, -9.5244e-02,
         -4.3135e-01,  1.8184e-01,  4.5978e-01,  1.7921e-01, -2.2299e-01,
          2.7411e-01, -5.1751e-02,  1.2816e-02,  1.3059e-01, -8.5864e-02,
          3.9737e-01],
        [-1.6507e-01, -1.8784e-02, -8.2521e-02, -1.3712e-01, -2.9448e-02,
         -6.6298e-02,  3.9856e-02,  1.0663e-01, -3.1676e-02,  9.5565e-03,
         -9.1848e-02, -1.7890e-01,  6.4148e-02, -8.1339e-02,  9.3787e-02,
         -2.9421e-01],
        [ 1.0053e-01, -3.8725e-01, -2.0835e-01,  4.6384e-01, -4.5986e-02,
         -2.5751e-02,  6.3611e-02, -1.7124e-01, -5.2239e-01, -4.4622e-02,
          2.9254e-01,  2.1579e-01,  2.4495e-01,  2.6049e-02, -5.3258e-01,
          5.5357e-02],
        [ 2.8291e-01,  1.7541e-01,  1.0885e-01, -1.1848e-01,  7.2992e-03,
         -4.3999e-01,  4.2182e-03, -1.1115e-02,  2.7588e-01,  2.7627e-02,
          1.4013e-01, -2.3380e-01, -3.6223e-01, -1.1213e-02,  3.7972e-01,
          2.5763e-01],
        [ 1.9092e-01,  3.0026e-01,  4.2402e-01, -3.0211e-01, -8.3663e-03,
         -2.0186e-01,  8.5585e-02, -6.8651e-02, -3.8933e-02, -1.2782e-01,
         -8.3623e-02,  8.9322e-02,  3.6722e-02, -8.6044e-02,  4.1837e-02,
          9.8431e-02],
        [ 3.7499e-02, -1.8196e-01,  1.2183e-01, -3.9344e-02,  1.8679e-01,
         -1.1421e-01,  2.7468e-01,  6.2242e-02, -1.0799e-02,  1.9304e-01,
          1.2176e-01, -2.3310e-01, -2.0642e-01,  3.5656e-02, -2.7756e-02,
          2.1467e-01],
        [-1.7471e-02,  7.5730e-02,  1.0459e-01,  1.9204e-01,  8.3984e-02,
         -1.7327e-01,  2.6129e-01, -5.7051e-02,  5.7905e-02, -2.2397e-01,
         -2.7418e-01,  1.6775e-02, -4.7791e-02,  1.3126e-01, -9.0321e-02,
          1.0679e-01],
        [ 3.7418e-03,  2.2343e-01,  4.1164e-01, -3.6346e-01, -1.7497e-01,
         -2.4300e-02, -1.6370e-01,  8.9223e-02,  5.1168e-02,  3.1518e-01,
         -9.9945e-03, -3.2065e-01, -9.8326e-02,  1.3866e-02,  4.3070e-01,
          2.3629e-01],
        [-3.4742e-01, -2.5388e-01,  1.8502e-01, -3.6096e-02,  6.1490e-02,
          1.4376e-01, -8.2366e-02, -2.3618e-01, -3.2828e-01,  5.6946e-02,
          9.4866e-02,  3.6544e-02, -1.5636e-01, -1.4732e-01, -1.1705e-01,
         -2.3764e-01],
        [ 6.2182e-03,  9.6350e-02,  3.4306e-01, -2.9182e-01, -4.7683e-01,
         -1.3323e-01, -3.6053e-02, -3.4106e-01,  4.4273e-01,  2.8801e-01,
         -1.5651e-01, -4.8746e-01, -5.5576e-02,  1.1660e-01,  4.4789e-01,
          1.2063e-01],
        [-5.8933e-02, -3.4128e-02, -4.6444e-01,  2.5929e-01, -1.2651e-01,
          1.0685e-01,  1.1926e-01,  1.5490e-01, -1.1525e-01, -5.4601e-02,
          2.1632e-01,  3.2628e-01,  3.5596e-01,  3.4953e-01, -2.1398e-01,
         -2.0967e-01],
        [-1.7958e-01, -1.9080e-01, -9.0000e-04, -1.1433e-01,  1.7952e-02,
          3.2423e-01,  1.3084e-01, -2.5357e-01, -5.3575e-02,  1.7660e-01,
         -1.9881e-01,  2.1670e-01, -1.1075e-01, -1.0412e-01, -2.0516e-01,
         -2.0716e-01],
        [ 4.3739e-02,  1.0299e-01, -9.0703e-02,  3.0059e-01,  4.6313e-01,
         -2.2423e-01, -1.4748e-01, -4.2634e-02, -4.5737e-01, -3.2239e-01,
          2.1304e-01,  1.7215e-01, -8.9658e-03,  3.3652e-01, -3.2826e-01,
          1.6009e-01]], device='cuda:0', requires_grad=True)

Parameter name: road_linear_0.bias
Shape: torch.Size([32])
Values: Parameter containing:
tensor([-0.5866,  0.0598,  0.1857, -0.1761,  0.0741, -0.1901,  0.0879,  0.2824,
        -0.3014,  0.3098,  0.2073,  0.4413,  0.2223, -0.4330,  0.3714,  0.0542,
        -0.1536, -0.0190,  0.0304, -0.5297, -0.0839, -0.1883, -0.1895, -0.1598,
        -0.2150,  0.2530,  0.0932,  0.4141, -0.1325, -0.1988,  0.2270, -0.1189],
       device='cuda:0', requires_grad=True)

Parameter name: road_linear_1.weight
Shape: torch.Size([1, 32])
Values: Parameter containing:
tensor([[-0.3673, -0.1300, -0.5458,  0.3980, -0.0040,  0.0854, -0.2156, -0.6457,
         -0.4577,  0.2631,  0.1980,  0.2315, -0.0266, -0.4904,  0.4278, -0.0780,
          0.2150, -0.1425, -0.2334, -0.3067, -0.0439,  0.3272, -0.1405, -0.0281,
          0.1063,  0.0769, -0.3043,  0.2419, -0.5691,  0.3654,  0.0065,  0.4073]],
       device='cuda:0', requires_grad=True)

Parameter name: linear_0.weight
Shape: torch.Size([32, 39])
Values: Parameter containing:
tensor([[ 0.2330,  0.0955,  0.1354,  ...,  0.0370,  0.0292, -0.1137],
        [ 0.1929, -0.1867, -0.0061,  ..., -0.0255, -0.0656,  0.0871],
        [ 0.0550, -0.0049,  0.0346,  ...,  0.1516,  0.0043,  0.0345],
        ...,
        [-0.1155, -0.3357, -0.2359,  ..., -0.1147, -0.2591, -0.1180],
        [ 0.1521, -0.1952, -0.0702,  ..., -0.1376, -0.0925,  0.1557],
        [-0.3879,  0.2498,  0.2201,  ..., -0.0287, -0.1122, -0.0509]],
       device='cuda:0', requires_grad=True)

Parameter name: linear_0.bias
Shape: torch.Size([32])
Values: Parameter containing:
tensor([ 0.2459,  0.1578, -0.1724,  0.0692, -0.1878,  0.1273, -0.2208, -0.1213,
        -0.2011,  0.3454,  0.0364, -0.2255,  0.2870,  0.1435,  0.0370, -0.1409,
         0.2973, -0.0165, -0.1743, -0.1608, -0.2403, -0.1207,  0.0503,  0.2095,
        -0.2772, -0.1131, -0.0940, -0.1132,  0.0511, -0.0317,  0.0793, -0.0564],
       device='cuda:0', requires_grad=True)

Parameter name: linear_1.weight
Shape: torch.Size([32, 32])
Values: Parameter containing:
tensor([[ 0.1746,  0.0444, -0.3072,  ...,  0.2212, -0.2983,  0.1619],
        [ 0.0615,  0.3039, -0.0887,  ...,  0.1852, -0.2049, -0.0026],
        [ 0.0840, -0.2166,  0.0809,  ..., -0.3025,  0.3336,  0.0109],
        ...,
        [-0.0034, -0.1567,  0.3156,  ..., -0.1255,  0.0983,  0.1841],
        [ 0.1195,  0.1203, -0.1729,  ...,  0.4295, -0.1059, -0.0942],
        [ 0.0156,  0.0010, -0.0153,  ...,  0.4013, -0.1926,  0.1295]],
       device='cuda:0', requires_grad=True)

Parameter name: linear_1.bias
Shape: torch.Size([32])
Values: Parameter containing:
tensor([ 0.1044,  0.2148,  0.0256, -0.1193,  0.0501, -0.2126, -0.0400, -0.0796,
         0.4020, -0.1518,  0.1900, -0.3034,  0.0723,  0.3006, -0.1060, -0.0121,
        -0.0033, -0.2427, -0.1730,  0.0725,  0.1011,  0.1990, -0.2553, -0.2764,
        -0.1426, -0.0206,  0.2949, -0.1393, -0.2273, -0.1055,  0.1150, -0.0681],
       device='cuda:0', requires_grad=True)

Parameter name: linear_2.weight
Shape: torch.Size([1, 32])
Values: Parameter containing:
tensor([[-0.1216, -0.1446,  0.0315,  0.0484, -0.1748,  0.3529,  0.1599,  0.0088,
         -0.2381, -0.0764, -0.0593, -0.0949, -0.0291,  0.0358, -0.0937, -0.0092,
          0.0225,  0.0654, -0.2087, -0.1523,  0.0357,  0.0966,  0.1392,  0.2281,
         -0.0682, -0.1462,  0.0324,  0.1276,  0.1377,  0.0795,  0.0187, -0.0580]],
       device='cuda:0', requires_grad=True)

Parameter name: linear_2.bias
Shape: torch.Size([1])
Values: Parameter containing:
tensor([-0.0792], device='cuda:0', requires_grad=True)

