Parameter name: road_linear_0.weight
Shape: torch.Size([32, 16])
Values: Parameter containing:
tensor([[-2.9565e-01,  4.6940e-01,  5.3394e-02, -3.7205e-02,  2.4672e-01,
          1.5281e-01,  3.6219e-01,  4.9103e-02,  2.7284e-01,  2.1097e-01,
          2.7509e-02, -2.0754e-01, -3.7718e-01, -3.2546e-01,  3.3082e-01,
          9.1284e-02],
        [-1.9833e-01, -3.9975e-02, -3.7328e-02, -3.8809e-02,  6.8841e-02,
          2.2889e-01,  1.6363e-01,  2.0763e-01,  4.7024e-01,  6.5408e-02,
          9.3584e-02, -2.8820e-01, -2.1378e-02,  3.2094e-03,  4.7469e-01,
         -2.8330e-02],
        [ 4.3407e-02, -1.1406e-01,  3.1994e-01, -1.0082e-01, -1.6969e-01,
         -3.1666e-01, -8.9525e-02, -4.9022e-01, -6.1520e-02, -1.9640e-02,
          8.7751e-02, -1.0992e-04,  4.7748e-01,  2.7589e-01, -1.8469e-02,
          2.2892e-01],
        [ 1.8540e-01, -2.5394e-01, -1.0540e-02, -1.9609e-02, -1.1196e-01,
         -1.5570e-01, -1.3324e-01, -1.2831e-01, -4.6147e-01, -3.1742e-01,
          2.2817e-02,  3.6868e-01,  3.2155e-01, -1.9968e-01, -2.6477e-01,
          7.3874e-02],
        [-5.4771e-02,  4.2259e-01, -1.0346e-01, -5.4215e-02,  2.6279e-01,
          5.2892e-02,  7.6159e-02,  3.9359e-01,  2.3061e-01,  2.3487e-01,
          9.3371e-02, -2.0376e-01, -1.0168e-01, -1.9976e-01,  3.6865e-01,
         -1.1716e-01],
        [ 1.3868e-02,  4.4754e-01, -2.9325e-01,  3.6901e-01,  4.1168e-01,
         -6.3297e-02,  3.0054e-01,  3.6316e-02,  3.2440e-01,  1.6154e-01,
         -3.0569e-01, -1.2852e-01, -2.9917e-01,  1.6682e-01,  4.2421e-01,
         -4.5604e-02],
        [ 3.0593e-01, -9.8695e-02,  3.2431e-01, -1.4006e-01, -1.3073e-01,
         -1.7606e-01, -1.9489e-01, -2.9272e-01, -3.3012e-01,  4.7732e-02,
          8.2748e-02,  9.1745e-02, -7.4854e-03,  1.5939e-01, -3.6956e-01,
          9.2805e-02],
        [-1.2468e-01,  3.5268e-02,  2.7573e-01, -3.0824e-01, -4.1336e-01,
         -2.6545e-01, -1.0412e-01, -3.2685e-01, -2.7623e-01, -1.4532e-01,
          3.0492e-02,  6.8812e-02,  3.0851e-01, -1.5331e-01, -1.6965e-01,
          2.9352e-01],
        [-5.3458e-03, -1.8894e-02,  2.4898e-01, -2.2513e-01, -1.7040e-01,
         -3.2574e-01, -1.8484e-01, -1.7206e-01, -5.0073e-02, -2.5607e-01,
         -6.7408e-02,  1.0849e-01, -1.6921e-02,  1.3169e-01, -4.7133e-01,
          5.5077e-02],
        [-2.5053e-01,  2.2534e-01, -4.2672e-02, -3.4682e-02,  1.7815e-01,
          1.3603e-01,  7.4752e-02,  3.1044e-01,  3.6344e-01, -5.6151e-02,
          1.1194e-01, -5.6373e-02, -3.1893e-01, -5.1639e-02,  2.9009e-01,
         -1.6356e-01],
        [-3.0385e-01,  4.2510e-01,  6.1659e-03, -6.4010e-02,  5.1463e-02,
          3.8775e-01,  2.6448e-01,  1.8996e-01,  4.4884e-01,  1.9445e-01,
         -4.4835e-02, -3.7992e-02, -2.5522e-01,  1.5950e-01,  7.9060e-02,
         -2.8585e-01],
        [-6.0013e-02,  1.5773e-01,  5.4634e-02,  4.6331e-02,  2.4932e-01,
          8.3187e-02,  3.6009e-01,  2.0579e-01,  2.3959e-01,  2.7557e-01,
          1.7123e-01,  3.3897e-02, -4.5435e-01, -1.8354e-01,  1.7085e-01,
         -1.4400e-01],
        [ 3.2168e-01, -1.4538e-01,  1.1923e-01, -1.6629e-01, -2.2908e-01,
          2.8721e-02, -1.5230e-01, -4.2265e-01, -4.4440e-01, -7.8442e-02,
          9.9766e-02,  1.1211e-01,  5.0711e-02,  1.6587e-01, -3.4536e-01,
          2.2528e-02],
        [ 1.5691e-01,  5.8167e-02,  2.9928e-01,  2.1678e-02, -4.0435e-01,
          2.0919e-04, -5.7920e-02, -1.3641e-01, -3.1249e-01, -1.0219e-01,
         -8.4339e-02,  1.4860e-01,  1.7059e-01,  1.9951e-02, -4.5723e-01,
          1.8987e-01],
        [-3.2056e-01,  5.3026e-03, -3.5816e-03, -7.2658e-02,  4.7128e-01,
          3.8882e-01,  1.0211e-01,  1.8331e-01,  5.5690e-02,  1.1968e-01,
         -5.4373e-03, -3.5175e-01, -1.3191e-01, -7.0910e-02,  1.5953e-01,
         -1.1286e-01],
        [-5.9747e-02, -4.3353e-01,  1.7390e-01,  6.5877e-02, -4.3489e-01,
         -1.6192e-02, -2.5442e-01, -4.0735e-01, -3.0090e-01, -3.5494e-02,
          1.3524e-01,  4.9593e-01,  2.4311e-01, -3.9703e-02, -3.9850e-02,
          9.8556e-02],
        [ 2.1830e-01,  1.1165e-02,  1.0126e-01, -2.8814e-01, -3.9221e-01,
         -3.5192e-03, -7.0064e-02, -3.1402e-02, -3.9383e-01, -1.0380e-01,
          2.5762e-01,  2.9473e-01,  3.6895e-01,  1.9412e-01, -2.1505e-01,
         -1.1295e-01],
        [-2.0250e-01,  2.2486e-01, -1.4562e-01,  7.8059e-02,  1.7167e-01,
          2.4717e-01,  2.8307e-01,  3.0896e-01,  1.6316e-01,  2.0265e-01,
         -1.3918e-01, -2.4369e-01, -1.8853e-01, -1.3445e-01,  3.1746e-01,
         -9.4756e-02],
        [ 1.7047e-01, -2.0718e-01,  7.3313e-02, -2.5203e-01, -2.6767e-01,
         -3.4361e-01, -3.0412e-01, -2.9431e-02, -4.6614e-01, -5.5402e-02,
          1.4295e-01, -4.0413e-02,  2.5698e-01,  1.9733e-01, -4.4401e-02,
          1.3868e-01],
        [ 3.1890e-01, -2.0974e-01,  1.9423e-01, -5.2799e-02, -4.0088e-01,
         -1.9768e-01, -3.8345e-01, -4.3506e-02, -1.2562e-01, -2.1205e-01,
          7.6116e-02,  2.9237e-01,  6.9143e-03,  6.2889e-02, -8.8188e-02,
          1.4730e-01],
        [-1.3646e-01,  3.4273e-01,  2.6229e-02, -1.1385e-01,  3.4397e-01,
         -7.0425e-02,  3.3783e-01,  4.3714e-01,  2.3389e-01,  1.5035e-02,
         -2.2321e-01, -3.0101e-01, -2.5477e-01, -1.6186e-01,  4.2453e-01,
         -2.0979e-01],
        [-5.7801e-02,  8.7858e-03, -1.4707e-02,  3.8093e-01,  1.1200e-01,
          1.0285e-01,  2.9317e-01,  3.0215e-02,  1.3401e-01,  2.2651e-01,
          1.6810e-01, -3.4089e-01, -2.6130e-01, -3.5511e-01,  5.1076e-02,
          7.0797e-02],
        [ 3.0756e-01, -2.5829e-01, -2.1095e-02, -1.2278e-01, -6.6742e-02,
         -3.5673e-01, -3.1367e-01, -2.8540e-01, -3.2748e-01, -9.2787e-02,
          2.6698e-01,  2.5106e-01, -2.9017e-02,  2.6225e-01,  2.6428e-02,
          1.6576e-01],
        [ 1.4465e-01, -1.0650e-02,  2.3334e-01, -2.9580e-01, -2.4878e-01,
         -1.2185e-01, -1.5041e-01, -3.0018e-01, -3.5542e-01, -2.3296e-01,
          7.8648e-03,  3.3053e-01,  2.7974e-01,  3.0628e-02, -2.4182e-01,
         -7.1389e-02],
        [ 1.5724e-01, -4.5008e-01,  9.8955e-02, -8.8135e-02, -1.0536e-02,
         -2.1266e-01,  2.8216e-02, -2.2087e-01, -4.4745e-01,  1.2012e-01,
          3.1224e-01,  2.9113e-02,  9.3690e-02,  1.9560e-01, -3.8784e-01,
          2.9142e-01],
        [ 8.0399e-03, -2.7932e-01,  2.6357e-02,  1.0632e-01, -3.1965e-01,
         -1.8627e-01, -6.6931e-02, -4.1323e-01, -2.6028e-01, -3.0450e-01,
         -1.5245e-01,  1.5612e-01,  2.5762e-01,  2.9118e-01, -4.5105e-01,
          5.1184e-02],
        [ 1.7528e-01, -9.9025e-02,  2.2279e-01, -3.0441e-01, -2.3613e-01,
         -5.9958e-02, -3.8441e-01, -8.4121e-02, -4.4128e-01,  6.4187e-02,
          1.5577e-01,  1.2395e-01,  2.8268e-01,  2.4856e-01,  1.7680e-02,
          2.4447e-01],
        [-2.6836e-01,  2.8207e-01,  8.9887e-02,  1.7010e-01,  3.9750e-01,
         -1.1082e-02,  3.8211e-01,  2.3758e-01,  2.8691e-02,  3.9743e-02,
          1.3169e-01, -3.0946e-01, -2.7624e-01, -1.6175e-01,  9.2949e-02,
         -6.7234e-02],
        [ 2.1877e-01, -1.2057e-01,  4.9994e-02, -7.9184e-02, -3.4741e-01,
         -2.4742e-01, -1.3049e-01, -3.8184e-01, -6.3988e-02, -3.6904e-02,
          8.2992e-02,  1.5883e-01,  3.7942e-01,  2.3966e-01, -5.4077e-02,
          1.9423e-01],
        [-2.4384e-01,  2.8568e-01, -2.5165e-01,  2.2338e-01,  7.5654e-03,
          1.1104e-01,  3.8363e-01,  3.8040e-01,  4.4025e-01,  1.8335e-01,
          5.4476e-02, -1.2825e-01, -2.5907e-02,  8.2827e-02,  2.0857e-01,
         -1.9485e-01],
        [-2.1119e-01,  1.2514e-01,  4.0738e-02, -3.0561e-02,  2.5179e-01,
          3.4266e-01,  3.7969e-01,  1.9567e-02,  2.8597e-01,  2.5087e-01,
         -3.2531e-01, -3.7223e-02, -3.5122e-01, -2.0646e-01,  8.1020e-02,
         -1.7843e-01],
        [-1.7249e-02, -1.1578e-01,  1.7258e-01, -1.4466e-02, -4.2962e-02,
         -2.8112e-01, -4.0737e-01, -4.1073e-01, -3.4922e-01, -2.0528e-01,
          1.7655e-01,  4.6453e-03,  1.3829e-02,  1.9087e-01, -3.4739e-01,
          1.3650e-01]], device='cuda:0', requires_grad=True)

Parameter name: road_linear_0.bias
Shape: torch.Size([32])
Values: Parameter containing:
tensor([-0.1265,  0.0018,  0.1009, -0.0469, -0.0090, -0.1080,  0.0915,  0.1528,
        -0.0246, -0.0303, -0.0317,  0.0548,  0.1443,  0.0704,  0.0150,  0.1057,
        -0.0650, -0.0241,  0.0981,  0.0513, -0.0576, -0.0820,  0.0053,  0.0066,
        -0.0677,  0.1634,  0.1685,  0.0144, -0.0543, -0.2081,  0.0254,  0.0131],
       device='cuda:0', requires_grad=True)

Parameter name: road_linear_1.weight
Shape: torch.Size([1, 32])
Values: Parameter containing:
tensor([[ 0.2928,  0.3785, -0.2652, -0.3002,  0.3751,  0.4207, -0.3313, -0.4262,
         -0.3329,  0.4250,  0.2915,  0.4313, -0.3145, -0.4581,  0.3429, -0.3358,
         -0.3482,  0.3722, -0.2573, -0.2855,  0.4793,  0.3155, -0.3939, -0.4198,
         -0.3795, -0.4098, -0.3541,  0.4061, -0.3826,  0.4353,  0.3134, -0.2739]],
       device='cuda:0', requires_grad=True)

Parameter name: linear_0.weight
Shape: torch.Size([32, 39])
Values: Parameter containing:
tensor([[-0.0570,  0.1338,  0.0828,  ...,  0.1374, -0.2288, -0.1137],
        [-0.1515, -0.0142,  0.1365,  ...,  0.0630, -0.2723,  0.0871],
        [ 0.0424, -0.0640,  0.0236,  ...,  0.0603,  0.2128,  0.0345],
        ...,
        [ 0.1501, -0.1816, -0.0312,  ..., -0.1874, -0.0152, -0.1180],
        [ 0.1320, -0.2431, -0.0769,  ..., -0.2329,  0.1021,  0.1557],
        [-0.2325,  0.1907,  0.0830,  ...,  0.0578, -0.2217, -0.0509]],
       device='cuda:0', requires_grad=True)

Parameter name: linear_0.bias
Shape: torch.Size([32])
Values: Parameter containing:
tensor([ 0.0606,  0.0384, -0.0699, -0.1403, -0.0757,  0.0558, -0.0966,  0.0520,
        -0.0405,  0.0530,  0.0173,  0.0143, -0.0196,  0.0951, -0.0377, -0.0061,
         0.0491, -0.1593, -0.0240,  0.0745, -0.0736,  0.0195,  0.1130,  0.0248,
        -0.0988,  0.1064,  0.0534, -0.1246,  0.0405,  0.1800,  0.1765, -0.1146],
       device='cuda:0', requires_grad=True)

Parameter name: linear_1.weight
Shape: torch.Size([32, 32])
Values: Parameter containing:
tensor([[ 0.0799, -0.1886, -0.0792,  ...,  0.0837, -0.0204,  0.0499],
        [-0.2048, -0.0354,  0.1281,  ...,  0.1813, -0.0040,  0.0218],
        [ 0.1338, -0.0389, -0.1965,  ..., -0.1719, -0.0130,  0.2107],
        ...,
        [ 0.1422,  0.0820,  0.0525,  ...,  0.0464, -0.2116,  0.3074],
        [ 0.0247, -0.1707,  0.0462,  ...,  0.2858,  0.2333, -0.1576],
        [ 0.0035, -0.1181,  0.2326,  ...,  0.2564,  0.1450, -0.0753]],
       device='cuda:0', requires_grad=True)

Parameter name: linear_1.bias
Shape: torch.Size([32])
Values: Parameter containing:
tensor([ 0.1272,  0.1702, -0.0590, -0.1327,  0.0245, -0.0226, -0.0819,  0.0160,
         0.1789, -0.1657,  0.1268, -0.1304,  0.2132,  0.0587, -0.0998,  0.1714,
        -0.1161, -0.1757,  0.0538,  0.0462, -0.0552,  0.0768, -0.2253,  0.2092,
        -0.0084, -0.0386,  0.0806,  0.0060, -0.1730, -0.0794,  0.1610,  0.0405],
       device='cuda:0', requires_grad=True)

Parameter name: linear_2.weight
Shape: torch.Size([1, 32])
Values: Parameter containing:
tensor([[ 0.5052,  0.4235, -0.4780, -0.4795,  0.3218,  0.3396, -0.3943,  0.3515,
          0.4121, -0.4381, -0.3649,  0.3835,  0.3844,  0.3654,  0.4177,  0.4005,
         -0.5008, -0.5056,  0.3542,  0.3597, -0.4286, -0.4047, -0.4988,  0.3629,
          0.4473,  0.5041, -0.4772,  0.4676, -0.4060, -0.4937,  0.4511,  0.4877]],
       device='cuda:0', requires_grad=True)

Parameter name: linear_2.bias
Shape: torch.Size([1])
Values: Parameter containing:
tensor([0.2906], device='cuda:0', requires_grad=True)

