Parameter name: road_linear_0.weight
Shape: torch.Size([32, 16])
Values: Parameter containing:
tensor([[-0.3179,  0.4643,  0.0130, -0.0019,  0.2246,  0.1575,  0.3669,  0.0176,
          0.2286,  0.2491,  0.0077, -0.1782, -0.3463, -0.3563,  0.2903,  0.0598],
        [-0.2426, -0.0182, -0.0866,  0.0069,  0.0703,  0.2346,  0.2120,  0.1959,
          0.4454,  0.1173,  0.0409, -0.2853, -0.0202, -0.0429,  0.4350, -0.0760],
        [ 0.0724, -0.1049,  0.3578, -0.1364, -0.1505, -0.3285, -0.0994, -0.4643,
         -0.0205, -0.0597,  0.0965, -0.0244,  0.4477,  0.3103,  0.0186,  0.2590],
        [ 0.2288, -0.2564,  0.0391, -0.0640, -0.1018, -0.1664, -0.1681, -0.1080,
         -0.4293, -0.3675,  0.0553,  0.3573,  0.3075, -0.1540, -0.2280,  0.1206],
        [-0.0843,  0.4234, -0.1462, -0.0155,  0.2430,  0.0577,  0.0936,  0.3630,
          0.1899,  0.2771,  0.0658, -0.1791, -0.0763, -0.2342,  0.3267, -0.1543],
        [ 0.0105,  0.4365, -0.3232,  0.3963,  0.3834, -0.0611,  0.2910,  0.0006,
          0.2775,  0.1893, -0.3154, -0.0908, -0.2645,  0.1487,  0.3839, -0.0653],
        [ 0.3398, -0.0941,  0.3686, -0.1790, -0.1143, -0.1858, -0.2106, -0.2681,
         -0.2909,  0.0042,  0.1013,  0.0707, -0.0329,  0.1971, -0.3326,  0.1306],
        [-0.0911,  0.0421,  0.3190, -0.3470, -0.3957, -0.2766, -0.1196, -0.3013,
         -0.2371, -0.1891,  0.0451,  0.0473,  0.2828, -0.1161, -0.1326,  0.3300],
        [ 0.0322, -0.0239,  0.2924, -0.2662, -0.1574, -0.3344, -0.2220, -0.1502,
         -0.0130, -0.3022, -0.0324,  0.0923, -0.0335,  0.1723, -0.4305,  0.0971],
        [-0.2871,  0.2361, -0.0874,  0.0062,  0.1671,  0.1400,  0.1067,  0.2888,
          0.3264, -0.0104,  0.0695, -0.0402, -0.3014, -0.0915,  0.2493, -0.2061],
        [-0.3376,  0.4188, -0.0349, -0.0257,  0.0337,  0.3991,  0.2828,  0.1646,
          0.4080,  0.2376, -0.0615, -0.0159, -0.2283,  0.1215,  0.0412, -0.3216],
        [-0.0954,  0.1580,  0.0119,  0.0862,  0.2326,  0.0922,  0.3911,  0.1804,
          0.1964,  0.3201,  0.1420,  0.0550, -0.4305, -0.2235,  0.1296, -0.1843],
        [ 0.3417, -0.1421,  0.1569, -0.2001, -0.2068,  0.0263, -0.1564, -0.3908,
         -0.4005, -0.1143,  0.1204,  0.0828,  0.0196,  0.1936, -0.3050,  0.0527],
        [ 0.1947,  0.0515,  0.3453, -0.0201, -0.3926, -0.0057, -0.0882, -0.1144,
         -0.2755, -0.1491, -0.0474,  0.1328,  0.1529,  0.0609, -0.4182,  0.2336],
        [-0.3644,  0.0131, -0.0511, -0.0291,  0.4640,  0.3987,  0.1468,  0.1659,
          0.0252,  0.1690, -0.0441, -0.3417, -0.1215, -0.1165,  0.1216, -0.1576],
        [-0.0437, -0.4300,  0.2094,  0.0342, -0.4082, -0.0170, -0.2560, -0.3705,
         -0.2553, -0.0688,  0.1549,  0.4607,  0.2100, -0.0148,  0.0039,  0.1249],
        [ 0.2600,  0.0121,  0.1459, -0.3309, -0.3805, -0.0145, -0.0966, -0.0105,
         -0.3592, -0.1515,  0.2837,  0.2804,  0.3516,  0.2397, -0.1792, -0.0729],
        [-0.2363,  0.2153, -0.1900,  0.1173,  0.1547,  0.2608,  0.2946,  0.2834,
          0.1282,  0.2467, -0.1494, -0.2235, -0.1646, -0.1709,  0.2818, -0.1288],
        [ 0.1989, -0.1976,  0.1111, -0.2889, -0.2486, -0.3557, -0.3140, -0.0038,
         -0.4244, -0.0963,  0.1497, -0.0645,  0.2281,  0.2336, -0.0073,  0.1704],
        [ 0.3447, -0.1971,  0.2341, -0.0890, -0.3779, -0.2105, -0.3910, -0.0131,
         -0.0827, -0.2528,  0.0810,  0.2644, -0.0238,  0.0950, -0.0491,  0.1796],
        [-0.1523,  0.3431, -0.0077, -0.0794,  0.3218, -0.0734,  0.3392,  0.4024,
          0.1921,  0.0489, -0.2491, -0.2701, -0.2255, -0.1873,  0.3830, -0.2363],
        [-0.0819,  0.0050, -0.0483,  0.4149,  0.0864,  0.1095,  0.3111, -0.0026,
          0.0858,  0.2640,  0.1464, -0.3121, -0.2314, -0.3849,  0.0055,  0.0399],
        [ 0.3369, -0.2473,  0.0175, -0.1596, -0.0473, -0.3701, -0.3243, -0.2588,
         -0.2873, -0.1336,  0.2731,  0.2271, -0.0574,  0.2974,  0.0636,  0.1973],
        [ 0.1876, -0.0051,  0.2809, -0.3394, -0.2369, -0.1365, -0.1734, -0.2791,
         -0.3264, -0.2820,  0.0243,  0.3177,  0.2633,  0.0744, -0.2077, -0.0312],
        [ 0.1906, -0.4500,  0.1413, -0.1266,  0.0040, -0.2195,  0.0090, -0.1981,
         -0.4068,  0.0779,  0.3411,  0.0099,  0.0704,  0.2341, -0.3508,  0.3304],
        [ 0.0386, -0.2837,  0.0700,  0.0666, -0.3037, -0.1888, -0.0832, -0.3849,
         -0.2238, -0.3464, -0.1213,  0.1346,  0.2354,  0.3264, -0.4108,  0.0880],
        [ 0.1885, -0.0843,  0.2554, -0.3357, -0.2130, -0.0716, -0.3809, -0.0542,
         -0.3971,  0.0299,  0.1540,  0.0948,  0.2494,  0.2733,  0.0551,  0.2666],
        [-0.2966,  0.2777,  0.0488,  0.2073,  0.3743, -0.0034,  0.4000,  0.2054,
         -0.0172,  0.0813,  0.1105, -0.2811, -0.2465, -0.1956,  0.0501, -0.1041],
        [ 0.2589, -0.1166,  0.0933, -0.1201, -0.3337, -0.2600, -0.1562, -0.3598,
         -0.0284, -0.0829,  0.1029,  0.1417,  0.3581,  0.2827, -0.0177,  0.2325],
        [-0.2542,  0.2716, -0.2863,  0.2531, -0.0191,  0.1196,  0.3776,  0.3465,
          0.3941,  0.2157,  0.0522, -0.0947,  0.0096,  0.0624,  0.1688, -0.2190],
        [-0.2454,  0.1176,  0.0009,  0.0084,  0.2354,  0.3557,  0.3966, -0.0038,
          0.2473,  0.2942, -0.3359, -0.0166, -0.3258, -0.2472,  0.0447, -0.2134],
        [ 0.0212, -0.1106,  0.2171, -0.0553, -0.0280, -0.2934, -0.4284, -0.3871,
         -0.3123, -0.2514,  0.1947, -0.0143, -0.0094,  0.2322, -0.3105,  0.1746]],
       device='cuda:0', requires_grad=True)

Parameter name: road_linear_0.bias
Shape: torch.Size([32])
Values: Parameter containing:
tensor([-0.1255, -0.0107,  0.0911, -0.0489, -0.0112, -0.1044,  0.0862,  0.1447,
        -0.0258, -0.0383, -0.0238,  0.0583,  0.1460,  0.0742,  0.0146,  0.1088,
        -0.0696, -0.0137,  0.0876,  0.0386, -0.0656, -0.0769, -0.0069, -0.0023,
        -0.0688,  0.1704,  0.1552,  0.0186, -0.0619, -0.1985,  0.0354,  0.0056],
       device='cuda:0', requires_grad=True)

Parameter name: road_linear_1.weight
Shape: torch.Size([1, 32])
Values: Parameter containing:
tensor([[ 0.2714,  0.3510, -0.2602, -0.2836,  0.3526,  0.4027, -0.3185, -0.4181,
         -0.3255,  0.4003,  0.2829,  0.4200, -0.2926, -0.4382,  0.3318, -0.3118,
         -0.3376,  0.3602, -0.2544, -0.2839,  0.4476,  0.3140, -0.3920, -0.4094,
         -0.3636, -0.3812, -0.3505,  0.3926, -0.3751,  0.4232,  0.3107, -0.2621]],
       device='cuda:0', requires_grad=True)

Parameter name: linear_0.weight
Shape: torch.Size([32, 39])
Values: Parameter containing:
tensor([[-0.0610,  0.1371,  0.0880,  ...,  0.1425, -0.2696, -0.1137],
        [-0.1559, -0.0094,  0.1386,  ...,  0.0686, -0.3052,  0.0871],
        [ 0.0465, -0.0680,  0.0207,  ...,  0.0536,  0.2535,  0.0345],
        ...,
        [ 0.1574, -0.1895, -0.0347,  ..., -0.1923,  0.0148, -0.1180],
        [ 0.1371, -0.2486, -0.0796,  ..., -0.2379,  0.1329,  0.1557],
        [-0.2337,  0.1912,  0.0857,  ...,  0.0643, -0.2620, -0.0509]],
       device='cuda:0', requires_grad=True)

Parameter name: linear_0.bias
Shape: torch.Size([32])
Values: Parameter containing:
tensor([ 0.0558,  0.0391, -0.0690, -0.1415, -0.0762,  0.0590, -0.0970,  0.0462,
        -0.0404,  0.0522,  0.0100,  0.0155, -0.0219,  0.0957, -0.0387, -0.0017,
         0.0467, -0.1605, -0.0289,  0.0763, -0.0687,  0.0198,  0.1151,  0.0229,
        -0.0976,  0.1078,  0.0561, -0.1266,  0.0395,  0.1798,  0.1764, -0.1170],
       device='cuda:0', requires_grad=True)

Parameter name: linear_1.weight
Shape: torch.Size([32, 32])
Values: Parameter containing:
tensor([[ 0.0795, -0.1843, -0.0903,  ...,  0.0782, -0.0195,  0.0515],
        [-0.2042, -0.0329,  0.1150,  ...,  0.1763, -0.0031,  0.0257],
        [ 0.1338, -0.0403, -0.1838,  ..., -0.1669, -0.0139,  0.2067],
        ...,
        [ 0.1421,  0.0852,  0.0626,  ...,  0.0490, -0.2147,  0.3023],
        [ 0.0244, -0.1635,  0.0389,  ...,  0.2804,  0.2348, -0.1590],
        [ 0.0027, -0.1143,  0.2210,  ...,  0.2506,  0.1448, -0.0727]],
       device='cuda:0', requires_grad=True)

Parameter name: linear_1.bias
Shape: torch.Size([32])
Values: Parameter containing:
tensor([ 0.1240,  0.1686, -0.0577, -0.1286,  0.0237, -0.0231, -0.0802,  0.0106,
         0.1743, -0.1649,  0.1229, -0.1191,  0.2109,  0.0604, -0.1034,  0.1650,
        -0.1317, -0.1753,  0.0512,  0.0433, -0.0518,  0.0785, -0.2256,  0.2075,
        -0.0104, -0.0279,  0.0776,  0.0039, -0.1708, -0.0805,  0.1557,  0.0380],
       device='cuda:0', requires_grad=True)

Parameter name: linear_2.weight
Shape: torch.Size([1, 32])
Values: Parameter containing:
tensor([[ 0.4362,  0.3545, -0.4083, -0.4110,  0.2526,  0.2714, -0.3250,  0.2863,
          0.3461, -0.3696, -0.2989,  0.3172,  0.3174,  0.2978,  0.3514,  0.3354,
         -0.4346, -0.4370,  0.2849,  0.2906, -0.3604, -0.3353, -0.4296,  0.2939,
          0.3780,  0.4381, -0.4099,  0.3984, -0.3371, -0.4259,  0.3865,  0.4184]],
       device='cuda:0', requires_grad=True)

Parameter name: linear_2.bias
Shape: torch.Size([1])
Values: Parameter containing:
tensor([0.2311], device='cuda:0', requires_grad=True)

