Parameter name: road_linear_0.weight
Shape: torch.Size([32, 16])
Values: Parameter containing:
tensor([[-5.6032e-01,  7.5623e-01, -2.2282e-01, -3.4370e-01,  2.7176e-01,
         -3.4489e-01,  6.5138e-01,  6.4993e-02,  2.9884e-01,  1.9503e-01,
          1.9049e-01, -2.7195e-01, -2.2201e-01,  6.9771e-02,  3.2410e-01,
         -1.7414e-01],
        [-3.7542e-01,  1.2946e-01, -2.1983e-01, -2.9121e-01,  1.8559e-01,
         -1.8819e-01,  3.6363e-01,  3.3458e-01,  5.7104e-01,  4.9607e-02,
          1.3020e-01, -4.4279e-01,  1.0475e-01,  3.3869e-01,  5.5102e-01,
         -1.8908e-01],
        [-3.6658e-01,  4.2774e-01, -6.8800e-02, -6.3304e-02,  4.3098e-01,
         -3.7562e-01,  5.3839e-01,  9.7287e-02,  5.4434e-01,  1.3261e-01,
          2.2934e-02, -5.7866e-01,  1.2500e-01,  3.4904e-01,  4.8860e-01,
         -1.7322e-01],
        [ 4.1138e-01, -4.1124e-01,  1.9328e-01,  1.8124e-01, -1.8036e-01,
          1.7940e-01, -3.6492e-01, -2.0239e-01, -5.1876e-01, -3.1147e-01,
         -3.0820e-02,  4.5835e-01,  1.4331e-01, -4.3223e-01, -3.0610e-01,
          2.7351e-01],
        [-2.5679e-01,  5.6574e-01, -2.8669e-01, -3.1306e-01,  2.8796e-01,
         -3.1565e-01,  2.2376e-01,  4.1854e-01,  2.3953e-01,  2.1469e-01,
          1.9127e-01, -2.6349e-01,  9.4463e-02,  1.1271e-01,  4.0010e-01,
         -2.8065e-01],
        [-1.6051e-01,  5.9846e-01, -4.7214e-01,  7.6701e-02,  4.2124e-01,
         -4.4051e-01,  4.2769e-01,  3.6186e-02,  3.1996e-01,  4.7887e-02,
         -1.4329e-01, -1.7667e-01, -2.0845e-01,  4.8068e-01,  4.3479e-01,
         -2.0344e-01],
        [ 4.4775e-01, -3.3209e-01,  5.5523e-01,  1.8052e-01, -2.0601e-01,
          2.9360e-01, -4.1895e-01, -3.5107e-01, -3.6410e-01,  1.9248e-01,
         -5.5086e-02,  1.6878e-01, -4.9001e-02, -1.9103e-01, -3.2606e-01,
          3.1460e-01],
        [ 7.2795e-02, -1.4999e-01,  4.7650e-01, -2.3391e-02, -5.0163e-01,
          1.2955e-01, -2.8502e-01, -3.9825e-01, -3.1626e-01, -4.5055e-02,
         -8.2969e-02,  1.7102e-01,  2.9082e-01, -4.4306e-01, -2.1781e-01,
          4.8988e-01],
        [ 2.0356e-01, -2.4205e-01,  4.8458e-01,  1.0724e-01, -3.4353e-01,
          1.9569e-01, -4.6822e-01, -3.5446e-01, -2.1479e-01, -2.3275e-01,
         -1.9456e-01,  2.8683e-01, -1.2165e-01, -3.1594e-01, -6.0617e-01,
          2.6479e-01],
        [-5.0082e-01,  4.0242e-01, -2.6079e-01, -2.5294e-01,  2.0933e-01,
         -2.2154e-01,  2.6580e-01,  3.4389e-01,  3.8203e-01,  4.1107e-02,
          1.1785e-01, -1.2597e-01, -3.3818e-02,  2.6105e-01,  3.0754e-01,
         -3.7543e-01],
        [-6.2590e-01,  6.5943e-01, -2.6217e-01, -3.6078e-01,  5.5725e-02,
         -3.1782e-02,  4.8994e-01,  2.0342e-01,  4.6132e-01,  2.4280e-01,
          4.5202e-02, -1.0630e-01, -4.5353e-02,  4.9180e-01,  6.3880e-02,
         -5.6905e-01],
        [-3.5868e-01,  3.3502e-01, -1.8755e-01, -1.4633e-01,  3.1925e-01,
         -2.3505e-01,  5.8189e-01,  2.6760e-01,  2.8885e-01,  4.0629e-01,
          1.7045e-01, -5.8513e-02, -1.8130e-01,  9.2382e-02,  2.5028e-01,
         -3.8456e-01],
        [ 4.9072e-01, -3.2296e-01,  3.0387e-01,  1.8436e-01, -2.4861e-01,
          5.2979e-01, -2.9767e-01, -4.3515e-01, -4.2906e-01,  4.7415e-02,
         -1.4339e-01,  1.6141e-01, -8.5307e-02, -2.7520e-01, -3.2491e-01,
          1.7726e-01],
        [ 3.5986e-01, -1.1400e-01,  4.8928e-01,  2.4719e-01, -4.2734e-01,
          3.6141e-01, -2.2362e-01, -1.6575e-01, -3.0468e-01, -7.8884e-02,
         -1.5732e-01,  2.0329e-01,  3.4774e-02, -2.6538e-01, -4.4837e-01,
          3.6954e-01],
        [-5.7210e-01,  2.6438e-01, -2.2616e-01, -3.5123e-01,  5.2729e-01,
         -5.7577e-02,  3.5043e-01,  2.5637e-01,  9.9971e-02,  1.0995e-01,
          1.0055e-01, -4.3438e-01, -1.2098e-02,  3.0808e-01,  1.7642e-01,
         -3.3760e-01],
        [ 1.1004e-01, -4.1293e-01,  3.6084e-01,  2.8848e-01, -4.2816e-01,
          2.8315e-01, -3.5360e-01, -4.0148e-01, -3.0748e-01, -5.9816e-03,
          6.2563e-02,  5.4771e-01, -4.1343e-02, -2.8366e-01, -5.2962e-02,
          2.3369e-01],
        [ 4.4595e-01, -1.7502e-01,  3.5167e-01, -6.6663e-02, -6.6064e-01,
          3.6354e-01, -3.4088e-01, -2.6459e-01, -6.3528e-01, -1.0309e-01,
          2.1998e-01,  5.5540e-01,  2.8403e-01, -1.0828e-01, -4.3730e-01,
          1.1948e-01],
        [-3.4254e-01,  4.0348e-01, -3.4331e-01, -1.4886e-01,  2.9731e-01,
         -9.0610e-02,  4.8239e-01,  4.0664e-01,  2.4601e-01,  9.9787e-02,
          4.7827e-03, -3.6140e-01, -1.7967e-01,  9.6519e-02,  3.2688e-01,
         -2.9294e-01],
        [-2.5408e-01,  3.3652e-01, -3.0266e-01, -2.4070e-01,  2.7436e-01,
         -4.3132e-01,  2.8436e-01,  5.0898e-01,  7.1558e-02,  1.0310e-01,
          1.9384e-02, -5.6156e-01, -2.0525e-02,  3.1649e-01,  4.4051e-01,
         -2.4351e-01],
        [ 5.9850e-01, -4.6320e-01,  4.4692e-01,  2.3611e-01, -4.1824e-01,
          2.2372e-01, -6.0950e-01, -5.6950e-02, -1.3879e-01, -1.9078e-01,
         -9.7235e-02,  3.2995e-01, -1.1526e-01, -2.8374e-01, -5.4598e-02,
          4.1571e-01],
        [-2.4282e-01,  3.5272e-01, -1.1312e-01, -2.7720e-01,  4.0077e-01,
         -3.1555e-01,  4.2931e-01,  4.7551e-01,  2.8513e-01, -3.4630e-02,
         -1.6986e-01, -3.9874e-01, -9.6589e-02,  4.6390e-04,  4.8649e-01,
         -3.1118e-01],
        [ 3.6674e-01, -3.7007e-01,  2.6665e-01,  3.0638e-01, -3.1426e-01,
          1.3319e-01, -5.7007e-02, -3.2529e-01, -3.7016e-01, -1.0498e-01,
          2.4672e-01,  1.9179e-01,  4.3921e-02, -3.4366e-01, -6.4145e-01,
          2.8792e-01],
        [ 5.3676e-01, -5.1275e-01,  2.1540e-01,  1.8150e-01, -1.5753e-01,
          7.8906e-02, -5.3292e-01, -3.5423e-01, -3.7270e-01, -5.0132e-02,
          4.4466e-02,  3.3594e-01, -9.0588e-02, -1.1224e-01,  1.7389e-02,
          4.1688e-01],
        [ 3.0122e-01, -1.6451e-01,  4.4291e-01, -1.1426e-01, -4.8062e-01,
          1.6955e-01, -3.7705e-01, -4.8642e-01, -5.4389e-01, -1.8798e-01,
         -7.6131e-02,  5.4822e-01,  2.7254e-01, -1.3815e-01, -3.5888e-01,
          1.3881e-01],
        [ 3.9617e-01, -6.7202e-01,  3.3070e-01,  1.8928e-01, -1.0873e-01,
          2.1330e-01, -2.0192e-01, -3.1403e-01, -5.0853e-01,  9.6654e-02,
          1.9984e-01,  1.4440e-01, -1.0247e-01, -2.2030e-01, -4.5236e-01,
          5.1314e-01],
        [ 1.6809e-01, -4.2352e-01,  1.8969e-01,  3.8280e-01, -3.8018e-01,
          2.0861e-01, -2.0511e-01, -4.6834e-01, -2.8046e-01, -2.3386e-01,
         -2.9152e-01,  2.4315e-01,  1.5446e-01, -3.1580e-02, -5.2094e-01,
          1.8756e-01],
        [ 4.3578e-01, -3.4375e-01,  4.8408e-01, -4.2910e-02, -3.0761e-01,
          3.3558e-01, -6.0312e-01, -1.2428e-01, -4.9346e-01,  7.1038e-02,
         -3.0281e-03,  2.0419e-01,  1.8781e-01, -7.7583e-02, -1.1133e-03,
          5.0903e-01],
        [-5.5537e-01,  4.4679e-01, -1.5575e-01, -3.2598e-02,  4.3585e-01,
         -3.3898e-01,  5.7341e-01,  2.7194e-01,  6.6623e-02,  1.4712e-01,
          1.4729e-01, -3.8576e-01, -1.2075e-03,  1.1967e-01,  1.5780e-01,
         -2.9773e-01],
        [ 4.8393e-01, -3.2270e-01,  2.7887e-01,  1.1473e-01, -4.7158e-01,
          6.8616e-02, -3.5768e-01, -4.8923e-01, -1.5752e-01, -8.6003e-02,
          3.7852e-02,  2.8022e-01,  2.3206e-01, -2.3037e-02, -1.6262e-01,
          4.1725e-01],
        [-4.0484e-01,  4.6953e-01, -4.5532e-01, -8.2492e-02,  2.6979e-02,
         -2.8607e-01,  5.2942e-01,  3.8032e-01,  4.2523e-01,  7.6336e-02,
          2.2896e-01, -1.7665e-01,  2.8400e-03,  3.6290e-01,  1.4023e-01,
         -3.9922e-01],
        [-5.0711e-01,  4.0252e-01, -2.1365e-01, -2.8381e-01,  3.4639e-01,
         -6.0134e-02,  6.3804e-01,  9.8344e-02,  3.4679e-01,  2.8064e-01,
         -1.6547e-01, -1.2495e-01, -2.1680e-01,  1.6445e-01,  1.4128e-01,
         -4.4665e-01],
        [ 1.3700e-01, -2.8903e-01,  3.6849e-01,  2.7732e-01, -1.8332e-01,
          1.1009e-01, -6.3944e-01, -5.4724e-01, -4.5328e-01, -9.8917e-02,
          1.4233e-03,  1.6297e-01, -3.3428e-02, -1.3041e-01, -3.9629e-01,
          3.2183e-01]], device='cuda:0', requires_grad=True)

Parameter name: road_linear_0.bias
Shape: torch.Size([32])
Values: Parameter containing:
tensor([-0.2332,  0.1044,  0.1964, -0.0916,  0.0012, -0.1034,  0.0635,  0.0982,
        -0.2287, -0.0763,  0.0355,  0.0487,  0.1085,  0.0830,  0.0085,  0.0795,
        -0.1477,  0.0720, -0.0254, -0.0938, -0.0046, -0.0375, -0.1203, -0.1525,
        -0.1265,  0.1690,  0.1185,  0.0370, -0.0806, -0.1192,  0.1275, -0.1839],
       device='cuda:0', requires_grad=True)

Parameter name: road_linear_1.weight
Shape: torch.Size([1, 32])
Values: Parameter containing:
tensor([[ 0.6592,  0.6974,  0.6224, -0.6549,  0.7551,  0.7917, -0.6428, -0.7582,
         -0.7035,  0.8062,  0.6589,  0.8098, -0.7032, -0.7670,  0.6931, -0.6780,
         -0.6632,  0.7078,  0.6297, -0.6261,  0.7408, -0.5751, -0.7540, -0.7165,
         -0.7129, -0.7737, -0.6583,  0.7528, -0.7514,  0.7402,  0.6984, -0.6085]],
       device='cuda:0', requires_grad=True)

Parameter name: linear_0.weight
Shape: torch.Size([32, 39])
Values: Parameter containing:
tensor([[ 0.2830,  0.2060, -0.0174,  ...,  0.1033, -0.1833, -0.1137],
        [-0.1099, -0.2109,  0.1744,  ...,  0.0021, -0.4068,  0.0871],
        [ 0.0182,  0.1755,  0.0752,  ...,  0.1518,  0.1414,  0.0345],
        ...,
        [-0.0452, -0.2019,  0.0706,  ..., -0.1365, -0.1842, -0.1180],
        [ 0.0246, -0.0801, -0.0130,  ..., -0.1624,  0.0219,  0.1557],
        [-0.0725,  0.1659, -0.0323,  ..., -0.0517,  0.0319, -0.0509]],
       device='cuda:0', requires_grad=True)

Parameter name: linear_0.bias
Shape: torch.Size([32])
Values: Parameter containing:
tensor([ 0.0501,  0.0638, -0.1548, -0.0525, -0.0562,  0.0401, -0.1263,  0.1097,
        -0.0454,  0.1502,  0.0212, -0.0459, -0.0587,  0.0668, -0.0744, -0.0451,
         0.1082, -0.1389, -0.0471,  0.0506, -0.0803,  0.1435,  0.0984, -0.0596,
         0.0082,  0.1181,  0.0164, -0.1362,  0.0865,  0.1810,  0.0847, -0.1343],
       device='cuda:0', requires_grad=True)

Parameter name: linear_1.weight
Shape: torch.Size([32, 32])
Values: Parameter containing:
tensor([[ 0.1890, -0.2012, -0.1091,  ..., -0.0541, -0.1188,  0.1663],
        [ 0.0518,  0.0044,  0.1475,  ..., -0.0368, -0.0372,  0.2474],
        [-0.1110, -0.0884, -0.1821,  ...,  0.0199,  0.0456,  0.0073],
        ...,
        [-0.0789,  0.0277,  0.0750,  ...,  0.1961, -0.1522,  0.1300],
        [ 0.2428, -0.1068,  0.0863,  ...,  0.0625,  0.1846,  0.0187],
        [ 0.2173, -0.0585,  0.2502,  ...,  0.0807,  0.1031,  0.1091]],
       device='cuda:0', requires_grad=True)

Parameter name: linear_1.bias
Shape: torch.Size([32])
Values: Parameter containing:
tensor([ 5.8937e-02,  2.1666e-02,  5.8651e-02,  2.2838e-02, -7.3881e-02,
        -1.2785e-01,  6.2125e-02, -1.8149e-01,  2.3301e-02, -6.6864e-02,
         2.3242e-01, -1.8637e-01,  7.8818e-02,  1.0182e-01, -2.2358e-01,
        -2.3509e-02, -4.9347e-02, -1.0756e-01, -6.6110e-02, -1.0745e-01,
         1.0097e-01,  2.0006e-01, -1.0513e-01,  2.0845e-01, -1.5039e-01,
        -5.6469e-02,  1.4068e-01, -1.4634e-01, -4.3224e-02,  1.5351e-04,
         4.4854e-04, -6.1089e-02], device='cuda:0', requires_grad=True)

Parameter name: linear_2.weight
Shape: torch.Size([1, 32])
Values: Parameter containing:
tensor([[ 0.3437,  0.2458, -0.3473, -0.3039,  0.2164,  0.2124, -0.2370,  0.2697,
          0.2403, -0.2548, -0.2289,  0.2237,  0.2323, -0.2043,  0.2696,  0.2227,
         -0.3244, -0.3344,  0.1956,  0.2270, -0.2905, -0.2710, -0.3415, -0.1594,
          0.3050,  0.3428, -0.3285,  0.3202, -0.2438, -0.3153,  0.3185,  0.3132]],
       device='cuda:0', requires_grad=True)

Parameter name: linear_2.bias
Shape: torch.Size([1])
Values: Parameter containing:
tensor([-0.1462], device='cuda:0', requires_grad=True)

