Parameter name: road_linear_0.weight
Shape: torch.Size([32, 16])
Values: Parameter containing:
tensor([[-0.3607,  0.5432,  0.0056, -0.0183,  0.3829,  0.2560,  0.4825,  0.1590,
          0.3416,  0.2071,  0.0768, -0.3112, -0.4755, -0.3132,  0.3287,  0.0652],
        [-0.0972, -0.1652,  0.0816, -0.1450,  0.1417,  0.2256,  0.0244,  0.3741,
          0.7564, -0.0651,  0.2922, -0.4681,  0.0678,  0.1344,  0.7418,  0.0863],
        [ 0.2475, -0.3149,  0.4593, -0.1839, -0.4270, -0.4395, -0.3678, -0.6483,
         -0.1739, -0.1053,  0.1786,  0.1716,  0.7690,  0.3693, -0.0712,  0.3525],
        [ 0.0371, -0.0932, -0.1610,  0.1114, -0.1338, -0.1302,  0.0389, -0.2673,
         -0.7381, -0.1526, -0.2217,  0.4960,  0.1746, -0.3699, -0.4930, -0.0712],
        [ 0.0993,  0.2451,  0.0493, -0.1852,  0.2693,  0.0347, -0.0930,  0.5150,
          0.4777,  0.0659,  0.3395, -0.2963,  0.0457, -0.0245,  0.5709,  0.0296],
        [-0.1789,  0.6030, -0.4424,  0.4626,  0.6160,  0.0692,  0.5570,  0.1651,
          0.3746,  0.2436, -0.3551, -0.2515, -0.5094,  0.0846,  0.4067, -0.1675],
        [ 0.1689,  0.0009,  0.1827, -0.0169, -0.1814, -0.1376, -0.0525, -0.4208,
         -0.5773,  0.1966, -0.1355,  0.2075, -0.1075, -0.0064, -0.5423, -0.0393],
        [-0.2337,  0.0844,  0.1487, -0.1938, -0.4706, -0.2167,  0.0140, -0.4513,
         -0.4879, -0.0153, -0.1497,  0.1933,  0.2472, -0.2992, -0.3259,  0.1796],
        [-0.1428,  0.1014,  0.1002, -0.0943, -0.2596, -0.2867, -0.0147, -0.3483,
         -0.3739, -0.0992, -0.3105,  0.2944, -0.1347, -0.0333, -0.7188, -0.0839],
        [-0.1213,  0.0733,  0.0955, -0.1566,  0.2207,  0.1187, -0.0812,  0.4623,
          0.6474, -0.2055,  0.3396, -0.2001, -0.1958,  0.1031,  0.5280, -0.0307],
        [-0.2882,  0.4662,  0.0573, -0.1221,  0.1386,  0.3925,  0.2545,  0.3070,
          0.5872,  0.1301,  0.0556, -0.1686, -0.2937,  0.2368,  0.1714, -0.2410],
        [ 0.0615,  0.0697,  0.1920, -0.0767,  0.3248,  0.0419,  0.2130,  0.3616,
          0.5191,  0.1298,  0.3918, -0.1249, -0.3650, -0.0285,  0.3763, -0.0188],
        [ 0.1715,  0.0042, -0.0283, -0.0402, -0.2535,  0.0501, -0.0022, -0.5366,
         -0.6768,  0.0796, -0.1377,  0.1979, -0.0782, -0.0085, -0.5121, -0.1192],
        [ 0.0208,  0.2088,  0.1558,  0.1477, -0.4518,  0.0166,  0.1057, -0.2894,
         -0.6012,  0.0521, -0.3225,  0.2984,  0.0414, -0.1419, -0.6977,  0.0523],
        [-0.1821, -0.1318,  0.1422, -0.1993,  0.5232,  0.3479, -0.0641,  0.3363,
          0.3460, -0.0351,  0.2292, -0.5040, -0.0019,  0.0914,  0.3849,  0.0235],
        [-0.1683, -0.3090,  0.0608,  0.1650, -0.4427, -0.0100, -0.1501, -0.4955,
         -0.4616,  0.0906, -0.0655,  0.5597,  0.1441, -0.1794, -0.1404, -0.0086],
        [ 0.0632,  0.1328, -0.0586, -0.1472, -0.4450,  0.0372,  0.1041, -0.1857,
         -0.6986,  0.0666,  0.0087,  0.4433,  0.2409,  0.0121, -0.4389, -0.2633],
        [-0.2720,  0.3324, -0.1817,  0.0857,  0.2950,  0.3034,  0.3965,  0.4082,
          0.2184,  0.1991, -0.1172, -0.3539, -0.3028, -0.1265,  0.3314, -0.1184],
        [ 0.3571, -0.4155,  0.1840, -0.3079, -0.5122, -0.4444, -0.5481, -0.1971,
         -0.5808, -0.1219,  0.2254,  0.1408,  0.5470,  0.2684, -0.1153,  0.2427],
        [ 0.4968, -0.3833,  0.3139, -0.1251, -0.6787, -0.3161, -0.6326, -0.2181,
         -0.2543, -0.2702,  0.1379,  0.4622,  0.2508,  0.1235, -0.1564,  0.2508],
        [-0.0273,  0.2113,  0.1350, -0.2096,  0.3252, -0.0812,  0.2388,  0.4994,
          0.3521, -0.1058, -0.0251, -0.3271, -0.1388, -0.0245,  0.4798, -0.1039],
        [-0.0182,  0.0345,  0.0628,  0.3004,  0.2686,  0.1191,  0.2466,  0.2000,
          0.3665,  0.1381,  0.3146, -0.5201, -0.3025, -0.2511,  0.2172,  0.1387],
        [ 0.4820, -0.4447,  0.0885, -0.1839, -0.3127, -0.4561, -0.5519, -0.4411,
         -0.4365, -0.1527,  0.3384,  0.4162,  0.2254,  0.3260, -0.0333,  0.2640],
        [-0.0159,  0.1119,  0.0743, -0.1586, -0.2746, -0.0708,  0.0226, -0.4294,
         -0.6076, -0.0604, -0.2257,  0.4458,  0.1486, -0.1506, -0.4374, -0.2216],
        [ 0.0104, -0.3156, -0.0515,  0.0439, -0.0511, -0.1794,  0.1907, -0.3611,
         -0.7382,  0.2795,  0.0676,  0.1566, -0.0369,  0.0229, -0.5972,  0.1479],
        [-0.1567, -0.0872, -0.1365,  0.2452, -0.2918, -0.1589,  0.1100, -0.5053,
         -0.4769, -0.1278, -0.4011,  0.1995,  0.0915,  0.1078, -0.6355, -0.1042],
        [ 0.4632, -0.2967,  0.4255, -0.4359, -0.5548, -0.2291, -0.7504, -0.2952,
         -0.6074, -0.0694,  0.2872,  0.3217,  0.6310,  0.4015, -0.0698,  0.4356],
        [-0.2034,  0.2469,  0.1793,  0.0850,  0.4705, -0.0145,  0.3073,  0.3627,
          0.2053, -0.0610,  0.2935, -0.4405, -0.2476, -0.0481,  0.2230,  0.0124],
        [ 0.2021, -0.1702, -0.0076, -0.0150, -0.4331, -0.2389, -0.1086, -0.5011,
         -0.2049,  0.0300, -0.0176,  0.2973,  0.4172,  0.1607, -0.1583,  0.1466],
        [-0.4171,  0.4390, -0.3798,  0.3044,  0.2276,  0.2325,  0.6284,  0.5070,
          0.5162,  0.2493,  0.0014, -0.2589, -0.2393,  0.0156,  0.2172, -0.2990],
        [-0.3829,  0.3237, -0.0693,  0.0275,  0.5120,  0.4512,  0.6129,  0.1970,
          0.4172,  0.3080, -0.3968, -0.2195, -0.6333, -0.2714,  0.1555, -0.2779],
        [-0.1504, -0.0254,  0.0295,  0.1110, -0.0851, -0.2292, -0.2600, -0.5425,
         -0.5966, -0.0547, -0.0354,  0.1282, -0.0849,  0.0271, -0.5265,  0.0050]],
       device='cuda:0', requires_grad=True)

Parameter name: road_linear_0.bias
Shape: torch.Size([32])
Values: Parameter containing:
tensor([-0.1252,  0.1350,  0.2064, -0.2134,  0.1822, -0.1675, -0.0262,  0.1468,
        -0.1368,  0.1291, -0.0989,  0.1062, -0.0509, -0.0845,  0.1571, -0.0333,
        -0.1733, -0.1024,  0.2283,  0.1258,  0.0884, -0.1289,  0.1095, -0.1165,
        -0.2104, -0.0323,  0.2326,  0.0231,  0.0444, -0.2578, -0.0927, -0.0599],
       device='cuda:0', requires_grad=True)

Parameter name: road_linear_1.weight
Shape: torch.Size([1, 32])
Values: Parameter containing:
tensor([[ 0.5783,  0.7374, -0.5444, -0.6424,  0.7102,  0.6939, -0.6600, -0.7202,
         -0.6697,  0.7745,  0.5690,  0.7438, -0.6624, -0.8252,  0.6703, -0.6288,
         -0.6858,  0.6450, -0.5066, -0.5354,  0.7866,  0.5538, -0.6509, -0.7480,
         -0.7187, -0.7396, -0.6265,  0.6818, -0.6500,  0.7145,  0.5596, -0.5777]],
       device='cuda:0', requires_grad=True)

Parameter name: linear_0.weight
Shape: torch.Size([32, 39])
Values: Parameter containing:
tensor([[-0.0311,  0.1205,  0.0544,  ...,  0.2016, -0.7475, -0.1137],
        [-0.1426, -0.0311,  0.1434,  ...,  0.0512, -0.6466,  0.0871],
        [ 0.0306, -0.0427,  0.0191,  ...,  0.0665,  0.6945,  0.0345],
        ...,
        [ 0.1395, -0.1548, -0.0424,  ..., -0.1684,  0.3508, -0.1180],
        [ 0.1123, -0.2157, -0.0735,  ..., -0.2322,  0.5208,  0.1557],
        [-0.2291,  0.2086,  0.0703,  ...,  0.0864, -0.6519, -0.0509]],
       device='cuda:0', requires_grad=True)

Parameter name: linear_0.bias
Shape: torch.Size([32])
Values: Parameter containing:
tensor([ 8.7324e-02,  2.5024e-02, -5.8663e-02, -1.3070e-01, -8.7580e-02,
         4.3816e-02, -8.1905e-02,  6.8751e-02, -4.1888e-02,  4.7644e-02,
         5.1246e-02,  1.0730e-02, -2.3813e-02,  1.0925e-01, -1.8562e-02,
        -1.7813e-02,  5.8585e-02, -1.6730e-01, -7.0431e-05,  9.5302e-02,
        -9.9066e-02, -9.4593e-03,  1.2075e-01,  6.6406e-02, -1.0739e-01,
         1.1439e-01,  6.3886e-02, -1.6449e-01,  4.8136e-02,  1.9897e-01,
         1.8014e-01, -1.0078e-01], device='cuda:0', requires_grad=True)

Parameter name: linear_1.weight
Shape: torch.Size([32, 32])
Values: Parameter containing:
tensor([[ 0.1034, -0.2264,  0.0174,  ...,  0.1195, -0.0058,  0.0827],
        [-0.1819, -0.0681,  0.2179,  ...,  0.2133,  0.0074,  0.0524],
        [ 0.1422, -0.0392, -0.2363,  ..., -0.1704, -0.0045,  0.2225],
        ...,
        [ 0.1557,  0.0831,  0.0266,  ...,  0.0511, -0.2370,  0.3773],
        [ 0.0645, -0.2407,  0.1747,  ...,  0.3498,  0.2762, -0.1054],
        [ 0.0230, -0.1421,  0.2991,  ...,  0.2804,  0.1448, -0.0418]],
       device='cuda:0', requires_grad=True)

Parameter name: linear_1.bias
Shape: torch.Size([32])
Values: Parameter containing:
tensor([ 0.1634,  0.2025, -0.0594, -0.1705,  0.0414,  0.0011, -0.1040,  0.0808,
         0.2330, -0.1692,  0.1373, -0.1177,  0.2591,  0.0692, -0.0480,  0.2333,
         0.0867, -0.1988,  0.0611,  0.0820, -0.0999,  0.0622, -0.2278,  0.2369,
         0.0203, -0.0259,  0.0906, -0.0050, -0.2088, -0.0711,  0.2231,  0.0680],
       device='cuda:0', requires_grad=True)

Parameter name: linear_2.weight
Shape: torch.Size([1, 32])
Values: Parameter containing:
tensor([[ 1.2556,  1.1887, -1.2808, -1.2184,  1.1174,  1.1280, -1.1779,  1.0616,
          1.1305, -1.2484, -1.1394,  1.1170,  1.1220,  1.1671,  1.1360,  1.1073,
         -1.2281, -1.2799,  1.1512,  1.1103, -1.1641, -1.1946, -1.3076,  1.1341,
          1.2205,  1.2546, -1.2739,  1.2619, -1.1634, -1.2899,  1.1561,  1.2510]],
       device='cuda:0', requires_grad=True)

Parameter name: linear_2.bias
Shape: torch.Size([1])
Values: Parameter containing:
tensor([0.9813], device='cuda:0', requires_grad=True)

