Parameter name: road_linear_0.weight
Shape: torch.Size([32, 16])
Values: Parameter containing:
tensor([[-0.3023,  0.4774,  0.0672, -0.0554,  0.3570,  0.2007,  0.3828,  0.1464,
          0.3760,  0.1779,  0.1109, -0.3106, -0.4025, -0.2772,  0.3861,  0.1050],
        [-0.1130, -0.1529,  0.0581, -0.1202,  0.1423,  0.2338,  0.0507,  0.3470,
          0.7190, -0.0429,  0.2565, -0.4524,  0.0517,  0.1111,  0.6956,  0.0640],
        [ 0.1509, -0.2123,  0.3595, -0.1144, -0.3402, -0.3584, -0.2125, -0.6177,
         -0.1889, -0.0445,  0.1211,  0.1449,  0.6415,  0.2967, -0.1099,  0.2743],
        [ 0.0631, -0.1175, -0.1295,  0.0797, -0.1451, -0.1462,  0.0040, -0.2418,
         -0.6996, -0.1826, -0.1790,  0.4870,  0.2006, -0.3387, -0.4490, -0.0417],
        [ 0.0695,  0.2752,  0.0159, -0.1525,  0.2851,  0.0517, -0.0560,  0.4932,
          0.4392,  0.0985,  0.2957, -0.2949,  0.0165, -0.0582,  0.5325, -0.0016],
        [-0.0846,  0.5100, -0.3406,  0.3904,  0.5527, -0.0030,  0.4099,  0.1445,
          0.3980,  0.1862, -0.2978, -0.2426, -0.3990,  0.1559,  0.4641, -0.0903],
        [ 0.2046, -0.0296,  0.2228, -0.0566, -0.2055, -0.1654, -0.0927, -0.4010,
         -0.5457,  0.1612, -0.0852,  0.2091, -0.0712,  0.0331, -0.5129, -0.0030],
        [-0.2082,  0.0642,  0.1825, -0.2296, -0.5024, -0.2444, -0.0175, -0.4368,
         -0.4734, -0.0435, -0.1106,  0.1945,  0.2751, -0.2675, -0.3061,  0.2089],
        [-0.1093,  0.0728,  0.1384, -0.1317, -0.2713, -0.3081, -0.0560, -0.3193,
         -0.3303, -0.1339, -0.2594,  0.2840, -0.1018,  0.0043, -0.6717, -0.0486],
        [-0.1440,  0.0930,  0.0658, -0.1263,  0.2307,  0.1338, -0.0488,  0.4373,
          0.6090, -0.1776,  0.3005, -0.1910, -0.2183,  0.0743,  0.4851, -0.0580],
        [-0.2603,  0.4284,  0.0692, -0.1205,  0.1596,  0.3835,  0.2205,  0.3020,
          0.6211,  0.1216,  0.0645, -0.1659, -0.2610,  0.2447,  0.1963, -0.2306],
        [ 0.0306,  0.0973,  0.1550, -0.0392,  0.3547,  0.0662,  0.2517,  0.3424,
          0.4910,  0.1636,  0.3469, -0.1239, -0.3959, -0.0643,  0.3456, -0.0515],
        [ 0.2077, -0.0291,  0.0113, -0.0787, -0.2737,  0.0260, -0.0437, -0.5145,
         -0.6393,  0.0433, -0.0873,  0.1993, -0.0422,  0.0310, -0.4774, -0.0827],
        [ 0.0440,  0.1899,  0.1864,  0.1169, -0.4576,  0.0019,  0.0725, -0.2615,
         -0.5618,  0.0245, -0.2813,  0.2848,  0.0645, -0.1123, -0.6501,  0.0801],
        [-0.2142, -0.1018,  0.1056, -0.1635,  0.5424,  0.3711, -0.0243,  0.3136,
          0.3097, -0.0014,  0.1820, -0.5008, -0.0349,  0.0557,  0.3460, -0.0099],
        [-0.1407, -0.3379,  0.0917,  0.1324, -0.4830, -0.0338, -0.1803, -0.4851,
         -0.4476,  0.0605, -0.0265,  0.5707,  0.1727, -0.1484, -0.1314,  0.0203],
        [ 0.0970,  0.1030, -0.0191, -0.1866, -0.4603,  0.0132,  0.0616, -0.1577,
         -0.6506,  0.0311,  0.0607,  0.4332,  0.2753,  0.0509, -0.3932, -0.2271],
        [-0.2039,  0.2576, -0.1196,  0.0486,  0.2740,  0.2570,  0.2940,  0.4010,
          0.2589,  0.1627, -0.0768, -0.3493, -0.2248, -0.0836,  0.3844, -0.0732],
        [ 0.2538, -0.3060,  0.0828, -0.2394, -0.4324, -0.3667, -0.3927, -0.1667,
         -0.6030, -0.0560,  0.1638,  0.1115,  0.4143,  0.1915, -0.1560,  0.1610],
        [ 0.4095, -0.2973,  0.2172, -0.0551, -0.5828, -0.2351, -0.4848, -0.1831,
         -0.2554, -0.2208,  0.0882,  0.4405,  0.1430,  0.0587, -0.1937,  0.1775],
        [-0.0539,  0.2377,  0.1049, -0.1777,  0.3670, -0.0552,  0.2668,  0.4937,
          0.3485, -0.0773, -0.0606, -0.3448, -0.1688, -0.0554,  0.4824, -0.1318],
        [-0.0108,  0.0156,  0.0573,  0.3154,  0.2772,  0.1113,  0.2349,  0.1819,
          0.3741,  0.1448,  0.3037, -0.5106, -0.2872, -0.2606,  0.2156,  0.1335],
        [ 0.3885, -0.3484, -0.0071, -0.1171, -0.2291, -0.3792, -0.4040, -0.4136,
         -0.4500, -0.0965,  0.2821,  0.3930,  0.1080,  0.2568, -0.0724,  0.1889],
        [ 0.0195,  0.0784,  0.1127, -0.1963, -0.2931, -0.0939, -0.0199, -0.4038,
         -0.5643, -0.0968, -0.1748,  0.4403,  0.1837, -0.1124, -0.3952, -0.1856],
        [ 0.0429, -0.3439, -0.0124,  0.0049, -0.0700, -0.2055,  0.1491, -0.3366,
         -0.6965,  0.2451,  0.1166,  0.1514, -0.0031,  0.0607, -0.5557,  0.1832],
        [-0.1277, -0.1168, -0.1020,  0.2120, -0.3090, -0.1791,  0.0723, -0.4885,
         -0.4417, -0.1597, -0.3587,  0.2029,  0.1222,  0.1413, -0.6003, -0.0736],
        [ 0.3678, -0.1986,  0.3158, -0.3537, -0.4400, -0.1324, -0.5899, -0.2421,
         -0.5925, -0.0053,  0.2354,  0.2795,  0.4897,  0.3237, -0.0908,  0.3461],
        [-0.2053,  0.2434,  0.1655,  0.1054,  0.5064, -0.0048,  0.3114,  0.3548,
          0.2166, -0.0485,  0.2776, -0.4420, -0.2493, -0.0622,  0.2251,  0.0011],
        [ 0.1724, -0.1300, -0.0180, -0.0181, -0.4559, -0.2338, -0.0772, -0.4960,
         -0.2390,  0.0396, -0.0268,  0.2912,  0.3854,  0.1518, -0.1777,  0.1360],
        [-0.3333,  0.3555, -0.2858,  0.2377,  0.1553,  0.1583,  0.4854,  0.4863,
          0.5313,  0.2017,  0.0530, -0.2476, -0.1352,  0.0779,  0.2670, -0.2306],
        [-0.2870,  0.2225,  0.0303, -0.0414,  0.4204,  0.3669,  0.4617,  0.1597,
          0.4274,  0.2493, -0.3413, -0.1906, -0.5069, -0.1999,  0.1931, -0.2003],
        [-0.1166, -0.0551,  0.0685,  0.0720, -0.1131, -0.2577, -0.3001, -0.5225,
         -0.5662, -0.0892,  0.0138,  0.1291, -0.0492,  0.0652, -0.4978,  0.0402]],
       device='cuda:0', requires_grad=True)

Parameter name: road_linear_0.bias
Shape: torch.Size([32])
Values: Parameter containing:
tensor([-0.1039,  0.1384,  0.1876, -0.2013,  0.1651, -0.1515, -0.0158,  0.1250,
        -0.1190,  0.1291, -0.0398,  0.1108, -0.0282, -0.0844,  0.1396, -0.0286,
        -0.1636, -0.0632,  0.1978,  0.1248,  0.0868, -0.0894,  0.0929, -0.0971,
        -0.2071, -0.0251,  0.2344,  0.0623, -0.0237, -0.2533, -0.0738, -0.0563],
       device='cuda:0', requires_grad=True)

Parameter name: road_linear_1.weight
Shape: torch.Size([1, 32])
Values: Parameter containing:
tensor([[ 0.5031,  0.6607, -0.4359, -0.5623,  0.6320,  0.6018, -0.5747, -0.6448,
         -0.5794,  0.6934,  0.4968,  0.6632, -0.5749, -0.7370,  0.5914, -0.5670,
         -0.5993,  0.5698, -0.4100, -0.4436,  0.7182,  0.4957, -0.5550, -0.6650,
         -0.6321, -0.6620, -0.5142,  0.6254, -0.5824,  0.6228,  0.4637, -0.5011]],
       device='cuda:0', requires_grad=True)

Parameter name: linear_0.weight
Shape: torch.Size([32, 39])
Values: Parameter containing:
tensor([[-0.0218,  0.0980,  0.0536,  ...,  0.1903, -0.5039, -0.1137],
        [-0.1383, -0.0366,  0.1390,  ...,  0.0544, -0.4771,  0.0871],
        [ 0.0268, -0.0390,  0.0235,  ...,  0.0638,  0.4636,  0.0345],
        ...,
        [ 0.1396, -0.1577, -0.0404,  ..., -0.1699,  0.1897, -0.1180],
        [ 0.1127, -0.2140, -0.0743,  ..., -0.2302,  0.3351,  0.1557],
        [-0.2150,  0.1757,  0.0681,  ...,  0.0820, -0.4563, -0.0509]],
       device='cuda:0', requires_grad=True)

Parameter name: linear_0.bias
Shape: torch.Size([32])
Values: Parameter containing:
tensor([ 0.0849,  0.0286, -0.0623, -0.1364, -0.0841,  0.0402, -0.0849,  0.0715,
        -0.0389,  0.0480,  0.0506,  0.0176, -0.0248,  0.1053, -0.0233, -0.0168,
         0.0520, -0.1652, -0.0014,  0.0921, -0.0936, -0.0011,  0.1181,  0.0533,
        -0.1096,  0.1120,  0.0587, -0.1511,  0.0457,  0.1973,  0.1817, -0.1031],
       device='cuda:0', requires_grad=True)

Parameter name: linear_1.weight
Shape: torch.Size([32, 32])
Values: Parameter containing:
tensor([[ 0.0924, -0.2158, -0.0026,  ...,  0.1068, -0.0041,  0.0628],
        [-0.1907, -0.0593,  0.1985,  ...,  0.2023,  0.0100,  0.0358],
        [ 0.1296, -0.0288, -0.2404,  ..., -0.1795, -0.0169,  0.2081],
        ...,
        [ 0.1369,  0.0889,  0.0279,  ...,  0.0426, -0.2256,  0.3216],
        [ 0.0454, -0.2205,  0.1441,  ...,  0.3281,  0.2691, -0.1352],
        [ 0.0147, -0.1345,  0.2824,  ...,  0.2704,  0.1495, -0.0594]],
       device='cuda:0', requires_grad=True)

Parameter name: linear_1.bias
Shape: torch.Size([32])
Values: Parameter containing:
tensor([ 0.1516,  0.1928, -0.0691, -0.1572,  0.0400, -0.0042, -0.0989,  0.0588,
         0.2134, -0.1777,  0.1391, -0.1920,  0.2419,  0.0729, -0.0647,  0.2135,
         0.0050, -0.1939,  0.0659,  0.0698, -0.0844,  0.0625, -0.2369,  0.2296,
         0.0124, -0.0948,  0.0814,  0.0117, -0.1978, -0.0820,  0.2028,  0.0588],
       device='cuda:0', requires_grad=True)

Parameter name: linear_2.weight
Shape: torch.Size([1, 32])
Values: Parameter containing:
tensor([[ 1.0447,  0.9716, -1.0308, -1.0102,  0.8783,  0.8950, -0.9461,  0.8624,
          0.9288, -0.9962, -0.9086,  0.9152,  0.9119,  0.9213,  0.9354,  0.9091,
         -1.0287, -1.0535,  0.9071,  0.8972, -0.9574, -0.9553, -1.0599,  0.9122,
          0.9988,  1.0367, -1.0313,  1.0096, -0.9500, -1.0510,  0.9580,  1.0307]],
       device='cuda:0', requires_grad=True)

Parameter name: linear_2.bias
Shape: torch.Size([1])
Values: Parameter containing:
tensor([0.7853], device='cuda:0', requires_grad=True)

