Parameter name: road_linear_0.weight
Shape: torch.Size([32, 16])
Values: Parameter containing:
tensor([[-2.8335e-01,  4.5627e-01,  6.7308e-02, -5.1018e-02,  2.5255e-01,
          1.5996e-01,  3.5689e-01,  5.6471e-02,  2.9461e-01,  1.8827e-01,
          4.9293e-02, -2.1479e-01, -3.8291e-01, -3.1770e-01,  3.4795e-01,
          1.0339e-01],
        [-1.7413e-01, -7.3110e-02, -1.4737e-02, -5.8921e-02,  5.8389e-02,
          2.2427e-01,  1.4144e-01,  2.0148e-01,  4.8034e-01,  4.0152e-02,
          1.3026e-01, -2.7972e-01, -2.4438e-04,  2.3425e-02,  5.0268e-01,
         -5.7420e-03],
        [ 3.7930e-02, -1.1714e-01,  3.0906e-01, -8.9801e-02, -1.8936e-01,
         -3.1462e-01, -9.7667e-02, -5.0614e-01, -9.2764e-02, -5.4405e-03,
          8.0033e-02,  1.6544e-02,  4.9249e-01,  2.7273e-01, -4.0104e-02,
          2.1947e-01],
        [ 1.6090e-01, -2.3220e-01, -3.2351e-02, -3.9376e-04, -1.0878e-01,
         -1.5321e-01, -1.1354e-01, -1.3078e-01, -4.7867e-01, -2.9111e-01,
         -1.4287e-02,  3.6961e-01,  3.0834e-01, -2.1811e-01, -2.8555e-01,
          5.2489e-02],
        [-3.1192e-02,  3.9812e-01, -8.1790e-02, -7.3902e-02,  2.5756e-01,
          5.4616e-02,  5.7766e-02,  3.9538e-01,  2.4528e-01,  2.0758e-01,
          1.2997e-01, -2.0249e-01, -9.2786e-02, -1.8250e-01,  3.8717e-01,
         -9.6137e-02],
        [ 1.3179e-02,  4.3841e-01, -2.8851e-01,  3.6137e-01,  4.2199e-01,
         -5.0959e-02,  3.0576e-01,  4.4873e-02,  3.4835e-01,  1.4620e-01,
         -2.9472e-01, -1.3828e-01, -3.1123e-01,  1.6607e-01,  4.3945e-01,
         -4.2406e-02],
        [ 2.8517e-01, -8.9360e-02,  3.0576e-01, -1.2345e-01, -1.3889e-01,
         -1.7460e-01, -1.8311e-01, -3.0140e-01, -3.5378e-01,  7.1284e-02,
          5.7126e-02,  9.9919e-02, -6.1532e-03,  1.4551e-01, -3.8930e-01,
          7.5103e-02],
        [-1.4251e-01,  3.9703e-02,  2.5926e-01, -2.9333e-01, -4.2664e-01,
         -2.6357e-01, -9.6930e-02, -3.3794e-01, -3.0348e-01, -1.2385e-01,
          1.0523e-02,  8.0343e-02,  3.1434e-01, -1.6446e-01, -1.9003e-01,
          2.7774e-01],
        [-2.7459e-02, -8.6334e-04,  2.2891e-01, -2.0767e-01, -1.7994e-01,
         -3.2082e-01, -1.6675e-01, -1.8205e-01, -8.1655e-02, -2.3327e-01,
         -1.0696e-01,  1.1890e-01, -2.8347e-02,  1.1403e-01, -4.9703e-01,
          3.5171e-02],
        [-2.2693e-01,  1.9764e-01, -2.0767e-02, -5.4780e-02,  1.7378e-01,
          1.3329e-01,  5.5273e-02,  3.1274e-01,  3.8097e-01, -8.1567e-02,
          1.5092e-01, -5.5845e-02, -3.0468e-01, -3.2915e-02,  3.1417e-01,
         -1.4156e-01],
        [-2.8976e-01,  4.2177e-01,  2.0946e-02, -7.7779e-02,  6.7384e-02,
          3.8588e-01,  2.6073e-01,  2.0289e-01,  4.7893e-01,  1.7551e-01,
         -2.5160e-02, -5.1841e-02, -2.6341e-01,  1.6867e-01,  1.0074e-01,
         -2.7169e-01],
        [-3.9985e-02,  1.4585e-01,  7.3302e-02,  2.9672e-02,  2.6326e-01,
          8.0353e-02,  3.4640e-01,  2.1724e-01,  2.7185e-01,  2.5340e-01,
          2.0635e-01,  2.1800e-02, -4.5163e-01, -1.6863e-01,  1.9473e-01,
         -1.2555e-01],
        [ 3.0178e-01, -1.2806e-01,  1.0072e-01, -1.4906e-01, -2.3042e-01,
          2.4089e-02, -1.4049e-01, -4.2753e-01, -4.6264e-01, -5.3631e-02,
          7.1499e-02,  1.1515e-01,  5.0664e-02,  1.5298e-01, -3.6211e-01,
          5.0590e-03],
        [ 1.3123e-01,  8.5488e-02,  2.7649e-01,  4.2079e-02, -3.9825e-01,
          3.0187e-03, -3.6398e-02, -1.3786e-01, -3.2946e-01, -7.5371e-02,
         -1.2528e-01,  1.4679e-01,  1.5454e-01, -4.4745e-05, -4.7935e-01,
          1.6719e-01],
        [-2.9861e-01, -1.4250e-02,  1.6579e-02, -9.0384e-02,  4.7541e-01,
          3.8422e-01,  8.4372e-02,  1.9086e-01,  8.2566e-02,  9.6595e-02,
          3.1354e-02, -3.5890e-01, -1.2023e-01, -5.3604e-02,  1.8439e-01,
         -9.2924e-02],
        [-7.4818e-02, -4.1484e-01,  1.5789e-01,  8.1486e-02, -4.3682e-01,
         -2.6030e-02, -2.4597e-01, -4.1267e-01, -3.2013e-01, -1.1744e-02,
          1.0823e-01,  5.0003e-01,  2.4641e-01, -4.9278e-02, -5.6341e-02,
          8.4149e-02],
        [ 1.9365e-01,  2.1270e-02,  7.9894e-02, -2.6939e-01, -4.0056e-01,
          6.5562e-04, -5.3335e-02, -4.0581e-02, -4.1725e-01, -7.8088e-02,
          2.2538e-01,  3.0326e-01,  3.6314e-01,  1.7595e-01, -2.3613e-01,
         -1.3353e-01],
        [-1.8985e-01,  2.2076e-01, -1.3181e-01,  6.5292e-02,  1.8318e-01,
          2.4743e-01,  2.8060e-01,  3.1922e-01,  1.8613e-01,  1.8218e-01,
         -1.2439e-01, -2.5490e-01, -1.9585e-01, -1.2678e-01,  3.3565e-01,
         -8.2487e-02],
        [ 1.6285e-01, -2.1156e-01,  6.1083e-02, -2.3986e-01, -2.8785e-01,
         -3.4015e-01, -3.1121e-01, -4.6278e-02, -4.9615e-01, -4.0772e-02,
          1.3397e-01, -2.3986e-02,  2.6964e-01,  1.9178e-01, -6.6027e-02,
          1.2768e-01],
        [ 3.1466e-01, -2.1138e-01,  1.8509e-01, -4.3128e-02, -4.2068e-01,
         -1.9881e-01, -3.9199e-01, -5.8225e-02, -1.5548e-01, -1.9749e-01,
          6.7010e-02,  3.0838e-01,  2.0221e-02,  6.0871e-02, -1.0862e-01,
          1.3899e-01],
        [-1.2076e-01,  3.2250e-01,  4.2644e-02, -1.3006e-01,  3.4170e-01,
         -6.1460e-02,  3.2841e-01,  4.4047e-01,  2.4880e-01, -8.5203e-03,
         -1.9517e-01, -3.0146e-01, -2.5560e-01, -1.5163e-01,  4.3855e-01,
         -1.9505e-01],
        [-4.1508e-02,  3.4962e-03,  1.7934e-03,  3.6550e-01,  1.3466e-01,
          1.0086e-01,  2.8557e-01,  4.6431e-02,  1.7218e-01,  2.0669e-01,
          1.9858e-01, -3.5809e-01, -2.6806e-01, -3.4337e-01,  7.6668e-02,
          8.7386e-02],
        [ 3.0285e-01, -2.6213e-01, -3.1176e-02, -1.1230e-01, -8.7052e-02,
         -3.5504e-01, -3.2277e-01, -3.0150e-01, -3.5764e-01, -7.9184e-02,
          2.5977e-01,  2.6779e-01, -1.4899e-02,  2.5949e-01,  5.2852e-03,
          1.5673e-01],
        [ 1.2181e-01, -2.5378e-03,  2.1362e-01, -2.7887e-01, -2.5535e-01,
         -1.1876e-01, -1.3626e-01, -3.0758e-01, -3.7441e-01, -2.0736e-01,
         -1.6665e-02,  3.3801e-01,  2.7781e-01,  1.5271e-02, -2.6000e-01,
         -9.0001e-02],
        [ 1.3526e-01, -4.3647e-01,  7.9091e-02, -7.0089e-02, -1.6843e-02,
         -2.1005e-01,  4.2791e-02, -2.2897e-01, -4.7125e-01,  1.4392e-01,
          2.7881e-01,  3.6374e-02,  8.9198e-02,  1.7957e-01, -4.0930e-01,
          2.7192e-01],
        [-1.6800e-02, -2.5362e-01,  2.9609e-03,  1.2819e-01, -3.1043e-01,
         -1.8754e-01, -4.7847e-02, -4.1303e-01, -2.6929e-01, -2.7580e-01,
         -1.8880e-01,  1.5062e-01,  2.4678e-01,  2.7250e-01, -4.6758e-01,
          2.8439e-02],
        [ 1.8543e-01, -1.0386e-01,  2.2027e-01, -2.9820e-01, -2.5630e-01,
         -6.2584e-02, -4.0388e-01, -1.0042e-01, -4.7039e-01,  7.1218e-02,
          1.5408e-01,  1.4045e-01,  2.9944e-01,  2.5479e-01, -1.8220e-03,
          2.4384e-01],
        [-2.5090e-01,  2.6848e-01,  1.0658e-01,  1.5468e-01,  4.0785e-01,
         -8.2140e-03,  3.7155e-01,  2.4631e-01,  5.6466e-02,  1.6764e-02,
          1.6149e-01, -3.1898e-01, -2.7882e-01, -1.5032e-01,  1.1409e-01,
         -5.0957e-02],
        [ 2.0136e-01, -1.1767e-01,  3.3128e-02, -6.4083e-02, -3.6282e-01,
         -2.4333e-01, -1.2290e-01, -3.9498e-01, -9.2833e-02, -1.6439e-02,
          6.1051e-02,  1.7234e-01,  3.8438e-01,  2.2742e-01, -7.5890e-02,
          1.7814e-01],
        [-2.4487e-01,  2.8117e-01, -2.4674e-01,  2.1632e-01,  2.1421e-02,
          1.1926e-01,  3.9215e-01,  3.9067e-01,  4.6687e-01,  1.6945e-01,
          6.2655e-02, -1.4014e-01, -4.0173e-02,  8.1174e-02,  2.2564e-01,
         -1.9126e-01],
        [-2.0009e-01,  1.3006e-01,  5.4903e-02, -4.3807e-02,  2.7264e-01,
          3.3674e-01,  3.8295e-01,  3.7364e-02,  3.1646e-01,  2.3524e-01,
         -3.1376e-01, -5.4390e-02, -3.6228e-01, -1.9775e-01,  1.0341e-01,
         -1.6551e-01],
        [-3.7162e-02, -1.0809e-01,  1.5434e-01,  1.4927e-03, -5.2258e-02,
         -2.7821e-01, -3.9577e-01, -4.2014e-01, -3.7266e-01, -1.8235e-01,
          1.5186e-01,  1.3823e-02,  1.4690e-02,  1.7712e-01, -3.6730e-01,
          1.1934e-01]], device='cuda:0', requires_grad=True)

Parameter name: road_linear_0.bias
Shape: torch.Size([32])
Values: Parameter containing:
tensor([-0.1126,  0.0289,  0.1011, -0.0625,  0.0105, -0.0952,  0.0836,  0.1481,
        -0.0359, -0.0098, -0.0275,  0.0638,  0.1285,  0.0518,  0.0278,  0.0856,
        -0.0727, -0.0187,  0.0997,  0.0487, -0.0387, -0.0767,  0.0055, -0.0003,
        -0.0776,  0.1430,  0.1683,  0.0275, -0.0574, -0.1992,  0.0226,  0.0068],
       device='cuda:0', requires_grad=True)

Parameter name: road_linear_1.weight
Shape: torch.Size([1, 32])
Values: Parameter containing:
tensor([[ 0.3032,  0.4075, -0.2678, -0.3136,  0.3892,  0.4263, -0.3390, -0.4308,
         -0.3408,  0.4429,  0.2962,  0.4403, -0.3247, -0.4738,  0.3531, -0.3453,
         -0.3571,  0.3797, -0.2592, -0.2877,  0.4913,  0.3187, -0.3960, -0.4286,
         -0.3885, -0.4257, -0.3567,  0.4152, -0.3880,  0.4405,  0.3154, -0.2821]],
       device='cuda:0', requires_grad=True)

Parameter name: linear_0.weight
Shape: torch.Size([32, 39])
Values: Parameter containing:
tensor([[-0.0449,  0.1199,  0.0751,  ...,  0.1383, -0.2024, -0.1137],
        [-0.1442, -0.0242,  0.1356,  ...,  0.0585, -0.2456,  0.0871],
        [ 0.0340, -0.0529,  0.0261,  ...,  0.0638,  0.1870,  0.0345],
        ...,
        [ 0.1440, -0.1723, -0.0321,  ..., -0.1814, -0.0396, -0.1180],
        [ 0.1245, -0.2327, -0.0759,  ..., -0.2284,  0.0772,  0.1557],
        [-0.2222,  0.1785,  0.0769,  ...,  0.0575, -0.1939, -0.0509]],
       device='cuda:0', requires_grad=True)

Parameter name: linear_0.bias
Shape: torch.Size([32])
Values: Parameter containing:
tensor([ 0.0659,  0.0360, -0.0691, -0.1402, -0.0771,  0.0520, -0.0934,  0.0585,
        -0.0390,  0.0499,  0.0275,  0.0156, -0.0197,  0.0983, -0.0341, -0.0104,
         0.0477, -0.1604, -0.0180,  0.0779, -0.0784,  0.0141,  0.1126,  0.0310,
        -0.1020,  0.1059,  0.0522, -0.1283,  0.0417,  0.1844,  0.1790, -0.1109],
       device='cuda:0', requires_grad=True)

Parameter name: linear_1.weight
Shape: torch.Size([32, 32])
Values: Parameter containing:
tensor([[ 0.0854, -0.1898, -0.0844,  ...,  0.0855, -0.0219,  0.0584],
        [-0.1999, -0.0349,  0.1220,  ...,  0.1818, -0.0067,  0.0299],
        [ 0.1292, -0.0409, -0.1886,  ..., -0.1712, -0.0090,  0.2025],
        ...,
        [ 0.1395,  0.0734,  0.0684,  ...,  0.0526, -0.2022,  0.3002],
        [ 0.0309, -0.1760,  0.0429,  ...,  0.2905,  0.2351, -0.1493],
        [ 0.0092, -0.1189,  0.2261,  ...,  0.2578,  0.1433, -0.0665]],
       device='cuda:0', requires_grad=True)

Parameter name: linear_1.bias
Shape: torch.Size([32])
Values: Parameter containing:
tensor([ 0.1317,  0.1735, -0.0613, -0.1378,  0.0258, -0.0220, -0.0846,  0.0232,
         0.1851, -0.1661,  0.1378, -0.1494,  0.2188,  0.0584, -0.0937,  0.1786,
        -0.0907, -0.1786,  0.0570,  0.0510, -0.0605,  0.0738, -0.2245,  0.2126,
        -0.0057, -0.0572,  0.0865,  0.0101, -0.1769, -0.0769,  0.1678,  0.0448],
       device='cuda:0', requires_grad=True)

Parameter name: linear_2.weight
Shape: torch.Size([1, 32])
Values: Parameter containing:
tensor([[ 0.5620,  0.4824, -0.5375, -0.5337,  0.3820,  0.3990, -0.4538,  0.3996,
          0.4618, -0.4978, -0.4199,  0.4387,  0.4370,  0.4241,  0.4680,  0.4479,
         -0.5552, -0.5640,  0.4141,  0.4159, -0.4822, -0.4640, -0.5595,  0.4219,
          0.5067,  0.5592, -0.5348,  0.5242, -0.4637, -0.5521,  0.4981,  0.5457]],
       device='cuda:0', requires_grad=True)

Parameter name: linear_2.bias
Shape: torch.Size([1])
Values: Parameter containing:
tensor([0.3337], device='cuda:0', requires_grad=True)

