Parameter name: road_linear_0.weight
Shape: torch.Size([32, 16])
Values: Parameter containing:
tensor([[-0.3387,  0.4033, -0.0289,  0.0076,  0.1399,  0.1960,  0.3011, -0.0455,
          0.1805,  0.2802,  0.0037, -0.1667, -0.3003, -0.3801,  0.2157,  0.0430],
        [-0.2559, -0.0567, -0.1098,  0.0046, -0.0311,  0.2584,  0.1468,  0.1460,
          0.3882,  0.1439,  0.0140, -0.2635,  0.0154, -0.0563,  0.3285, -0.0883],
        [ 0.0883, -0.0503,  0.3912, -0.1379, -0.0588, -0.3634, -0.0305, -0.4022,
          0.0564, -0.0879,  0.1052, -0.0530,  0.3954,  0.3300,  0.1058,  0.2729],
        [ 0.2737, -0.2258,  0.0903, -0.0868, -0.0347, -0.2043, -0.1317, -0.0744,
         -0.4014, -0.4138,  0.0898,  0.3605,  0.2923, -0.1094, -0.1624,  0.1619],
        [-0.0930,  0.3646, -0.1727, -0.0189,  0.1396,  0.0879,  0.0117,  0.2964,
          0.1239,  0.3012,  0.0559, -0.1559, -0.0274, -0.2445,  0.2345, -0.1593],
        [ 0.0010,  0.3785, -0.3578,  0.4038,  0.3003, -0.0285,  0.2245, -0.0610,
          0.2266,  0.2131, -0.3186, -0.0760, -0.2173,  0.1363,  0.3173, -0.0741],
        [ 0.3736, -0.0530,  0.4156, -0.1961, -0.0431, -0.2218, -0.1625, -0.2216,
         -0.2465, -0.0345,  0.1229,  0.0625, -0.0644,  0.2321, -0.2648,  0.1620],
        [-0.0551,  0.0819,  0.3673, -0.3660, -0.3245, -0.3131, -0.0736, -0.2572,
         -0.1931, -0.2299,  0.0685,  0.0401,  0.2552, -0.0790, -0.0646,  0.3645],
        [ 0.0421,  0.0247,  0.3127, -0.2606, -0.0457, -0.3604, -0.1500, -0.0959,
          0.0513, -0.3277, -0.0065,  0.0627, -0.0718,  0.1839, -0.3201,  0.1067],
        [-0.2880,  0.1800, -0.1031, -0.0056,  0.0561,  0.1623,  0.0219,  0.2202,
          0.2528,  0.0065,  0.0559, -0.0056, -0.2473, -0.0928,  0.1396, -0.2051],
        [-0.3570,  0.3631, -0.0690, -0.0218, -0.0622,  0.4365,  0.2113,  0.1062,
          0.3377,  0.2687, -0.0747,  0.0058, -0.1843,  0.0999, -0.0463, -0.3394],
        [-0.1288,  0.1210, -0.0318,  0.1022,  0.1487,  0.1284,  0.3410,  0.1368,
          0.1488,  0.3615,  0.1044,  0.0633, -0.4064, -0.2602,  0.0484, -0.2171],
        [ 0.3412, -0.0744,  0.1794, -0.1905, -0.1041,  0.0007, -0.0698, -0.3147,
         -0.3225, -0.1298,  0.1206,  0.0494, -0.0449,  0.1948, -0.2121,  0.0470],
        [ 0.2143,  0.0931,  0.3784, -0.0250, -0.3030, -0.0325, -0.0258, -0.0631,
         -0.2110, -0.1798, -0.0213,  0.1142,  0.1143,  0.0813, -0.3310,  0.2509],
        [-0.3848, -0.0240, -0.0810, -0.0260,  0.3662,  0.4287,  0.0868,  0.1169,
         -0.0328,  0.2012, -0.0727, -0.3204, -0.0891, -0.1386,  0.0229, -0.1769],
        [-0.0559, -0.3578,  0.2215,  0.0540, -0.2924, -0.0383, -0.1548, -0.2827,
         -0.1734, -0.0770,  0.1497,  0.4178,  0.1385, -0.0242,  0.1047,  0.1070],
        [ 0.3218,  0.0293,  0.2110, -0.3700, -0.3385, -0.0533, -0.0825,  0.0094,
         -0.3562, -0.2079,  0.3266,  0.2951,  0.3535,  0.3027, -0.1303, -0.0133],
        [-0.2996,  0.1870, -0.2564,  0.1566,  0.1106,  0.3049,  0.2720,  0.2548,
          0.1294,  0.3001, -0.1741, -0.2408, -0.1650, -0.2295,  0.2362, -0.1865],
        [ 0.2374, -0.1518,  0.1630, -0.3109, -0.1780, -0.3972, -0.2689,  0.0403,
         -0.3838, -0.1399,  0.1687, -0.0717,  0.2018,  0.2768,  0.0598,  0.2087],
        [ 0.3806, -0.1515,  0.2827, -0.1076, -0.3023, -0.2493, -0.3409,  0.0341,
         -0.0386, -0.2954,  0.1020,  0.2547, -0.0511,  0.1337,  0.0207,  0.2129],
        [-0.1756,  0.2943, -0.0486, -0.0656,  0.2488, -0.0372,  0.2795,  0.3411,
          0.1564,  0.0778, -0.2580, -0.2660, -0.1852, -0.2088,  0.3219, -0.2558],
        [-0.0671, -0.0655, -0.0466,  0.3863, -0.0438,  0.1190,  0.2192, -0.0784,
          0.0019,  0.2677,  0.1355, -0.2569, -0.1706, -0.3714, -0.1243,  0.0555],
        [ 0.3699, -0.2071,  0.0626, -0.1758,  0.0252, -0.4083, -0.2774, -0.2141,
         -0.2393, -0.1732,  0.2938,  0.2139, -0.0858,  0.3338,  0.1335,  0.2301],
        [ 0.2663,  0.0055,  0.3569, -0.3907, -0.2109, -0.1771, -0.1734, -0.2692,
         -0.3492, -0.3455,  0.0696,  0.3474,  0.2829,  0.1490, -0.1735,  0.0413],
        [ 0.1996, -0.3942,  0.1664, -0.1236,  0.1029, -0.2512,  0.0839, -0.1393,
         -0.3284,  0.0544,  0.3522, -0.0164,  0.0205,  0.2451, -0.2570,  0.3397],
        [ 0.0432, -0.2260,  0.0956,  0.0722, -0.2077, -0.2168, -0.0048, -0.3144,
         -0.1558, -0.3660, -0.1196,  0.1088,  0.1795,  0.3330, -0.3229,  0.0882],
        [ 0.2278, -0.0394,  0.3109, -0.3625, -0.1519, -0.1143, -0.3391, -0.0110,
         -0.3710, -0.0143,  0.1673,  0.0942,  0.2265,  0.3156,  0.1142,  0.3063],
        [-0.3218,  0.2323,  0.0090,  0.2181,  0.2831,  0.0300,  0.3366,  0.1507,
         -0.0709,  0.1178,  0.0834, -0.2679, -0.2113, -0.2235, -0.0333, -0.1269],
        [ 0.3104, -0.0913,  0.1493, -0.1480, -0.2789, -0.2996, -0.1297, -0.3285,
         -0.0073, -0.1316,  0.1407,  0.1444,  0.3481,  0.3347,  0.0415,  0.2799],
        [-0.2766,  0.2172, -0.3295,  0.2656, -0.0960,  0.1567,  0.3186,  0.2891,
          0.3476,  0.2476,  0.0459, -0.0842,  0.0482,  0.0388,  0.1025, -0.2385],
        [-0.2895,  0.0816, -0.0522,  0.0324,  0.1713,  0.3976,  0.3596, -0.0421,
          0.2114,  0.3398, -0.3610, -0.0117, -0.3060, -0.2946, -0.0201, -0.2568],
        [ 0.0677, -0.0714,  0.2719, -0.0807,  0.0367, -0.3360, -0.3885, -0.3464,
         -0.2860, -0.2972,  0.2181, -0.0118, -0.0275,  0.2783, -0.2485,  0.2171]],
       device='cuda:0', requires_grad=True)

Parameter name: road_linear_0.bias
Shape: torch.Size([32])
Values: Parameter containing:
tensor([-0.0857,  0.0318,  0.0470, -0.0857,  0.0402, -0.0735,  0.0558,  0.1148,
        -0.0711,  0.0089,  0.0270,  0.0892,  0.1098,  0.0467,  0.0566,  0.0621,
        -0.0919,  0.0173,  0.0500,  0.0026, -0.0327, -0.0436, -0.0454, -0.0193,
        -0.1210,  0.1386,  0.1236,  0.0521, -0.0917, -0.1661,  0.0731, -0.0348],
       device='cuda:0', requires_grad=True)

Parameter name: road_linear_1.weight
Shape: torch.Size([1, 32])
Values: Parameter containing:
tensor([[ 0.1724,  0.2584, -0.1890, -0.2035,  0.2539,  0.3037, -0.2400, -0.3413,
         -0.2469,  0.3007,  0.2086,  0.3325, -0.1882, -0.3458,  0.2559, -0.1992,
         -0.2611,  0.2865, -0.1819, -0.2103,  0.3424,  0.2260, -0.3283, -0.3375,
         -0.2815, -0.2799, -0.2744,  0.2953, -0.3047,  0.3397,  0.2448, -0.1859]],
       device='cuda:0', requires_grad=True)

Parameter name: linear_0.weight
Shape: torch.Size([32, 39])
Values: Parameter containing:
tensor([[-0.0140,  0.0749,  0.0786,  ...,  0.0701, -0.1926, -0.1137],
        [-0.1124, -0.0663,  0.1265,  ...,  0.0122, -0.2496,  0.0871],
        [-0.0236,  0.0146,  0.0635,  ...,  0.0956,  0.1722,  0.0345],
        ...,
        [ 0.1141, -0.1310, -0.0266,  ..., -0.1206, -0.0575, -0.1180],
        [ 0.0847, -0.1832, -0.0559,  ..., -0.1844,  0.0669,  0.1557],
        [-0.1825,  0.1247,  0.0707,  ..., -0.0061, -0.1775, -0.0509]],
       device='cuda:0', requires_grad=True)

Parameter name: linear_0.bias
Shape: torch.Size([32])
Values: Parameter containing:
tensor([ 0.0362,  0.0316, -0.0858, -0.1476, -0.0806,  0.0549, -0.0908,  0.0678,
        -0.0149,  0.0592,  0.0374,  0.0119, -0.0505,  0.0909, -0.0418, -0.0238,
         0.0426, -0.1747, -0.0500,  0.0703, -0.0550,  0.0084,  0.1175,  0.0129,
        -0.1008,  0.1188,  0.0400, -0.1081,  0.0327,  0.1938,  0.1756, -0.1295],
       device='cuda:0', requires_grad=True)

Parameter name: linear_1.weight
Shape: torch.Size([32, 32])
Values: Parameter containing:
tensor([[ 0.1129, -0.1293, -0.1440,  ...,  0.0285, -0.0879,  0.1004],
        [-0.1576,  0.0240,  0.0444,  ...,  0.1246, -0.0730,  0.0856],
        [ 0.0808, -0.0966, -0.1074,  ..., -0.1150,  0.0562,  0.1393],
        ...,
        [ 0.0753,  0.0393,  0.1508,  ...,  0.0898, -0.1448,  0.2173],
        [ 0.0366, -0.0899,  0.0020,  ...,  0.2118,  0.1639, -0.1330],
        [ 0.0489, -0.0682,  0.1555,  ...,  0.2087,  0.0785, -0.0079]],
       device='cuda:0', requires_grad=True)

Parameter name: linear_1.bias
Shape: torch.Size([32])
Values: Parameter containing:
tensor([ 0.1043,  0.1481, -0.0392, -0.0931, -0.0141, -0.0340, -0.0541, -0.0406,
         0.1463, -0.1641,  0.1104, -0.1191,  0.1901,  0.0885, -0.1274,  0.1121,
        -0.1452, -0.1738,  0.0567,  0.0010, -0.0076,  0.0938, -0.2025,  0.2144,
        -0.0469, -0.0042,  0.0767, -0.0264, -0.1392, -0.0788,  0.1138,  0.0293],
       device='cuda:0', requires_grad=True)

Parameter name: linear_2.weight
Shape: torch.Size([1, 32])
Values: Parameter containing:
tensor([[ 0.2565,  0.1740, -0.2280, -0.2293,  0.0681,  0.0908, -0.1437,  0.1032,
          0.1672, -0.1909, -0.1194,  0.1368,  0.1378,  0.1208,  0.1721,  0.1530,
         -0.2543, -0.2588,  0.1060,  0.1071, -0.1764, -0.1544, -0.2473,  0.1164,
          0.1945,  0.2599, -0.2307,  0.2173, -0.1551, -0.2464,  0.2057,  0.2400]],
       device='cuda:0', requires_grad=True)

Parameter name: linear_2.bias
Shape: torch.Size([1])
Values: Parameter containing:
tensor([0.0612], device='cuda:0', requires_grad=True)

