Parameter name: road_linear_0.weight
Shape: torch.Size([32, 16])
Values: Parameter containing:
tensor([[-5.7109e-01,  7.8630e-01, -2.2943e-01, -3.7390e-01,  2.6947e-01,
         -3.8957e-01,  6.7037e-01,  6.5915e-02,  3.1043e-01,  1.9858e-01,
          1.8450e-01, -2.7419e-01, -2.5249e-01,  6.8356e-02,  3.3514e-01,
         -1.8202e-01],
        [-3.6652e-01,  1.3042e-01, -2.1201e-01, -3.0298e-01,  2.0788e-01,
         -2.0447e-01,  3.7356e-01,  3.5829e-01,  5.9334e-01,  6.9298e-02,
          1.2277e-01, -4.6900e-01,  9.2735e-02,  3.4288e-01,  5.7934e-01,
         -1.7838e-01],
        [-3.5912e-01,  4.2996e-01, -6.1603e-02, -7.5732e-02,  4.5240e-01,
         -3.9176e-01,  5.4984e-01,  1.2005e-01,  5.6544e-01,  1.5399e-01,
          1.5873e-02, -6.0344e-01,  1.1480e-01,  3.5402e-01,  5.1619e-01,
         -1.6364e-01],
        [ 4.0765e-01, -4.2158e-01,  1.8729e-01,  1.9665e-01, -1.9222e-01,
          2.0198e-01, -3.7862e-01, -2.1625e-01, -5.3302e-01, -3.2831e-01,
         -2.6953e-02,  4.7111e-01,  1.5795e-01, -4.3638e-01, -3.2686e-01,
          2.6578e-01],
        [-2.5364e-01,  5.7741e-01, -2.8093e-01, -3.2881e-01,  2.9767e-01,
         -3.4033e-01,  2.3753e-01,  4.3022e-01,  2.5071e-01,  2.2978e-01,
          1.8960e-01, -2.7386e-01,  7.8095e-02,  1.1751e-01,  4.1771e-01,
         -2.7340e-01],
        [-1.6239e-01,  6.1625e-01, -4.6970e-01,  5.9457e-02,  4.2478e-01,
         -4.6769e-01,  4.4333e-01,  4.1843e-02,  3.2735e-01,  6.0507e-02,
         -1.4368e-01, -1.8071e-01, -2.2571e-01,  4.8448e-01,  4.4789e-01,
         -2.0022e-01],
        [ 4.5741e-01, -3.5725e-01,  5.5897e-01,  2.0097e-01, -2.0525e-01,
          3.2489e-01, -4.3864e-01, -3.5262e-01, -3.6916e-01,  1.8015e-01,
         -5.5462e-02,  1.7129e-01, -3.0894e-02, -1.9659e-01, -3.3567e-01,
          3.1857e-01],
        [ 6.8419e-02, -1.5945e-01,  4.7098e-01, -8.0856e-03, -5.1539e-01,
          1.5380e-01, -2.9878e-01, -4.1416e-01, -3.3053e-01, -6.1656e-02,
         -8.0242e-02,  1.8825e-01,  3.0782e-01, -4.4943e-01, -2.3842e-01,
          4.8181e-01],
        [ 1.9676e-01, -2.4576e-01,  4.7775e-01,  1.2125e-01, -3.6473e-01,
          2.1422e-01, -4.8081e-01, -3.7703e-01, -2.3639e-01, -2.5446e-01,
         -1.8678e-01,  3.1149e-01, -1.0897e-01, -3.2093e-01, -6.3407e-01,
          2.5567e-01],
        [-5.0881e-01,  4.2667e-01, -2.6342e-01, -2.7441e-01,  2.1057e-01,
         -2.5430e-01,  2.8537e-01,  3.4732e-01,  3.8922e-01,  5.4339e-02,
          1.1738e-01, -1.2996e-01, -5.4410e-02,  2.6591e-01,  3.1893e-01,
         -3.7840e-01],
        [-6.4701e-01,  6.9542e-01, -2.7978e-01, -3.9459e-01,  5.2333e-02,
         -7.8703e-02,  5.1207e-01,  2.0428e-01,  4.7712e-01,  2.4653e-01,
          3.5267e-02, -1.1070e-01, -7.4335e-02,  4.9158e-01,  7.6824e-02,
         -5.8898e-01],
        [-3.6042e-01,  3.5492e-01, -1.8369e-01, -1.6800e-01,  3.2428e-01,
         -2.6711e-01,  5.9929e-01,  2.7472e-01,  2.9845e-01,  4.1902e-01,
          1.6725e-01, -6.2558e-02, -2.0271e-01,  9.5515e-02,  2.6525e-01,
         -3.8098e-01],
        [ 4.9069e-01, -3.3800e-01,  3.0084e-01,  2.0031e-01, -2.5421e-01,
          5.5596e-01, -3.1242e-01, -4.4277e-01, -4.3645e-01,  3.3755e-02,
         -1.4407e-01,  1.6929e-01, -6.8761e-02, -2.8091e-01, -3.3843e-01,
          1.7259e-01],
        [ 3.6043e-01, -1.2956e-01,  4.8667e-01,  2.6398e-01, -4.3330e-01,
          3.8798e-01, -2.3843e-01, -1.7387e-01, -3.1405e-01, -9.2448e-02,
         -1.5644e-01,  2.1147e-01,  5.2283e-02, -2.7001e-01, -4.6337e-01,
          3.6559e-01],
        [-5.7342e-01,  2.8266e-01, -2.2317e-01, -3.7107e-01,  5.3290e-01,
         -8.7488e-02,  3.6701e-01,  2.6520e-01,  1.1069e-01,  1.2091e-01,
          9.8380e-02, -4.4022e-01, -3.1367e-02,  3.1161e-01,  1.9174e-01,
         -3.3397e-01],
        [ 1.0564e-01, -4.2198e-01,  3.5504e-01,  3.0227e-01, -4.4031e-01,
          3.0539e-01, -3.6692e-01, -4.1590e-01, -3.1978e-01, -2.1874e-02,
          6.3656e-02,  5.6209e-01, -2.7013e-02, -2.8991e-01, -7.1745e-02,
          2.2564e-01],
        [ 4.3122e-01, -1.6761e-01,  3.4031e-01, -5.7985e-02, -6.9046e-01,
          3.7339e-01, -3.4502e-01, -2.9628e-01, -6.6710e-01, -1.1914e-01,
          2.3336e-01,  5.8783e-01,  2.9428e-01, -1.0798e-01, -4.7333e-01,
          1.0437e-01],
        [-3.3862e-01,  4.1314e-01, -3.3749e-01, -1.6362e-01,  3.0918e-01,
         -1.1319e-01,  4.9552e-01,  4.2038e-01,  2.5919e-01,  1.1617e-01,
          1.7590e-03, -3.7519e-01, -1.9453e-01,  1.0165e-01,  3.4673e-01,
         -2.8506e-01],
        [-2.4627e-01,  3.4124e-01, -2.9467e-01, -2.5275e-01,  2.8960e-01,
         -4.5098e-01,  2.9494e-01,  5.2629e-01,  8.6820e-02,  1.1890e-01,
          1.6526e-02, -5.7949e-01, -3.4274e-02,  3.2160e-01,  4.6235e-01,
         -2.3272e-01],
        [ 6.1678e-01, -4.9748e-01,  4.5985e-01,  2.6739e-01, -4.1631e-01,
          2.6632e-01, -6.3344e-01, -5.9412e-02, -1.5279e-01, -1.9574e-01,
         -8.8653e-02,  3.3176e-01, -9.1170e-02, -2.8444e-01, -6.7370e-02,
          4.3094e-01],
        [-2.3013e-01,  3.5070e-01, -1.0250e-01, -2.8616e-01,  4.2012e-01,
         -3.3190e-01,  4.3342e-01,  4.9666e-01,  3.0473e-01, -2.2468e-02,
         -1.7546e-01, -4.2329e-01, -1.1181e-01,  3.7667e-03,  5.1221e-01,
         -2.9657e-01],
        [ 3.5557e-01, -3.7021e-01,  2.5741e-01,  3.1638e-01, -3.3434e-01,
          1.5108e-01, -6.4314e-02, -3.4724e-01, -3.9040e-01, -1.1938e-01,
          2.5181e-01,  2.1614e-01,  5.8804e-02, -3.4745e-01, -6.6778e-01,
          2.7475e-01],
        [ 5.5091e-01, -5.4283e-01,  2.2184e-01,  2.0639e-01, -1.5876e-01,
          1.1364e-01, -5.5751e-01, -3.5787e-01, -3.8209e-01, -6.4593e-02,
          4.8020e-02,  3.3888e-01, -7.1008e-02, -1.1699e-01,  4.6275e-03,
          4.2562e-01],
        [ 2.9290e-01, -1.6278e-01,  4.3601e-01, -1.0301e-01, -5.0698e-01,
          1.8130e-01, -3.8646e-01, -5.1387e-01, -5.7172e-01, -2.1012e-01,
         -6.4546e-02,  5.7833e-01,  2.8089e-01, -1.4041e-01, -3.9154e-01,
          1.2968e-01],
        [ 4.0166e-01, -6.8972e-01,  3.3185e-01,  2.0499e-01, -1.1344e-01,
          2.3569e-01, -2.1978e-01, -3.1991e-01, -5.1593e-01,  7.7730e-02,
          1.9998e-01,  1.5063e-01, -9.1718e-02, -2.2594e-01, -4.6602e-01,
          5.1405e-01],
        [ 1.5951e-01, -4.2803e-01,  1.8068e-01,  3.9471e-01, -3.9349e-01,
          2.3016e-01, -2.1339e-01, -4.8319e-01, -2.9272e-01, -2.4738e-01,
         -2.9037e-01,  2.5963e-01,  1.7109e-01, -3.6794e-02, -5.4026e-01,
          1.7598e-01],
        [ 4.5854e-01, -3.8100e-01,  4.9970e-01, -1.2897e-02, -3.0247e-01,
          3.7902e-01, -6.2909e-01, -1.2201e-01, -5.0152e-01,  6.1690e-02,
          6.6310e-04,  2.0586e-01,  2.1287e-01, -8.2775e-02, -9.5171e-03,
          5.2808e-01],
        [-5.6011e-01,  4.7008e-01, -1.5469e-01, -5.5918e-02,  4.4052e-01,
         -3.7298e-01,  5.9421e-01,  2.7965e-01,  7.7519e-02,  1.5785e-01,
          1.4333e-01, -3.8950e-01, -2.2114e-02,  1.2284e-01,  1.7266e-01,
         -2.9705e-01],
        [ 4.8233e-01, -3.3481e-01,  2.7471e-01,  1.3049e-01, -4.8209e-01,
          9.2280e-02, -3.7260e-01, -5.0161e-01, -1.6950e-01, -1.0296e-01,
          4.0197e-02,  2.9242e-01,  2.4688e-01, -2.8601e-02, -1.8101e-01,
          4.1149e-01],
        [-4.2071e-01,  5.0262e-01, -4.6675e-01, -1.1220e-01,  2.6335e-02,
         -3.2969e-01,  5.5438e-01,  3.8355e-01,  4.3707e-01,  8.3329e-02,
          2.2387e-01, -1.8191e-01, -2.3515e-02,  3.6780e-01,  1.5196e-01,
         -4.1134e-01],
        [-5.1833e-01,  4.3043e-01, -2.1636e-01, -3.0705e-01,  3.4292e-01,
         -9.2808e-02,  6.5669e-01,  9.6957e-02,  3.5232e-01,  2.9105e-01,
         -1.6766e-01, -1.2198e-01, -2.3625e-01,  1.6593e-01,  1.5071e-01,
         -4.5200e-01],
        [ 1.2830e-01, -2.9099e-01,  3.6041e-01,  2.8951e-01, -2.0271e-01,
          1.2794e-01, -6.4870e-01, -5.6817e-01, -4.7276e-01, -1.1702e-01,
          7.5738e-03,  1.8682e-01, -2.0150e-02, -1.3535e-01, -4.2233e-01,
          3.1074e-01]], device='cuda:0', requires_grad=True)

Parameter name: road_linear_0.bias
Shape: torch.Size([32])
Values: Parameter containing:
tensor([-0.2259,  0.1209,  0.2089, -0.1005,  0.0108, -0.0977,  0.0626,  0.0866,
        -0.2405, -0.0732,  0.0381,  0.0532,  0.1003,  0.0749,  0.0137,  0.0688,
        -0.1699,  0.0820, -0.0105, -0.0920,  0.0212, -0.0606, -0.1169, -0.1658,
        -0.1267,  0.1505,  0.1209,  0.0383, -0.0878, -0.1181,  0.1269, -0.2010],
       device='cuda:0', requires_grad=True)

Parameter name: road_linear_1.weight
Shape: torch.Size([1, 32])
Values: Parameter containing:
tensor([[ 0.7303,  0.7656,  0.6921, -0.7252,  0.8294,  0.8654, -0.7140, -0.8269,
         -0.7727,  0.8796,  0.7225,  0.8808, -0.7772, -0.8391,  0.7622, -0.7480,
         -0.7238,  0.7786,  0.6999, -0.6863,  0.8055, -0.6404, -0.8200, -0.7794,
         -0.7828, -0.8445, -0.7234,  0.8199, -0.8212,  0.8051,  0.7687, -0.6779]],
       device='cuda:0', requires_grad=True)

Parameter name: linear_0.weight
Shape: torch.Size([32, 39])
Values: Parameter containing:
tensor([[ 0.3056,  0.2273, -0.0212,  ...,  0.1116, -0.2179, -0.1137],
        [-0.1061, -0.2132,  0.1732,  ...,  0.0084, -0.4204,  0.0871],
        [ 0.0380,  0.1980,  0.0682,  ...,  0.1618,  0.1180,  0.0345],
        ...,
        [-0.0537, -0.2186,  0.0748,  ..., -0.1411, -0.1745, -0.1180],
        [ 0.0315, -0.0666, -0.0132,  ..., -0.1604,  0.0087,  0.1557],
        [-0.0620,  0.1838, -0.0373,  ..., -0.0472,  0.0252, -0.0509]],
       device='cuda:0', requires_grad=True)

Parameter name: linear_0.bias
Shape: torch.Size([32])
Values: Parameter containing:
tensor([ 0.0509,  0.0652, -0.1506, -0.0511, -0.0564,  0.0406, -0.1277,  0.1090,
        -0.0432,  0.1461,  0.0215, -0.0429, -0.0614,  0.0690, -0.0749, -0.0454,
         0.1101, -0.1384, -0.0479,  0.0508, -0.0807,  0.1467,  0.0973, -0.0595,
         0.0132,  0.1173,  0.0153, -0.1361,  0.0892,  0.1798,  0.0819, -0.1320],
       device='cuda:0', requires_grad=True)

Parameter name: linear_1.weight
Shape: torch.Size([32, 32])
Values: Parameter containing:
tensor([[ 0.1888, -0.2060, -0.1073,  ..., -0.0564, -0.1167,  0.1689],
        [ 0.0771,  0.0040,  0.1486,  ..., -0.0370, -0.0376,  0.2478],
        [-0.1464, -0.0856, -0.1817,  ...,  0.0185,  0.0482,  0.0084],
        ...,
        [-0.1001,  0.0274,  0.0737,  ...,  0.1965, -0.1522,  0.1295],
        [ 0.2752, -0.1093,  0.0861,  ...,  0.0637,  0.1823,  0.0178],
        [ 0.2434, -0.0604,  0.2501,  ...,  0.0816,  0.1011,  0.1085]],
       device='cuda:0', requires_grad=True)

Parameter name: linear_1.bias
Shape: torch.Size([32])
Values: Parameter containing:
tensor([ 0.0569,  0.0218,  0.0563,  0.0219, -0.0729, -0.1285,  0.0612, -0.1783,
         0.0242, -0.0682,  0.2298, -0.1856,  0.0811,  0.1001, -0.2229, -0.0231,
        -0.0482, -0.1062, -0.0640, -0.1032,  0.1000,  0.1981, -0.1062,  0.2057,
        -0.1498, -0.0542,  0.1409, -0.1454, -0.0434,  0.0004,  0.0026, -0.0594],
       device='cuda:0', requires_grad=True)

Parameter name: linear_2.weight
Shape: torch.Size([1, 32])
Values: Parameter containing:
tensor([[ 0.3491,  0.2465, -0.3492, -0.3040,  0.2217,  0.2185, -0.2376,  0.2699,
          0.2407, -0.2600, -0.2289,  0.2250,  0.2325, -0.2061,  0.2704,  0.2271,
         -0.3237, -0.3368,  0.1979,  0.2274, -0.2906, -0.2712, -0.3430, -0.1597,
          0.3060,  0.3472, -0.3342,  0.3202, -0.2464, -0.3154,  0.3222,  0.3138]],
       device='cuda:0', requires_grad=True)

Parameter name: linear_2.bias
Shape: torch.Size([1])
Values: Parameter containing:
tensor([-0.1461], device='cuda:0', requires_grad=True)

