Parameter name: road_linear_0.weight
Shape: torch.Size([32, 16])
Values: Parameter containing:
tensor([[-0.5591,  0.7552, -0.2222, -0.3436,  0.2732, -0.3453,  0.6510,  0.0665,
          0.3001,  0.1949,  0.1901, -0.2734, -0.2228,  0.0696,  0.3255, -0.1731],
        [-0.3756,  0.1299, -0.2202, -0.2910,  0.1857, -0.1886,  0.3642,  0.3346,
          0.5708,  0.0497,  0.1308, -0.4429,  0.1048,  0.3390,  0.5508, -0.1892],
        [-0.3667,  0.4282, -0.0691, -0.0631,  0.4311, -0.3761,  0.5390,  0.0973,
          0.5441,  0.1327,  0.0235, -0.5789,  0.1250,  0.3494,  0.4884, -0.1733],
        [ 0.4111, -0.4113,  0.1933,  0.1811, -0.1810,  0.1799, -0.3653, -0.2030,
         -0.5190, -0.3115, -0.0311,  0.4592,  0.1436, -0.4325, -0.3064,  0.2732],
        [-0.2564,  0.5657, -0.2867, -0.3130,  0.2887, -0.3162,  0.2241,  0.4193,
          0.2400,  0.2147,  0.1915, -0.2644,  0.0941,  0.1130,  0.4006, -0.2803],
        [-0.1599,  0.5981, -0.4719,  0.0768,  0.4222, -0.4410,  0.4277,  0.0371,
          0.3206,  0.0478, -0.1432, -0.1778, -0.2089,  0.4808,  0.4355, -0.2028],
        [ 0.4470, -0.3316,  0.5549,  0.1804, -0.2070,  0.2941, -0.4189, -0.3521,
         -0.3648,  0.1926, -0.0551,  0.1700, -0.0485, -0.1911, -0.3268,  0.3138],
        [ 0.0724, -0.1499,  0.4764, -0.0235, -0.5023,  0.1300, -0.2852, -0.3989,
         -0.3166, -0.0450, -0.0832,  0.1718,  0.2911, -0.4433, -0.2182,  0.4895],
        [ 0.2035, -0.2423,  0.4848,  0.1070, -0.3438,  0.1961, -0.4687, -0.3546,
         -0.2147, -0.2327, -0.1950,  0.2872, -0.1216, -0.3162, -0.6061,  0.2647],
        [-0.5001,  0.4020, -0.2605, -0.2528,  0.2104, -0.2220,  0.2658,  0.3450,
          0.3828,  0.0410,  0.1179, -0.1272, -0.0343,  0.2612,  0.3083, -0.3747],
        [-0.6248,  0.6584, -0.2616, -0.3606,  0.0571, -0.0321,  0.4897,  0.2049,
          0.4625,  0.2428,  0.0449, -0.1077, -0.0461,  0.4916,  0.0652, -0.5681],
        [-0.3580,  0.3346, -0.1873, -0.1462,  0.3202, -0.2356,  0.5819,  0.2686,
          0.2895,  0.4062,  0.1705, -0.0597, -0.1818,  0.0925,  0.2510, -0.3839],
        [ 0.4902, -0.3227,  0.3037,  0.1843, -0.2495,  0.5303, -0.2978, -0.4360,
         -0.4296,  0.0475, -0.1435,  0.1625, -0.0849, -0.2754, -0.3255,  0.1767],
        [ 0.3594, -0.1138,  0.4892,  0.2471, -0.4282,  0.3619, -0.2238, -0.1666,
         -0.3052, -0.0789, -0.1575,  0.2043,  0.0352, -0.2656, -0.4489,  0.3691],
        [-0.5715,  0.2640, -0.2260, -0.3511,  0.5283, -0.0581,  0.3506,  0.2574,
          0.1007,  0.1100,  0.1006, -0.4356, -0.0126,  0.3083,  0.1772, -0.3370],
        [ 0.1098, -0.4130,  0.3609,  0.2884, -0.4288,  0.2837, -0.3539, -0.4021,
         -0.3078, -0.0060,  0.0623,  0.5485, -0.0411, -0.2839, -0.0533,  0.2334],
        [ 0.4463, -0.1756,  0.3522, -0.0671, -0.6604,  0.3639, -0.3415, -0.2643,
         -0.6348, -0.1032,  0.2193,  0.5552,  0.2838, -0.1086, -0.4368,  0.1198],
        [-0.3423,  0.4035, -0.3433, -0.1487,  0.2979, -0.0911,  0.4827,  0.4072,
          0.2463,  0.0998,  0.0051, -0.3622, -0.1799,  0.0968,  0.3272, -0.2926],
        [-0.2540,  0.3368, -0.3029, -0.2406,  0.2748, -0.4319,  0.2848,  0.5094,
          0.0717,  0.1032,  0.0198, -0.5622, -0.0207,  0.3168,  0.4407, -0.2434],
        [ 0.5974, -0.4622,  0.4464,  0.2359, -0.4196,  0.2241, -0.6092, -0.0584,
         -0.1400, -0.1907, -0.0969,  0.3314, -0.1145, -0.2836, -0.0558,  0.4147],
        [-0.2431,  0.3532, -0.1135, -0.2770,  0.4009, -0.3160,  0.4300,  0.4756,
          0.2850, -0.0344, -0.1693, -0.3989, -0.0965,  0.0009,  0.4863, -0.3114],
        [ 0.3669, -0.3705,  0.2670,  0.3062, -0.3145,  0.1337, -0.0576, -0.3254,
         -0.3700, -0.1052,  0.2462,  0.1921,  0.0438, -0.3441, -0.6413,  0.2880],
        [ 0.5359, -0.5122,  0.2151,  0.1814, -0.1586,  0.0794, -0.5329, -0.3553,
         -0.3734, -0.0500,  0.0444,  0.3371, -0.0900, -0.1123,  0.0166,  0.4161],
        [ 0.3015, -0.1650,  0.4433, -0.1147, -0.4805,  0.1699, -0.3776, -0.4862,
         -0.5435, -0.1880, -0.0768,  0.5481,  0.2724, -0.1384, -0.3585,  0.1389],
        [ 0.3958, -0.6720,  0.3307,  0.1891, -0.1094,  0.2138, -0.2022, -0.3147,
         -0.5088,  0.0967,  0.1995,  0.1452, -0.1022, -0.2206, -0.4527,  0.5128],
        [ 0.1681, -0.4237,  0.1899,  0.3827, -0.3807,  0.2091, -0.2056, -0.4688,
         -0.2806, -0.2340, -0.2919,  0.2438,  0.1546, -0.0319, -0.5211,  0.1875],
        [ 0.4347, -0.3430,  0.4835, -0.0430, -0.3088,  0.3360, -0.6028, -0.1255,
         -0.4944,  0.0711, -0.0029,  0.2055,  0.1885, -0.0775, -0.0021,  0.5080],
        [-0.5545,  0.4462, -0.1554, -0.0325,  0.4369, -0.3395,  0.5733,  0.2731,
          0.0675,  0.1470,  0.1472, -0.3871, -0.0019,  0.1197,  0.1587, -0.2969],
        [ 0.4836, -0.3227,  0.2789,  0.1146, -0.4722,  0.0691, -0.3580, -0.4898,
         -0.1578, -0.0860,  0.0376,  0.2810,  0.2324, -0.0233, -0.1630,  0.4169],
        [-0.4037,  0.4686, -0.4546, -0.0824,  0.0283, -0.2864,  0.5290,  0.3817,
          0.4263,  0.0762,  0.2287, -0.1780,  0.0021,  0.3628,  0.1414, -0.3982],
        [-0.5064,  0.4021, -0.2134, -0.2837,  0.3474, -0.0606,  0.6381,  0.0994,
          0.3475,  0.2807, -0.1654, -0.1262, -0.2173,  0.1646,  0.1421, -0.4460],
        [ 0.1371, -0.2894,  0.3687,  0.2771, -0.1835,  0.1106, -0.6399, -0.5474,
         -0.4532, -0.0990,  0.0009,  0.1633, -0.0334, -0.1307, -0.3962,  0.3218]],
       device='cuda:0', requires_grad=True)

Parameter name: road_linear_0.bias
Shape: torch.Size([32])
Values: Parameter containing:
tensor([-0.2319,  0.1041,  0.1963, -0.0920,  0.0017, -0.1026,  0.0626,  0.0976,
        -0.2288, -0.0754,  0.0367,  0.0496,  0.1078,  0.0823,  0.0093,  0.0791,
        -0.1472,  0.0725, -0.0253, -0.0950, -0.0050, -0.0372, -0.1213, -0.1523,
        -0.1269,  0.1690,  0.1174,  0.0381, -0.0811, -0.1179,  0.1284, -0.1838],
       device='cuda:0', requires_grad=True)

Parameter name: road_linear_1.weight
Shape: torch.Size([1, 32])
Values: Parameter containing:
tensor([[ 0.6582,  0.6968,  0.6219, -0.6543,  0.7545,  0.7910, -0.6420, -0.7576,
         -0.7031,  0.8054,  0.6578,  0.8091, -0.7026, -0.7663,  0.6924, -0.6774,
         -0.6627,  0.7072,  0.6293, -0.6252,  0.7402, -0.5744, -0.7532, -0.7161,
         -0.7121, -0.7731, -0.6574,  0.7520, -0.7507,  0.7392,  0.6975, -0.6079]],
       device='cuda:0', requires_grad=True)

Parameter name: linear_0.weight
Shape: torch.Size([32, 39])
Values: Parameter containing:
tensor([[ 0.2828,  0.2058, -0.0175,  ...,  0.1035, -0.1836, -0.1137],
        [-0.1097, -0.2105,  0.1741,  ...,  0.0020, -0.4058,  0.0871],
        [ 0.0179,  0.1753,  0.0751,  ...,  0.1520,  0.1410,  0.0345],
        ...,
        [-0.0450, -0.2016,  0.0706,  ..., -0.1368, -0.1835, -0.1180],
        [ 0.0245, -0.0803, -0.0131,  ..., -0.1621,  0.0214,  0.1557],
        [-0.0727,  0.1656, -0.0323,  ..., -0.0515,  0.0312, -0.0509]],
       device='cuda:0', requires_grad=True)

Parameter name: linear_0.bias
Shape: torch.Size([32])
Values: Parameter containing:
tensor([ 0.0502,  0.0642, -0.1547, -0.0524, -0.0558,  0.0398, -0.1266,  0.1097,
        -0.0455,  0.1506,  0.0215, -0.0458, -0.0585,  0.0668, -0.0747, -0.0452,
         0.1083, -0.1390, -0.0467,  0.0505, -0.0806,  0.1434,  0.0980, -0.0596,
         0.0080,  0.1181,  0.0162, -0.1362,  0.0862,  0.1810,  0.0848, -0.1343],
       device='cuda:0', requires_grad=True)

Parameter name: linear_1.weight
Shape: torch.Size([32, 32])
Values: Parameter containing:
tensor([[ 0.1898, -0.2008, -0.1087,  ..., -0.0545, -0.1184,  0.1667],
        [ 0.0522,  0.0043,  0.1475,  ..., -0.0369, -0.0371,  0.2476],
        [-0.1113, -0.0883, -0.1821,  ...,  0.0199,  0.0457,  0.0073],
        ...,
        [-0.0794,  0.0277,  0.0749,  ...,  0.1963, -0.1523,  0.1298],
        [ 0.2431, -0.1069,  0.0863,  ...,  0.0624,  0.1847,  0.0188],
        [ 0.2177, -0.0585,  0.2503,  ...,  0.0806,  0.1031,  0.1092]],
       device='cuda:0', requires_grad=True)

Parameter name: linear_1.bias
Shape: torch.Size([32])
Values: Parameter containing:
tensor([ 0.0585,  0.0216,  0.0586,  0.0229, -0.0743, -0.1283,  0.0622, -0.1815,
         0.0231, -0.0664,  0.2325, -0.1865,  0.0789,  0.1018, -0.2236, -0.0235,
        -0.0493, -0.1073, -0.0661, -0.1074,  0.1009,  0.2000, -0.1051,  0.2084,
        -0.1504, -0.0569,  0.1411, -0.1465, -0.0432,  0.0002,  0.0004, -0.0611],
       device='cuda:0', requires_grad=True)

Parameter name: linear_2.weight
Shape: torch.Size([1, 32])
Values: Parameter containing:
tensor([[ 0.3438,  0.2465, -0.3479, -0.3044,  0.2167,  0.2125, -0.2376,  0.2702,
          0.2409, -0.2549, -0.2293,  0.2244,  0.2328, -0.2049,  0.2701,  0.2234,
         -0.3250, -0.3352,  0.1961,  0.2275, -0.2910, -0.2715, -0.3421, -0.1598,
          0.3057,  0.3429, -0.3287,  0.3207, -0.2446, -0.3159,  0.3192,  0.3137]],
       device='cuda:0', requires_grad=True)

Parameter name: linear_2.bias
Shape: torch.Size([1])
Values: Parameter containing:
tensor([-0.1466], device='cuda:0', requires_grad=True)

