Parameter name: road_linear_0.weight
Shape: torch.Size([32, 16])
Values: Parameter containing:
tensor([[-2.7916e-01,  4.5483e-01,  7.1787e-02, -5.7191e-02,  2.6296e-01,
          1.6419e-01,  3.6016e-01,  6.6213e-02,  3.0463e-01,  1.8243e-01,
          6.3048e-02, -2.2219e-01, -3.8427e-01, -3.0899e-01,  3.5449e-01,
          1.1178e-01],
        [-1.6354e-01, -9.0010e-02, -4.4341e-03, -6.9478e-02,  5.6714e-02,
          2.2802e-01,  1.3111e-01,  2.1069e-01,  4.9313e-01,  2.7292e-02,
          1.4701e-01, -2.8369e-01,  7.2329e-03,  3.5823e-02,  5.1720e-01,
          5.8416e-03],
        [ 3.8679e-02, -1.1892e-01,  3.0636e-01, -8.5331e-02, -1.9988e-01,
         -3.1704e-01, -1.0474e-01, -5.1559e-01, -1.0561e-01, -1.5924e-03,
          7.3287e-02,  2.4918e-02,  4.9893e-01,  2.6555e-01, -4.7562e-02,
          2.1368e-01],
        [ 1.4969e-01, -2.2147e-01, -4.2213e-02,  9.6695e-03, -1.1022e-01,
         -1.5601e-01, -1.0453e-01, -1.3792e-01, -4.8958e-01, -2.7838e-01,
         -3.2804e-02,  3.7317e-01,  3.0104e-01, -2.3112e-01, -2.9463e-01,
          4.0683e-02],
        [-2.1342e-02,  3.8939e-01, -7.2747e-02, -8.3684e-02,  2.6193e-01,
          5.7872e-02,  5.1314e-02,  4.0429e-01,  2.5412e-01,  1.9607e-01,
          1.4737e-01, -2.0733e-01, -8.7428e-02, -1.7032e-01,  3.9582e-01,
         -8.4592e-02],
        [ 8.8461e-03,  4.3985e-01, -2.8940e-01,  3.5881e-01,  4.3372e-01,
         -4.5800e-02,  3.1662e-01,  5.4480e-02,  3.5806e-01,  1.4705e-01,
         -2.8562e-01, -1.4610e-01, -3.1595e-01,  1.6986e-01,  4.4446e-01,
         -3.8106e-02],
        [ 2.7644e-01, -8.6107e-02,  2.9823e-01, -1.1531e-01, -1.4589e-01,
         -1.7701e-01, -1.7951e-01, -3.0955e-01, -3.6493e-01,  8.1363e-02,
          4.2200e-02,  1.0577e-01, -6.7886e-03,  1.3366e-01, -3.9670e-01,
          6.4793e-02],
        [-1.4947e-01,  4.1227e-02,  2.5283e-01, -2.8614e-01, -4.3463e-01,
         -2.6572e-01, -9.5270e-02, -3.4627e-01, -3.1536e-01, -1.1492e-01,
         -1.9234e-03,  8.6937e-02,  3.1617e-01, -1.7522e-01, -1.9739e-01,
          2.6862e-01],
        [-3.5651e-02,  6.0279e-03,  2.2072e-01, -1.9909e-01, -1.8996e-01,
         -3.2314e-01, -1.5906e-01, -1.9309e-01, -1.0257e-01, -2.2241e-01,
         -1.2232e-01,  1.2902e-01, -2.8626e-02,  1.0301e-01, -5.0908e-01,
          2.5588e-02],
        [-2.1614e-01,  1.8419e-01, -1.0775e-02, -6.5166e-02,  1.7585e-01,
          1.3696e-01,  4.6100e-02,  3.2176e-01,  3.9407e-01, -9.4248e-02,
          1.6940e-01, -6.0465e-02, -2.9762e-01, -2.0068e-02,  3.2549e-01,
         -1.2970e-01],
        [-2.8352e-01,  4.2076e-01,  2.7110e-02, -8.4712e-02,  7.6478e-02,
          3.8788e-01,  2.5953e-01,  2.1191e-01,  4.9215e-01,  1.6706e-01,
         -1.2971e-02, -5.9438e-02, -2.6647e-01,  1.7896e-01,  1.0873e-01,
         -2.6298e-01],
        [-3.3093e-02,  1.4251e-01,  8.0557e-02,  2.1820e-02,  2.7491e-01,
          8.2559e-02,  3.4103e-01,  2.2839e-01,  2.9154e-01,  2.4356e-01,
          2.2049e-01,  1.1616e-02, -4.5479e-01, -1.5813e-01,  2.0573e-01,
         -1.1662e-01],
        [ 2.9321e-01, -1.2326e-01,  9.3308e-02, -1.4051e-01, -2.3728e-01,
          2.0257e-02, -1.3842e-01, -4.3597e-01, -4.7091e-01, -4.4105e-02,
          5.4824e-02,  1.2008e-01,  4.7966e-02,  1.4144e-01, -3.6857e-01,
         -6.0321e-03],
        [ 1.2054e-01,  9.7222e-02,  2.6676e-01,  5.2209e-02, -4.0114e-01,
         -5.0728e-04, -2.7470e-02, -1.4637e-01, -3.4315e-01, -6.2835e-02,
         -1.4370e-01,  1.5147e-01,  1.4807e-01, -1.2935e-02, -4.8984e-01,
          1.5550e-01],
        [-2.8936e-01, -2.2888e-02,  2.5375e-02, -9.9460e-02,  4.8190e-01,
          3.8665e-01,  7.6103e-02,  2.0085e-01,  9.9413e-02,  8.5179e-02,
          4.7727e-02, -3.6701e-01, -1.1670e-01, -4.1982e-02,  1.9569e-01,
         -8.2629e-02],
        [-8.0772e-02, -4.1062e-01,  1.5237e-01,  8.8713e-02, -4.4581e-01,
         -3.1256e-02, -2.4683e-01, -4.2222e-01, -3.2860e-01, -4.6350e-03,
          9.2210e-02,  5.0617e-01,  2.4507e-01, -5.8623e-02, -6.2629e-02,
          7.4549e-02],
        [ 1.8441e-01,  2.6182e-02,  7.1882e-02, -2.6092e-01, -4.0687e-01,
         -2.1842e-03, -4.7648e-02, -4.8455e-02, -4.3189e-01, -6.7125e-02,
          2.0918e-01,  3.0909e-01,  3.6218e-01,  1.6387e-01, -2.4442e-01,
         -1.4385e-01],
        [-1.8495e-01,  2.2041e-01, -1.2677e-01,  5.9076e-02,  1.9111e-01,
          2.4927e-01,  2.8216e-01,  3.2738e-01,  1.9442e-01,  1.7535e-01,
         -1.1373e-01, -2.6129e-01, -1.9740e-01, -1.1774e-01,  3.4155e-01,
         -7.4221e-02],
        [ 1.6374e-01, -2.1370e-01,  5.7778e-02, -2.3489e-01, -2.9802e-01,
         -3.4204e-01, -3.1792e-01, -5.5678e-02, -5.0971e-01, -3.6046e-02,
          1.2873e-01, -1.5580e-02,  2.7691e-01,  1.8378e-01, -7.3902e-02,
          1.2162e-01],
        [ 3.1793e-01, -2.1438e-01,  1.8294e-01, -3.8947e-02, -4.3255e-01,
         -2.0077e-01, -4.0096e-01, -6.8565e-02, -1.6854e-01, -1.9461e-01,
          6.2267e-02,  3.1796e-01,  2.7566e-02,  5.4698e-02, -1.1662e-01,
          1.3413e-01],
        [-1.1287e-01,  3.1686e-01,  4.9049e-02, -1.3808e-01,  3.4720e-01,
         -5.7165e-02,  3.2803e-01,  4.4806e-01,  2.5299e-01, -1.6409e-02,
         -1.7832e-01, -3.0468e-01, -2.5107e-01, -1.4165e-01,  4.4251e-01,
         -1.8409e-01],
        [-3.9444e-02,  4.3587e-03,  6.3864e-03,  3.5952e-01,  1.5122e-01,
          1.0419e-01,  2.8653e-01,  5.9563e-02,  1.9509e-01,  2.0010e-01,
          2.0920e-01, -3.7084e-01, -2.7888e-01, -3.3548e-01,  8.8404e-02,
          9.3924e-02],
        [ 3.0400e-01, -2.6446e-01, -3.4045e-02, -1.0769e-01, -9.7398e-02,
         -3.5675e-01, -3.2972e-01, -3.1090e-01, -3.6991e-01, -7.5195e-02,
          2.5444e-01,  2.7631e-01, -8.2992e-03,  2.5240e-01, -2.1867e-03,
          1.5101e-01],
        [ 1.1205e-01,  1.1375e-03,  2.0529e-01, -2.7028e-01, -2.5982e-01,
         -1.1996e-01, -1.3057e-01, -3.1449e-01, -3.8243e-01, -1.9622e-01,
         -3.0923e-02,  3.4265e-01,  2.7533e-01,  3.0732e-03, -2.6664e-01,
         -1.0061e-01],
        [ 1.2526e-01, -4.2987e-01,  7.0794e-02, -6.1272e-02, -2.2234e-02,
         -2.1344e-01,  4.8522e-02, -2.3645e-01, -4.8442e-01,  1.5501e-01,
          2.6069e-01,  4.1088e-02,  8.5886e-02,  1.6722e-01, -4.1716e-01,
          2.6090e-01],
        [-2.8824e-02, -2.4248e-01, -7.7441e-03,  1.3952e-01, -3.1037e-01,
         -1.9042e-01, -3.9876e-02, -4.1977e-01, -2.7305e-01, -2.6278e-01,
         -2.0764e-01,  1.5148e-01,  2.3792e-01,  2.5877e-01, -4.7441e-01,
          1.5053e-02],
        [ 1.9679e-01, -1.0743e-01,  2.2253e-01, -2.9652e-01, -2.6746e-01,
         -6.5705e-02, -4.1790e-01, -1.1003e-01, -4.8230e-01,  6.8163e-02,
          1.5184e-01,  1.4913e-01,  3.0742e-01,  2.5260e-01, -8.6601e-03,
          2.4211e-01],
        [-2.4611e-01,  2.6695e-01,  1.1232e-01,  1.4777e-01,  4.2099e-01,
         -4.9690e-03,  3.7058e-01,  2.5787e-01,  7.2464e-02,  8.9109e-03,
          1.7461e-01, -3.2923e-01, -2.8252e-01, -1.4108e-01,  1.2394e-01,
         -4.2825e-02],
        [ 1.9497e-01, -1.1659e-01,  2.6732e-02, -5.7020e-02, -3.7163e-01,
         -2.4499e-01, -1.2056e-01, -4.0400e-01, -1.0641e-01, -7.6471e-03,
          4.9282e-02,  1.8005e-01,  3.8734e-01,  2.1708e-01, -8.4116e-02,
          1.6955e-01],
        [-2.4740e-01,  2.8305e-01, -2.4574e-01,  2.1271e-01,  3.2358e-02,
          1.2250e-01,  4.0147e-01,  4.0007e-01,  4.7654e-01,  1.6830e-01,
          7.0337e-02, -1.4810e-01, -4.4843e-02,  8.6687e-02,  2.3161e-01,
         -1.8587e-01],
        [-1.9892e-01,  1.3177e-01,  5.8953e-02, -4.9176e-02,  2.8247e-01,
          3.3834e-01,  3.8715e-01,  4.6638e-02,  3.3039e-01,  2.2941e-01,
         -3.0781e-01, -6.2759e-02, -3.6936e-01, -1.8933e-01,  1.1140e-01,
         -1.5904e-01],
        [-4.6253e-02, -1.0508e-01,  1.4634e-01,  9.8107e-03, -5.8638e-02,
         -2.7961e-01, -3.9075e-01, -4.2816e-01, -3.8335e-01, -1.7168e-01,
          1.3779e-01,  1.9808e-02,  1.3978e-02,  1.6507e-01, -3.7493e-01,
          1.0905e-01]], device='cuda:0', requires_grad=True)

Parameter name: road_linear_0.bias
Shape: torch.Size([32])
Values: Parameter containing:
tensor([-0.1080,  0.0429,  0.1005, -0.0709,  0.0184, -0.0923,  0.0797,  0.1456,
        -0.0405,  0.0014, -0.0253,  0.0666,  0.1222,  0.0423,  0.0341,  0.0783,
        -0.0775, -0.0168,  0.0998,  0.0493, -0.0310, -0.0754,  0.0057, -0.0034,
        -0.0842,  0.1329,  0.1687,  0.0306, -0.0591, -0.1978,  0.0225,  0.0039],
       device='cuda:0', requires_grad=True)

Parameter name: road_linear_1.weight
Shape: torch.Size([1, 32])
Values: Parameter containing:
tensor([[ 0.3204,  0.4313, -0.2785, -0.3318,  0.4086,  0.4410, -0.3530, -0.4430,
         -0.3533,  0.4637,  0.3087,  0.4537, -0.3418, -0.4923,  0.3687, -0.3637,
         -0.3702,  0.3943, -0.2678, -0.2982,  0.5093,  0.3278, -0.4060, -0.4433,
         -0.4025, -0.4462, -0.3664,  0.4309, -0.4001,  0.4550,  0.3242, -0.2960]],
       device='cuda:0', requires_grad=True)

Parameter name: linear_0.weight
Shape: torch.Size([32, 39])
Values: Parameter containing:
tensor([[-0.0422,  0.1174,  0.0724,  ...,  0.1412, -0.2041, -0.1137],
        [-0.1443, -0.0245,  0.1363,  ...,  0.0572, -0.2435,  0.0871],
        [ 0.0338, -0.0524,  0.0257,  ...,  0.0645,  0.1867,  0.0345],
        ...,
        [ 0.1448, -0.1726, -0.0336,  ..., -0.1793, -0.0426, -0.1180],
        [ 0.1244, -0.2323, -0.0765,  ..., -0.2274,  0.0758,  0.1557],
        [-0.2205,  0.1769,  0.0752,  ...,  0.0590, -0.1938, -0.0509]],
       device='cuda:0', requires_grad=True)

Parameter name: linear_0.bias
Shape: torch.Size([32])
Values: Parameter containing:
tensor([ 0.0685,  0.0349, -0.0684, -0.1402, -0.0778,  0.0504, -0.0918,  0.0614,
        -0.0384,  0.0487,  0.0314,  0.0161, -0.0200,  0.1001, -0.0325, -0.0121,
         0.0471, -0.1610, -0.0152,  0.0798, -0.0809,  0.0125,  0.1125,  0.0328,
        -0.1035,  0.1057,  0.0514, -0.1301,  0.0422,  0.1863,  0.1798, -0.1094],
       device='cuda:0', requires_grad=True)

Parameter name: linear_1.weight
Shape: torch.Size([32, 32])
Values: Parameter containing:
tensor([[ 0.0884, -0.1913, -0.0887,  ...,  0.0871, -0.0205,  0.0620],
        [-0.1972, -0.0357,  0.1173,  ...,  0.1828, -0.0060,  0.0331],
        [ 0.1268, -0.0409, -0.1834,  ..., -0.1715, -0.0091,  0.1996],
        ...,
        [ 0.1385,  0.0709,  0.0766,  ...,  0.0546, -0.2002,  0.2984],
        [ 0.0343, -0.1789,  0.0395,  ...,  0.2934,  0.2379, -0.1456],
        [ 0.0123, -0.1199,  0.2211,  ...,  0.2590,  0.1443, -0.0628]],
       device='cuda:0', requires_grad=True)

Parameter name: linear_1.bias
Shape: torch.Size([32])
Values: Parameter containing:
tensor([ 0.1339,  0.1752, -0.0624, -0.1403,  0.0266, -0.0216, -0.0859,  0.0263,
         0.1880, -0.1663,  0.1428, -0.1560,  0.2214,  0.0585, -0.0909,  0.1817,
        -0.0829, -0.1801,  0.0585,  0.0533, -0.0631,  0.0723, -0.2244,  0.2143,
        -0.0043, -0.0638,  0.0890,  0.0119, -0.1789, -0.0759,  0.1708,  0.0467],
       device='cuda:0', requires_grad=True)

Parameter name: linear_2.weight
Shape: torch.Size([1, 32])
Values: Parameter containing:
tensor([[ 0.5836,  0.5046, -0.5598, -0.5546,  0.4048,  0.4216, -0.4762,  0.4190,
          0.4816, -0.5204, -0.4418,  0.4604,  0.4576,  0.4466,  0.4880,  0.4671,
         -0.5767, -0.5861,  0.4364,  0.4372, -0.5029, -0.4862, -0.5825,  0.4442,
          0.5292,  0.5810, -0.5572,  0.5456, -0.4857, -0.5747,  0.5172,  0.5673]],
       device='cuda:0', requires_grad=True)

Parameter name: linear_2.bias
Shape: torch.Size([1])
Values: Parameter containing:
tensor([0.3518], device='cuda:0', requires_grad=True)

