Parameter name: road_linear_0.weight
Shape: torch.Size([32, 16])
Values: Parameter containing:
tensor([[-1.8850e-01,  2.7383e-01,  1.3608e-01, -2.1665e-01,  4.0411e-02,
         -4.4601e-02,  1.5936e-01, -1.7362e-01,  4.3745e-02,  1.0391e-01,
          8.8754e-02, -1.3578e-02, -1.6063e-01, -2.7972e-01,  1.7548e-01,
          2.0406e-01],
        [-1.1448e-01, -1.8500e-01,  4.6723e-02, -2.1321e-01, -1.2288e-01,
          2.7982e-02,  1.6551e-02,  2.3526e-02,  2.6406e-01, -2.2750e-02,
          1.1423e-01, -1.1740e-01,  1.4851e-01,  3.6295e-02,  2.6329e-01,
          6.3133e-02],
        [-1.2631e-01,  1.4766e-01,  1.8669e-01,  1.0099e-02,  1.5513e-01,
         -2.1375e-01,  1.7557e-01, -1.9602e-01,  2.6105e-01,  1.1778e-01,
         -2.0823e-02, -2.7367e-01,  1.8986e-01,  1.2031e-01,  2.7038e-01,
          7.8299e-02],
        [ 1.2212e-01, -1.0273e-01, -7.5035e-02,  1.3457e-01,  4.7383e-02,
          2.8638e-02,  1.9289e-04,  4.6031e-02, -2.8147e-01, -2.4659e-01,
         -2.8221e-02,  2.0967e-01,  1.5610e-01, -2.0003e-01, -1.1470e-01,
         -4.4889e-03],
        [ 4.2538e-02,  2.4259e-01, -2.1065e-02, -2.3208e-01,  5.5792e-02,
         -1.3679e-01, -1.1258e-01,  1.7899e-01,  6.2367e-03,  1.4200e-01,
          1.5579e-01, -1.5002e-02,  1.0477e-01, -1.5814e-01,  1.8008e-01,
         -1.6543e-02],
        [ 1.2742e-01,  2.7774e-01, -2.1513e-01,  1.9867e-01,  2.3144e-01,
         -2.4200e-01,  1.1348e-01, -1.6300e-01,  1.2101e-01,  4.2700e-02,
         -2.7537e-01,  5.1008e-02, -1.0696e-01,  2.0910e-01,  2.8481e-01,
          6.5224e-02],
        [ 2.0855e-01,  5.1080e-02,  2.6053e-01,  1.5801e-02,  2.1625e-02,
         -1.7024e-03, -4.4694e-02, -1.1581e-01, -1.3858e-01,  1.8025e-01,
          9.9398e-02, -7.0852e-02, -1.8107e-01,  1.6148e-01, -2.7005e-01,
         -2.3554e-02],
        [-1.7701e-01,  1.7106e-01,  2.2964e-01, -1.6727e-01, -2.7254e-01,
         -1.0768e-01,  2.8859e-02, -1.6527e-01, -9.8858e-02, -8.3978e-02,
          8.2149e-02, -7.9129e-02,  1.5168e-01, -1.3934e-01, -6.2289e-02,
          2.2929e-01],
        [-9.9619e-02,  1.5474e-01,  1.5571e-01, -4.4017e-02,  4.7127e-02,
         -1.2959e-01, -1.8975e-02,  3.1253e-02,  1.7734e-01, -1.6011e-01,
         -1.0451e-01, -8.6191e-02, -2.0795e-01,  8.9665e-02, -2.4664e-01,
         -4.1573e-02],
        [-1.5068e-01,  5.1726e-02,  4.9712e-02, -2.1915e-01, -3.3603e-02,
         -6.4040e-02, -1.0463e-01,  9.7985e-02,  1.3204e-01, -1.5602e-01,
          1.5833e-01,  1.3845e-01, -1.1149e-01, -2.5749e-03,  7.0722e-02,
         -5.9338e-02],
        [-1.7722e-01,  2.1623e-01,  1.2494e-01, -2.1915e-01, -1.8276e-01,
          2.2855e-01,  5.0793e-02, -4.6265e-02,  1.8026e-01,  6.3023e-02,
          7.9826e-02,  1.8783e-01, -2.9556e-02,  2.2787e-01, -1.6492e-01,
         -1.5358e-01],
        [ 2.2775e-03,  7.4221e-03,  1.1612e-01, -1.0496e-01,  7.9944e-02,
         -9.2207e-02,  2.2795e-01,  2.4252e-02,  4.3879e-02,  2.0847e-01,
          2.0348e-01,  1.9949e-01, -2.6784e-01, -1.8157e-01, -1.3549e-02,
         -7.8850e-02],
        [ 1.8177e-01,  7.4167e-02,  5.7184e-03,  4.3960e-02,  1.3336e-02,
          2.5509e-01,  8.9178e-02, -1.6655e-01, -1.6771e-01,  7.5409e-02,
          6.4314e-03, -1.2098e-01, -2.0349e-01,  7.5317e-02, -1.1316e-01,
         -1.2767e-01],
        [ 8.5077e-02,  2.0463e-01,  2.3393e-01,  1.8118e-01, -2.2902e-01,
          1.8320e-01,  8.8834e-02,  4.2844e-02, -1.0197e-01, -4.8388e-03,
         -1.0605e-01, -1.6749e-02, -2.4745e-03,  4.4837e-03, -2.8920e-01,
          1.0653e-01],
        [-2.4223e-01, -1.4995e-01,  7.6146e-02, -2.4094e-01,  2.7796e-01,
          2.0076e-01, -4.0169e-02, -3.4533e-03, -1.5240e-01,  3.7354e-02,
          9.1253e-03, -1.7559e-01,  4.2767e-02, -4.8475e-02, -3.4171e-02,
         -2.4390e-02],
        [-2.0260e-01, -2.1374e-01,  5.9844e-02,  2.7849e-01, -1.8856e-01,
          2.0016e-01, -1.7231e-02, -1.4803e-01, -3.9542e-02,  9.2970e-02,
          6.8866e-02,  2.6076e-01, -1.3463e-02, -1.2692e-01,  1.8545e-01,
         -4.4519e-02],
        [ 1.9420e-01,  1.2610e-01,  6.9351e-02, -1.6631e-01, -2.8601e-01,
          1.5918e-01,  2.0993e-02,  1.0500e-01, -2.6024e-01, -7.5393e-03,
          2.1867e-01,  1.7107e-01,  2.4626e-01,  2.3629e-01, -1.0215e-01,
         -1.6777e-01],
        [-1.6925e-01,  1.2396e-01, -1.2362e-01, -3.8130e-02,  8.0302e-02,
          1.1467e-01,  1.7959e-01,  1.8307e-01,  4.9818e-02,  1.0494e-01,
         -1.0762e-01, -1.3968e-01, -7.8675e-02, -1.8484e-01,  2.6354e-01,
         -2.9954e-02],
        [ 3.4351e-02,  3.0756e-02, -3.0254e-02, -1.7018e-01,  2.1585e-02,
         -2.6173e-01, -7.9428e-02,  2.3272e-01, -1.9443e-01,  6.2663e-02,
          1.6733e-03, -2.7897e-01,  1.2098e-02,  7.6814e-02,  2.2116e-01,
          2.4588e-02],
        [ 2.2938e-01, -2.5585e-02,  1.1736e-01,  1.0640e-01, -2.2188e-01,
         -2.1464e-02, -2.1334e-01,  1.5630e-01,  8.1420e-02, -1.2228e-01,
         -1.2219e-02,  1.0338e-01, -1.8554e-01,  4.3427e-02,  8.1554e-02,
          4.9631e-02],
        [-6.2441e-02,  1.9891e-01,  8.2378e-02, -2.6005e-01,  1.8759e-01,
         -2.3770e-01,  1.8042e-01,  2.5092e-01,  6.2806e-02, -6.6374e-02,
         -1.6786e-01, -1.5057e-01, -8.2930e-02, -1.4369e-01,  2.8879e-01,
         -1.3458e-01],
        [ 6.6265e-02, -1.9391e-01,  1.0150e-01,  1.7472e-01, -1.3923e-01,
         -1.0386e-01,  9.8968e-02, -1.9947e-01, -1.1896e-01,  8.1540e-02,
          2.0164e-01, -1.1372e-01, -3.9740e-02, -2.8077e-01, -1.9975e-01,
          1.9739e-01],
        [ 2.5050e-01, -1.1483e-01, -7.2751e-02,  2.2385e-02,  7.5682e-02,
         -2.0116e-01, -1.7872e-01, -1.2283e-01, -1.4841e-01, -2.0790e-02,
          2.1859e-01,  9.4033e-02, -1.8787e-01,  2.7100e-01,  1.6094e-01,
          9.8070e-02],
        [ 1.5602e-01,  5.4717e-02,  2.3009e-01, -2.0161e-01, -1.9605e-01,
          8.8362e-03, -8.7738e-02, -2.0644e-01, -2.7938e-01, -1.6299e-01,
         -3.4709e-02,  2.5178e-01,  2.0428e-01,  1.1189e-01, -1.9398e-01,
         -9.9241e-02],
        [ 6.3357e-02, -2.7006e-01,  1.5032e-02,  8.8750e-02,  1.8556e-01,
         -2.5399e-02,  2.0519e-01, -2.1650e-02, -2.1331e-01,  2.1494e-01,
          2.5519e-01, -1.5791e-01, -1.0781e-01,  1.5956e-01, -1.9438e-01,
          1.9492e-01],
        [-8.0899e-02, -1.1631e-01, -4.5432e-02,  2.7700e-01, -1.2506e-01,
         -8.0477e-03,  1.1102e-01, -2.1157e-01, -4.1013e-02, -2.0126e-01,
         -1.9455e-01, -1.7406e-02,  6.5944e-02,  2.5318e-01, -2.8039e-01,
         -4.8923e-02],
        [ 1.0426e-01,  5.5708e-02,  1.7219e-01, -1.6246e-01, -1.0149e-01,
          9.8106e-02, -2.4067e-01,  8.5507e-02, -2.7827e-01,  1.4230e-01,
          1.1779e-01, -3.1462e-02,  1.1944e-01,  2.5159e-01,  1.4347e-01,
          1.7045e-01],
        [-1.8551e-01,  1.0959e-01,  1.6076e-01,  6.9866e-03,  2.0606e-01,
         -1.9518e-01,  2.1596e-01,  3.2308e-02, -1.8434e-01, -3.8160e-02,
          1.8158e-01, -1.2695e-01, -7.6198e-02, -1.4023e-01, -9.5309e-02,
          1.6221e-02],
        [ 1.9134e-01, -8.5459e-03,  1.1667e-02,  5.1606e-02, -2.2799e-01,
         -9.1442e-02, -2.8055e-02, -2.4052e-01,  8.3916e-02,  1.0225e-02,
          4.1555e-02,  2.3633e-02,  2.4598e-01,  2.6830e-01,  8.1571e-02,
          1.5271e-01],
        [-1.5798e-01,  1.4107e-01, -1.9465e-01,  6.9138e-02, -1.3720e-01,
         -4.1910e-02,  2.2144e-01,  2.0640e-01,  2.6060e-01,  5.7119e-02,
          9.3585e-02,  2.7574e-02,  1.4365e-01,  9.1503e-02,  1.1411e-01,
         -8.5389e-02],
        [-1.5989e-01, -2.3220e-02,  9.2724e-02, -1.7404e-01,  1.0869e-01,
          1.7877e-01,  2.5209e-01, -1.4349e-01,  1.1113e-01,  1.8709e-01,
         -2.6491e-01,  1.2013e-01, -1.9346e-01, -2.2064e-01, -6.5538e-02,
         -1.1793e-01],
        [-8.2412e-02,  4.7765e-02,  1.2468e-01,  1.1948e-01,  1.4762e-01,
         -1.3460e-01, -2.6266e-01, -2.2591e-01, -1.6254e-01, -1.2337e-01,
          1.2416e-01, -1.5649e-01, -1.5939e-01,  1.5850e-01, -1.8422e-01,
          5.0603e-02]], requires_grad=True)

Parameter name: road_linear_0.bias
Shape: torch.Size([32])
Values: Parameter containing:
tensor([-0.1943,  0.1179,  0.1878, -0.1779,  0.0537, -0.0920,  0.1230,  0.2113,
        -0.2080,  0.0855,  0.1702,  0.1993,  0.1676,  0.0234,  0.0094,  0.0901,
        -0.1879, -0.0088, -0.0119, -0.1722, -0.0078,  0.0047, -0.1214, -0.1148,
        -0.2747,  0.1989,  0.0852,  0.1415, -0.1739, -0.2041,  0.1892, -0.0685],
       requires_grad=True)

Parameter name: road_linear_1.weight
Shape: torch.Size([1, 32])
Values: Parameter containing:
tensor([[ 0.0674,  0.1159,  0.0518, -0.0458,  0.1462,  0.1817, -0.0857, -0.1635,
         -0.0598,  0.1383, -0.0141,  0.1802, -0.0834, -0.1943,  0.0483, -0.1147,
         -0.1460,  0.1505,  0.0535, -0.0280,  0.2123,  0.1149, -0.1844, -0.2030,
         -0.1259, -0.1782, -0.1331,  0.1600, -0.1583,  0.2031,  0.0950, -0.0336]],
       requires_grad=True)

Parameter name: linear_0.weight
Shape: torch.Size([32, 39])
Values: Parameter containing:
tensor([[ 0.0043,  0.0510,  0.0229,  ...,  0.0133, -0.1267, -0.1137],
        [-0.0173, -0.1445,  0.1198,  ...,  0.0034, -0.1902,  0.0871],
        [-0.1224,  0.0995,  0.0770,  ...,  0.1196,  0.1052,  0.0345],
        ...,
        [ 0.1140, -0.1076,  0.0447,  ..., -0.0821, -0.1046, -0.1180],
        [-0.0180, -0.0987, -0.0421,  ..., -0.1679,  0.0011,  0.1557],
        [-0.1676,  0.0920,  0.0047,  ..., -0.0608, -0.1081, -0.0509]],
       requires_grad=True)

Parameter name: linear_0.bias
Shape: torch.Size([32])
Values: Parameter containing:
tensor([ 0.0384,  0.0898, -0.1361, -0.0833, -0.0221, -0.0042, -0.1152,  0.1004,
        -0.0403,  0.1203,  0.0702, -0.0498, -0.0420,  0.0761, -0.1078, -0.0651,
         0.0972, -0.1496, -0.0044,  0.0328, -0.1026,  0.0865,  0.0618, -0.0491,
        -0.0350,  0.1063, -0.0082, -0.1458,  0.0761,  0.1862,  0.1132, -0.1164],
       requires_grad=True)

Parameter name: linear_1.weight
Shape: torch.Size([32, 32])
Values: Parameter containing:
tensor([[ 0.1921, -0.1039, -0.1057,  ..., -0.0471, -0.1046,  0.1592],
        [-0.0651,  0.0601,  0.0717,  ...,  0.0358, -0.1015,  0.1582],
        [-0.0094, -0.1313, -0.1338,  ..., -0.0269,  0.0824,  0.0662],
        ...,
        [-0.0029,  0.0140,  0.1107,  ...,  0.1650, -0.1282,  0.1607],
        [ 0.1296, -0.0531,  0.0261,  ...,  0.1208,  0.1355, -0.0576],
        [ 0.1292, -0.0435,  0.1959,  ...,  0.1308,  0.0632,  0.0511]],
       requires_grad=True)

Parameter name: linear_1.bias
Shape: torch.Size([32])
Values: Parameter containing:
tensor([ 0.0424,  0.0738,  0.0328, -0.0157, -0.0905, -0.1305,  0.0221, -0.1297,
         0.0758, -0.0965,  0.1837, -0.1839,  0.1180,  0.0502, -0.1955,  0.0239,
        -0.0857, -0.1126, -0.0203, -0.0787,  0.0718,  0.1687, -0.1339,  0.1486,
        -0.1261, -0.0618,  0.1429, -0.1034, -0.0618, -0.0166,  0.0391, -0.0347],
       requires_grad=True)

Parameter name: linear_2.weight
Shape: torch.Size([1, 32])
Values: Parameter containing:
tensor([[ 0.1892,  0.0844, -0.1852, -0.1365,  0.0473,  0.0272, -0.0863,  0.0886,
          0.0608, -0.0816, -0.0673,  0.0949,  0.0711, -0.0235,  0.1218,  0.0584,
         -0.1836, -0.2005,  0.0395,  0.0919, -0.1453, -0.1197, -0.1921,  0.0027,
          0.1553,  0.1896, -0.1756,  0.1481, -0.1029, -0.1875,  0.1456,  0.1805]],
       requires_grad=True)

Parameter name: linear_2.bias
Shape: torch.Size([1])
Values: Parameter containing:
tensor([-0.0391], requires_grad=True)

Parameter name: road_linear_0.weight
Shape: torch.Size([32, 16])
Values: Parameter containing:
tensor([[-0.1676,  0.2157,  0.1372, -0.1599, -0.0200,  0.0199,  0.1007, -0.2334,
         -0.0152,  0.1043,  0.1426,  0.0463, -0.1108, -0.2539,  0.1154,  0.2056],
        [-0.1029, -0.2538,  0.0330, -0.1464, -0.1923,  0.1072, -0.0500, -0.0494,
          0.1976, -0.0113,  0.1794, -0.0424,  0.2018,  0.0481,  0.1960,  0.0511],
        [-0.0672,  0.1257,  0.2338,  0.0288,  0.1270, -0.1973,  0.1537, -0.2211,
          0.2002,  0.0817,  0.0490, -0.2494,  0.2090,  0.1972,  0.2102,  0.1190],
        [ 0.0555, -0.0953, -0.1382,  0.1250,  0.0576,  0.0270,  0.0157,  0.0548,
         -0.2666, -0.1939, -0.0443,  0.2007,  0.1306, -0.2842, -0.0999, -0.0608],
        [ 0.0547,  0.1739, -0.0350, -0.1657, -0.0139, -0.0573, -0.1792,  0.1055,
         -0.0604,  0.1508,  0.2220,  0.0600,  0.1540, -0.1452,  0.1128, -0.0263],
        [ 0.1363,  0.2074, -0.2308,  0.2683,  0.1607, -0.1602,  0.0474, -0.2364,
          0.0532,  0.0729, -0.2280,  0.1281, -0.0477,  0.2131,  0.2154,  0.0484],
        [ 0.1900,  0.1092,  0.2820, -0.0344,  0.0935, -0.0816, -0.0269, -0.0380,
         -0.0566,  0.1482,  0.0602, -0.1538, -0.1893,  0.1445, -0.1889,  0.0270],
        [-0.2090,  0.2349,  0.2473, -0.2260, -0.2011, -0.1881,  0.0562, -0.0894,
         -0.0223, -0.0759,  0.0039, -0.1590,  0.1381, -0.1556,  0.0140,  0.2472],
        [-0.1122,  0.2243,  0.1745, -0.1106,  0.1197, -0.2116,  0.0378,  0.1075,
          0.2509, -0.1709, -0.1831, -0.1653, -0.2451,  0.0815, -0.1724, -0.0272],
        [-0.1418, -0.0184,  0.0344, -0.1509, -0.1039,  0.0165, -0.1752,  0.0236,
          0.0666, -0.1425,  0.2204,  0.2137, -0.0546,  0.0088,  0.0044, -0.0719],
        [-0.2091,  0.1620,  0.0735, -0.1668, -0.2345,  0.2871, -0.0024, -0.1016,
          0.1417,  0.1167,  0.0692,  0.2409,  0.0206,  0.2002, -0.2047, -0.1991],
        [ 0.0059, -0.0659,  0.1007, -0.0333,  0.0077, -0.0100,  0.1507, -0.0518,
         -0.0171,  0.2238,  0.2521,  0.2744, -0.2124, -0.1705, -0.0760, -0.0904],
        [ 0.1710,  0.1411,  0.0160, -0.0216,  0.0796,  0.1794,  0.1571, -0.0975,
         -0.1064,  0.0475, -0.0339, -0.1915, -0.2640,  0.0648, -0.0508, -0.1125],
        [ 0.0659,  0.2737,  0.2519,  0.1161, -0.1563,  0.1008,  0.1356,  0.1201,
         -0.0265, -0.0301, -0.1765, -0.0969, -0.0281, -0.0077, -0.2137,  0.1274],
        [-0.2346, -0.2224,  0.0562, -0.1720,  0.2042,  0.2834, -0.1051, -0.0818,
         -0.2246,  0.0506,  0.0816, -0.0964,  0.0867, -0.0394, -0.1068, -0.0422],
        [-0.2360, -0.1565,  0.0687,  0.2248, -0.1230,  0.1284,  0.0144, -0.0803,
          0.0304,  0.1099, -0.0063,  0.1880, -0.0286, -0.1497,  0.2555, -0.0423],
        [ 0.1831,  0.1933,  0.0842, -0.2322, -0.2173,  0.0802,  0.0814,  0.1769,
         -0.1913, -0.0643,  0.1793,  0.0949,  0.1970,  0.2276, -0.0322, -0.1350],
        [-0.1676,  0.0579, -0.1410,  0.0251,  0.0104,  0.1946,  0.1299,  0.1098,
         -0.0239,  0.1649, -0.0733, -0.0612, -0.0435, -0.1735,  0.1893, -0.0747],
        [ 0.0826,  0.0005,  0.0130, -0.1415, -0.0120, -0.2390, -0.1180,  0.2039,
         -0.2304,  0.0295,  0.0326, -0.2543,  0.0541,  0.1536,  0.1844,  0.0617],
        [ 0.2339,  0.0516,  0.1443,  0.0343, -0.1445, -0.1032, -0.1393,  0.2379,
          0.1539, -0.1477, -0.0748,  0.0233, -0.2465,  0.0417,  0.1544,  0.0774],
        [-0.0528,  0.1289,  0.0676, -0.1915,  0.1170, -0.1567,  0.1127,  0.1773,
         -0.0036, -0.0503, -0.1048, -0.0747, -0.0252, -0.1347,  0.2211, -0.1452],
        [ 0.0701, -0.2668,  0.0832,  0.2467, -0.2119, -0.0206,  0.0290, -0.2750,
         -0.1854,  0.1243,  0.2404, -0.0362,  0.0241, -0.2762, -0.2679,  0.1773],
        [ 0.2326, -0.0469, -0.0559, -0.0423,  0.1471, -0.2822, -0.1267, -0.0473,
         -0.0742, -0.0325,  0.1413,  0.0150, -0.2212,  0.2588,  0.2356,  0.1167],
        [ 0.1422,  0.1210,  0.2461, -0.2654, -0.1263, -0.0707, -0.0354, -0.1332,
         -0.2071, -0.2166, -0.0790,  0.1742,  0.1686,  0.0993, -0.1212, -0.0645],
        [ 0.0495, -0.1997,  0.0326,  0.0218,  0.2582, -0.1079,  0.2635,  0.0553,
         -0.1396,  0.2056,  0.1771, -0.2375, -0.1478,  0.1496, -0.1204,  0.2094],
        [-0.0903, -0.0462, -0.0308,  0.2078, -0.0548, -0.0891,  0.1779, -0.1387,
          0.0251, -0.2265, -0.2404, -0.0931,  0.0063,  0.2481, -0.2124, -0.0345],
        [ 0.0915,  0.1273,  0.1906, -0.2309, -0.0280,  0.0150, -0.1828,  0.1633,
         -0.2044,  0.1247,  0.0426, -0.1113,  0.0830,  0.2408,  0.2177,  0.1917],
        [-0.1598,  0.0475,  0.1496,  0.0654,  0.1383, -0.1200,  0.1804, -0.0391,
         -0.2541, -0.0450,  0.2545, -0.0528, -0.0603, -0.1202, -0.1649,  0.0111],
        [ 0.1894,  0.0684,  0.0296, -0.0231, -0.1527, -0.1767,  0.0526, -0.1609,
          0.1465, -0.0038,  0.0064, -0.0543,  0.1742,  0.2609,  0.1455,  0.1663],
        [-0.1380,  0.0746, -0.2117,  0.1321, -0.2082,  0.0386,  0.1769,  0.1314,
          0.1859,  0.1077,  0.1388,  0.1066,  0.1698,  0.1055,  0.0394, -0.1244],
        [-0.1543, -0.0989,  0.0734, -0.1012,  0.0330,  0.2638,  0.1805, -0.2233,
          0.0394,  0.2012, -0.1962,  0.2005, -0.1351, -0.2127, -0.1381, -0.1364],
        [-0.0887,  0.0966,  0.1295,  0.0796,  0.1974, -0.1896, -0.2447, -0.1726,
         -0.1102, -0.1313,  0.0792, -0.2095, -0.1581,  0.1794, -0.1321,  0.0777]],
       device='cuda:0', requires_grad=True)

Parameter name: road_linear_0.bias
Shape: torch.Size([32])
Values: Parameter containing:
tensor([-0.2016,  0.0930,  0.1766, -0.2048,  0.1155, -0.1515,  0.1094,  0.1784,
        -0.2329,  0.0977,  0.1253,  0.2099,  0.2146,  0.0006,  0.0623,  0.0103,
        -0.1459, -0.0260, -0.0202, -0.1244, -0.0349, -0.0632, -0.1306, -0.0982,
        -0.2847,  0.2590,  0.0754,  0.2170, -0.1683, -0.1986,  0.1736, -0.0849],
       device='cuda:0', requires_grad=True)

Parameter name: road_linear_1.weight
Shape: torch.Size([1, 32])
Values: Parameter containing:
tensor([[-0.0029,  0.0846, -0.0282,  0.0364,  0.0811,  0.1210, -0.0948, -0.1940,
         -0.1373,  0.1217,  0.0562,  0.1679, -0.0351, -0.2166,  0.0957, -0.0423,
         -0.1016,  0.1281, -0.0285, -0.0573,  0.1403,  0.1858, -0.1846, -0.1793,
         -0.1223, -0.1155, -0.1356,  0.0827, -0.1636,  0.2018,  0.1021, -0.0465]],
       device='cuda:0', requires_grad=True)

Parameter name: linear_0.weight
Shape: torch.Size([32, 39])
Values: Parameter containing:
tensor([[-0.0044,  0.0606,  0.0127,  ...,  0.0092, -0.1580, -0.1137],
        [-0.0049, -0.1487,  0.1175,  ...,  0.0041, -0.1542,  0.0871],
        [-0.1290,  0.1011,  0.0802,  ...,  0.1200,  0.0694,  0.0345],
        ...,
        [ 0.1234, -0.1140,  0.0431,  ..., -0.0800, -0.0697, -0.1180],
        [-0.0228, -0.0993, -0.0354,  ..., -0.1632, -0.0348,  0.1557],
        [-0.1768,  0.0939,  0.0045,  ..., -0.0605, -0.1442, -0.0509]],
       device='cuda:0', requires_grad=True)

Parameter name: linear_0.bias
Shape: torch.Size([32])
Values: Parameter containing:
tensor([ 0.0310,  0.0988, -0.1390, -0.0809, -0.0154, -0.0091, -0.1685,  0.1059,
        -0.0542,  0.1257,  0.0796, -0.0502, -0.0460,  0.0794, -0.1168, -0.0673,
         0.0947, -0.1477, -0.0036,  0.0359, -0.1060,  0.0974,  0.0546, -0.0538,
        -0.0253,  0.1150, -0.0150, -0.1490,  0.0693,  0.1924,  0.1115, -0.1201],
       device='cuda:0', requires_grad=True)

Parameter name: linear_1.weight
Shape: torch.Size([32, 32])
Values: Parameter containing:
tensor([[ 0.1986, -0.1102, -0.0985,  ..., -0.0544, -0.1003,  0.1586],
        [-0.0513,  0.0464,  0.0859,  ...,  0.0212, -0.0899,  0.1653],
        [-0.0192, -0.1215, -0.1440,  ..., -0.0164,  0.0749,  0.0640],
        ...,
        [-0.0108,  0.0219,  0.1019,  ...,  0.1737, -0.1337,  0.1598],
        [ 0.1429, -0.0661,  0.0397,  ...,  0.1069,  0.1467, -0.0514],
        [ 0.1355, -0.0501,  0.2030,  ...,  0.1238,  0.0672,  0.0513]],
       device='cuda:0', requires_grad=True)

Parameter name: linear_1.bias
Shape: torch.Size([32])
Values: Parameter containing:
tensor([ 0.0414,  0.0663,  0.0363, -0.0106, -0.1009, -0.1393,  0.0291, -0.1387,
         0.0688, -0.0883,  0.1931, -0.1827,  0.1120,  0.0623, -0.1986,  0.0179,
        -0.0804, -0.1123, -0.0324, -0.0810,  0.0754,  0.1723, -0.1304,  0.1514,
        -0.1307, -0.0658,  0.1435, -0.1104, -0.0570, -0.0147,  0.0316, -0.0348],
       device='cuda:0', requires_grad=True)

Parameter name: linear_2.weight
Shape: torch.Size([1, 32])
Values: Parameter containing:
tensor([[ 0.2019,  0.0835, -0.2085, -0.1617,  0.0639,  0.0402, -0.1022,  0.1061,
          0.0813, -0.0789, -0.0807,  0.1087,  0.0797, -0.0489,  0.1384,  0.0519,
         -0.1903, -0.2140,  0.0582,  0.1052, -0.1580, -0.1379, -0.2092, -0.0062,
          0.1703,  0.2054, -0.1894,  0.1533, -0.1172, -0.2013,  0.1630,  0.1941]],
       device='cuda:0', requires_grad=True)

Parameter name: linear_2.bias
Shape: torch.Size([1])
Values: Parameter containing:
tensor([-0.0470], device='cuda:0', requires_grad=True)

