Parameter name: road_linear_0.weight
Shape: torch.Size([32, 16])
Values: Parameter containing:
tensor([[-0.2430,  0.4549,  0.1151, -0.0915,  0.3165,  0.1413,  0.3269,  0.1198,
          0.3459,  0.1564,  0.1498, -0.2841, -0.3401, -0.2401,  0.3882,  0.1509],
        [-0.0989, -0.1511,  0.0588, -0.1230,  0.0892,  0.2022,  0.0595,  0.2865,
          0.6048, -0.0311,  0.2501, -0.3755,  0.0811,  0.1129,  0.6096,  0.0693],
        [ 0.0460, -0.1615,  0.2787, -0.0591, -0.2774, -0.2890, -0.1058, -0.5835,
         -0.1662,  0.0016,  0.0394,  0.1022,  0.5228,  0.2221, -0.0981,  0.1949],
        [ 0.0621, -0.1399, -0.1224,  0.0772, -0.1083, -0.1192, -0.0138, -0.1894,
         -0.5815, -0.2042, -0.1628,  0.4248,  0.1877, -0.3315, -0.3666, -0.0396],
        [ 0.0649,  0.3071,  0.0066, -0.1492,  0.2564,  0.0252, -0.0360,  0.4465,
          0.3251,  0.1231,  0.2755, -0.2440,  0.0222, -0.0691,  0.4556, -0.0060],
        [ 0.0056,  0.4738, -0.2647,  0.3367,  0.5032, -0.0696,  0.3180,  0.1157,
          0.3854,  0.1461, -0.2349, -0.2148, -0.3108,  0.2167,  0.4759, -0.0209],
        [ 0.2018, -0.0526,  0.2277, -0.0571, -0.1759, -0.1398, -0.1059, -0.3629,
         -0.4386,  0.1406, -0.0712,  0.1642, -0.0855,  0.0391, -0.4529, -0.0038],
        [-0.2202,  0.0555,  0.1835, -0.2284, -0.4735, -0.2246, -0.0247, -0.4026,
         -0.3834, -0.0584, -0.1054,  0.1501,  0.2529, -0.2674, -0.2540,  0.2027],
        [-0.1120,  0.0574,  0.1478, -0.1368, -0.2287, -0.2858, -0.0752, -0.2647,
         -0.2113, -0.1564, -0.2436,  0.2146, -0.1199,  0.0121, -0.5894, -0.0461],
        [-0.1400,  0.1102,  0.0609, -0.1254,  0.1911,  0.1063, -0.0343,  0.3838,
          0.4952, -0.1589,  0.2874, -0.1271, -0.2016,  0.0695,  0.4041, -0.0580],
        [-0.2257,  0.4188,  0.0885, -0.1360,  0.1263,  0.3487,  0.2002,  0.2729,
          0.5592,  0.1203,  0.0822, -0.1285, -0.2163,  0.2623,  0.1644, -0.2059],
        [ 0.0390,  0.1082,  0.1509, -0.0381,  0.3191,  0.0439,  0.2632,  0.2976,
          0.3876,  0.1819,  0.3382, -0.0682, -0.3746, -0.0674,  0.2785, -0.0483],
        [ 0.2126, -0.0650,  0.0187, -0.0800, -0.2485,  0.0537, -0.0614, -0.4776,
         -0.5286,  0.0186, -0.0669,  0.1608, -0.0471,  0.0415, -0.4151, -0.0793],
        [ 0.0397,  0.1732,  0.1916,  0.1155, -0.4141,  0.0315,  0.0576, -0.2051,
         -0.4437,  0.0055, -0.2675,  0.2161,  0.0460, -0.1072, -0.5665,  0.0804],
        [-0.2133, -0.0811,  0.0973, -0.1600,  0.5077,  0.3492, -0.0060,  0.2657,
          0.1974,  0.0208,  0.1662, -0.4420, -0.0219,  0.0479,  0.2702, -0.0121],
        [-0.1498, -0.3609,  0.0867,  0.1406, -0.4639, -0.0053, -0.1829, -0.4610,
         -0.3708,  0.0475, -0.0207,  0.5447,  0.1592, -0.1494, -0.0971,  0.0114],
        [ 0.0967,  0.0822, -0.0079, -0.1931, -0.4244,  0.0356,  0.0406, -0.1052,
         -0.5263,  0.0065,  0.0791,  0.3686,  0.2617,  0.0603, -0.3124, -0.2236],
        [-0.1438,  0.2310, -0.0765,  0.0173,  0.2400,  0.2130,  0.2425,  0.3809,
          0.2347,  0.1424, -0.0354, -0.3224, -0.1608, -0.0460,  0.3813, -0.0291],
        [ 0.1532, -0.2543,  0.0143, -0.1945, -0.3715, -0.3074, -0.2986, -0.1264,
         -0.5734, -0.0159,  0.0874,  0.0622,  0.2973,  0.1224, -0.1322,  0.0874],
        [ 0.3154, -0.2578,  0.1440, -0.0041, -0.5092, -0.1655, -0.3877, -0.1381,
         -0.2168, -0.1827,  0.0230,  0.3961,  0.0407, -0.0010, -0.1698,  0.1075],
        [-0.0463,  0.2635,  0.1112, -0.1868,  0.3543, -0.0835,  0.2681,  0.4766,
          0.2819, -0.0651, -0.0674, -0.3302, -0.1604, -0.0547,  0.4640, -0.1235],
        [ 0.0177,  0.0092,  0.0693,  0.3057,  0.2238,  0.0694,  0.2213,  0.1337,
          0.2835,  0.1513,  0.3122, -0.4569, -0.2390, -0.2507,  0.1585,  0.1519],
        [ 0.2960, -0.3046, -0.0744, -0.0712, -0.1685, -0.3203, -0.3133, -0.3779,
         -0.4221, -0.0593,  0.2134,  0.3515,  0.0044,  0.1955, -0.0548,  0.1208],
        [ 0.0229,  0.0517,  0.1242, -0.2024, -0.2657, -0.0760, -0.0425, -0.3612,
         -0.4502, -0.1227, -0.1546,  0.3894,  0.1772, -0.1011, -0.3237, -0.1804],
        [ 0.0438, -0.3701, -0.0039,  0.0014, -0.0380, -0.1791,  0.1308, -0.2895,
         -0.5762,  0.2219,  0.1350,  0.0961, -0.0135,  0.0695, -0.4814,  0.1861],
        [-0.1177, -0.1542, -0.0895,  0.2067, -0.2878, -0.1566,  0.0485, -0.4465,
         -0.3304, -0.1875, -0.3346,  0.1628,  0.1243,  0.1558, -0.5251, -0.0658],
        [ 0.2510, -0.1593,  0.2119, -0.2793, -0.3503, -0.0440, -0.4565, -0.1836,
         -0.5358,  0.0472,  0.1481,  0.2278,  0.3548,  0.2311, -0.0619,  0.2458],
        [-0.1822,  0.2452,  0.1768,  0.0946,  0.4711, -0.0388,  0.3023,  0.3198,
          0.1418, -0.0424,  0.2833, -0.4012, -0.2164, -0.0536,  0.1823,  0.0177],
        [ 0.1371, -0.1163, -0.0347, -0.0051, -0.4221, -0.2051, -0.0596, -0.4658,
         -0.1770,  0.0403, -0.0450,  0.2503,  0.3391,  0.1345, -0.1418,  0.1124],
        [-0.2490,  0.3204, -0.2172,  0.1886,  0.1027,  0.0944,  0.3994,  0.4602,
          0.5113,  0.1659,  0.1143, -0.2187, -0.0465,  0.1339,  0.2692, -0.1667],
        [-0.1855,  0.1707,  0.1012, -0.0887,  0.3558,  0.3042,  0.3647,  0.1172,
          0.3964,  0.2079, -0.2636, -0.1404, -0.3877, -0.1296,  0.1694, -0.1251],
        [-0.1216, -0.0724,  0.0743,  0.0703, -0.0854, -0.2386, -0.3151, -0.4842,
         -0.4601, -0.1094,  0.0253,  0.0803, -0.0648,  0.0702, -0.4351,  0.0387]],
       device='cuda:0', requires_grad=True)

Parameter name: road_linear_0.bias
Shape: torch.Size([32])
Values: Parameter containing:
tensor([-0.0763,  0.1461,  0.1280, -0.1740,  0.1213, -0.1112,  0.0165,  0.1160,
        -0.1137,  0.1082, -0.0052,  0.1170,  0.0348, -0.0629,  0.1173,  0.0008,
        -0.1526, -0.0130,  0.1316,  0.0839,  0.0490, -0.0673,  0.0378, -0.0692,
        -0.1726,  0.0238,  0.2084,  0.0729, -0.0706, -0.2163, -0.0087, -0.0492],
       device='cuda:0', requires_grad=True)

Parameter name: road_linear_1.weight
Shape: torch.Size([1, 32])
Values: Parameter containing:
tensor([[ 0.3922,  0.5588, -0.3123, -0.4489,  0.5252,  0.4970, -0.4314, -0.5109,
         -0.4439,  0.5810,  0.3730,  0.5357, -0.4380, -0.6109,  0.4692, -0.4605,
         -0.4556,  0.4567, -0.2947, -0.3392,  0.6002,  0.3811, -0.4420, -0.5326,
         -0.4908, -0.5586, -0.3965,  0.5169, -0.4607,  0.5129,  0.3481, -0.3712]],
       device='cuda:0', requires_grad=True)

Parameter name: linear_0.weight
Shape: torch.Size([32, 39])
Values: Parameter containing:
tensor([[-0.0318,  0.1080,  0.0627,  ...,  0.1615, -0.2887, -0.1137],
        [-0.1414, -0.0291,  0.1371,  ...,  0.0560, -0.3145,  0.0871],
        [ 0.0298, -0.0469,  0.0258,  ...,  0.0636,  0.2601,  0.0345],
        ...,
        [ 0.1422, -0.1674, -0.0359,  ..., -0.1753,  0.0291, -0.1180],
        [ 0.1193, -0.2255, -0.0754,  ..., -0.2283,  0.1487,  0.1557],
        [-0.2165,  0.1739,  0.0716,  ...,  0.0690, -0.2716, -0.0509]],
       device='cuda:0', requires_grad=True)

Parameter name: linear_0.bias
Shape: torch.Size([32])
Values: Parameter containing:
tensor([ 0.0763,  0.0318, -0.0661, -0.1408, -0.0816,  0.0450, -0.0897,  0.0688,
        -0.0374,  0.0493,  0.0429,  0.0194, -0.0235,  0.1011, -0.0292, -0.0140,
         0.0478, -0.1627, -0.0087,  0.0840, -0.0869,  0.0092,  0.1159,  0.0380,
        -0.1079,  0.1087,  0.0546, -0.1373,  0.0426,  0.1910,  0.1813, -0.1073],
       device='cuda:0', requires_grad=True)

Parameter name: linear_1.weight
Shape: torch.Size([32, 32])
Values: Parameter containing:
tensor([[ 0.0888, -0.2033, -0.0443,  ...,  0.0960, -0.0106,  0.0587],
        [-0.1936, -0.0489,  0.1609,  ...,  0.1934,  0.0053,  0.0329],
        [ 0.1225, -0.0292, -0.2193,  ..., -0.1809, -0.0194,  0.1990],
        ...,
        [ 0.1277,  0.0845,  0.0561,  ...,  0.0431, -0.2149,  0.2931],
        [ 0.0302, -0.1938,  0.0887,  ...,  0.3037,  0.2507, -0.1532],
        [ 0.0130, -0.1279,  0.2561,  ...,  0.2648,  0.1500, -0.0646]],
       device='cuda:0', requires_grad=True)

Parameter name: linear_1.bias
Shape: torch.Size([32])
Values: Parameter containing:
tensor([ 0.1403,  0.1833, -0.0696, -0.1445,  0.0357, -0.0107, -0.0933,  0.0331,
         0.1933, -0.1768,  0.1502, -0.1822,  0.2265,  0.0702, -0.0852,  0.1890,
        -0.0504, -0.1875,  0.0652,  0.0583, -0.0685,  0.0656, -0.2351,  0.2224,
         0.0045, -0.0887,  0.0840,  0.0148, -0.1866, -0.0846,  0.1777,  0.0512],
       device='cuda:0', requires_grad=True)

Parameter name: linear_2.weight
Shape: torch.Size([1, 32])
Values: Parameter containing:
tensor([[ 0.7861,  0.7119, -0.7696, -0.7523,  0.6166,  0.6336, -0.6853,  0.6071,
          0.6726, -0.7338, -0.6466,  0.6598,  0.6541,  0.6594,  0.6793,  0.6541,
         -0.7733, -0.7935,  0.6458,  0.6387, -0.6998, -0.6947, -0.7967,  0.6521,
          0.7385,  0.7809, -0.7677,  0.7493, -0.6906, -0.7874,  0.7032,  0.7716]],
       device='cuda:0', requires_grad=True)

Parameter name: linear_2.bias
Shape: torch.Size([1])
Values: Parameter containing:
tensor([0.5317], device='cuda:0', requires_grad=True)

