Parameter name: road_linear_0.weight
Shape: torch.Size([32, 16])
Values: Parameter containing:
tensor([[-0.3419,  0.4313, -0.0287,  0.0156,  0.1614,  0.1913,  0.3093, -0.0392,
          0.1797,  0.2811, -0.0328, -0.1669, -0.3174, -0.3846,  0.2248,  0.0382],
        [-0.2810, -0.0318, -0.1302,  0.0291,  0.0143,  0.2695,  0.1823,  0.1697,
          0.4258,  0.1560, -0.0208, -0.2934, -0.0239, -0.0803,  0.3672, -0.1102],
        [ 0.0997, -0.0703,  0.3981, -0.1507, -0.0854, -0.3665, -0.0446, -0.4138,
          0.0358, -0.0913,  0.1342, -0.0388,  0.4212,  0.3396,  0.0913,  0.2823],
        [ 0.2743, -0.2348,  0.0903, -0.0910, -0.0486, -0.2050, -0.1336, -0.0769,
         -0.3987, -0.4102,  0.1094,  0.3668,  0.3054, -0.1094, -0.1651,  0.1594],
        [-0.1142,  0.3948, -0.1883,  0.0039,  0.1793,  0.0919,  0.0423,  0.3145,
          0.1541,  0.3118,  0.0178, -0.1771, -0.0608, -0.2652,  0.2615, -0.1806],
        [-0.0015,  0.4038, -0.3559,  0.4091,  0.3200, -0.0349,  0.2312, -0.0562,
          0.2286,  0.2146, -0.3533, -0.0726, -0.2332,  0.1304,  0.3244, -0.0787],
        [ 0.3748, -0.0660,  0.4147, -0.2000, -0.0571, -0.2224, -0.1648, -0.2251,
         -0.2449, -0.0325,  0.1461,  0.0670, -0.0498,  0.2338, -0.2680,  0.1609],
        [-0.0539,  0.0708,  0.3660, -0.3689, -0.3378, -0.3139, -0.0751, -0.2602,
         -0.1924, -0.2274,  0.0905,  0.0447,  0.2687, -0.0779, -0.0677,  0.3622],
        [ 0.0680, -0.0032,  0.3346, -0.2870, -0.0943, -0.3699, -0.1881, -0.1207,
          0.0143, -0.3408,  0.0289,  0.0923, -0.0348,  0.2090, -0.3593,  0.1302],
        [-0.3154,  0.2115, -0.1254,  0.0226,  0.1038,  0.1734,  0.0603,  0.2460,
          0.2927,  0.0219,  0.0163, -0.0362, -0.2893, -0.1204,  0.1795, -0.2318],
        [-0.3706,  0.3847, -0.0783, -0.0072, -0.0318,  0.4381,  0.2302,  0.1189,
          0.3602,  0.2731, -0.1051, -0.0092, -0.2104,  0.0878, -0.0300, -0.3505],
        [-0.1381,  0.1345, -0.0376,  0.1124,  0.1728,  0.1307,  0.3533,  0.1457,
          0.1639,  0.3623,  0.0838,  0.0508, -0.4273, -0.2679,  0.0609, -0.2223],
        [ 0.3630, -0.1112,  0.1950, -0.2145, -0.1438, -0.0053, -0.1001, -0.3356,
         -0.3546, -0.1436,  0.1634,  0.0701, -0.0066,  0.2181, -0.2415,  0.0716],
        [ 0.2308,  0.0723,  0.3902, -0.0420, -0.3352, -0.0395, -0.0479, -0.0778,
         -0.2415, -0.1870,  0.0089,  0.1346,  0.1452,  0.0980, -0.3536,  0.2657],
        [-0.4042, -0.0065, -0.0959, -0.0072,  0.4036,  0.4361,  0.1132,  0.1348,
         -0.0022,  0.2083, -0.1022, -0.3449, -0.1214, -0.1555,  0.0505, -0.1920],
        [-0.0280, -0.3969,  0.2431,  0.0233, -0.3402, -0.0469, -0.1946, -0.3082,
         -0.2108, -0.0951,  0.1953,  0.4451,  0.1808,  0.0043,  0.0699,  0.1385],
        [ 0.3068,  0.0305,  0.1992, -0.3602, -0.3351, -0.0522, -0.0695,  0.0167,
         -0.3297, -0.1956,  0.3372,  0.2881,  0.3501,  0.2895, -0.1204, -0.0317],
        [-0.2767,  0.1860, -0.2406,  0.1432,  0.1041,  0.3011,  0.2551,  0.2438,
          0.0957,  0.2861, -0.1844, -0.2273, -0.1519, -0.2111,  0.2222, -0.1635],
        [ 0.2349, -0.1665,  0.1593, -0.3110, -0.1907, -0.3948, -0.2694,  0.0384,
         -0.3742, -0.1351,  0.1923, -0.0723,  0.2105,  0.2745,  0.0596,  0.2031],
        [ 0.3827, -0.1655,  0.2830, -0.1119, -0.3173, -0.2492, -0.3443,  0.0302,
         -0.0374, -0.2931,  0.1246,  0.2596, -0.0392,  0.1350,  0.0177,  0.2123],
        [-0.1700,  0.3131, -0.0427, -0.0641,  0.2597, -0.0449,  0.2807,  0.3413,
          0.1493,  0.0749, -0.2892, -0.2587, -0.1955, -0.2089,  0.3233, -0.2534],
        [-0.1045, -0.0217, -0.0809,  0.4273,  0.0187,  0.1400,  0.2695, -0.0406,
          0.0503,  0.2951,  0.0883, -0.2988, -0.2194, -0.4108, -0.0679,  0.0175],
        [ 0.3714, -0.2165,  0.0623, -0.1795,  0.0119, -0.4084, -0.2785, -0.2167,
         -0.2384, -0.1699,  0.3139,  0.2193, -0.0744,  0.3340,  0.1313,  0.2276],
        [ 0.2389,  0.0139,  0.3378, -0.3720, -0.1978, -0.1766, -0.1507, -0.2543,
         -0.3104, -0.3279,  0.0686,  0.3328,  0.2663,  0.1256, -0.1552,  0.0124],
        [ 0.2168, -0.4194,  0.1790, -0.1420,  0.0673, -0.2538,  0.0597, -0.1551,
         -0.3595,  0.0468,  0.3876,  0.0015,  0.0516,  0.2621, -0.2818,  0.3555],
        [ 0.0629, -0.2549,  0.1089,  0.0504, -0.2419, -0.2211, -0.0293, -0.3299,
         -0.1843, -0.3767, -0.0784,  0.1277,  0.2128,  0.3526, -0.3474,  0.1091],
        [ 0.2159, -0.0506,  0.2997, -0.3547, -0.1555, -0.1084, -0.3321, -0.0072,
         -0.3475, -0.0049,  0.1875,  0.0833,  0.2252,  0.3067,  0.1194,  0.2925],
        [-0.3341,  0.2517,  0.0014,  0.2310,  0.3113,  0.0329,  0.3535,  0.1622,
         -0.0530,  0.1212,  0.0568, -0.2819, -0.2355, -0.2345, -0.0175, -0.1367],
        [ 0.3029, -0.0922,  0.1435, -0.1455, -0.2809, -0.3001, -0.1213, -0.3253,
          0.0076, -0.1235,  0.1502,  0.1449,  0.3520,  0.3272,  0.0469,  0.2696],
        [-0.2787,  0.2364, -0.3279,  0.2700, -0.0809,  0.1541,  0.3216,  0.2928,
          0.3463,  0.2476,  0.0185, -0.0843,  0.0357,  0.0353,  0.1057, -0.2401],
        [-0.2843,  0.0877, -0.0472,  0.0310,  0.1787,  0.3961,  0.3552, -0.0429,
          0.1997,  0.3329, -0.3788, -0.0116, -0.3117, -0.2891, -0.0228, -0.2478],
        [ 0.0619, -0.0812,  0.2671, -0.0800,  0.0285, -0.3340, -0.3854, -0.3457,
         -0.2720, -0.2911,  0.2379, -0.0130, -0.0219,  0.2736, -0.2455,  0.2095]],
       device='cuda:0', requires_grad=True)

Parameter name: road_linear_0.bias
Shape: torch.Size([32])
Values: Parameter containing:
tensor([-0.1142, -0.0082,  0.0732, -0.0607, -0.0014, -0.0990,  0.0732,  0.1308,
        -0.0323, -0.0320, -0.0057,  0.0696,  0.1382,  0.0692,  0.0234,  0.1021,
        -0.0789,  0.0057,  0.0715,  0.0225, -0.0589, -0.0756, -0.0241, -0.0160,
        -0.0814,  0.1620,  0.1389,  0.0283, -0.0774, -0.1835,  0.0534, -0.0123],
       device='cuda:0', requires_grad=True)

Parameter name: road_linear_1.weight
Shape: torch.Size([1, 32])
Values: Parameter containing:
tensor([[ 0.2354,  0.3197, -0.2445, -0.2578,  0.3164,  0.3660, -0.2941, -0.3951,
         -0.3046,  0.3661,  0.2628,  0.3902, -0.2575, -0.4058,  0.3117, -0.2722,
         -0.3148,  0.3365, -0.2363, -0.2636,  0.4031,  0.2920, -0.3783, -0.3866,
         -0.3408, -0.3425, -0.3281,  0.3569, -0.3560,  0.3934,  0.2962, -0.2387]],
       device='cuda:0', requires_grad=True)

Parameter name: linear_0.weight
Shape: torch.Size([32, 39])
Values: Parameter containing:
tensor([[-0.0527,  0.1263,  0.0897,  ...,  0.1345, -0.2634, -0.1137],
        [-0.1420, -0.0252,  0.1315,  ...,  0.0707, -0.2975,  0.0871],
        [ 0.0334, -0.0528,  0.0262,  ...,  0.0544,  0.2429,  0.0345],
        ...,
        [ 0.1433, -0.1735, -0.0265,  ..., -0.1960,  0.0072, -0.1180],
        [ 0.1228, -0.2323, -0.0723,  ..., -0.2393,  0.1223,  0.1557],
        [-0.2214,  0.1765,  0.0821,  ...,  0.0604, -0.2505, -0.0509]],
       device='cuda:0', requires_grad=True)

Parameter name: linear_0.bias
Shape: torch.Size([32])
Values: Parameter containing:
tensor([ 0.0500,  0.0434, -0.0715, -0.1418, -0.0747,  0.0619, -0.1032,  0.0405,
        -0.0400,  0.0590,  0.0046,  0.0117, -0.0253,  0.0863, -0.0467,  0.0015,
         0.0488, -0.1597, -0.0366,  0.0675, -0.0612,  0.0260,  0.1172,  0.0142,
        -0.0951,  0.1096,  0.0591, -0.1147,  0.0395,  0.1737,  0.1720, -0.1174],
       device='cuda:0', requires_grad=True)

Parameter name: linear_1.weight
Shape: torch.Size([32, 32])
Values: Parameter containing:
tensor([[ 0.0752, -0.1621, -0.0941,  ...,  0.0578, -0.0420,  0.0551],
        [-0.1997, -0.0136,  0.1022,  ...,  0.1590, -0.0249,  0.0382],
        [ 0.1228, -0.0586, -0.1639,  ..., -0.1504,  0.0078,  0.1881],
        ...,
        [ 0.1190,  0.0727,  0.0933,  ...,  0.0596, -0.1950,  0.2706],
        [ 0.0049, -0.1274,  0.0475,  ...,  0.2460,  0.2063, -0.1698],
        [ 0.0082, -0.1006,  0.2097,  ...,  0.2382,  0.1272, -0.0593]],
       device='cuda:0', requires_grad=True)

Parameter name: linear_1.bias
Shape: torch.Size([32])
Values: Parameter containing:
tensor([ 0.1084,  0.1583, -0.0500, -0.1082,  0.0162, -0.0231, -0.0706, -0.0195,
         0.1485, -0.1637,  0.1094, -0.1080,  0.1909,  0.0707, -0.1253,  0.1330,
        -0.1441, -0.1696,  0.0474,  0.0265, -0.0282,  0.0823, -0.2175,  0.1998,
        -0.0210, -0.0139,  0.0713, -0.0101, -0.1551, -0.0823,  0.1256,  0.0318],
       device='cuda:0', requires_grad=True)

Parameter name: linear_2.weight
Shape: torch.Size([1, 32])
Values: Parameter containing:
tensor([[ 0.3253,  0.2439, -0.2974, -0.2990,  0.1414,  0.1613, -0.2140,  0.1741,
          0.2348, -0.2594, -0.1898,  0.2072,  0.2069,  0.1891,  0.2404,  0.2227,
         -0.3247, -0.3275,  0.1751,  0.1789, -0.2478, -0.2248, -0.3182,  0.1841,
          0.2661,  0.3288, -0.3001,  0.2872, -0.2258, -0.3160,  0.2743,  0.3084]],
       device='cuda:0', requires_grad=True)

Parameter name: linear_2.bias
Shape: torch.Size([1])
Values: Parameter containing:
tensor([0.1241], device='cuda:0', requires_grad=True)

