Parameter name: road_linear_0.weight
Shape: torch.Size([32, 16])
Values: Parameter containing:
tensor([[-0.3350,  0.3964, -0.0256,  0.0045,  0.1340,  0.1907,  0.2977, -0.0512,
          0.1761,  0.2759,  0.0077, -0.1610, -0.2958, -0.3759,  0.2104,  0.0462],
        [-0.2527, -0.0624, -0.1068,  0.0013, -0.0368,  0.2546,  0.1432,  0.1417,
          0.3848,  0.1403,  0.0185, -0.2590,  0.0194, -0.0528,  0.3232, -0.0852],
        [ 0.0849, -0.0441,  0.3881, -0.1349, -0.0527, -0.3588, -0.0269, -0.3969,
          0.0607, -0.0840,  0.1014, -0.0582,  0.3911,  0.3261,  0.1106,  0.2698],
        [ 0.2708, -0.2204,  0.0875, -0.0839, -0.0295, -0.2007, -0.1285, -0.0702,
         -0.3980, -0.4104,  0.0860,  0.3562,  0.2887, -0.1127, -0.1590,  0.1591],
        [-0.0898,  0.3591, -0.1698, -0.0221,  0.1341,  0.0842,  0.0083,  0.2923,
          0.1205,  0.2977,  0.0602, -0.1516, -0.0235, -0.2411,  0.2294, -0.1563],
        [ 0.0031,  0.3745, -0.3559,  0.4020,  0.2963, -0.0315,  0.2226, -0.0642,
          0.2240,  0.2104, -0.3161, -0.0727, -0.2149,  0.1387,  0.3146, -0.0723],
        [ 0.3712, -0.0485,  0.4134, -0.1940, -0.0385, -0.2182, -0.1603, -0.2179,
         -0.2434, -0.0313,  0.1201,  0.0586, -0.0672,  0.2292, -0.2621,  0.1599],
        [-0.0571,  0.0856,  0.3655, -0.3642, -0.3207, -0.3102, -0.0719, -0.2542,
         -0.1906, -0.2272,  0.0661,  0.0368,  0.2529, -0.0814, -0.0624,  0.3628],
        [ 0.0389,  0.0302,  0.3096, -0.2573, -0.0400, -0.3567, -0.1463, -0.0915,
          0.0550, -0.3241, -0.0106,  0.0584, -0.0757,  0.1804, -0.3153,  0.1035],
        [-0.2849,  0.1745, -0.1002, -0.0087,  0.0506,  0.1588,  0.0184,  0.2161,
          0.2494,  0.0031,  0.0600, -0.0014, -0.2436, -0.0895,  0.1345, -0.2021],
        [-0.3540,  0.3576, -0.0661, -0.0248, -0.0677,  0.4329,  0.2079,  0.1019,
          0.3341,  0.2652, -0.0710,  0.0100, -0.1806,  0.1032, -0.0501, -0.3364],
        [-0.1263,  0.1164, -0.0293,  0.0995,  0.1440,  0.1257,  0.3381,  0.1333,
          0.1458,  0.3586,  0.1072,  0.0667, -0.4034, -0.2574,  0.0454, -0.2145],
        [ 0.3369, -0.0669,  0.1754, -0.1867, -0.0971,  0.0062, -0.0652, -0.3082,
         -0.3173, -0.1250,  0.1164,  0.0433, -0.0502,  0.1901, -0.2047,  0.0431],
        [ 0.2119,  0.0976,  0.3762, -0.0227, -0.2985, -0.0294, -0.0234, -0.0597,
         -0.2082, -0.1769, -0.0245,  0.1106,  0.1114,  0.0786, -0.3273,  0.2487],
        [-0.3818, -0.0293, -0.0783, -0.0289,  0.3609,  0.4250,  0.0837,  0.1129,
         -0.0360,  0.1978, -0.0685, -0.3161, -0.0855, -0.1353,  0.0184, -0.1740],
        [-0.0601, -0.3510,  0.2175,  0.0581, -0.2856, -0.0334, -0.1502, -0.2770,
         -0.1686, -0.0723,  0.1449,  0.4122,  0.1335, -0.0286,  0.1112,  0.1029],
        [ 0.3195,  0.0334,  0.2088, -0.3678, -0.3344, -0.0504, -0.0804,  0.0126,
         -0.3535, -0.2050,  0.3236,  0.2918,  0.3509,  0.3000, -0.1282, -0.0154],
        [-0.2977,  0.1839, -0.2547,  0.1550,  0.1076,  0.3020,  0.2707,  0.2523,
          0.1272,  0.2974, -0.1719, -0.2377, -0.1631, -0.2272,  0.2354, -0.1850],
        [ 0.2344, -0.1464,  0.1603, -0.3083, -0.1726, -0.3933, -0.2658,  0.0452,
         -0.3797, -0.1363,  0.1656, -0.0761,  0.1982,  0.2733,  0.0628,  0.2059],
        [ 0.3780, -0.1469,  0.2802, -0.1052, -0.2976, -0.2460, -0.3382,  0.0381,
         -0.0352, -0.2922,  0.0991,  0.2510, -0.0542,  0.1307,  0.0232,  0.2104],
        [-0.1737,  0.2907, -0.0468, -0.0675,  0.2454, -0.0398,  0.2778,  0.3385,
          0.1543,  0.0752, -0.2553, -0.2632, -0.1831, -0.2066,  0.3195, -0.2541],
        [-0.0635, -0.0715, -0.0431,  0.3826, -0.0500,  0.1149,  0.2152, -0.0831,
         -0.0023,  0.2636,  0.1400, -0.2520, -0.1662, -0.3674, -0.1302,  0.0590],
        [ 0.3677, -0.2032,  0.0605, -0.1734,  0.0294, -0.4054, -0.2752, -0.2111,
         -0.2367, -0.1703,  0.2906,  0.2106, -0.0884,  0.3312,  0.1359,  0.2279],
        [ 0.2646,  0.0084,  0.3553, -0.3892, -0.2083, -0.1745, -0.1722, -0.2668,
         -0.3471, -0.3429,  0.0679,  0.3446,  0.2811,  0.1469, -0.1730,  0.0400],
        [ 0.1966, -0.3890,  0.1636, -0.1205,  0.1084, -0.2479,  0.0872, -0.1355,
         -0.3251,  0.0577,  0.3481, -0.0204,  0.0169,  0.2419, -0.2525,  0.3367],
        [ 0.0405, -0.2212,  0.0931,  0.0748, -0.2033, -0.2130, -0.0024, -0.3109,
         -0.1530, -0.3626, -0.1238,  0.1047,  0.1763,  0.3301, -0.3184,  0.0857],
        [ 0.2258, -0.0358,  0.3090, -0.3607, -0.1481, -0.1116, -0.3374, -0.0078,
         -0.3681, -0.0116,  0.1654,  0.0911,  0.2243,  0.3132,  0.1159,  0.3045],
        [-0.3191,  0.2276,  0.0115,  0.2154,  0.2783,  0.0270,  0.3337,  0.1470,
         -0.0741,  0.1148,  0.0865, -0.2643, -0.2081, -0.2207, -0.0367, -0.1243],
        [ 0.3082, -0.0871,  0.1471, -0.1457, -0.2749, -0.2968, -0.1276, -0.3255,
         -0.0047, -0.1288,  0.1382,  0.1411,  0.3455,  0.3322,  0.0435,  0.2778],
        [-0.2747,  0.2136, -0.3278,  0.2640, -0.0996,  0.1538,  0.3170,  0.2862,
          0.3451,  0.2450,  0.0480, -0.0810,  0.0504,  0.0411,  0.1007, -0.2370],
        [-0.2871,  0.0774, -0.0499,  0.0301,  0.1669,  0.3946,  0.3572, -0.0454,
          0.2085,  0.3368, -0.3578, -0.0082, -0.3033, -0.2918, -0.0224, -0.2545],
        [ 0.0649, -0.0662,  0.2693, -0.0780,  0.0418, -0.3323, -0.3857, -0.3421,
         -0.2824, -0.2938,  0.2148, -0.0160, -0.0308,  0.2751, -0.2457,  0.2145]],
       device='cuda:0', requires_grad=True)

Parameter name: road_linear_0.bias
Shape: torch.Size([32])
Values: Parameter containing:
tensor([-0.0901,  0.0323,  0.0518, -0.0849,  0.0407, -0.0793,  0.0601,  0.1199,
        -0.0697,  0.0077,  0.0252,  0.0886,  0.1161,  0.0511,  0.0561,  0.0664,
        -0.0895,  0.0145,  0.0553,  0.0066, -0.0355, -0.0496, -0.0435, -0.0169,
        -0.1212,  0.1409,  0.1286,  0.0500, -0.0902, -0.1708,  0.0705, -0.0321],
       device='cuda:0', requires_grad=True)

Parameter name: road_linear_1.weight
Shape: torch.Size([1, 32])
Values: Parameter containing:
tensor([[ 0.1668,  0.2528, -0.1844, -0.1991,  0.2483,  0.2993, -0.2361, -0.3376,
         -0.2418,  0.2948,  0.2042,  0.3278, -0.1815, -0.3412,  0.2510, -0.1917,
         -0.2571,  0.2830, -0.1777, -0.2062,  0.3381,  0.2201, -0.3245, -0.3342,
         -0.2762, -0.2746, -0.2710,  0.2902, -0.3008,  0.3364,  0.2409, -0.1818]],
       device='cuda:0', requires_grad=True)

Parameter name: linear_0.weight
Shape: torch.Size([32, 39])
Values: Parameter containing:
tensor([[-0.0266,  0.0849,  0.0964,  ...,  0.0445, -0.1928, -0.1137],
        [-0.1168, -0.0629,  0.1335,  ...,  0.0010, -0.2497,  0.0871],
        [-0.0153,  0.0080,  0.0533,  ...,  0.1069,  0.1723,  0.0345],
        ...,
        [ 0.1179, -0.1336, -0.0329,  ..., -0.1066, -0.0575, -0.1180],
        [ 0.0904, -0.1875, -0.0645,  ..., -0.1699,  0.0669,  0.1557],
        [-0.1913,  0.1313,  0.0830,  ..., -0.0264, -0.1776, -0.0509]],
       device='cuda:0', requires_grad=True)

Parameter name: linear_0.bias
Shape: torch.Size([32])
Values: Parameter containing:
tensor([ 0.0226,  0.0274, -0.0784, -0.1546, -0.0863,  0.0715, -0.0872,  0.0519,
        -0.0086,  0.0538,  0.0208,  0.0166, -0.0560,  0.0972, -0.0376, -0.0159,
         0.0385, -0.1809, -0.0673,  0.0735, -0.0432,  0.0013,  0.1248,  0.0144,
        -0.1128,  0.1293,  0.0491, -0.1107,  0.0241,  0.1985,  0.1816, -0.1396],
       device='cuda:0', requires_grad=True)

Parameter name: linear_1.weight
Shape: torch.Size([32, 32])
Values: Parameter containing:
tensor([[ 0.1094, -0.1353, -0.1388,  ...,  0.0346, -0.0823,  0.0941],
        [-0.1613,  0.0184,  0.0505,  ...,  0.1303, -0.0679,  0.0800],
        [ 0.0829, -0.0933, -0.1108,  ..., -0.1184,  0.0531,  0.1427],
        ...,
        [ 0.0786,  0.0449,  0.1459,  ...,  0.0842, -0.1501,  0.2231],
        [ 0.0349, -0.0926,  0.0048,  ...,  0.2145,  0.1664, -0.1357],
        [ 0.0466, -0.0722,  0.1590,  ...,  0.2126,  0.0824, -0.0122]],
       device='cuda:0', requires_grad=True)

Parameter name: linear_1.bias
Shape: torch.Size([32])
Values: Parameter containing:
tensor([ 0.1080,  0.1525, -0.0415, -0.0960, -0.0037, -0.0244, -0.0595, -0.0384,
         0.1484, -0.1666,  0.1071, -0.1126,  0.1930,  0.0908, -0.1256,  0.1144,
        -0.1492, -0.1762,  0.0608,  0.0061, -0.0115,  0.0906, -0.2076,  0.2177,
        -0.0425, -0.0019,  0.0734, -0.0241, -0.1436, -0.0822,  0.1157,  0.0316],
       device='cuda:0', requires_grad=True)

Parameter name: linear_2.weight
Shape: torch.Size([1, 32])
Values: Parameter containing:
tensor([[ 0.2600,  0.1775, -0.2319, -0.2332,  0.0720,  0.0944, -0.1472,  0.1078,
          0.1710, -0.1946, -0.1232,  0.1400,  0.1416,  0.1246,  0.1760,  0.1572,
         -0.2577, -0.2625,  0.1098,  0.1108, -0.1802, -0.1583, -0.2505,  0.1201,
          0.1980,  0.2635, -0.2343,  0.2212, -0.1587, -0.2500,  0.2097,  0.2437]],
       device='cuda:0', requires_grad=True)

Parameter name: linear_2.bias
Shape: torch.Size([1])
Values: Parameter containing:
tensor([0.0647], device='cuda:0', requires_grad=True)

