Parameter name: road_linear_0.weight
Shape: torch.Size([32, 16])
Values: Parameter containing:
tensor([[-2.9478e-01,  4.6187e-01,  6.0567e-02, -4.8646e-02,  2.5559e-01,
          1.6277e-01,  3.6570e-01,  5.8618e-02,  2.9555e-01,  1.9436e-01,
          3.5817e-02, -2.1740e-01, -3.9360e-01, -3.2457e-01,  3.4707e-01,
          9.9604e-02],
        [-1.8263e-01, -6.0416e-02, -2.0938e-02, -5.5458e-02,  6.1711e-02,
          2.2738e-01,  1.5040e-01,  2.0728e-01,  4.7984e-01,  4.6085e-02,
          1.1455e-01, -2.8302e-01, -1.5944e-02,  1.6012e-02,  4.9681e-01,
         -1.1486e-02],
        [ 4.4520e-02, -1.1917e-01,  3.1090e-01, -8.8146e-02, -1.8742e-01,
         -3.1635e-01, -1.0040e-01, -5.0668e-01, -8.9331e-02, -5.4694e-03,
          8.9564e-02,  1.5796e-02,  4.9780e-01,  2.7485e-01, -3.8320e-02,
          2.1897e-01],
        [ 1.7286e-01, -2.4245e-01, -2.5064e-02, -3.8184e-03, -1.1540e-01,
         -1.5685e-01, -1.2510e-01, -1.3649e-01, -4.8268e-01, -2.9814e-01,
          4.2420e-03,  3.7559e-01,  3.2820e-01, -2.0933e-01, -2.8423e-01,
          5.8540e-02],
        [-4.4336e-02,  4.0820e-01, -9.0724e-02, -6.8808e-02,  2.6462e-01,
          5.9066e-02,  7.0287e-02,  3.9967e-01,  2.4992e-01,  2.1622e-01,
          1.1206e-01, -2.0813e-01, -1.1059e-01, -1.9266e-01,  3.8561e-01,
         -1.0334e-01],
        [ 2.2575e-03,  4.4368e-01, -2.9351e-01,  3.6220e-01,  4.2513e-01,
         -5.0276e-02,  3.1158e-01,  4.7615e-02,  3.4899e-01,  1.5069e-01,
         -3.0623e-01, -1.4168e-01, -3.1926e-01,  1.6172e-01,  4.4005e-01,
         -4.4295e-02],
        [ 2.9767e-01, -9.5395e-02,  3.1201e-01, -1.2554e-01, -1.4148e-01,
         -1.7750e-01, -1.9332e-01, -3.0433e-01, -3.5482e-01,  6.5660e-02,
          7.2983e-02,  1.0249e-01,  7.2009e-03,  1.5311e-01, -3.8808e-01,
          7.9462e-02],
        [-1.3030e-01,  3.4377e-02,  2.6448e-01, -2.9441e-01, -4.2828e-01,
         -2.6583e-01, -1.0619e-01, -3.4078e-01, -3.0349e-01, -1.2838e-01,
          2.5680e-02,  8.2519e-02,  3.2596e-01, -1.5786e-01, -1.8904e-01,
          2.8113e-01],
        [-1.8784e-02, -1.0637e-02,  2.3364e-01, -2.0911e-01, -1.8089e-01,
         -3.2272e-01, -1.7569e-01, -1.8623e-01, -7.8482e-02, -2.3750e-01,
         -8.7655e-02,  1.2054e-01, -9.4662e-03,  1.2059e-01, -4.9382e-01,
          3.9215e-02],
        [-2.3615e-01,  2.0770e-01, -2.7157e-02, -5.1369e-02,  1.7624e-01,
          1.3663e-01,  6.4468e-02,  3.1555e-01,  3.8036e-01, -7.5629e-02,
          1.3412e-01, -5.7569e-02, -3.2102e-01, -4.0537e-02,  3.0967e-01,
         -1.4706e-01],
        [-2.9886e-01,  4.2572e-01,  1.7179e-02, -7.7793e-02,  6.6921e-02,
          3.8834e-01,  2.6744e-01,  2.0463e-01,  4.7699e-01,  1.7813e-01,
         -3.8861e-02, -5.2238e-02, -2.7337e-01,  1.6391e-01,  9.9061e-02,
         -2.7367e-01],
        [-4.8048e-02,  1.5310e-01,  6.9438e-02,  3.0083e-02,  2.6265e-01,
          8.2122e-02,  3.5451e-01,  2.2022e-01,  2.6828e-01,  2.5649e-01,
          1.8824e-01,  2.1169e-02, -4.6709e-01, -1.7426e-01,  1.9219e-01,
         -1.2840e-01],
        [ 3.1551e-01, -1.3526e-01,  1.0929e-01, -1.5357e-01, -2.3479e-01,
          2.0543e-02, -1.5119e-01, -4.3006e-01, -4.6521e-01, -6.1546e-02,
          8.7575e-02,  1.1860e-01,  6.4315e-02,  1.6209e-01, -3.6076e-01,
          1.1347e-02],
        [ 1.4232e-01,  7.3937e-02,  2.8355e-01,  3.8415e-02, -4.0392e-01,
          1.3248e-04, -4.7456e-02, -1.4289e-01, -3.3141e-01, -8.2209e-02,
         -1.0628e-01,  1.5168e-01,  1.7381e-01,  8.6982e-03, -4.7662e-01,
          1.7328e-01],
        [-3.0754e-01, -5.2151e-03,  1.1315e-02, -8.8401e-02,  4.7732e-01,
          3.8686e-01,  9.3410e-02,  1.9468e-01,  8.1049e-02,  1.0139e-01,
          1.3661e-02, -3.6083e-01, -1.3819e-01, -6.0364e-02,  1.8116e-01,
         -9.7336e-02],
        [-6.1847e-02, -4.2140e-01,  1.6740e-01,  7.6025e-02, -4.4064e-01,
         -3.0162e-02, -2.5622e-01, -4.1385e-01, -3.2204e-01, -2.0339e-02,
          1.2319e-01,  5.0257e-01,  2.5854e-01, -3.9990e-02, -5.4246e-02,
          9.0717e-02],
        [ 2.0577e-01,  1.3494e-02,  8.5675e-02, -2.7099e-01, -4.0383e-01,
         -1.5987e-03, -6.3931e-02, -4.5086e-02, -4.1814e-01, -8.3365e-02,
          2.4368e-01,  3.0700e-01,  3.7952e-01,  1.8371e-01, -2.3531e-01,
         -1.2916e-01],
        [-2.0241e-01,  2.2546e-01, -1.3756e-01,  6.6476e-02,  1.8622e-01,
          2.5053e-01,  2.8932e-01,  3.2241e-01,  1.8819e-01,  1.8737e-01,
         -1.3681e-01, -2.5816e-01, -2.0635e-01, -1.3298e-01,  3.3597e-01,
         -8.5707e-02],
        [ 1.7013e-01, -2.1406e-01,  6.2493e-02, -2.3765e-01, -2.8600e-01,
         -3.4147e-01, -3.1382e-01, -4.7536e-02, -4.9294e-01, -4.0160e-02,
          1.4437e-01, -2.4217e-02,  2.7550e-01,  1.9417e-01, -6.4820e-02,
          1.2704e-01],
        [ 3.2407e-01, -2.1528e-01,  1.8764e-01, -4.1684e-02, -4.2068e-01,
         -1.9957e-01, -3.9730e-01, -6.0523e-02, -1.5368e-01, -1.9877e-01,
          7.8714e-02,  3.0974e-01,  2.7177e-02,  6.4485e-02, -1.0813e-01,
          1.3938e-01],
        [-1.3471e-01,  3.2907e-01,  3.2337e-02, -1.2343e-01,  3.4741e-01,
         -5.5816e-02,  3.3856e-01,  4.4234e-01,  2.5348e-01,  7.6137e-04,
         -2.0922e-01, -3.0551e-01, -2.6923e-01, -1.6106e-01,  4.3777e-01,
         -2.0277e-01],
        [-4.7764e-02,  9.2032e-03, -7.6263e-04,  3.6501e-01,  1.3022e-01,
          1.0099e-01,  2.9116e-01,  4.7347e-02,  1.6442e-01,  2.0825e-01,
          1.8042e-01, -3.5619e-01, -2.7795e-01, -3.4747e-01,  7.2877e-02,
          8.5803e-02],
        [ 3.1084e-01, -2.6479e-01, -2.9186e-02, -1.1054e-01, -8.6030e-02,
         -3.5659e-01, -3.2635e-01, -3.0300e-01, -3.5536e-01, -7.9427e-02,
          2.6980e-01,  2.6811e-01, -8.8318e-03,  2.6218e-01,  6.1884e-03,
          1.5651e-01],
        [ 1.3667e-01, -9.8430e-03,  2.2090e-01, -2.8134e-01, -2.6089e-01,
         -1.2212e-01, -1.4896e-01, -3.1279e-01, -3.7897e-01, -2.1448e-01,
         -1.1492e-04,  3.4348e-01,  2.9327e-01,  2.4200e-02, -2.6067e-01,
         -8.4654e-02],
        [ 1.4575e-01, -4.4321e-01,  8.4711e-02, -7.2063e-02, -1.8768e-02,
         -2.1299e-01,  3.3965e-02, -2.3183e-01, -4.7118e-01,  1.3902e-01,
          2.9561e-01,  3.8344e-02,  1.0466e-01,  1.8648e-01, -4.0732e-01,
          2.7616e-01],
        [-2.8481e-03, -2.6294e-01,  1.3514e-02,  1.2129e-01, -3.1796e-01,
         -1.9386e-01, -6.0479e-02, -4.1655e-01, -2.7555e-01, -2.8580e-01,
         -1.7211e-01,  1.5633e-01,  2.6415e-01,  2.8363e-01, -4.6596e-01,
          3.7036e-02],
        [ 1.8919e-01, -1.0613e-01,  2.1937e-01, -2.9435e-01, -2.5501e-01,
         -6.2141e-02, -4.0315e-01, -1.0167e-01, -4.6717e-01,  7.4181e-02,
          1.6151e-01,  1.4077e-01,  3.0272e-01,  2.5355e-01, -1.3592e-03,
          2.4024e-01],
        [-2.6126e-01,  2.7598e-01,  1.0117e-01,  1.5627e-01,  4.0983e-01,
         -6.5635e-03,  3.8170e-01,  2.4925e-01,  5.5405e-02,  2.1718e-02,
          1.4401e-01, -3.2121e-01, -2.9214e-01, -1.5734e-01,  1.1217e-01,
         -5.4728e-02],
        [ 2.1124e-01, -1.2229e-01,  3.7260e-02, -6.4318e-02, -3.6314e-01,
         -2.4587e-01, -1.3106e-01, -3.9744e-01, -9.1767e-02, -1.9578e-02,
          7.5652e-02,  1.7352e-01,  3.9586e-01,  2.3303e-01, -7.4582e-02,
          1.8064e-01],
        [-2.5569e-01,  2.8517e-01, -2.5143e-01,  2.1669e-01,  2.3013e-02,
          1.2056e-01,  3.9818e-01,  3.9260e-01,  4.6662e-01,  1.7328e-01,
          5.1916e-02, -1.4211e-01, -4.7225e-02,  7.6828e-02,  2.2527e-01,
         -1.9277e-01],
        [-2.0682e-01,  1.3238e-01,  5.3528e-02, -4.6008e-02,  2.7047e-01,
          3.3860e-01,  3.8569e-01,  3.8623e-02,  3.1323e-01,  2.3459e-01,
         -3.2431e-01, -5.3929e-02, -3.6878e-01, -2.0018e-01,  1.0217e-01,
         -1.6507e-01],
        [-2.5461e-02, -1.1373e-01,  1.5991e-01,  2.0684e-04, -5.4728e-02,
         -2.8153e-01, -4.0594e-01, -4.2345e-01, -3.7413e-01, -1.8716e-01,
          1.6707e-01,  1.6460e-02,  2.8239e-02,  1.8419e-01, -3.6654e-01,
          1.2303e-01]], device='cuda:0', requires_grad=True)

Parameter name: road_linear_0.bias
Shape: torch.Size([32])
Values: Parameter containing:
tensor([-0.1184,  0.0170,  0.1050, -0.0538,  0.0025, -0.1013,  0.0898,  0.1541,
        -0.0266, -0.0190, -0.0326,  0.0559,  0.1350,  0.0618,  0.0193,  0.0914,
        -0.0647, -0.0235,  0.1044,  0.0544, -0.0430, -0.0847,  0.0100,  0.0065,
        -0.0708,  0.1495,  0.1731,  0.0196, -0.0519, -0.2043,  0.0183,  0.0125],
       device='cuda:0', requires_grad=True)

Parameter name: road_linear_1.weight
Shape: torch.Size([1, 32])
Values: Parameter containing:
tensor([[ 0.2932,  0.3902, -0.2610, -0.3014,  0.3757,  0.4172, -0.3295, -0.4222,
         -0.3302,  0.4291,  0.2881,  0.4299, -0.3136, -0.4601,  0.3424, -0.3346,
         -0.3471,  0.3709, -0.2522, -0.2798,  0.4806,  0.3098, -0.3889, -0.4188,
         -0.3785, -0.4125, -0.3493,  0.4040, -0.3798,  0.4316,  0.3088, -0.2728]],
       device='cuda:0', requires_grad=True)

Parameter name: linear_0.weight
Shape: torch.Size([32, 39])
Values: Parameter containing:
tensor([[-0.0495,  0.1250,  0.0783,  ...,  0.1385, -0.2181, -0.1137],
        [-0.1471, -0.0203,  0.1364,  ...,  0.0602, -0.2639,  0.0871],
        [ 0.0374, -0.0572,  0.0247,  ...,  0.0623,  0.2033,  0.0345],
        ...,
        [ 0.1465, -0.1759, -0.0323,  ..., -0.1836, -0.0219, -0.1180],
        [ 0.1275, -0.2367, -0.0767,  ..., -0.2302,  0.0945,  0.1557],
        [-0.2263,  0.1831,  0.0798,  ...,  0.0581, -0.2115, -0.0509]],
       device='cuda:0', requires_grad=True)

Parameter name: linear_0.bias
Shape: torch.Size([32])
Values: Parameter containing:
tensor([ 0.0633,  0.0363, -0.0688, -0.1409, -0.0772,  0.0541, -0.0939,  0.0563,
        -0.0390,  0.0505,  0.0238,  0.0157, -0.0204,  0.0977, -0.0349, -0.0086,
         0.0476, -0.1606, -0.0203,  0.0773, -0.0766,  0.0156,  0.1133,  0.0292,
        -0.1013,  0.1067,  0.0531, -0.1273,  0.0406,  0.1834,  0.1786, -0.1131],
       device='cuda:0', requires_grad=True)

Parameter name: linear_1.weight
Shape: torch.Size([32, 32])
Values: Parameter containing:
tensor([[ 0.0848, -0.1897, -0.0857,  ...,  0.0850, -0.0210,  0.0570],
        [-0.2005, -0.0355,  0.1213,  ...,  0.1818, -0.0053,  0.0283],
        [ 0.1298, -0.0397, -0.1888,  ..., -0.1716, -0.0110,  0.2043],
        ...,
        [ 0.1392,  0.0777,  0.0644,  ...,  0.0498, -0.2068,  0.3017],
        [ 0.0305, -0.1743,  0.0407,  ...,  0.2891,  0.2345, -0.1501],
        [ 0.0082, -0.1187,  0.2255,  ...,  0.2573,  0.1442, -0.0684]],
       device='cuda:0', requires_grad=True)

Parameter name: linear_1.bias
Shape: torch.Size([32])
Values: Parameter containing:
tensor([ 0.1307,  0.1728, -0.0609, -0.1367,  0.0258, -0.0219, -0.0840,  0.0216,
         0.1837, -0.1664,  0.1323, -0.1411,  0.2175,  0.0589, -0.0950,  0.1770,
        -0.1001, -0.1780,  0.0563,  0.0498, -0.0593,  0.0745, -0.2255,  0.2120,
        -0.0063, -0.0488,  0.0833,  0.0090, -0.1760, -0.0785,  0.1663,  0.0437],
       device='cuda:0', requires_grad=True)

Parameter name: linear_2.weight
Shape: torch.Size([1, 32])
Values: Parameter containing:
tensor([[ 0.5366,  0.4560, -0.5107, -0.5094,  0.3548,  0.3719, -0.4271,  0.3777,
          0.4393, -0.4706, -0.3938,  0.4120,  0.4132,  0.3971,  0.4453,  0.4263,
         -0.5288, -0.5378,  0.3873,  0.3907, -0.4580, -0.4374, -0.5318,  0.3954,
          0.4800,  0.5325, -0.5077,  0.4989, -0.4379, -0.5251,  0.4767,  0.5198]],
       device='cuda:0', requires_grad=True)

Parameter name: linear_2.bias
Shape: torch.Size([1])
Values: Parameter containing:
tensor([0.3140], device='cuda:0', requires_grad=True)

