Parameter name: road_linear_0.weight
Shape: torch.Size([32, 16])
Values: Parameter containing:
tensor([[-2.9928e-01,  4.5876e-01,  3.5870e-02, -2.3351e-02,  2.2737e-01,
          1.5698e-01,  3.5194e-01,  2.3984e-02,  2.3838e-01,  2.2304e-01,
          2.0316e-02, -1.8357e-01, -3.5547e-01, -3.3415e-01,  3.0720e-01,
          7.8945e-02],
        [-2.1901e-01, -3.6747e-02, -6.1922e-02, -1.8473e-02,  6.2089e-02,
          2.3495e-01,  1.7952e-01,  1.9382e-01,  4.4489e-01,  8.8487e-02,
          6.8393e-02, -2.7883e-01, -1.6294e-02, -1.6367e-02,  4.5010e-01,
         -5.1975e-02],
        [ 5.3141e-02, -1.0178e-01,  3.3577e-01, -1.1510e-01, -1.5362e-01,
         -3.2602e-01, -8.3917e-02, -4.7035e-01, -3.0579e-02, -3.3963e-02,
          8.6890e-02, -2.0251e-02,  4.5763e-01,  2.8654e-01,  3.2032e-03,
          2.3967e-01],
        [ 2.0555e-01, -2.4752e-01,  1.4646e-02, -3.9543e-02, -1.0020e-01,
         -1.6479e-01, -1.4211e-01, -1.1048e-01, -4.3483e-01, -3.3878e-01,
          3.7477e-02,  3.5581e-01,  3.1145e-01, -1.8012e-01, -2.4317e-01,
          9.7773e-02],
        [-6.3871e-02,  4.1459e-01, -1.2253e-01, -3.8585e-02,  2.4317e-01,
          5.6745e-02,  7.2120e-02,  3.6834e-01,  1.9668e-01,  2.5002e-01,
          8.2241e-02, -1.8080e-01, -8.1745e-02, -2.1088e-01,  3.4408e-01,
         -1.3329e-01],
        [ 2.1367e-02,  4.3385e-01, -3.0542e-01,  3.7957e-01,  3.8946e-01,
         -6.0731e-02,  2.8369e-01,  9.1756e-03,  2.9021e-01,  1.6866e-01,
         -3.0799e-01, -1.0071e-01, -2.7687e-01,  1.6412e-01,  4.0092e-01,
         -5.1686e-02],
        [ 3.1898e-01, -8.8876e-02,  3.4548e-01, -1.5639e-01, -1.1609e-01,
         -1.8414e-01, -1.9307e-01, -2.7312e-01, -2.9962e-01,  3.1037e-02,
          8.8436e-02,  7.3673e-02, -2.4831e-02,  1.7305e-01, -3.4799e-01,
          1.0977e-01],
        [-1.1128e-01,  4.6462e-02,  2.9642e-01, -3.2476e-01, -3.9803e-01,
         -2.7455e-01, -1.0208e-01, -3.0660e-01, -2.4645e-01, -1.6226e-01,
          3.3889e-02,  5.0438e-02,  2.9156e-01, -1.3970e-01, -1.4797e-01,
          3.0967e-01],
        [ 1.3035e-02, -1.2890e-02,  2.7088e-01, -2.4352e-01, -1.5623e-01,
         -3.3390e-01, -1.9505e-01, -1.5353e-01, -1.9791e-02, -2.7595e-01,
         -5.2663e-02,  9.2321e-02, -2.9447e-02,  1.4883e-01, -4.4681e-01,
          7.6180e-02],
        [-2.6588e-01,  2.2274e-01, -6.4261e-02, -1.7295e-02,  1.6435e-01,
          1.4038e-01,  8.0751e-02,  2.9104e-01,  3.3032e-01, -3.7272e-02,
          9.3108e-02, -3.8967e-02, -3.0284e-01, -6.6736e-02,  2.6525e-01,
         -1.8415e-01],
        [-3.1754e-01,  4.1386e-01, -1.2581e-02, -4.7770e-02,  3.5748e-02,
          3.9710e-01,  2.6314e-01,  1.6989e-01,  4.1744e-01,  2.1103e-01,
         -4.8863e-02, -1.8857e-02, -2.3706e-01,  1.4575e-01,  5.6832e-02,
         -3.0120e-01],
        [-7.6419e-02,  1.4928e-01,  3.3441e-02,  6.3961e-02,  2.3337e-01,
          9.1461e-02,  3.6576e-01,  1.8523e-01,  2.0583e-01,  2.9406e-01,
          1.5949e-01,  5.2965e-02, -4.3776e-01, -1.9965e-01,  1.4652e-01,
         -1.6398e-01],
        [ 3.2335e-01, -1.3579e-01,  1.3448e-01, -1.7877e-01, -2.0904e-01,
          2.6744e-02, -1.4145e-01, -3.9711e-01, -4.0859e-01, -8.9322e-02,
          1.0643e-01,  8.7453e-02,  2.7005e-02,  1.7216e-01, -3.2141e-01,
          3.3475e-02],
        [ 1.7336e-01,  6.2460e-02,  3.2203e-01,  3.5078e-03, -3.9104e-01,
         -5.5285e-03, -6.3931e-02, -1.1729e-01, -2.8108e-01, -1.2181e-01,
         -6.7750e-02,  1.3253e-01,  1.5641e-01,  3.6268e-02, -4.3387e-01,
          2.1161e-01],
        [-3.4112e-01,  4.3648e-04, -2.7001e-02, -5.3586e-02,  4.5950e-01,
          3.9774e-01,  1.1454e-01,  1.6646e-01,  2.7853e-02,  1.4048e-01,
         -2.1400e-02, -3.3777e-01, -1.2158e-01, -8.9696e-02,  1.3624e-01,
         -1.3453e-01],
        [-6.2033e-02, -4.2336e-01,  1.8630e-01,  5.5468e-02, -4.1013e-01,
         -1.5909e-02, -2.3949e-01, -3.7753e-01, -2.6304e-01, -4.3190e-02,
          1.4171e-01,  4.6490e-01,  2.1683e-01, -3.6152e-02, -1.3872e-02,
          1.0604e-01],
        [ 2.3920e-01,  1.8414e-02,  1.2308e-01, -3.0785e-01, -3.8147e-01,
         -1.2908e-02, -7.6904e-02, -1.4571e-02, -3.6775e-01, -1.2461e-01,
          2.6906e-01,  2.8195e-01,  3.5837e-01,  2.1431e-01, -1.9435e-01,
         -9.4244e-02],
        [-2.1598e-01,  2.1240e-01, -1.6663e-01,  9.5170e-02,  1.5731e-01,
          2.5793e-01,  2.7985e-01,  2.8894e-01,  1.3769e-01,  2.1954e-01,
         -1.4121e-01, -2.2679e-01, -1.7400e-01, -1.4849e-01,  2.9726e-01,
         -1.0894e-01],
        [ 1.8164e-01, -1.9524e-01,  9.0076e-02, -2.6797e-01, -2.5277e-01,
         -3.5335e-01, -3.0067e-01, -1.0326e-02, -4.3636e-01, -7.1232e-02,
          1.4144e-01, -5.9075e-02,  2.3930e-01,  2.1023e-01, -2.3003e-02,
          1.5140e-01],
        [ 3.2725e-01, -1.9504e-01,  2.1271e-01, -6.7999e-02, -3.8227e-01,
         -2.0776e-01, -3.7582e-01, -2.0144e-02, -9.4867e-02, -2.2664e-01,
          7.4078e-02,  2.7002e-01, -1.2199e-02,  7.3306e-02, -6.5499e-02,
          1.6105e-01],
        [-1.3502e-01,  3.3451e-01,  1.4041e-02, -9.9832e-02,  3.2316e-01,
         -7.2042e-02,  3.2530e-01,  4.0840e-01,  1.9884e-01,  2.5513e-02,
         -2.3296e-01, -2.7467e-01, -2.3107e-01, -1.6676e-01,  3.9981e-01,
         -2.1782e-01],
        [-6.8324e-02, -2.2774e-03, -3.0368e-02,  3.9553e-01,  9.0589e-02,
          1.0935e-01,  2.9243e-01,  5.2649e-03,  9.7752e-02,  2.4148e-01,
          1.6147e-01, -3.1788e-01, -2.4077e-01, -3.6607e-01,  2.4092e-02,
          5.6774e-02],
        [ 3.1876e-01, -2.4505e-01, -3.9434e-03, -1.3848e-01, -5.1005e-02,
         -3.6730e-01, -3.0939e-01, -2.6516e-01, -2.9838e-01, -1.0816e-01,
          2.6541e-01,  2.3173e-01, -4.6770e-02,  2.7448e-01,  4.7964e-02,
          1.7823e-01],
        [ 1.6512e-01, -5.2536e-04,  2.5638e-01, -3.1561e-01, -2.3754e-01,
         -1.3350e-01, -1.5465e-01, -2.8289e-01, -3.3366e-01, -2.5353e-01,
          1.3762e-02,  3.1809e-01,  2.6996e-01,  4.9718e-02, -2.2235e-01,
         -5.2952e-02],
        [ 1.7201e-01, -4.4313e-01,  1.2025e-01, -1.0505e-01,  2.2867e-03,
         -2.1915e-01,  2.6369e-02, -2.0291e-01, -4.1568e-01,  1.0248e-01,
          3.2419e-01,  1.3227e-02,  7.7568e-02,  2.1085e-01, -3.6621e-01,
          3.1042e-01],
        [ 1.6381e-02, -2.7351e-01,  4.4722e-02,  9.0517e-02, -3.0219e-01,
         -1.8823e-01, -6.2656e-02, -3.8867e-01, -2.2791e-01, -3.1881e-01,
         -1.3983e-01,  1.3469e-01,  2.3799e-01,  3.0179e-01, -4.2709e-01,
          6.5869e-02],
        [ 1.7647e-01, -8.4716e-02,  2.3672e-01, -3.1766e-01, -2.1941e-01,
         -6.9056e-02, -3.7400e-01, -6.2510e-02, -4.1124e-01,  5.2279e-02,
          1.5117e-01,  1.0343e-01,  2.6334e-01,  2.5519e-01,  3.8965e-02,
          2.5157e-01],
        [-2.7806e-01,  2.7079e-01,  7.0643e-02,  1.8544e-01,  3.7644e-01,
         -4.5575e-03,  3.7756e-01,  2.1175e-01, -7.1337e-03,  5.4922e-02,
          1.2445e-01, -2.8477e-01, -2.5523e-01, -1.7313e-01,  6.7790e-02,
         -8.4617e-02],
        [ 2.3696e-01, -1.1061e-01,  6.9941e-02, -9.7027e-02, -3.3418e-01,
         -2.5784e-01, -1.3410e-01, -3.6374e-01, -3.6007e-02, -5.5460e-02,
          8.8876e-02,  1.4250e-01,  3.6482e-01,  2.5670e-01, -3.2700e-02,
          2.1102e-01],
        [-2.3956e-01,  2.7061e-01, -2.6571e-01,  2.3399e-01, -1.3739e-02,
          1.1725e-01,  3.6773e-01,  3.5483e-01,  4.0642e-01,  1.9164e-01,
          5.7143e-02, -1.0247e-01, -2.9853e-03,  8.0259e-02,  1.8573e-01,
         -2.0281e-01],
        [-2.2615e-01,  1.1402e-01,  2.2737e-02, -1.3414e-02,  2.3827e-01,
          3.5330e-01,  3.8001e-01,  1.7390e-03,  2.5794e-01,  2.6835e-01,
         -3.2542e-01, -2.0222e-02, -3.3548e-01, -2.2219e-01,  6.0022e-02,
         -1.9330e-01],
        [-7.3805e-04, -1.0551e-01,  1.9330e-01, -3.2153e-02, -2.9252e-02,
         -2.9114e-01, -4.0860e-01, -3.9185e-01, -3.2089e-01, -2.2355e-01,
          1.8230e-01, -1.2280e-02, -1.3911e-03,  2.0708e-01, -3.2610e-01,
          1.5312e-01]], device='cuda:0', requires_grad=True)

Parameter name: road_linear_0.bias
Shape: torch.Size([32])
Values: Parameter containing:
tensor([-0.1215,  0.0003,  0.0902, -0.0533, -0.0064, -0.1015,  0.0834,  0.1430,
        -0.0313, -0.0299, -0.0217,  0.0626,  0.1415,  0.0676,  0.0211,  0.1048,
        -0.0729, -0.0129,  0.0870,  0.0387, -0.0585, -0.0736, -0.0070, -0.0038,
        -0.0733,  0.1638,  0.1562,  0.0218, -0.0644, -0.1985,  0.0365,  0.0034],
       device='cuda:0', requires_grad=True)

Parameter name: road_linear_1.weight
Shape: torch.Size([1, 32])
Values: Parameter containing:
tensor([[ 0.2734,  0.3593, -0.2588, -0.2869,  0.3561,  0.4033, -0.3194, -0.4181,
         -0.3266,  0.4062,  0.2829,  0.4214, -0.2950, -0.4425,  0.3344, -0.3143,
         -0.3390,  0.3606, -0.2524, -0.2810,  0.4526,  0.3121, -0.3895, -0.4101,
         -0.3662, -0.3864, -0.3475,  0.3935, -0.3754,  0.4218,  0.3093, -0.2628]],
       device='cuda:0', requires_grad=True)

Parameter name: linear_0.weight
Shape: torch.Size([32, 39])
Values: Parameter containing:
tensor([[-0.0611,  0.1375,  0.0870,  ...,  0.1396, -0.2520, -0.1137],
        [-0.1553, -0.0099,  0.1379,  ...,  0.0664, -0.2909,  0.0871],
        [ 0.0463, -0.0680,  0.0214,  ...,  0.0566,  0.2357,  0.0345],
        ...,
        [ 0.1554, -0.1875, -0.0332,  ..., -0.1907,  0.0015, -0.1180],
        [ 0.1363, -0.2478, -0.0787,  ..., -0.2359,  0.1193,  0.1557],
        [-0.2349,  0.1926,  0.0855,  ...,  0.0611, -0.2448, -0.0509]],
       device='cuda:0', requires_grad=True)

Parameter name: linear_0.bias
Shape: torch.Size([32])
Values: Parameter containing:
tensor([ 0.0572,  0.0391, -0.0695, -0.1411, -0.0759,  0.0580, -0.0973,  0.0481,
        -0.0404,  0.0529,  0.0121,  0.0148, -0.0211,  0.0951, -0.0387, -0.0031,
         0.0480, -0.1599, -0.0276,  0.0752, -0.0702,  0.0203,  0.1143,  0.0231,
        -0.0979,  0.1073,  0.0553, -0.1253,  0.0397,  0.1793,  0.1762, -0.1165],
       device='cuda:0', requires_grad=True)

Parameter name: linear_1.weight
Shape: torch.Size([32, 32])
Values: Parameter containing:
tensor([[ 0.0789, -0.1851, -0.0862,  ...,  0.0798, -0.0207,  0.0497],
        [-0.2050, -0.0333,  0.1197,  ...,  0.1780, -0.0039,  0.0230],
        [ 0.1342, -0.0399, -0.1884,  ..., -0.1691, -0.0135,  0.2093],
        ...,
        [ 0.1417,  0.0844,  0.0596,  ...,  0.0472, -0.2141,  0.3046],
        [ 0.0238, -0.1643,  0.0415,  ...,  0.2809,  0.2322, -0.1593],
        [ 0.0024, -0.1159,  0.2259,  ...,  0.2532,  0.1451, -0.0751]],
       device='cuda:0', requires_grad=True)

Parameter name: linear_1.bias
Shape: torch.Size([32])
Values: Parameter containing:
tensor([ 0.1243,  0.1685, -0.0578, -0.1294,  0.0236, -0.0229, -0.0804,  0.0113,
         0.1748, -0.1652,  0.1230, -0.1219,  0.2106,  0.0599, -0.1032,  0.1662,
        -0.1275, -0.1749,  0.0517,  0.0437, -0.0521,  0.0782, -0.2253,  0.2075,
        -0.0100, -0.0304,  0.0781,  0.0042, -0.1708, -0.0804,  0.1565,  0.0386],
       device='cuda:0', requires_grad=True)

Parameter name: linear_2.weight
Shape: torch.Size([1, 32])
Values: Parameter containing:
tensor([[ 0.4502,  0.3684, -0.4225, -0.4250,  0.2666,  0.2852, -0.3391,  0.2999,
          0.3598, -0.3835, -0.3125,  0.3309,  0.3312,  0.3116,  0.3651,  0.3490,
         -0.4484, -0.4509,  0.2989,  0.3046, -0.3744, -0.3494, -0.4437,  0.3078,
          0.3920,  0.4517, -0.4237,  0.4125, -0.3510, -0.4398,  0.4001,  0.4325]],
       device='cuda:0', requires_grad=True)

Parameter name: linear_2.bias
Shape: torch.Size([1])
Values: Parameter containing:
tensor([0.2436], device='cuda:0', requires_grad=True)

