Parameter name: road_linear_0.weight
Shape: torch.Size([32, 16])
Values: Parameter containing:
tensor([[-3.3581e-01,  4.5362e-01, -9.0963e-03,  1.8610e-02,  2.0173e-01,
          1.7350e-01,  3.4363e-01, -8.6189e-03,  2.2226e-01,  2.6870e-01,
         -2.3659e-02, -1.7585e-01, -3.4507e-01, -3.7587e-01,  2.7522e-01,
          3.4949e-02],
        [-2.7477e-01, -1.6989e-02, -1.1683e-01,  3.2378e-02,  5.5888e-02,
          2.5370e-01,  2.1220e-01,  1.8810e-01,  4.5683e-01,  1.4511e-01,
         -7.5321e-03, -2.9842e-01, -4.1220e-02, -7.6037e-02,  4.2223e-01,
         -1.0936e-01],
        [ 9.2203e-02, -8.8637e-02,  3.8072e-01, -1.5313e-01, -1.2429e-01,
         -3.4930e-01, -7.6542e-02, -4.3850e-01, -6.6421e-03, -7.8924e-02,
          1.2115e-01, -3.1389e-02,  4.4422e-01,  3.3165e-01,  4.0785e-02,
          2.8231e-01],
        [ 2.5901e-01, -2.4989e-01,  6.8000e-02, -8.8425e-02, -8.3594e-02,
         -1.8566e-01, -1.5781e-01, -9.2678e-02, -4.3238e-01, -3.9371e-01,
          9.3739e-02,  3.6511e-01,  3.1881e-01, -1.2303e-01, -2.1306e-01,
          1.5291e-01],
        [-1.0958e-01,  4.1736e-01, -1.7260e-01,  8.4181e-03,  2.2321e-01,
          7.4917e-02,  7.8832e-02,  3.4274e-01,  1.9225e-01,  3.0113e-01,
          2.6653e-02, -1.8517e-01, -8.5025e-02, -2.6015e-01,  3.1352e-01,
         -1.8352e-01],
        [-1.1659e-04,  4.2673e-01, -3.3972e-01,  4.1458e-01,  3.6088e-01,
         -4.9302e-02,  2.6599e-01, -2.4985e-02,  2.7050e-01,  2.0538e-01,
         -3.4500e-01, -8.6366e-02, -2.6088e-01,  1.3527e-01,  3.7172e-01,
         -8.6589e-02],
        [ 3.6280e-01, -8.3010e-02,  3.9332e-01, -1.9949e-01, -9.2565e-02,
         -2.0452e-01, -1.9227e-01, -2.4677e-01, -2.8452e-01, -1.7716e-02,
          1.3213e-01,  7.0892e-02, -3.0282e-02,  2.2139e-01, -3.1543e-01,
          1.5770e-01],
        [-6.6220e-02,  5.3207e-02,  3.4484e-01, -3.6827e-01, -3.7396e-01,
         -2.9580e-01, -1.0270e-01, -2.8090e-01, -2.3082e-01, -2.1248e-01,
          7.6732e-02,  4.7719e-02,  2.8626e-01, -9.0050e-02, -1.1483e-01,
          3.5867e-01],
        [ 6.1708e-02, -1.9202e-02,  3.2111e-01, -2.9015e-01, -1.3736e-01,
         -3.5434e-01, -2.1757e-01, -1.3786e-01, -1.5787e-02, -3.2939e-01,
          1.3418e-02,  9.7994e-02, -1.9623e-02,  2.0416e-01, -4.1249e-01,
          1.2925e-01],
        [-3.1327e-01,  2.3177e-01, -1.1372e-01,  2.8596e-02,  1.4761e-01,
          1.5800e-01,  9.5996e-02,  2.7226e-01,  3.2924e-01,  1.3464e-02,
          2.5860e-02, -4.6134e-02, -3.1353e-01, -1.1871e-01,  2.3457e-01,
         -2.3526e-01],
        [-3.6181e-01,  4.0514e-01, -6.0229e-02, -5.4932e-03,  9.1859e-03,
          4.1965e-01,  2.6339e-01,  1.4212e-01,  3.9984e-01,  2.5997e-01,
         -9.2917e-02, -1.4090e-02, -2.3047e-01,  9.6123e-02,  2.1009e-02,
         -3.4939e-01],
        [-1.2636e-01,  1.5144e-01, -1.8068e-02,  1.1172e-01,  2.1218e-01,
          1.1246e-01,  3.8248e-01,  1.6408e-01,  1.9857e-01,  3.4756e-01,
          9.8715e-02,  4.9411e-02, -4.4342e-01, -2.5730e-01,  1.1194e-01,
         -2.1805e-01],
        [ 3.6044e-01, -1.3336e-01,  1.7904e-01, -2.2031e-01, -1.8538e-01,
          1.0553e-02, -1.3607e-01, -3.6691e-01, -3.9692e-01, -1.3414e-01,
          1.5424e-01,  8.3294e-02,  2.2135e-02,  2.1324e-01, -2.9139e-01,
          7.7103e-02],
        [ 2.2298e-01,  5.5024e-02,  3.7324e-01, -4.4500e-02, -3.7492e-01,
         -2.3292e-02, -7.8769e-02, -9.9705e-02, -2.7968e-01, -1.7491e-01,
         -4.3035e-03,  1.4082e-01,  1.6563e-01,  9.0688e-02, -4.0474e-01,
          2.6516e-01],
        [-3.9653e-01,  7.3962e-03, -8.1417e-02, -5.1157e-03,  4.4476e-01,
          4.2016e-01,  1.4277e-01,  1.5274e-01,  2.9676e-02,  1.9638e-01,
         -8.6715e-02, -3.4946e-01, -1.3741e-01, -1.4966e-01,  1.0371e-01,
         -1.8996e-01],
        [-2.5075e-02, -4.2225e-01,  2.3158e-01,  1.4125e-02, -3.8622e-01,
         -3.1869e-02, -2.3565e-01, -3.4522e-01, -2.5263e-01, -8.8540e-02,
          1.8960e-01,  4.6143e-01,  2.1238e-01,  4.4697e-03,  1.7290e-02,
          1.4824e-01],
        [ 2.8734e-01,  1.9634e-02,  1.7319e-01, -3.5377e-01, -3.6248e-01,
         -3.3296e-02, -8.5749e-02,  5.1352e-03, -3.5772e-01, -1.7652e-01,
          3.1835e-01,  2.8423e-01,  3.5933e-01,  2.7051e-01, -1.6315e-01,
         -4.1998e-02],
        [-2.5809e-01,  2.0190e-01, -2.1427e-01,  1.3729e-01,  1.3330e-01,
          2.8045e-01,  2.7517e-01,  2.6040e-01,  1.2127e-01,  2.6762e-01,
         -1.7210e-01, -2.2260e-01, -1.6382e-01, -1.9273e-01,  2.6420e-01,
         -1.5493e-01],
        [ 2.2058e-01, -1.8326e-01,  1.3564e-01, -3.0850e-01, -2.2469e-01,
         -3.7604e-01, -2.9448e-01,  1.9104e-02, -4.1187e-01, -1.1843e-01,
          1.7659e-01, -6.9797e-02,  2.2686e-01,  2.5931e-01,  1.3559e-02,
          1.9774e-01],
        [ 3.7033e-01, -1.8424e-01,  2.6123e-01, -1.1113e-01, -3.5466e-01,
         -2.3076e-01, -3.7299e-01,  8.8808e-03, -7.4292e-02, -2.7755e-01,
          1.1062e-01,  2.6263e-01, -2.2433e-02,  1.2232e-01, -2.9411e-02,
          2.0903e-01],
        [-1.6699e-01,  3.3521e-01, -2.6049e-02, -6.0364e-02,  3.0046e-01,
         -6.0552e-02,  3.1627e-01,  3.7515e-01,  1.9002e-01,  6.5031e-02,
         -2.8167e-01, -2.7012e-01, -2.2648e-01, -2.0277e-01,  3.7279e-01,
         -2.5825e-01],
        [-1.0531e-01, -9.0541e-04, -7.3236e-02,  4.3578e-01,  6.3244e-02,
          1.2763e-01,  3.0199e-01, -1.8198e-02,  8.2262e-02,  2.8839e-01,
          1.0068e-01, -3.1139e-01, -2.3941e-01, -4.1166e-01, -1.4457e-02,
          1.1955e-02],
        [ 3.5909e-01, -2.3200e-01,  4.1930e-02, -1.7825e-01, -2.2704e-02,
         -3.9109e-01, -3.0426e-01, -2.3551e-01, -2.7543e-01, -1.5478e-01,
          2.9797e-01,  2.2241e-01, -5.8519e-02,  3.2159e-01,  8.5118e-02,
          2.2315e-01],
        [ 2.1580e-01,  4.1126e-03,  3.0922e-01, -3.6248e-01, -2.2003e-01,
         -1.5670e-01, -1.6215e-01, -2.6258e-01, -3.2679e-01, -3.0705e-01,
          5.1606e-02,  3.2344e-01,  2.7007e-01,  1.0326e-01, -1.9222e-01,
         -8.6359e-04],
        [ 2.0990e-01, -4.3923e-01,  1.6258e-01, -1.4509e-01,  2.6912e-02,
         -2.3657e-01,  2.8077e-02, -1.7744e-01, -4.0017e-01,  5.8511e-02,
          3.7584e-01,  8.4027e-03,  7.2859e-02,  2.5565e-01, -3.3374e-01,
          3.5579e-01],
        [ 6.0456e-02, -2.7678e-01,  9.4064e-02,  4.4819e-02, -2.8381e-01,
         -2.0505e-01, -6.5627e-02, -3.6170e-01, -2.2478e-01, -3.6745e-01,
         -8.5953e-02,  1.3892e-01,  2.4163e-01,  3.4855e-01, -3.9854e-01,
          1.1400e-01],
        [ 2.0276e-01, -6.9382e-02,  2.7553e-01, -3.5245e-01, -1.8895e-01,
         -8.9480e-02, -3.5759e-01, -2.9242e-02, -3.8215e-01,  1.1377e-02,
          1.7540e-01,  8.6736e-02,  2.4325e-01,  2.9153e-01,  7.4686e-02,
          2.8910e-01],
        [-3.2565e-01,  2.7185e-01,  1.9675e-02,  2.3268e-01,  3.5387e-01,
          1.5146e-02,  3.8775e-01,  1.8693e-01, -1.5904e-02,  1.0806e-01,
          6.8943e-02, -2.8686e-01, -2.5638e-01, -2.2610e-01,  3.4406e-02,
         -1.3616e-01],
        [ 2.8717e-01, -1.0499e-01,  1.2133e-01, -1.4191e-01, -3.1217e-01,
         -2.8170e-01, -1.4267e-01, -3.4018e-01, -2.4260e-02, -1.0706e-01,
          1.3380e-01,  1.4335e-01,  3.6465e-01,  3.1263e-01,  1.7968e-03,
          2.6220e-01],
        [-2.7095e-01,  2.5897e-01, -3.0760e-01,  2.7212e-01, -4.2257e-02,
          1.3615e-01,  3.5427e-01,  3.2115e-01,  3.8498e-01,  2.3486e-01,
          2.6467e-02, -9.1499e-02,  1.2479e-02,  4.5097e-02,  1.5224e-01,
         -2.4217e-01],
        [-2.6913e-01,  1.0253e-01, -2.4534e-02,  2.7797e-02,  2.1123e-01,
          3.7745e-01,  3.7840e-01, -2.6450e-02,  2.3566e-01,  3.1631e-01,
         -3.6233e-01, -1.1976e-02, -3.2595e-01, -2.7435e-01,  2.2692e-02,
         -2.4106e-01],
        [ 4.6605e-02, -9.7942e-02,  2.4373e-01, -7.7039e-02, -5.5864e-03,
         -3.1421e-01, -4.1044e-01, -3.6468e-01, -3.0669e-01, -2.7448e-01,
          2.2388e-01, -1.3671e-02, -6.0541e-03,  2.5862e-01, -2.9194e-01,
          2.0333e-01]], device='cuda:0', requires_grad=True)

Parameter name: road_linear_0.bias
Shape: torch.Size([32])
Values: Parameter containing:
tensor([-0.1193, -0.0111,  0.0784, -0.0545, -0.0071, -0.1005,  0.0777,  0.1362,
        -0.0296, -0.0356, -0.0130,  0.0640,  0.1410,  0.0719,  0.0201,  0.1057,
        -0.0757, -0.0025,  0.0763,  0.0285, -0.0624, -0.0745, -0.0193, -0.0110,
        -0.0762,  0.1662,  0.1444,  0.0227, -0.0722, -0.1900,  0.0480, -0.0052],
       device='cuda:0', requires_grad=True)

Parameter name: road_linear_1.weight
Shape: torch.Size([1, 32])
Values: Parameter containing:
tensor([[ 0.2664,  0.3466, -0.2637, -0.2827,  0.3468,  0.3994, -0.3187, -0.4191,
         -0.3267,  0.3956,  0.2848,  0.4172, -0.2881, -0.4348,  0.3325, -0.3041,
         -0.3389,  0.3605, -0.2580, -0.2855,  0.4393,  0.3147, -0.3965, -0.4099,
         -0.3657, -0.3744, -0.3523,  0.3866, -0.3771,  0.4207,  0.3158, -0.2624]],
       device='cuda:0', requires_grad=True)

Parameter name: linear_0.weight
Shape: torch.Size([32, 39])
Values: Parameter containing:
tensor([[-0.0656,  0.1418,  0.0920,  ...,  0.1415, -0.2768, -0.1137],
        [-0.1588, -0.0062,  0.1387,  ...,  0.0722, -0.3124,  0.0871],
        [ 0.0499, -0.0716,  0.0195,  ...,  0.0514,  0.2591,  0.0345],
        ...,
        [ 0.1601, -0.1926, -0.0340,  ..., -0.1973,  0.0225, -0.1180],
        [ 0.1399, -0.2517, -0.0796,  ..., -0.2415,  0.1393,  0.1557],
        [-0.2373,  0.1948,  0.0883,  ...,  0.0644, -0.2673, -0.0509]],
       device='cuda:0', requires_grad=True)

Parameter name: linear_0.bias
Shape: torch.Size([32])
Values: Parameter containing:
tensor([ 0.0531,  0.0416, -0.0701, -0.1419, -0.0754,  0.0606, -0.1005,  0.0436,
        -0.0405,  0.0559,  0.0070,  0.0140, -0.0235,  0.0913, -0.0430,  0.0002,
         0.0478, -0.1600, -0.0324,  0.0724, -0.0657,  0.0244,  0.1164,  0.0167,
        -0.0962,  0.1087,  0.0571, -0.1215,  0.0389,  0.1762,  0.1739, -0.1181],
       device='cuda:0', requires_grad=True)

Parameter name: linear_1.weight
Shape: torch.Size([32, 32])
Values: Parameter containing:
tensor([[ 0.0765, -0.1770, -0.0921,  ...,  0.0708, -0.0223,  0.0482],
        [-0.2026, -0.0282,  0.1084,  ...,  0.1716, -0.0040,  0.0270],
        [ 0.1290, -0.0437, -0.1738,  ..., -0.1635, -0.0136,  0.2023],
        ...,
        [ 0.1295,  0.0850,  0.0806,  ...,  0.0491, -0.2162,  0.2894],
        [ 0.0135, -0.1476,  0.0438,  ...,  0.2643,  0.2251, -0.1692],
        [ 0.0040, -0.1119,  0.2162,  ...,  0.2481,  0.1463, -0.0721]],
       device='cuda:0', requires_grad=True)

Parameter name: linear_1.bias
Shape: torch.Size([32])
Values: Parameter containing:
tensor([ 0.1164,  0.1642, -0.0552, -0.1186,  0.0216, -0.0217, -0.0765, -0.0046,
         0.1609, -0.1656,  0.1145, -0.1122,  0.2001,  0.0658, -0.1154,  0.1493,
        -0.1391, -0.1727,  0.0486,  0.0357, -0.0408,  0.0797, -0.2238,  0.2033,
        -0.0134, -0.0201,  0.0732, -0.0021, -0.1641, -0.0830,  0.1409,  0.0347],
       device='cuda:0', requires_grad=True)

Parameter name: linear_2.weight
Shape: torch.Size([1, 32])
Values: Parameter containing:
tensor([[ 0.3752,  0.2937, -0.3473, -0.3494,  0.1916,  0.2109, -0.2641,  0.2250,
          0.2850, -0.3089, -0.2391,  0.2566,  0.2568,  0.2381,  0.2904,  0.2738,
         -0.3741, -0.3769,  0.2243,  0.2294, -0.2987, -0.2746, -0.3683,  0.2334,
          0.3167,  0.3779, -0.3496,  0.3375, -0.2761, -0.3656,  0.3251,  0.3579]],
       device='cuda:0', requires_grad=True)

Parameter name: linear_2.bias
Shape: torch.Size([1])
Values: Parameter containing:
tensor([0.1732], device='cuda:0', requires_grad=True)

