Parameter name: road_linear_0.weight
Shape: torch.Size([32, 16])
Values: Parameter containing:
tensor([[-2.7200e-01,  4.6785e-01,  9.3416e-02, -7.6349e-02,  3.4476e-01,
          1.7102e-01,  3.5654e-01,  1.5185e-01,  3.5959e-01,  1.6886e-01,
          1.4774e-01, -3.0669e-01, -3.6041e-01, -2.4885e-01,  3.8136e-01,
          1.3022e-01],
        [-1.0058e-01, -1.5114e-01,  6.8475e-02, -1.3176e-01,  1.1904e-01,
          2.1156e-01,  4.5459e-02,  3.3751e-01,  6.7595e-01, -4.3000e-02,
          2.6995e-01, -4.3092e-01,  7.5891e-02,  1.2426e-01,  6.6879e-01,
          7.4602e-02],
        [ 1.1382e-01, -1.9751e-01,  3.3097e-01, -9.4535e-02, -3.2813e-01,
         -3.3080e-01, -1.7854e-01, -6.1931e-01, -1.7944e-01, -3.4324e-02,
          7.7114e-02,  1.3855e-01,  5.9065e-01,  2.6346e-01, -1.0034e-01,
          2.4477e-01],
        [ 5.0183e-02, -1.1874e-01, -1.4049e-01,  9.2183e-02, -1.2256e-01,
         -1.2462e-01,  9.9463e-03, -2.3418e-01, -6.5842e-01, -1.8189e-01,
         -1.9275e-01,  4.6513e-01,  1.7672e-01, -3.5254e-01, -4.2252e-01,
         -5.3145e-02],
        [ 8.1419e-02,  2.7837e-01,  2.7539e-02, -1.6601e-01,  2.6384e-01,
          2.9323e-02, -6.2335e-02,  4.8775e-01,  3.9858e-01,  9.7849e-02,
          3.0908e-01, -2.7511e-01,  3.9283e-02, -4.4210e-02,  5.0781e-01,
          1.0099e-02],
        [-5.1482e-02,  4.9828e-01, -3.1540e-01,  3.7288e-01,  5.4594e-01,
         -2.6325e-02,  3.8212e-01,  1.4754e-01,  3.9230e-01,  1.7841e-01,
         -2.5858e-01, -2.3984e-01, -3.5658e-01,  1.8410e-01,  4.5802e-01,
         -6.4668e-02],
        [ 1.8828e-01, -2.8089e-02,  2.0981e-01, -4.2568e-02, -1.8559e-01,
         -1.4477e-01, -8.3880e-02, -3.9830e-01, -5.0954e-01,  1.6344e-01,
         -1.0305e-01,  1.9053e-01, -9.9086e-02,  1.6139e-02, -4.9106e-01,
         -1.7222e-02],
        [-2.2652e-01,  6.8709e-02,  1.6932e-01, -2.1609e-01, -4.8492e-01,
         -2.2635e-01, -7.7634e-03, -4.3539e-01, -4.4250e-01, -4.0300e-02,
         -1.3060e-01,  1.7742e-01,  2.4587e-01, -2.8548e-01, -2.8679e-01,
          1.9384e-01],
        [-1.2409e-01,  7.5163e-02,  1.2772e-01, -1.1974e-01, -2.4734e-01,
         -2.8851e-01, -4.9555e-02, -3.1134e-01, -2.9121e-01, -1.3239e-01,
         -2.7449e-01,  2.5985e-01, -1.2850e-01, -1.0512e-02, -6.4552e-01,
         -6.0786e-02],
        [-1.3130e-01,  9.4512e-02,  7.6934e-02, -1.3888e-01,  2.0834e-01,
          1.1202e-01, -5.5058e-02,  4.2994e-01,  5.6797e-01, -1.7847e-01,
          3.1416e-01, -1.7011e-01, -1.9451e-01,  8.8136e-02,  4.5964e-01,
         -4.6552e-02],
        [-2.3372e-01,  4.1847e-01,  9.0091e-02, -1.3880e-01,  1.4440e-01,
          3.5986e-01,  2.0063e-01,  3.0494e-01,  5.9940e-01,  1.1368e-01,
          9.5063e-02, -1.5447e-01, -2.2243e-01,  2.6998e-01,  1.8465e-01,
         -2.0868e-01],
        [ 4.7764e-02,  9.3046e-02,  1.6767e-01, -5.2553e-02,  3.3435e-01,
          4.7640e-02,  2.4248e-01,  3.3846e-01,  4.5832e-01,  1.6040e-01,
          3.6483e-01, -1.0415e-01, -3.6811e-01, -4.7357e-02,  3.2449e-01,
         -3.7125e-02],
        [ 1.9409e-01, -3.2020e-02, -1.9591e-03, -6.3768e-02, -2.5287e-01,
          4.9065e-02, -3.5771e-02, -5.1170e-01, -5.9930e-01,  4.4480e-02,
         -1.0276e-01,  1.8181e-01, -6.7026e-02,  1.5301e-02, -4.5465e-01,
         -9.5885e-02],
        [ 3.0569e-02,  1.8979e-01,  1.7531e-01,  1.2915e-01, -4.3377e-01,
          2.4151e-02,  7.8975e-02, -2.5269e-01, -5.2024e-01,  2.5598e-02,
         -2.9541e-01,  2.6181e-01,  3.9347e-02, -1.2644e-01, -6.2331e-01,
          6.8512e-02],
        [-2.0037e-01, -1.0196e-01,  1.1681e-01, -1.7614e-01,  5.2035e-01,
          3.5101e-01, -3.0921e-02,  3.0781e-01,  2.7118e-01, -2.7033e-03,
          1.9687e-01, -4.7965e-01, -9.8838e-03,  7.0299e-02,  3.2158e-01,
          2.2128e-03],
        [-1.5755e-01, -3.3875e-01,  7.5234e-02,  1.4950e-01, -4.6711e-01,
         -1.0816e-02, -1.6881e-01, -4.8800e-01, -4.1551e-01,  6.3849e-02,
         -4.6777e-02,  5.5899e-01,  1.4551e-01, -1.6730e-01, -1.1653e-01,
          4.0669e-03],
        [ 8.2610e-02,  1.0703e-01, -2.7554e-02, -1.7660e-01, -4.3950e-01,
          2.8503e-02,  6.5835e-02, -1.4921e-01, -6.1386e-01,  3.1940e-02,
          4.6699e-02,  4.0747e-01,  2.5074e-01,  3.7111e-02, -3.6489e-01,
         -2.3850e-01],
        [-1.7435e-01,  2.4748e-01, -9.5841e-02,  2.9923e-02,  2.6463e-01,
          2.3261e-01,  2.6956e-01,  4.0707e-01,  2.4571e-01,  1.5433e-01,
         -4.1146e-02, -3.4523e-01, -1.8402e-01, -5.6244e-02,  3.7901e-01,
         -4.9411e-02],
        [ 2.1522e-01, -2.8790e-01,  5.7214e-02, -2.2235e-01, -4.2248e-01,
         -3.4442e-01, -3.6168e-01, -1.6594e-01, -5.9742e-01, -4.5307e-02,
          1.1989e-01,  1.0155e-01,  3.6370e-01,  1.5775e-01, -1.4406e-01,
          1.3153e-01],
        [ 3.7644e-01, -2.8732e-01,  1.9028e-01, -3.5803e-02, -5.6639e-01,
         -2.0744e-01, -4.5310e-01, -1.8158e-01, -2.4039e-01, -2.1368e-01,
          4.9390e-02,  4.3436e-01,  9.7783e-02,  3.0188e-02, -1.8168e-01,
          1.5123e-01],
        [-3.6576e-02,  2.3859e-01,  1.2256e-01, -1.9562e-01,  3.5266e-01,
         -7.9102e-02,  2.5416e-01,  4.9816e-01,  3.1875e-01, -8.1353e-02,
         -3.9654e-02, -3.3591e-01, -1.4205e-01, -3.5844e-02,  4.7092e-01,
         -1.1493e-01],
        [ 1.1072e-02,  1.0082e-02,  7.4362e-02,  2.9977e-01,  2.5653e-01,
          8.7067e-02,  2.1921e-01,  1.7920e-01,  3.4344e-01,  1.4071e-01,
          3.2831e-01, -4.9591e-01, -2.5173e-01, -2.3964e-01,  1.9761e-01,
          1.5162e-01],
        [ 3.5423e-01, -3.3566e-01, -3.2924e-02, -9.8744e-02, -2.1710e-01,
         -3.5460e-01, -3.7328e-01, -4.1453e-01, -4.3954e-01, -8.7852e-02,
          2.4197e-01,  3.8688e-01,  6.1824e-02,  2.2671e-01, -6.2647e-02,
          1.6200e-01],
        [ 6.4027e-03,  7.8354e-02,  1.0292e-01, -1.8490e-01, -2.7278e-01,
         -7.6477e-02, -1.4836e-02, -3.9824e-01, -5.2685e-01, -9.6364e-02,
         -1.8827e-01,  4.1952e-01,  1.6052e-01, -1.2594e-01, -3.7036e-01,
         -1.9685e-01],
        [ 2.8503e-02, -3.4247e-01, -2.3139e-02,  1.7104e-02, -4.9408e-02,
         -1.8623e-01,  1.5537e-01, -3.3044e-01, -6.5835e-01,  2.4656e-01,
          1.0169e-01,  1.2916e-01, -2.7935e-02,  4.5854e-02, -5.3003e-01,
          1.7081e-01],
        [-1.3749e-01, -1.2250e-01, -1.1289e-01,  2.2542e-01, -2.8922e-01,
         -1.5768e-01,  7.7332e-02, -4.8385e-01, -4.0132e-01, -1.6002e-01,
         -3.7012e-01,  1.8571e-01,  1.0260e-01,  1.2868e-01, -5.7583e-01,
         -8.4255e-02],
        [ 3.3472e-01, -1.8861e-01,  2.8908e-01, -3.3530e-01, -4.2130e-01,
         -1.0500e-01, -5.5761e-01, -2.3293e-01, -5.7638e-01, -1.7392e-04,
          1.9633e-01,  2.6985e-01,  4.4171e-01,  2.9288e-01, -7.4822e-02,
          3.1726e-01],
        [-1.8521e-01,  2.4004e-01,  1.8282e-01,  8.8848e-02,  4.8943e-01,
         -2.7927e-02,  2.9693e-01,  3.5610e-01,  1.8774e-01, -5.2979e-02,
          3.0086e-01, -4.3012e-01, -2.1794e-01, -4.1780e-02,  2.1112e-01,
          1.8746e-02],
        [ 1.4754e-01, -1.2059e-01, -3.6148e-02, -2.0463e-03, -4.4179e-01,
         -2.1340e-01, -6.0141e-02, -4.9810e-01, -2.1748e-01,  4.6236e-02,
         -5.5051e-02,  2.7927e-01,  3.4906e-01,  1.2853e-01, -1.6471e-01,
          1.1604e-01],
        [-3.0158e-01,  3.4614e-01, -2.5910e-01,  2.1791e-01,  1.4362e-01,
          1.3105e-01,  4.5558e-01,  4.9041e-01,  5.1867e-01,  1.9381e-01,
          9.1692e-02, -2.4542e-01, -9.1430e-02,  1.0632e-01,  2.6134e-01,
         -2.0512e-01],
        [-2.4910e-01,  2.0487e-01,  5.5677e-02, -5.8407e-02,  4.0909e-01,
          3.4352e-01,  4.3073e-01,  1.5776e-01,  4.2072e-01,  2.3892e-01,
         -2.9772e-01, -1.8016e-01, -4.5632e-01, -1.6702e-01,  1.8013e-01,
         -1.7116e-01],
        [-1.3364e-01, -5.1705e-02,  5.5903e-02,  8.5526e-02, -9.4204e-02,
         -2.3928e-01, -2.9169e-01, -5.2003e-01, -5.3217e-01, -8.6420e-02,
         -4.6450e-03,  1.0971e-01, -7.7152e-02,  4.8007e-02, -4.7625e-01,
          2.5626e-02]], device='cuda:0', requires_grad=True)

Parameter name: road_linear_0.bias
Shape: torch.Size([32])
Values: Parameter containing:
tensor([-0.0875,  0.1313,  0.1636, -0.1950,  0.1522, -0.1278, -0.0196,  0.1104,
        -0.1258,  0.1203, -0.0167,  0.1237, -0.0148, -0.0792,  0.1372, -0.0232,
        -0.1831, -0.0418,  0.1668,  0.1095,  0.0809, -0.0783,  0.0712, -0.0994,
        -0.2129, -0.0092,  0.2210,  0.0672, -0.0469, -0.2386, -0.0436, -0.0676],
       device='cuda:0', requires_grad=True)

Parameter name: road_linear_1.weight
Shape: torch.Size([1, 32])
Values: Parameter containing:
tensor([[ 0.4536,  0.6323, -0.3805, -0.5301,  0.6040,  0.5538, -0.5232, -0.5942,
         -0.5361,  0.6624,  0.4465,  0.6192, -0.5310, -0.7000,  0.5551, -0.5323,
         -0.5482,  0.5204, -0.3559, -0.3988,  0.6755,  0.4480, -0.5044, -0.6212,
         -0.5844, -0.6362, -0.4631,  0.5861, -0.5317,  0.5767,  0.4091, -0.4555]],
       device='cuda:0', requires_grad=True)

Parameter name: linear_0.weight
Shape: torch.Size([32, 39])
Values: Parameter containing:
tensor([[-0.0248,  0.1007,  0.0568,  ...,  0.1801, -0.4274, -0.1137],
        [-0.1389, -0.0342,  0.1378,  ...,  0.0557, -0.4338,  0.0871],
        [ 0.0275, -0.0416,  0.0248,  ...,  0.0629,  0.4007,  0.0345],
        ...,
        [ 0.1403, -0.1612, -0.0386,  ..., -0.1722,  0.1530, -0.1180],
        [ 0.1148, -0.2179, -0.0745,  ..., -0.2299,  0.2810,  0.1557],
        [-0.2148,  0.1738,  0.0692,  ...,  0.0780, -0.3976, -0.0509]],
       device='cuda:0', requires_grad=True)

Parameter name: linear_0.bias
Shape: torch.Size([32])
Values: Parameter containing:
tensor([ 0.0816,  0.0302, -0.0641, -0.1382, -0.0828,  0.0416, -0.0870,  0.0704,
        -0.0385,  0.0489,  0.0477,  0.0186, -0.0243,  0.1033, -0.0259, -0.0155,
         0.0505, -0.1639, -0.0041,  0.0893, -0.0909,  0.0031,  0.1170,  0.0479,
        -0.1089,  0.1104,  0.0567, -0.1461,  0.0447,  0.1949,  0.1814, -0.1047],
       device='cuda:0', requires_grad=True)

Parameter name: linear_1.weight
Shape: torch.Size([32, 32])
Values: Parameter containing:
tensor([[ 0.0893, -0.2113, -0.0125,  ...,  0.1024, -0.0057,  0.0585],
        [-0.1932, -0.0556,  0.1892,  ...,  0.1987,  0.0091,  0.0324],
        [ 0.1268, -0.0276, -0.2373,  ..., -0.1810, -0.0194,  0.2049],
        ...,
        [ 0.1325,  0.0888,  0.0350,  ...,  0.0415, -0.2224,  0.3088],
        [ 0.0378, -0.2114,  0.1309,  ...,  0.3192,  0.2637, -0.1449],
        [ 0.0127, -0.1320,  0.2762,  ...,  0.2678,  0.1503, -0.0635]],
       device='cuda:0', requires_grad=True)

Parameter name: linear_1.bias
Shape: torch.Size([32])
Values: Parameter containing:
tensor([ 0.1470,  0.1889, -0.0701, -0.1519,  0.0386, -0.0065, -0.0968,  0.0493,
         0.2055, -0.1784,  0.1438, -0.1945,  0.2355,  0.0726, -0.0724,  0.2047,
        -0.0161, -0.1915,  0.0660,  0.0650, -0.0780,  0.0635, -0.2375,  0.2268,
         0.0093, -0.0994,  0.0815,  0.0140, -0.1933, -0.0841,  0.1938,  0.0556],
       device='cuda:0', requires_grad=True)

Parameter name: linear_2.weight
Shape: torch.Size([1, 32])
Values: Parameter containing:
tensor([[ 0.9644,  0.8909, -0.9496, -0.9301,  0.7970,  0.8139, -0.8651,  0.7831,
          0.8492, -0.9146, -0.8271,  0.8373,  0.8318,  0.8399,  0.8558,  0.8299,
         -0.9504, -0.9727,  0.8259,  0.8169, -0.8774, -0.8743, -0.9781,  0.8314,
          0.9180,  0.9586, -0.9494,  0.9286, -0.8694, -0.9691,  0.8789,  0.9502]],
       device='cuda:0', requires_grad=True)

Parameter name: linear_2.bias
Shape: torch.Size([1])
Values: Parameter containing:
tensor([0.7065], device='cuda:0', requires_grad=True)

