Parameter name: road_linear_0.weight
Shape: torch.Size([32, 16])
Values: Parameter containing:
tensor([[-0.3144,  0.5111,  0.0565, -0.0596,  0.3994,  0.2207,  0.4290,  0.1862,
          0.3612,  0.1912,  0.1276, -0.3242, -0.4136, -0.2786,  0.3637,  0.1056],
        [-0.0879, -0.1585,  0.0832, -0.1483,  0.1489,  0.2126,  0.0333,  0.3796,
          0.7347, -0.0576,  0.3094, -0.4591,  0.0885,  0.1358,  0.7112,  0.0941],
        [ 0.1812, -0.2597,  0.3839, -0.1200, -0.4086, -0.3912, -0.2826, -0.6676,
         -0.1825, -0.0704,  0.1137,  0.1691,  0.6736,  0.3087, -0.1016,  0.2866],
        [ 0.0376, -0.1122, -0.1541,  0.1079, -0.1527, -0.1266,  0.0198, -0.2763,
         -0.7153, -0.1677, -0.2318,  0.4946,  0.1638, -0.3638, -0.4626, -0.0720],
        [ 0.0968,  0.2658,  0.0407, -0.1805,  0.2893,  0.0322, -0.0717,  0.5239,
          0.4543,  0.0819,  0.3478, -0.2960,  0.0540, -0.0325,  0.5407,  0.0291],
        [-0.1157,  0.5548, -0.3677,  0.3985,  0.6071,  0.0256,  0.4764,  0.1872,
          0.3860,  0.2118, -0.2934, -0.2599, -0.4269,  0.1415,  0.4477, -0.1040],
        [ 0.1817, -0.0327,  0.1988, -0.0281, -0.2150, -0.1439, -0.0822, -0.4338,
         -0.5494,  0.1725, -0.1363,  0.2184, -0.1061,  0.0086, -0.5167, -0.0318],
        [-0.2225,  0.0512,  0.1644, -0.2050, -0.5152, -0.2275, -0.0154, -0.4699,
         -0.4708, -0.0385, -0.1525,  0.2084,  0.2491, -0.2856, -0.3055,  0.1860],
        [-0.1353,  0.0739,  0.1121, -0.1018, -0.2829, -0.2872, -0.0398, -0.3576,
         -0.3452, -0.1191, -0.3145,  0.2973, -0.1386, -0.0222, -0.6881, -0.0801],
        [-0.1190,  0.0880,  0.0916, -0.1554,  0.2346,  0.1107, -0.0660,  0.4695,
          0.6213, -0.1925,  0.3520, -0.1972, -0.1811,  0.0992,  0.4989, -0.0279],
        [-0.2629,  0.4578,  0.0729, -0.1357,  0.1862,  0.3840,  0.2449,  0.3386,
          0.6062,  0.1285,  0.0901, -0.1829, -0.2579,  0.2510,  0.1814, -0.2205],
        [ 0.0502,  0.1034,  0.1780, -0.0673,  0.3630,  0.0467,  0.2416,  0.3766,
          0.4934,  0.1534,  0.3948, -0.1366, -0.3641, -0.0417,  0.3522, -0.0247],
        [ 0.1801, -0.0239, -0.0157, -0.0483, -0.2785,  0.0494, -0.0280, -0.5463,
         -0.6471,  0.0588, -0.1414,  0.2028, -0.0816,  0.0036, -0.4832, -0.1146],
        [ 0.0187,  0.1936,  0.1607,  0.1459, -0.4655,  0.0232,  0.0893, -0.2964,
         -0.5766,  0.0395, -0.3337,  0.2941,  0.0284, -0.1375, -0.6669,  0.0497],
        [-0.1892, -0.1047,  0.1300, -0.1915,  0.5500,  0.3503, -0.0387,  0.3474,
          0.3220, -0.0155,  0.2341, -0.5082,  0.0015,  0.0803,  0.3558,  0.0198],
        [-0.1558, -0.3450,  0.0761,  0.1542, -0.4919, -0.0196, -0.1801, -0.5147,
         -0.4438,  0.0661, -0.0683,  0.5763,  0.1463, -0.1655, -0.1201, -0.0014],
        [ 0.0712,  0.1045, -0.0453, -0.1563, -0.4712,  0.0346,  0.0777, -0.1956,
         -0.6649,  0.0455,  0.0049,  0.4465,  0.2366,  0.0236, -0.4079, -0.2587],
        [-0.2206,  0.2956, -0.1310,  0.0445,  0.3149,  0.2722,  0.3419,  0.4393,
          0.2410,  0.1793, -0.0630, -0.3653, -0.2374, -0.0880,  0.3634, -0.0744],
        [ 0.2883, -0.3577,  0.1093, -0.2448, -0.4971, -0.3979, -0.4640, -0.2168,
         -0.5926, -0.0846,  0.1584,  0.1367,  0.4490,  0.2065, -0.1457,  0.1756],
        [ 0.4346, -0.3378,  0.2386, -0.0590, -0.6568, -0.2680, -0.5505, -0.2351,
         -0.2566, -0.2412,  0.0781,  0.4641,  0.1716,  0.0675, -0.1906,  0.1861],
        [-0.0388,  0.2442,  0.1202, -0.1993,  0.3726, -0.0709,  0.2675,  0.5189,
          0.3401, -0.0830, -0.0217, -0.3456, -0.1420, -0.0386,  0.4652, -0.1105],
        [-0.0046,  0.0388,  0.0691,  0.2939,  0.3107,  0.1120,  0.2491,  0.2247,
          0.3733,  0.1446,  0.3385, -0.5320, -0.2775, -0.2465,  0.2163,  0.1509],
        [ 0.4154, -0.3917,  0.0147, -0.1208, -0.2954, -0.4092, -0.4691, -0.4614,
         -0.4449, -0.1192,  0.2741,  0.4147,  0.1368,  0.2671, -0.0640,  0.1987],
        [-0.0059,  0.0807,  0.0876, -0.1676, -0.3022, -0.0729, -0.0044, -0.4393,
         -0.5760, -0.0828, -0.2283,  0.4509,  0.1459, -0.1383, -0.4064, -0.2161],
        [ 0.0168, -0.3410, -0.0394,  0.0355, -0.0756, -0.1808,  0.1660, -0.3706,
         -0.7058,  0.2598,  0.0624,  0.1596, -0.0426,  0.0335, -0.5671,  0.1517],
        [-0.1582, -0.1024, -0.1298,  0.2423, -0.3077, -0.1553,  0.0914, -0.5138,
         -0.4569, -0.1400, -0.4117,  0.1959,  0.0812,  0.1135, -0.6053, -0.1064],
        [ 0.4033, -0.2443,  0.3504, -0.3694, -0.5212, -0.1749, -0.6665, -0.3000,
         -0.6044, -0.0338,  0.2304,  0.3095,  0.5338,  0.3403, -0.0924,  0.3672],
        [-0.1983,  0.2625,  0.1767,  0.0857,  0.5257, -0.0108,  0.3215,  0.3893,
          0.2100, -0.0489,  0.3109, -0.4565, -0.2348, -0.0498,  0.2176,  0.0178],
        [ 0.1762, -0.1613, -0.0225, -0.0022, -0.4812, -0.2315, -0.0997, -0.5326,
         -0.2232,  0.0319, -0.0521,  0.3103,  0.3807,  0.1460, -0.1658,  0.1260],
        [-0.3557,  0.3931, -0.3074,  0.2427,  0.2157,  0.1883,  0.5478,  0.5297,
          0.5252,  0.2212,  0.0618, -0.2644, -0.1599,  0.0692,  0.2531, -0.2386],
        [-0.3184,  0.2714,  0.0053, -0.0363,  0.4905,  0.4005,  0.5308,  0.2120,
          0.4224,  0.2752, -0.3339, -0.2163, -0.5405, -0.2128,  0.1857, -0.2131],
        [-0.1375, -0.0604,  0.0450,  0.1002, -0.1205, -0.2346, -0.2899, -0.5559,
         -0.5666, -0.0794, -0.0366,  0.1396, -0.0844,  0.0417, -0.5004,  0.0123]],
       device='cuda:0', requires_grad=True)

Parameter name: road_linear_0.bias
Shape: torch.Size([32])
Values: Parameter containing:
tensor([-0.1008,  0.1641,  0.1934, -0.2385,  0.2072, -0.1579, -0.0408,  0.1230,
        -0.1548,  0.1540, -0.0542,  0.1197, -0.0675, -0.1143,  0.1779, -0.0484,
        -0.1950, -0.0723,  0.2116,  0.1223,  0.1066, -0.0888,  0.0966, -0.1302,
        -0.2364, -0.0644,  0.2313,  0.0635, -0.0026, -0.2477, -0.0834, -0.0715],
       device='cuda:0', requires_grad=True)

Parameter name: road_linear_1.weight
Shape: torch.Size([1, 32])
Values: Parameter containing:
tensor([[ 0.5487,  0.7110, -0.4814, -0.6178,  0.6939,  0.6388, -0.6272, -0.6935,
         -0.6429,  0.7480,  0.5466,  0.7264, -0.6342, -0.7937,  0.6485, -0.6222,
         -0.6482,  0.6131, -0.4472, -0.4853,  0.7718,  0.5416, -0.5972, -0.7218,
         -0.6791, -0.7210, -0.5540,  0.6785, -0.6312,  0.6664,  0.5018, -0.5546]],
       device='cuda:0', requires_grad=True)

Parameter name: linear_0.weight
Shape: torch.Size([32, 39])
Values: Parameter containing:
tensor([[-0.0246,  0.1052,  0.0530,  ...,  0.1993, -0.6256, -0.1137],
        [-0.1397, -0.0358,  0.1413,  ...,  0.0527, -0.5465,  0.0871],
        [ 0.0279, -0.0392,  0.0213,  ...,  0.0649,  0.5709,  0.0345],
        ...,
        [ 0.1384, -0.1538, -0.0415,  ..., -0.1689,  0.2583, -0.1180],
        [ 0.1112, -0.2120, -0.0736,  ..., -0.2315,  0.4244,  0.1557],
        [-0.2222,  0.1908,  0.0696,  ...,  0.0848, -0.5484, -0.0509]],
       device='cuda:0', requires_grad=True)

Parameter name: linear_0.bias
Shape: torch.Size([32])
Values: Parameter containing:
tensor([ 8.6953e-02,  2.6551e-02, -6.0493e-02, -1.3309e-01, -8.5921e-02,
         4.3396e-02, -8.3071e-02,  7.0817e-02, -4.0550e-02,  4.8141e-02,
         5.2467e-02,  1.3679e-02, -2.4165e-02,  1.0697e-01, -2.0701e-02,
        -1.8131e-02,  5.5891e-02, -1.6629e-01, -3.7306e-05,  9.3997e-02,
        -9.6930e-02, -5.8678e-03,  1.1965e-01,  6.0229e-02, -1.0824e-01,
         1.1341e-01,  6.1435e-02, -1.5787e-01,  4.6603e-02,  1.9849e-01,
         1.8076e-01, -1.0209e-01], device='cuda:0', requires_grad=True)

Parameter name: linear_1.weight
Shape: torch.Size([32, 32])
Values: Parameter containing:
tensor([[ 0.0974, -0.2217,  0.0099,  ...,  0.1134, -0.0031,  0.0715],
        [-0.1870, -0.0641,  0.2107,  ...,  0.2078,  0.0102,  0.0424],
        [ 0.1374, -0.0343, -0.2401,  ..., -0.1743, -0.0108,  0.2180],
        ...,
        [ 0.1468,  0.0868,  0.0225,  ...,  0.0465, -0.2308,  0.3515],
        [ 0.0557, -0.2324,  0.1627,  ...,  0.3403,  0.2755, -0.1199],
        [ 0.0178, -0.1382,  0.2924,  ...,  0.2750,  0.1480, -0.0520]],
       device='cuda:0', requires_grad=True)

Parameter name: linear_1.bias
Shape: torch.Size([32])
Values: Parameter containing:
tensor([ 0.1580,  0.1980, -0.0638, -0.1646,  0.0405, -0.0018, -0.1014,  0.0713,
         0.2244, -0.1734,  0.1372, -0.1475,  0.2514,  0.0708, -0.0550,  0.2248,
         0.0512, -0.1962,  0.0632,  0.0765, -0.0933,  0.0626, -0.2329,  0.2331,
         0.0164, -0.0333,  0.0848,  0.0027, -0.2040, -0.0764,  0.2145,  0.0634],
       device='cuda:0', requires_grad=True)

Parameter name: linear_2.weight
Shape: torch.Size([1, 32])
Values: Parameter containing:
tensor([[ 1.1634,  1.0921, -1.1617, -1.1280,  1.0052,  1.0201, -1.0707,  0.9774,
          1.0446, -1.1285, -1.0335,  1.0278,  1.0302,  1.0505,  1.0510,  1.0237,
         -1.1428, -1.1763,  1.0356,  1.0164, -1.0748, -1.0820, -1.1901,  1.0340,
          1.1206,  1.1537, -1.1597,  1.1417, -1.0694, -1.1784,  1.0726,  1.1518]],
       device='cuda:0', requires_grad=True)

Parameter name: linear_2.bias
Shape: torch.Size([1])
Values: Parameter containing:
tensor([0.8990], device='cuda:0', requires_grad=True)

