Parameter name: road_linear_0.weight
Shape: torch.Size([32, 16])
Values: Parameter containing:
tensor([[-2.8911e-01,  4.6018e-01,  4.6779e-02, -3.6229e-02,  2.3293e-01,
          1.5370e-01,  3.4991e-01,  3.2729e-02,  2.4508e-01,  2.1334e-01,
          2.5033e-02, -1.8893e-01, -3.5721e-01, -3.2453e-01,  3.1583e-01,
          9.0640e-02],
        [-2.0527e-01, -4.5249e-02, -4.9051e-02, -3.3272e-02,  6.1169e-02,
          2.3374e-01,  1.6589e-01,  1.9798e-01,  4.4804e-01,  7.5416e-02,
          8.5173e-02, -2.7908e-01, -1.1247e-02, -2.7347e-03,  4.6069e-01,
         -3.7263e-02],
        [ 4.1606e-02, -1.0497e-01,  3.2445e-01, -1.0194e-01, -1.5952e-01,
         -3.2134e-01, -8.0038e-02, -4.7917e-01, -3.7570e-02, -2.3760e-02,
          8.4852e-02, -1.3333e-02,  4.6077e-01,  2.7491e-01, -6.3654e-03,
          2.2676e-01],
        [ 1.9088e-01, -2.4542e-01,  1.4651e-03, -2.4454e-02, -1.0233e-01,
         -1.6159e-01, -1.3084e-01, -1.1665e-01, -4.3865e-01, -3.2592e-01,
          2.6338e-02,  3.5799e-01,  3.0881e-01, -1.9443e-01, -2.5226e-01,
          8.2687e-02],
        [-5.3263e-02,  4.1290e-01, -1.1186e-01, -5.1344e-02,  2.4763e-01,
          5.4999e-02,  6.6800e-02,  3.7605e-01,  2.0310e-01,  2.3984e-01,
          9.0942e-02, -1.8511e-01, -8.2494e-02, -2.0085e-01,  3.5311e-01,
         -1.2126e-01],
        [ 2.6317e-02,  4.3749e-01, -2.9741e-01,  3.6892e-01,  3.9683e-01,
         -6.3932e-02,  2.8660e-01,  1.9075e-02,  2.9807e-01,  1.6210e-01,
         -3.0725e-01, -1.0814e-01, -2.8100e-01,  1.6945e-01,  4.0921e-01,
         -4.3039e-02],
        [ 3.0648e-01, -9.0206e-02,  3.3355e-01, -1.4248e-01, -1.2088e-01,
         -1.8028e-01, -1.8764e-01, -2.8112e-01, -3.0583e-01,  4.2112e-02,
          8.3189e-02,  7.9041e-02, -2.3381e-02,  1.6091e-01, -3.5720e-01,
          9.6111e-02],
        [-1.2350e-01,  4.4465e-02,  2.8479e-01, -3.1105e-01, -4.0335e-01,
         -2.7048e-01, -9.6823e-02, -3.1491e-01, -2.5294e-01, -1.5141e-01,
          2.9652e-02,  5.6619e-02,  2.9363e-01, -1.5170e-01, -1.5738e-01,
          2.9607e-01],
        [ 8.3299e-04, -1.0937e-02,  2.5919e-01, -2.2965e-01, -1.6000e-01,
         -3.3105e-01, -1.8367e-01, -1.6125e-01, -2.5898e-02, -2.6426e-01,
         -6.4175e-02,  9.7277e-02, -2.9919e-02,  1.3602e-01, -4.5798e-01,
          6.2332e-02],
        [-2.5395e-01,  2.1865e-01, -5.2675e-02, -3.0934e-02,  1.6717e-01,
          1.3881e-01,  7.1425e-02,  2.9794e-01,  3.3634e-01, -4.8746e-02,
          1.0580e-01, -4.2308e-02, -3.0182e-01, -5.5042e-02,  2.7549e-01,
         -1.7090e-01],
        [-3.0526e-01,  4.1592e-01, -8.8102e-04, -6.1513e-02,  4.1217e-02,
          3.9285e-01,  2.5689e-01,  1.7854e-01,  4.2426e-01,  2.0011e-01,
         -4.4082e-02, -2.5092e-02, -2.3906e-01,  1.5814e-01,  6.6680e-02,
         -2.8758e-01],
        [-6.4188e-02,  1.4926e-01,  4.5215e-02,  4.9945e-02,  2.3839e-01,
          8.7959e-02,  3.5592e-01,  1.9419e-01,  2.1283e-01,  2.8262e-01,
          1.6877e-01,  4.7065e-02, -4.3832e-01, -1.8674e-01,  1.5752e-01,
         -1.5009e-01],
        [ 3.1516e-01, -1.3655e-01,  1.2509e-01, -1.6722e-01, -2.1488e-01,
          2.8859e-02, -1.4055e-01, -4.0569e-01, -4.1619e-01, -8.0867e-02,
          1.0166e-01,  9.3410e-02,  3.0111e-02,  1.6454e-01, -3.3007e-01,
          2.3107e-02],
        [ 1.6079e-01,  6.5343e-02,  3.1007e-01,  1.7578e-02, -3.9402e-01,
         -3.4103e-03, -5.4633e-02, -1.2413e-01, -2.8671e-01, -1.1004e-01,
         -7.9331e-02,  1.3606e-01,  1.5545e-01,  2.3879e-02, -4.4362e-01,
          1.9778e-01],
        [-3.2729e-01, -2.5378e-03, -1.4308e-02, -6.8123e-02,  4.6155e-01,
          3.9467e-01,  1.0142e-01,  1.7293e-01,  3.2068e-02,  1.2792e-01,
         -8.8861e-03, -3.4066e-01, -1.1882e-01, -7.5747e-02,  1.4661e-01,
         -1.1993e-01],
        [-6.8613e-02, -4.2363e-01,  1.7815e-01,  6.5662e-02, -4.1651e-01,
         -1.4645e-02, -2.3986e-01, -3.8631e-01, -2.7107e-01, -3.5963e-02,
          1.3695e-01,  4.7106e-01,  2.2021e-01, -4.2153e-02, -2.2270e-02,
          9.7394e-02],
        [ 2.2464e-01,  1.8448e-02,  1.0989e-01, -2.9264e-01, -3.8453e-01,
         -8.8827e-03, -6.7369e-02, -2.1489e-02, -3.7201e-01, -1.1197e-01,
          2.6063e-01,  2.8559e-01,  3.5711e-01,  1.9930e-01, -2.0354e-01,
         -1.0960e-01],
        [-2.0260e-01,  2.1464e-01, -1.5407e-01,  8.0778e-02,  1.6191e-01,
          2.5324e-01,  2.7520e-01,  2.9681e-01,  1.4253e-01,  2.0816e-01,
         -1.3772e-01, -2.3158e-01, -1.7486e-01, -1.3598e-01,  3.0579e-01,
         -9.4834e-02],
        [ 1.6996e-01, -1.9901e-01,  7.8483e-02, -2.5419e-01, -2.5887e-01,
         -3.4821e-01, -2.9674e-01, -1.9457e-02, -4.4340e-01, -6.0735e-02,
          1.3985e-01, -5.1800e-02,  2.4250e-01,  1.9753e-01, -3.2843e-02,
          1.3757e-01],
        [ 3.1660e-01, -1.9904e-01,  2.0190e-01, -5.5007e-02, -3.8915e-01,
         -2.0290e-01, -3.7289e-01, -2.9654e-02, -1.0215e-01, -2.1686e-01,
          7.2871e-02,  2.7801e-01, -8.6543e-03,  6.2336e-02, -7.5234e-02,
          1.4831e-01],
        [-1.2842e-01,  3.3389e-01,  2.2356e-02, -1.1044e-01,  3.2858e-01,
         -7.2699e-02,  3.2584e-01,  4.1680e-01,  2.0599e-01,  1.8289e-02,
         -2.2719e-01, -2.7933e-01, -2.3349e-01, -1.6066e-01,  4.0750e-01,
         -2.0906e-01],
        [-5.9596e-02, -4.6927e-04, -2.0855e-02,  3.8364e-01,  9.7956e-02,
          1.0620e-01,  2.8627e-01,  1.5651e-02,  1.0665e-01,  2.3211e-01,
          1.6784e-01, -3.2609e-01, -2.4420e-01, -3.5640e-01,  3.5977e-02,
          6.8203e-02],
        [ 3.0703e-01, -2.4874e-01, -1.5436e-02, -1.2495e-01, -5.7072e-02,
         -3.6222e-01, -3.0531e-01, -2.7415e-01, -3.0511e-01, -9.7808e-02,
          2.6387e-01,  2.3882e-01, -4.3756e-02,  2.6226e-01,  3.8285e-02,
          1.6477e-01],
        [ 1.4989e-01, -1.3118e-03,  2.4281e-01, -3.0028e-01, -2.4066e-01,
         -1.2892e-01, -1.4647e-01, -2.8959e-01, -3.3703e-01, -2.4083e-01,
          7.6997e-03,  3.2132e-01,  2.6887e-01,  3.5131e-02, -2.3082e-01,
         -6.8409e-02],
        [ 1.5988e-01, -4.4307e-01,  1.0850e-01, -9.1071e-02, -1.7759e-03,
         -2.1607e-01,  3.3207e-02, -2.1050e-01, -4.2201e-01,  1.1374e-01,
          3.1592e-01,  1.7873e-02,  7.8288e-02,  1.9851e-01, -3.7569e-01,
          2.9671e-01],
        [ 5.5889e-03, -2.7052e-01,  3.3833e-02,  1.0323e-01, -3.0541e-01,
         -1.8718e-01, -5.7944e-02, -3.9509e-01, -2.3329e-01, -3.0859e-01,
         -1.4918e-01,  1.3721e-01,  2.3768e-01,  2.9200e-01, -4.3508e-01,
          5.4082e-02],
        [ 1.6819e-01, -9.0239e-02,  2.2651e-01, -3.0509e-01, -2.2675e-01,
         -6.3447e-02, -3.7470e-01, -7.2512e-02, -4.1899e-01,  6.0824e-02,
          1.5329e-01,  1.1191e-01,  2.6814e-01,  2.4599e-01,  2.9510e-02,
          2.3961e-01],
        [-2.6779e-01,  2.7200e-01,  8.1129e-02,  1.7273e-01,  3.8303e-01,
         -7.7487e-03,  3.7214e-01,  2.2142e-01,  8.2667e-04,  4.4994e-02,
          1.3061e-01, -2.9191e-01, -2.5765e-01, -1.6282e-01,  7.8119e-02,
         -7.2490e-02],
        [ 2.2305e-01, -1.1178e-01,  5.7278e-02, -8.2500e-02, -3.3841e-01,
         -2.5343e-01, -1.2529e-01, -3.7158e-01, -4.1297e-02, -4.3541e-02,
          8.2540e-02,  1.4751e-01,  3.6506e-01,  2.4258e-01, -4.2368e-02,
          1.9640e-01],
        [-2.3308e-01,  2.7490e-01, -2.5695e-01,  2.2296e-01, -6.1073e-03,
          1.1321e-01,  3.6986e-01,  3.6466e-01,  4.1479e-01,  1.8445e-01,
          5.6667e-02, -1.1077e-01, -7.9524e-03,  8.6572e-02,  1.9472e-01,
         -1.9311e-01],
        [-2.1286e-01,  1.1682e-01,  3.5115e-02, -2.7820e-02,  2.4341e-01,
          3.4826e-01,  3.7335e-01,  1.0260e-02,  2.6394e-01,  2.5693e-01,
         -3.2179e-01, -2.6478e-02, -3.3729e-01, -2.0787e-01,  6.9844e-02,
         -1.7862e-01],
        [-1.4841e-02, -1.0669e-01,  1.8038e-01, -1.7363e-02, -3.3515e-02,
         -2.8675e-01, -4.0101e-01, -3.9970e-01, -3.2609e-01, -2.1148e-01,
          1.7627e-01, -7.6199e-03, -1.1513e-03,  1.9320e-01, -3.3543e-01,
          1.3833e-01]], device='cuda:0', requires_grad=True)

Parameter name: road_linear_0.bias
Shape: torch.Size([32])
Values: Parameter containing:
tensor([-0.1233,  0.0053,  0.0942, -0.0533, -0.0055, -0.1048,  0.0858,  0.1459,
        -0.0310, -0.0277, -0.0248,  0.0609,  0.1422,  0.0665,  0.0215,  0.1046,
        -0.0711, -0.0161,  0.0917,  0.0432, -0.0574, -0.0764, -0.0024, -0.0014,
        -0.0721,  0.1615,  0.1621,  0.0199, -0.0617, -0.2025,  0.0325,  0.0060],
       device='cuda:0', requires_grad=True)

Parameter name: road_linear_1.weight
Shape: torch.Size([1, 32])
Values: Parameter containing:
tensor([[ 0.2775,  0.3657, -0.2589, -0.2901,  0.3609,  0.4065, -0.3214, -0.4189,
         -0.3278,  0.4112,  0.2839,  0.4231, -0.2992, -0.4464,  0.3366, -0.3195,
         -0.3404,  0.3624, -0.2516, -0.2807,  0.4591,  0.3116, -0.3889, -0.4116,
         -0.3686, -0.3925, -0.3470,  0.3960, -0.3761,  0.4239,  0.3086, -0.2648]],
       device='cuda:0', requires_grad=True)

Parameter name: linear_0.weight
Shape: torch.Size([32, 39])
Values: Parameter containing:
tensor([[-0.0580,  0.1344,  0.0847,  ...,  0.1384, -0.2398, -0.1137],
        [-0.1519, -0.0138,  0.1374,  ...,  0.0636, -0.2803,  0.0871],
        [ 0.0429, -0.0642,  0.0226,  ...,  0.0591,  0.2233,  0.0345],
        ...,
        [ 0.1514, -0.1828, -0.0327,  ..., -0.1876, -0.0086, -0.1180],
        [ 0.1328, -0.2438, -0.0781,  ..., -0.2333,  0.1092,  0.1557],
        [-0.2323,  0.1900,  0.0837,  ...,  0.0597, -0.2328, -0.0509]],
       device='cuda:0', requires_grad=True)

Parameter name: linear_0.bias
Shape: torch.Size([32])
Values: Parameter containing:
tensor([ 0.0587,  0.0378, -0.0690, -0.1411, -0.0763,  0.0570, -0.0955,  0.0504,
        -0.0397,  0.0511,  0.0151,  0.0150, -0.0207,  0.0970, -0.0368, -0.0048,
         0.0474, -0.1601, -0.0253,  0.0768, -0.0721,  0.0180,  0.1139,  0.0261,
        -0.0991,  0.1070,  0.0545, -0.1270,  0.0401,  0.1811,  0.1774, -0.1155],
       device='cuda:0', requires_grad=True)

Parameter name: linear_1.weight
Shape: torch.Size([32, 32])
Values: Parameter containing:
tensor([[ 0.0827, -0.1849, -0.0897,  ...,  0.0804, -0.0232,  0.0546],
        [-0.2028, -0.0319,  0.1175,  ...,  0.1777, -0.0070,  0.0260],
        [ 0.1326, -0.0420, -0.1867,  ..., -0.1683, -0.0101,  0.2071],
        ...,
        [ 0.1420,  0.0807,  0.0600,  ...,  0.0493, -0.2100,  0.3050],
        [ 0.0295, -0.1670,  0.0370,  ...,  0.2836,  0.2308, -0.1524],
        [ 0.0051, -0.1149,  0.2231,  ...,  0.2531,  0.1423, -0.0715]],
       device='cuda:0', requires_grad=True)

Parameter name: linear_1.bias
Shape: torch.Size([32])
Values: Parameter containing:
tensor([ 0.1271,  0.1697, -0.0583, -0.1331,  0.0239, -0.0236, -0.0813,  0.0169,
         0.1797, -0.1647,  0.1262, -0.1262,  0.2142,  0.0580, -0.0987,  0.1718,
        -0.1222, -0.1754,  0.0533,  0.0463, -0.0558,  0.0775, -0.2249,  0.2090,
        -0.0093, -0.0348,  0.0803,  0.0060, -0.1727, -0.0789,  0.1618,  0.0402],
       device='cuda:0', requires_grad=True)

Parameter name: linear_2.weight
Shape: torch.Size([1, 32])
Values: Parameter containing:
tensor([[ 0.4637,  0.3816, -0.4358, -0.4389,  0.2798,  0.2981, -0.3523,  0.3137,
          0.3737, -0.3965, -0.3253,  0.3439,  0.3446,  0.3243,  0.3788,  0.3629,
         -0.4614, -0.4639,  0.3122,  0.3180, -0.3882, -0.3626, -0.4570,  0.3210,
          0.4051,  0.4646, -0.4366,  0.4258, -0.3642, -0.4527,  0.4141,  0.4457]],
       device='cuda:0', requires_grad=True)

Parameter name: linear_2.bias
Shape: torch.Size([1])
Values: Parameter containing:
tensor([0.2572], device='cuda:0', requires_grad=True)

