Parameter name: road_linear_0.weight
Shape: torch.Size([32, 16])
Values: Parameter containing:
tensor([[-0.2424,  0.4543,  0.1158, -0.0918,  0.3147,  0.1393,  0.3259,  0.1161,
          0.3454,  0.1560,  0.1477, -0.2820, -0.3400, -0.2408,  0.3887,  0.1508],
        [-0.0982, -0.1523,  0.0592, -0.1230,  0.0862,  0.1999,  0.0589,  0.2817,
          0.6023, -0.0314,  0.2490, -0.3716,  0.0822,  0.1126,  0.6079,  0.0692],
        [ 0.0446, -0.1608,  0.2772, -0.0584, -0.2753, -0.2863, -0.1037, -0.5807,
         -0.1647,  0.0024,  0.0405,  0.1005,  0.5208,  0.2218, -0.0983,  0.1943],
        [ 0.0620, -0.1397, -0.1224,  0.0770, -0.1063, -0.1175, -0.0137, -0.1845,
         -0.5790, -0.2044, -0.1612,  0.4214,  0.1877, -0.3307, -0.3652, -0.0391],
        [ 0.0649,  0.3071,  0.0065, -0.1490,  0.2546,  0.0232, -0.0360,  0.4415,
          0.3228,  0.1233,  0.2736, -0.2408,  0.0219, -0.0700,  0.4545, -0.0065],
        [ 0.0068,  0.4731, -0.2634,  0.3361,  0.5011, -0.0719,  0.3161,  0.1125,
          0.3848,  0.1453, -0.2365, -0.2130, -0.3097,  0.2166,  0.4765, -0.0206],
        [ 0.2020, -0.0529,  0.2277, -0.0573, -0.1743, -0.1380, -0.1059, -0.3590,
         -0.4364,  0.1402, -0.0690,  0.1619, -0.0852,  0.0401, -0.4523, -0.0032],
        [-0.2201,  0.0555,  0.1836, -0.2287, -0.4720, -0.2232, -0.0247, -0.3992,
         -0.3816, -0.0588, -0.1033,  0.1480,  0.2531, -0.2664, -0.2535,  0.2033],
        [-0.1121,  0.0579,  0.1479, -0.1371, -0.2265, -0.2843, -0.0752, -0.2605,
         -0.2089, -0.1567, -0.2420,  0.2114, -0.1202,  0.0128, -0.5880, -0.0456],
        [-0.1398,  0.1098,  0.0611, -0.1254,  0.1888,  0.1041, -0.0346,  0.3788,
          0.4926, -0.1589,  0.2859, -0.1236, -0.2013,  0.0689,  0.4026, -0.0583],
        [-0.2255,  0.4185,  0.0887, -0.1360,  0.1246,  0.3470,  0.1998,  0.2694,
          0.5577,  0.1203,  0.0801, -0.1264, -0.2162,  0.2616,  0.1642, -0.2062],
        [ 0.0391,  0.1079,  0.1509, -0.0380,  0.3170,  0.0424,  0.2630,  0.2935,
          0.3854,  0.1821,  0.3364, -0.0653, -0.3745, -0.0681,  0.2775, -0.0487],
        [ 0.2129, -0.0654,  0.0189, -0.0803, -0.2472,  0.0554, -0.0615, -0.4733,
         -0.5266,  0.0182, -0.0646,  0.1584, -0.0464,  0.0426, -0.4145, -0.0786],
        [ 0.0395,  0.1736,  0.1915,  0.1153, -0.4117,  0.0335,  0.0579, -0.2003,
         -0.4412,  0.0054, -0.2659,  0.2126,  0.0457, -0.1066, -0.5650,  0.0808],
        [-0.2132, -0.0814,  0.0972, -0.1597,  0.5057,  0.3477, -0.0060,  0.2612,
          0.1951,  0.0210,  0.1645, -0.4388, -0.0219,  0.0471,  0.2689, -0.0126],
        [-0.1497, -0.3610,  0.0867,  0.1405, -0.4626, -0.0038, -0.1828, -0.4569,
         -0.3697,  0.0473, -0.0184,  0.5424,  0.1599, -0.1483, -0.0971,  0.0120],
        [ 0.0967,  0.0821, -0.0079, -0.1933, -0.4224,  0.0375,  0.0407, -0.1009,
         -0.5236,  0.0062,  0.0809,  0.3657,  0.2616,  0.0610, -0.3114, -0.2231],
        [-0.1432,  0.2305, -0.0760,  0.0172,  0.2385,  0.2115,  0.2416,  0.3780,
          0.2344,  0.1422, -0.0373, -0.3207, -0.1606, -0.0466,  0.3817, -0.0293],
        [ 0.1517, -0.2537,  0.0128, -0.1937, -0.3690, -0.3045, -0.2963, -0.1235,
         -0.5713, -0.0151,  0.0885,  0.0604,  0.2951,  0.1220, -0.1323,  0.0868],
        [ 0.3141, -0.2570,  0.1428, -0.0036, -0.5068, -0.1634, -0.3858, -0.1351,
         -0.2156, -0.1820,  0.0246,  0.3942,  0.0394, -0.0008, -0.1697,  0.1072],
        [-0.0464,  0.2638,  0.1112, -0.1867,  0.3532, -0.0850,  0.2680,  0.4729,
          0.2811, -0.0650, -0.0697, -0.3283, -0.1612, -0.0558,  0.4644, -0.1240],
        [ 0.0181,  0.0087,  0.0695,  0.3058,  0.2214,  0.0676,  0.2208,  0.1301,
          0.2814,  0.1513,  0.3101, -0.4544, -0.2385, -0.2514,  0.1578,  0.1516],
        [ 0.2947, -0.3040, -0.0756, -0.0706, -0.1664, -0.3181, -0.3115, -0.3752,
         -0.4208, -0.0587,  0.2147,  0.3499,  0.0028,  0.1954, -0.0549,  0.1204],
        [ 0.0232,  0.0515,  0.1245, -0.2029, -0.2643, -0.0747, -0.0428, -0.3573,
         -0.4480, -0.1232, -0.1526,  0.3870,  0.1777, -0.1001, -0.3228, -0.1797],
        [ 0.0438, -0.3702, -0.0040,  0.0012, -0.0361, -0.1770,  0.1309, -0.2849,
         -0.5735,  0.2217,  0.1368,  0.0932, -0.0135,  0.0702, -0.4804,  0.1866],
        [-0.1175, -0.1546, -0.0895,  0.2066, -0.2862, -0.1544,  0.0485, -0.4413,
         -0.3278, -0.1878, -0.3328,  0.1599,  0.1247,  0.1567, -0.5241, -0.0652],
        [ 0.2490, -0.1591,  0.2090, -0.2775, -0.3473, -0.0400, -0.4527, -0.1807,
         -0.5322,  0.0485,  0.1489,  0.2263,  0.3519,  0.2298, -0.0618,  0.2444],
        [-0.1821,  0.2447,  0.1769,  0.0948,  0.4692, -0.0403,  0.3020,  0.3160,
          0.1404, -0.0423,  0.2812, -0.3987, -0.2166, -0.0545,  0.1819,  0.0172],
        [ 0.1368, -0.1160, -0.0349, -0.0052, -0.4205, -0.2036, -0.0592, -0.4625,
         -0.1755,  0.0402, -0.0431,  0.2482,  0.3389,  0.1352, -0.1415,  0.1127],
        [-0.2481,  0.3197, -0.2162,  0.1882,  0.1009,  0.0925,  0.3978,  0.4573,
          0.5110,  0.1653,  0.1125, -0.2170, -0.0457,  0.1335,  0.2697, -0.1666],
        [-0.1839,  0.1700,  0.1028, -0.0895,  0.3532,  0.3013,  0.3624,  0.1143,
          0.3943,  0.2070, -0.2645, -0.1386, -0.3854, -0.1291,  0.1695, -0.1243],
        [-0.1215, -0.0725,  0.0744,  0.0700, -0.0839, -0.2370, -0.3151, -0.4803,
         -0.4578, -0.1098,  0.0273,  0.0779, -0.0646,  0.0711, -0.4343,  0.0393]],
       device='cuda:0', requires_grad=True)

Parameter name: road_linear_0.bias
Shape: torch.Size([32])
Values: Parameter containing:
tensor([-0.0777,  0.1474,  0.1284, -0.1737,  0.1203, -0.1120,  0.0184,  0.1169,
        -0.1140,  0.1078, -0.0060,  0.1167,  0.0368, -0.0625,  0.1173,  0.0022,
        -0.1514, -0.0133,  0.1323,  0.0842,  0.0473, -0.0681,  0.0381, -0.0683,
        -0.1711,  0.0252,  0.2099,  0.0721, -0.0702, -0.2168, -0.0092, -0.0482],
       device='cuda:0', requires_grad=True)

Parameter name: road_linear_1.weight
Shape: torch.Size([1, 32])
Values: Parameter containing:
tensor([[ 0.3888,  0.5561, -0.3087, -0.4455,  0.5215,  0.4944, -0.4268, -0.5061,
         -0.4395,  0.5778,  0.3688,  0.5314, -0.4336, -0.6075,  0.4650, -0.4561,
         -0.4517,  0.4530, -0.2916, -0.3363,  0.5963,  0.3771, -0.4388, -0.5280,
         -0.4873, -0.5552, -0.3938,  0.5127, -0.4563,  0.5096,  0.3451, -0.3667]],
       device='cuda:0', requires_grad=True)

Parameter name: linear_0.weight
Shape: torch.Size([32, 39])
Values: Parameter containing:
tensor([[-0.0314,  0.1072,  0.0627,  ...,  0.1606, -0.2827, -0.1137],
        [-0.1407, -0.0300,  0.1368,  ...,  0.0562, -0.3081,  0.0871],
        [ 0.0290, -0.0458,  0.0263,  ...,  0.0634,  0.2535,  0.0345],
        ...,
        [ 0.1417, -0.1666, -0.0357,  ..., -0.1755,  0.0219, -0.1180],
        [ 0.1189, -0.2248, -0.0753,  ..., -0.2282,  0.1420,  0.1557],
        [-0.2155,  0.1725,  0.0711,  ...,  0.0689, -0.2655, -0.0509]],
       device='cuda:0', requires_grad=True)

Parameter name: linear_0.bias
Shape: torch.Size([32])
Values: Parameter containing:
tensor([ 0.0763,  0.0321, -0.0664, -0.1405, -0.0812,  0.0448, -0.0900,  0.0687,
        -0.0376,  0.0492,  0.0427,  0.0192, -0.0231,  0.1011, -0.0293, -0.0141,
         0.0479, -0.1624, -0.0086,  0.0840, -0.0867,  0.0089,  0.1154,  0.0385,
        -0.1076,  0.1083,  0.0543, -0.1377,  0.0429,  0.1908,  0.1812, -0.1069],
       device='cuda:0', requires_grad=True)

Parameter name: linear_1.weight
Shape: torch.Size([32, 32])
Values: Parameter containing:
tensor([[ 0.0884, -0.2024, -0.0469,  ...,  0.0953, -0.0117,  0.0588],
        [-0.1942, -0.0480,  0.1585,  ...,  0.1926,  0.0041,  0.0329],
        [ 0.1230, -0.0300, -0.2175,  ..., -0.1802, -0.0183,  0.1989],
        ...,
        [ 0.1285,  0.0833,  0.0581,  ...,  0.0441, -0.2133,  0.2931],
        [ 0.0303, -0.1932,  0.0865,  ...,  0.3033,  0.2499, -0.1526],
        [ 0.0126, -0.1272,  0.2545,  ...,  0.2642,  0.1492, -0.0646]],
       device='cuda:0', requires_grad=True)

Parameter name: linear_1.bias
Shape: torch.Size([32])
Values: Parameter containing:
tensor([ 0.1398,  0.1827, -0.0691, -0.1442,  0.0351, -0.0115, -0.0928,  0.0330,
         0.1932, -0.1761,  0.1511, -0.1820,  0.2264,  0.0695, -0.0854,  0.1888,
        -0.0499, -0.1869,  0.0647,  0.0580, -0.0682,  0.0660, -0.2343,  0.2218,
         0.0038, -0.0886,  0.0848,  0.0147, -0.1860, -0.0838,  0.1775,  0.0509],
       device='cuda:0', requires_grad=True)

Parameter name: linear_2.weight
Shape: torch.Size([1, 32])
Values: Parameter containing:
tensor([[ 0.7797,  0.7055, -0.7632, -0.7460,  0.6102,  0.6272, -0.6789,  0.6008,
          0.6662, -0.7274, -0.6403,  0.6536,  0.6477,  0.6530,  0.6730,  0.6478,
         -0.7672, -0.7871,  0.6394,  0.6323, -0.6934, -0.6882, -0.7903,  0.6457,
          0.7321,  0.7748, -0.7613,  0.7429, -0.6842, -0.7810,  0.6969,  0.7652]],
       device='cuda:0', requires_grad=True)

Parameter name: linear_2.bias
Shape: torch.Size([1])
Values: Parameter containing:
tensor([0.5255], device='cuda:0', requires_grad=True)

