Parameter name: road_linear_0.weight
Shape: torch.Size([32, 16])
Values: Parameter containing:
tensor([[-0.2916,  0.4570,  0.0430, -0.0324,  0.2286,  0.1568,  0.3481,  0.0275,
          0.2418,  0.2161,  0.0248, -0.1851, -0.3555, -0.3275,  0.3122,  0.0871],
        [-0.2100, -0.0451, -0.0538, -0.0287,  0.0595,  0.2365,  0.1696,  0.1950,
          0.4466,  0.0798,  0.0804, -0.2785, -0.0132, -0.0076,  0.4568, -0.0419],
        [ 0.0446, -0.1018,  0.3285, -0.1058, -0.1557, -0.3247, -0.0795, -0.4747,
         -0.0343, -0.0270,  0.0838, -0.0171,  0.4586,  0.2788, -0.0026,  0.2306],
        [ 0.1956, -0.2437,  0.0063, -0.0291, -0.0996, -0.1647, -0.1333, -0.1129,
         -0.4366, -0.3302,  0.0288,  0.3559,  0.3092, -0.1893, -0.2487,  0.0874],
        [-0.0566,  0.4107, -0.1159, -0.0474,  0.2438,  0.0577,  0.0669,  0.3714,
          0.2002,  0.2432,  0.0891, -0.1821, -0.0817, -0.2044,  0.3495, -0.1251],
        [ 0.0256,  0.4340, -0.3001,  0.3720,  0.3923, -0.0611,  0.2833,  0.0140,
          0.2949,  0.1636, -0.3066, -0.1040, -0.2788,  0.1678,  0.4061, -0.0457],
        [ 0.3101, -0.0875,  0.3379, -0.1466, -0.1173, -0.1835, -0.1876, -0.2768,
         -0.3029,  0.0386,  0.0835,  0.0757, -0.0247,  0.1651, -0.3536,  0.1003],
        [-0.1199,  0.0472,  0.2891, -0.3152, -0.3998, -0.2737, -0.0970, -0.3107,
         -0.2500, -0.1550,  0.0297,  0.0532,  0.2922, -0.1474, -0.1537,  0.3002],
        [ 0.0052, -0.0093,  0.2638, -0.2341, -0.1572, -0.3341, -0.1871, -0.1575,
         -0.0236, -0.2685, -0.0615,  0.0952, -0.0296,  0.1409, -0.4539,  0.0668],
        [-0.2580,  0.2174, -0.0570, -0.0267,  0.1642,  0.1414,  0.0733,  0.2939,
          0.3339, -0.0450,  0.1024, -0.0402, -0.3021, -0.0592,  0.2717, -0.1751],
        [-0.3089,  0.4130, -0.0052, -0.0573,  0.0375,  0.3961,  0.2574,  0.1741,
          0.4212,  0.2038, -0.0441, -0.0217, -0.2376,  0.1537,  0.0629, -0.2918],
        [-0.0686,  0.1470,  0.0405,  0.0545,  0.2351,  0.0913,  0.3586,  0.1899,
          0.2103,  0.2868,  0.1668,  0.0496, -0.4382, -0.1918,  0.1535, -0.1547],
        [ 0.3173, -0.1337,  0.1284, -0.1706, -0.2106,  0.0263, -0.1386, -0.4008,
         -0.4128, -0.0832,  0.1023,  0.0896,  0.0282,  0.1670, -0.3267,  0.0263],
        [ 0.1650,  0.0668,  0.3146,  0.0132, -0.3911, -0.0062, -0.0566, -0.1203,
         -0.2843, -0.1140, -0.0763,  0.1339,  0.1556,  0.0284, -0.4400,  0.2022],
        [-0.3319, -0.0040, -0.0191, -0.0636,  0.4590,  0.3978,  0.1049,  0.1693,
          0.0300,  0.1323, -0.0116, -0.3388, -0.1194, -0.0807,  0.1427, -0.1245],
        [-0.0672, -0.4208,  0.1809,  0.0628, -0.4118, -0.0168, -0.2372, -0.3810,
         -0.2673, -0.0378,  0.1376,  0.4669,  0.2180, -0.0405, -0.0188,  0.0999],
        [ 0.2293,  0.0205,  0.1148, -0.2973, -0.3818, -0.0121, -0.0693, -0.0178,
         -0.3699, -0.1162,  0.2622,  0.2832,  0.3570,  0.2047, -0.2000, -0.1048],
        [-0.2062,  0.2116, -0.1586,  0.0851,  0.1584,  0.2567,  0.2749,  0.2924,
          0.1400,  0.2118, -0.1372, -0.2282, -0.1735, -0.1402,  0.3022, -0.0991],
        [ 0.1733, -0.1958,  0.0828, -0.2584, -0.2552, -0.3517, -0.2967, -0.0151,
         -0.4404, -0.0643,  0.1389, -0.0554,  0.2406,  0.2021, -0.0291,  0.1418],
        [ 0.3197, -0.1956,  0.2062, -0.0590, -0.3852, -0.2064, -0.3725, -0.0250,
         -0.0990, -0.2204,  0.0717,  0.2741, -0.0106,  0.0664, -0.0714,  0.1523],
        [-0.1300,  0.3313,  0.0196, -0.1073,  0.3243, -0.0706,  0.3232,  0.4114,
          0.2029,  0.0200, -0.2283, -0.2758, -0.2318, -0.1624,  0.4044, -0.2118],
        [-0.0629, -0.0033, -0.0248,  0.3875,  0.0941,  0.1093,  0.2879,  0.0111,
          0.1036,  0.2357,  0.1667, -0.3230, -0.2432, -0.3604,  0.0317,  0.0644],
        [ 0.3104, -0.2455, -0.0111, -0.1291, -0.0534, -0.3657, -0.3052, -0.2697,
         -0.3021, -0.1014,  0.2627,  0.2352, -0.0457,  0.2667,  0.0421,  0.1689],
        [ 0.1545,  0.0011,  0.2478, -0.3050, -0.2378, -0.1324, -0.1478, -0.2858,
         -0.3350, -0.2451,  0.0082,  0.3187,  0.2683,  0.0403, -0.2273, -0.0636],
        [ 0.1637, -0.4409,  0.1128, -0.0953,  0.0014, -0.2189,  0.0325, -0.2065,
         -0.4193,  0.1101,  0.3177,  0.0152,  0.0776,  0.2029, -0.3722,  0.3010],
        [ 0.0087, -0.2685,  0.0377,  0.0994, -0.3017, -0.1897, -0.0573, -0.3903,
         -0.2304, -0.3116, -0.1472,  0.1343,  0.2368,  0.2951, -0.4316,  0.0578],
        [ 0.1700, -0.0866,  0.2303, -0.3088, -0.2227, -0.0670, -0.3728, -0.0678,
         -0.4158,  0.0581,  0.1513,  0.1078,  0.2657,  0.2492,  0.0331,  0.2432],
        [-0.2712,  0.2692,  0.0770,  0.1767,  0.3789, -0.0046,  0.3726,  0.2166,
         -0.0023,  0.0485,  0.1297, -0.2884, -0.2565, -0.1668,  0.0742, -0.0764],
        [ 0.2274, -0.1092,  0.0620, -0.0870, -0.3352, -0.2568, -0.1269, -0.3675,
         -0.0388, -0.0477,  0.0830,  0.1446,  0.3642,  0.2476, -0.0386,  0.2009],
        [-0.2342,  0.2712, -0.2601,  0.2261, -0.0107,  0.1163,  0.3669,  0.3596,
          0.4112,  0.1865,  0.0581, -0.1063, -0.0053,  0.0846,  0.1911, -0.1960],
        [-0.2168,  0.1139,  0.0305, -0.0234,  0.2401,  0.3518,  0.3743,  0.0061,
          0.2612,  0.2609, -0.3213, -0.0233, -0.3358, -0.2130,  0.0660, -0.1831],
        [-0.0106, -0.1039,  0.1852, -0.0219, -0.0301, -0.2902, -0.4020, -0.3954,
         -0.3235, -0.2156,  0.1766, -0.0107, -0.0021,  0.1981, -0.3317,  0.1430]],
       device='cuda:0', requires_grad=True)

Parameter name: road_linear_0.bias
Shape: torch.Size([32])
Values: Parameter containing:
tensor([-0.1207,  0.0058,  0.0911, -0.0552, -0.0038, -0.1021,  0.0832,  0.1433,
        -0.0330, -0.0265, -0.0220,  0.0634,  0.1402,  0.0651,  0.0233,  0.1029,
        -0.0733, -0.0132,  0.0885,  0.0400, -0.0559, -0.0737, -0.0057, -0.0040,
        -0.0741,  0.1601,  0.1586,  0.0224, -0.0644, -0.1995,  0.0356,  0.0032],
       device='cuda:0', requires_grad=True)

Parameter name: road_linear_1.weight
Shape: torch.Size([1, 32])
Values: Parameter containing:
tensor([[ 0.2764,  0.3647, -0.2596, -0.2898,  0.3597,  0.4056, -0.3215, -0.4194,
         -0.3285,  0.4103,  0.2843,  0.4234, -0.2982, -0.4459,  0.3370, -0.3178,
         -0.3408,  0.3625, -0.2526, -0.2815,  0.4569,  0.3127, -0.3899, -0.4119,
         -0.3686, -0.3908, -0.3477,  0.3957, -0.3768,  0.4235,  0.3098, -0.2650]],
       device='cuda:0', requires_grad=True)

Parameter name: linear_0.weight
Shape: torch.Size([32, 39])
Values: Parameter containing:
tensor([[-0.0598,  0.1363,  0.0858,  ...,  0.1382, -0.2425, -0.1137],
        [-0.1529, -0.0126,  0.1374,  ...,  0.0645, -0.2821,  0.0871],
        [ 0.0443, -0.0658,  0.0222,  ...,  0.0585,  0.2258,  0.0345],
        ...,
        [ 0.1523, -0.1840, -0.0324,  ..., -0.1887, -0.0071, -0.1180],
        [ 0.1339, -0.2451, -0.0781,  ..., -0.2341,  0.1108,  0.1557],
        [-0.2338,  0.1917,  0.0846,  ...,  0.0597, -0.2353, -0.0509]],
       device='cuda:0', requires_grad=True)

Parameter name: linear_0.bias
Shape: torch.Size([32])
Values: Parameter containing:
tensor([ 0.0579,  0.0384, -0.0692, -0.1411, -0.0760,  0.0574, -0.0964,  0.0494,
        -0.0400,  0.0520,  0.0138,  0.0147, -0.0207,  0.0960, -0.0377, -0.0040,
         0.0479, -0.1599, -0.0264,  0.0758, -0.0712,  0.0191,  0.1141,  0.0249,
        -0.0985,  0.1072,  0.0549, -0.1260,  0.0399,  0.1801,  0.1767, -0.1160],
       device='cuda:0', requires_grad=True)

Parameter name: linear_1.weight
Shape: torch.Size([32, 32])
Values: Parameter containing:
tensor([[ 0.0807, -0.1847, -0.0873,  ...,  0.0801, -0.0229,  0.0521],
        [-0.2041, -0.0323,  0.1196,  ...,  0.1779, -0.0062,  0.0240],
        [ 0.1335, -0.0412, -0.1886,  ..., -0.1689, -0.0113,  0.2087],
        ...,
        [ 0.1419,  0.0824,  0.0586,  ...,  0.0478, -0.2119,  0.3056],
        [ 0.0272, -0.1651,  0.0389,  ...,  0.2818,  0.2297, -0.1550],
        [ 0.0035, -0.1152,  0.2256,  ...,  0.2533,  0.1431, -0.0737]],
       device='cuda:0', requires_grad=True)

Parameter name: linear_1.bias
Shape: torch.Size([32])
Values: Parameter containing:
tensor([ 0.1258,  0.1691, -0.0580, -0.1315,  0.0237, -0.0233, -0.0808,  0.0146,
         0.1776, -0.1650,  0.1245, -0.1240,  0.2124,  0.0588, -0.1007,  0.1696,
        -0.1248, -0.1749,  0.0526,  0.0449, -0.0541,  0.0778, -0.2251,  0.2082,
        -0.0097, -0.0327,  0.0793,  0.0050, -0.1717, -0.0796,  0.1597,  0.0394],
       device='cuda:0', requires_grad=True)

Parameter name: linear_2.weight
Shape: torch.Size([1, 32])
Values: Parameter containing:
tensor([[ 0.4582,  0.3762, -0.4304, -0.4332,  0.2744,  0.2929, -0.3469,  0.3080,
          0.3680, -0.3912, -0.3201,  0.3386,  0.3391,  0.3191,  0.3732,  0.3572,
         -0.4561, -0.4586,  0.3068,  0.3125, -0.3825, -0.3572, -0.4516,  0.3156,
          0.3998,  0.4593, -0.4313,  0.4204, -0.3588, -0.4474,  0.4083,  0.4404]],
       device='cuda:0', requires_grad=True)

Parameter name: linear_2.bias
Shape: torch.Size([1])
Values: Parameter containing:
tensor([0.2517], device='cuda:0', requires_grad=True)

