Parameter name: road_linear_0.weight
Shape: torch.Size([32, 16])
Values: Parameter containing:
tensor([[-2.6232e-01,  4.4956e-01,  9.5063e-02, -7.6410e-02,  2.8299e-01,
          1.6123e-01,  3.4430e-01,  8.7496e-02,  3.2348e-01,  1.6120e-01,
          9.6585e-02, -2.4726e-01, -3.7424e-01, -2.6733e-01,  3.7439e-01,
          1.3420e-01],
        [-1.3260e-01, -1.2634e-01,  2.5943e-02, -9.5455e-02,  6.0832e-02,
          2.1857e-01,  9.7702e-02,  2.3371e-01,  5.3619e-01, -3.1715e-03,
          1.9260e-01, -3.1507e-01,  3.9571e-02,  7.5400e-02,  5.5931e-01,
          3.6762e-02],
        [ 4.3637e-02, -1.3256e-01,  2.9009e-01, -7.0718e-02, -2.3039e-01,
         -3.0920e-01, -1.0317e-01, -5.4284e-01, -1.2881e-01,  8.1810e-03,
          6.5911e-02,  5.7777e-02,  5.1405e-01,  2.3489e-01, -7.3145e-02,
          2.0194e-01],
        [ 1.0708e-01, -1.8150e-01, -8.1417e-02,  4.3452e-02, -1.0182e-01,
         -1.4329e-01, -6.1505e-02, -1.5190e-01, -5.2166e-01, -2.3813e-01,
         -9.3421e-02,  3.8849e-01,  2.5076e-01, -2.8418e-01, -3.2629e-01,
          3.9806e-04],
        [ 1.8817e-02,  3.5138e-01, -3.4747e-02, -1.1629e-01,  2.5537e-01,
          4.7383e-02,  1.1916e-02,  4.1668e-01,  2.7698e-01,  1.5774e-01,
          2.0485e-01, -2.1922e-01, -4.3518e-02, -1.1741e-01,  4.2233e-01,
         -4.5602e-02],
        [ 5.0536e-03,  4.4710e-01, -2.7566e-01,  3.4673e-01,  4.5910e-01,
         -4.7974e-02,  3.1724e-01,  7.7824e-02,  3.7007e-01,  1.3788e-01,
         -2.6903e-01, -1.7299e-01, -3.1916e-01,  2.0183e-01,  4.6118e-01,
         -2.7000e-02],
        [ 2.4267e-01, -7.4131e-02,  2.6489e-01, -8.7206e-02, -1.5775e-01,
         -1.6629e-01, -1.4644e-01, -3.2901e-01, -3.9054e-01,  1.1411e-01,
         -3.1574e-03,  1.2924e-01, -3.1112e-02,  8.3378e-02, -4.2279e-01,
          3.1485e-02],
        [-1.8156e-01,  4.5955e-02,  2.2019e-01, -2.5860e-01, -4.5003e-01,
         -2.5350e-01, -6.3048e-02, -3.6718e-01, -3.3823e-01, -8.3223e-02,
         -4.0655e-02,  1.1224e-01,  2.9954e-01, -2.2438e-01, -2.2341e-01,
          2.3689e-01],
        [-7.0974e-02,  3.1940e-02,  1.8713e-01, -1.7010e-01, -2.0274e-01,
         -3.1086e-01, -1.2049e-01, -2.1763e-01, -1.4567e-01, -1.8822e-01,
         -1.7651e-01,  1.6217e-01, -6.6864e-02,  5.6765e-02, -5.4442e-01,
         -8.1248e-03],
        [-1.7999e-01,  1.4619e-01,  2.3855e-02, -9.5058e-02,  1.7682e-01,
          1.2652e-01,  8.9729e-03,  3.4093e-01,  4.3285e-01, -1.2907e-01,
          2.2310e-01, -8.3489e-02, -2.5684e-01,  2.6677e-02,  3.6081e-01,
         -9.4200e-02],
        [-2.5692e-01,  4.1994e-01,  5.7101e-02, -1.1036e-01,  9.7062e-02,
          3.7609e-01,  2.3164e-01,  2.3607e-01,  5.1759e-01,  1.3874e-01,
          2.2220e-02, -8.8989e-02, -2.5602e-01,  2.2498e-01,  1.3643e-01,
         -2.3424e-01],
        [-2.3109e-04,  1.2801e-01,  1.1311e-01, -6.3610e-03,  2.9351e-01,
          7.0620e-02,  3.0465e-01,  2.5437e-01,  3.2973e-01,  2.1088e-01,
          2.7128e-01, -2.2117e-02, -4.2684e-01, -1.1111e-01,  2.3908e-01,
         -8.4249e-02],
        [ 2.5742e-01, -1.0047e-01,  5.8146e-02, -1.1092e-01, -2.4187e-01,
          2.8358e-02, -1.0587e-01, -4.5112e-01, -4.8990e-01, -9.8510e-03,
          4.3905e-03,  1.3632e-01,  1.5805e-02,  8.8800e-02, -3.9045e-01,
         -4.1991e-02],
        [ 8.1528e-02,  1.3693e-01,  2.3047e-01,  8.3345e-02, -3.9866e-01,
          9.8905e-03,  1.2496e-02, -1.6242e-01, -3.8081e-01, -2.5859e-02,
         -2.0107e-01,  1.7059e-01,  1.0301e-01, -6.2497e-02, -5.2288e-01,
          1.1827e-01],
        [-2.5428e-01, -5.0957e-02,  5.8831e-02, -1.2818e-01,  4.8925e-01,
          3.7430e-01,  3.8837e-02,  2.2289e-01,  1.3742e-01,  5.1327e-02,
          9.9837e-02, -3.9614e-01, -7.7576e-02,  3.8022e-03,  2.2899e-01,
         -4.9059e-02],
        [-1.1112e-01, -3.8898e-01,  1.2057e-01,  1.1528e-01, -4.5339e-01,
         -2.6780e-02, -2.1996e-01, -4.3796e-01, -3.4466e-01,  2.5948e-02,
          4.6114e-02,  5.2254e-01,  2.1853e-01, -1.0752e-01, -8.1467e-02,
          4.2422e-02],
        [ 1.4235e-01,  4.8453e-02,  3.3571e-02, -2.2792e-01, -4.1102e-01,
          9.8770e-03, -5.3296e-03, -6.7104e-02, -4.6492e-01, -2.7506e-02,
          1.5081e-01,  3.3087e-01,  3.2231e-01,  1.0875e-01, -2.7447e-01,
         -1.8304e-01],
        [-1.6635e-01,  2.2133e-01, -1.0151e-01,  3.7710e-02,  2.0946e-01,
          2.4035e-01,  2.6347e-01,  3.4835e-01,  2.0999e-01,  1.5209e-01,
         -8.6351e-02, -2.8634e-01, -1.9104e-01, -7.6377e-02,  3.6277e-01,
         -5.0480e-02],
        [ 1.5874e-01, -2.2723e-01,  3.4238e-02, -2.1378e-01, -3.2601e-01,
         -3.3057e-01, -3.0654e-01, -8.3577e-02, -5.3224e-01, -1.8444e-02,
          1.1964e-01,  1.7148e-02,  2.9018e-01,  1.4448e-01, -1.0215e-01,
          1.0259e-01],
        [ 3.1967e-01, -2.2807e-01,  1.6358e-01, -2.2002e-02, -4.6239e-01,
         -1.9136e-01, -3.9439e-01, -9.5861e-02, -1.8761e-01, -1.8136e-01,
          5.3534e-02,  3.5061e-01,  3.8945e-02,  2.0408e-02, -1.4215e-01,
          1.2033e-01],
        [-8.3417e-02,  2.9261e-01,  7.9158e-02, -1.6326e-01,  3.4846e-01,
         -6.1201e-02,  3.0332e-01,  4.5920e-01,  2.6294e-01, -4.5490e-02,
         -1.3273e-01, -3.1400e-01, -2.2097e-01, -9.4838e-02,  4.5532e-01,
         -1.5276e-01],
        [-1.4980e-02,  4.6448e-03,  3.4542e-02,  3.3501e-01,  1.8183e-01,
          9.4498e-02,  2.5700e-01,  8.8675e-02,  2.3169e-01,  1.7329e-01,
          2.4864e-01, -4.0735e-01, -2.7307e-01, -2.9160e-01,  1.2090e-01,
          1.2061e-01],
        [ 3.0215e-01, -2.7758e-01, -5.5000e-02, -8.9048e-02, -1.2509e-01,
         -3.4629e-01, -3.2134e-01, -3.3754e-01, -3.8950e-01, -6.0041e-02,
          2.4562e-01,  3.0812e-01,  3.4733e-03,  2.1687e-01, -2.8194e-02,
          1.3473e-01],
        [ 7.0432e-02,  1.9338e-02,  1.6685e-01, -2.3753e-01, -2.6094e-01,
         -1.0620e-01, -8.9481e-02, -3.3031e-01, -4.0220e-01, -1.5670e-01,
         -8.2783e-02,  3.6059e-01,  2.4043e-01, -5.1559e-02, -2.9220e-01,
         -1.3942e-01],
        [ 8.6984e-02, -4.0512e-01,  3.5116e-02, -3.0698e-02, -2.6486e-02,
         -2.0311e-01,  8.6121e-02, -2.5381e-01, -5.1762e-01,  1.9116e-01,
          2.0462e-01,  6.1354e-02,  4.6441e-02,  1.1541e-01, -4.4578e-01,
          2.2407e-01],
        [-6.9994e-02, -2.0233e-01, -4.7109e-02,  1.7342e-01, -2.9756e-01,
         -1.7912e-01, -7.2985e-04, -4.2645e-01, -2.8837e-01, -2.2364e-01,
         -2.6434e-01,  1.5359e-01,  1.9215e-01,  2.0518e-01, -4.9675e-01,
         -2.5348e-02],
        [ 2.2771e-01, -1.2632e-01,  2.1421e-01, -2.8653e-01, -2.9883e-01,
         -5.8776e-02, -4.3343e-01, -1.3890e-01, -4.9952e-01,  6.5203e-02,
          1.5694e-01,  1.8236e-01,  3.2815e-01,  2.3130e-01, -3.3549e-02,
          2.4203e-01],
        [-2.1765e-01,  2.5669e-01,  1.4251e-01,  1.2218e-01,  4.4151e-01,
         -1.3751e-02,  3.3994e-01,  2.8183e-01,  1.0032e-01, -2.0621e-02,
          2.1843e-01, -3.5945e-01, -2.6356e-01, -9.4695e-02,  1.5206e-01,
         -1.3483e-02],
        [ 1.6848e-01, -1.1565e-01, -2.6021e-03, -3.1891e-02, -3.9190e-01,
         -2.3324e-01, -9.1747e-02, -4.2788e-01, -1.3278e-01,  2.0535e-02,
          1.4153e-02,  2.0953e-01,  3.7691e-01,  1.7224e-01, -1.1178e-01,
          1.4155e-01],
        [-2.5256e-01,  2.9358e-01, -2.3066e-01,  2.0007e-01,  6.0204e-02,
          1.1717e-01,  4.0186e-01,  4.2409e-01,  4.9162e-01,  1.5969e-01,
          8.1613e-02, -1.7737e-01, -5.2856e-02,  1.1743e-01,  2.5194e-01,
         -1.7520e-01],
        [-1.9131e-01,  1.4433e-01,  8.1897e-02, -6.9842e-02,  3.1020e-01,
          3.2703e-01,  3.7358e-01,  7.4292e-02,  3.5439e-01,  2.1110e-01,
         -2.9625e-01, -9.5464e-02, -3.8160e-01, -1.5128e-01,  1.3947e-01,
         -1.3986e-01],
        [-8.0765e-02, -9.3981e-02,  1.1198e-01,  3.9163e-02, -6.9990e-02,
         -2.6689e-01, -3.5553e-01, -4.4906e-01, -4.0930e-01, -1.3754e-01,
          9.2271e-02,  4.5254e-02, -1.0561e-02,  1.1436e-01, -4.0291e-01,
          7.4759e-02]], device='cuda:0', requires_grad=True)

Parameter name: road_linear_0.bias
Shape: torch.Size([32])
Values: Parameter containing:
tensor([-0.0983,  0.0852,  0.1095, -0.1045,  0.0533, -0.0941,  0.0695,  0.1426,
        -0.0585,  0.0398, -0.0248,  0.0760,  0.1000,  0.0057,  0.0558,  0.0551,
        -0.0934, -0.0164,  0.1113,  0.0597, -0.0060, -0.0751,  0.0163, -0.0155,
        -0.1048,  0.0930,  0.1836,  0.0400, -0.0592, -0.2027,  0.0118, -0.0038],
       device='cuda:0', requires_grad=True)

Parameter name: road_linear_1.weight
Shape: torch.Size([1, 32])
Values: Parameter containing:
tensor([[ 0.3477,  0.4892, -0.2907, -0.3772,  0.4522,  0.4657, -0.3771, -0.4633,
         -0.3791,  0.5118,  0.3285,  0.4768, -0.3751, -0.5379,  0.4022, -0.3995,
         -0.3964,  0.4173, -0.2753, -0.3124,  0.5439,  0.3409, -0.4177, -0.4715,
         -0.4310, -0.4901, -0.3770,  0.4596, -0.4181,  0.4779,  0.3321, -0.3183]],
       device='cuda:0', requires_grad=True)

Parameter name: linear_0.weight
Shape: torch.Size([32, 39])
Values: Parameter containing:
tensor([[-0.0342,  0.1091,  0.0655,  ...,  0.1514, -0.2309, -0.1137],
        [-0.1427, -0.0276,  0.1371,  ...,  0.0557, -0.2539,  0.0871],
        [ 0.0312, -0.0483,  0.0258,  ...,  0.0647,  0.2006,  0.0345],
        ...,
        [ 0.1444, -0.1705, -0.0358,  ..., -0.1760, -0.0381, -0.1180],
        [ 0.1219, -0.2283, -0.0764,  ..., -0.2269,  0.0886,  0.1557],
        [-0.2156,  0.1714,  0.0717,  ...,  0.0643, -0.2142, -0.0509]],
       device='cuda:0', requires_grad=True)

Parameter name: linear_0.bias
Shape: torch.Size([32])
Values: Parameter containing:
tensor([ 0.0740,  0.0326, -0.0668, -0.1409, -0.0804,  0.0467, -0.0900,  0.0676,
        -0.0372,  0.0482,  0.0406,  0.0188, -0.0223,  0.1016, -0.0299, -0.0143,
         0.0466, -0.1625, -0.0101,  0.0827, -0.0853,  0.0099,  0.1142,  0.0361,
        -0.1069,  0.1073,  0.0528, -0.1347,  0.0424,  0.1899,  0.1814, -0.1073],
       device='cuda:0', requires_grad=True)

Parameter name: linear_1.weight
Shape: torch.Size([32, 32])
Values: Parameter containing:
tensor([[ 0.0905, -0.1980, -0.0775,  ...,  0.0924, -0.0151,  0.0631],
        [-0.1931, -0.0434,  0.1289,  ...,  0.1893,  0.0004,  0.0362],
        [ 0.1222, -0.0340, -0.1932,  ..., -0.1775, -0.0149,  0.1957],
        ...,
        [ 0.1316,  0.0760,  0.0762,  ...,  0.0501, -0.2052,  0.2920],
        [ 0.0337, -0.1861,  0.0509,  ...,  0.2985,  0.2441, -0.1472],
        [ 0.0148, -0.1251,  0.2295,  ...,  0.2632,  0.1482, -0.0609]],
       device='cuda:0', requires_grad=True)

Parameter name: linear_1.bias
Shape: torch.Size([32])
Values: Parameter containing:
tensor([ 0.1379,  0.1804, -0.0673, -0.1430,  0.0320, -0.0153, -0.0906,  0.0295,
         0.1909, -0.1722,  0.1509, -0.1736,  0.2247,  0.0653, -0.0879,  0.1851,
        -0.0589, -0.1851,  0.0629,  0.0568, -0.0663,  0.0677, -0.2297,  0.2195,
         0.0012, -0.0812,  0.0887,  0.0148, -0.1836, -0.0797,  0.1739,  0.0502],
       device='cuda:0', requires_grad=True)

Parameter name: linear_2.weight
Shape: torch.Size([1, 32])
Values: Parameter containing:
tensor([[ 0.6797,  0.6037, -0.6598, -0.6476,  0.5059,  0.5228, -0.5759,  0.5059,
          0.5703, -0.6218, -0.5385,  0.5545,  0.5496,  0.5477,  0.5770,  0.5533,
         -0.6693, -0.6851,  0.5361,  0.5326, -0.5954, -0.5856, -0.6841,  0.5434,
          0.6293,  0.6755, -0.6565,  0.6418, -0.5833, -0.6752,  0.6027,  0.6645]],
       device='cuda:0', requires_grad=True)

Parameter name: linear_2.bias
Shape: torch.Size([1])
Values: Parameter containing:
tensor([0.4332], device='cuda:0', requires_grad=True)

