Parameter name: road_linear_0.weight
Shape: torch.Size([32, 16])
Values: Parameter containing:
tensor([[-0.3332,  0.4499, -0.0082,  0.0166,  0.1977,  0.1751,  0.3382, -0.0132,
          0.2196,  0.2679, -0.0246, -0.1725, -0.3416, -0.3740,  0.2722,  0.0355],
        [-0.2745, -0.0207, -0.1173,  0.0321,  0.0519,  0.2559,  0.2074,  0.1844,
          0.4571,  0.1451, -0.0093, -0.2973, -0.0403, -0.0763,  0.4198, -0.1103],
        [ 0.0913, -0.0849,  0.3810, -0.1526, -0.1205, -0.3514, -0.0715, -0.4343,
         -0.0060, -0.0788,  0.1225, -0.0334,  0.4423,  0.3316,  0.0434,  0.2831],
        [ 0.2587, -0.2461,  0.0686, -0.0883, -0.0797, -0.1880, -0.1528, -0.0886,
         -0.4327, -0.3938,  0.0952,  0.3637,  0.3175, -0.1226, -0.2106,  0.1541],
        [-0.1080,  0.4138, -0.1722,  0.0071,  0.2192,  0.0765,  0.0735,  0.3385,
          0.1907,  0.3007,  0.0251, -0.1827, -0.0826, -0.2592,  0.3108, -0.1836],
        [ 0.0032,  0.4230, -0.3384,  0.4119,  0.3568, -0.0479,  0.2607, -0.0292,
          0.2674,  0.2044, -0.3457, -0.0829, -0.2574,  0.1377,  0.3687, -0.0854],
        [ 0.3617, -0.0792,  0.3936, -0.1988, -0.0887, -0.2068, -0.1873, -0.2426,
         -0.2836, -0.0176,  0.1332,  0.0689, -0.0324,  0.2211, -0.3127,  0.1584],
        [-0.0670,  0.0570,  0.3453, -0.3678, -0.3702, -0.2980, -0.0979, -0.2769,
         -0.2304, -0.2125,  0.0781,  0.0459,  0.2846, -0.0900, -0.1123,  0.3597],
        [ 0.0620, -0.0155,  0.3220, -0.2904, -0.1338, -0.3566, -0.2134, -0.1347,
         -0.0168, -0.3297,  0.0159,  0.0972, -0.0198,  0.2052, -0.4105,  0.1308],
        [-0.3123,  0.2280, -0.1137,  0.0277,  0.1436,  0.1599,  0.0910,  0.2683,
          0.3284,  0.0132,  0.0243, -0.0443, -0.3117, -0.1183,  0.2319, -0.2356],
        [-0.3612,  0.4013, -0.0607, -0.0059,  0.0053,  0.4218,  0.2583,  0.1380,
          0.3996,  0.2600, -0.0946, -0.0124, -0.2289,  0.0959,  0.0185, -0.3505],
        [-0.1262,  0.1477, -0.0188,  0.1116,  0.2084,  0.1147,  0.3776,  0.1602,
          0.1990,  0.3478,  0.0967,  0.0507, -0.4424, -0.2579,  0.1095, -0.2193],
        [ 0.3579, -0.1297,  0.1782, -0.2184, -0.1813,  0.0090, -0.1307, -0.3626,
         -0.3944, -0.1334,  0.1552,  0.0801,  0.0189,  0.2114, -0.2884,  0.0765],
        [ 0.2221,  0.0588,  0.3734, -0.0438, -0.3709, -0.0254, -0.0738, -0.0958,
         -0.2790, -0.1748, -0.0029,  0.1391,  0.1639,  0.0905, -0.4021,  0.2658],
        [-0.3966,  0.0038, -0.0821, -0.0051,  0.4410,  0.4224,  0.1381,  0.1491,
          0.0306,  0.1965, -0.0888, -0.3485, -0.1369, -0.1505,  0.1016, -0.1912],
        [-0.0280, -0.4190,  0.2302,  0.0164, -0.3822, -0.0327, -0.2302, -0.3408,
         -0.2499, -0.0875,  0.1910,  0.4577,  0.2088,  0.0023,  0.0202,  0.1472],
        [ 0.2871,  0.0234,  0.1740, -0.3538, -0.3589, -0.0358, -0.0814,  0.0091,
         -0.3581, -0.1767,  0.3194,  0.2829,  0.3581,  0.2711, -0.1606, -0.0406],
        [-0.2572,  0.1982, -0.2147,  0.1369,  0.1297,  0.2827,  0.2705,  0.2560,
          0.1207,  0.2676, -0.1729, -0.2207, -0.1618, -0.1927,  0.2615, -0.1560],
        [ 0.2201, -0.1794,  0.1364, -0.3083, -0.2211, -0.3785, -0.2900,  0.0230,
         -0.4116, -0.1186,  0.1779, -0.0714,  0.2254,  0.2598,  0.0162,  0.1991],
        [ 0.3699, -0.1806,  0.2619, -0.1109, -0.3511, -0.2329, -0.3684,  0.0128,
         -0.0743, -0.2777,  0.1124,  0.2610, -0.0237,  0.1229, -0.0270,  0.2104],
        [-0.1635,  0.3318, -0.0243, -0.0630,  0.2963, -0.0596,  0.3107,  0.3705,
          0.1865,  0.0638, -0.2825, -0.2663, -0.2222, -0.2000,  0.3697, -0.2568],
        [-0.1054, -0.0045, -0.0739,  0.4357,  0.0601,  0.1297,  0.2985, -0.0210,
          0.0827,  0.2887,  0.0979, -0.3105, -0.2390, -0.4124, -0.0165,  0.0108],
        [ 0.3588, -0.2284,  0.0426, -0.1782, -0.0192, -0.3933, -0.2998, -0.2317,
         -0.2757, -0.1549,  0.2996,  0.2209, -0.0597,  0.3222,  0.0875,  0.2245],
        [ 0.2158,  0.0076,  0.3101, -0.3627, -0.2167, -0.1592, -0.1581, -0.2587,
         -0.3275, -0.3073,  0.0525,  0.3223,  0.2689,  0.1040, -0.1898,  0.0007],
        [ 0.2089, -0.4351,  0.1628, -0.1443,  0.0310, -0.2389,  0.0332, -0.1734,
         -0.3992,  0.0587,  0.3769,  0.0066,  0.0709,  0.2553, -0.3309,  0.3564],
        [ 0.0580, -0.2733,  0.0931,  0.0467, -0.2798, -0.2063, -0.0603, -0.3572,
         -0.2223, -0.3666, -0.0848,  0.1357,  0.2383,  0.3468, -0.3956,  0.1134],
        [ 0.2015, -0.0655,  0.2759, -0.3517, -0.1853, -0.0918, -0.3531, -0.0252,
         -0.3809,  0.0114,  0.1762,  0.0846,  0.2411,  0.2912,  0.0776,  0.2899],
        [-0.3248,  0.2683,  0.0194,  0.2320,  0.3500,  0.0170,  0.3827,  0.1829,
         -0.0165,  0.1080,  0.0670, -0.2850, -0.2547, -0.2261,  0.0319, -0.1369],
        [ 0.2871, -0.1014,  0.1221, -0.1420, -0.3086, -0.2840, -0.1381, -0.3362,
         -0.0249, -0.1072,  0.1352,  0.1420,  0.3635,  0.3133,  0.0042,  0.2636],
        [-0.2688,  0.2554, -0.3072,  0.2705, -0.0460,  0.1378,  0.3493,  0.3170,
          0.3830,  0.2344,  0.0254, -0.0887,  0.0152,  0.0464,  0.1494, -0.2421],
        [-0.2689,  0.0988, -0.0253,  0.0278,  0.2076,  0.3798,  0.3739, -0.0304,
          0.2360,  0.3165, -0.3637, -0.0105, -0.3247, -0.2751,  0.0202, -0.2425],
        [ 0.0458, -0.0941,  0.2441, -0.0766, -0.0017, -0.3165, -0.4054, -0.3603,
         -0.3062, -0.2744,  0.2250, -0.0156, -0.0080,  0.2586, -0.2892,  0.2043]],
       device='cuda:0', requires_grad=True)

Parameter name: road_linear_0.bias
Shape: torch.Size([32])
Values: Parameter containing:
tensor([-1.1744e-01, -8.5615e-03,  7.6019e-02, -5.7060e-02, -5.3533e-03,
        -9.8761e-02,  7.5211e-02,  1.3370e-01, -3.2108e-02, -3.3315e-02,
        -1.0517e-02,  6.6449e-02,  1.3905e-01,  6.9426e-02,  2.2484e-02,
         1.0473e-01, -7.8473e-02,  6.0399e-05,  7.3632e-02,  2.6204e-02,
        -6.1218e-02, -7.2241e-02, -2.1721e-02, -1.3605e-02, -7.9004e-02,
         1.6467e-01,  1.4174e-01,  2.4713e-02, -7.4705e-02, -1.8807e-01,
         5.0673e-02, -7.8154e-03], device='cuda:0', requires_grad=True)

Parameter name: road_linear_1.weight
Shape: torch.Size([1, 32])
Values: Parameter containing:
tensor([[ 0.2650,  0.3462, -0.2634, -0.2822,  0.3456,  0.3979, -0.3181, -0.4187,
         -0.3265,  0.3947,  0.2845,  0.4165, -0.2869, -0.4341,  0.3323, -0.3027,
         -0.3387,  0.3598, -0.2577, -0.2850,  0.4376,  0.3142, -0.3963, -0.4093,
         -0.3655, -0.3730, -0.3516,  0.3853, -0.3768,  0.4195,  0.3158, -0.2619]],
       device='cuda:0', requires_grad=True)

Parameter name: linear_0.weight
Shape: torch.Size([32, 39])
Values: Parameter containing:
tensor([[-0.0662,  0.1423,  0.0924,  ...,  0.1415, -0.2780, -0.1137],
        [-0.1591, -0.0058,  0.1388,  ...,  0.0724, -0.3130,  0.0871],
        [ 0.0504, -0.0722,  0.0192,  ...,  0.0513,  0.2599,  0.0345],
        ...,
        [ 0.1605, -0.1931, -0.0341,  ..., -0.1974,  0.0230, -0.1180],
        [ 0.1402, -0.2521, -0.0798,  ..., -0.2416,  0.1397,  0.1557],
        [-0.2378,  0.1954,  0.0886,  ...,  0.0644, -0.2681, -0.0509]],
       device='cuda:0', requires_grad=True)

Parameter name: linear_0.bias
Shape: torch.Size([32])
Values: Parameter containing:
tensor([ 0.0529,  0.0416, -0.0700, -0.1420, -0.0755,  0.0608, -0.1006,  0.0435,
        -0.0403,  0.0560,  0.0069,  0.0140, -0.0238,  0.0912, -0.0431,  0.0003,
         0.0477, -0.1601, -0.0327,  0.0723, -0.0655,  0.0246,  0.1166,  0.0163,
        -0.0963,  0.1089,  0.0572, -0.1212,  0.0388,  0.1762,  0.1739, -0.1182],
       device='cuda:0', requires_grad=True)

Parameter name: linear_1.weight
Shape: torch.Size([32, 32])
Values: Parameter containing:
tensor([[ 0.0773, -0.1760, -0.0936,  ...,  0.0699, -0.0230,  0.0488],
        [-0.2014, -0.0273,  0.1065,  ...,  0.1708, -0.0047,  0.0280],
        [ 0.1276, -0.0444, -0.1716,  ..., -0.1628, -0.0131,  0.2011],
        ...,
        [ 0.1275,  0.0844,  0.0834,  ...,  0.0497, -0.2157,  0.2877],
        [ 0.0137, -0.1458,  0.0430,  ...,  0.2627,  0.2238, -0.1691],
        [ 0.0051, -0.1113,  0.2143,  ...,  0.2475,  0.1457, -0.0711]],
       device='cuda:0', requires_grad=True)

Parameter name: linear_1.bias
Shape: torch.Size([32])
Values: Parameter containing:
tensor([ 0.1159,  0.1640, -0.0551, -0.1180,  0.0215, -0.0216, -0.0763, -0.0056,
         0.1600, -0.1657,  0.1139, -0.1117,  0.1995,  0.0662, -0.1160,  0.1482,
        -0.1397, -0.1726,  0.0487,  0.0352, -0.0401,  0.0797, -0.2237,  0.2032,
        -0.0138, -0.0195,  0.0729, -0.0026, -0.1636, -0.0831,  0.1399,  0.0346],
       device='cuda:0', requires_grad=True)

Parameter name: linear_2.weight
Shape: torch.Size([1, 32])
Values: Parameter containing:
tensor([[ 0.3704,  0.2889, -0.3425, -0.3446,  0.1868,  0.2061, -0.2593,  0.2202,
          0.2803, -0.3041, -0.2343,  0.2518,  0.2520,  0.2333,  0.2856,  0.2690,
         -0.3693, -0.3722,  0.2196,  0.2246, -0.2939, -0.2697, -0.3635,  0.2287,
          0.3119,  0.3732, -0.3448,  0.3327, -0.2713, -0.3608,  0.3204,  0.3532]],
       device='cuda:0', requires_grad=True)

Parameter name: linear_2.bias
Shape: torch.Size([1])
Values: Parameter containing:
tensor([0.1688], device='cuda:0', requires_grad=True)

