Parameter name: road_linear_0.weight
Shape: torch.Size([32, 16])
Values: Parameter containing:
tensor([[-0.0007,  0.3963,  0.3080, -0.3273, -0.1935, -0.1546, -0.0781, -0.3928,
         -0.2555, -0.0785, -0.0312,  0.1965, -0.3088, -0.0682, -0.0330,  0.3862],
        [-0.2483, -0.3896, -0.1004, -0.0101, -0.0247,  0.2474,  0.1644,  0.1610,
          0.4315,  0.1376,  0.2997, -0.2614,  0.3632, -0.0299,  0.3415, -0.0913],
        [ 0.0934,  0.2965,  0.3908, -0.1317, -0.1034, -0.3483, -0.0921, -0.4487,
         -0.0617, -0.0902, -0.1597, -0.0343,  0.0178,  0.3512, -0.0179,  0.2880],
        [ 0.2845,  0.1204,  0.0974, -0.0891, -0.0706, -0.2162, -0.1784, -0.1223,
         -0.4752, -0.4302, -0.2200,  0.3864, -0.0800, -0.1132, -0.2122,  0.1815],
        [-0.0964,  0.0328, -0.1727, -0.0222,  0.1679,  0.0891,  0.0484,  0.3287,
          0.1841,  0.3055,  0.3496, -0.1671,  0.3260, -0.2343,  0.2938, -0.1746],
        [-0.0204,  0.0591, -0.3748,  0.4177,  0.3593, -0.0082,  0.2886, -0.0025,
          0.3142,  0.2351, -0.0735, -0.1100,  0.1287,  0.1165,  0.4303, -0.1061],
        [ 0.3669,  0.2480,  0.4072, -0.1849, -0.0597, -0.2099, -0.1874, -0.2408,
         -0.2964, -0.0331, -0.0474,  0.0651, -0.3604,  0.2065, -0.2982,  0.1637],
        [-0.0579,  0.3645,  0.3627, -0.3619, -0.3491, -0.3007, -0.1046, -0.2750,
         -0.2440, -0.2295, -0.0956,  0.0408, -0.0416, -0.0938, -0.1236,  0.3724],
        [ 0.0329,  0.3579,  0.3032, -0.2458, -0.0519, -0.3466, -0.1590, -0.1017,
          0.0121, -0.3201, -0.2858,  0.0545, -0.4195,  0.1601, -0.2933,  0.1089],
        [-0.3006, -0.1676, -0.1122,  0.0013,  0.0930,  0.1703,  0.0755,  0.2585,
          0.3206,  0.0191,  0.3667, -0.0236,  0.1192, -0.0955,  0.2023, -0.2289],
        [-0.3702,  0.0132, -0.0787, -0.0177, -0.0274,  0.4439,  0.2644,  0.1509,
          0.4106,  0.2816,  0.2296, -0.0174,  0.1977,  0.0990,  0.0235, -0.3632],
        [-0.1396, -0.2048, -0.0394,  0.1014,  0.1896,  0.1378,  0.3897,  0.1702,
          0.2127,  0.3714,  0.4111,  0.0471, -0.0574, -0.2651,  0.0384, -0.2364],
        [ 0.3352,  0.2930,  0.1685, -0.1743, -0.1061,  0.0222, -0.0879, -0.3286,
         -0.3627, -0.1175, -0.1793,  0.0397, -0.4375,  0.1581, -0.2460,  0.0536],
        [ 0.2093,  0.4031,  0.3717, -0.0137, -0.3145, -0.0239, -0.0408, -0.0769,
         -0.2487, -0.1751, -0.2831,  0.1124, -0.2029,  0.0603, -0.3289,  0.2542],
        [-0.3788, -0.3563, -0.0740, -0.0320,  0.3746,  0.4070,  0.1142,  0.1272,
          0.0150,  0.1981,  0.1948, -0.3163,  0.2565, -0.1163,  0.0692, -0.1832],
        [-0.0503,  0.0131,  0.2182,  0.0544, -0.3730, -0.0438, -0.2318, -0.3511,
         -0.3053, -0.1021, -0.1562,  0.4564, -0.2987, -0.0134,  0.0113,  0.1303],
        [ 0.3299,  0.3313,  0.2168, -0.3678, -0.3852, -0.0612, -0.1211, -0.0306,
         -0.4223, -0.2147,  0.0652,  0.3130,  0.0319,  0.3035, -0.1424,  0.0047],
        [-0.3008, -0.0641, -0.2537,  0.1495,  0.1467,  0.3097,  0.3025,  0.2892,
          0.1883,  0.3030,  0.0142, -0.2572,  0.1150, -0.2193,  0.2967, -0.1955],
        [ 0.2255,  0.1543,  0.1444, -0.2828, -0.2188, -0.3747, -0.3242,  0.0050,
         -0.5032, -0.1247, -0.1187, -0.0613, -0.1462,  0.2945, -0.0523,  0.2098],
        [ 0.3750,  0.1827,  0.2772, -0.0984, -0.3156, -0.2338, -0.3652,  0.0217,
         -0.0904, -0.2939, -0.1760,  0.2508, -0.4048,  0.1107,  0.0336,  0.2191],
        [-0.1902, -0.0011, -0.0599, -0.0588,  0.2903, -0.0207,  0.3224,  0.3861,
          0.2318,  0.0935,  0.0126, -0.2913,  0.1292, -0.2121,  0.3966, -0.2804],
        [-0.0785, -0.4089, -0.0560,  0.3952, -0.0173,  0.1171,  0.2680, -0.0513,
          0.0670,  0.2783,  0.4017, -0.2640,  0.1840, -0.3702, -0.0712,  0.0289],
        [ 0.3690,  0.0815,  0.0606, -0.1721, -0.0024, -0.3996, -0.3073, -0.2344,
         -0.2956, -0.1727,  0.0522,  0.2159, -0.3928,  0.3201,  0.0913,  0.2423],
        [ 0.2627,  0.2372,  0.3501, -0.3774, -0.2457, -0.1770, -0.1884, -0.2955,
         -0.3960, -0.3421, -0.1413,  0.3531,  0.0123,  0.1343, -0.1890,  0.0456],
        [ 0.2245, -0.0417,  0.1860, -0.1388,  0.0358, -0.2839,  0.0119, -0.2102,
         -0.4317,  0.0234,  0.0386,  0.0281, -0.3604,  0.2653, -0.3370,  0.3760],
        [ 0.0511,  0.0891,  0.0993,  0.0683, -0.2309, -0.2166, -0.0403, -0.3479,
         -0.2163, -0.3736, -0.3677,  0.1225, -0.1548,  0.3233, -0.4019,  0.1079],
        [ 0.2305,  0.2561,  0.3127, -0.3603, -0.1877, -0.1082, -0.3735, -0.0357,
         -0.4345, -0.0172, -0.0611,  0.0986, -0.0869,  0.3074,  0.0991,  0.3217],
        [-0.3265, -0.1036,  0.0061,  0.2167,  0.3139,  0.0299,  0.3808,  0.1749,
         -0.0137,  0.1225,  0.3819, -0.2753,  0.1420, -0.2219, -0.0095, -0.1426],
        [ 0.3176,  0.1968,  0.1534, -0.1477, -0.3160, -0.3009, -0.1681, -0.3614,
         -0.0701, -0.1360, -0.1087,  0.1553,  0.0296,  0.3327, -0.0034,  0.2975],
        [-0.2700, -0.0441, -0.3203,  0.2547, -0.0733,  0.1473,  0.3413,  0.3077,
          0.3951,  0.2439,  0.2294, -0.0845,  0.3283,  0.0602,  0.1427, -0.2409],
        [-0.3022, -0.2363, -0.0629,  0.0376,  0.2149,  0.4059,  0.4074,  0.0005,
          0.2859,  0.3529, -0.0820, -0.0325,  0.0337, -0.2990,  0.0296, -0.2814],
        [ 0.0482,  0.2331,  0.2484, -0.0481,  0.0045, -0.3153, -0.4144, -0.3740,
         -0.3767, -0.2799, -0.0409, -0.0093, -0.3574,  0.2718, -0.2567,  0.2045]],
       device='cuda:0', requires_grad=True)

Parameter name: road_linear_0.bias
Shape: torch.Size([32])
Values: Parameter containing:
tensor([-0.0669, -0.0192, -0.0125, -0.0331,  0.0116, -0.2360,  0.0972,  0.1233,
        -0.0554, -0.0058,  0.0438,  0.0772,  0.1333,  0.0743,  0.0641, -0.0209,
        -0.0176, -0.0394,  0.0839, -0.0316, -0.1039, -0.0718, -0.0310,  0.0369,
        -0.0369,  0.1324,  0.1590,  0.0467, -0.0992, -0.1814,  0.0233,  0.0225],
       device='cuda:0', requires_grad=True)

Parameter name: road_linear_1.weight
Shape: torch.Size([1, 32])
Values: Parameter containing:
tensor([[-0.2182,  0.3117, -0.2287, -0.2596,  0.3030,  0.3583, -0.2819, -0.3744,
         -0.3224,  0.3405,  0.2649,  0.3770, -0.2644, -0.3970,  0.2850, -0.2365,
         -0.3204,  0.3328, -0.2309, -0.2374,  0.4018,  0.3178, -0.3723, -0.3762,
         -0.2865, -0.3308, -0.3198,  0.3435, -0.3509,  0.3815,  0.3024, -0.2364]],
       device='cuda:0', requires_grad=True)

Parameter name: linear_0.weight
Shape: torch.Size([32, 39])
Values: Parameter containing:
tensor([[-0.0059,  0.1147,  0.0696,  ...,  0.1975, -0.3098, -0.1137],
        [-0.0749, -0.0641,  0.1191,  ...,  0.1026, -0.2864,  0.0871],
        [-0.1073,  0.1580,  0.0928,  ...,  0.1986,  0.0282,  0.0345],
        ...,
        [ 0.0979, -0.1220, -0.0367,  ..., -0.1710, -0.0249, -0.1180],
        [ 0.0398, -0.1854, -0.0405,  ..., -0.2620,  0.0920,  0.1557],
        [-0.1855,  0.1362,  0.0507,  ...,  0.0711, -0.2436, -0.0509]],
       device='cuda:0', requires_grad=True)

Parameter name: linear_0.bias
Shape: torch.Size([32])
Values: Parameter containing:
tensor([ 0.0538,  0.0313, -0.0950, -0.1545, -0.0807, -0.0073, -0.1026,  0.0411,
        -0.0331,  0.0583,  0.0283, -0.0031,  0.0084,  0.1015, -0.0446, -0.0126,
         0.0482, -0.1658,  0.0036,  0.0816, -0.0627,  0.0187,  0.1106,  0.0228,
        -0.1101,  0.0980,  0.0437, -0.0985,  0.0462,  0.2031,  0.1683, -0.1279],
       device='cuda:0', requires_grad=True)

Parameter name: linear_1.weight
Shape: torch.Size([32, 32])
Values: Parameter containing:
tensor([[ 0.0522, -0.1631, -0.1873,  ...,  0.0351, -0.0457,  0.0659],
        [-0.2177, -0.0145, -0.0182,  ...,  0.1381, -0.0294,  0.0490],
        [ 0.1480, -0.0505, -0.0393,  ..., -0.1409,  0.0036,  0.1863],
        ...,
        [ 0.1413,  0.0580,  0.2070,  ...,  0.1045, -0.1759,  0.2449],
        [-0.0149, -0.1358, -0.0458,  ...,  0.2387,  0.2137, -0.1726],
        [-0.0031, -0.1089,  0.1279,  ...,  0.2216,  0.1263, -0.0442]],
       device='cuda:0', requires_grad=True)

Parameter name: linear_1.bias
Shape: torch.Size([32])
Values: Parameter containing:
tensor([ 0.1005,  0.1477, -0.0462, -0.0997, -0.1069, -0.1757, -0.0631, -0.0276,
         0.1403, -0.1691,  0.1331, -0.1279,  0.1976,  0.0919, -0.1100,  0.1227,
        -0.1366, -0.1784,  0.0764,  0.0103, -0.0148,  0.0817, -0.2076,  0.2171,
        -0.0459, -0.0104,  0.0765, -0.0418, -0.1500, -0.0592,  0.1228,  0.0300],
       device='cuda:0', requires_grad=True)

Parameter name: linear_2.weight
Shape: torch.Size([1, 32])
Values: Parameter containing:
tensor([[ 0.3765,  0.3002, -0.3392, -0.3701, -0.2238, -0.2185, -0.2843,  0.2508,
          0.2776, -0.2943, -0.2471,  0.2624,  0.2715,  0.2278,  0.2874,  0.2702,
         -0.3685, -0.3743,  0.2204,  0.2655, -0.3260, -0.2762, -0.3780,  0.2234,
          0.3405,  0.3929, -0.3485,  0.3651, -0.2846, -0.3731,  0.3374,  0.3776]],
       device='cuda:0', requires_grad=True)

Parameter name: linear_2.bias
Shape: torch.Size([1])
Values: Parameter containing:
tensor([0.1319], device='cuda:0', requires_grad=True)

Parameter name: road_linear_0.weight
Shape: torch.Size([32, 16])
Values: Parameter containing:
tensor([[ 1.2184e-02,  3.5539e-01,  3.2313e-01, -3.4580e-01, -2.3585e-02,
         -1.7784e-01, -6.7138e-02, -3.8846e-01, -1.7508e-01, -8.5443e-02,
          2.5746e-02,  1.7323e-01,  5.8101e-02, -5.1895e-02,  3.1528e-01,
          3.6559e-01],
        [-2.7602e-01, -3.3970e-01, -1.2785e-01,  1.3219e-02, -1.6225e-01,
          2.8514e-01,  1.8862e-01,  1.6806e-01,  3.9945e-01,  1.3545e-01,
          2.2403e-01, -2.7198e-01,  1.9197e-03, -4.5088e-02,  2.0448e-03,
         -8.5111e-02],
        [ 9.9812e-02,  2.4951e-01,  4.0277e-01, -1.3973e-01,  1.4402e-01,
         -3.7459e-01, -6.4502e-02, -4.1147e-01,  5.5284e-02, -8.3007e-02,
         -9.8710e-02, -6.3127e-02,  3.9363e-01,  3.1086e-01,  4.3233e-01,
          2.6731e-01],
        [ 2.9195e-01,  6.9686e-02,  1.0691e-01, -9.1496e-02,  1.0182e-01,
         -2.3022e-01, -1.7105e-01, -9.6570e-02, -4.0653e-01, -4.0331e-01,
         -1.0930e-01,  3.6502e-01,  2.8318e-01, -1.2770e-01,  1.3963e-01,
          1.6086e-01],
        [-1.1606e-01,  1.2004e-01, -1.8950e-01, -4.5711e-03,  5.1974e-02,
          1.2288e-01,  6.6047e-02,  3.4677e-01,  1.5899e-01,  2.9223e-01,
          2.3360e-01, -1.8895e-01, -5.2442e-02, -2.2564e-01, -8.1031e-02,
         -1.3795e-01],
        [-2.1043e-02,  1.4552e-01, -3.7536e-01,  4.1166e-01,  1.5960e-01,
          3.5157e-03,  2.7490e-01, -2.0980e-02,  2.5141e-01,  2.0515e-01,
         -1.3701e-01, -9.7011e-02, -2.4682e-01,  1.3369e-01,  3.5329e-02,
         -7.0410e-02],
        [ 3.9368e-01,  2.0341e-01,  4.3308e-01, -2.0296e-01,  1.3118e-01,
         -2.5055e-01, -2.1102e-01, -2.3789e-01, -2.4972e-01, -2.8921e-02,
         -2.2622e-02,  6.4912e-02, -3.4938e-02,  2.2986e-01, -1.3014e-02,
          1.6358e-01],
        [-4.4615e-02,  3.1658e-01,  3.7511e-01, -3.6240e-01, -1.4470e-01,
         -3.3089e-01, -1.0869e-01, -2.4576e-01, -1.7786e-01, -2.1506e-01,
         -7.4499e-02,  2.0105e-02,  2.5283e-01, -8.3830e-02,  1.6005e-01,
          3.6599e-01],
        [ 5.6737e-02,  3.0678e-01,  3.2638e-01, -2.6908e-01,  3.4056e-02,
         -3.8268e-01, -1.8356e-01, -1.1092e-01,  4.2371e-02, -3.1541e-01,
         -1.1645e-01,  7.4648e-02, -8.3350e-02,  1.4263e-01,  1.2801e-02,
          9.7255e-02],
        [-3.0560e-01, -8.5607e-02, -1.1671e-01,  1.8169e-03, -4.4556e-02,
          1.8880e-01,  6.6392e-02,  2.5127e-01,  2.7119e-01, -6.9362e-03,
          2.4079e-01, -2.3531e-02, -2.6021e-01, -6.7488e-02, -1.8491e-01,
         -1.8975e-01],
        [-3.6881e-01,  6.9747e-02, -7.9895e-02, -2.7087e-02, -1.7836e-01,
          4.5461e-01,  2.4486e-01,  1.1846e-01,  3.3620e-01,  2.4940e-01,
          7.0941e-02,  9.1946e-03, -1.5917e-01,  1.3395e-01, -3.8682e-01,
         -3.3208e-01],
        [-1.4498e-01, -1.4696e-01, -4.4172e-02,  1.0557e-01,  1.0996e-01,
          1.5260e-01,  3.8865e-01,  1.6081e-01,  1.6880e-01,  3.4524e-01,
          1.5847e-01,  4.8650e-02, -3.9946e-01, -2.0336e-01, -2.5775e-01,
         -2.0172e-01],
        [ 3.6698e-01,  2.2255e-01,  2.0210e-01, -2.0289e-01,  7.7491e-02,
         -2.6770e-02, -1.1336e-01, -3.3680e-01, -3.3952e-01, -1.2241e-01,
         -1.2499e-01,  4.3622e-02, -2.5414e-02,  1.9527e-01,  1.6871e-01,
          3.7181e-02],
        [ 2.3696e-01,  3.5580e-01,  3.9743e-01, -3.4357e-02, -1.7655e-01,
         -6.3172e-02, -7.2820e-02, -8.6213e-02, -2.2205e-01, -1.7351e-01,
         -2.1832e-01,  1.2680e-01,  1.3097e-01,  7.2639e-02, -3.5711e-02,
          2.5199e-01],
        [-3.9553e-01, -3.0510e-01, -9.0879e-02, -2.7276e-02,  2.0176e-01,
          4.4547e-01,  1.1971e-01,  1.1994e-01, -3.8326e-02,  1.8573e-01,
          1.3134e-01, -3.1436e-01, -8.4206e-02, -1.1890e-01, -2.8106e-01,
         -1.7173e-01],
        [-8.9286e-02, -1.5431e-01,  1.7849e-01,  9.1523e-02, -1.9750e-01,
         -1.5291e-02, -1.5431e-01, -2.9162e-01, -1.6637e-01, -8.1663e-03,
          8.1527e-03,  4.2833e-01,  1.1523e-01, -9.5661e-02,  4.1032e-01,
          2.9042e-02],
        [ 3.3281e-01,  2.7487e-01,  2.2000e-01, -3.6723e-01, -2.0480e-01,
         -7.0878e-02, -1.2112e-01, -1.4574e-03, -3.5634e-01, -1.8837e-01,
          1.3538e-01,  2.8786e-01,  3.4488e-01,  2.8659e-01,  1.2646e-01,
         -1.6002e-02],
        [-3.1613e-01, -2.2486e-02, -2.6770e-01,  1.5520e-01, -1.4005e-02,
          3.3713e-01,  3.1209e-01,  2.7631e-01,  1.3348e-01,  2.8735e-01,
         -3.3860e-02, -2.4733e-01, -1.6621e-01, -2.2387e-01,  4.3040e-02,
         -1.8796e-01],
        [ 2.5201e-01,  1.3403e-01,  1.7781e-01, -3.1322e-01, -4.7323e-03,
         -4.1305e-01, -3.0878e-01,  3.0569e-02, -3.8771e-01, -1.3834e-01,
         -4.7239e-02, -8.1196e-02,  1.9355e-01,  2.5986e-01,  3.7036e-01,
          2.1093e-01],
        [ 3.9011e-01,  1.4133e-01,  2.9330e-01, -1.0708e-01, -1.6839e-01,
         -2.6564e-01, -3.7378e-01,  3.3908e-02, -3.4752e-02, -2.8038e-01,
         -7.1916e-02,  2.4537e-01, -7.8203e-02,  1.0795e-01,  3.2711e-01,
          2.0933e-01],
        [-2.0111e-01,  7.5816e-02, -6.9125e-02, -5.1571e-02,  1.5030e-01,
          1.0886e-03,  3.3055e-01,  3.9472e-01,  1.9213e-01,  7.4384e-02,
         -6.9207e-02, -3.0258e-01, -2.0235e-01, -2.0509e-01,  4.6613e-02,
         -2.5406e-01],
        [-8.0596e-02, -3.4210e-01, -5.9562e-02,  3.8987e-01, -1.5646e-01,
          1.3853e-01,  2.5206e-01, -7.1575e-02,  5.3396e-03,  2.5410e-01,
          2.5618e-01, -2.5477e-01, -1.4974e-01, -3.4057e-01, -4.4704e-01,
          5.8743e-02],
        [ 3.7663e-01,  3.5574e-02,  6.8383e-02, -1.6893e-01,  1.6275e-01,
         -4.2176e-01, -3.0821e-01, -2.0805e-01, -2.2895e-01, -1.5252e-01,
          1.1530e-01,  1.9782e-01, -1.1291e-01,  3.1242e-01,  3.7772e-01,
          2.2837e-01],
        [ 2.7596e-01,  2.0357e-01,  3.6166e-01, -3.8191e-01, -8.5594e-02,
         -2.0063e-01, -2.0274e-01, -2.6865e-01, -3.4148e-01, -3.2591e-01,
         -1.0685e-01,  3.3407e-01,  2.5322e-01,  1.4764e-01,  5.2362e-03,
          4.3768e-02],
        [ 2.2762e-01, -1.3353e-01,  1.9055e-01, -1.4346e-01,  1.9423e-01,
         -2.8927e-01,  2.3465e-02, -1.9060e-01, -3.6504e-01,  5.6217e-02,
          1.6638e-01,  1.5155e-02,  4.8539e-02,  2.3483e-01,  7.4339e-02,
          3.3052e-01],
        [ 7.2314e-02,  1.6475e-02,  1.2040e-01,  5.6040e-02, -7.7895e-02,
         -2.6177e-01, -5.5117e-02, -3.6275e-01, -1.8261e-01, -3.6480e-01,
         -2.9707e-01,  1.4024e-01,  1.9672e-01,  3.3207e-01, -2.2446e-02,
          8.6562e-02],
        [ 2.3434e-01,  2.1058e-01,  3.1760e-01, -3.5707e-01, -2.2028e-04,
         -1.2533e-01, -3.7457e-01,  2.7396e-03, -3.5789e-01,  5.9133e-03,
         -1.4684e-03,  6.9653e-02,  1.9781e-01,  2.9956e-01,  3.6453e-01,
          3.0770e-01],
        [-3.3406e-01, -4.1633e-02, -3.9318e-04,  2.1718e-01,  1.9758e-01,
          4.9683e-02,  3.7847e-01,  1.6814e-01, -6.0283e-02,  9.8324e-02,
          2.2236e-01, -2.7294e-01, -2.0709e-01, -1.8882e-01, -3.4059e-01,
         -1.1211e-01],
        [ 3.2234e-01,  1.4786e-01,  1.5807e-01, -1.4162e-01, -1.7944e-01,
         -3.1946e-01, -1.6249e-01, -3.4080e-01, -1.0191e-02, -1.1172e-01,
         -1.8207e-03,  1.4011e-01,  3.1170e-01,  3.0939e-01,  2.9785e-01,
          2.7706e-01],
        [-2.8684e-01, -2.8679e-03, -3.3607e-01,  2.6136e-01, -2.3924e-01,
          1.7856e-01,  3.5283e-01,  2.9157e-01,  3.4020e-01,  2.3178e-01,
          1.8968e-01, -7.4896e-02,  5.2172e-02,  4.8919e-02, -1.0320e-01,
         -2.3616e-01],
        [-3.0256e-01, -1.8359e-01, -6.5044e-02,  3.2825e-02,  4.9650e-02,
          4.1623e-01,  3.9911e-01, -3.2461e-02,  2.1274e-01,  3.2478e-01,
         -1.8672e-01, -7.3522e-03, -2.8509e-01, -2.7007e-01, -3.0049e-01,
         -2.5803e-01],
        [ 8.6434e-02,  2.1068e-01,  2.8795e-01, -9.0486e-02,  1.8166e-01,
         -3.6061e-01, -4.3744e-01, -3.7716e-01, -2.9993e-01, -2.9764e-01,
          2.5229e-02, -2.6028e-03, -1.3430e-02,  2.6619e-01,  5.0164e-02,
          2.1580e-01]], device='cuda:0', requires_grad=True)

Parameter name: road_linear_0.bias
Shape: torch.Size([32])
Values: Parameter containing:
tensor([-0.0990, -0.0555,  0.1804, -0.0304, -0.0800, -0.0372,  0.0696,  0.0601,
        -0.0289, -0.0532, -0.0280,  0.0581,  0.1233,  0.0965, -0.0126, -0.0016,
        -0.1442,  0.0251,  0.1136,  0.0152, -0.0200, -0.1725, -0.0153, -0.0509,
        -0.0430,  0.2227,  0.1208,  0.0221, -0.0521, -0.1458,  0.0179,  0.0270],
       device='cuda:0', requires_grad=True)

Parameter name: road_linear_1.weight
Shape: torch.Size([1, 32])
Values: Parameter containing:
tensor([[-0.1932,  0.2845, -0.2100, -0.2413,  0.2630,  0.3134, -0.2618, -0.3642,
         -0.2874,  0.3043,  0.2470,  0.3587, -0.2203, -0.3630,  0.2840, -0.1495,
         -0.2821,  0.3230, -0.2142, -0.2287,  0.3399,  0.3401, -0.3596, -0.3656,
         -0.2590, -0.2901, -0.3056,  0.3254, -0.3490,  0.3710,  0.2839, -0.2229]],
       device='cuda:0', requires_grad=True)

Parameter name: linear_0.weight
Shape: torch.Size([32, 39])
Values: Parameter containing:
tensor([[-0.0111, -0.0034,  0.0258,  ...,  0.2090, -0.3524, -0.1137],
        [-0.0821, -0.1902,  0.0830,  ...,  0.1452, -0.3291,  0.0871],
        [-0.0539,  0.1580,  0.0909,  ...,  0.0109,  0.2355,  0.0345],
        ...,
        [ 0.0417, -0.1562,  0.0129,  ...,  0.0671, -0.2799, -0.1180],
        [ 0.0349, -0.0699,  0.0059,  ..., -0.3027,  0.1275,  0.1557],
        [-0.0849,  0.1617,  0.0122,  ..., -0.1724,  0.0629, -0.0509]],
       device='cuda:0', requires_grad=True)

Parameter name: linear_0.bias
Shape: torch.Size([32])
Values: Parameter containing:
tensor([ 0.0511,  0.0540, -0.0928, -0.1204, -0.0577,  0.0457, -0.1290,  0.0620,
        -0.0464,  0.0922,  0.0330,  0.0081,  0.0095,  0.0629, -0.0784, -0.0203,
         0.0466, -0.1421, -0.0323, -0.0152, -0.1095,  0.0477,  0.0819, -0.0065,
        -0.0849,  0.0666,  0.0241, -0.0961,  0.0640,  0.1473,  0.1370, -0.0658],
       device='cuda:0', requires_grad=True)

Parameter name: linear_1.weight
Shape: torch.Size([32, 32])
Values: Parameter containing:
tensor([[ 0.0382, -0.1959, -0.0813,  ..., -0.1395, -0.0163,  0.2623],
        [-0.2361, -0.0446,  0.1039,  ..., -0.0699, -0.0033,  0.2709],
        [ 0.1650, -0.0196, -0.1758,  ...,  0.0827, -0.0235, -0.0684],
        ...,
        [ 0.1519,  0.1114,  0.0823,  ...,  0.2627, -0.2216,  0.0556],
        [-0.0531, -0.1735,  0.0759,  ...,  0.0028,  0.2487,  0.0861],
        [-0.0183, -0.1214,  0.2106,  ...,  0.0516,  0.1390,  0.1312]],
       device='cuda:0', requires_grad=True)

Parameter name: linear_1.bias
Shape: torch.Size([32])
Values: Parameter containing:
tensor([ 0.0869,  0.1225, -0.0353, -0.0548, -0.0311, -0.0353, -0.0325, -0.0624,
         0.1100, -0.1751,  0.1226, -0.1329,  0.1652, -0.0186, -0.1430,  0.1054,
        -0.1272, -0.1539,  0.0135, -0.0296,  0.0087,  0.1086, -0.1891,  0.2025,
        -0.0699, -0.0288,  0.0881, -0.0376, -0.1122, -0.0600,  0.1109,  0.0009],
       device='cuda:0', requires_grad=True)

Parameter name: linear_2.weight
Shape: torch.Size([1, 32])
Values: Parameter containing:
tensor([[ 0.5161,  0.4403, -0.5184, -0.5217,  0.3666,  0.3747, -0.4229,  0.4315,
          0.4316, -0.4543, -0.4444,  0.4054,  0.4275, -0.3684,  0.4485,  0.3968,
         -0.5263, -0.5175,  0.3945,  0.4116, -0.4794, -0.4524, -0.5160,  0.3515,
          0.4907,  0.5171, -0.4910,  0.5590, -0.4267, -0.5084,  0.4932,  0.5082]],
       device='cuda:0', requires_grad=True)

Parameter name: linear_2.bias
Shape: torch.Size([1])
Values: Parameter containing:
tensor([0.2380], device='cuda:0', requires_grad=True)

Parameter name: road_linear_0.weight
Shape: torch.Size([32, 16])
Values: Parameter containing:
tensor([[ 1.2184e-02,  3.5538e-01,  3.2313e-01, -3.4580e-01, -2.3586e-02,
         -1.7784e-01, -6.7138e-02, -3.8846e-01, -1.7508e-01, -8.5442e-02,
          2.5747e-02,  1.7324e-01,  5.8101e-02, -5.1896e-02,  3.1528e-01,
          3.6559e-01],
        [-2.7602e-01, -3.3970e-01, -1.2785e-01,  1.3219e-02, -1.6225e-01,
          2.8514e-01,  1.8862e-01,  1.6806e-01,  3.9945e-01,  1.3545e-01,
          2.2403e-01, -2.7198e-01,  1.9192e-03, -4.5087e-02,  2.0449e-03,
         -8.5111e-02],
        [ 9.9812e-02,  2.4951e-01,  4.0277e-01, -1.3973e-01,  1.4402e-01,
         -3.7459e-01, -6.4502e-02, -4.1147e-01,  5.5283e-02, -8.3006e-02,
         -9.8710e-02, -6.3127e-02,  3.9363e-01,  3.1086e-01,  4.3233e-01,
          2.6731e-01],
        [ 2.9195e-01,  6.9685e-02,  1.0691e-01, -9.1496e-02,  1.0182e-01,
         -2.3022e-01, -1.7105e-01, -9.6570e-02, -4.0653e-01, -4.0331e-01,
         -1.0930e-01,  3.6502e-01,  2.8318e-01, -1.2770e-01,  1.3963e-01,
          1.6086e-01],
        [-1.1606e-01,  1.2004e-01, -1.8950e-01, -4.5714e-03,  5.1975e-02,
          1.2288e-01,  6.6047e-02,  3.4677e-01,  1.5899e-01,  2.9223e-01,
          2.3360e-01, -1.8895e-01, -5.2443e-02, -2.2564e-01, -8.1031e-02,
         -1.3795e-01],
        [-2.1043e-02,  1.4552e-01, -3.7536e-01,  4.1166e-01,  1.5960e-01,
          3.5155e-03,  2.7490e-01, -2.0979e-02,  2.5141e-01,  2.0515e-01,
         -1.3701e-01, -9.7012e-02, -2.4683e-01,  1.3369e-01,  3.5329e-02,
         -7.0409e-02],
        [ 3.9368e-01,  2.0341e-01,  4.3308e-01, -2.0296e-01,  1.3118e-01,
         -2.5055e-01, -2.1102e-01, -2.3789e-01, -2.4972e-01, -2.8921e-02,
         -2.2622e-02,  6.4913e-02, -3.4938e-02,  2.2986e-01, -1.3014e-02,
          1.6357e-01],
        [-4.4615e-02,  3.1658e-01,  3.7511e-01, -3.6240e-01, -1.4470e-01,
         -3.3089e-01, -1.0869e-01, -2.4576e-01, -1.7786e-01, -2.1506e-01,
         -7.4499e-02,  2.0106e-02,  2.5283e-01, -8.3830e-02,  1.6005e-01,
          3.6599e-01],
        [ 5.6737e-02,  3.0678e-01,  3.2638e-01, -2.6908e-01,  3.4055e-02,
         -3.8268e-01, -1.8356e-01, -1.1092e-01,  4.2371e-02, -3.1541e-01,
         -1.1644e-01,  7.4648e-02, -8.3350e-02,  1.4263e-01,  1.2801e-02,
          9.7255e-02],
        [-3.0560e-01, -8.5606e-02, -1.1671e-01,  1.8167e-03, -4.4555e-02,
          1.8880e-01,  6.6392e-02,  2.5128e-01,  2.7119e-01, -6.9367e-03,
          2.4079e-01, -2.3532e-02, -2.6021e-01, -6.7487e-02, -1.8491e-01,
         -1.8974e-01],
        [-3.6881e-01,  6.9748e-02, -7.9894e-02, -2.7087e-02, -1.7836e-01,
          4.5461e-01,  2.4486e-01,  1.1846e-01,  3.3620e-01,  2.4940e-01,
          7.0940e-02,  9.1943e-03, -1.5917e-01,  1.3395e-01, -3.8682e-01,
         -3.3208e-01],
        [-1.4498e-01, -1.4696e-01, -4.4171e-02,  1.0557e-01,  1.0996e-01,
          1.5260e-01,  3.8865e-01,  1.6081e-01,  1.6880e-01,  3.4524e-01,
          1.5847e-01,  4.8650e-02, -3.9946e-01, -2.0336e-01, -2.5775e-01,
         -2.0171e-01],
        [ 3.6698e-01,  2.2255e-01,  2.0210e-01, -2.0289e-01,  7.7490e-02,
         -2.6769e-02, -1.1336e-01, -3.3680e-01, -3.3952e-01, -1.2241e-01,
         -1.2499e-01,  4.3623e-02, -2.5413e-02,  1.9527e-01,  1.6871e-01,
          3.7180e-02],
        [ 2.3696e-01,  3.5580e-01,  3.9743e-01, -3.4357e-02, -1.7655e-01,
         -6.3172e-02, -7.2820e-02, -8.6214e-02, -2.2205e-01, -1.7351e-01,
         -2.1832e-01,  1.2680e-01,  1.3097e-01,  7.2638e-02, -3.5711e-02,
          2.5199e-01],
        [-3.9553e-01, -3.0510e-01, -9.0879e-02, -2.7276e-02,  2.0176e-01,
          4.4547e-01,  1.1971e-01,  1.1994e-01, -3.8326e-02,  1.8573e-01,
          1.3134e-01, -3.1436e-01, -8.4207e-02, -1.1890e-01, -2.8106e-01,
         -1.7173e-01],
        [-8.9286e-02, -1.5431e-01,  1.7849e-01,  9.1523e-02, -1.9750e-01,
         -1.5291e-02, -1.5431e-01, -2.9162e-01, -1.6637e-01, -8.1658e-03,
          8.1533e-03,  4.2833e-01,  1.1523e-01, -9.5662e-02,  4.1032e-01,
          2.9041e-02],
        [ 3.3281e-01,  2.7486e-01,  2.2000e-01, -3.6723e-01, -2.0480e-01,
         -7.0878e-02, -1.2112e-01, -1.4578e-03, -3.5634e-01, -1.8837e-01,
          1.3538e-01,  2.8786e-01,  3.4488e-01,  2.8659e-01,  1.2646e-01,
         -1.6003e-02],
        [-3.1613e-01, -2.2485e-02, -2.6770e-01,  1.5520e-01, -1.4005e-02,
          3.3713e-01,  3.1209e-01,  2.7631e-01,  1.3348e-01,  2.8735e-01,
         -3.3861e-02, -2.4733e-01, -1.6621e-01, -2.2387e-01,  4.3040e-02,
         -1.8796e-01],
        [ 2.5201e-01,  1.3403e-01,  1.7781e-01, -3.1322e-01, -4.7328e-03,
         -4.1305e-01, -3.0878e-01,  3.0569e-02, -3.8771e-01, -1.3834e-01,
         -4.7239e-02, -8.1196e-02,  1.9356e-01,  2.5986e-01,  3.7036e-01,
          2.1092e-01],
        [ 3.9011e-01,  1.4133e-01,  2.9330e-01, -1.0708e-01, -1.6839e-01,
         -2.6564e-01, -3.7378e-01,  3.3908e-02, -3.4752e-02, -2.8038e-01,
         -7.1915e-02,  2.4537e-01, -7.8202e-02,  1.0795e-01,  3.2711e-01,
          2.0932e-01],
        [-2.0111e-01,  7.5816e-02, -6.9125e-02, -5.1571e-02,  1.5030e-01,
          1.0885e-03,  3.3055e-01,  3.9472e-01,  1.9213e-01,  7.4384e-02,
         -6.9207e-02, -3.0258e-01, -2.0235e-01, -2.0509e-01,  4.6613e-02,
         -2.5406e-01],
        [-8.0596e-02, -3.4210e-01, -5.9562e-02,  3.8987e-01, -1.5646e-01,
          1.3853e-01,  2.5206e-01, -7.1575e-02,  5.3396e-03,  2.5410e-01,
          2.5618e-01, -2.5477e-01, -1.4975e-01, -3.4057e-01, -4.4704e-01,
          5.8744e-02],
        [ 3.7663e-01,  3.5573e-02,  6.8383e-02, -1.6893e-01,  1.6275e-01,
         -4.2176e-01, -3.0821e-01, -2.0805e-01, -2.2895e-01, -1.5252e-01,
          1.1530e-01,  1.9782e-01, -1.1291e-01,  3.1242e-01,  3.7772e-01,
          2.2837e-01],
        [ 2.7596e-01,  2.0357e-01,  3.6166e-01, -3.8191e-01, -8.5594e-02,
         -2.0063e-01, -2.0274e-01, -2.6865e-01, -3.4148e-01, -3.2591e-01,
         -1.0685e-01,  3.3407e-01,  2.5322e-01,  1.4763e-01,  5.2361e-03,
          4.3768e-02],
        [ 2.2762e-01, -1.3353e-01,  1.9055e-01, -1.4346e-01,  1.9423e-01,
         -2.8927e-01,  2.3465e-02, -1.9060e-01, -3.6504e-01,  5.6217e-02,
          1.6638e-01,  1.5156e-02,  4.8540e-02,  2.3483e-01,  7.4338e-02,
          3.3052e-01],
        [ 7.2314e-02,  1.6474e-02,  1.2040e-01,  5.6040e-02, -7.7896e-02,
         -2.6177e-01, -5.5117e-02, -3.6275e-01, -1.8261e-01, -3.6480e-01,
         -2.9706e-01,  1.4024e-01,  1.9672e-01,  3.3207e-01, -2.2446e-02,
          8.6562e-02],
        [ 2.3434e-01,  2.1058e-01,  3.1760e-01, -3.5707e-01, -2.2075e-04,
         -1.2533e-01, -3.7457e-01,  2.7393e-03, -3.5789e-01,  5.9136e-03,
         -1.4681e-03,  6.9653e-02,  1.9781e-01,  2.9956e-01,  3.6453e-01,
          3.0770e-01],
        [-3.3406e-01, -4.1632e-02, -3.9284e-04,  2.1718e-01,  1.9758e-01,
          4.9683e-02,  3.7847e-01,  1.6814e-01, -6.0283e-02,  9.8323e-02,
          2.2235e-01, -2.7294e-01, -2.0709e-01, -1.8882e-01, -3.4059e-01,
         -1.1210e-01],
        [ 3.2234e-01,  1.4786e-01,  1.5807e-01, -1.4162e-01, -1.7944e-01,
         -3.1946e-01, -1.6249e-01, -3.4080e-01, -1.0191e-02, -1.1172e-01,
         -1.8204e-03,  1.4011e-01,  3.1170e-01,  3.0939e-01,  2.9785e-01,
          2.7706e-01],
        [-2.8684e-01, -2.8673e-03, -3.3607e-01,  2.6136e-01, -2.3924e-01,
          1.7856e-01,  3.5283e-01,  2.9157e-01,  3.4020e-01,  2.3178e-01,
          1.8968e-01, -7.4896e-02,  5.2171e-02,  4.8920e-02, -1.0320e-01,
         -2.3616e-01],
        [-3.0256e-01, -1.8359e-01, -6.5044e-02,  3.2824e-02,  4.9650e-02,
          4.1623e-01,  3.9911e-01, -3.2461e-02,  2.1274e-01,  3.2478e-01,
         -1.8672e-01, -7.3524e-03, -2.8509e-01, -2.7007e-01, -3.0049e-01,
         -2.5803e-01],
        [ 8.6434e-02,  2.1068e-01,  2.8795e-01, -9.0486e-02,  1.8166e-01,
         -3.6061e-01, -4.3744e-01, -3.7716e-01, -2.9993e-01, -2.9763e-01,
          2.5230e-02, -2.6025e-03, -1.3430e-02,  2.6619e-01,  5.0163e-02,
          2.1580e-01]], device='cuda:0', requires_grad=True)

Parameter name: road_linear_0.bias
Shape: torch.Size([32])
Values: Parameter containing:
tensor([-0.0990, -0.0555,  0.1804, -0.0304, -0.0800, -0.0372,  0.0696,  0.0601,
        -0.0289, -0.0532, -0.0280,  0.0581,  0.1233,  0.0965, -0.0126, -0.0016,
        -0.1442,  0.0251,  0.1136,  0.0152, -0.0200, -0.1725, -0.0153, -0.0509,
        -0.0430,  0.2227,  0.1208,  0.0221, -0.0521, -0.1458,  0.0179,  0.0270],
       device='cuda:0', requires_grad=True)

Parameter name: road_linear_1.weight
Shape: torch.Size([1, 32])
Values: Parameter containing:
tensor([[-0.1932,  0.2845, -0.2100, -0.2413,  0.2630,  0.3134, -0.2618, -0.3642,
         -0.2874,  0.3043,  0.2470,  0.3587, -0.2203, -0.3630,  0.2840, -0.1495,
         -0.2821,  0.3230, -0.2142, -0.2287,  0.3399,  0.3401, -0.3596, -0.3656,
         -0.2590, -0.2901, -0.3056,  0.3254, -0.3490,  0.3710,  0.2839, -0.2229]],
       device='cuda:0', requires_grad=True)

Parameter name: linear_0.weight
Shape: torch.Size([32, 39])
Values: Parameter containing:
tensor([[-0.0111, -0.0034,  0.0258,  ...,  0.2090, -0.3524, -0.1137],
        [-0.0821, -0.1902,  0.0830,  ...,  0.1452, -0.3291,  0.0871],
        [-0.0539,  0.1580,  0.0909,  ...,  0.0109,  0.2355,  0.0345],
        ...,
        [ 0.0417, -0.1562,  0.0129,  ...,  0.0671, -0.2799, -0.1180],
        [ 0.0349, -0.0699,  0.0059,  ..., -0.3027,  0.1275,  0.1557],
        [-0.0849,  0.1617,  0.0122,  ..., -0.1724,  0.0629, -0.0509]],
       device='cuda:0', requires_grad=True)

Parameter name: linear_0.bias
Shape: torch.Size([32])
Values: Parameter containing:
tensor([ 0.0511,  0.0540, -0.0928, -0.1204, -0.0577,  0.0457, -0.1290,  0.0620,
        -0.0464,  0.0922,  0.0330,  0.0081,  0.0095,  0.0629, -0.0784, -0.0203,
         0.0466, -0.1421, -0.0323, -0.0152, -0.1095,  0.0477,  0.0819, -0.0065,
        -0.0849,  0.0666,  0.0241, -0.0961,  0.0640,  0.1473,  0.1370, -0.0658],
       device='cuda:0', requires_grad=True)

Parameter name: linear_1.weight
Shape: torch.Size([32, 32])
Values: Parameter containing:
tensor([[ 0.0382, -0.1959, -0.0813,  ..., -0.1395, -0.0163,  0.2623],
        [-0.2361, -0.0446,  0.1039,  ..., -0.0699, -0.0033,  0.2709],
        [ 0.1650, -0.0196, -0.1758,  ...,  0.0827, -0.0235, -0.0684],
        ...,
        [ 0.1519,  0.1114,  0.0823,  ...,  0.2627, -0.2216,  0.0556],
        [-0.0531, -0.1735,  0.0759,  ...,  0.0028,  0.2487,  0.0861],
        [-0.0183, -0.1214,  0.2106,  ...,  0.0516,  0.1390,  0.1312]],
       device='cuda:0', requires_grad=True)

Parameter name: linear_1.bias
Shape: torch.Size([32])
Values: Parameter containing:
tensor([ 0.0869,  0.1225, -0.0353, -0.0548, -0.0311, -0.0353, -0.0325, -0.0624,
         0.1100, -0.1751,  0.1226, -0.1329,  0.1652, -0.0186, -0.1430,  0.1054,
        -0.1272, -0.1539,  0.0135, -0.0296,  0.0087,  0.1086, -0.1891,  0.2025,
        -0.0699, -0.0288,  0.0881, -0.0376, -0.1122, -0.0600,  0.1109,  0.0009],
       device='cuda:0', requires_grad=True)

Parameter name: linear_2.weight
Shape: torch.Size([1, 32])
Values: Parameter containing:
tensor([[ 0.5161,  0.4403, -0.5184, -0.5217,  0.3666,  0.3747, -0.4229,  0.4315,
          0.4316, -0.4543, -0.4444,  0.4054,  0.4275, -0.3684,  0.4485,  0.3968,
         -0.5263, -0.5175,  0.3945,  0.4116, -0.4794, -0.4524, -0.5160,  0.3515,
          0.4907,  0.5171, -0.4910,  0.5590, -0.4267, -0.5084,  0.4932,  0.5082]],
       device='cuda:0', requires_grad=True)

Parameter name: linear_2.bias
Shape: torch.Size([1])
Values: Parameter containing:
tensor([0.2380], device='cuda:0', requires_grad=True)

Parameter name: road_linear_0.weight
Shape: torch.Size([32, 16])
Values: Parameter containing:
tensor([[ 0.0099,  0.3633,  0.3232, -0.3164, -0.3124, -0.2016, -0.0915, -0.4763,
         -0.2525, -0.0884, -0.0290,  0.2474,  0.1063, -0.0267,  0.0265,  0.3715],
        [-0.2615, -0.3397, -0.1162, -0.0105,  0.0581,  0.2845,  0.1969,  0.2273,
          0.4531,  0.1532,  0.2877, -0.3104, -0.0204, -0.0813,  0.2620, -0.0838],
        [ 0.0912,  0.2507,  0.3947, -0.1107, -0.1703, -0.3813, -0.0819, -0.4962,
         -0.0310, -0.0864, -0.1408, -0.0067,  0.4352,  0.3700,  0.1381,  0.2671],
        [ 0.2867,  0.0756,  0.1036, -0.0734, -0.1435, -0.2393, -0.1916, -0.1747,
         -0.4895, -0.4286, -0.1232,  0.4239,  0.3100, -0.0706, -0.1296,  0.1642],
        [-0.1045,  0.0831, -0.1846, -0.0297,  0.2508,  0.1242,  0.0762,  0.3953,
          0.2048,  0.3178,  0.3233, -0.2129, -0.0731, -0.2819,  0.1960, -0.1604],
        [-0.0191,  0.1218, -0.3770,  0.4029,  0.4252,  0.0148,  0.2965,  0.0411,
          0.3144,  0.2370, -0.0902, -0.1392, -0.2719,  0.0858,  0.3119, -0.0848],
        [ 0.3856,  0.1194,  0.4258, -0.1872, -0.1359, -0.2525, -0.2161, -0.3111,
         -0.3198, -0.0501, -0.0575,  0.1164, -0.0338,  0.2724, -0.1902,  0.1636],
        [-0.0502,  0.2698,  0.3702, -0.3548, -0.3976, -0.3302, -0.1147, -0.3215,
         -0.2490, -0.2360, -0.1040,  0.0731,  0.2715, -0.0456,  0.0018,  0.3642],
        [ 0.0473,  0.3064,  0.3193, -0.2435, -0.1349, -0.3882, -0.2010, -0.1751,
         -0.0163, -0.3374, -0.2590,  0.1108, -0.0365,  0.2073, -0.2468,  0.1006],
        [-0.3009, -0.1091, -0.1164, -0.0141,  0.1646,  0.1994,  0.0880,  0.3164,
          0.3339,  0.0249,  0.3336, -0.0620, -0.2986, -0.1300,  0.0956, -0.2066],
        [-0.3725,  0.0445, -0.0854, -0.0320,  0.0534,  0.4733,  0.2727,  0.2048,
          0.4215,  0.2843,  0.1364, -0.0562, -0.1870,  0.0633, -0.0737, -0.3449],
        [-0.1393, -0.1624, -0.0432,  0.0906,  0.2554,  0.1633,  0.4071,  0.2293,
          0.2279,  0.3764,  0.2511,  0.0068, -0.4058, -0.2883, -0.0110, -0.2148],
        [ 0.3537,  0.2531,  0.1926, -0.1750, -0.2375, -0.0378, -0.1376, -0.4347,
         -0.4076, -0.1446, -0.1653,  0.1082, -0.0097,  0.2285, -0.1756,  0.0476],
        [ 0.2216,  0.3360,  0.3848, -0.0138, -0.3842, -0.0588, -0.0742, -0.1377,
         -0.2712, -0.1895, -0.2747,  0.1576,  0.1478,  0.1076, -0.2532,  0.2481],
        [-0.3881, -0.2997, -0.0847, -0.0422,  0.4464,  0.4480,  0.1323,  0.1895,
          0.0290,  0.2071,  0.1878, -0.3617, -0.1134, -0.1631, -0.0463, -0.1725],
        [-0.0586, -0.0679,  0.2199,  0.0888, -0.4366, -0.0850, -0.2401, -0.4153,
         -0.2878, -0.0945, -0.1287,  0.4810,  0.2041,  0.0319,  0.1540,  0.0836],
        [ 0.3296,  0.2720,  0.2187, -0.3567, -0.4424, -0.0802, -0.1395, -0.0751,
         -0.4298, -0.2157,  0.0970,  0.3447,  0.3900,  0.3361, -0.0722, -0.0138],
        [-0.3078, -0.0101, -0.2613,  0.1441,  0.2015,  0.3336,  0.3175,  0.3348,
          0.1961,  0.3077,  0.0013, -0.2891, -0.1847, -0.2720,  0.2111, -0.1869],
        [ 0.2298,  0.1201,  0.1549, -0.2690, -0.3148, -0.4108, -0.3191, -0.0547,
         -0.4783, -0.1251, -0.1111, -0.0263,  0.2602,  0.3215,  0.0908,  0.1913],
        [ 0.3878,  0.1378,  0.2909, -0.0915, -0.4035, -0.2757, -0.3956, -0.0516,
         -0.1163, -0.3046, -0.1510,  0.3066, -0.0306,  0.1641,  0.0927,  0.2110],
        [-0.1917,  0.0509, -0.0640, -0.0668,  0.3445, -0.0030,  0.3366,  0.4219,
          0.2267,  0.0962, -0.0061, -0.3153, -0.2151, -0.2493,  0.2978, -0.2658],
        [-0.0827, -0.3361, -0.0626,  0.3787,  0.0593,  0.1562,  0.2879,  0.0156,
          0.0840,  0.2887,  0.3829, -0.3099, -0.2206, -0.4095, -0.1742,  0.0489],
        [ 0.3786,  0.0348,  0.0709, -0.1666, -0.0685, -0.4329, -0.3300, -0.2892,
         -0.3082, -0.1825,  0.0641,  0.2573, -0.0659,  0.3688,  0.1866,  0.2335],
        [ 0.2692,  0.2038,  0.3565, -0.3749, -0.2921, -0.1969, -0.2108, -0.3374,
         -0.4088, -0.3454, -0.0987,  0.3835,  0.2710,  0.1883, -0.1503,  0.0381],
        [ 0.2233, -0.1076,  0.1906, -0.1227, -0.0251, -0.3026,  0.0027, -0.2521,
         -0.4295,  0.0239,  0.0705,  0.0580,  0.0880,  0.2950, -0.2277,  0.3506],
        [ 0.0535,  0.0330,  0.1053,  0.0800, -0.2941, -0.2475, -0.0496, -0.3919,
         -0.2133, -0.3775, -0.3600,  0.1526,  0.1988,  0.3647, -0.2872,  0.0915],
        [ 0.2352,  0.1990,  0.3186, -0.3528, -0.2463, -0.1353, -0.3941, -0.0846,
         -0.4415, -0.0214, -0.0432,  0.1344,  0.2449,  0.3498,  0.1825,  0.3095],
        [-0.3319, -0.0567, -0.0021,  0.2066,  0.3906,  0.0640,  0.4019,  0.2453,
          0.0084,  0.1324,  0.2969, -0.3237, -0.2429, -0.2555, -0.0901, -0.1261],
        [ 0.3179,  0.1670,  0.1563, -0.1353, -0.3748, -0.3258, -0.1801, -0.4090,
         -0.0765, -0.1373, -0.0064,  0.1911,  0.3165,  0.3656,  0.0709,  0.2798],
        [-0.2845,  0.0198, -0.3345,  0.2567, -0.0116,  0.1806,  0.3645,  0.3626,
          0.4102,  0.2568,  0.2395, -0.1246,  0.0247, -0.0008,  0.0626, -0.2396],
        [-0.3008, -0.1881, -0.0644,  0.0225,  0.2758,  0.4269,  0.4188,  0.0454,
          0.2898,  0.3517, -0.1261, -0.0649, -0.3316, -0.3289, -0.0760, -0.2612],
        [ 0.0697,  0.1800,  0.2720, -0.0502, -0.0735, -0.3588, -0.4416, -0.4484,
         -0.3754, -0.2944, -0.0359,  0.0433,  0.0123,  0.3211, -0.1750,  0.2059]],
       device='cuda:0', requires_grad=True)

Parameter name: road_linear_0.bias
Shape: torch.Size([32])
Values: Parameter containing:
tensor([-0.0554, -0.0105,  0.1068, -0.0374, -0.0567, -0.0891,  0.0731,  0.0812,
        -0.0203, -0.0561, -0.0044,  0.0599,  0.1456,  0.0785,  0.0207, -0.0511,
        -0.0519, -0.0040,  0.0901,  0.0053, -0.0407, -0.1380, -0.0302,  0.0006,
        -0.0074,  0.1598,  0.1180,  0.0209, -0.0661, -0.1403,  0.0318, -0.0444],
       device='cuda:0', requires_grad=True)

Parameter name: road_linear_1.weight
Shape: torch.Size([1, 32])
Values: Parameter containing:
tensor([[-0.2320,  0.3232, -0.2296, -0.2633,  0.3242,  0.3619, -0.2841, -0.3860,
         -0.3166,  0.3476,  0.2653,  0.3759, -0.2650, -0.4004,  0.3055, -0.2832,
         -0.3225,  0.3338, -0.2301, -0.2521,  0.4014,  0.3141, -0.3735, -0.3808,
         -0.3306, -0.3409, -0.3157,  0.3527, -0.3616,  0.3851,  0.2918, -0.2393]],
       device='cuda:0', requires_grad=True)

Parameter name: linear_0.weight
Shape: torch.Size([32, 39])
Values: Parameter containing:
tensor([[-0.0141, -0.0096,  0.0438,  ...,  0.2364, -0.3681, -0.1137],
        [-0.0870, -0.1929,  0.0878,  ...,  0.1480, -0.3483,  0.0871],
        [-0.0396,  0.1770,  0.0729,  ..., -0.0054,  0.2680,  0.0345],
        ...,
        [ 0.0252, -0.1916,  0.0427,  ...,  0.0662, -0.2936, -0.1180],
        [ 0.0517, -0.0483, -0.0197,  ..., -0.3045,  0.1537,  0.1557],
        [-0.2052,  0.0489,  0.0023,  ...,  0.0419, -0.2386, -0.0509]],
       device='cuda:0', requires_grad=True)

Parameter name: linear_0.bias
Shape: torch.Size([32])
Values: Parameter containing:
tensor([ 0.0571,  0.0577, -0.0882, -0.1188, -0.0572,  0.0527, -0.1279,  0.0612,
        -0.0492,  0.0820,  0.0314,  0.0091,  0.0256,  0.0732, -0.0783, -0.0172,
         0.0499, -0.1496, -0.0284, -0.0238, -0.0750,  0.0447,  0.0885, -0.0073,
        -0.0869,  0.0866,  0.0328, -0.0876,  0.0488,  0.1386,  0.1475, -0.1050],
       device='cuda:0', requires_grad=True)

Parameter name: linear_1.weight
Shape: torch.Size([32, 32])
Values: Parameter containing:
tensor([[ 0.0171, -0.1909, -0.0791,  ..., -0.1171, -0.0284,  0.0701],
        [-0.2666, -0.0450,  0.1167,  ..., -0.0492, -0.0076,  0.0580],
        [ 0.1848, -0.0290, -0.1774,  ...,  0.0548, -0.0079,  0.1677],
        ...,
        [ 0.1671,  0.0972,  0.0885,  ...,  0.2288, -0.1997,  0.2427],
        [-0.0797, -0.1645,  0.0787,  ...,  0.0317,  0.2357, -0.1660],
        [-0.0499, -0.1258,  0.2167,  ...,  0.0705,  0.1337, -0.0327]],
       device='cuda:0', requires_grad=True)

Parameter name: linear_1.bias
Shape: torch.Size([32])
Values: Parameter containing:
tensor([ 0.0830,  0.1208, -0.0222, -0.0582, -0.0350, -0.0631, -0.0253, -0.0603,
         0.0937, -0.1340,  0.1355, -0.1273,  0.1507,  0.0568, -0.1348,  0.0864,
        -0.1171, -0.1447,  0.0023, -0.0145,  0.0078,  0.1103, -0.1827,  0.1720,
        -0.0646, -0.0316,  0.0914, -0.0429, -0.1084, -0.0527,  0.0940,  0.0026],
       device='cuda:0', requires_grad=True)

Parameter name: linear_2.weight
Shape: torch.Size([1, 32])
Values: Parameter containing:
tensor([[ 0.5185,  0.4404, -0.5174, -0.5203,  0.3851,  0.3761, -0.4320,  0.4265,
          0.4515, -0.4556, -0.4156,  0.4118,  0.4106,  0.4209,  0.4495,  0.4029,
         -0.5188, -0.5243,  0.3885,  0.4141, -0.4738, -0.4521, -0.5182,  0.3790,
          0.5023,  0.5264, -0.5021,  0.5512, -0.4305, -0.5157,  0.4970,  0.5184]],
       device='cuda:0', requires_grad=True)

Parameter name: linear_2.bias
Shape: torch.Size([1])
Values: Parameter containing:
tensor([0.2370], device='cuda:0', requires_grad=True)

Parameter name: road_linear_0.weight
Shape: torch.Size([32, 16])
Values: Parameter containing:
tensor([[ 1.1733e-02,  7.0771e-02,  2.9907e-01, -3.3553e-01, -2.8089e-01,
         -1.5190e-01, -5.8911e-02, -4.4484e-01, -2.0116e-01, -6.0258e-02,
          1.7880e-01,  1.9940e-01,  6.3712e-02, -4.9487e-02, -1.7387e-01,
          3.7237e-01],
        [-2.6308e-01, -7.7116e-02, -1.0268e-01,  1.7593e-02,  4.0092e-02,
          2.4867e-01,  1.6742e-01,  2.0131e-01,  4.3526e-01,  1.4165e-01,
          6.7028e-02, -2.7597e-01, -1.1492e-02, -6.4460e-02,  4.5731e-01,
         -8.5931e-02],
        [ 8.9832e-02,  1.0504e-02,  3.7389e-01, -1.2940e-01, -1.3236e-01,
         -3.4135e-01, -4.0123e-02, -4.5370e-01,  1.4240e-02, -6.5018e-02,
         -8.3010e-02, -4.8557e-02,  4.0409e-01,  3.2885e-01, -4.8513e-02,
          2.6391e-01],
        [ 2.7292e-01, -5.3586e-02,  7.3674e-02, -8.7047e-02, -1.0421e-01,
         -1.8309e-01, -1.3979e-01, -1.2465e-01, -4.4095e-01, -3.9788e-01,
          3.1298e-02,  3.6394e-01,  2.9807e-01, -1.0985e-01, -2.8280e-01,
          1.4791e-01],
        [-1.0165e-01,  3.3448e-01, -1.6476e-01, -3.6355e-03,  2.2333e-01,
          8.1305e-02,  3.7752e-02,  3.5983e-01,  1.7338e-01,  3.0149e-01,
          6.5436e-02, -1.7088e-01, -5.6585e-02, -2.5424e-01,  3.7249e-01,
         -1.5916e-01],
        [-4.8764e-03,  3.1422e-01, -3.5060e-01,  4.1673e-01,  3.7146e-01,
         -4.1490e-02,  2.4854e-01, -7.1529e-03,  2.7442e-01,  2.1164e-01,
         -1.1289e-01, -9.1152e-02, -2.3506e-01,  1.1642e-01,  4.4020e-01,
         -7.5680e-02],
        [ 3.7477e-01, -7.3802e-03,  4.0080e-01, -2.0244e-01, -1.0899e-01,
         -2.0631e-01, -1.6971e-01, -2.6942e-01, -2.7644e-01, -2.8140e-02,
          3.9353e-03,  7.0408e-02, -5.9142e-02,  1.8943e-01, -3.5178e-01,
          1.5303e-01],
        [-5.9026e-02,  1.3724e-01,  3.5076e-01, -3.7133e-01, -3.8003e-01,
         -2.9580e-01, -8.1443e-02, -2.9492e-01, -2.2503e-01, -2.2278e-01,
         -5.9325e-02,  4.4183e-02,  2.5461e-01, -9.2220e-02, -1.3585e-01,
          3.5609e-01],
        [ 5.0934e-02,  2.4169e-02,  3.0757e-01, -2.7602e-01, -1.2098e-01,
         -3.5178e-01, -1.7264e-01, -1.5023e-01,  5.2634e-03, -3.2830e-01,
          1.4002e-02,  7.7095e-02, -4.4198e-02,  1.9440e-01, -4.3404e-01,
          1.0710e-01],
        [-3.0124e-01,  1.6351e-01, -1.0227e-01,  1.5195e-02,  1.3852e-01,
          1.5938e-01,  5.2691e-02,  2.8210e-01,  3.0503e-01,  1.2154e-02,
          1.0611e-01, -2.5430e-02, -2.8101e-01, -1.1205e-01,  2.7480e-01,
         -2.1052e-01],
        [-3.6509e-01,  2.1237e-01, -6.1210e-02, -1.3648e-02,  2.3187e-02,
          4.2542e-01,  2.3356e-01,  1.6498e-01,  3.8534e-01,  2.6081e-01,
          3.3175e-03, -8.9255e-03, -2.1560e-01,  7.8033e-02,  8.4005e-02,
         -3.3722e-01],
        [-1.2900e-01,  1.7581e-02, -1.8793e-02,  1.1061e-01,  2.1242e-01,
          1.1792e-01,  3.5382e-01,  1.7799e-01,  1.8305e-01,  3.5238e-01,
          8.7900e-02,  5.7351e-02, -4.2177e-01, -2.4470e-01,  1.3174e-01,
         -2.0549e-01],
        [ 3.4791e-01, -8.4715e-04,  1.6322e-01, -1.9836e-01, -1.9084e-01,
          2.0347e-02, -9.1348e-02, -3.8534e-01, -3.6877e-01, -1.1616e-01,
         -9.3093e-02,  5.4076e-02, -1.1856e-02,  2.1091e-01, -3.9014e-01,
          4.0812e-02],
        [ 2.1686e-01,  1.1147e-01,  3.6788e-01, -3.5731e-02, -3.6030e-01,
         -2.3357e-02, -3.7930e-02, -1.0617e-01, -2.4992e-01, -1.7548e-01,
         -1.0672e-01,  1.2316e-01,  1.3302e-01,  7.1301e-02, -4.2805e-01,
          2.4456e-01],
        [-3.8675e-01, -6.5178e-02, -6.8824e-02, -1.7377e-02,  4.3307e-01,
          4.1517e-01,  1.0223e-01,  1.6571e-01,  6.4440e-03,  1.9589e-01,
          3.3422e-02, -3.2984e-01, -1.0843e-01, -1.4059e-01,  1.5054e-01,
         -1.7102e-01],
        [-3.4935e-02, -3.9831e-01,  2.0373e-01,  3.2381e-02, -4.4076e-01,
         -2.5950e-02, -2.0191e-01, -3.9896e-01, -2.6791e-01, -7.6446e-02,
         -4.9997e-02,  4.4547e-01,  1.9071e-01, -1.4518e-02, -8.9823e-02,
          1.0368e-01],
        [ 3.1813e-01,  1.0103e-01,  1.9464e-01, -3.7097e-01, -3.8667e-01,
         -3.1910e-02, -8.6897e-02, -2.4250e-02, -3.9626e-01, -1.9055e-01,
          1.9586e-01,  2.9444e-01,  3.5252e-01,  2.7404e-01, -1.9127e-01,
         -2.7069e-02],
        [-2.9125e-01,  1.1688e-01, -2.3259e-01,  1.5327e-01,  1.4924e-01,
          2.8681e-01,  2.6609e-01,  2.8748e-01,  1.5133e-01,  2.8376e-01,
         -5.2711e-02, -2.4272e-01, -1.4928e-01, -1.9762e-01,  2.8392e-01,
         -1.7022e-01],
        [ 2.3868e-01, -8.5306e-02,  1.4557e-01, -2.9785e-01, -2.4544e-01,
         -3.7608e-01, -2.7578e-01, -6.4826e-03, -4.2885e-01, -1.1322e-01,
          1.7700e-02, -6.8105e-02,  2.0491e-01,  2.6105e-01, -6.0339e-02,
          1.9759e-01],
        [ 3.8011e-01, -5.9758e-02,  2.6486e-01, -1.1103e-01, -3.7694e-01,
         -2.3215e-01, -3.5291e-01, -1.5483e-02, -8.1402e-02, -2.8205e-01,
          9.3517e-02,  2.5965e-01, -3.6264e-02,  1.2304e-01, -9.8438e-02,
          2.0070e-01],
        [-1.7799e-01,  2.3784e-01, -3.7306e-02, -5.5299e-02,  3.0059e-01,
         -4.6906e-02,  2.9376e-01,  3.8216e-01,  1.9413e-01,  7.4046e-02,
         -1.0947e-01, -2.7376e-01, -1.9597e-01, -2.0708e-01,  4.1616e-01,
         -2.5382e-01],
        [-9.4923e-02,  6.7920e-03, -5.8195e-02,  4.1916e-01,  5.9875e-02,
          1.2640e-01,  2.6563e-01,  4.1299e-05,  7.5301e-02,  2.8823e-01,
          2.1258e-01, -2.9361e-01, -2.2054e-01, -3.9817e-01, -2.5549e-03,
          3.9607e-02],
        [ 3.7248e-01, -1.4819e-01,  5.1491e-02, -1.8675e-01, -4.3982e-02,
         -3.9810e-01, -2.9298e-01, -2.6173e-01, -2.8249e-01, -1.6862e-01,
          2.0798e-01,  2.2516e-01, -6.7555e-02,  3.2689e-01,  3.2854e-02,
          2.2561e-01],
        [ 2.5286e-01,  1.1683e-01,  3.3024e-01, -3.8374e-01, -2.2823e-01,
         -1.5427e-01, -1.6075e-01, -2.9096e-01, -3.6960e-01, -3.2059e-01,
          1.9092e-02,  3.4199e-01,  2.6531e-01,  1.2557e-01, -2.2182e-01,
          1.7020e-02],
        [ 2.1722e-01, -3.6468e-01,  1.7073e-01, -1.4825e-01,  1.2058e-02,
         -2.5110e-01,  4.8594e-02, -2.0362e-01, -3.8651e-01,  4.4075e-02,
          1.9758e-01,  9.3592e-03,  6.0012e-02,  2.7264e-01, -4.0207e-01,
          3.5092e-01],
        [ 4.7018e-02, -1.7618e-01,  8.4220e-02,  6.2151e-02, -2.5871e-01,
         -2.1102e-01, -2.0003e-02, -3.5963e-01, -1.8714e-01, -3.6167e-01,
         -2.6629e-01,  1.1785e-01,  1.9727e-01,  3.4018e-01, -4.6149e-01,
          8.4794e-02],
        [ 2.2442e-01, -4.5806e-03,  2.9159e-01, -3.6644e-01, -2.1141e-01,
         -9.7196e-02, -3.4574e-01, -4.9921e-02, -4.0593e-01, -6.9975e-04,
          4.8626e-02,  9.3007e-02,  2.3304e-01,  2.7469e-01,  4.2565e-02,
          2.9355e-01],
        [-3.2963e-01,  1.6382e-01,  1.6387e-02,  2.3224e-01,  3.5896e-01,
          2.3512e-02,  3.5722e-01,  2.0515e-01, -2.9488e-02,  1.1560e-01,
          7.2107e-02, -2.8065e-01, -2.3292e-01, -2.1633e-01,  6.7308e-02,
         -1.2386e-01],
        [ 3.0417e-01,  5.0241e-02,  1.2864e-01, -1.4822e-01, -3.2728e-01,
         -2.8339e-01, -1.3478e-01, -3.6492e-01, -3.8770e-02, -1.1303e-01,
          1.1242e-01,  1.4445e-01,  3.5650e-01,  3.2571e-01, -4.4101e-02,
          2.6389e-01],
        [-2.7362e-01,  1.5376e-01, -3.1249e-01,  2.7144e-01, -3.6042e-02,
          1.4472e-01,  3.2547e-01,  3.3093e-01,  3.7975e-01,  2.4050e-01,
          1.4676e-01, -9.2427e-02,  4.2573e-02,  4.9503e-02,  1.9989e-01,
         -2.2864e-01],
        [-2.8886e-01,  1.1052e-02, -3.7118e-02,  3.7253e-02,  2.3578e-01,
          3.7955e-01,  3.7150e-01,  4.4163e-03,  2.5251e-01,  3.2825e-01,
         -2.3115e-01, -1.5545e-02, -3.1535e-01, -2.8202e-01,  7.1348e-02,
         -2.4771e-01],
        [ 6.3761e-02, -9.7358e-03,  2.4732e-01, -7.0335e-02, -3.5980e-02,
         -3.1325e-01, -3.8950e-01, -3.9206e-01, -3.2483e-01, -2.6998e-01,
          9.5310e-02, -1.2212e-02, -3.1442e-02,  2.3287e-01, -3.3512e-01,
          1.9924e-01]], device='cuda:0', requires_grad=True)

Parameter name: road_linear_0.bias
Shape: torch.Size([32])
Values: Parameter containing:
tensor([-0.0630, -0.0610,  0.1160, -0.0755, -0.0525, -0.0276,  0.0850,  0.1360,
        -0.0461, -0.0657,  0.0254,  0.0689,  0.1930,  0.1087, -0.0570,  0.1007,
        -0.1509, -0.0047,  0.0228,  0.0010, -0.0200, -0.1099, -0.0597, -0.0248,
        -0.1592,  0.2591,  0.1040,  0.0256, -0.0847, -0.2277,  0.1621, -0.0295],
       device='cuda:0', requires_grad=True)

Parameter name: road_linear_1.weight
Shape: torch.Size([1, 32])
Values: Parameter containing:
tensor([[-0.2511,  0.3380, -0.2458, -0.2599,  0.3405,  0.3817, -0.2979, -0.3831,
         -0.3322,  0.3844,  0.2644,  0.3917, -0.2842, -0.4231,  0.3213, -0.3116,
         -0.3275,  0.3287, -0.2379, -0.2576,  0.4194,  0.3401, -0.3740, -0.3760,
         -0.3810, -0.3581, -0.3202,  0.3658, -0.3482,  0.3863,  0.2900, -0.2396]],
       device='cuda:0', requires_grad=True)

Parameter name: linear_0.weight
Shape: torch.Size([32, 39])
Values: Parameter containing:
tensor([[-0.0538,  0.1284,  0.0575,  ...,  0.2200, -0.3276, -0.1137],
        [-0.1227, -0.0298,  0.1171,  ...,  0.1552, -0.3286,  0.0871],
        [ 0.0124, -0.0591,  0.0185,  ...,  0.0282,  0.2309,  0.0345],
        ...,
        [-0.0046,  0.0343,  0.0579,  ...,  0.0847, -0.3169, -0.1180],
        [ 0.0991, -0.2292, -0.0536,  ..., -0.3281,  0.1507,  0.1557],
        [-0.2185,  0.1712,  0.0377,  ...,  0.0978, -0.2760, -0.0509]],
       device='cuda:0', requires_grad=True)

Parameter name: linear_0.bias
Shape: torch.Size([32])
Values: Parameter containing:
tensor([ 0.0411,  0.0407, -0.0664, -0.1340, -0.0721,  0.0601, -0.1103,  0.0454,
        -0.0384,  0.0798,  0.0172,  0.0118,  0.0301,  0.0790, -0.0526, -0.0184,
         0.0584, -0.1553,  0.0025,  0.0281, -0.0497,  0.0325,  0.1092,  0.0059,
        -0.0937,  0.1046,  0.0473, -0.0940,  0.0537,  0.1392,  0.1672, -0.1230],
       device='cuda:0', requires_grad=True)

Parameter name: linear_1.weight
Shape: torch.Size([32, 32])
Values: Parameter containing:
tensor([[ 0.0774, -0.1805, -0.1181,  ..., -0.1307, -0.0177,  0.0753],
        [-0.2030, -0.0363,  0.0821,  ..., -0.0637,  0.0057,  0.0499],
        [ 0.1346, -0.0270, -0.1568,  ...,  0.0822, -0.0250,  0.1869],
        ...,
        [ 0.1149,  0.0935,  0.1227,  ...,  0.2523, -0.2232,  0.2452],
        [-0.0036, -0.1479,  0.0362,  ...,  0.0178,  0.2346, -0.1668],
        [-0.0007, -0.1334,  0.1966,  ...,  0.0364,  0.1622, -0.0499]],
       device='cuda:0', requires_grad=True)

Parameter name: linear_1.bias
Shape: torch.Size([32])
Values: Parameter containing:
tensor([ 0.1027,  0.1470, -0.0579, -0.0830, -0.0006, -0.0434, -0.0573, -0.0442,
         0.1235, -0.1689,  0.1275, -0.1174,  0.1717,  0.0867, -0.1233,  0.1244,
        -0.1387, -0.1723, -0.0582, -0.0036, -0.0022,  0.0855, -0.2098,  0.2127,
        -0.0462, -0.0048,  0.0750, -0.0291, -0.1355, -0.0725,  0.1198,  0.0415],
       device='cuda:0', requires_grad=True)

Parameter name: linear_2.weight
Shape: torch.Size([1, 32])
Values: Parameter containing:
tensor([[ 0.4558,  0.3755, -0.4599, -0.4500,  0.3274,  0.3098, -0.3732,  0.3453,
          0.3752, -0.3977, -0.3444,  0.3610,  0.3445,  0.3241,  0.3880,  0.3824,
         -0.4515, -0.4646, -0.3185,  0.3642, -0.4088, -0.3870, -0.4610,  0.3078,
          0.4309,  0.4658, -0.4492,  0.4541, -0.3750, -0.4528,  0.4368,  0.4622]],
       device='cuda:0', requires_grad=True)

Parameter name: linear_2.bias
Shape: torch.Size([1])
Values: Parameter containing:
tensor([0.2182], device='cuda:0', requires_grad=True)

Parameter name: road_linear_0.weight
Shape: torch.Size([32, 16])
Values: Parameter containing:
tensor([[-6.9353e-03,  3.5728e-01,  2.8886e-01, -3.0412e-01, -2.7669e-01,
         -1.3106e-01, -4.0335e-02, -4.3791e-01, -2.0180e-01, -4.0296e-02,
          1.4727e-01,  1.7866e-01,  4.5803e-02, -6.1571e-02, -1.6539e-01,
          3.4877e-01],
        [-2.4559e-01, -3.4765e-01, -8.8208e-02, -7.5644e-03,  3.0619e-02,
          2.3377e-01,  1.5676e-01,  1.9062e-01,  4.2369e-01,  1.2556e-01,
          7.9164e-02, -2.5722e-01,  1.5479e-03, -5.4508e-02,  4.4791e-01,
         -6.5420e-02],
        [ 7.1098e-02,  2.4467e-01,  3.5967e-01, -1.0373e-01, -1.3340e-01,
         -3.2842e-01, -3.1143e-02, -4.5211e-01,  1.4214e-02, -4.8106e-02,
         -9.2890e-02, -6.5008e-02,  3.9543e-01,  3.2518e-01, -4.3499e-02,
          2.4335e-01],
        [ 2.5823e-01,  7.1130e-02,  6.4997e-02, -6.7190e-02, -1.0392e-01,
         -1.7336e-01, -1.3590e-01, -1.1891e-01, -4.3974e-01, -3.8624e-01,
          2.0146e-02,  3.5194e-01,  2.9207e-01, -1.1077e-01, -2.8505e-01,
          1.2983e-01],
        [-9.7187e-02,  8.3198e-02, -1.6144e-01, -2.0595e-02,  2.4033e-01,
          7.5521e-02,  4.3333e-02,  3.7339e-01,  1.8605e-01,  2.9479e-01,
          9.7034e-02, -1.6616e-01, -6.5634e-02, -2.6424e-01,  3.9566e-01,
         -1.4752e-01],
        [-6.3171e-04,  1.2293e-01, -3.4903e-01,  4.0391e-01,  3.8402e-01,
         -4.0113e-02,  2.5188e-01, -4.4206e-03,  2.7906e-01,  2.0741e-01,
         -1.1142e-01, -8.7150e-02, -2.4712e-01,  1.1001e-01,  4.8660e-01,
         -6.7454e-02],
        [ 3.5824e-01,  1.2470e-01,  3.8885e-01, -1.8048e-01, -1.0490e-01,
         -1.9739e-01, -1.6402e-01, -2.6047e-01, -2.6350e-01, -1.5223e-02,
         -2.0282e-03,  5.6440e-02, -6.6375e-02,  1.8612e-01, -3.5430e-01,
          1.3526e-01],
        [-7.5798e-02,  2.7597e-01,  3.3792e-01, -3.4864e-01, -3.6361e-01,
         -2.8577e-01, -7.1546e-02, -2.8012e-01, -2.1025e-01, -2.0929e-01,
         -7.5505e-02,  2.7229e-02,  2.4386e-01, -9.8251e-02, -1.2694e-01,
          3.3969e-01],
        [ 3.5227e-02,  3.2080e-01,  2.9487e-01, -2.5321e-01, -1.0863e-01,
         -3.3905e-01, -1.6318e-01, -1.3840e-01,  1.3400e-02, -3.1363e-01,
          2.5401e-03,  6.0757e-02, -5.4211e-02,  1.8678e-01, -4.2789e-01,
          8.7130e-02],
        [-2.9326e-01, -1.1422e-01, -9.5583e-02, -3.3791e-03,  1.4479e-01,
          1.5164e-01,  5.2008e-02,  2.8656e-01,  3.0917e-01,  3.1733e-03,
          1.3591e-01, -1.6254e-02, -2.8238e-01, -1.1333e-01,  2.8521e-01,
         -1.9727e-01],
        [-3.5688e-01,  4.3403e-02, -5.7187e-02, -2.6877e-02,  3.0670e-02,
          4.1994e-01,  2.3272e-01,  1.6769e-01,  3.9120e-01,  2.5377e-01,
         -7.6128e-04, -3.0368e-03, -2.1185e-01,  7.1358e-02,  1.0152e-01,
         -3.2449e-01],
        [-1.1772e-01, -1.5467e-01, -1.0800e-02,  9.2425e-02,  2.0894e-01,
          1.0716e-01,  3.5279e-01,  1.7768e-01,  1.8034e-01,  3.4296e-01,
          1.1324e-01,  6.7437e-02, -4.1449e-01, -2.5020e-01,  1.3088e-01,
         -1.9088e-01],
        [ 3.3053e-01,  2.5025e-01,  1.5002e-01, -1.7026e-01, -2.0062e-01,
          3.8420e-02, -8.3600e-02, -3.8884e-01, -3.6989e-01, -9.8439e-02,
         -1.0439e-01,  3.5061e-02, -2.1549e-02,  2.0539e-01, -3.9027e-01,
          2.0175e-02],
        [ 2.0017e-01,  3.4165e-01,  3.5325e-01, -1.3234e-02, -3.4893e-01,
         -1.0566e-02, -2.9903e-02, -9.4787e-02, -2.3522e-01, -1.6072e-01,
         -1.1569e-01,  1.0667e-01,  1.2180e-01,  6.4692e-02, -4.2020e-01,
          2.2622e-01],
        [-3.7113e-01, -3.0866e-01, -5.6534e-02, -3.9499e-02,  4.2423e-01,
          4.0306e-01,  9.4068e-02,  1.5566e-01, -1.7043e-03,  1.8198e-01,
          4.2970e-02, -3.1416e-01, -9.8282e-02, -1.3471e-01,  1.4121e-01,
         -1.5298e-01],
        [-3.0554e-01, -2.3191e-01,  8.6008e-03,  2.6390e-01,  1.4222e-01,
          1.8078e-01,  1.0432e-01,  7.7572e-02,  1.7008e-01,  1.3786e-01,
          5.1701e-02,  1.4124e-01, -1.5249e-01, -3.0335e-01,  5.8797e-01,
         -9.4969e-02],
        [ 3.0071e-01,  2.4196e-01,  1.8418e-01, -3.4948e-01, -3.7804e-01,
         -2.0150e-02, -8.1497e-02, -8.5537e-03, -3.8514e-01, -1.7787e-01,
          1.7150e-01,  2.7985e-01,  3.3908e-01,  2.7492e-01, -1.7200e-01,
         -4.5003e-02],
        [-2.7650e-01,  3.8275e-02, -2.2298e-01,  1.3222e-01,  1.4549e-01,
          2.8089e-01,  2.6257e-01,  2.7897e-01,  1.4391e-01,  2.7308e-01,
         -4.5319e-02, -2.3013e-01, -1.4861e-01, -1.9308e-01,  2.8601e-01,
         -1.5394e-01],
        [ 2.2215e-01,  1.1842e-01,  1.3632e-01, -2.7531e-01, -2.4713e-01,
         -3.6522e-01, -2.7142e-01, -3.9729e-03, -4.3288e-01, -9.9474e-02,
          1.7410e-02, -8.1036e-02,  1.9811e-01,  2.6144e-01, -5.3499e-02,
          1.7654e-01],
        [ 3.6640e-01,  1.4358e-01,  2.5724e-01, -9.2604e-02, -3.7443e-01,
         -2.2151e-01, -3.5158e-01, -8.8138e-03, -8.0176e-02, -2.7096e-01,
          8.3633e-02,  2.4897e-01, -4.2875e-02,  1.2917e-01, -9.6057e-02,
          1.8260e-01],
        [-1.6915e-01,  6.1564e-02, -3.0475e-02, -7.2250e-02,  3.0640e-01,
         -5.1891e-02,  2.9545e-01,  3.8316e-01,  1.9333e-01,  6.6358e-02,
         -8.6056e-02, -2.6541e-01, -2.0064e-01, -2.1417e-01,  4.4978e-01,
         -2.4240e-01],
        [-8.4727e-02, -3.4113e-01, -5.2664e-02,  3.9956e-01,  4.8097e-02,
          1.1824e-01,  2.6214e-01, -6.8468e-03,  7.2705e-02,  2.7814e-01,
          2.3189e-01, -2.7997e-01, -2.1640e-01, -3.9802e-01, -3.5610e-03,
          5.3489e-02],
        [ 3.6312e-01,  2.5161e-02,  4.6240e-02, -1.7117e-01, -4.3070e-02,
         -3.9258e-01, -2.9450e-01, -2.5756e-01, -2.8104e-01, -1.6191e-01,
          1.8393e-01,  2.1798e-01, -6.8285e-02,  3.3076e-01,  3.5463e-02,
          2.1342e-01],
        [ 2.3244e-01,  1.8115e-01,  3.1722e-01, -3.5881e-01, -2.1222e-01,
         -1.4179e-01, -1.5194e-01, -2.6906e-01, -3.5379e-01, -3.0635e-01,
          4.3209e-03,  3.2276e-01,  2.5109e-01,  1.1945e-01, -1.9579e-01,
         -1.4568e-03],
        [ 2.1536e-01, -9.3057e-02,  1.7056e-01, -1.3662e-01, -3.6058e-04,
         -2.5015e-01,  4.3237e-02, -2.1208e-01, -3.9573e-01,  4.6812e-02,
          1.9498e-01,  8.0252e-03,  6.8666e-02,  2.8303e-01, -4.2105e-01,
          3.4439e-01],
        [ 3.5589e-02,  4.2424e-02,  7.4308e-02,  8.0953e-02, -2.6262e-01,
         -2.0305e-01, -1.3813e-02, -3.6022e-01, -1.8531e-01, -3.5118e-01,
         -2.8308e-01,  1.0614e-01,  1.9532e-01,  3.4119e-01, -4.8088e-01,
          7.1343e-02],
        [ 2.0904e-01,  1.6915e-01,  2.8217e-01, -3.4697e-01, -2.0406e-01,
         -8.6239e-02, -3.4475e-01, -3.8672e-02, -3.9817e-01,  1.0330e-02,
          2.7745e-02,  8.1374e-02,  2.2349e-01,  2.8510e-01,  5.0145e-02,
          2.7783e-01],
        [-3.2280e-01, -5.4790e-02,  1.9516e-02,  2.1621e-01,  3.6450e-01,
          1.6127e-02,  3.6053e-01,  2.0971e-01, -2.4817e-02,  1.0960e-01,
          9.9432e-02, -2.7447e-01, -2.3379e-01, -2.2921e-01,  8.1193e-02,
         -1.1237e-01],
        [ 2.8837e-01,  1.5987e-01,  1.1781e-01, -1.2841e-01, -3.1962e-01,
         -2.7052e-01, -1.3089e-01, -3.5436e-01, -3.0179e-02, -1.0110e-01,
          9.0688e-02,  1.3096e-01,  3.4481e-01,  3.2671e-01, -3.4792e-02,
          2.4784e-01],
        [-2.6237e-01,  1.6552e-02, -3.0463e-01,  2.5355e-01, -3.8640e-02,
          1.3948e-01,  3.2439e-01,  3.2631e-01,  3.7480e-01,  2.3226e-01,
          1.5589e-01, -8.2579e-02,  4.2714e-02,  4.6008e-02,  2.0988e-01,
         -2.1597e-01],
        [-2.7482e-01, -1.6693e-01, -2.8968e-02,  1.8445e-02,  2.3035e-01,
          3.7072e-01,  3.6888e-01, -6.0672e-03,  2.4841e-01,  3.1739e-01,
         -2.1489e-01, -4.7428e-03, -3.0950e-01, -2.8188e-01,  5.9638e-02,
         -2.3057e-01],
        [ 4.3490e-02,  1.3954e-01,  2.3403e-01, -4.3421e-02, -3.1376e-02,
         -2.9946e-01, -3.8335e-01, -3.9001e-01, -3.2295e-01, -2.5406e-01,
          8.5039e-02, -2.7609e-02, -4.2817e-02,  2.2742e-01, -3.2049e-01,
          1.7613e-01]], device='cuda:0', requires_grad=True)

Parameter name: road_linear_0.bias
Shape: torch.Size([32])
Values: Parameter containing:
tensor([-0.0921, -0.0267,  0.1093, -0.0830, -0.0436, -0.0217,  0.0814,  0.1304,
        -0.0609, -0.0419,  0.0131,  0.0948,  0.1549,  0.0860, -0.0316, -0.0475,
        -0.1794,  0.0045,  0.0063, -0.0168, -0.0105, -0.0831, -0.0742, -0.0411,
        -0.1371,  0.2573,  0.0814,  0.0483, -0.1060, -0.2225,  0.1879, -0.0490],
       device='cuda:0', requires_grad=True)

Parameter name: road_linear_1.weight
Shape: torch.Size([1, 32])
Values: Parameter containing:
tensor([[-0.2553,  0.3399, -0.2483, -0.2674,  0.3661,  0.3996, -0.3032, -0.3823,
         -0.3481,  0.3928,  0.2742,  0.3921, -0.2957, -0.4292,  0.3221,  0.3037,
         -0.3285,  0.3332, -0.2413, -0.2601,  0.4264,  0.3388, -0.3776, -0.3768,
         -0.4120, -0.3686, -0.3214,  0.3688, -0.3516,  0.3899,  0.2940, -0.2450]],
       device='cuda:0', requires_grad=True)

Parameter name: linear_0.weight
Shape: torch.Size([32, 39])
Values: Parameter containing:
tensor([[-0.0169,  0.1036,  0.0776,  ...,  0.1582, -0.2607, -0.1137],
        [-0.1141, -0.0398,  0.1176,  ...,  0.1309, -0.3107,  0.0871],
        [-0.0021, -0.0405,  0.0317,  ...,  0.0272,  0.2298,  0.0345],
        ...,
        [ 0.0068,  0.0221,  0.0545,  ...,  0.0662, -0.3098, -0.1180],
        [ 0.0937, -0.2209, -0.0536,  ..., -0.3024,  0.1376,  0.1557],
        [-0.1977,  0.1630,  0.0394,  ...,  0.0659, -0.2690, -0.0509]],
       device='cuda:0', requires_grad=True)

Parameter name: linear_0.bias
Shape: torch.Size([32])
Values: Parameter containing:
tensor([ 0.0469,  0.0415, -0.0710, -0.1351, -0.0727,  0.0516, -0.1114,  0.0503,
        -0.0402,  0.0784,  0.0233,  0.0117,  0.0251,  0.0746, -0.0520, -0.0201,
         0.0578, -0.1576, -0.0611,  0.0360, -0.0554,  0.0306,  0.1055,  0.0060,
        -0.0888,  0.0538,  0.0428, -0.1123,  0.0545,  0.1431,  0.1667, -0.1263],
       device='cuda:0', requires_grad=True)

Parameter name: linear_1.weight
Shape: torch.Size([32, 32])
Values: Parameter containing:
tensor([[ 0.0646, -0.1801, -0.1081,  ..., -0.1212, -0.0251,  0.0748],
        [-0.2143, -0.0359,  0.1046,  ..., -0.0507, -0.0085,  0.0483],
        [ 0.1398, -0.0301, -0.1650,  ...,  0.0667, -0.0104,  0.1821],
        ...,
        [ 0.1124,  0.0783,  0.1244,  ...,  0.2330, -0.2028,  0.2309],
        [-0.0102, -0.1479,  0.0494,  ...,  0.0371,  0.2186, -0.1667],
        [-0.0013, -0.1228,  0.1948,  ...,  0.0584,  0.1420, -0.0372]],
       device='cuda:0', requires_grad=True)

Parameter name: linear_1.bias
Shape: torch.Size([32])
Values: Parameter containing:
tensor([ 0.1057,  0.1585, -0.0584, -0.0817, -0.0071, -0.0421, -0.0562, -0.0439,
         0.1329, -0.1764,  0.1144, -0.1298,  0.1905,  0.1020, -0.1276,  0.1320,
        -0.1372, -0.1710,  0.0429, -0.0121, -0.0049,  0.0878, -0.1986,  0.2337,
        -0.0442, -0.0082,  0.0781, -0.0276, -0.1338, -0.0680,  0.1259,  0.0349],
       device='cuda:0', requires_grad=True)

Parameter name: linear_2.weight
Shape: torch.Size([1, 32])
Values: Parameter containing:
tensor([[ 0.4788,  0.4040, -0.4805, -0.4578,  0.3427,  0.3458, -0.3908,  0.3573,
          0.3794, -0.4233, -0.3709,  0.3675,  0.3641,  0.3531,  0.3989,  0.4099,
         -0.4650, -0.4775,  0.3279,  0.3755, -0.4259, -0.4058, -0.4740,  0.3226,
          0.4500,  0.4776, -0.4599,  0.4689, -0.3905, -0.4645,  0.4547,  0.4703]],
       device='cuda:0', requires_grad=True)

Parameter name: linear_2.bias
Shape: torch.Size([1])
Values: Parameter containing:
tensor([0.2291], device='cuda:0', requires_grad=True)

