Parameter name: road_linear_0.weight
Shape: torch.Size([32, 16])
Values: Parameter containing:
tensor([[-2.9505e-01,  4.6262e-01,  6.2196e-02, -5.0098e-02,  2.5627e-01,
          1.6183e-01,  3.6451e-01,  5.9996e-02,  2.9760e-01,  1.9228e-01,
          3.3904e-02, -2.1866e-01, -3.9561e-01, -3.2362e-01,  3.4923e-01,
          9.9841e-02],
        [-1.8130e-01, -6.0935e-02, -1.9107e-02, -5.7098e-02,  6.0509e-02,
          2.2588e-01,  1.4834e-01,  2.0784e-01,  4.8095e-01,  4.4026e-02,
          1.1443e-01, -2.8319e-01, -1.5921e-02,  1.7681e-02,  4.9941e-01,
         -1.0297e-02],
        [ 4.5300e-02, -1.2047e-01,  3.0942e-01, -8.6752e-02, -1.8879e-01,
         -3.1518e-01, -9.9810e-02, -5.0846e-01, -9.1749e-02, -3.7146e-03,
          9.1848e-02,  1.7641e-02,  5.0030e-01,  2.7399e-01, -4.0620e-02,
          2.1871e-01],
        [ 1.7175e-01, -2.4278e-01, -2.6993e-02, -2.0775e-03, -1.1518e-01,
         -1.5541e-01, -1.2301e-01, -1.3759e-01, -4.8452e-01, -2.9586e-01,
          5.2981e-03,  3.7652e-01,  3.2930e-01, -2.1095e-01, -2.8654e-01,
          5.7474e-02],
        [-4.3676e-02,  4.0856e-01, -8.8939e-02, -7.0444e-02,  2.6471e-01,
          5.7906e-02,  6.8534e-02,  4.0088e-01,  2.5189e-01,  2.1405e-01,
          1.1074e-01, -2.0912e-01, -1.1203e-01, -1.9128e-01,  3.8796e-01,
         -1.0257e-01],
        [ 1.5550e-03,  4.4449e-01, -2.9187e-01,  3.6066e-01,  4.2583e-01,
         -5.1147e-02,  3.1072e-01,  4.9005e-02,  3.5086e-01,  1.4859e-01,
         -3.0826e-01, -1.4289e-01, -3.2125e-01,  1.6249e-01,  4.4208e-01,
         -4.4214e-02],
        [ 2.9722e-01, -9.6286e-02,  3.1013e-01, -1.2382e-01, -1.4221e-01,
         -1.7618e-01, -1.9165e-01, -3.0585e-01, -3.5707e-01,  6.7896e-02,
          7.4820e-02,  1.0395e-01,  9.2444e-03,  1.5169e-01, -3.9041e-01,
          7.8679e-02],
        [-1.3056e-01,  3.3357e-02,  2.6268e-01, -2.9275e-01, -4.2921e-01,
         -2.6454e-01, -1.0468e-01, -3.4236e-01, -3.0580e-01, -1.2618e-01,
          2.7651e-02,  8.4105e-02,  3.2815e-01, -1.5917e-01, -1.9133e-01,
          2.8042e-01],
        [-1.9719e-02, -1.1401e-02,  2.3199e-01, -2.0761e-01, -1.8139e-01,
         -3.2136e-01, -1.7383e-01, -1.8782e-01, -8.0961e-02, -2.3560e-01,
         -8.6442e-02,  1.2229e-01, -7.7652e-03,  1.1912e-01, -4.9632e-01,
          3.8255e-02],
        [-2.3504e-01,  2.0774e-01, -2.5292e-02, -5.3057e-02,  1.7584e-01,
          1.3525e-01,  6.2426e-02,  3.1663e-01,  3.8215e-01, -7.7773e-02,
          1.3336e-01, -5.8402e-02, -3.2184e-01, -3.8880e-02,  3.1216e-01,
         -1.4600e-01],
        [-2.9865e-01,  4.2682e-01,  1.8895e-02, -7.9364e-02,  6.7957e-02,
          3.8704e-01,  2.6597e-01,  2.0627e-01,  4.7934e-01,  1.7606e-01,
         -4.0902e-02, -5.3909e-02, -2.7564e-01,  1.6519e-01,  1.0137e-01,
         -2.7301e-01],
        [-4.7325e-02,  1.5405e-01,  7.1100e-02,  2.8572e-02,  2.6353e-01,
          8.0825e-02,  3.5263e-01,  2.2187e-01,  2.7078e-01,  2.5454e-01,
          1.8662e-01,  1.9412e-02, -4.6919e-01, -1.7281e-01,  1.9463e-01,
         -1.2754e-01],
        [ 3.1515e-01, -1.3582e-01,  1.0735e-01, -1.5178e-01, -2.3518e-01,
          2.1669e-02, -1.4958e-01, -4.3140e-01, -4.6721e-01, -5.9237e-02,
          8.9289e-02,  1.1970e-01,  6.6056e-02,  1.6072e-01, -3.6302e-01,
          1.0686e-02],
        [ 1.4119e-01,  7.3778e-02,  2.8164e-01,  4.0155e-02, -4.0360e-01,
          1.4952e-03, -4.5363e-02, -1.4402e-01, -3.3335e-01, -7.9987e-02,
         -1.0539e-01,  1.5260e-01,  1.7482e-01,  7.0216e-03, -4.7906e-01,
          1.7220e-01],
        [-3.0667e-01, -4.5453e-03,  1.2950e-02, -8.9878e-02,  4.7768e-01,
          3.8550e-01,  9.1608e-02,  1.9617e-01,  8.3451e-02,  9.9497e-02,
          1.2465e-02, -3.6240e-01, -1.3977e-01, -5.8950e-02,  1.8365e-01,
         -9.6439e-02],
        [-6.1762e-02, -4.2187e-01,  1.6572e-01,  7.7552e-02, -4.4111e-01,
         -2.9368e-02, -2.5494e-01, -4.1513e-01, -3.2408e-01, -1.8217e-02,
          1.2494e-01,  5.0361e-01,  2.6035e-01, -4.1035e-02, -5.6410e-02,
          9.0463e-02],
        [ 2.0471e-01,  1.2764e-02,  8.3628e-02, -2.6914e-01, -4.0422e-01,
         -1.0978e-04, -6.1797e-02, -4.6453e-02, -4.2017e-01, -8.0970e-02,
          2.4511e-01,  3.0833e-01,  3.8114e-01,  1.8197e-01, -2.3758e-01,
         -1.3027e-01],
        [-2.0268e-01,  2.2651e-01, -1.3595e-01,  6.4985e-02,  1.8710e-01,
          2.4931e-01,  2.8833e-01,  3.2390e-01,  1.9020e-01,  1.8533e-01,
         -1.3884e-01, -2.5962e-01, -2.0842e-01, -1.3207e-01,  3.3810e-01,
         -8.5298e-02],
        [ 1.7066e-01, -2.1541e-01,  6.0840e-02, -2.3609e-01, -2.8738e-01,
         -3.4018e-01, -3.1307e-01, -4.9363e-02, -4.9526e-01, -3.8305e-02,
          1.4656e-01, -2.2326e-02,  2.7790e-01,  1.9305e-01, -6.7127e-02,
          1.2653e-01],
        [ 3.2526e-01, -2.1659e-01,  1.8647e-01, -4.0504e-02, -4.2222e-01,
         -1.9865e-01, -3.9725e-01, -6.2323e-02, -1.5618e-01, -1.9723e-01,
          8.0983e-02,  3.1167e-01,  2.9773e-02,  6.4046e-02, -1.1040e-01,
          1.3935e-01],
        [-1.3428e-01,  3.2934e-01,  3.4323e-02, -1.2526e-01,  3.4731e-01,
         -5.6973e-02,  3.3696e-01,  4.4336e-01,  2.5498e-01, -1.5876e-03,
         -2.1082e-01, -3.0611e-01, -2.7051e-01, -1.5974e-01,  4.3977e-01,
         -2.0216e-01],
        [-4.7476e-02,  1.0330e-02,  6.8043e-04,  3.6366e-01,  1.3169e-01,
          9.9977e-02,  2.8967e-01,  4.9216e-02,  1.6725e-01,  2.0651e-01,
          1.7844e-01, -3.5825e-01, -2.8058e-01, -3.4627e-01,  7.5385e-02,
          8.6420e-02],
        [ 3.1173e-01, -2.6612e-01, -3.0597e-02, -1.0917e-01, -8.7451e-02,
         -3.5544e-01, -3.2596e-01, -3.0478e-01, -3.5772e-01, -7.7731e-02,
          2.7205e-01,  2.6998e-01, -6.3586e-03,  2.6144e-01,  3.9311e-03,
          1.5625e-01],
        [ 1.3622e-01, -1.0755e-02,  2.1911e-01, -2.7970e-01, -2.6157e-01,
         -1.2077e-01, -1.4742e-01, -3.1420e-01, -3.8098e-01, -2.1228e-01,
          1.6159e-03,  3.4487e-01,  2.9514e-01,  2.2942e-02, -2.6284e-01,
         -8.5434e-02],
        [ 1.4455e-01, -4.4374e-01,  8.2559e-02, -7.0104e-02, -1.8835e-02,
         -2.1144e-01,  3.6179e-02, -2.3310e-01, -4.7305e-01,  1.4148e-01,
          2.9696e-01,  3.9424e-02,  1.0600e-01,  1.8462e-01, -4.0963e-01,
          2.7497e-01],
        [-3.5050e-03, -2.6315e-01,  1.1670e-02,  1.2299e-01, -3.1786e-01,
         -1.9264e-01, -5.8768e-02, -4.1764e-01, -2.7729e-01, -2.8362e-01,
         -1.7086e-01,  1.5707e-01,  2.6535e-01,  2.8223e-01, -4.6823e-01,
          3.6280e-02],
        [ 1.9088e-01, -1.0746e-01,  2.1804e-01, -2.9300e-01, -2.5647e-01,
         -6.1180e-02, -4.0333e-01, -1.0350e-01, -4.6943e-01,  7.5655e-02,
          1.6372e-01,  1.4262e-01,  3.0514e-01,  2.5313e-01, -3.5903e-03,
          2.4036e-01],
        [-2.6116e-01,  2.7688e-01,  1.0264e-01,  1.5491e-01,  4.1088e-01,
         -7.5019e-03,  3.8031e-01,  2.5086e-01,  5.7936e-02,  1.9823e-02,
          1.4214e-01, -3.2289e-01, -2.9444e-01, -1.5630e-01,  1.1456e-01,
         -5.4270e-02],
        [ 2.1098e-01, -1.2343e-01,  3.5616e-02, -6.2808e-02, -3.6423e-01,
         -2.4454e-01, -1.2961e-01, -3.9910e-01, -9.4151e-02, -1.7619e-02,
          7.7651e-02,  1.7525e-01,  3.9817e-01,  2.3177e-01, -7.6880e-02,
          1.7996e-01],
        [-2.5694e-01,  2.8622e-01, -2.5005e-01,  2.1537e-01,  2.4161e-02,
          1.1976e-01,  3.9778e-01,  3.9419e-01,  4.6885e-01,  1.7140e-01,
          4.9740e-02, -1.4367e-01, -4.9560e-02,  7.7353e-02,  2.2744e-01,
         -1.9289e-01],
        [-2.0699e-01,  1.3373e-01,  5.5175e-02, -4.7545e-02,  2.7179e-01,
          3.3720e-01,  3.8471e-01,  4.0413e-02,  3.1549e-01,  2.3276e-01,
         -3.2646e-01, -5.5804e-02, -3.7112e-01, -1.9895e-01,  1.0444e-01,
         -1.6444e-01],
        [-2.5860e-02, -1.1476e-01,  1.5812e-01,  1.8353e-03, -5.5586e-02,
         -2.8014e-01, -4.0432e-01, -4.2502e-01, -3.7638e-01, -1.8504e-01,
          1.6896e-01,  1.8035e-02,  3.0338e-02,  1.8284e-01, -3.6886e-01,
          1.2228e-01]], device='cuda:0', requires_grad=True)

Parameter name: road_linear_0.bias
Shape: torch.Size([32])
Values: Parameter containing:
tensor([-0.1199,  0.0159,  0.1067, -0.0523,  0.0010, -0.1028,  0.0915,  0.1557,
        -0.0250, -0.0204, -0.0343,  0.0543,  0.1366,  0.0632,  0.0178,  0.0929,
        -0.0632, -0.0252,  0.1061,  0.0559, -0.0446, -0.0862,  0.0117,  0.0081,
        -0.0692,  0.1510,  0.1747,  0.0181, -0.0502, -0.2059,  0.0165,  0.0142],
       device='cuda:0', requires_grad=True)

Parameter name: road_linear_1.weight
Shape: torch.Size([1, 32])
Values: Parameter containing:
tensor([[ 0.2935,  0.3909, -0.2607, -0.3017,  0.3760,  0.4176, -0.3296, -0.4221,
         -0.3297,  0.4297,  0.2879,  0.4295, -0.3141, -0.4605,  0.3422, -0.3350,
         -0.3471,  0.3709, -0.2518, -0.2793,  0.4816,  0.3091, -0.3885, -0.4187,
         -0.3789, -0.4132, -0.3491,  0.4038, -0.3795,  0.4317,  0.3083, -0.2727]],
       device='cuda:0', requires_grad=True)

Parameter name: linear_0.weight
Shape: torch.Size([32, 39])
Values: Parameter containing:
tensor([[-0.0490,  0.1244,  0.0781,  ...,  0.1386, -0.2177, -0.1137],
        [-0.1466, -0.0210,  0.1363,  ...,  0.0601, -0.2637,  0.0871],
        [ 0.0368, -0.0565,  0.0249,  ...,  0.0624,  0.2030,  0.0345],
        ...,
        [ 0.1460, -0.1752, -0.0322,  ..., -0.1834, -0.0220, -0.1180],
        [ 0.1270, -0.2360, -0.0767,  ..., -0.2300,  0.0943,  0.1557],
        [-0.2257,  0.1824,  0.0795,  ...,  0.0582, -0.2111, -0.0509]],
       device='cuda:0', requires_grad=True)

Parameter name: linear_0.bias
Shape: torch.Size([32])
Values: Parameter containing:
tensor([ 0.0634,  0.0362, -0.0688, -0.1409, -0.0773,  0.0540, -0.0938,  0.0564,
        -0.0389,  0.0503,  0.0240,  0.0157, -0.0204,  0.0978, -0.0347, -0.0087,
         0.0475, -0.1607, -0.0202,  0.0775, -0.0767,  0.0153,  0.1133,  0.0295,
        -0.1014,  0.1067,  0.0531, -0.1274,  0.0406,  0.1836,  0.1788, -0.1130],
       device='cuda:0', requires_grad=True)

Parameter name: linear_1.weight
Shape: torch.Size([32, 32])
Values: Parameter containing:
tensor([[ 0.0850, -0.1897, -0.0861,  ...,  0.0850, -0.0212,  0.0574],
        [-0.2004, -0.0353,  0.1209,  ...,  0.1816, -0.0056,  0.0286],
        [ 0.1298, -0.0399, -0.1885,  ..., -0.1714, -0.0107,  0.2040],
        ...,
        [ 0.1394,  0.0774,  0.0646,  ...,  0.0501, -0.2064,  0.3016],
        [ 0.0309, -0.1745,  0.0402,  ...,  0.2893,  0.2346, -0.1495],
        [ 0.0084, -0.1187,  0.2251,  ...,  0.2572,  0.1439, -0.0680]],
       device='cuda:0', requires_grad=True)

Parameter name: linear_1.bias
Shape: torch.Size([32])
Values: Parameter containing:
tensor([ 0.1309,  0.1729, -0.0609, -0.1369,  0.0258, -0.0220, -0.0841,  0.0220,
         0.1841, -0.1663,  0.1326, -0.1414,  0.2178,  0.0588, -0.0946,  0.1774,
        -0.0997, -0.1781,  0.0564,  0.0500, -0.0596,  0.0744, -0.2254,  0.2121,
        -0.0063, -0.0491,  0.0835,  0.0091, -0.1762, -0.0783,  0.1667,  0.0438],
       device='cuda:0', requires_grad=True)

Parameter name: linear_2.weight
Shape: torch.Size([1, 32])
Values: Parameter containing:
tensor([[ 0.5382,  0.4577, -0.5124, -0.5110,  0.3566,  0.3736, -0.4288,  0.3792,
          0.4407, -0.4723, -0.3954,  0.4137,  0.4147,  0.3988,  0.4468,  0.4278,
         -0.5304, -0.5394,  0.3890,  0.3923, -0.4596, -0.4391, -0.5335,  0.3971,
          0.4817,  0.5342, -0.5094,  0.5005, -0.4395, -0.5268,  0.4782,  0.5214]],
       device='cuda:0', requires_grad=True)

Parameter name: linear_2.bias
Shape: torch.Size([1])
Values: Parameter containing:
tensor([0.3154], device='cuda:0', requires_grad=True)

