Parameter name: road_linear_0.weight
Shape: torch.Size([32, 16])
Values: Parameter containing:
tensor([[-0.3176,  0.5016,  0.0519, -0.0478,  0.4013,  0.2153,  0.4186,  0.1709,
          0.3764,  0.1960,  0.1186, -0.3327, -0.4126, -0.2860,  0.3771,  0.0962],
        [-0.1022, -0.1517,  0.0699, -0.1312,  0.1528,  0.2154,  0.0448,  0.3581,
          0.7231, -0.0432,  0.2873, -0.4611,  0.0754,  0.1225,  0.6980,  0.0760],
        [ 0.1693, -0.2393,  0.3728, -0.1189, -0.4003, -0.3749, -0.2560, -0.6542,
         -0.1967, -0.0647,  0.1109,  0.1769,  0.6564,  0.3049, -0.1194,  0.2832],
        [ 0.0540, -0.1203, -0.1395,  0.0897, -0.1579, -0.1296,  0.0071, -0.2542,
         -0.7028, -0.1837, -0.2082,  0.4969,  0.1786, -0.3490, -0.4492, -0.0525],
        [ 0.0788,  0.2759,  0.0250, -0.1616,  0.2973,  0.0369, -0.0581,  0.5042,
          0.4426,  0.0990,  0.3236, -0.3018,  0.0377, -0.0483,  0.5295,  0.0087],
        [-0.1035,  0.5360, -0.3551,  0.3963,  0.6038,  0.0108,  0.4499,  0.1756,
          0.4014,  0.2061, -0.2901, -0.2707, -0.4120,  0.1470,  0.4686, -0.1000],
        [ 0.2019, -0.0419,  0.2171, -0.0490, -0.2241, -0.1510, -0.0979, -0.4162,
         -0.5428,  0.1547, -0.1098,  0.2237, -0.0871,  0.0273, -0.5085, -0.0095],
        [-0.2053,  0.0456,  0.1802, -0.2241, -0.5238, -0.2324, -0.0277, -0.4534,
         -0.4674, -0.0539, -0.1306,  0.2124,  0.2648, -0.2692, -0.3012,  0.2060],
        [-0.1165,  0.0650,  0.1290, -0.1215, -0.2892, -0.2924, -0.0550, -0.3358,
         -0.3346, -0.1366, -0.2887,  0.2996, -0.1216, -0.0051, -0.6751, -0.0588],
        [-0.1351,  0.0965,  0.0764, -0.1369,  0.2420,  0.1162, -0.0525,  0.4494,
          0.6112, -0.1768,  0.3288, -0.2008, -0.1968,  0.0844,  0.4860, -0.0472],
        [-0.2728,  0.4540,  0.0620, -0.1195,  0.1933,  0.3843,  0.2458,  0.3231,
          0.6142,  0.1383,  0.0756, -0.1875, -0.2636,  0.2391,  0.1877, -0.2353],
        [ 0.0326,  0.1104,  0.1612, -0.0474,  0.3731,  0.0524,  0.2559,  0.3588,
          0.4883,  0.1698,  0.3706, -0.1402, -0.3807, -0.0585,  0.3442, -0.0451],
        [ 0.2004, -0.0345,  0.0026, -0.0692, -0.2876,  0.0425, -0.0440, -0.5269,
         -0.6382,  0.0405, -0.1149,  0.2088, -0.0627,  0.0219, -0.4722, -0.0922],
        [ 0.0351,  0.1858,  0.1758,  0.1275, -0.4713,  0.0184,  0.0760, -0.2755,
         -0.5665,  0.0236, -0.3103,  0.2971,  0.0435, -0.1226, -0.6536,  0.0690],
        [-0.2076, -0.0952,  0.1140, -0.1726,  0.5572,  0.3552, -0.0246,  0.3271,
          0.3111,  0.0017,  0.2090, -0.5127, -0.0155,  0.0641,  0.3451, -0.0008],
        [-0.1392, -0.3510,  0.0913,  0.1356, -0.5004, -0.0237, -0.1910, -0.4971,
         -0.4402,  0.0511, -0.0454,  0.5812,  0.1611, -0.1498, -0.1172,  0.0181],
        [ 0.0895,  0.0957, -0.0287, -0.1760, -0.4770,  0.0303,  0.0628, -0.1735,
         -0.6531,  0.0284,  0.0306,  0.4482,  0.2537,  0.0408, -0.3947, -0.2376],
        [-0.2220,  0.2853, -0.1334,  0.0543,  0.3165,  0.2660,  0.3300,  0.4248,
          0.2546,  0.1829, -0.0702, -0.3727, -0.2348, -0.0935,  0.3768, -0.0824],
        [ 0.2754, -0.3363,  0.0970, -0.2437, -0.4900, -0.3813, -0.4371, -0.2034,
         -0.6075, -0.0784,  0.1552,  0.1448,  0.4311,  0.2021, -0.1638,  0.1717],
        [ 0.4251, -0.3209,  0.2283, -0.0582, -0.6422, -0.2503, -0.5244, -0.2188,
         -0.2647, -0.2381,  0.0770,  0.4708,  0.1559,  0.0642, -0.2061,  0.1842],
        [-0.0560,  0.2508,  0.1046, -0.1804,  0.3838, -0.0644,  0.2784,  0.5053,
          0.3403, -0.0677, -0.0431, -0.3546, -0.1584, -0.0545,  0.4662, -0.1302],
        [-0.0185,  0.0384,  0.0552,  0.3123,  0.3129,  0.1109,  0.2548,  0.2060,
          0.3737,  0.1576,  0.3203, -0.5343, -0.2867, -0.2616,  0.2152,  0.1332],
        [ 0.4057, -0.3734,  0.0054, -0.1211, -0.2859, -0.3938, -0.4447, -0.4472,
         -0.4564, -0.1155,  0.2727,  0.4223,  0.1216,  0.2641, -0.0802,  0.1970],
        [ 0.0126,  0.0715,  0.1040, -0.1869, -0.3085, -0.0772, -0.0194, -0.4177,
         -0.5646, -0.1000, -0.2028,  0.4529,  0.1630, -0.1214, -0.3939, -0.1951],
        [ 0.0354, -0.3504, -0.0220,  0.0153, -0.0843, -0.1879,  0.1503, -0.3507,
         -0.6972,  0.2426,  0.0880,  0.1641, -0.0242,  0.0509, -0.5551,  0.1730],
        [-0.1393, -0.1143, -0.1134,  0.2229, -0.3167, -0.1618,  0.0773, -0.4966,
         -0.4438, -0.1579, -0.3872,  0.2054,  0.0988,  0.1296, -0.5957, -0.0856],
        [ 0.3804, -0.2190,  0.3226, -0.3533, -0.5021, -0.1494, -0.6261, -0.2877,
         -0.6118, -0.0199,  0.2179,  0.3140,  0.5046,  0.3249, -0.1125,  0.3508],
        [-0.2111,  0.2627,  0.1637,  0.1030,  0.5329, -0.0090,  0.3277,  0.3729,
          0.2120, -0.0367,  0.2936, -0.4598, -0.2447, -0.0631,  0.2179,  0.0011],
        [ 0.1855, -0.1573, -0.0121, -0.0179, -0.4880, -0.2316, -0.1012, -0.5169,
         -0.2305,  0.0225, -0.0379,  0.3139,  0.3875,  0.1575, -0.1710,  0.1404],
        [-0.3491,  0.3781, -0.3007,  0.2446,  0.2088,  0.1747,  0.5255,  0.5159,
          0.5372,  0.2196,  0.0615, -0.2731, -0.1478,  0.0705,  0.2694, -0.2391],
        [-0.3063,  0.2508,  0.0180, -0.0383,  0.4789,  0.3819,  0.5033,  0.1973,
          0.4344,  0.2698, -0.3313, -0.2238, -0.5224, -0.2085,  0.2034, -0.2093],
        [-0.1179, -0.0690,  0.0633,  0.0793, -0.1310, -0.2421, -0.3058, -0.5374,
         -0.5610, -0.0968, -0.0101,  0.1441, -0.0651,  0.0603, -0.4926,  0.0344]],
       device='cuda:0', requires_grad=True)

Parameter name: road_linear_0.bias
Shape: torch.Size([32])
Values: Parameter containing:
tensor([-0.0914,  0.1679,  0.1867, -0.2363,  0.2002, -0.1513, -0.0350,  0.1210,
        -0.1511,  0.1568, -0.0411,  0.1225, -0.0589, -0.1168,  0.1702, -0.0445,
        -0.1914, -0.0635,  0.2021,  0.1221,  0.1015, -0.0869,  0.0916, -0.1247,
        -0.2342, -0.0546,  0.2316,  0.0691, -0.0157, -0.2450, -0.0767, -0.0692],
       device='cuda:0', requires_grad=True)

Parameter name: road_linear_1.weight
Shape: torch.Size([1, 32])
Values: Parameter containing:
tensor([[ 0.5378,  0.6863, -0.4667, -0.5943,  0.6676,  0.6305, -0.6041, -0.6728,
         -0.6155,  0.7209,  0.5308,  0.7018, -0.6077, -0.7677,  0.6248, -0.6011,
         -0.6274,  0.6030, -0.4374, -0.4750,  0.7514,  0.5293, -0.5860, -0.6981,
         -0.6559, -0.6930, -0.5401,  0.6632, -0.6152,  0.6549,  0.4923, -0.5319]],
       device='cuda:0', requires_grad=True)

Parameter name: linear_0.weight
Shape: torch.Size([32, 39])
Values: Parameter containing:
tensor([[-0.0239,  0.1028,  0.0538,  ...,  0.1955, -0.5587, -0.1137],
        [-0.1389, -0.0364,  0.1405,  ...,  0.0533, -0.5084,  0.0871],
        [ 0.0275, -0.0392,  0.0220,  ...,  0.0645,  0.5157,  0.0345],
        ...,
        [ 0.1387, -0.1549, -0.0412,  ..., -0.1692,  0.2246, -0.1180],
        [ 0.1116, -0.2124, -0.0740,  ..., -0.2308,  0.3739,  0.1557],
        [-0.2188,  0.1845,  0.0686,  ...,  0.0843, -0.4942, -0.0509]],
       device='cuda:0', requires_grad=True)

Parameter name: linear_0.bias
Shape: torch.Size([32])
Values: Parameter containing:
tensor([ 0.0857,  0.0273, -0.0610, -0.1339, -0.0852,  0.0416, -0.0837,  0.0706,
        -0.0399,  0.0479,  0.0510,  0.0151, -0.0243,  0.1065, -0.0215, -0.0168,
         0.0545, -0.1659, -0.0008,  0.0937, -0.0951, -0.0043,  0.1192,  0.0576,
        -0.1089,  0.1129,  0.0608, -0.1555,  0.0464,  0.1982,  0.1813, -0.1020],
       device='cuda:0', requires_grad=True)

Parameter name: linear_1.weight
Shape: torch.Size([32, 32])
Values: Parameter containing:
tensor([[ 0.0955, -0.2199,  0.0063,  ...,  0.1113, -0.0028,  0.0681],
        [-0.1885, -0.0625,  0.2072,  ...,  0.2060,  0.0107,  0.0398],
        [ 0.1343, -0.0319, -0.2424,  ..., -0.1766, -0.0132,  0.2136],
        ...,
        [ 0.1433,  0.0876,  0.0224,  ...,  0.0449, -0.2285,  0.3396],
        [ 0.0521, -0.2286,  0.1563,  ...,  0.3363,  0.2741, -0.1261],
        [ 0.0166, -0.1370,  0.2896,  ...,  0.2735,  0.1490, -0.0547]],
       device='cuda:0', requires_grad=True)

Parameter name: linear_1.bias
Shape: torch.Size([32])
Values: Parameter containing:
tensor([ 0.1559,  0.1962, -0.0662, -0.1622,  0.0406, -0.0025, -0.1007,  0.0671,
         0.2207, -0.1753,  0.1391, -0.1682,  0.2483,  0.0719, -0.0582,  0.2211,
         0.0222, -0.1956,  0.0647,  0.0743, -0.0904,  0.0622, -0.2348,  0.2320,
         0.0150, -0.0590,  0.0830,  0.0067, -0.2020, -0.0784,  0.2106,  0.0619],
       device='cuda:0', requires_grad=True)

Parameter name: linear_2.weight
Shape: torch.Size([1, 32])
Values: Parameter containing:
tensor([[ 1.1207,  1.0480, -1.1081, -1.0859,  0.9555,  0.9721, -1.0230,  0.9372,
          1.0039, -1.0738, -0.9870,  0.9880,  0.9877,  0.9986,  1.0105,  0.9837,
         -1.1020, -1.1302,  0.9843,  0.9733, -1.0330, -1.0322, -1.1378,  0.9888,
          1.0755,  1.1103, -1.1094,  1.0868, -1.0262, -1.1292,  1.0326,  1.1070]],
       device='cuda:0', requires_grad=True)

Parameter name: linear_2.bias
Shape: torch.Size([1])
Values: Parameter containing:
tensor([0.8595], device='cuda:0', requires_grad=True)

