Parameter name: road_linear_0.weight
Shape: torch.Size([32, 16])
Values: Parameter containing:
tensor([[-3.3261e-01,  5.2529e-01,  4.3099e-02, -4.9820e-02,  3.7552e-01,
          2.2587e-01,  4.4448e-01,  1.7025e-01,  3.4059e-01,  1.9420e-01,
          1.0284e-01, -3.1156e-01, -4.3768e-01, -2.9036e-01,  3.4897e-01,
          9.4640e-02],
        [-8.4459e-02, -1.6351e-01,  8.8761e-02, -1.5279e-01,  1.4333e-01,
          2.1511e-01,  2.5651e-02,  3.8124e-01,  7.3954e-01, -6.9150e-02,
          3.0381e-01, -4.5721e-01,  8.2160e-02,  1.4209e-01,  7.2614e-01,
          1.0005e-01],
        [ 2.1122e-01, -2.8488e-01,  4.1040e-01, -1.4188e-01, -3.9898e-01,
         -4.0065e-01, -3.1292e-01, -6.4906e-01, -1.6532e-01, -8.5499e-02,
          1.4757e-01,  1.5943e-01,  7.1124e-01,  3.3537e-01, -8.4287e-02,
          3.1248e-01],
        [ 3.0777e-02, -1.0237e-01, -1.6246e-01,  1.1441e-01, -1.4181e-01,
         -1.2561e-01,  3.0966e-02, -2.7607e-01, -7.2058e-01, -1.5333e-01,
         -2.2838e-01,  4.8956e-01,  1.6698e-01, -3.7241e-01, -4.7715e-01,
         -7.9983e-02],
        [ 1.0409e-01,  2.5533e-01,  4.9155e-02, -1.8695e-01,  2.7871e-01,
          3.1952e-02, -8.3185e-02,  5.2407e-01,  4.6122e-01,  6.7233e-02,
          3.4478e-01, -2.9051e-01,  5.1207e-02, -2.3463e-02,  5.5493e-01,
          3.7347e-02],
        [-1.4345e-01,  5.7581e-01, -3.9370e-01,  4.2045e-01,  5.9407e-01,
          3.4532e-02,  5.0458e-01,  1.6815e-01,  3.6901e-01,  2.2453e-01,
         -3.2591e-01, -2.4546e-01, -4.5987e-01,  1.1721e-01,  4.2576e-01,
         -1.2800e-01],
        [ 1.7272e-01, -1.8455e-02,  1.8788e-01, -1.9724e-02, -1.9420e-01,
         -1.3753e-01, -6.7792e-02, -4.2888e-01, -5.5210e-01,  1.8889e-01,
         -1.3431e-01,  2.0796e-01, -1.0664e-01, -1.5577e-03, -5.2881e-01,
         -4.0906e-02],
        [-2.3023e-01,  6.4996e-02,  1.5407e-01, -1.9722e-01, -4.8826e-01,
         -2.1908e-01, -1.5640e-03, -4.6152e-01, -4.6856e-01, -2.2890e-02,
         -1.4904e-01,  1.9573e-01,  2.4875e-01, -2.9456e-01, -3.1457e-01,
          1.7796e-01],
        [-1.4386e-01,  8.6784e-02,  1.0239e-01, -9.4287e-02, -2.6897e-01,
         -2.8437e-01, -2.6785e-02, -3.5612e-01, -3.5175e-01, -1.0331e-01,
         -3.1260e-01,  2.9019e-01, -1.3773e-01, -3.1891e-02, -7.0261e-01,
         -8.8984e-02],
        [-1.1331e-01,  8.0057e-02,  9.9249e-02, -1.6143e-01,  2.2516e-01,
          1.1050e-01, -7.6058e-02,  4.6963e-01,  6.2613e-01, -2.0592e-01,
          3.4781e-01, -1.9276e-01, -1.8528e-01,  1.0717e-01,  5.1318e-01,
         -2.0522e-02],
        [-2.7037e-01,  4.6058e-01,  7.2266e-02, -1.3505e-01,  1.5344e-01,
          3.8010e-01,  2.4463e-01,  3.2276e-01,  5.8766e-01,  1.2380e-01,
          7.3541e-02, -1.6968e-01, -2.7120e-01,  2.4845e-01,  1.7786e-01,
         -2.2300e-01],
        [ 5.8930e-02,  8.8827e-02,  1.8757e-01, -7.4435e-02,  3.4061e-01,
          4.2047e-02,  2.2823e-01,  3.7100e-01,  4.9743e-01,  1.3703e-01,
          3.9202e-01, -1.2550e-01, -3.6499e-01, -3.2458e-02,  3.6293e-01,
         -1.6285e-02],
        [ 1.7166e-01, -1.1344e-02, -2.5660e-02, -4.0687e-02, -2.6338e-01,
          5.2451e-02, -1.4795e-02, -5.4444e-01, -6.5292e-01,  7.4546e-02,
         -1.3917e-01,  1.9518e-01, -8.0557e-02, -6.2249e-03, -4.9713e-01,
         -1.2349e-01],
        [ 1.3434e-02,  2.0151e-01,  1.5350e-01,  1.5146e-01, -4.5727e-01,
          2.2436e-02,  9.8982e-02, -2.9696e-01, -5.8261e-01,  5.2655e-02,
         -3.2942e-01,  2.9028e-01,  3.2879e-02, -1.4513e-01, -6.8178e-01,
          4.2698e-02],
        [-1.8052e-01, -1.1750e-01,  1.3986e-01, -1.9911e-01,  5.3516e-01,
          3.4714e-01, -5.1841e-02,  3.4580e-01,  3.2744e-01, -3.1370e-02,
          2.3201e-01, -5.0071e-01,  6.8258e-04,  9.0211e-02,  3.6967e-01,
          2.8867e-02],
        [-1.6514e-01, -3.2943e-01,  6.5369e-02,  1.6255e-01, -4.6329e-01,
         -1.2035e-02, -1.6539e-01, -5.0741e-01, -4.4365e-01,  8.2886e-02,
         -6.6048e-02,  5.6370e-01,  1.4504e-01, -1.7541e-01, -1.2983e-01,
         -1.0703e-02],
        [ 6.2741e-02,  1.1746e-01, -5.5905e-02, -1.4812e-01, -4.5423e-01,
          4.0011e-02,  9.1524e-02, -1.9241e-01, -6.7030e-01,  6.1368e-02,
          6.9305e-03,  4.3891e-01,  2.3727e-01,  1.3869e-02, -4.2214e-01,
         -2.6759e-01],
        [-2.4048e-01,  3.1105e-01, -1.4391e-01,  5.4033e-02,  2.8884e-01,
          2.7504e-01,  3.5708e-01,  4.2116e-01,  2.1925e-01,  1.8360e-01,
         -8.8986e-02, -3.5275e-01, -2.6229e-01, -1.0101e-01,  3.5003e-01,
         -8.6624e-02],
        [ 3.1843e-01, -3.8243e-01,  1.3651e-01, -2.6774e-01, -4.8718e-01,
         -4.0722e-01, -4.9452e-01, -1.9789e-01, -5.7516e-01, -1.0010e-01,
          1.9325e-01,  1.2629e-01,  4.8816e-01,  2.3353e-01, -1.2733e-01,
          2.0209e-01],
        [ 4.6225e-01, -3.5855e-01,  2.6533e-01, -8.1802e-02, -6.5047e-01,
         -2.8106e-01, -5.8004e-01, -2.1934e-01, -2.4487e-01, -2.5256e-01,
          1.0979e-01,  4.5356e-01,  2.0467e-01,  9.1676e-02, -1.7211e-01,
          2.1059e-01],
        [-3.1084e-02,  2.3070e-01,  1.2990e-01, -2.0668e-01,  3.4559e-01,
         -7.7939e-02,  2.5416e-01,  5.1128e-01,  3.3684e-01, -9.8336e-02,
         -2.5368e-02, -3.3242e-01, -1.4158e-01, -2.9474e-02,  4.7239e-01,
         -1.0229e-01],
        [-7.5479e-03,  3.7351e-02,  7.0421e-02,  2.9330e-01,  2.8455e-01,
          1.1135e-01,  2.4626e-01,  2.1354e-01,  3.6267e-01,  1.3639e-01,
          3.2565e-01, -5.2065e-01, -2.8906e-01, -2.4590e-01,  2.1748e-01,
          1.5120e-01],
        [ 4.4502e-01, -4.1542e-01,  4.0595e-02, -1.4246e-01, -2.8589e-01,
         -4.1965e-01, -4.9852e-01, -4.4318e-01, -4.2907e-01, -1.3287e-01,
          3.0746e-01,  4.0461e-01,  1.7260e-01,  2.9247e-01, -4.6541e-02,
          2.2379e-01],
        [-1.5699e-02,  9.5364e-02,  7.6805e-02, -1.5919e-01, -2.8461e-01,
         -6.8004e-02,  9.9906e-03, -4.3672e-01, -5.8225e-01, -6.6011e-02,
         -2.2722e-01,  4.4265e-01,  1.4561e-01, -1.4876e-01, -4.2093e-01,
         -2.2575e-01],
        [ 9.1018e-03, -3.2937e-01, -4.9847e-02,  4.3716e-02, -5.9238e-02,
         -1.7523e-01,  1.7953e-01, -3.6756e-01, -7.0897e-01,  2.7490e-01,
          6.4855e-02,  1.5239e-01, -4.1776e-02,  2.3945e-02, -5.8142e-01,
          1.4304e-01],
        [-1.6357e-01, -9.4342e-02, -1.3639e-01,  2.4710e-01, -3.0084e-01,
         -1.5764e-01,  1.0061e-01, -5.1459e-01, -4.6480e-01, -1.2699e-01,
         -4.0713e-01,  1.9155e-01,  8.5965e-02,  1.0579e-01, -6.1885e-01,
         -1.1318e-01],
        [ 4.3181e-01, -2.6819e-01,  3.8083e-01, -3.9698e-01, -5.2136e-01,
         -1.8927e-01, -7.0003e-01, -2.8578e-01, -5.9425e-01, -5.1625e-02,
          2.6371e-01,  3.0317e-01,  5.7474e-01,  3.7157e-01, -7.6696e-02,
          3.9811e-01],
        [-1.9721e-01,  2.5609e-01,  1.8180e-01,  8.1953e-02,  4.9354e-01,
         -1.5881e-02,  3.1365e-01,  3.7785e-01,  1.9997e-01, -5.9762e-02,
          3.0145e-01, -4.4392e-01, -2.4069e-01, -4.5978e-02,  2.2108e-01,
          2.1197e-02],
        [ 1.8346e-01, -1.6382e-01, -2.2474e-02, -2.3408e-03, -4.4760e-01,
         -2.2659e-01, -9.8743e-02, -5.1653e-01, -2.0479e-01,  3.6743e-02,
         -3.5898e-02,  2.9744e-01,  3.9368e-01,  1.4836e-01, -1.6336e-01,
          1.2832e-01],
        [-3.8260e-01,  4.1371e-01, -3.3153e-01,  2.6232e-01,  2.0338e-01,
          1.9813e-01,  5.7537e-01,  5.1199e-01,  5.0953e-01,  2.3166e-01,
          3.0766e-02, -2.5276e-01, -1.9201e-01,  4.6915e-02,  2.3475e-01,
         -2.6034e-01],
        [-3.4712e-01,  2.9454e-01, -2.2165e-02, -1.2901e-02,  4.8430e-01,
          4.1306e-01,  5.6096e-01,  1.9579e-01,  4.0836e-01,  2.8902e-01,
         -3.6728e-01, -2.0651e-01, -5.7820e-01, -2.3869e-01,  1.6779e-01,
         -2.3878e-01],
        [-1.4698e-01, -4.5152e-02,  3.4027e-02,  1.0864e-01, -9.8126e-02,
         -2.2814e-01, -2.7503e-01, -5.5061e-01, -5.7027e-01, -6.2543e-02,
         -3.4923e-02,  1.2872e-01, -8.5158e-02,  3.1411e-02, -5.1257e-01,
          3.0261e-03]], device='cuda:0', requires_grad=True)

Parameter name: road_linear_0.bias
Shape: torch.Size([32])
Values: Parameter containing:
tensor([-0.1223,  0.1514,  0.2085, -0.2267,  0.1968, -0.1702, -0.0215,  0.1461,
        -0.1422,  0.1404, -0.0833,  0.1062, -0.0529, -0.0998,  0.1659, -0.0332,
        -0.1788, -0.0957,  0.2264,  0.1316,  0.0862, -0.1154,  0.1106, -0.1187,
        -0.2167, -0.0553,  0.2387,  0.0363,  0.0276, -0.2611, -0.0949, -0.0559],
       device='cuda:0', requires_grad=True)

Parameter name: road_linear_1.weight
Shape: torch.Size([1, 32])
Values: Parameter containing:
tensor([[ 0.5610,  0.7246, -0.5069, -0.6296,  0.7027,  0.6607, -0.6436, -0.7061,
         -0.6551,  0.7627,  0.5557,  0.7348, -0.6488, -0.8087,  0.6591, -0.6271,
         -0.6666,  0.6253, -0.4707, -0.5045,  0.7812,  0.5463, -0.6179, -0.7340,
         -0.6993, -0.7314, -0.5836,  0.6811, -0.6397,  0.6839,  0.5254, -0.5663]],
       device='cuda:0', requires_grad=True)

Parameter name: linear_0.weight
Shape: torch.Size([32, 39])
Values: Parameter containing:
tensor([[-0.0264,  0.1094,  0.0534,  ...,  0.2003, -0.6797, -0.1137],
        [-0.1405, -0.0343,  0.1419,  ...,  0.0523, -0.5914,  0.0871],
        [ 0.0285, -0.0402,  0.0209,  ...,  0.0651,  0.6239,  0.0345],
        ...,
        [ 0.1384, -0.1538, -0.0415,  ..., -0.1690,  0.2971, -0.1180],
        [ 0.1115, -0.2133, -0.0735,  ..., -0.2317,  0.4724,  0.1557],
        [-0.2251,  0.1969,  0.0707,  ...,  0.0845, -0.5987, -0.0509]],
       device='cuda:0', requires_grad=True)

Parameter name: linear_0.bias
Shape: torch.Size([32])
Values: Parameter containing:
tensor([ 0.0870,  0.0261, -0.0602, -0.1329, -0.0864,  0.0445, -0.0829,  0.0703,
        -0.0408,  0.0481,  0.0523,  0.0131, -0.0240,  0.1074, -0.0203, -0.0184,
         0.0564, -0.1665, -0.0003,  0.0941, -0.0977, -0.0066,  0.1199,  0.0619,
        -0.1081,  0.1137,  0.0619, -0.1595,  0.0466,  0.1984,  0.1806, -0.1026],
       device='cuda:0', requires_grad=True)

Parameter name: linear_1.weight
Shape: torch.Size([32, 32])
Values: Parameter containing:
tensor([[ 0.0983, -0.2226,  0.0119,  ...,  0.1146, -0.0038,  0.0735],
        [-0.1863, -0.0648,  0.2126,  ...,  0.2088,  0.0095,  0.0441],
        [ 0.1390, -0.0356, -0.2395,  ..., -0.1732, -0.0097,  0.2200],
        ...,
        [ 0.1485,  0.0867,  0.0223,  ...,  0.0469, -0.2337,  0.3589],
        [ 0.0576, -0.2346,  0.1663,  ...,  0.3427,  0.2759, -0.1165],
        [ 0.0185, -0.1388,  0.2941,  ...,  0.2760,  0.1471, -0.0503]],
       device='cuda:0', requires_grad=True)

Parameter name: linear_1.bias
Shape: torch.Size([32])
Values: Parameter containing:
tensor([ 0.1590,  0.1987, -0.0626, -0.1657,  0.0404, -0.0014, -0.1017,  0.0737,
         0.2264, -0.1724,  0.1357, -0.1359,  0.2531,  0.0701, -0.0533,  0.2269,
         0.0698, -0.1964,  0.0623,  0.0775, -0.0947,  0.0628, -0.2319,  0.2336,
         0.0170, -0.0282,  0.0857,  0.0006, -0.2049, -0.0757,  0.2166,  0.0641],
       device='cuda:0', requires_grad=True)

Parameter name: linear_2.weight
Shape: torch.Size([1, 32])
Values: Parameter containing:
tensor([[ 1.2027,  1.1334, -1.2132, -1.1665,  1.0534,  1.0664, -1.1167,  1.0131,
          1.0811, -1.1804, -1.0786,  1.0643,  1.0694,  1.1007,  1.0870,  1.0591,
         -1.1796, -1.2207,  1.0854,  1.0565, -1.1128, -1.1304, -1.2411,  1.0769,
          1.1634,  1.1961, -1.2093,  1.1940, -1.1095, -1.2268,  1.1079,  1.1943]],
       device='cuda:0', requires_grad=True)

Parameter name: linear_2.bias
Shape: torch.Size([1])
Values: Parameter containing:
tensor([0.9338], device='cuda:0', requires_grad=True)

