Parameter name: road_linear_0.weight
Shape: torch.Size([32, 16])
Values: Parameter containing:
tensor([[-5.6911e-01,  7.7041e-01, -2.2630e-01, -3.5357e-01,  2.6550e-01,
         -3.5523e-01,  6.5795e-01,  5.9498e-02,  2.9576e-01,  1.9505e-01,
          1.9186e-01, -2.6681e-01, -2.2599e-01,  6.9351e-02,  3.2131e-01,
         -1.7952e-01],
        [-3.6614e-01,  1.2362e-01, -2.1127e-01, -2.9809e-01,  2.0295e-01,
         -1.9264e-01,  3.6304e-01,  3.5229e-01,  5.8687e-01,  5.2101e-02,
          1.2072e-01, -4.5736e-01,  9.9501e-02,  3.3507e-01,  5.6879e-01,
         -1.7914e-01],
        [-3.5682e-01,  4.2139e-01, -5.9651e-02, -7.0028e-02,  4.4831e-01,
         -3.7980e-01,  5.3744e-01,  1.1501e-01,  5.6002e-01,  1.3494e-01,
          1.3276e-02, -5.9317e-01,  1.2015e-01,  3.4541e-01,  5.0644e-01,
         -1.6265e-01],
        [ 4.0346e-01, -4.0800e-01,  1.8425e-01,  1.8861e-01, -1.9194e-01,
          1.8533e-01, -3.6372e-01, -2.1469e-01, -5.2941e-01, -3.1146e-01,
         -2.3171e-02,  4.6650e-01,  1.4820e-01, -4.2880e-01, -3.1946e-01,
          2.6335e-01],
        [-2.4952e-01,  5.6308e-01, -2.7793e-01, -3.2089e-01,  2.9849e-01,
         -3.2246e-01,  2.2194e-01,  4.2973e-01,  2.4914e-01,  2.1362e-01,
          1.8412e-01, -2.7090e-01,  8.8826e-02,  1.0931e-01,  4.1231e-01,
         -2.7107e-01],
        [-1.5610e-01,  5.9904e-01, -4.6519e-01,  6.8756e-02,  4.2807e-01,
         -4.4772e-01,  4.2721e-01,  4.3711e-02,  3.2635e-01,  4.7031e-02,
         -1.4868e-01, -1.8084e-01, -2.1324e-01,  4.7815e-01,  4.4371e-01,
         -1.9596e-01],
        [ 4.4678e-01, -3.3603e-01,  5.5060e-01,  1.8915e-01, -2.1025e-01,
          3.0133e-01, -4.2038e-01, -3.5604e-01, -3.6828e-01,  1.9254e-01,
         -5.0836e-02,  1.7098e-01, -4.5091e-02, -1.8936e-01, -3.3264e-01,
          3.0998e-01],
        [ 6.4552e-02, -1.4625e-01,  4.6779e-01, -1.5902e-02, -5.1448e-01,
          1.3657e-01, -2.8325e-01, -4.1181e-01, -3.2807e-01, -4.4468e-02,
         -7.5046e-02,  1.8162e-01,  2.9745e-01, -4.4001e-01, -2.3204e-01,
          4.7971e-01],
        [ 1.9411e-01, -2.3604e-01,  4.7555e-01,  1.1439e-01, -3.6050e-01,
          2.0061e-01, -4.6723e-01, -3.7181e-01, -2.3062e-01, -2.3488e-01,
         -1.8444e-01,  3.0118e-01, -1.1607e-01, -3.1219e-01, -6.2407e-01,
          2.5439e-01],
        [-4.9992e-01,  4.0666e-01, -2.5632e-01, -2.6204e-01,  2.1358e-01,
         -2.3004e-01,  2.6749e-01,  3.4885e-01,  3.8648e-01,  4.1181e-02,
          1.1368e-01, -1.2801e-01, -3.8557e-02,  2.5911e-01,  3.1420e-01,
         -3.7112e-01],
        [-6.4105e-01,  6.7895e-01, -2.7195e-01, -3.7076e-01,  4.6968e-02,
         -4.1634e-02,  5.0176e-01,  1.9563e-01,  4.5725e-01,  2.4551e-01,
          4.8393e-02, -1.0003e-01, -4.7659e-02,  4.9300e-01,  5.9012e-02,
         -5.8139e-01],
        [-3.5649e-01,  3.3803e-01, -1.8152e-01, -1.5485e-01,  3.2371e-01,
         -2.4264e-01,  5.8226e-01,  2.7264e-01,  2.9338e-01,  4.0578e-01,
          1.6557e-01, -6.0276e-02, -1.8582e-01,  8.9986e-02,  2.5721e-01,
         -3.7885e-01],
        [ 4.8467e-01, -3.2162e-01,  2.9594e-01,  1.9237e-01, -2.5756e-01,
          5.3713e-01, -2.9616e-01, -4.4480e-01, -4.3707e-01,  4.8677e-02,
         -1.3719e-01,  1.6778e-01, -7.9856e-02, -2.7240e-01, -3.3557e-01,
          1.6853e-01],
        [ 3.5409e-01, -1.1314e-01,  4.8168e-01,  2.5510e-01, -4.3609e-01,
          3.6863e-01, -2.2278e-01, -1.7527e-01, -3.1278e-01, -7.7960e-02,
         -1.5117e-01,  2.0921e-01,  4.0073e-02, -2.6245e-01, -4.5904e-01,
          3.6108e-01],
        [-5.6884e-01,  2.6636e-01, -2.1992e-01, -3.5984e-01,  5.3349e-01,
         -6.5449e-02,  3.5115e-01,  2.6358e-01,  1.0649e-01,  1.0897e-01,
          9.5097e-02, -4.3743e-01, -1.7003e-02,  3.0493e-01,  1.8512e-01,
         -3.3124e-01],
        [ 1.0172e-01, -4.0901e-01,  3.5191e-01,  2.9584e-01, -4.4077e-01,
          2.8971e-01, -3.5185e-01, -4.1483e-01, -3.1887e-01, -5.1535e-03,
          7.0135e-02,  5.5743e-01, -3.5426e-02, -2.8027e-01, -6.6836e-02,
          2.2352e-01],
        [ 4.3780e-01, -1.6916e-01,  3.4477e-01, -6.0511e-02, -6.7991e-01,
          3.6560e-01, -3.4212e-01, -2.8401e-01, -6.5363e-01, -1.0870e-01,
          2.3009e-01,  5.7167e-01,  2.8743e-01, -1.0466e-01, -4.5651e-01,
          1.1150e-01],
        [-3.3400e-01,  3.9941e-01, -3.3408e-01, -1.5597e-01,  3.0948e-01,
         -9.6622e-02,  4.8022e-01,  4.1948e-01,  2.5711e-01,  9.8986e-02,
         -3.0561e-03, -3.7080e-01, -1.8527e-01,  9.3116e-02,  3.4061e-01,
         -2.8232e-01],
        [-2.4453e-01,  3.3103e-01, -2.9304e-01, -2.4770e-01,  2.8893e-01,
         -4.3703e-01,  2.8221e-01,  5.2422e-01,  8.4703e-02,  1.0260e-01,
          1.0880e-02, -5.7310e-01, -2.6223e-02,  3.1262e-01,  4.5610e-01,
         -2.3252e-01],
        [ 6.1160e-01, -4.8102e-01,  4.5423e-01,  2.4556e-01, -4.1115e-01,
          2.3188e-01, -6.2104e-01, -5.0816e-02, -1.3533e-01, -1.9381e-01,
         -9.9161e-02,  3.2353e-01, -1.1440e-01, -2.8426e-01, -5.1034e-02,
          4.2545e-01],
        [-2.3228e-01,  3.4578e-01, -1.0367e-01, -2.8335e-01,  4.1714e-01,
         -3.2042e-01,  4.2637e-01,  4.9240e-01,  2.9988e-01, -3.5195e-02,
         -1.7865e-01, -4.1330e-01, -1.0318e-01, -3.1849e-03,  5.0329e-01,
         -2.9988e-01],
        [ 3.5650e-01, -3.6388e-01,  2.5733e-01,  3.1295e-01, -3.3064e-01,
          1.3856e-01, -5.5082e-02, -3.4220e-01, -3.8472e-01, -1.0504e-01,
          2.5528e-01,  2.0544e-01,  5.0169e-02, -3.4003e-01, -6.5827e-01,
          2.7680e-01],
        [ 5.4043e-01, -5.2125e-01,  2.1398e-01,  1.9081e-01, -1.5948e-01,
          8.6684e-02, -5.3832e-01, -3.5677e-01, -3.7544e-01, -5.2660e-02,
          4.7867e-02,  3.3568e-01, -8.7885e-02, -1.1114e-01,  1.2759e-02,
          4.1672e-01],
        [ 2.9345e-01, -1.5904e-01,  4.3608e-01, -1.0753e-01, -4.9951e-01,
          1.7234e-01, -3.7842e-01, -5.0540e-01, -5.6201e-01, -1.9365e-01,
         -6.5764e-02,  5.6431e-01,  2.7636e-01, -1.3442e-01, -3.7800e-01,
          1.3106e-01],
        [ 3.9059e-01, -6.7098e-01,  3.2338e-01,  1.9679e-01, -1.1825e-01,
          2.1889e-01, -2.0200e-01, -3.2409e-01, -5.1671e-01,  9.5882e-02,
          2.0594e-01,  1.5052e-01, -9.8944e-02, -2.1771e-01, -4.6334e-01,
          5.0498e-01],
        [ 1.5808e-01, -4.1768e-01,  1.7953e-01,  3.8990e-01, -3.9379e-01,
          2.1544e-01, -2.0102e-01, -4.8250e-01, -2.9245e-01, -2.3150e-01,
         -2.8359e-01,  2.5476e-01,  1.6193e-01, -2.7904e-02, -5.3550e-01,
          1.7602e-01],
        [ 4.4658e-01, -3.5863e-01,  4.8882e-01, -3.3016e-02, -3.0267e-01,
          3.4485e-01, -6.1194e-01, -1.1993e-01, -4.9075e-01,  6.8018e-02,
         -3.7670e-03,  1.9982e-01,  1.8979e-01, -7.8734e-02,  6.9764e-04,
          5.1606e-01],
        [-5.5655e-01,  4.5316e-01, -1.5232e-01, -4.1494e-02,  4.3852e-01,
         -3.4671e-01,  5.7693e-01,  2.7535e-01,  6.9928e-02,  1.4781e-01,
          1.4335e-01, -3.8578e-01, -4.4530e-03,  1.1776e-01,  1.6308e-01,
         -2.9521e-01],
        [ 4.7643e-01, -3.1979e-01,  2.7037e-01,  1.2211e-01, -4.8287e-01,
          7.4892e-02, -3.5628e-01, -5.0118e-01, -1.6781e-01, -8.5527e-02,
          4.5214e-02,  2.8853e-01,  2.3741e-01, -1.9775e-02, -1.7548e-01,
          4.0753e-01],
        [-4.1517e-01,  4.8457e-01, -4.6031e-01, -9.2245e-02,  2.2167e-02,
         -2.9549e-01,  5.3875e-01,  3.7634e-01,  4.2285e-01,  7.8889e-02,
          2.2990e-01, -1.7273e-01,  5.6012e-04,  3.6413e-01,  1.3844e-01,
         -4.0593e-01],
        [-5.0878e-01,  4.0935e-01, -2.1023e-01, -2.9260e-01,  3.4697e-01,
         -6.7435e-02,  6.4051e-01,  9.9549e-02,  3.4836e-01,  2.8069e-01,
         -1.6849e-01, -1.2328e-01, -2.1985e-01,  1.6240e-01,  1.4487e-01,
         -4.4426e-01],
        [ 1.2617e-01, -2.8189e-01,  3.5859e-01,  2.8385e-01, -1.9996e-01,
          1.1498e-01, -6.3666e-01, -5.6445e-01, -4.6862e-01, -9.8999e-02,
          1.0957e-02,  1.7762e-01, -2.6927e-02, -1.2659e-01, -4.1375e-01,
          3.1006e-01]], device='cuda:0', requires_grad=True)

Parameter name: road_linear_0.bias
Shape: torch.Size([32])
Values: Parameter containing:
tensor([-0.2383,  0.1102,  0.2020, -0.0948,  0.0049, -0.1023,  0.0651,  0.0927,
        -0.2341, -0.0775,  0.0275,  0.0477,  0.1055,  0.0805,  0.0083,  0.0744,
        -0.1514,  0.0769, -0.0193, -0.0848,  0.0050, -0.0457, -0.1148, -0.1557,
        -0.1274,  0.1600,  0.1262,  0.0331, -0.0843, -0.1264,  0.1239, -0.1925],
       device='cuda:0', requires_grad=True)

Parameter name: road_linear_1.weight
Shape: torch.Size([1, 32])
Values: Parameter containing:
tensor([[ 0.6848,  0.7256,  0.6499, -0.6799,  0.7829,  0.8179, -0.6681, -0.7844,
         -0.7296,  0.8326,  0.6819,  0.8342, -0.7311, -0.7935,  0.7179, -0.7055,
         -0.6903,  0.7341,  0.6575, -0.6476,  0.7700, -0.6035, -0.7769, -0.7435,
         -0.7383, -0.8036, -0.6812,  0.7760, -0.7776,  0.7632,  0.7223, -0.6365]],
       device='cuda:0', requires_grad=True)

Parameter name: linear_0.weight
Shape: torch.Size([32, 39])
Values: Parameter containing:
tensor([[ 0.2912,  0.2126, -0.0175,  ...,  0.1042, -0.1911, -0.1137],
        [-0.1120, -0.2134,  0.1727,  ...,  0.0044, -0.4143,  0.0871],
        [ 0.0262,  0.1837,  0.0731,  ...,  0.1539,  0.1375,  0.0345],
        ...,
        [-0.0504, -0.2090,  0.0720,  ..., -0.1372, -0.1848, -0.1180],
        [ 0.0279, -0.0751, -0.0125,  ..., -0.1635,  0.0212,  0.1557],
        [-0.0661,  0.1738, -0.0341,  ..., -0.0508,  0.0336, -0.0509]],
       device='cuda:0', requires_grad=True)

Parameter name: linear_0.bias
Shape: torch.Size([32])
Values: Parameter containing:
tensor([ 0.0493,  0.0633, -0.1536, -0.0523, -0.0563,  0.0406, -0.1251,  0.1090,
        -0.0427,  0.1469,  0.0212, -0.0452, -0.0592,  0.0686, -0.0744, -0.0455,
         0.1088, -0.1385, -0.0474,  0.0504, -0.0807,  0.1447,  0.0987, -0.0601,
         0.0091,  0.1179,  0.0156, -0.1363,  0.0869,  0.1802,  0.0834, -0.1329],
       device='cuda:0', requires_grad=True)

Parameter name: linear_1.weight
Shape: torch.Size([32, 32])
Values: Parameter containing:
tensor([[ 0.1815, -0.2004, -0.1125,  ..., -0.0506, -0.1216,  0.1626],
        [ 0.0591,  0.0037,  0.1477,  ..., -0.0370, -0.0375,  0.2478],
        [-0.1227, -0.0872, -0.1821,  ...,  0.0199,  0.0464,  0.0072],
        ...,
        [-0.0845,  0.0285,  0.0750,  ...,  0.1961, -0.1518,  0.1298],
        [ 0.2531, -0.1076,  0.0867,  ...,  0.0621,  0.1843,  0.0192],
        [ 0.2246, -0.0602,  0.2495,  ...,  0.0815,  0.1018,  0.1085]],
       device='cuda:0', requires_grad=True)

Parameter name: linear_1.bias
Shape: torch.Size([32])
Values: Parameter containing:
tensor([ 6.1685e-02,  2.1834e-02,  5.8015e-02,  2.1625e-02, -7.3070e-02,
        -1.2683e-01,  6.1610e-02, -1.7997e-01,  2.3965e-02, -6.7251e-02,
         2.3039e-01, -1.8676e-01,  8.0214e-02,  1.0117e-01, -2.2304e-01,
        -2.4669e-02, -5.0015e-02, -1.0553e-01, -6.5164e-02, -1.0552e-01,
         9.9802e-02,  1.9882e-01, -1.0576e-01,  2.0663e-01, -1.5039e-01,
        -5.5805e-02,  1.3928e-01, -1.4455e-01, -4.2051e-02, -1.2587e-04,
         7.0460e-04, -5.9882e-02], device='cuda:0', requires_grad=True)

Parameter name: linear_2.weight
Shape: torch.Size([1, 32])
Values: Parameter containing:
tensor([[ 0.3400,  0.2426, -0.3446, -0.3010,  0.2116,  0.2078, -0.2339,  0.2670,
          0.2367, -0.2511, -0.2262,  0.2199,  0.2296, -0.2016,  0.2665,  0.2198,
         -0.3212, -0.3287,  0.1932,  0.2244, -0.2877, -0.2682, -0.3387, -0.1567,
          0.3017,  0.3396, -0.3239,  0.3175, -0.2403, -0.3120,  0.3160,  0.3104]],
       device='cuda:0', requires_grad=True)

Parameter name: linear_2.bias
Shape: torch.Size([1])
Values: Parameter containing:
tensor([-0.1436], device='cuda:0', requires_grad=True)

