Parameter name: road_linear_0.weight
Shape: torch.Size([32, 16])
Values: Parameter containing:
tensor([[ 0.0075,  0.3877,  0.3017, -0.3009, -0.1984, -0.1515, -0.1096, -0.4196,
         -0.3387, -0.0799, -0.0170,  0.2208, -0.3504, -0.0828, -0.0732,  0.3932],
        [-0.2499, -0.3754, -0.0911, -0.0368, -0.0230,  0.2484,  0.1827,  0.1847,
          0.4967,  0.1367,  0.2859, -0.2823,  0.3946, -0.0094,  0.3727, -0.0907],
        [ 0.1102,  0.2931,  0.3909, -0.1141, -0.1225, -0.3459, -0.1349, -0.4888,
         -0.1541, -0.1009, -0.1540,  0.0016, -0.0365,  0.3434, -0.0715,  0.3017],
        [ 0.2864,  0.1039,  0.0862, -0.0574, -0.0725, -0.2182, -0.1992, -0.1512,
         -0.5475, -0.4288, -0.2037,  0.4119, -0.1152, -0.1355, -0.2458,  0.1803],
        [-0.1032,  0.0452, -0.1666, -0.0470,  0.1784,  0.0960,  0.0736,  0.3641,
          0.2574,  0.3096,  0.3397, -0.1987,  0.3668, -0.2185,  0.3330, -0.1777],
        [-0.0359,  0.0643, -0.3760,  0.4000,  0.3812,  0.0016,  0.3272,  0.0394,
          0.4021,  0.2474, -0.0757, -0.1500,  0.1792,  0.1212,  0.4899, -0.1175],
        [ 0.3676,  0.2351,  0.3976, -0.1606, -0.0587, -0.2041, -0.2069, -0.2589,
         -0.3632, -0.0306, -0.0329,  0.0806, -0.3899,  0.1841, -0.3319,  0.1633],
        [-0.0522,  0.3579,  0.3592, -0.3467, -0.3576, -0.2986, -0.1284, -0.2971,
         -0.3097, -0.2333, -0.0891,  0.0617, -0.0750, -0.1072, -0.1625,  0.3767],
        [ 0.0416,  0.3561,  0.3030, -0.2318, -0.0605, -0.3457, -0.1879, -0.1209,
         -0.0577, -0.3244, -0.2794,  0.0736, -0.4516,  0.1545, -0.3343,  0.1174],
        [-0.3145, -0.1637, -0.1135, -0.0150,  0.1115,  0.1794,  0.1104,  0.2958,
          0.4013,  0.0294,  0.3639, -0.0584,  0.1647, -0.0917,  0.2530, -0.2396],
        [-0.3773,  0.0248, -0.0727, -0.0430, -0.0175,  0.4500,  0.2916,  0.1856,
          0.4867,  0.2860,  0.2200, -0.0482,  0.2394,  0.1149,  0.0625, -0.3671],
        [-0.1536, -0.2071, -0.0439,  0.0916,  0.2048,  0.1432,  0.4249,  0.1959,
          0.2869,  0.3797,  0.4095,  0.0223, -0.0224, -0.2682,  0.0861, -0.2496],
        [ 0.3400,  0.2781,  0.1588, -0.1456, -0.1125,  0.0209, -0.1140, -0.3621,
         -0.4401, -0.1191, -0.1659,  0.0682, -0.4799,  0.1364, -0.2842,  0.0552],
        [ 0.2152,  0.3985,  0.3693,  0.0011, -0.3205, -0.0225, -0.0638, -0.0945,
         -0.3121, -0.1774, -0.2754,  0.1295, -0.2314,  0.0516, -0.3678,  0.2594],
        [-0.3828, -0.3463, -0.0675, -0.0519,  0.3798,  0.4051,  0.1354,  0.1525,
          0.0798,  0.1995,  0.1842, -0.3395,  0.2911, -0.0986,  0.1026, -0.1854],
        [-0.0383, -0.0226,  0.1949,  0.1185, -0.3922, -0.0671, -0.2736, -0.4281,
         -0.4326, -0.1098, -0.1301,  0.5236, -0.4025, -0.0486, -0.0401,  0.1305],
        [ 0.3385,  0.3295,  0.2161, -0.3540, -0.3916, -0.0581, -0.1486, -0.0479,
         -0.4949, -0.2173,  0.0747,  0.3316,  0.0025,  0.3003, -0.1915,  0.0131],
        [-0.2998, -0.0490, -0.2431,  0.1245,  0.1453,  0.3062,  0.3180,  0.3084,
          0.2492,  0.2999, -0.0009, -0.2738,  0.1415, -0.1946,  0.3267, -0.1927],
        [ 0.2359,  0.1435,  0.1370, -0.2541, -0.2279, -0.3710, -0.3616, -0.0288,
         -0.5965, -0.1286, -0.1051, -0.0320, -0.1963,  0.2777, -0.1001,  0.2179],
        [ 0.3763,  0.1724,  0.2685, -0.0743, -0.3133, -0.2270, -0.3868,  0.0056,
         -0.1559, -0.2909, -0.1611,  0.2642, -0.4337,  0.0907,  0.0051,  0.2203],
        [-0.1953,  0.0122, -0.0535, -0.0825,  0.2997, -0.0151,  0.3446,  0.4165,
          0.3000,  0.0968,  0.0031, -0.3192,  0.1643, -0.1962,  0.4400, -0.2817],
        [-0.0964, -0.4140, -0.0631,  0.3890,  0.0047,  0.1223,  0.3076, -0.0191,
          0.1480,  0.2919,  0.4041, -0.2965,  0.2300, -0.3754, -0.0172,  0.0125],
        [ 0.3703,  0.0702,  0.0531, -0.1516, -0.0036, -0.3980, -0.3233, -0.2534,
         -0.3541, -0.1720,  0.0638,  0.2333, -0.4204,  0.3013,  0.0614,  0.2421],
        [ 0.2599,  0.2237,  0.3394, -0.3536, -0.2394, -0.1694, -0.2019, -0.3066,
         -0.4515, -0.3368, -0.1243,  0.3621, -0.0079,  0.1098, -0.2127,  0.0423],
        [ 0.2407, -0.0499,  0.1841, -0.1129,  0.0182, -0.2937, -0.0262, -0.2533,
         -0.5320,  0.0135,  0.0479,  0.0698, -0.4180,  0.2579, -0.3945,  0.3877],
        [ 0.0568,  0.0742,  0.0914,  0.0929, -0.2431, -0.2219, -0.0646, -0.3863,
         -0.2889, -0.3786, -0.3586,  0.1569, -0.1997,  0.3016, -0.4406,  0.1094],
        [ 0.2371,  0.2519,  0.3101, -0.3451, -0.1939, -0.1032, -0.4013, -0.0529,
         -0.5058, -0.0198, -0.0532,  0.1148, -0.1179,  0.2980,  0.0552,  0.3282],
        [-0.3377, -0.1018,  0.0048,  0.2031,  0.3274,  0.0338,  0.4129,  0.2017,
          0.0575,  0.1291,  0.3779, -0.3004,  0.1769, -0.2191,  0.0359, -0.1523],
        [ 0.3241,  0.1924,  0.1511, -0.1331, -0.3231, -0.2982, -0.1940, -0.3812,
         -0.1367, -0.1387, -0.1006,  0.1743,  0.0006,  0.3244, -0.0456,  0.3032],
        [-0.2694, -0.0292, -0.3106,  0.2306, -0.0728,  0.1464,  0.3564,  0.3282,
          0.4538,  0.2425,  0.2170, -0.1016,  0.3568,  0.0854,  0.1681, -0.2384],
        [-0.3114, -0.2322, -0.0615,  0.0214,  0.2245,  0.4063,  0.4367,  0.0246,
          0.3606,  0.3574, -0.0895, -0.0559,  0.0684, -0.2926,  0.0773, -0.2893],
        [ 0.0453,  0.2125,  0.2324, -0.0115,  0.0096, -0.3123, -0.4319, -0.3975,
         -0.4487, -0.2740, -0.0203,  0.0089, -0.3894,  0.2411, -0.2846,  0.1992]],
       device='cuda:0', requires_grad=True)

Parameter name: road_linear_0.bias
Shape: torch.Size([32])
Values: Parameter containing:
tensor([-0.0838, -0.0222, -0.0470, -0.0270,  0.0042, -0.2260,  0.0839,  0.1039,
        -0.0752,  0.0012,  0.0405,  0.0887,  0.1295,  0.0567,  0.0748,  0.0064,
        -0.0430, -0.0355,  0.0627, -0.0458, -0.1133, -0.0356, -0.0361,  0.0274,
        -0.0416,  0.1332,  0.1315,  0.0588, -0.1200, -0.1822,  0.0416,  0.0250],
       device='cuda:0', requires_grad=True)

Parameter name: road_linear_1.weight
Shape: torch.Size([1, 32])
Values: Parameter containing:
tensor([[-0.2723,  0.3674, -0.2846, -0.3167,  0.3679,  0.4407, -0.3246, -0.4123,
         -0.3647,  0.4165,  0.3250,  0.4336, -0.3256, -0.4421,  0.3296, -0.3742,
         -0.3727,  0.3741, -0.2926, -0.2764,  0.4779,  0.3719, -0.4180, -0.4114,
         -0.3844, -0.3944, -0.3625,  0.3990, -0.3945,  0.4222,  0.3555, -0.2858]],
       device='cuda:0', requires_grad=True)

Parameter name: linear_0.weight
Shape: torch.Size([32, 39])
Values: Parameter containing:
tensor([[-0.0151,  0.1753,  0.0600,  ...,  0.2068, -0.3349, -0.1137],
        [-0.0600, -0.0628,  0.1183,  ...,  0.1023, -0.3045,  0.0871],
        [-0.1313,  0.2505,  0.0815,  ...,  0.2133, -0.0359,  0.0345],
        ...,
        [ 0.0893, -0.1301, -0.0379,  ..., -0.1678, -0.0039, -0.1180],
        [ 0.0290, -0.2005, -0.0376,  ..., -0.2632,  0.1094,  0.1557],
        [-0.1702,  0.1471,  0.0449,  ...,  0.0755, -0.2724, -0.0509]],
       device='cuda:0', requires_grad=True)

Parameter name: linear_0.bias
Shape: torch.Size([32])
Values: Parameter containing:
tensor([ 0.0598,  0.0279, -0.0868, -0.1562, -0.0825, -0.0084, -0.0998,  0.0452,
        -0.0358,  0.0577,  0.0334, -0.0097,  0.0199,  0.1036, -0.0408, -0.0204,
         0.0533, -0.1678,  0.0088,  0.0840, -0.0648,  0.0151,  0.1114,  0.0262,
        -0.1086,  0.0989,  0.0453, -0.1067,  0.0508,  0.2088,  0.1699, -0.1266],
       device='cuda:0', requires_grad=True)

Parameter name: linear_1.weight
Shape: torch.Size([32, 32])
Values: Parameter containing:
tensor([[ 0.0428, -0.1658, -0.1949,  ...,  0.0364, -0.0410,  0.0665],
        [-0.2224, -0.0208, -0.0198,  ...,  0.1428, -0.0219,  0.0497],
        [ 0.1573, -0.0447, -0.0325,  ..., -0.1449, -0.0041,  0.1890],
        ...,
        [ 0.1751,  0.0486,  0.2448,  ...,  0.1147, -0.1742,  0.2504],
        [-0.0134, -0.1518, -0.0386,  ...,  0.2529,  0.2283, -0.1790],
        [-0.0022, -0.1199,  0.1322,  ...,  0.2314,  0.1368, -0.0461]],
       device='cuda:0', requires_grad=True)

Parameter name: linear_1.bias
Shape: torch.Size([32])
Values: Parameter containing:
tensor([ 0.1005,  0.1508, -0.0485, -0.1090, -0.0983, -0.1814, -0.0749, -0.0171,
         0.1515, -0.1815,  0.1404, -0.1341,  0.2083,  0.1052, -0.0986,  0.1362,
        -0.1299, -0.1881,  0.0841,  0.0146, -0.0235,  0.0701, -0.2060,  0.2284,
        -0.0392, -0.0168,  0.0754, -0.0483, -0.1627, -0.0488,  0.1340,  0.0377],
       device='cuda:0', requires_grad=True)

Parameter name: linear_2.weight
Shape: torch.Size([1, 32])
Values: Parameter containing:
tensor([[ 0.4529,  0.3778, -0.4214, -0.4486, -0.3129, -0.3020, -0.3589,  0.3366,
          0.3455, -0.3628, -0.3288,  0.3417,  0.3446,  0.2977,  0.3636,  0.3429,
         -0.4446, -0.4449,  0.3003,  0.3529, -0.4076, -0.3537, -0.4597,  0.2922,
          0.4214,  0.4705, -0.4250,  0.4500, -0.3591, -0.4519,  0.4116,  0.4515]],
       device='cuda:0', requires_grad=True)

Parameter name: linear_2.bias
Shape: torch.Size([1])
Values: Parameter containing:
tensor([0.1871], device='cuda:0', requires_grad=True)

Parameter name: road_linear_0.weight
Shape: torch.Size([32, 16])
Values: Parameter containing:
tensor([[ 2.6527e-02,  2.9453e-01,  3.1278e-01, -3.4432e-01, -8.0655e-02,
         -1.9771e-01, -1.1362e-01, -4.5494e-01, -1.9307e-01, -5.6987e-02,
          3.8334e-02,  2.0885e-01,  1.0144e-01, -6.9253e-02,  4.0947e-01,
          3.2318e-01],
        [-2.9942e-01, -2.8597e-01, -1.3012e-01,  2.4135e-02, -1.0341e-01,
          3.1452e-01,  2.3976e-01,  2.3730e-01,  4.2893e-01,  1.2209e-01,
          2.1208e-01, -3.1413e-01, -5.0388e-02, -4.0525e-02, -9.4438e-02,
         -5.5572e-02],
        [ 1.0039e-01,  1.8690e-01,  3.8274e-01, -1.2610e-01,  8.9639e-02,
         -3.8124e-01, -1.0134e-01, -4.6852e-01,  4.5612e-02, -4.5737e-02,
         -8.0141e-02, -3.4356e-02,  4.3085e-01,  2.8529e-01,  5.1117e-01,
          2.2010e-01],
        [ 3.0116e-01,  1.1482e-02,  9.5558e-02, -8.8741e-02,  4.3296e-02,
         -2.4524e-01, -2.0913e-01, -1.5802e-01, -4.2373e-01, -3.7647e-01,
         -9.0801e-02,  3.9916e-01,  3.2549e-01, -1.4592e-01,  2.1910e-01,
          1.1962e-01],
        [-1.5560e-01,  1.7917e-01, -1.9956e-01,  1.8784e-02,  1.2143e-01,
          1.7050e-01,  1.3214e-01,  4.3154e-01,  2.0387e-01,  2.8350e-01,
          2.1418e-01, -2.4728e-01, -1.1589e-01, -2.3405e-01, -2.0717e-01,
         -1.0683e-01],
        [-4.8335e-02,  2.0163e-01, -3.8153e-01,  4.3131e-01,  2.2815e-01,
          4.0339e-02,  3.2125e-01,  5.3024e-02,  2.9884e-01,  1.9751e-01,
         -1.6552e-01, -1.5637e-01, -3.1273e-01,  1.2461e-01, -6.2001e-02,
         -4.2797e-02],
        [ 4.0190e-01,  1.4542e-01,  4.2294e-01, -1.9910e-01,  7.4414e-02,
         -2.6504e-01, -2.4910e-01, -3.0082e-01, -2.6901e-01, -1.8587e-03,
         -4.3890e-03,  1.0040e-01,  7.9818e-03,  2.0846e-01,  6.3900e-02,
          1.2600e-01],
        [-4.0006e-02,  2.6477e-01,  3.6538e-01, -3.5762e-01, -1.9450e-01,
         -3.4068e-01, -1.3840e-01, -2.9995e-01, -1.9259e-01, -1.9138e-01,
         -5.8684e-02,  4.9463e-02,  2.8929e-01, -1.0217e-01,  2.2186e-01,
          3.3505e-01],
        [ 7.9044e-02,  2.4693e-01,  3.2568e-01, -2.7859e-01, -3.3212e-02,
         -4.0953e-01, -2.2961e-01, -1.8687e-01,  9.0370e-03, -2.9413e-01,
         -1.0140e-01,  1.2580e-01, -2.7099e-02,  1.1809e-01,  1.0976e-01,
          6.2369e-02],
        [-3.3500e-01, -3.0777e-02, -1.2232e-01,  1.7824e-02,  1.9552e-02,
          2.2438e-01,  1.2304e-01,  3.2514e-01,  3.0533e-01, -1.7269e-02,
          2.2648e-01, -7.0553e-02, -3.1575e-01, -6.8590e-02, -2.9161e-01,
         -1.6056e-01],
        [-3.7617e-01,  1.2804e-01, -6.6466e-02, -3.3446e-02, -1.2540e-01,
          4.6637e-01,  2.8490e-01,  1.7443e-01,  3.4759e-01,  2.2058e-01,
          5.8186e-02, -1.9532e-02, -1.9870e-01,  1.5379e-01, -4.6941e-01,
         -2.9032e-01],
        [-1.6036e-01, -8.6985e-02, -3.7068e-02,  1.0517e-01,  1.7348e-01,
          1.7287e-01,  4.3806e-01,  2.3096e-01,  1.9268e-01,  3.1715e-01,
          1.4079e-01,  7.3678e-03, -4.4795e-01, -1.7152e-01, -3.4936e-01,
         -1.5948e-01],
        [ 3.9542e-01,  1.5932e-01,  2.0152e-01, -2.1357e-01,  1.3505e-02,
         -6.4609e-02, -1.7423e-01, -4.1348e-01, -3.7192e-01, -1.0203e-01,
         -1.0666e-01,  9.0911e-02,  2.9115e-02,  1.9310e-01,  2.8656e-01,
         -3.6754e-03],
        [ 2.6023e-01,  3.0487e-01,  4.0242e-01, -4.7309e-02, -2.3772e-01,
         -9.2491e-02, -1.2097e-01, -1.5707e-01, -2.5646e-01, -1.6345e-01,
         -2.0449e-01,  1.7258e-01,  1.8676e-01,  6.7191e-02,  5.4651e-02,
          2.2748e-01],
        [-4.0797e-01, -2.5128e-01, -8.4707e-02, -2.6570e-02,  2.5588e-01,
          4.6258e-01,  1.5965e-01,  1.7955e-01, -2.0360e-02,  1.6462e-01,
          1.1828e-01, -3.4754e-01, -1.2656e-01, -1.0508e-01, -3.6197e-01,
         -1.3868e-01],
        [-3.5809e-02, -2.4186e-01,  1.8044e-01,  4.8623e-02, -2.9390e-01,
         -7.6923e-02, -2.1287e-01, -3.9887e-01, -2.4367e-01, -3.0567e-04,
          4.1750e-02,  5.3218e-01,  2.2136e-01, -6.0725e-02,  5.8151e-01,
         -1.1413e-02],
        [ 3.3771e-01,  2.1455e-01,  2.0773e-01, -3.6147e-01, -2.7156e-01,
         -8.2835e-02, -1.5405e-01, -6.9227e-02, -3.7736e-01, -1.5747e-01,
          1.6240e-01,  3.2731e-01,  3.8679e-01,  2.5404e-01,  1.9387e-01,
         -5.8075e-02],
        [-3.1877e-01,  3.1005e-02, -2.5530e-01,  1.4804e-01,  3.8749e-02,
          3.4464e-01,  3.4189e-01,  3.2971e-01,  1.4528e-01,  2.6065e-01,
         -5.1812e-02, -2.7541e-01, -2.0166e-01, -2.0164e-01, -1.9805e-02,
         -1.5268e-01],
        [ 2.4671e-01,  6.8497e-02,  1.5166e-01, -2.9306e-01, -6.0233e-02,
         -4.1358e-01, -3.4028e-01, -2.6867e-02, -3.9496e-01, -9.4203e-02,
         -2.7280e-02, -5.1970e-02,  2.2917e-01,  2.2548e-01,  4.4236e-01,
          1.5924e-01],
        [ 3.9469e-01,  7.9838e-02,  2.7592e-01, -9.7129e-02, -2.2241e-01,
         -2.7478e-01, -4.0981e-01, -2.5583e-02, -4.7834e-02, -2.4489e-01,
         -5.6365e-02,  2.7851e-01, -3.7594e-02,  8.0643e-02,  4.0799e-01,
          1.6475e-01],
        [-2.2966e-01,  1.3084e-01, -7.4797e-02, -2.9227e-02,  2.1515e-01,
          3.6430e-02,  3.7359e-01,  4.6412e-01,  2.3816e-01,  7.0103e-02,
         -9.1343e-02, -3.6110e-01, -2.6968e-01, -2.2044e-01, -5.4587e-02,
         -2.3001e-01],
        [-9.4078e-02, -2.8292e-01, -5.3052e-02,  3.9076e-01, -9.3222e-02,
          1.5686e-01,  2.9197e-01, -2.8860e-03,  2.9275e-02,  2.2785e-01,
          2.3839e-01, -2.9698e-01, -1.9610e-01, -3.1299e-01, -5.3225e-01,
          9.6468e-02],
        [ 3.7751e-01, -1.7793e-02,  5.3963e-02, -1.5908e-01,  1.1300e-01,
         -4.2611e-01, -3.3579e-01, -2.5868e-01, -2.3613e-01, -1.2377e-01,
          1.2913e-01,  2.2311e-01, -8.0728e-02,  2.8715e-01,  4.3945e-01,
          1.9285e-01],
        [ 2.7307e-01,  1.5175e-01,  3.4449e-01, -3.6964e-01, -1.3187e-01,
         -2.0134e-01, -2.2505e-01, -3.1426e-01, -3.4606e-01, -2.9637e-01,
         -9.2696e-02,  3.5612e-01,  2.8264e-01,  1.2382e-01,  5.8329e-02,
          8.9018e-03],
        [ 2.5930e-01, -1.9823e-01,  1.9581e-01, -1.6030e-01,  1.1155e-01,
         -3.3137e-01, -3.7708e-02, -2.8353e-01, -4.1080e-01,  7.3342e-02,
          1.9636e-01,  7.7119e-02,  1.1160e-01,  2.2314e-01,  1.8799e-01,
          2.9104e-01],
        [ 1.0586e-01, -3.7043e-02,  1.3084e-01,  3.3637e-02, -1.4071e-01,
         -3.0371e-01, -1.1284e-01, -4.3836e-01, -2.2571e-01, -3.6012e-01,
         -2.7959e-01,  1.9379e-01,  2.5815e-01,  3.4472e-01,  8.8524e-02,
          6.1474e-02],
        [ 2.2983e-01,  1.5280e-01,  2.9766e-01, -3.4139e-01, -5.1523e-02,
         -1.2531e-01, -3.9880e-01, -4.8053e-02, -3.6399e-01,  4.1386e-02,
          1.7321e-02,  9.5289e-02,  2.2940e-01,  2.6939e-01,  4.2293e-01,
          2.6653e-01],
        [-3.5119e-01,  1.3023e-02,  3.6885e-03,  2.2082e-01,  2.5529e-01,
          7.1064e-02,  4.2494e-01,  2.3116e-01, -3.9521e-02,  7.8161e-02,
          2.0784e-01, -3.0864e-01, -2.5224e-01, -1.7602e-01, -4.3054e-01,
         -7.6794e-02],
        [ 3.2627e-01,  9.5627e-02,  1.4611e-01, -1.3499e-01, -2.3117e-01,
         -3.2704e-01, -1.9413e-01, -3.9214e-01, -1.9440e-02, -8.6007e-02,
          1.2646e-02,  1.6597e-01,  3.4638e-01,  2.8691e-01,  3.6475e-01,
          2.4118e-01],
        [-2.9009e-01,  4.7827e-02, -3.2491e-01,  2.5522e-01, -1.9291e-01,
          1.8603e-01,  3.8147e-01,  3.3973e-01,  3.5084e-01,  2.0831e-01,
          1.7598e-01, -1.0006e-01,  1.7272e-02,  6.4516e-02, -1.6546e-01,
         -2.0510e-01],
        [-3.0435e-01, -1.2308e-01, -4.8478e-02,  2.1233e-02,  1.0807e-01,
          4.2346e-01,  4.3341e-01,  2.8665e-02,  2.2621e-01,  2.8944e-01,
         -2.0735e-01, -4.0586e-02, -3.2385e-01, -2.3566e-01, -3.7183e-01,
         -2.1380e-01],
        [ 9.1529e-02,  1.4774e-01,  2.7140e-01, -8.0741e-02,  1.2354e-01,
         -3.7250e-01, -4.7841e-01, -4.4121e-01, -3.1752e-01, -2.6164e-01,
          4.5984e-02,  3.3366e-02,  3.0115e-02,  2.3728e-01,  1.3294e-01,
          1.6916e-01]], device='cuda:0', requires_grad=True)

Parameter name: road_linear_0.bias
Shape: torch.Size([32])
Values: Parameter containing:
tensor([-0.0773, -0.0812,  0.2091, -0.0034, -0.1197, -0.0761,  0.1012,  0.0869,
         0.0004, -0.0844, -0.0468,  0.0251,  0.1534,  0.1290, -0.0369, -0.0275,
        -0.0982, -0.0033,  0.1426,  0.0384, -0.0352, -0.2070,  0.0081, -0.0325,
         0.0234,  0.2554,  0.1492, -0.0037, -0.0291, -0.1668, -0.0168,  0.0599],
       device='cuda:0', requires_grad=True)

Parameter name: road_linear_1.weight
Shape: torch.Size([1, 32])
Values: Parameter containing:
tensor([[-0.2418,  0.3393, -0.2572, -0.2952,  0.3741,  0.4007, -0.3003, -0.4000,
         -0.3247,  0.3965,  0.3026,  0.4247, -0.2985, -0.4058,  0.3381, -0.3125,
         -0.3312,  0.3650, -0.2569, -0.2711,  0.4520,  0.3943, -0.4044, -0.3999,
         -0.3476, -0.3824, -0.3433,  0.4100, -0.4009,  0.4087,  0.3290, -0.2634]],
       device='cuda:0', requires_grad=True)

Parameter name: linear_0.weight
Shape: torch.Size([32, 39])
Values: Parameter containing:
tensor([[-0.0101,  0.0018,  0.0246,  ...,  0.2112, -0.3978, -0.1137],
        [-0.0798, -0.1835,  0.0808,  ...,  0.1485, -0.3616,  0.0871],
        [-0.0562,  0.1510,  0.0942,  ...,  0.0055,  0.2786,  0.0345],
        ...,
        [ 0.0431, -0.1504,  0.0111,  ...,  0.0703, -0.3297, -0.1180],
        [ 0.0294, -0.0802,  0.0125,  ..., -0.3112,  0.1593,  0.1557],
        [-0.0862,  0.1559,  0.0139,  ..., -0.1756,  0.1170, -0.0509]],
       device='cuda:0', requires_grad=True)

Parameter name: linear_0.bias
Shape: torch.Size([32])
Values: Parameter containing:
tensor([ 0.0507,  0.0549, -0.0948, -0.1207, -0.0562,  0.0464, -0.1310,  0.0619,
        -0.0454,  0.0928,  0.0365,  0.0046,  0.0100,  0.0636, -0.0779, -0.0193,
         0.0456, -0.1417, -0.0330, -0.0143, -0.1081,  0.0525,  0.0811, -0.0071,
        -0.0853,  0.0672,  0.0246, -0.0953,  0.0640,  0.1477,  0.1311, -0.0662],
       device='cuda:0', requires_grad=True)

Parameter name: linear_1.weight
Shape: torch.Size([32, 32])
Values: Parameter containing:
tensor([[ 0.0216, -0.2075, -0.0715,  ..., -0.1576, -0.0038,  0.2743],
        [-0.2554, -0.0541,  0.1103,  ..., -0.0875,  0.0046,  0.2814],
        [ 0.1803, -0.0075, -0.1870,  ...,  0.0990, -0.0368, -0.0795],
        ...,
        [ 0.1673,  0.1219,  0.0725,  ...,  0.2803, -0.2366,  0.0458],
        [-0.0714, -0.1870,  0.0875,  ..., -0.0156,  0.2610,  0.0993],
        [-0.0339, -0.1309,  0.2188,  ...,  0.0347,  0.1516,  0.1410]],
       device='cuda:0', requires_grad=True)

Parameter name: linear_1.bias
Shape: torch.Size([32])
Values: Parameter containing:
tensor([ 0.0911,  0.1273, -0.0377, -0.0581, -0.0321, -0.0382, -0.0339, -0.0634,
         0.1114, -0.1801,  0.1246, -0.1335,  0.1664, -0.0213, -0.1442,  0.1096,
        -0.1294, -0.1556,  0.0151, -0.0302,  0.0076,  0.1067, -0.1938,  0.2065,
        -0.0664, -0.0277,  0.0885, -0.0332, -0.1136, -0.0617,  0.1159,  0.0036],
       device='cuda:0', requires_grad=True)

Parameter name: linear_2.weight
Shape: torch.Size([1, 32])
Values: Parameter containing:
tensor([[ 0.6330,  0.5574, -0.6387, -0.6389,  0.4854,  0.4953, -0.5415,  0.5521,
          0.5483, -0.5743, -0.5640,  0.5233,  0.5450, -0.4870,  0.5672,  0.5164,
         -0.6438, -0.6343,  0.5110,  0.5299, -0.5993, -0.5717, -0.6342,  0.4681,
          0.6095,  0.6340, -0.6099,  0.6786, -0.5446, -0.6259,  0.6128,  0.6248]],
       device='cuda:0', requires_grad=True)

Parameter name: linear_2.bias
Shape: torch.Size([1])
Values: Parameter containing:
tensor([0.3434], device='cuda:0', requires_grad=True)

Parameter name: road_linear_0.weight
Shape: torch.Size([32, 16])
Values: Parameter containing:
tensor([[ 2.6517e-02,  2.9383e-01,  3.1231e-01, -3.4408e-01, -8.1222e-02,
         -1.9782e-01, -1.1366e-01, -4.5548e-01, -1.9325e-01, -5.6503e-02,
          3.8578e-02,  2.0923e-01,  1.0206e-01, -6.9550e-02,  4.1006e-01,
          3.2260e-01],
        [-2.9940e-01, -2.8531e-01, -1.2974e-01,  2.3926e-02, -1.0284e-01,
          3.1460e-01,  2.3979e-01,  2.3782e-01,  4.2910e-01,  1.2166e-01,
          2.1181e-01, -3.1448e-01, -5.0972e-02, -4.0210e-02, -9.4929e-02,
         -5.5042e-02],
        [ 1.0038e-01,  1.8623e-01,  3.8230e-01, -1.2586e-01,  8.9124e-02,
         -3.8135e-01, -1.0139e-01, -4.6902e-01,  4.5446e-02, -4.5280e-02,
         -7.9929e-02, -3.4017e-02,  4.3147e-01,  2.8502e-01,  5.1178e-01,
          2.1956e-01],
        [ 3.0113e-01,  1.0817e-02,  9.5126e-02, -8.8511e-02,  4.2748e-02,
         -2.4531e-01, -2.0913e-01, -1.5853e-01, -4.2390e-01, -3.7602e-01,
         -9.0555e-02,  3.9952e-01,  3.2610e-01, -1.4620e-01,  2.1964e-01,
          1.1907e-01],
        [-1.5558e-01,  1.7987e-01, -1.9908e-01,  1.8541e-02,  1.2204e-01,
          1.7058e-01,  1.3214e-01,  4.3209e-01,  2.0405e-01,  2.8302e-01,
          2.1389e-01, -2.4767e-01, -1.1650e-01, -2.3375e-01, -2.0775e-01,
         -1.0623e-01],
        [-4.8304e-02,  2.0224e-01, -3.8116e-01,  4.3111e-01,  2.2867e-01,
          4.0381e-02,  3.2123e-01,  5.3467e-02,  2.9899e-01,  1.9712e-01,
         -1.6576e-01, -1.5672e-01, -3.1328e-01,  1.2484e-01, -6.2458e-02,
         -4.2316e-02],
        [ 4.0189e-01,  1.4478e-01,  4.2257e-01, -1.9890e-01,  7.3887e-02,
         -2.6513e-01, -2.4914e-01, -3.0132e-01, -2.6919e-01, -1.4363e-03,
         -4.1492e-03,  1.0074e-01,  8.5720e-03,  2.0817e-01,  6.4394e-02,
          1.2551e-01],
        [-4.0020e-02,  2.6418e-01,  3.6506e-01, -3.5744e-01, -1.9499e-01,
         -3.4075e-01, -1.3843e-01, -3.0042e-01, -1.9275e-01, -1.9101e-01,
         -5.8473e-02,  4.9774e-02,  2.8984e-01, -1.0243e-01,  2.2229e-01,
          3.3464e-01],
        [ 7.9064e-02,  2.4625e-01,  3.2534e-01, -2.7842e-01, -3.3789e-02,
         -4.0963e-01, -2.2965e-01, -1.8739e-01,  8.8590e-03, -2.9370e-01,
         -1.0118e-01,  1.2615e-01, -2.6466e-02,  1.1776e-01,  1.1031e-01,
          6.1841e-02],
        [-3.3499e-01, -3.0096e-02, -1.2190e-01,  1.7607e-02,  2.0144e-02,
          2.2446e-01,  1.2305e-01,  3.2567e-01,  3.0550e-01, -1.7714e-02,
          2.2621e-01, -7.0926e-02, -3.1635e-01, -6.8287e-02, -2.9215e-01,
         -1.6000e-01],
        [-3.7616e-01,  1.2870e-01, -6.6047e-02, -3.3663e-02, -1.2488e-01,
          4.6646e-01,  2.8494e-01,  1.7493e-01,  3.4775e-01,  2.2014e-01,
          5.7970e-02, -1.9869e-02, -1.9931e-01,  1.5406e-01, -4.7000e-01,
         -2.8978e-01],
        [-1.6037e-01, -8.6309e-02, -3.6685e-02,  1.0497e-01,  1.7405e-01,
          1.7299e-01,  4.3813e-01,  2.3149e-01,  1.9286e-01,  3.1671e-01,
          1.4053e-01,  7.0037e-03, -4.4859e-01, -1.7120e-01, -3.4995e-01,
         -1.5892e-01],
        [ 3.9539e-01,  1.5861e-01,  2.0100e-01, -2.1329e-01,  1.2918e-02,
         -6.4716e-02, -1.7425e-01, -4.1403e-01, -3.7211e-01, -1.0152e-01,
         -1.0638e-01,  9.1299e-02,  2.9724e-02,  1.9279e-01,  2.8715e-01,
         -4.2891e-03],
        [ 2.6022e-01,  3.0425e-01,  4.0211e-01, -4.7135e-02, -2.3829e-01,
         -9.2570e-02, -1.2101e-01, -1.5757e-01, -2.5664e-01, -1.6307e-01,
         -2.0421e-01,  1.7293e-01,  1.8732e-01,  6.6858e-02,  5.5077e-02,
          2.2701e-01],
        [-4.0796e-01, -2.5063e-01, -8.4338e-02, -2.6769e-02,  2.5642e-01,
          4.6266e-01,  1.5968e-01,  1.8005e-01, -2.0202e-02,  1.6420e-01,
          1.1806e-01, -3.4787e-01, -1.2715e-01, -1.0480e-01, -3.6249e-01,
         -1.3818e-01],
        [-3.5778e-02, -2.4266e-01,  1.7980e-01,  4.8830e-02, -2.9438e-01,
         -7.6945e-02, -2.1270e-01, -3.9930e-01, -2.4364e-01,  2.1399e-04,
          4.1603e-02,  5.3252e-01,  2.2205e-01, -6.0764e-02,  5.8236e-01,
         -1.2048e-02],
        [ 3.3769e-01,  2.1391e-01,  2.0735e-01, -3.6127e-01, -2.7209e-01,
         -8.2902e-02, -1.5406e-01, -6.9722e-02, -3.7753e-01, -1.5706e-01,
          1.6264e-01,  3.2765e-01,  3.8738e-01,  2.5376e-01,  1.9436e-01,
         -5.8565e-02],
        [-3.1876e-01,  3.1605e-02, -2.5496e-01,  1.4785e-01,  3.9240e-02,
          3.4471e-01,  3.4191e-01,  3.3017e-01,  1.4543e-01,  2.6027e-01,
         -5.2023e-02, -2.7572e-01, -2.0223e-01, -2.0139e-01, -2.0278e-02,
         -1.5224e-01],
        [ 2.4671e-01,  6.7838e-02,  1.5122e-01, -2.9283e-01, -6.0728e-02,
         -4.1370e-01, -3.4033e-01, -2.7356e-02, -3.9512e-01, -9.3754e-02,
         -2.7082e-02, -5.1638e-02,  2.2980e-01,  2.2522e-01,  4.4299e-01,
          1.5871e-01],
        [ 3.9470e-01,  7.9181e-02,  2.7552e-01, -9.6916e-02, -2.2292e-01,
         -2.7489e-01, -4.0987e-01, -2.6084e-02, -4.8007e-02, -2.4444e-01,
         -5.6159e-02,  2.7885e-01, -3.6962e-02,  8.0376e-02,  4.0861e-01,
          1.6422e-01],
        [-2.2965e-01,  1.3144e-01, -7.4433e-02, -2.9394e-02,  2.1562e-01,
          3.6462e-02,  3.7354e-01,  4.6453e-01,  2.3825e-01,  6.9740e-02,
         -9.1485e-02, -3.6141e-01, -2.7024e-01, -2.2027e-01, -5.5093e-02,
         -2.2956e-01],
        [-9.4094e-02, -2.8225e-01, -5.2705e-02,  3.9058e-01, -9.2653e-02,
          1.5696e-01,  2.9203e-01, -2.3557e-03,  2.9457e-02,  2.2743e-01,
          2.3816e-01, -2.9734e-01, -1.9673e-01, -3.1267e-01, -5.3280e-01,
          9.6983e-02],
        [ 3.7751e-01, -1.8396e-02,  5.3639e-02, -1.5891e-01,  1.1251e-01,
         -4.2618e-01, -3.3583e-01, -2.5914e-01, -2.3628e-01, -1.2339e-01,
          1.2932e-01,  2.2342e-01, -8.0144e-02,  2.8691e-01,  4.3996e-01,
          1.9241e-01],
        [ 2.7306e-01,  1.5117e-01,  3.4416e-01, -3.6945e-01, -1.3234e-01,
         -2.0140e-01, -2.2507e-01, -3.1470e-01, -3.4620e-01, -2.9600e-01,
         -9.2507e-02,  3.5642e-01,  2.8320e-01,  1.2359e-01,  5.8794e-02,
          8.4820e-03],
        [ 2.5927e-01, -1.9893e-01,  1.9535e-01, -1.6006e-01,  1.1094e-01,
         -3.3145e-01, -3.7715e-02, -2.8408e-01, -4.1100e-01,  7.3818e-02,
          1.9667e-01,  7.7518e-02,  1.1222e-01,  2.2281e-01,  1.8853e-01,
          2.9045e-01],
        [ 1.0583e-01, -3.7682e-02,  1.3044e-01,  3.3847e-02, -1.4126e-01,
         -3.0377e-01, -1.1284e-01, -4.3885e-01, -2.2587e-01, -3.5970e-01,
         -2.7934e-01,  1.9414e-01,  2.5871e-01,  3.4446e-01,  8.9020e-02,
          6.0951e-02],
        [ 2.2982e-01,  1.5219e-01,  2.9732e-01, -3.4120e-01, -5.1999e-02,
         -1.2540e-01, -3.9884e-01, -4.8512e-02, -3.6414e-01,  4.1775e-02,
          1.7516e-02,  9.5599e-02,  2.2999e-01,  2.6914e-01,  4.2345e-01,
          2.6608e-01],
        [-3.5119e-01,  1.3691e-02,  4.0920e-03,  2.2061e-01,  2.5586e-01,
          7.1151e-02,  4.2497e-01,  2.3168e-01, -3.9353e-02,  7.7723e-02,
          2.0759e-01, -3.0901e-01, -2.5285e-01, -1.7573e-01, -4.3109e-01,
         -7.6246e-02],
        [ 3.2627e-01,  9.5016e-02,  1.4577e-01, -1.3480e-01, -2.3168e-01,
         -3.2711e-01, -1.9416e-01, -3.9260e-01, -1.9583e-02, -8.5624e-02,
          1.2853e-02,  1.6629e-01,  3.4696e-01,  2.8666e-01,  3.6526e-01,
          2.4071e-01],
        [-2.9008e-01,  4.8415e-02, -3.2459e-01,  2.5504e-01, -1.9243e-01,
          1.8610e-01,  3.8150e-01,  3.4018e-01,  3.5099e-01,  2.0794e-01,
          1.7576e-01, -1.0036e-01,  1.6714e-02,  6.4772e-02, -1.6591e-01,
         -2.0468e-01],
        [-3.0435e-01, -1.2245e-01, -4.8111e-02,  2.1039e-02,  1.0857e-01,
          4.2356e-01,  4.3346e-01,  2.9147e-02,  2.2638e-01,  2.8903e-01,
         -2.0756e-01, -4.0915e-02, -3.2446e-01, -2.3539e-01, -3.7239e-01,
         -2.1331e-01],
        [ 9.1523e-02,  1.4708e-01,  2.7097e-01, -8.0514e-02,  1.2301e-01,
         -3.7261e-01, -4.7847e-01, -4.4173e-01, -3.1771e-01, -2.6118e-01,
          4.6227e-02,  3.3718e-02,  3.0736e-02,  2.3698e-01,  1.3352e-01,
          1.6862e-01]], device='cuda:0', requires_grad=True)

Parameter name: road_linear_0.bias
Shape: torch.Size([32])
Values: Parameter containing:
tensor([-7.7407e-02, -8.1074e-02,  2.0893e-01, -3.5862e-03, -1.1938e-01,
        -7.5750e-02,  1.0119e-01,  8.6866e-02,  2.4152e-04, -8.4200e-02,
        -4.6670e-02,  2.5189e-02,  1.5321e-01,  1.2901e-01, -3.6706e-02,
        -2.8644e-02, -9.8333e-02, -3.1948e-03,  1.4248e-01,  3.8294e-02,
        -3.4505e-02, -2.0686e-01,  7.9211e-03, -3.2587e-02,  2.3214e-02,
         2.5518e-01,  1.4914e-01, -3.4763e-03, -2.9293e-02, -1.6679e-01,
        -1.6641e-02,  5.9890e-02], device='cuda:0', requires_grad=True)

Parameter name: road_linear_1.weight
Shape: torch.Size([1, 32])
Values: Parameter containing:
tensor([[-0.2418,  0.3393, -0.2572, -0.2953,  0.3743,  0.4009, -0.3002, -0.3999,
         -0.3245,  0.3967,  0.3027,  0.4248, -0.2985, -0.4057,  0.3382, -0.3131,
         -0.3313,  0.3650, -0.2569, -0.2711,  0.4523,  0.3942, -0.4045, -0.4000,
         -0.3478, -0.3825, -0.3433,  0.4103, -0.4010,  0.4087,  0.3291, -0.2633]],
       device='cuda:0', requires_grad=True)

Parameter name: linear_0.weight
Shape: torch.Size([32, 39])
Values: Parameter containing:
tensor([[-0.0101,  0.0018,  0.0246,  ...,  0.2112, -0.3978, -0.1137],
        [-0.0798, -0.1835,  0.0808,  ...,  0.1485, -0.3616,  0.0871],
        [-0.0562,  0.1510,  0.0942,  ...,  0.0055,  0.2786,  0.0345],
        ...,
        [ 0.0431, -0.1504,  0.0111,  ...,  0.0703, -0.3297, -0.1180],
        [ 0.0294, -0.0802,  0.0125,  ..., -0.3112,  0.1593,  0.1557],
        [-0.0862,  0.1559,  0.0139,  ..., -0.1756,  0.1170, -0.0509]],
       device='cuda:0', requires_grad=True)

Parameter name: linear_0.bias
Shape: torch.Size([32])
Values: Parameter containing:
tensor([ 0.0507,  0.0549, -0.0948, -0.1207, -0.0562,  0.0464, -0.1310,  0.0619,
        -0.0454,  0.0928,  0.0365,  0.0046,  0.0100,  0.0636, -0.0779, -0.0193,
         0.0456, -0.1417, -0.0330, -0.0143, -0.1081,  0.0525,  0.0811, -0.0071,
        -0.0853,  0.0672,  0.0246, -0.0954,  0.0640,  0.1477,  0.1311, -0.0662],
       device='cuda:0', requires_grad=True)

Parameter name: linear_1.weight
Shape: torch.Size([32, 32])
Values: Parameter containing:
tensor([[ 0.0216, -0.2075, -0.0715,  ..., -0.1576, -0.0038,  0.2743],
        [-0.2554, -0.0541,  0.1103,  ..., -0.0875,  0.0046,  0.2814],
        [ 0.1803, -0.0075, -0.1870,  ...,  0.0990, -0.0369, -0.0795],
        ...,
        [ 0.1673,  0.1219,  0.0725,  ...,  0.2803, -0.2366,  0.0458],
        [-0.0714, -0.1870,  0.0875,  ..., -0.0156,  0.2610,  0.0993],
        [-0.0339, -0.1309,  0.2188,  ...,  0.0347,  0.1516,  0.1410]],
       device='cuda:0', requires_grad=True)

Parameter name: linear_1.bias
Shape: torch.Size([32])
Values: Parameter containing:
tensor([ 0.0911,  0.1273, -0.0377, -0.0581, -0.0321, -0.0382, -0.0339, -0.0634,
         0.1114, -0.1801,  0.1246, -0.1335,  0.1664, -0.0213, -0.1442,  0.1096,
        -0.1294, -0.1556,  0.0151, -0.0302,  0.0076,  0.1067, -0.1938,  0.2065,
        -0.0664, -0.0277,  0.0885, -0.0332, -0.1136, -0.0617,  0.1159,  0.0036],
       device='cuda:0', requires_grad=True)

Parameter name: linear_2.weight
Shape: torch.Size([1, 32])
Values: Parameter containing:
tensor([[ 0.6330,  0.5574, -0.6387, -0.6389,  0.4854,  0.4953, -0.5415,  0.5521,
          0.5483, -0.5743, -0.5640,  0.5233,  0.5450, -0.4870,  0.5672,  0.5164,
         -0.6438, -0.6343,  0.5110,  0.5299, -0.5993, -0.5717, -0.6342,  0.4681,
          0.6095,  0.6340, -0.6099,  0.6786, -0.5446, -0.6259,  0.6128,  0.6248]],
       device='cuda:0', requires_grad=True)

Parameter name: linear_2.bias
Shape: torch.Size([1])
Values: Parameter containing:
tensor([0.3434], device='cuda:0', requires_grad=True)

Parameter name: road_linear_0.weight
Shape: torch.Size([32, 16])
Values: Parameter containing:
tensor([[-2.2346e-02,  2.9585e-01,  2.8863e-01, -2.6365e-01, -4.2027e-01,
         -2.1468e-01, -9.3436e-02, -5.3644e-01, -2.9173e-01, -5.9669e-02,
          5.9425e-03,  2.7360e-01,  1.3480e-01, -6.3373e-02,  1.2665e-01,
          3.2449e-01],
        [-2.4116e-01, -2.8319e-01, -9.4054e-02, -5.0665e-02,  1.5488e-01,
          2.9628e-01,  2.0158e-01,  2.7571e-01,  4.8715e-01,  1.3405e-01,
          2.5695e-01, -3.3488e-01, -4.8264e-02, -5.2434e-02,  1.6932e-01,
         -5.1982e-02],
        [ 5.5937e-02,  1.8451e-01,  3.5835e-01, -5.9711e-02, -2.7093e-01,
         -3.8448e-01, -7.6692e-02, -5.4487e-01, -5.6386e-02, -5.3460e-02,
         -1.0520e-01,  8.7068e-03,  4.5257e-01,  3.2614e-01,  2.5371e-01,
          2.2148e-01],
        [ 2.5654e-01,  1.5777e-02,  7.1535e-02, -2.5477e-02, -2.4077e-01,
         -2.4379e-01, -1.8681e-01, -2.2182e-01, -5.1777e-01, -4.0047e-01,
         -8.7316e-02,  4.4224e-01,  3.2778e-01, -1.0703e-01, -3.4260e-02,
          1.2312e-01],
        [-7.6304e-02,  1.4746e-01, -1.5439e-01, -7.7926e-02,  3.5507e-01,
          1.3459e-01,  7.8599e-02,  4.5016e-01,  2.3835e-01,  2.9129e-01,
          2.8693e-01, -2.3637e-01, -1.0221e-01, -2.4365e-01,  9.5353e-02,
         -1.1975e-01],
        [ 4.3902e-03,  1.8226e-01, -3.5202e-01,  3.5955e-01,  5.2880e-01,
          2.5592e-02,  3.0186e-01,  9.1436e-02,  3.4756e-01,  2.1435e-01,
         -1.2100e-01, -1.6071e-01, -3.0144e-01,  1.1699e-01,  2.1905e-01,
         -5.1196e-02],
        [ 3.6233e-01,  6.3151e-02,  4.0166e-01, -1.4661e-01, -2.3294e-01,
         -2.6069e-01, -2.1619e-01, -3.5526e-01, -3.5033e-01, -2.7742e-02,
         -2.8512e-02,  1.3727e-01, -1.5408e-02,  2.4056e-01, -9.3743e-02,
          1.3049e-01],
        [-7.3056e-02,  2.1885e-01,  3.4720e-01, -3.1780e-01, -4.8391e-01,
         -3.3190e-01, -1.1094e-01, -3.5276e-01, -2.6689e-01, -2.1313e-01,
         -7.6243e-02,  8.4002e-02,  2.8040e-01, -7.7515e-02,  9.1225e-02,
          3.3517e-01],
        [ 3.5618e-02,  2.5662e-01,  3.0627e-01, -2.0964e-01, -2.2692e-01,
         -4.0587e-01, -2.1349e-01, -2.2321e-01, -5.5789e-02, -3.2738e-01,
         -2.3738e-01,  1.3999e-01,  1.4724e-03,  1.8911e-01, -1.6313e-01,
          7.6363e-02],
        [-2.7582e-01, -4.6555e-02, -8.9409e-02, -5.9526e-02,  2.6625e-01,
          2.1129e-01,  9.3374e-02,  3.6945e-01,  3.6889e-01,  1.3307e-03,
          2.9975e-01, -8.5275e-02, -3.3090e-01, -9.5599e-02, -2.5361e-03,
         -1.6925e-01],
        [-3.4365e-01,  1.0491e-01, -5.4885e-02, -7.8702e-02,  1.5011e-01,
          4.7951e-01,  2.7148e-01,  2.5202e-01,  4.4948e-01,  2.5718e-01,
          1.0115e-01, -7.4379e-02, -2.1030e-01,  1.0102e-01, -1.7506e-01,
         -3.0472e-01],
        [-1.1629e-01, -1.0895e-01, -1.8552e-02,  4.8742e-02,  3.4108e-01,
          1.7136e-01,  4.0740e-01,  2.7149e-01,  2.5683e-01,  3.5496e-01,
          2.1610e-01, -1.3512e-02, -4.3205e-01, -2.5380e-01, -1.0576e-01,
         -1.7967e-01],
        [ 3.1497e-01,  1.7968e-01,  1.5140e-01, -1.1768e-01, -3.5096e-01,
         -4.8718e-02, -1.3747e-01, -5.0191e-01, -4.4522e-01, -1.0955e-01,
         -1.2823e-01,  1.3310e-01,  1.8630e-02,  1.8433e-01, -6.7106e-02,
         -4.8399e-03],
        [ 2.0423e-01,  2.8446e-01,  3.6629e-01,  2.1300e-02, -4.7293e-01,
         -6.8281e-02, -7.8005e-02, -1.7726e-01, -3.0037e-01, -1.7263e-01,
         -2.4589e-01,  1.7805e-01,  1.7155e-01,  8.0591e-02, -1.6097e-01,
          2.2139e-01],
        [-3.6275e-01, -2.4316e-01, -5.8186e-02, -8.4834e-02,  5.4035e-01,
          4.5310e-01,  1.3018e-01,  2.3148e-01,  5.3713e-02,  1.8268e-01,
          1.5485e-01, -3.7892e-01, -1.3059e-01, -1.2861e-01, -1.4338e-01,
         -1.3779e-01],
        [-1.1457e-01, -1.5306e-01,  1.6161e-01,  1.6049e-01, -5.5626e-01,
         -8.5764e-02, -2.3136e-01, -4.8752e-01, -3.2554e-01, -4.4858e-02,
         -8.3492e-02,  4.9774e-01,  2.3443e-01, -2.1065e-02,  2.4856e-01,
          1.4780e-02],
        [ 3.0770e-01,  2.1934e-01,  1.9560e-01, -3.1733e-01, -5.3208e-01,
         -8.7098e-02, -1.3770e-01, -1.1375e-01, -4.5962e-01, -1.9478e-01,
          1.2986e-01,  3.6387e-01,  4.1066e-01,  3.0725e-01,  1.5864e-02,
         -4.4502e-02],
        [-2.8391e-01,  4.1240e-02, -2.3642e-01,  1.0501e-01,  2.9060e-01,
          3.3555e-01,  3.1058e-01,  3.7015e-01,  2.1870e-01,  2.8383e-01,
         -3.0921e-02, -3.0452e-01, -1.9517e-01, -2.3942e-01,  1.2252e-01,
         -1.5601e-01],
        [ 1.9046e-01,  5.0779e-02,  1.1451e-01, -2.1418e-01, -4.1280e-01,
         -4.1192e-01, -3.1035e-01, -1.0104e-01, -5.0369e-01, -8.8854e-02,
         -7.1233e-02, -1.2287e-02,  2.7648e-01,  2.7364e-01,  2.1117e-01,
          1.4052e-01],
        [ 3.5976e-01,  7.7952e-02,  2.6164e-01, -4.5783e-02, -4.9773e-01,
         -2.8099e-01, -3.9191e-01, -9.5138e-02, -1.4256e-01, -2.7775e-01,
         -1.1595e-01,  3.2538e-01, -1.2601e-02,  1.2526e-01,  2.0144e-01,
          1.7188e-01],
        [-1.6610e-01,  1.0806e-01, -3.6746e-02, -1.0965e-01,  4.3679e-01,
         -3.4434e-04,  3.3289e-01,  4.6131e-01,  2.4932e-01,  7.0270e-02,
         -4.1269e-02, -3.2932e-01, -2.3217e-01, -2.1488e-01,  2.1171e-01,
         -2.3205e-01],
        [-6.8591e-02, -2.8107e-01, -4.6957e-02,  3.4259e-01,  1.6186e-01,
          1.7634e-01,  3.0379e-01,  6.9982e-02,  1.2508e-01,  2.7623e-01,
          3.6113e-01, -3.4009e-01, -2.6091e-01, -3.8645e-01, -2.6915e-01,
          7.5267e-02],
        [ 3.5912e-01, -1.5126e-02,  5.0432e-02, -1.3054e-01, -1.5795e-01,
         -4.3980e-01, -3.3021e-01, -3.2714e-01, -3.3437e-01, -1.6322e-01,
          9.3169e-02,  2.7569e-01, -4.6281e-02,  3.3984e-01,  2.7404e-01,
          2.0598e-01],
        [ 2.4710e-01,  1.5770e-01,  3.3332e-01, -3.3839e-01, -3.7359e-01,
         -1.9706e-01, -2.0190e-01, -3.6732e-01, -4.2924e-01, -3.2316e-01,
         -6.8634e-02,  3.9671e-01,  2.7678e-01,  1.5963e-01, -7.4171e-02,
          1.0271e-02],
        [ 2.0481e-01, -1.6977e-01,  1.6951e-01, -7.9774e-02, -1.3563e-01,
         -3.2476e-01, -1.1204e-02, -3.1421e-01, -4.7904e-01,  4.0890e-02,
          1.0164e-01,  9.2396e-02,  1.3597e-01,  2.6809e-01, -1.3786e-01,
          3.1782e-01],
        [ 2.4906e-02, -2.7790e-02,  7.5411e-02,  1.2532e-01, -3.9137e-01,
         -2.5017e-01, -4.5688e-02, -4.3498e-01, -2.3562e-01, -3.4935e-01,
         -3.2545e-01,  1.6713e-01,  2.1430e-01,  3.2605e-01, -1.8665e-01,
          5.4293e-02],
        [ 2.1052e-01,  1.4497e-01,  2.9355e-01, -3.1327e-01, -3.3145e-01,
         -1.3798e-01, -3.8985e-01, -1.1756e-01, -4.6249e-01,  3.1342e-03,
         -1.1066e-02,  1.4684e-01,  2.5848e-01,  3.1408e-01,  2.8635e-01,
          2.7730e-01],
        [-3.0474e-01,  2.1532e-03,  2.6618e-02,  1.6096e-01,  4.8507e-01,
          7.1412e-02,  4.0185e-01,  2.9218e-01,  3.6317e-02,  1.0672e-01,
          2.6049e-01, -3.4320e-01, -2.6717e-01, -2.1663e-01, -1.9251e-01,
         -8.7035e-02],
        [ 2.9517e-01,  1.1819e-01,  1.3182e-01, -9.6324e-02, -4.6014e-01,
         -3.2958e-01, -1.7534e-01, -4.4588e-01, -1.0031e-01, -1.1478e-01,
          2.7050e-02,  2.0761e-01,  3.3314e-01,  3.3243e-01,  1.5395e-01,
          2.4864e-01],
        [-2.6332e-01,  6.9861e-02, -3.1275e-01,  2.2073e-01,  7.5479e-02,
          1.8418e-01,  3.6262e-01,  3.9676e-01,  4.3008e-01,  2.3532e-01,
          2.1145e-01, -1.3838e-01,  1.2013e-02,  3.1567e-02, -3.0332e-02,
         -2.1144e-01],
        [-2.7508e-01, -1.3149e-01, -3.7647e-02, -1.9824e-02,  3.6567e-01,
          4.3170e-01,  4.1457e-01,  8.4200e-02,  3.1608e-01,  3.2707e-01,
         -1.6145e-01, -8.2031e-02, -3.5077e-01, -2.9339e-01, -1.7701e-01,
         -2.2623e-01],
        [ 4.0925e-02,  1.1833e-01,  2.4153e-01, -3.3689e-03, -1.7130e-01,
         -3.6601e-01, -4.3760e-01, -4.9713e-01, -4.0785e-01, -2.6790e-01,
          1.4873e-04,  6.5889e-02,  3.3306e-02,  2.8438e-01, -7.2509e-02,
          1.6501e-01]], device='cuda:0', requires_grad=True)

Parameter name: road_linear_0.bias
Shape: torch.Size([32])
Values: Parameter containing:
tensor([-0.0407, -0.0221,  0.1296, -0.0343, -0.0888, -0.1282,  0.0816,  0.0969,
        -0.0131, -0.0896, -0.0278,  0.0474,  0.1726,  0.0930,  0.0054, -0.0244,
        -0.0519,  0.0016,  0.1121,  0.0165, -0.0665, -0.1662, -0.0156, -0.0163,
         0.0291,  0.1855,  0.1353, -0.0083, -0.0616, -0.1582,  0.0221, -0.0469],
       device='cuda:0', requires_grad=True)

Parameter name: road_linear_1.weight
Shape: torch.Size([1, 32])
Values: Parameter containing:
tensor([[-0.2750,  0.3597, -0.2649, -0.3011,  0.3810,  0.4203, -0.3093, -0.4142,
         -0.3403,  0.4058,  0.3063,  0.4147, -0.3178, -0.4302,  0.3434, -0.4072,
         -0.3550,  0.3583, -0.2682, -0.2805,  0.4576,  0.3489, -0.4035, -0.4018,
         -0.3881, -0.3894, -0.3407,  0.4026, -0.3936,  0.4084,  0.3234, -0.2681]],
       device='cuda:0', requires_grad=True)

Parameter name: linear_0.weight
Shape: torch.Size([32, 39])
Values: Parameter containing:
tensor([[-0.0077, -0.0073,  0.0468,  ...,  0.2367, -0.3970, -0.1137],
        [-0.0813, -0.1912,  0.0918,  ...,  0.1473, -0.3826,  0.0871],
        [-0.0447,  0.1759,  0.0689,  ..., -0.0058,  0.3143,  0.0345],
        ...,
        [ 0.0308, -0.1901,  0.0460,  ...,  0.0670, -0.3411, -0.1180],
        [ 0.0442, -0.0516, -0.0216,  ..., -0.3067,  0.1887,  0.1557],
        [-0.2022,  0.0481,  0.0077,  ...,  0.0403, -0.2932, -0.0509]],
       device='cuda:0', requires_grad=True)

Parameter name: linear_0.bias
Shape: torch.Size([32])
Values: Parameter containing:
tensor([ 0.0556,  0.0548, -0.0857, -0.1216, -0.0601,  0.0544, -0.1258,  0.0585,
        -0.0474,  0.0814,  0.0291,  0.0119,  0.0278,  0.0753, -0.0759, -0.0176,
         0.0461, -0.1517, -0.0319, -0.0253, -0.0734,  0.0510,  0.0905, -0.0047,
        -0.0886,  0.0886,  0.0328, -0.0874,  0.0476,  0.1369,  0.1477, -0.1091],
       device='cuda:0', requires_grad=True)

Parameter name: linear_1.weight
Shape: torch.Size([32, 32])
Values: Parameter containing:
tensor([[ 0.0260, -0.1934, -0.0802,  ..., -0.1123, -0.0199,  0.0735],
        [-0.2566, -0.0481,  0.1161,  ..., -0.0443,  0.0021,  0.0612],
        [ 0.1791, -0.0237, -0.1795,  ...,  0.0510, -0.0169,  0.1676],
        ...,
        [ 0.1560,  0.0982,  0.0917,  ...,  0.2221, -0.2057,  0.2386],
        [-0.0756, -0.1725,  0.0838,  ...,  0.0347,  0.2465, -0.1685],
        [-0.0392, -0.1264,  0.2129,  ...,  0.0767,  0.1402, -0.0277]],
       device='cuda:0', requires_grad=True)

Parameter name: linear_1.bias
Shape: torch.Size([32])
Values: Parameter containing:
tensor([ 0.0876,  0.1257, -0.0286, -0.0616, -0.0313, -0.0625, -0.0301, -0.0591,
         0.0985, -0.1417,  0.1363, -0.1247,  0.1546,  0.0611, -0.1336,  0.0926,
        -0.1222, -0.1509,  0.0052, -0.0121,  0.0032,  0.1064, -0.1890,  0.1783,
        -0.0616, -0.0289,  0.0874, -0.0400, -0.1130, -0.0573,  0.1020,  0.0061],
       device='cuda:0', requires_grad=True)

Parameter name: linear_2.weight
Shape: torch.Size([1, 32])
Values: Parameter containing:
tensor([[ 0.6895,  0.6136, -0.6891, -0.6905,  0.5569,  0.5487, -0.6037,  0.5970,
          0.6208, -0.6296, -0.5813,  0.5812,  0.5792,  0.5918,  0.6183,  0.5772,
         -0.6896, -0.6946,  0.5565,  0.5840, -0.6456, -0.6228, -0.6917,  0.5501,
          0.6753,  0.6948, -0.6730,  0.7226, -0.6022, -0.6853,  0.6707,  0.6882]],
       device='cuda:0', requires_grad=True)

Parameter name: linear_2.bias
Shape: torch.Size([1])
Values: Parameter containing:
tensor([0.3942], device='cuda:0', requires_grad=True)

Parameter name: road_linear_0.weight
Shape: torch.Size([32, 16])
Values: Parameter containing:
tensor([[-5.7108e-03, -6.7230e-02,  2.3664e-01, -2.7466e-01, -3.5675e-01,
         -9.0146e-02, -3.3297e-02, -4.8670e-01, -2.6952e-01,  5.6948e-03,
          1.7168e-01,  1.5009e-01, -2.6839e-02, -1.2122e-01, -2.2695e-01,
          2.8609e-01],
        [-2.6339e-01,  3.7305e-02, -7.0943e-02, -1.6599e-02,  9.0301e-02,
          2.1503e-01,  1.4779e-01,  2.3241e-01,  4.9418e-01,  1.0104e-01,
          9.3952e-02, -2.5549e-01,  4.2095e-02, -1.3982e-02,  5.0594e-01,
         -3.2118e-02],
        [ 6.4989e-02, -1.2040e-01,  3.3021e-01, -9.0365e-02, -2.0378e-01,
         -3.1311e-01, -4.6350e-02, -4.8420e-01,  5.4767e-04, -3.2986e-02,
         -4.7436e-02, -8.8034e-02,  3.6697e-01,  2.9911e-01, -1.0344e-01,
          2.2356e-01],
        [ 2.7430e-01, -1.4540e-01,  3.6480e-02, -4.5835e-02, -1.5165e-01,
         -1.3847e-01, -1.0678e-01, -1.6041e-01, -5.1543e-01, -3.4488e-01,
          3.3176e-03,  3.4041e-01,  2.2937e-01, -1.7040e-01, -3.3404e-01,
          8.3075e-02],
        [-7.5489e-02,  4.7494e-01, -1.1165e-01, -5.5231e-02,  2.7246e-01,
          3.4558e-02,  1.3353e-02,  3.7660e-01,  1.9379e-01,  2.4998e-01,
          4.5528e-02, -1.1881e-01,  2.0897e-02, -1.9031e-01,  4.0552e-01,
         -9.5650e-02],
        [ 1.5710e-02,  4.2036e-01, -3.1227e-01,  3.7642e-01,  4.1290e-01,
         -7.9651e-02,  2.3728e-01,  6.4788e-03,  2.8776e-01,  1.7602e-01,
         -1.2811e-01, -5.2798e-02, -1.7559e-01,  1.5176e-01,  4.7506e-01,
         -3.3571e-02],
        [ 3.6035e-01, -9.7336e-02,  3.6029e-01, -1.5921e-01, -1.4477e-01,
         -1.6479e-01, -1.4384e-01, -2.8761e-01, -3.1289e-01,  1.8595e-02,
         -4.9377e-03,  3.4481e-02, -1.2232e-01,  1.3230e-01, -3.8567e-01,
          9.7107e-02],
        [-8.0165e-02,  5.2744e-02,  3.1696e-01, -3.3660e-01, -4.1732e-01,
         -2.6825e-01, -7.4570e-02, -3.0620e-01, -2.2874e-01, -1.9234e-01,
         -3.4875e-02,  8.6310e-03,  2.1806e-01, -1.2277e-01, -1.6536e-01,
          3.2281e-01],
        [ 4.1982e-02, -1.1430e-01,  2.7250e-01, -2.4230e-01, -1.8176e-01,
         -3.3027e-01, -1.6731e-01, -1.8675e-01, -2.9922e-02, -2.9416e-01,
          3.6177e-02,  5.3636e-02, -7.4474e-02,  1.5466e-01, -4.9200e-01,
          6.4663e-02],
        [-2.9668e-01,  2.9239e-01, -7.0048e-02, -1.7820e-02,  1.9315e-01,
          1.2847e-01,  4.0966e-02,  3.1097e-01,  3.5079e-01, -2.2991e-02,
          1.1707e-01, -1.8181e-03, -2.3061e-01, -7.0269e-02,  3.2328e-01,
         -1.6272e-01],
        [-3.5576e-01,  3.2668e-01, -2.1290e-02, -5.4089e-02,  7.6926e-02,
          3.8797e-01,  2.1366e-01,  1.9654e-01,  4.3236e-01,  2.1576e-01,
          3.6137e-03,  2.1412e-02, -1.5814e-01,  1.2915e-01,  1.3549e-01,
         -2.8166e-01],
        [-1.1808e-01,  1.3794e-01,  1.7225e-02,  7.6981e-02,  2.6526e-01,
          9.8075e-02,  3.4305e-01,  2.0990e-01,  2.1184e-01,  3.1540e-01,
          6.2336e-02,  8.3084e-02, -3.9538e-01, -1.9955e-01,  1.8011e-01,
         -1.6290e-01],
        [ 3.2312e-01, -1.4341e-01,  9.7256e-02, -1.3334e-01, -2.5185e-01,
          9.1066e-02, -5.2800e-02, -4.1481e-01, -4.2170e-01, -4.6892e-02,
         -1.0458e-01, -3.8610e-03, -1.2553e-01,  1.3012e-01, -4.3628e-01,
         -4.6057e-02],
        [ 2.0996e-01,  7.1258e-04,  3.3846e-01, -4.8673e-03, -4.0250e-01,
          9.3313e-04, -2.5610e-02, -1.2933e-01, -2.8338e-01, -1.4274e-01,
         -1.0813e-01,  1.0078e-01,  9.6523e-02,  2.9364e-02, -4.6977e-01,
          2.0400e-01],
        [-3.7219e-01,  5.4509e-02, -3.2111e-02, -5.3864e-02,  4.8243e-01,
          3.8583e-01,  9.1931e-02,  1.8929e-01,  3.1830e-02,  1.6033e-01,
          1.9008e-02, -2.9810e-01, -6.4859e-02, -9.9294e-02,  1.9508e-01,
         -1.2748e-01],
        [-9.3542e-02, -5.8604e-01,  9.1652e-02,  1.3120e-01, -5.3076e-01,
          7.9159e-02, -1.4712e-01, -4.3879e-01, -3.1418e-01,  2.9974e-02,
         -2.3713e-02,  3.4382e-01,  3.0638e-02, -1.2884e-01, -1.4803e-01,
         -1.4905e-02],
        [ 3.1715e-01,  1.8677e-02,  1.6100e-01, -3.3277e-01, -4.2284e-01,
          3.1341e-03, -5.5760e-02, -5.5927e-02, -4.5695e-01, -1.4180e-01,
          1.7339e-01,  2.7382e-01,  3.0099e-01,  2.1285e-01, -2.4221e-01,
         -8.2652e-02],
        [-2.6146e-01,  1.8457e-01, -1.8590e-01,  1.0372e-01,  1.6250e-01,
          2.4102e-01,  2.3796e-01,  2.8505e-01,  1.5337e-01,  2.3335e-01,
         -6.5774e-02, -1.8916e-01, -8.4372e-02, -1.4412e-01,  2.8961e-01,
         -1.1795e-01],
        [ 2.1706e-01, -2.0610e-01,  9.3564e-02, -2.4752e-01, -3.0265e-01,
         -3.3505e-01, -2.5257e-01, -4.0125e-02, -4.6316e-01, -5.9816e-02,
          3.4320e-02, -1.1104e-01,  1.4650e-01,  1.9847e-01, -1.1595e-01,
          1.3553e-01],
        [ 3.5754e-01, -1.8704e-01,  2.1411e-01, -6.3286e-02, -4.3371e-01,
         -1.9994e-01, -3.3505e-01, -4.7572e-02, -1.0528e-01, -2.3314e-01,
          1.1996e-01,  2.1756e-01, -8.1318e-02,  6.2591e-02, -1.4970e-01,
          1.4444e-01],
        [-1.4876e-01,  3.3537e-01,  6.3822e-03, -1.0055e-01,  3.2026e-01,
         -8.9330e-02,  2.7390e-01,  3.7525e-01,  1.8792e-01,  3.3281e-02,
         -1.2881e-01, -2.2202e-01, -1.2715e-01, -1.5911e-01,  4.1222e-01,
         -2.0623e-01],
        [-9.9155e-02,  1.7077e-01, -2.7368e-02,  3.9171e-01,  1.5308e-01,
          1.1980e-01,  2.7681e-01,  6.8691e-02,  1.3604e-01,  2.6004e-01,
          1.8120e-01, -2.8978e-01, -2.1585e-01, -3.7026e-01,  9.4867e-02,
          7.3444e-02],
        [ 3.5846e-01, -2.4709e-01,  1.6384e-02, -1.5079e-01, -8.3435e-02,
         -3.7143e-01, -2.7798e-01, -2.8222e-01, -3.0502e-01, -1.3170e-01,
          2.2005e-01,  1.9479e-01, -1.0619e-01,  2.8088e-01, -6.5507e-03,
          1.8409e-01],
        [ 2.3833e-01,  6.7617e-02,  2.8795e-01, -3.3355e-01, -2.2570e-01,
         -1.0597e-01, -1.1466e-01, -2.9789e-01, -4.0975e-01, -2.6049e-01,
         -4.3851e-04,  3.0056e-01,  1.9498e-01,  5.6317e-02, -2.3327e-01,
         -4.4687e-02],
        [ 2.1635e-01, -4.8408e-01,  1.4198e-01, -1.1740e-01, -3.9313e-02,
         -2.2091e-01,  6.1908e-02, -2.3283e-01, -4.3661e-01,  7.8423e-02,
          1.7837e-01, -9.9168e-03,  9.9445e-03,  2.3228e-01, -4.5261e-01,
          3.0445e-01],
        [ 1.3564e-02, -2.9543e-01,  3.6468e-02,  1.0931e-01, -2.9150e-01,
         -1.6797e-01, -4.8603e-03, -3.5857e-01, -1.7734e-01, -3.2134e-01,
         -2.3203e-01,  6.2631e-02,  1.2721e-01,  2.9418e-01, -4.7145e-01,
          3.6945e-02],
        [ 2.0470e-01, -1.1076e-01,  2.5059e-01, -3.2682e-01, -2.5816e-01,
         -7.2701e-02, -3.3399e-01, -7.4846e-02, -4.2167e-01,  3.8356e-02,
          7.2525e-02,  5.8401e-02,  2.0221e-01,  2.2575e-01, -3.0108e-03,
          2.5098e-01],
        [-3.1754e-01,  2.9636e-01,  5.6709e-02,  1.9461e-01,  4.1853e-01,
         -1.4925e-03,  3.4567e-01,  2.3958e-01,  4.5220e-03,  7.5352e-02,
          5.0467e-02, -2.5109e-01, -1.9726e-01, -1.6641e-01,  1.1891e-01,
         -7.4515e-02],
        [ 2.8491e-01, -3.9466e-02,  8.9723e-02, -1.0892e-01, -3.6038e-01,
         -2.5260e-01, -1.1721e-01, -3.7818e-01, -5.3611e-02, -7.2773e-02,
          1.2785e-01,  1.0592e-01,  3.1260e-01,  2.7912e-01, -7.1003e-02,
          2.1922e-01],
        [-2.5303e-01,  2.3699e-01, -2.7417e-01,  2.3076e-01, -8.7641e-03,
          1.1023e-01,  3.0610e-01,  3.3926e-01,  3.9122e-01,  2.0051e-01,
          1.3622e-01, -5.2486e-02,  9.3947e-02,  9.6477e-02,  2.2175e-01,
         -1.8464e-01],
        [-2.6923e-01,  1.2045e-01,  4.8464e-03, -3.2707e-03,  2.8595e-01,
          3.5071e-01,  3.5725e-01,  3.1135e-02,  2.7203e-01,  2.8658e-01,
         -2.6035e-01,  2.0682e-02, -2.7629e-01, -2.3450e-01,  1.2249e-01,
         -2.0265e-01],
        [ 3.3076e-02, -1.1868e-01,  1.9004e-01, -1.4750e-02, -7.8129e-02,
         -2.6249e-01, -3.5830e-01, -4.0596e-01, -3.4482e-01, -2.1138e-01,
          1.1044e-01, -7.0032e-02, -1.0931e-01,  1.6279e-01, -3.6314e-01,
          1.3029e-01]], device='cuda:0', requires_grad=True)

Parameter name: road_linear_0.bias
Shape: torch.Size([32])
Values: Parameter containing:
tensor([-0.0810, -0.0197,  0.1526, -0.1218, -0.0626, -0.0386,  0.0617,  0.1586,
        -0.0298, -0.0449,  0.0378,  0.0487,  0.1663,  0.0968, -0.0640,  0.1132,
        -0.1925, -0.0087,  0.0290,  0.0199, -0.0330, -0.1388, -0.0567, -0.0646,
        -0.1905,  0.2900,  0.1220,  0.0104, -0.0770, -0.2289,  0.1395, -0.0244],
       device='cuda:0', requires_grad=True)

Parameter name: road_linear_1.weight
Shape: torch.Size([1, 32])
Values: Parameter containing:
tensor([[-0.3390,  0.4256, -0.3077, -0.3241,  0.4409,  0.4638, -0.3558, -0.4302,
         -0.4043,  0.4870,  0.3302,  0.4588, -0.3896, -0.4928,  0.3875, -0.4643,
         -0.3836,  0.3730, -0.2962, -0.3126,  0.4969,  0.4346, -0.4263, -0.4160,
         -0.4773, -0.4414, -0.3668,  0.4467, -0.3966,  0.4364,  0.3414, -0.2987]],
       device='cuda:0', requires_grad=True)

Parameter name: linear_0.weight
Shape: torch.Size([32, 39])
Values: Parameter containing:
tensor([[-0.0371,  0.1079,  0.0520,  ...,  0.2252, -0.3848, -0.1137],
        [-0.1035, -0.0552,  0.1128,  ...,  0.1584, -0.3694,  0.0871],
        [-0.0078, -0.0321,  0.0231,  ...,  0.0230,  0.2904,  0.0345],
        ...,
        [ 0.0141,  0.0100,  0.0533,  ...,  0.0885, -0.3830, -0.1180],
        [ 0.0805, -0.2049, -0.0490,  ..., -0.3322,  0.2006,  0.1557],
        [-0.1988,  0.1452,  0.0332,  ...,  0.1009, -0.3378, -0.0509]],
       device='cuda:0', requires_grad=True)

Parameter name: linear_0.bias
Shape: torch.Size([32])
Values: Parameter containing:
tensor([ 0.0429,  0.0405, -0.0665, -0.1338, -0.0723,  0.0584, -0.1105,  0.0463,
        -0.0395,  0.0808,  0.0193,  0.0114,  0.0294,  0.0785, -0.0523, -0.0192,
         0.0588, -0.1525,  0.0011,  0.0286, -0.0530,  0.0347,  0.1083,  0.0063,
        -0.0930,  0.1034,  0.0472, -0.0986,  0.0549,  0.1396,  0.1668, -0.1229],
       device='cuda:0', requires_grad=True)

Parameter name: linear_1.weight
Shape: torch.Size([32, 32])
Values: Parameter containing:
tensor([[ 0.0720, -0.1980, -0.1004,  ..., -0.1519, -0.0036,  0.0705],
        [-0.2091, -0.0541,  0.1015,  ..., -0.0842,  0.0200,  0.0451],
        [ 0.1432, -0.0085, -0.1793,  ...,  0.1040, -0.0443,  0.1956],
        ...,
        [ 0.1224,  0.1089,  0.1081,  ...,  0.2727, -0.2383,  0.2489],
        [-0.0092, -0.1681,  0.0593,  ..., -0.0053,  0.2516, -0.1750],
        [-0.0067, -0.1507,  0.2157,  ...,  0.0160,  0.1783, -0.0561]],
       device='cuda:0', requires_grad=True)

Parameter name: linear_1.bias
Shape: torch.Size([32])
Values: Parameter containing:
tensor([ 0.1066,  0.1507, -0.0635, -0.0862,  0.0012, -0.0461, -0.0602, -0.0425,
         0.1265, -0.1716,  0.1316, -0.1156,  0.1750,  0.0874, -0.1205,  0.1308,
        -0.1386, -0.1753, -0.0536, -0.0018, -0.0055,  0.0824, -0.2145,  0.2174,
        -0.0452, -0.0041,  0.0720, -0.0285, -0.1371, -0.0742,  0.1269,  0.0463],
       device='cuda:0', requires_grad=True)

Parameter name: linear_2.weight
Shape: torch.Size([1, 32])
Values: Parameter containing:
tensor([[ 0.6552,  0.5797, -0.6736, -0.6547,  0.5400,  0.5190, -0.5816,  0.5605,
          0.5719, -0.6025, -0.5462,  0.5663,  0.5444,  0.5272,  0.5963,  0.5945,
         -0.6515, -0.6651, -0.5266,  0.5733, -0.6166, -0.5985, -0.6696,  0.5066,
          0.6406,  0.6657, -0.6516,  0.6619, -0.5839, -0.6526,  0.6417,  0.6682]],
       device='cuda:0', requires_grad=True)

Parameter name: linear_2.bias
Shape: torch.Size([1])
Values: Parameter containing:
tensor([0.3876], device='cuda:0', requires_grad=True)

Parameter name: road_linear_0.weight
Shape: torch.Size([32, 16])
Values: Parameter containing:
tensor([[-0.0250,  0.2539,  0.2171, -0.2508, -0.4086, -0.0749,  0.0130, -0.4927,
         -0.2963,  0.0426,  0.1741,  0.1824, -0.0065, -0.1642, -0.2607,  0.2669],
        [-0.2339, -0.2559, -0.0357, -0.0491,  0.1378,  0.1910,  0.1114,  0.2185,
          0.4960,  0.0582,  0.0683, -0.2581,  0.0525,  0.0357,  0.5290, -0.0017],
        [ 0.0678,  0.2007,  0.3112, -0.0816, -0.2462, -0.3283, -0.0432, -0.5302,
         -0.0190, -0.0120, -0.0180, -0.0567,  0.4304,  0.2938, -0.1495,  0.2338],
        [ 0.2422, -0.0333,  0.0030, -0.0162, -0.2271, -0.1138, -0.0690, -0.1454,
         -0.5335, -0.3030,  0.0241,  0.3528,  0.2146, -0.2199, -0.3679,  0.0468],
        [-0.0860,  0.1804, -0.1026, -0.0656,  0.3654,  0.0283, -0.0052,  0.4138,
          0.2719,  0.2206,  0.0815, -0.1707, -0.0127, -0.1682,  0.4907, -0.0773],
        [ 0.0089,  0.2126, -0.3045,  0.3654,  0.4850, -0.0828,  0.2122,  0.0190,
          0.3444,  0.1472, -0.1107, -0.0876, -0.1926,  0.1860,  0.5682, -0.0127],
        [ 0.3423,  0.0424,  0.3355, -0.1398, -0.2032, -0.1590, -0.1254, -0.2901,
         -0.3165,  0.0475,  0.0249,  0.0503, -0.1066,  0.1022, -0.4313,  0.0809],
        [-0.0893,  0.2262,  0.2964, -0.3204, -0.4394, -0.2680, -0.0588, -0.3132,
         -0.2255, -0.1686, -0.0219,  0.0176,  0.2377, -0.1438, -0.1995,  0.3163],
        [ 0.0316,  0.2517,  0.2457, -0.2236, -0.2179, -0.3235, -0.1473, -0.1942,
         -0.0426, -0.2616,  0.0606,  0.0733, -0.0538,  0.1246, -0.5302,  0.0507],
        [-0.2876, -0.0266, -0.0470, -0.0401,  0.2611,  0.1154,  0.0156,  0.3263,
          0.3870, -0.0588,  0.1211, -0.0252, -0.2431, -0.0329,  0.3799, -0.1401],
        [-0.3480,  0.1272, -0.0026, -0.0654,  0.1504,  0.3846,  0.1958,  0.2154,
          0.4646,  0.1890, -0.0364, -0.0106, -0.1792,  0.1526,  0.1990, -0.2673],
        [-0.1091, -0.0860,  0.0411,  0.0594,  0.3143,  0.0859,  0.3277,  0.2255,
          0.2319,  0.2859,  0.0598,  0.0614, -0.4042, -0.1799,  0.2241, -0.1475],
        [ 0.3085,  0.1379,  0.0783, -0.1118, -0.3326,  0.1076, -0.0197, -0.4298,
         -0.4677, -0.0114, -0.1017,  0.0307, -0.1009,  0.0957, -0.4792, -0.0675],
        [ 0.1901,  0.2678,  0.3093,  0.0194, -0.4354,  0.0165, -0.0021, -0.1215,
         -0.2807, -0.1084, -0.0876,  0.1050,  0.0946, -0.0067, -0.4945,  0.1831],
        [-0.3610, -0.2411, -0.0103, -0.0714,  0.5194,  0.3780,  0.0718,  0.1937,
          0.0423,  0.1318,  0.0015, -0.3130, -0.0788, -0.0719,  0.2238, -0.1145],
        [-0.2835, -0.1109,  0.0940,  0.1980,  0.3040,  0.1039,  0.0529,  0.1613,
          0.2983,  0.0393,  0.0274,  0.1330, -0.0990, -0.1914,  0.6985, -0.0035],
        [ 0.2849,  0.1428,  0.1282, -0.3017, -0.4855,  0.0305, -0.0232, -0.0287,
         -0.4627, -0.1013,  0.1761,  0.2781,  0.2751,  0.1696, -0.2469, -0.1171],
        [-0.2530,  0.1114, -0.1679,  0.0890,  0.2219,  0.2421,  0.2237,  0.2973,
          0.1695,  0.2105, -0.0841, -0.2099, -0.1087, -0.1139,  0.3446, -0.1056],
        [ 0.2071,  0.0300,  0.0716, -0.2302, -0.3689, -0.3258, -0.2293, -0.0576,
         -0.5050, -0.0270,  0.0592, -0.0778,  0.1655,  0.1673, -0.1495,  0.1132],
        [ 0.3539,  0.0604,  0.1958, -0.0514, -0.4905, -0.1903, -0.3169, -0.0616,
         -0.1447, -0.2033,  0.1302,  0.2540, -0.0635,  0.0418, -0.1916,  0.1266],
        [-0.1502,  0.1422,  0.0162, -0.1131,  0.3745, -0.0915,  0.2594,  0.3914,
          0.2249,  0.0095, -0.0986, -0.2483, -0.1513, -0.1398,  0.5043, -0.1937],
        [-0.0935, -0.2714, -0.0043,  0.3749,  0.1831,  0.1160,  0.2599,  0.0781,
          0.1511,  0.2286,  0.1616, -0.3147, -0.2437, -0.3459,  0.1281,  0.0811],
        [ 0.3553, -0.0421,  0.0016, -0.1406, -0.1429, -0.3714, -0.2718, -0.2984,
         -0.3294, -0.1110,  0.2280,  0.2225, -0.0816,  0.2650, -0.0543,  0.1757],
        [ 0.2032,  0.0894,  0.2542, -0.3034, -0.2849, -0.0879, -0.0895, -0.2744,
         -0.3932, -0.2268,  0.0255,  0.2967,  0.1868,  0.0168, -0.2414, -0.0688],
        [ 0.2139, -0.1818,  0.1268, -0.1027, -0.1190, -0.2156,  0.0795, -0.2508,
         -0.4799,  0.1070,  0.2006,  0.0227,  0.0293,  0.2043, -0.5202,  0.2875],
        [ 0.0196, -0.0245,  0.0273,  0.1159, -0.3426, -0.1735,  0.0092, -0.3880,
         -0.2128, -0.3021, -0.2443,  0.0931,  0.1661,  0.2800, -0.5525,  0.0346],
        [ 0.1968,  0.1030,  0.2299, -0.3130, -0.3027, -0.0661, -0.3244, -0.0859,
         -0.4367,  0.0641,  0.0828,  0.0811,  0.2177,  0.2158, -0.0391,  0.2418],
        [-0.3173,  0.0247,  0.0705,  0.1818,  0.4804, -0.0127,  0.3287,  0.2569,
          0.0469,  0.0487,  0.0649, -0.2854, -0.2095, -0.1507,  0.1770, -0.0591],
        [ 0.2721,  0.0972,  0.0676, -0.0932, -0.4038, -0.2445, -0.1049, -0.3864,
         -0.0575, -0.0481,  0.1402,  0.1205,  0.3242,  0.2615, -0.1065,  0.2099],
        [-0.2496,  0.0812, -0.2600,  0.2213,  0.0467,  0.1148,  0.3004,  0.3567,
          0.4085,  0.1827,  0.1137, -0.0768,  0.0622,  0.1090,  0.2852, -0.1799],
        [-0.2613, -0.0967,  0.0264, -0.0187,  0.3370,  0.3449,  0.3412,  0.0423,
          0.2945,  0.2578, -0.2734, -0.0046, -0.2956, -0.2078,  0.1538, -0.1871],
        [ 0.0207,  0.0563,  0.1672,  0.0035, -0.1410, -0.2568, -0.3387, -0.4325,
         -0.3760, -0.1816,  0.1314, -0.0382, -0.0821,  0.1345, -0.4043,  0.1144]],
       device='cuda:0', requires_grad=True)

Parameter name: road_linear_0.bias
Shape: torch.Size([32])
Values: Parameter containing:
tensor([-0.1035,  0.0090,  0.1943, -0.1325, -0.0112,  0.0247,  0.0778,  0.1825,
        -0.0174, -0.0116,  0.0111,  0.0595,  0.1083,  0.0842, -0.0530, -0.0328,
        -0.2238, -0.0139,  0.0196,  0.0059,  0.0126, -0.1474, -0.0512, -0.0532,
        -0.1841,  0.2758,  0.1242,  0.0449, -0.0711, -0.2468,  0.1464, -0.0270],
       device='cuda:0', requires_grad=True)

Parameter name: road_linear_1.weight
Shape: torch.Size([1, 32])
Values: Parameter containing:
tensor([[-0.3536,  0.4367, -0.3188, -0.3499,  0.4972,  0.5135, -0.3729, -0.4378,
         -0.4203,  0.5191,  0.3556,  0.4637, -0.4199, -0.5088,  0.3968,  0.4731,
         -0.3972,  0.3882, -0.3083, -0.3224,  0.5270,  0.4161, -0.4370, -0.4242,
         -0.5429, -0.4678, -0.3734,  0.4643, -0.4092,  0.4488,  0.3507, -0.3118]],
       device='cuda:0', requires_grad=True)

Parameter name: linear_0.weight
Shape: torch.Size([32, 39])
Values: Parameter containing:
tensor([[-0.0041,  0.0868,  0.0747,  ...,  0.1624, -0.3635, -0.1137],
        [-0.0997, -0.0600,  0.1149,  ...,  0.1337, -0.3720,  0.0871],
        [-0.0163, -0.0205,  0.0344,  ...,  0.0226,  0.3213,  0.0345],
        ...,
        [ 0.0173,  0.0093,  0.0517,  ...,  0.0716, -0.4108, -0.1180],
        [ 0.0802, -0.2029, -0.0500,  ..., -0.3076,  0.2213,  0.1557],
        [-0.1813,  0.1387,  0.0367,  ...,  0.0679, -0.3628, -0.0509]],
       device='cuda:0', requires_grad=True)

Parameter name: linear_0.bias
Shape: torch.Size([32])
Values: Parameter containing:
tensor([ 0.0462,  0.0401, -0.0698, -0.1357, -0.0740,  0.0496, -0.1101,  0.0500,
        -0.0410,  0.0790,  0.0249,  0.0119,  0.0241,  0.0761, -0.0505, -0.0212,
         0.0574, -0.1563, -0.0640,  0.0377, -0.0580,  0.0324,  0.1051,  0.0078,
        -0.0880,  0.0524,  0.0437, -0.1169,  0.0550,  0.1427,  0.1667, -0.1281],
       device='cuda:0', requires_grad=True)

Parameter name: linear_1.weight
Shape: torch.Size([32, 32])
Values: Parameter containing:
tensor([[ 0.0378, -0.1970, -0.0898,  ..., -0.1421,  0.0102,  0.0629],
        [-0.2379, -0.0533,  0.1257,  ..., -0.0687,  0.0205,  0.0361],
        [ 0.1634, -0.0103, -0.1896,  ...,  0.0864, -0.0360,  0.1964],
        ...,
        [ 0.1378,  0.0920,  0.1094,  ...,  0.2525, -0.2373,  0.2403],
        [-0.0308, -0.1685,  0.0748,  ...,  0.0202,  0.2418, -0.1813],
        [-0.0233, -0.1391,  0.2140,  ...,  0.0410,  0.1690, -0.0483]],
       device='cuda:0', requires_grad=True)

Parameter name: linear_1.bias
Shape: torch.Size([32])
Values: Parameter containing:
tensor([ 0.1101,  0.1648, -0.0669, -0.0854, -0.0024, -0.0432, -0.0609, -0.0396,
         0.1384, -0.1824,  0.1168, -0.1268,  0.1970,  0.1071, -0.1216,  0.1422,
        -0.1393, -0.1761,  0.0489, -0.0101, -0.0094,  0.0837, -0.2042,  0.2442,
        -0.0406, -0.0051,  0.0706, -0.0261, -0.1386, -0.0706,  0.1356,  0.0408],
       device='cuda:0', requires_grad=True)

Parameter name: linear_2.weight
Shape: torch.Size([1, 32])
Values: Parameter containing:
tensor([[ 0.7172,  0.6485, -0.7266, -0.6993,  0.5890,  0.5994, -0.6348,  0.6076,
          0.6122, -0.6672, -0.6120,  0.6058,  0.6007,  0.5924,  0.6373,  0.6547,
         -0.7006, -0.7112,  0.5625,  0.6181, -0.6727, -0.6536, -0.7138,  0.5513,
          0.6997,  0.7112, -0.6926,  0.7128, -0.6328, -0.6990,  0.6934,  0.7090]],
       device='cuda:0', requires_grad=True)

Parameter name: linear_2.bias
Shape: torch.Size([1])
Values: Parameter containing:
tensor([0.4238], device='cuda:0', requires_grad=True)

