Parameter name: road_linear_0.weight
Shape: torch.Size([32, 16])
Values: Parameter containing:
tensor([[-3.5762e-01,  5.3938e-01,  1.1555e-02, -2.2889e-02,  3.7532e-01,
          2.4924e-01,  4.7489e-01,  1.5706e-01,  3.3950e-01,  2.0564e-01,
          7.7466e-02, -3.0919e-01, -4.7001e-01, -3.1123e-01,  3.3295e-01,
          6.7945e-02],
        [-9.4399e-02, -1.6608e-01,  8.4672e-02, -1.4788e-01,  1.3941e-01,
          2.2237e-01,  2.1966e-02,  3.7387e-01,  7.5417e-01, -6.6967e-02,
          2.9301e-01, -4.6670e-01,  6.9589e-02,  1.3561e-01,  7.4363e-01,
          8.9348e-02],
        [ 2.4656e-01, -3.1237e-01,  4.5297e-01, -1.7864e-01, -4.1654e-01,
         -4.3046e-01, -3.5997e-01, -6.4350e-01, -1.6826e-01, -1.0604e-01,
          1.7949e-01,  1.6852e-01,  7.6120e-01,  3.6845e-01, -7.3482e-02,
          3.5102e-01],
        [ 3.4511e-02, -9.2649e-02, -1.6357e-01,  1.1384e-01, -1.3246e-01,
         -1.2762e-01,  4.0871e-02, -2.6754e-01, -7.3638e-01, -1.5115e-01,
         -2.2250e-01,  4.9521e-01,  1.7317e-01, -3.7097e-01, -4.9473e-01,
         -7.3961e-02],
        [ 1.0172e-01,  2.4457e-01,  5.1638e-02, -1.8739e-01,  2.6812e-01,
          3.2592e-02, -9.4717e-02,  5.1526e-01,  4.7645e-01,  6.4317e-02,
          3.3998e-01, -2.9526e-01,  4.6654e-02, -2.3650e-02,  5.7267e-01,
          3.2273e-02],
        [-1.7736e-01,  6.0014e-01, -4.3574e-01,  4.5708e-01,  6.0659e-01,
          6.1167e-02,  5.4901e-01,  1.6106e-01,  3.6995e-01,  2.4365e-01,
         -3.5582e-01, -2.4889e-01, -5.0235e-01,  8.5986e-02,  4.0974e-01,
         -1.6556e-01],
        [ 1.6639e-01,  1.6708e-03,  1.8000e-01, -1.4371e-02, -1.7987e-01,
         -1.3414e-01, -5.0174e-02, -4.2113e-01, -5.7495e-01,  1.9795e-01,
         -1.3653e-01,  2.0714e-01, -1.0977e-01, -7.5597e-03, -5.4467e-01,
         -4.2083e-02],
        [-2.3631e-01,  8.5280e-02,  1.4603e-01, -1.9147e-01, -4.6992e-01,
         -2.1364e-01,  1.6277e-02, -4.5202e-01, -4.8652e-01, -1.3937e-02,
         -1.5093e-01,  1.9324e-01,  2.4480e-01, -3.0046e-01, -3.2842e-01,
          1.7683e-01],
        [-1.4516e-01,  1.0180e-01,  9.7751e-02, -9.1952e-02, -2.5813e-01,
         -2.8395e-01, -1.2861e-02, -3.4850e-01, -3.7175e-01, -9.7888e-02,
         -3.1108e-01,  2.9364e-01, -1.3618e-01, -3.4195e-02, -7.2050e-01,
         -8.6524e-02],
        [-1.1841e-01,  7.2322e-02,  9.8612e-02, -1.5946e-01,  2.1848e-01,
          1.1516e-01, -8.3847e-02,  4.6223e-01,  6.4477e-01, -2.0721e-01,
          3.4074e-01, -1.9911e-01, -1.9361e-01,  1.0438e-01,  5.3006e-01,
         -2.7673e-02],
        [-2.8436e-01,  4.6272e-01,  6.1660e-02, -1.2558e-01,  1.3562e-01,
          3.8763e-01,  2.4951e-01,  3.0687e-01,  5.8689e-01,  1.2804e-01,
          5.7399e-02, -1.6736e-01, -2.8898e-01,  2.3896e-01,  1.7530e-01,
         -2.3775e-01],
        [ 6.4305e-02,  6.8754e-02,  1.9475e-01, -7.9197e-02,  3.2370e-01,
          3.8874e-02,  2.1066e-01,  3.6214e-01,  5.1756e-01,  1.2832e-01,
          3.9307e-01, -1.2441e-01, -3.6272e-01, -2.7148e-02,  3.7849e-01,
         -1.5913e-02],
        [ 1.6896e-01,  4.7983e-03, -3.0999e-02, -3.7687e-02, -2.5197e-01,
          5.3132e-02, -2.9191e-05, -5.3691e-01, -6.7461e-01,  8.1024e-02,
         -1.3848e-01,  1.9720e-01, -7.9969e-02, -9.5367e-03, -5.1422e-01,
         -1.2198e-01],
        [ 1.8091e-02,  2.0964e-01,  1.5292e-01,  1.5036e-01, -4.4983e-01,
          1.9664e-02,  1.0801e-01, -2.8924e-01, -5.9905e-01,  5.3854e-02,
         -3.2319e-01,  2.9706e-01,  3.9726e-02, -1.4306e-01, -6.9951e-01,
          4.9402e-02],
        [-1.7971e-01, -1.3218e-01,  1.4450e-01, -2.0144e-01,  5.2235e-01,
          3.4574e-01, -6.5860e-02,  3.3680e-01,  3.4456e-01, -3.6442e-02,
          2.2979e-01, -5.0342e-01, -7.1997e-04,  9.2268e-02,  3.8679e-01,
          2.6081e-02],
        [-1.7099e-01, -3.0833e-01,  5.8421e-02,  1.6714e-01, -4.4345e-01,
         -8.0360e-03, -1.4817e-01, -4.9695e-01, -4.6119e-01,  9.1986e-02,
         -6.6862e-02,  5.6013e-01,  1.4224e-01, -1.8074e-01, -1.4305e-01,
         -1.1330e-02],
        [ 6.0403e-02,  1.3355e-01, -6.1554e-02, -1.4451e-01, -4.4283e-01,
          4.1071e-02,  1.0660e-01, -1.8556e-01, -6.9509e-01,  6.7929e-02,
          7.6070e-03,  4.4256e-01,  2.3828e-01,  1.0753e-02, -4.4070e-01,
         -2.6624e-01],
        [-2.6872e-01,  3.2849e-01, -1.7563e-01,  8.1013e-02,  2.8744e-01,
          2.9666e-01,  3.8861e-01,  4.0640e-01,  2.1625e-01,  1.9755e-01,
         -1.1634e-01, -3.5213e-01, -2.9688e-01, -1.2425e-01,  3.3574e-01,
         -1.1543e-01],
        [ 3.5530e-01, -4.1225e-01,  1.7736e-01, -3.0238e-01, -5.0211e-01,
         -4.3542e-01, -5.3987e-01, -1.9238e-01, -5.7556e-01, -1.2195e-01,
          2.2592e-01,  1.3717e-01,  5.3878e-01,  2.6694e-01, -1.1761e-01,
          2.4070e-01],
        [ 4.9561e-01, -3.8088e-01,  3.0802e-01, -1.2005e-01, -6.6922e-01,
         -3.0894e-01, -6.2535e-01, -2.1405e-01, -2.4975e-01, -2.7055e-01,
          1.3895e-01,  4.5944e-01,  2.4500e-01,  1.2261e-01, -1.5887e-01,
          2.4904e-01],
        [-2.4667e-02,  2.1025e-01,  1.3757e-01, -2.1187e-01,  3.2502e-01,
         -8.3810e-02,  2.3656e-01,  5.0039e-01,  3.5164e-01, -1.0730e-01,
         -2.3890e-02, -3.2709e-01, -1.3682e-01, -2.3313e-02,  4.8280e-01,
         -1.0116e-01],
        [-1.4394e-02,  3.1418e-02,  6.6781e-02,  2.9712e-01,  2.6588e-01,
          1.1492e-01,  2.4217e-01,  2.0030e-01,  3.6621e-01,  1.3597e-01,
          3.1633e-01, -5.1885e-01, -2.9852e-01, -2.4913e-01,  2.2082e-01,
          1.4209e-01],
        [ 4.8050e-01, -4.4193e-01,  8.2264e-02, -1.7868e-01, -3.0276e-01,
         -4.4792e-01, -5.4407e-01, -4.3681e-01, -4.3158e-01, -1.5294e-01,
          3.3903e-01,  4.1312e-01,  2.1846e-01,  3.2479e-01, -3.5698e-02,
          2.6212e-01],
        [-1.8291e-02,  1.1219e-01,  7.1798e-02, -1.5630e-01, -2.7331e-01,
         -6.7891e-02,  2.4554e-02, -4.2978e-01, -6.0510e-01, -5.9253e-02,
         -2.2653e-01,  4.4549e-01,  1.4680e-01, -1.5173e-01, -4.3920e-01,
         -2.2427e-01],
        [ 7.5016e-03, -3.1444e-01, -5.4716e-02,  4.6788e-02, -4.8625e-02,
         -1.7503e-01,  1.9353e-01, -3.6080e-01, -7.3428e-01,  2.8101e-01,
          6.6309e-02,  1.5575e-01, -3.9955e-02,  2.1391e-02, -5.9915e-01,
          1.4489e-01],
        [-1.5942e-01, -8.6251e-02, -1.3910e-01,  2.4770e-01, -2.9057e-01,
         -1.5693e-01,  1.1204e-01, -5.0545e-01, -4.7624e-01, -1.2581e-01,
         -4.0143e-01,  1.9790e-01,  9.0619e-02,  1.0678e-01, -6.3742e-01,
         -1.0704e-01],
        [ 4.6374e-01, -2.9531e-01,  4.1927e-01, -4.3044e-01, -5.4386e-01,
         -2.1951e-01, -7.4317e-01, -2.8919e-01, -6.0042e-01, -7.1745e-02,
          2.8933e-01,  3.1832e-01,  6.2273e-01,  4.0198e-01, -7.0994e-02,
          4.3506e-01],
        [-1.9954e-01,  2.4430e-01,  1.8263e-01,  8.2176e-02,  4.7044e-01,
         -1.7280e-02,  3.0385e-01,  3.6394e-01,  2.0587e-01, -6.3192e-02,
          2.9557e-01, -4.4000e-01, -2.4442e-01, -4.6036e-02,  2.2651e-01,
          1.5824e-02],
        [ 1.9773e-01, -1.6618e-01, -1.2293e-02, -1.1251e-02, -4.3012e-01,
         -2.3382e-01, -1.0314e-01, -5.0127e-01, -2.0471e-01,  3.2377e-02,
         -1.9920e-02,  2.9614e-01,  4.1174e-01,  1.5796e-01, -1.6238e-01,
          1.4294e-01],
        [-4.1575e-01,  4.3642e-01, -3.7374e-01,  2.9942e-01,  2.1805e-01,
          2.2512e-01,  6.2070e-01,  5.0331e-01,  5.1193e-01,  2.4942e-01,
          6.7396e-04, -2.5651e-01, -2.3336e-01,  1.6571e-02,  2.2012e-01,
         -2.9717e-01],
        [-3.8128e-01,  3.2069e-01, -6.2760e-02,  2.2143e-02,  5.0199e-01,
          4.4255e-01,  6.0497e-01,  1.9226e-01,  4.1198e-01,  3.0825e-01,
         -3.9756e-01, -2.1609e-01, -6.2554e-01, -2.7012e-01,  1.5770e-01,
         -2.7604e-01],
        [-1.5302e-01, -2.4641e-02,  2.6729e-02,  1.1355e-01, -8.3609e-02,
         -2.2570e-01, -2.5760e-01, -5.4290e-01, -5.9422e-01, -5.3348e-02,
         -3.6602e-02,  1.2797e-01, -8.7426e-02,  2.5791e-02, -5.2882e-01,
          2.1766e-03]], device='cuda:0', requires_grad=True)

Parameter name: road_linear_0.bias
Shape: torch.Size([32])
Values: Parameter containing:
tensor([-0.1278,  0.1345,  0.2114, -0.2139,  0.1831, -0.1720, -0.0254,  0.1460,
        -0.1367,  0.1285, -0.0983,  0.1074, -0.0505, -0.0844,  0.1578, -0.0355,
        -0.1729, -0.1048,  0.2327,  0.1302,  0.0899, -0.1279,  0.1139, -0.1164,
        -0.2096, -0.0335,  0.2385,  0.0266,  0.0435, -0.2622, -0.0972, -0.0596],
       device='cuda:0', requires_grad=True)

Parameter name: road_linear_1.weight
Shape: torch.Size([1, 32])
Values: Parameter containing:
tensor([[ 0.5728,  0.7374, -0.5366, -0.6419,  0.7103,  0.6869, -0.6582, -0.7169,
         -0.6688,  0.7743,  0.5631,  0.7422, -0.6616, -0.8247,  0.6697, -0.6276,
         -0.6848,  0.6390, -0.4991, -0.5286,  0.7856,  0.5493, -0.6437, -0.7467,
         -0.7179, -0.7400, -0.6188,  0.6786, -0.6445,  0.7075,  0.5527, -0.5762]],
       device='cuda:0', requires_grad=True)

Parameter name: linear_0.weight
Shape: torch.Size([32, 39])
Values: Parameter containing:
tensor([[-0.0297,  0.1176,  0.0538,  ...,  0.2018, -0.7387, -0.1137],
        [-0.1424, -0.0318,  0.1433,  ...,  0.0512, -0.6371,  0.0871],
        [ 0.0304, -0.0422,  0.0191,  ...,  0.0665,  0.6838,  0.0345],
        ...,
        [ 0.1396, -0.1547, -0.0426,  ..., -0.1682,  0.3398, -0.1180],
        [ 0.1122, -0.2150, -0.0736,  ..., -0.2320,  0.5138,  0.1557],
        [-0.2278,  0.2056,  0.0699,  ...,  0.0865, -0.6449, -0.0509]],
       device='cuda:0', requires_grad=True)

Parameter name: linear_0.bias
Shape: torch.Size([32])
Values: Parameter containing:
tensor([ 0.0877,  0.0250, -0.0587, -0.1309, -0.0875,  0.0435, -0.0818,  0.0694,
        -0.0417,  0.0476,  0.0520,  0.0110, -0.0240,  0.1092, -0.0186, -0.0179,
         0.0584, -0.1673,  0.0003,  0.0954, -0.0991, -0.0093,  0.1208,  0.0661,
        -0.1075,  0.1144,  0.0638, -0.1641,  0.0481,  0.1992,  0.1803, -0.1006],
       device='cuda:0', requires_grad=True)

Parameter name: linear_1.weight
Shape: torch.Size([32, 32])
Values: Parameter containing:
tensor([[ 0.1030, -0.2261,  0.0167,  ...,  0.1191, -0.0053,  0.0818],
        [-0.1821, -0.0679,  0.2171,  ...,  0.2129,  0.0078,  0.0517],
        [ 0.1414, -0.0385, -0.2367,  ..., -0.1710, -0.0051,  0.2214],
        ...,
        [ 0.1548,  0.0830,  0.0267,  ...,  0.0510, -0.2353,  0.3737],
        [ 0.0640, -0.2402,  0.1736,  ...,  0.3492,  0.2764, -0.1065],
        [ 0.0227, -0.1419,  0.2984,  ...,  0.2800,  0.1453, -0.0425]],
       device='cuda:0', requires_grad=True)

Parameter name: linear_1.bias
Shape: torch.Size([32])
Values: Parameter containing:
tensor([ 0.1631,  0.2023, -0.0601, -0.1702,  0.0416,  0.0010, -0.1040,  0.0802,
         0.2324, -0.1698,  0.1382, -0.1213,  0.2586,  0.0696, -0.0483,  0.2327,
         0.0836, -0.1988,  0.0616,  0.0817, -0.0995,  0.0620, -0.2283,  0.2368,
         0.0201, -0.0269,  0.0901, -0.0041, -0.2086, -0.0712,  0.2226,  0.0678],
       device='cuda:0', requires_grad=True)

Parameter name: linear_2.weight
Shape: torch.Size([1, 32])
Values: Parameter containing:
tensor([[ 1.2487,  1.1814, -1.2712, -1.2116,  1.1086,  1.1196, -1.1696,  1.0553,
          1.1241, -1.2388, -1.1307,  1.1095,  1.1151,  1.1578,  1.1297,  1.1011,
         -1.2218, -1.2720,  1.1420,  1.1032, -1.1575, -1.1857, -1.2982,  1.1265,
          1.2129,  1.2462, -1.2647,  1.2522, -1.1563, -1.2810,  1.1499,  1.2434]],
       device='cuda:0', requires_grad=True)

Parameter name: linear_2.bias
Shape: torch.Size([1])
Values: Parameter containing:
tensor([0.9752], device='cuda:0', requires_grad=True)

