Parameter name: road_linear_0.weight
Shape: torch.Size([32, 16])
Values: Parameter containing:
tensor([[-0.3006,  0.4777,  0.0693, -0.0569,  0.3552,  0.1984,  0.3808,  0.1462,
          0.3743,  0.1770,  0.1111, -0.3106, -0.4018, -0.2754,  0.3875,  0.1065],
        [-0.1122, -0.1528,  0.0594, -0.1208,  0.1387,  0.2321,  0.0490,  0.3444,
          0.7175, -0.0437,  0.2546, -0.4508,  0.0511,  0.1117,  0.6961,  0.0644],
        [ 0.1497, -0.2127,  0.3579, -0.1136, -0.3390, -0.3564, -0.2110, -0.6171,
         -0.1879, -0.0442,  0.1211,  0.1450,  0.6411,  0.2957, -0.1107,  0.2733],
        [ 0.0621, -0.1174, -0.1309,  0.0804, -0.1415, -0.1447,  0.0058, -0.2393,
         -0.6984, -0.1817, -0.1772,  0.4853,  0.2012, -0.3394, -0.4499, -0.0422],
        [ 0.0702,  0.2754,  0.0172, -0.1531,  0.2819,  0.0505, -0.0576,  0.4911,
          0.4383,  0.0977,  0.2937, -0.2936,  0.0156, -0.0577,  0.5338, -0.0012],
        [-0.0831,  0.5100, -0.3393,  0.3898,  0.5517, -0.0046,  0.4086,  0.1437,
          0.3972,  0.1858, -0.2977, -0.2422, -0.3984,  0.1570,  0.4644, -0.0892],
        [ 0.2031, -0.0292,  0.2210, -0.0556, -0.2016, -0.1634, -0.0904, -0.3988,
         -0.5445,  0.1624, -0.0838,  0.2073, -0.0712,  0.0319, -0.5140, -0.0039],
        [-0.2098,  0.0647,  0.1806, -0.2286, -0.4986, -0.2424, -0.0151, -0.4347,
         -0.4724, -0.0423, -0.1095,  0.1929,  0.2750, -0.2687, -0.3072,  0.2080],
        [-0.1105,  0.0733,  0.1370, -0.1311, -0.2673, -0.3065, -0.0540, -0.3166,
         -0.3293, -0.1328, -0.2576,  0.2819, -0.1014,  0.0035, -0.6724, -0.0492],
        [-0.1431,  0.0930,  0.0672, -0.1270,  0.2272,  0.1323, -0.0506,  0.4348,
          0.6076, -0.1785,  0.2987, -0.1894, -0.2188,  0.0750,  0.4859, -0.0575],
        [-0.2586,  0.4281,  0.0714, -0.1219,  0.1567,  0.3812,  0.2180,  0.3010,
          0.6198,  0.1203,  0.0642, -0.1651, -0.2603,  0.2464,  0.1979, -0.2292],
        [ 0.0318,  0.0970,  0.1565, -0.0400,  0.3511,  0.0647,  0.2496,  0.3402,
          0.4902,  0.1625,  0.3453, -0.1224, -0.3963, -0.0634,  0.3468, -0.0509],
        [ 0.2067, -0.0291,  0.0096, -0.0777, -0.2702,  0.0277, -0.0417, -0.5125,
         -0.6382,  0.0444, -0.0857,  0.1980, -0.0417,  0.0300, -0.4789, -0.0834],
        [ 0.0430,  0.1901,  0.1850,  0.1175, -0.4539,  0.0035,  0.0743, -0.2588,
         -0.5606,  0.0254, -0.2795,  0.2830,  0.0649, -0.1131, -0.6507,  0.0796],
        [-0.2132, -0.1018,  0.1071, -0.1642,  0.5387,  0.3695, -0.0262,  0.3113,
          0.3086, -0.0023,  0.1802, -0.4993, -0.0354,  0.0565,  0.3470, -0.0094],
        [-0.1414, -0.3387,  0.0901,  0.1335, -0.4803, -0.0321, -0.1785, -0.4841,
         -0.4465,  0.0612, -0.0250,  0.5706,  0.1734, -0.1493, -0.1337,  0.0196],
        [ 0.0956,  0.1039, -0.0205, -0.1860, -0.4561,  0.0147,  0.0637, -0.1545,
         -0.6497,  0.0323,  0.0625,  0.4306,  0.2757,  0.0500, -0.3937, -0.2277],
        [-0.2024,  0.2579, -0.1175,  0.0472,  0.2720,  0.2547,  0.2919,  0.4006,
          0.2574,  0.1618, -0.0768, -0.3493, -0.2242, -0.0820,  0.3857, -0.0718],
        [ 0.2520, -0.3055,  0.0815, -0.2391, -0.4310, -0.3651, -0.3911, -0.1651,
         -0.6027, -0.0554,  0.1641,  0.1106,  0.4139,  0.1906, -0.1562,  0.1601],
        [ 0.4086, -0.2980,  0.2157, -0.0543, -0.5815, -0.2334, -0.4834, -0.1826,
         -0.2543, -0.2206,  0.0884,  0.4408,  0.1427,  0.0579, -0.1946,  0.1766],
        [-0.0528,  0.2380,  0.1068, -0.1790,  0.3643, -0.0571,  0.2648,  0.4927,
          0.3474, -0.0783, -0.0617, -0.3444, -0.1691, -0.0541,  0.4846, -0.1308],
        [-0.0094,  0.0155,  0.0591,  0.3145,  0.2740,  0.1094,  0.2327,  0.1803,
          0.3730,  0.1438,  0.3026, -0.5096, -0.2872, -0.2595,  0.2168,  0.1344],
        [ 0.3873, -0.3486, -0.0085, -0.1163, -0.2279, -0.3775, -0.4025, -0.4129,
         -0.4491, -0.0962,  0.2821,  0.3929,  0.1076,  0.2558, -0.0730,  0.1879],
        [ 0.0184,  0.0785,  0.1112, -0.1956, -0.2893, -0.0923, -0.0179, -0.4014,
         -0.5633, -0.0958, -0.1730,  0.4386,  0.1841, -0.1132, -0.3962, -0.1862],
        [ 0.0414, -0.3430, -0.0140,  0.0057, -0.0661, -0.2037,  0.1513, -0.3337,
         -0.6955,  0.2464,  0.1181,  0.1490, -0.0030,  0.0596, -0.5563,  0.1824],
        [-0.1282, -0.1171, -0.1032,  0.2126, -0.3060, -0.1781,  0.0737, -0.4863,
         -0.4408, -0.1589, -0.3566,  0.2017,  0.1233,  0.1409, -0.6017, -0.0739],
        [ 0.3672, -0.1989,  0.3153, -0.3540, -0.4395, -0.1312, -0.5894, -0.2407,
         -0.5924, -0.0057,  0.2363,  0.2792,  0.4901,  0.3241, -0.0910,  0.3462],
        [-0.2045,  0.2440,  0.1671,  0.1044,  0.5036, -0.0065,  0.3095,  0.3538,
          0.2154, -0.0492,  0.2762, -0.4418, -0.2499, -0.0613,  0.2270,  0.0018],
        [ 0.1709, -0.1299, -0.0199, -0.0169, -0.4528, -0.2316, -0.0748, -0.4947,
         -0.2377,  0.0407, -0.0261,  0.2904,  0.3851,  0.1504, -0.1790,  0.1349],
        [-0.3322,  0.3561, -0.2842,  0.2366,  0.1541,  0.1564,  0.4840,  0.4863,
          0.5298,  0.2013,  0.0532, -0.2479, -0.1346,  0.0791,  0.2678, -0.2295],
        [-0.2854,  0.2222,  0.0316, -0.0417,  0.4193,  0.3654,  0.4602,  0.1582,
          0.4271,  0.2488, -0.3414, -0.1899, -0.5065, -0.1990,  0.1934, -0.1994],
        [-0.1179, -0.0548,  0.0667,  0.0729, -0.1093, -0.2558, -0.2979, -0.5203,
         -0.5652, -0.0881,  0.0152,  0.1275, -0.0490,  0.0641, -0.4991,  0.0393]],
       device='cuda:0', requires_grad=True)

Parameter name: road_linear_0.bias
Shape: torch.Size([32])
Values: Parameter containing:
tensor([-0.1057,  0.1344,  0.1879, -0.1973,  0.1611, -0.1510, -0.0126,  0.1276,
        -0.1153,  0.1248, -0.0420,  0.1076, -0.0236, -0.0804,  0.1347, -0.0235,
        -0.1621, -0.0651,  0.1967,  0.1257,  0.0829, -0.0919,  0.0931, -0.0934,
        -0.2051, -0.0215,  0.2340,  0.0575, -0.0214, -0.2544, -0.0727, -0.0532],
       device='cuda:0', requires_grad=True)

Parameter name: road_linear_1.weight
Shape: torch.Size([1, 32])
Values: Parameter containing:
tensor([[ 0.5007,  0.6593, -0.4331, -0.5608,  0.6301,  0.5997, -0.5721, -0.6421,
         -0.5767,  0.6919,  0.4941,  0.6603, -0.5727, -0.7352,  0.5890, -0.5648,
         -0.5975,  0.5673, -0.4074, -0.4412,  0.7162,  0.4927, -0.5524, -0.6624,
         -0.6310, -0.6605, -0.5120,  0.6226, -0.5795,  0.6203,  0.4612, -0.4985]],
       device='cuda:0', requires_grad=True)

Parameter name: linear_0.weight
Shape: torch.Size([32, 39])
Values: Parameter containing:
tensor([[-0.0221,  0.0983,  0.0540,  ...,  0.1895, -0.4995, -0.1137],
        [-0.1383, -0.0365,  0.1389,  ...,  0.0545, -0.4742,  0.0871],
        [ 0.0268, -0.0391,  0.0236,  ...,  0.0637,  0.4594,  0.0345],
        ...,
        [ 0.1396, -0.1579, -0.0403,  ..., -0.1701,  0.1867, -0.1180],
        [ 0.1128, -0.2141, -0.0743,  ..., -0.2301,  0.3318,  0.1557],
        [-0.2149,  0.1754,  0.0682,  ...,  0.0817, -0.4529, -0.0509]],
       device='cuda:0', requires_grad=True)

Parameter name: linear_0.bias
Shape: torch.Size([32])
Values: Parameter containing:
tensor([ 0.0845,  0.0287, -0.0624, -0.1366, -0.0840,  0.0404, -0.0851,  0.0713,
        -0.0388,  0.0480,  0.0502,  0.0178, -0.0248,  0.1051, -0.0235, -0.0166,
         0.0518, -0.1652, -0.0017,  0.0919, -0.0933, -0.0008,  0.1180,  0.0529,
        -0.1096,  0.1119,  0.0585, -0.1506,  0.0456,  0.1972,  0.1817, -0.1033],
       device='cuda:0', requires_grad=True)

Parameter name: linear_1.weight
Shape: torch.Size([32, 32])
Values: Parameter containing:
tensor([[ 0.0922, -0.2154, -0.0032,  ...,  0.1065, -0.0041,  0.0623],
        [-0.1909, -0.0590,  0.1979,  ...,  0.2020,  0.0100,  0.0354],
        [ 0.1293, -0.0286, -0.2404,  ..., -0.1797, -0.0173,  0.2078],
        ...,
        [ 0.1364,  0.0890,  0.0283,  ...,  0.0424, -0.2254,  0.3203],
        [ 0.0448, -0.2197,  0.1432,  ...,  0.3274,  0.2686, -0.1361],
        [ 0.0145, -0.1343,  0.2820,  ...,  0.2702,  0.1496, -0.0598]],
       device='cuda:0', requires_grad=True)

Parameter name: linear_1.bias
Shape: torch.Size([32])
Values: Parameter containing:
tensor([ 0.1513,  0.1925, -0.0693, -0.1567,  0.0400, -0.0043, -0.0988,  0.0581,
         0.2128, -0.1779,  0.1394, -0.1921,  0.2413,  0.0730, -0.0653,  0.2128,
         0.0028, -0.1938,  0.0660,  0.0694, -0.0839,  0.0625, -0.2371,  0.2294,
         0.0122, -0.0954,  0.0813,  0.0120, -0.1975, -0.0823,  0.2021,  0.0585],
       device='cuda:0', requires_grad=True)

Parameter name: linear_2.weight
Shape: torch.Size([1, 32])
Values: Parameter containing:
tensor([[ 1.0386,  0.9654, -1.0246, -1.0040,  0.8720,  0.8888, -0.9399,  0.8564,
          0.9227, -0.9899, -0.9023,  0.9093,  0.9058,  0.9150,  0.9293,  0.9030,
         -1.0227, -1.0473,  0.9009,  0.8911, -0.9512, -0.9491, -1.0536,  0.9060,
          0.9926,  1.0308, -1.0250,  1.0034, -0.9438, -1.0447,  0.9520,  1.0245]],
       device='cuda:0', requires_grad=True)

Parameter name: linear_2.bias
Shape: torch.Size([1])
Values: Parameter containing:
tensor([0.7793], device='cuda:0', requires_grad=True)

