Parameter name: road_linear_0.weight
Shape: torch.Size([32, 16])
Values: Parameter containing:
tensor([[-3.5748e-01,  5.3637e-01,  8.5162e-03, -1.9398e-02,  3.7676e-01,
          2.5173e-01,  4.7686e-01,  1.5570e-01,  3.4283e-01,  2.0461e-01,
          7.5752e-02, -3.0459e-01, -4.7078e-01, -3.1313e-01,  3.3102e-01,
          6.6393e-02],
        [-9.6042e-02, -1.6739e-01,  8.0084e-02, -1.4333e-01,  1.3969e-01,
          2.2619e-01,  2.6007e-02,  3.7072e-01,  7.5765e-01, -6.6866e-02,
          2.8961e-01, -4.6007e-01,  6.7609e-02,  1.3183e-01,  7.3862e-01,
          8.6395e-02],
        [ 2.4354e-01, -3.0721e-01,  4.5159e-01, -1.7830e-01, -4.1448e-01,
         -4.2866e-01, -3.5695e-01, -6.4191e-01, -1.6938e-01, -1.0357e-01,
          1.7802e-01,  1.6364e-01,  7.5647e-01,  3.6727e-01, -7.2520e-02,
          3.4956e-01],
        [ 3.7844e-02, -9.3093e-02, -1.5728e-01,  1.0788e-01, -1.3483e-01,
         -1.3365e-01,  3.4720e-02, -2.6484e-01, -7.4069e-01, -1.5242e-01,
         -2.1768e-01,  4.8924e-01,  1.7733e-01, -3.6575e-01, -4.8918e-01,
         -6.9660e-02],
        [ 9.8378e-02,  2.4504e-01,  4.5428e-02, -1.8155e-01,  2.6972e-01,
          3.8132e-02, -8.8734e-02,  5.1231e-01,  4.7972e-01,  6.5573e-02,
          3.3511e-01, -2.8935e-01,  4.2719e-02, -2.8858e-02,  5.6732e-01,
          2.8032e-02],
        [-1.7476e-01,  5.9541e-01, -4.3457e-01,  4.5696e-01,  6.0534e-01,
          5.9957e-02,  5.4640e-01,  1.5979e-01,  3.7146e-01,  2.4135e-01,
         -3.5495e-01, -2.4487e-01, -4.9901e-01,  8.6757e-02,  4.0962e-01,
         -1.6448e-01],
        [ 1.7214e-01, -1.5490e-03,  1.8759e-01, -2.1381e-02, -1.8240e-01,
         -1.4093e-01, -5.8003e-02, -4.1783e-01, -5.7669e-01,  1.9481e-01,
         -1.2962e-01,  2.0212e-01, -1.0328e-01, -5.0928e-04, -5.3922e-01,
         -3.6107e-02],
        [-2.2997e-01,  8.1207e-02,  1.5416e-01, -1.9894e-01, -4.7353e-01,
         -2.2123e-01,  7.6848e-03, -4.4896e-01, -4.8828e-01, -1.7558e-02,
         -1.4356e-01,  1.8862e-01,  2.5227e-01, -2.9294e-01, -3.2292e-01,
          1.8326e-01],
        [-1.4096e-01,  1.0041e-01,  1.0441e-01, -9.8159e-02, -2.5992e-01,
         -2.8984e-01, -1.9478e-02, -3.4524e-01, -3.7443e-01, -9.9809e-02,
         -3.0543e-01,  2.8777e-01, -1.3143e-01, -2.8356e-02, -7.1493e-01,
         -8.1671e-02],
        [-1.2130e-01,  7.2271e-02,  9.3057e-02, -1.5413e-01,  2.1964e-01,
          1.2002e-01, -7.8594e-02,  4.5921e-01,  6.4834e-01, -2.0620e-01,
          3.3637e-01, -1.9306e-01, -1.9689e-01,  9.9593e-02,  5.2493e-01,
         -3.1553e-02],
        [-2.8766e-01,  4.6360e-01,  5.5297e-02, -1.1954e-01,  1.3941e-01,
          3.9343e-01,  2.5612e-01,  3.0507e-01,  5.9000e-01,  1.2949e-01,
          5.2984e-02, -1.6264e-01, -2.9346e-01,  2.3388e-01,  1.7122e-01,
         -2.4197e-01],
        [ 5.8251e-02,  7.2424e-02,  1.8670e-01, -7.1811e-02,  3.2744e-01,
          4.6115e-02,  2.1923e-01,  3.5921e-01,  5.1979e-01,  1.3166e-01,
          3.8607e-01, -1.1967e-01, -3.6952e-01, -3.4435e-02,  3.7281e-01,
         -2.2141e-02],
        [ 1.7361e-01,  2.8943e-03, -2.4089e-02, -4.4120e-02, -2.5399e-01,
          4.6985e-02, -6.9571e-03, -5.3376e-01, -6.7718e-01,  7.8772e-02,
         -1.3254e-01,  1.9176e-01, -7.4742e-02, -3.3458e-03, -5.0884e-01,
         -1.1682e-01],
        [ 2.0735e-02,  2.0993e-01,  1.5834e-01,  1.4518e-01, -4.5041e-01,
          1.5101e-02,  1.0299e-01, -2.8604e-01, -6.0207e-01,  5.3067e-02,
         -3.1890e-01,  2.9075e-01,  4.2755e-02, -1.3847e-01, -6.9446e-01,
          5.3063e-02],
        [-1.8370e-01, -1.3094e-01,  1.3780e-01, -1.9519e-01,  5.2481e-01,
          3.5201e-01, -5.9191e-02,  3.3401e-01,  3.4806e-01, -3.4700e-02,
          2.2440e-01, -4.9773e-01, -5.4926e-03,  8.6571e-02,  3.8129e-01,
          2.1359e-02],
        [-1.6465e-01, -3.1252e-01,  6.6717e-02,  1.5955e-01, -4.4842e-01,
         -1.5937e-02, -1.5711e-01, -4.9431e-01, -4.6378e-01,  8.8393e-02,
         -5.9699e-02,  5.5580e-01,  1.4959e-01, -1.7334e-01, -1.3723e-01,
         -4.8965e-03],
        [ 6.5385e-02,  1.3125e-01, -5.4531e-02, -1.5109e-01, -4.4531e-01,
          3.4565e-02,  9.9405e-02, -1.8256e-01, -6.9830e-01,  6.5377e-02,
          1.3802e-02,  4.3711e-01,  2.4395e-01,  1.7191e-02, -4.3525e-01,
         -2.6080e-01],
        [-2.6837e-01,  3.2530e-01, -1.7848e-01,  8.4308e-02,  2.8873e-01,
          2.9894e-01,  3.9048e-01,  4.0509e-01,  2.1945e-01,  1.9645e-01,
         -1.1780e-01, -3.4725e-01, -2.9722e-01, -1.2604e-01,  3.3364e-01,
         -1.1682e-01],
        [ 3.5197e-01, -4.0671e-01,  1.7571e-01, -3.0188e-01, -4.9998e-01,
         -4.3339e-01, -5.3653e-01, -1.9073e-01, -5.7679e-01, -1.1926e-01,
          2.2420e-01,  1.3201e-01,  5.3354e-01,  2.6556e-01, -1.1673e-01,
          2.3904e-01],
        [ 4.9324e-01, -3.7631e-01,  3.0785e-01, -1.2074e-01, -6.6818e-01,
         -3.0838e-01, -6.2374e-01, -2.1266e-01, -2.5140e-01, -2.6839e-01,
          1.3849e-01,  4.5481e-01,  2.4249e-01,  1.2238e-01, -1.5769e-01,
          2.4840e-01],
        [-3.0939e-02,  2.1425e-01,  1.2926e-01, -2.0424e-01,  3.2904e-01,
         -7.5843e-02,  2.4521e-01,  4.9760e-01,  3.5376e-01, -1.0380e-01,
         -3.1122e-02, -3.2304e-01, -1.4435e-01, -3.0791e-02,  4.7760e-01,
         -1.0758e-01],
        [-1.9139e-02,  3.3638e-02,  5.9231e-02,  3.0416e-01,  2.6963e-01,
          1.2109e-01,  2.5005e-01,  1.9791e-01,  3.6866e-01,  1.3836e-01,
          3.1064e-01, -5.1399e-01, -3.0403e-01, -2.5558e-01,  2.1603e-01,
          1.3674e-01],
        [ 4.7774e-01, -4.3693e-01,  8.1673e-02, -1.7904e-01, -3.0126e-01,
         -4.4687e-01, -5.4192e-01, -4.3530e-01, -4.3315e-01, -1.5058e-01,
          3.3804e-01,  4.0805e-01,  2.1485e-01,  3.2412e-01, -3.4359e-02,
          2.6111e-01],
        [-1.3440e-02,  1.0998e-01,  7.8878e-02, -1.6289e-01, -2.7629e-01,
         -7.4495e-02,  1.7221e-02, -4.2678e-01, -6.0831e-01, -6.1700e-02,
         -2.2043e-01,  4.3998e-01,  1.5237e-01, -1.4542e-01, -4.3339e-01,
         -2.1892e-01],
        [ 1.2385e-02, -3.1664e-01, -4.7890e-02,  4.0372e-02, -5.0842e-02,
         -1.8119e-01,  1.8660e-01, -3.5779e-01, -7.3749e-01,  2.7850e-01,
          7.2332e-02,  1.5041e-01, -3.4471e-02,  2.7758e-02, -5.9391e-01,
          1.5021e-01],
        [-1.5706e-01, -8.5787e-02, -1.3388e-01,  2.4271e-01, -2.9047e-01,
         -1.6079e-01,  1.0736e-01, -5.0232e-01, -4.7835e-01, -1.2635e-01,
         -3.9738e-01,  1.9174e-01,  9.3175e-02,  1.1117e-01, -6.3280e-01,
         -1.0366e-01],
        [ 4.6030e-01, -2.9038e-01,  4.1607e-01, -4.2831e-01, -5.4072e-01,
         -2.1592e-01, -7.3860e-01, -2.8723e-01, -6.0014e-01, -6.9275e-02,
          2.8680e-01,  3.1427e-01,  6.1592e-01,  3.9996e-01, -7.0749e-02,
          4.3249e-01],
        [-2.0537e-01,  2.4800e-01,  1.7439e-01,  8.9744e-02,  4.7533e-01,
         -1.0015e-02,  3.1274e-01,  3.6153e-01,  2.0819e-01, -5.9982e-02,
          2.8903e-01, -4.3568e-01, -2.5114e-01, -5.3176e-02,  2.2127e-01,
          9.7336e-03],
        [ 2.0127e-01, -1.6732e-01, -5.8849e-03, -1.7331e-02, -4.3393e-01,
         -2.3959e-01, -1.0993e-01, -4.9932e-01, -2.0763e-01,  3.0701e-02,
         -1.5320e-02,  2.9130e-01,  4.1642e-01,  1.6327e-01, -1.5820e-01,
          1.4735e-01],
        [-4.1340e-01,  4.3174e-01, -3.7381e-01,  3.0037e-01,  2.1717e-01,
          2.2482e-01,  6.1922e-01,  5.0200e-01,  5.1388e-01,  2.4722e-01,
          1.1169e-03, -2.5173e-01, -2.3087e-01,  1.6803e-02,  2.1882e-01,
         -2.9663e-01],
        [-3.7854e-01,  3.1568e-01, -6.1457e-02,  2.1890e-02,  4.9987e-01,
          4.4071e-01,  6.0212e-01,  1.9043e-01,  4.1303e-01,  3.0597e-01,
         -3.9651e-01, -2.1127e-01, -6.2124e-01, -2.6927e-01,  1.5693e-01,
         -2.7486e-01],
        [-1.4699e-01, -2.8230e-02,  3.4536e-02,  1.0636e-01, -8.6778e-02,
         -2.3274e-01, -2.6585e-01, -5.3973e-01, -5.9619e-01, -5.6706e-02,
         -2.9531e-02,  1.2307e-01, -8.0609e-02,  3.3047e-02, -5.2320e-01,
          8.3560e-03]], device='cuda:0', requires_grad=True)

Parameter name: road_linear_0.bias
Shape: torch.Size([32])
Values: Parameter containing:
tensor([-0.1238,  0.1393,  0.2096, -0.2199,  0.1884, -0.1704, -0.0273,  0.1442,
        -0.1413,  0.1329, -0.0942,  0.1104, -0.0540, -0.0891,  0.1634, -0.0388,
        -0.1763, -0.1010,  0.2309,  0.1281,  0.0917, -0.1243,  0.1117, -0.1208,
        -0.2126, -0.0370,  0.2381,  0.0297,  0.0397, -0.2597, -0.0957, -0.0618],
       device='cuda:0', requires_grad=True)

Parameter name: road_linear_1.weight
Shape: torch.Size([1, 32])
Values: Parameter containing:
tensor([[ 0.5752,  0.7315, -0.5390, -0.6351,  0.7036,  0.6894, -0.6547, -0.7147,
         -0.6627,  0.7690,  0.5659,  0.7381, -0.6565, -0.8187,  0.6629, -0.6233,
         -0.6800,  0.6420, -0.5020, -0.5309,  0.7817,  0.5509, -0.6465, -0.7411,
         -0.7139, -0.7337, -0.6204,  0.6776, -0.6475,  0.7101,  0.5553, -0.5730]],
       device='cuda:0', requires_grad=True)

Parameter name: linear_0.weight
Shape: torch.Size([32, 39])
Values: Parameter containing:
tensor([[-0.0291,  0.1165,  0.0536,  ...,  0.2019, -0.7338, -0.1137],
        [-0.1423, -0.0320,  0.1433,  ...,  0.0511, -0.6315,  0.0871],
        [ 0.0304, -0.0421,  0.0191,  ...,  0.0666,  0.6784,  0.0345],
        ...,
        [ 0.1397, -0.1548, -0.0428,  ..., -0.1680,  0.3339, -0.1180],
        [ 0.1121, -0.2147, -0.0736,  ..., -0.2320,  0.5095,  0.1557],
        [-0.2274,  0.2045,  0.0698,  ...,  0.0865, -0.6408, -0.0509]],
       device='cuda:0', requires_grad=True)

Parameter name: linear_0.bias
Shape: torch.Size([32])
Values: Parameter containing:
tensor([ 0.0878,  0.0250, -0.0586, -0.1310, -0.0875,  0.0435, -0.0817,  0.0697,
        -0.0417,  0.0476,  0.0523,  0.0111, -0.0241,  0.1092, -0.0185, -0.0180,
         0.0582, -0.1674,  0.0004,  0.0956, -0.0992, -0.0093,  0.1209,  0.0658,
        -0.1076,  0.1144,  0.0638, -0.1637,  0.0480,  0.1994,  0.1803, -0.1007],
       device='cuda:0', requires_grad=True)

Parameter name: linear_1.weight
Shape: torch.Size([32, 32])
Values: Parameter containing:
tensor([[ 0.1029, -0.2260,  0.0160,  ...,  0.1189, -0.0050,  0.0814],
        [-0.1821, -0.0678,  0.2165,  ...,  0.2127,  0.0082,  0.0514],
        [ 0.1411, -0.0384, -0.2363,  ..., -0.1711, -0.0054,  0.2214],
        ...,
        [ 0.1545,  0.0829,  0.0270,  ...,  0.0510, -0.2347,  0.3725],
        [ 0.0639, -0.2400,  0.1728,  ...,  0.3489,  0.2765, -0.1069],
        [ 0.0227, -0.1418,  0.2977,  ...,  0.2798,  0.1456, -0.0429]],
       device='cuda:0', requires_grad=True)

Parameter name: linear_1.bias
Shape: torch.Size([32])
Values: Parameter containing:
tensor([ 0.1630,  0.2023, -0.0603, -0.1701,  0.0415,  0.0009, -0.1039,  0.0800,
         0.2321, -0.1700,  0.1385, -0.1229,  0.2584,  0.0696, -0.0484,  0.2326,
         0.0824, -0.1988,  0.0617,  0.0817, -0.0995,  0.0620, -0.2285,  0.2367,
         0.0202, -0.0274,  0.0899, -0.0037, -0.2086, -0.0713,  0.2225,  0.0677],
       device='cuda:0', requires_grad=True)

Parameter name: linear_2.weight
Shape: torch.Size([1, 32])
Values: Parameter containing:
tensor([[ 1.2430,  1.1754, -1.2635, -1.2061,  1.1014,  1.1126, -1.1628,  1.0502,
          1.1189, -1.2310, -1.1243,  1.1038,  1.1095,  1.1502,  1.1245,  1.0960,
         -1.2171, -1.2654,  1.1346,  1.0974, -1.1520, -1.1784, -1.2908,  1.1202,
          1.2066,  1.2400, -1.2577,  1.2446, -1.1505, -1.2742,  1.1448,  1.2372]],
       device='cuda:0', requires_grad=True)

Parameter name: linear_2.bias
Shape: torch.Size([1])
Values: Parameter containing:
tensor([0.9702], device='cuda:0', requires_grad=True)

