Parameter name: road_linear_0.weight
Shape: torch.Size([32, 16])
Values: Parameter containing:
tensor([[-0.2899,  0.4643,  0.0537, -0.0434,  0.2412,  0.1527,  0.3550,  0.0448,
          0.2653,  0.2041,  0.0230, -0.1995, -0.3734, -0.3252,  0.3291,  0.0937],
        [-0.1997, -0.0474, -0.0406, -0.0404,  0.0624,  0.2320,  0.1594,  0.2037,
          0.4653,  0.0645,  0.0886, -0.2807, -0.0199,  0.0010,  0.4739, -0.0317],
        [ 0.0396, -0.1089,  0.3165, -0.0950, -0.1653, -0.3184, -0.0814, -0.4874,
         -0.0548, -0.0135,  0.0888, -0.0068,  0.4737,  0.2746, -0.0171,  0.2232],
        [ 0.1855, -0.2474, -0.0077, -0.0163, -0.1064, -0.1587, -0.1271, -0.1243,
         -0.4563, -0.3144,  0.0265,  0.3624,  0.3201, -0.1979, -0.2639,  0.0769],
        [-0.0527,  0.4164, -0.1055, -0.0576,  0.2560,  0.0542,  0.0699,  0.3880,
          0.2243,  0.2311,  0.0891, -0.1955, -0.0992, -0.2012,  0.3669, -0.1181],
        [ 0.0212,  0.4421, -0.2922,  0.3626,  0.4059, -0.0639,  0.2944,  0.0315,
          0.3177,  0.1542, -0.3101, -0.1197, -0.2966,  0.1665,  0.4221, -0.0419],
        [ 0.3032, -0.0931,  0.3250, -0.1349, -0.1260, -0.1779, -0.1875, -0.2893,
         -0.3237,  0.0532,  0.0854,  0.0849, -0.0107,  0.1594, -0.3684,  0.0917],
        [-0.1265,  0.0411,  0.2765, -0.3037, -0.4087, -0.2678, -0.0969, -0.3229,
         -0.2705, -0.1405,  0.0327,  0.0626,  0.3060, -0.1528, -0.1683,  0.2919],
        [-0.0039, -0.0122,  0.2512, -0.2228, -0.1638, -0.3285, -0.1784, -0.1678,
         -0.0441, -0.2537, -0.0641,  0.1011, -0.0194,  0.1332, -0.4699,  0.0575],
        [-0.2505,  0.2188, -0.0453, -0.0375,  0.1719,  0.1380,  0.0689,  0.3064,
          0.3565, -0.0588,  0.1073, -0.0479, -0.3154, -0.0531,  0.2887, -0.1666],
        [-0.3022,  0.4195,  0.0072, -0.0686,  0.0468,  0.3900,  0.2568,  0.1868,
          0.4425,  0.1896, -0.0474, -0.0313, -0.2522,  0.1593,  0.0779, -0.2834],
        [-0.0605,  0.1520,  0.0530,  0.0432,  0.2438,  0.0854,  0.3531,  0.2025,
          0.2329,  0.2724,  0.1670,  0.0413, -0.4515, -0.1848,  0.1696, -0.1457],
        [ 0.3169, -0.1399,  0.1194, -0.1613, -0.2230,  0.0287, -0.1458, -0.4172,
         -0.4372, -0.0725,  0.1038,  0.1039,  0.0471,  0.1664, -0.3433,  0.0211],
        [ 0.1567,  0.0646,  0.3020,  0.0247, -0.3983, -0.0020, -0.0517, -0.1319,
         -0.3062, -0.0993, -0.0803,  0.1411,  0.1680,  0.0215, -0.4559,  0.1930],
        [-0.3223, -0.0011, -0.0061, -0.0751,  0.4652,  0.3918,  0.0962,  0.1799,
          0.0502,  0.1173, -0.0091, -0.3445, -0.1298, -0.0727,  0.1585, -0.1149],
        [-0.0642, -0.4284,  0.1743,  0.0704, -0.4277, -0.0155, -0.2485, -0.4012,
         -0.2936, -0.0299,  0.1399,  0.4859,  0.2399, -0.0386, -0.0372,  0.0968],
        [ 0.2182,  0.0170,  0.1000, -0.2840, -0.3874, -0.0060, -0.0629, -0.0277,
         -0.3877, -0.0996,  0.2601,  0.2884,  0.3662,  0.1948, -0.2138, -0.1159],
        [-0.1994,  0.2192, -0.1449,  0.0725,  0.1676,  0.2495,  0.2765,  0.3058,
          0.1582,  0.1970, -0.1414, -0.2381, -0.1866, -0.1345,  0.3167, -0.0899],
        [ 0.1667, -0.2022,  0.0699, -0.2467, -0.2636, -0.3453, -0.2965, -0.0266,
         -0.4595, -0.0496,  0.1428, -0.0468,  0.2535,  0.1961, -0.0430,  0.1333],
        [ 0.3161, -0.2041,  0.1947, -0.0485, -0.3963, -0.1998, -0.3762, -0.0388,
         -0.1200, -0.2073,  0.0781,  0.2861,  0.0047,  0.0634, -0.0864,  0.1454],
        [-0.1317,  0.3374,  0.0270, -0.1162,  0.3380, -0.0712,  0.3328,  0.4313,
          0.2269,  0.0113, -0.2282, -0.2920, -0.2515, -0.1628,  0.4223, -0.2075],
        [-0.0578,  0.0026, -0.0146,  0.3781,  0.1048,  0.1045,  0.2856,  0.0244,
          0.1265,  0.2233,  0.1651, -0.3332, -0.2576, -0.3561,  0.0485,  0.0711],
        [ 0.3046, -0.2529, -0.0236, -0.1178, -0.0626, -0.3589, -0.3062, -0.2821,
         -0.3215, -0.0874,  0.2681,  0.2449, -0.0319,  0.2617,  0.0279,  0.1609],
        [ 0.1441, -0.0047,  0.2328, -0.2915, -0.2447, -0.1249, -0.1443, -0.2969,
         -0.3514, -0.2287,  0.0101,  0.3255,  0.2786,  0.0317, -0.2411, -0.0745],
        [ 0.1553, -0.4439,  0.0998, -0.0832, -0.0053, -0.2145,  0.0358, -0.2173,
         -0.4399,  0.1252,  0.3148,  0.0217,  0.0895,  0.1956, -0.3866,  0.2916],
        [ 0.0054, -0.2733,  0.0276,  0.1095, -0.3134, -0.1872, -0.0615, -0.4075,
         -0.2539, -0.3000, -0.1484,  0.1477,  0.2547,  0.2925, -0.4493,  0.0510],
        [ 0.1688, -0.0943,  0.2189, -0.2981, -0.2327, -0.0610, -0.3781, -0.0809,
         -0.4351,  0.0710,  0.1573,  0.1187,  0.2797,  0.2471,  0.0193,  0.2371],
        [-0.2671,  0.2765,  0.0875,  0.1667,  0.3916, -0.0096,  0.3750,  0.2325,
          0.0223,  0.0362,  0.1270, -0.3019, -0.2739, -0.1633,  0.0912, -0.0695],
        [ 0.2183, -0.1150,  0.0484, -0.0749, -0.3429, -0.2500, -0.1229, -0.3790,
         -0.0581, -0.0324,  0.0851,  0.1522,  0.3765,  0.2400, -0.0531,  0.1914],
        [-0.2372,  0.2802, -0.2513,  0.2171,  0.0025,  0.1115,  0.3771,  0.3758,
          0.4340,  0.1764,  0.0515, -0.1214, -0.0234,  0.0830,  0.2068, -0.1921],
        [-0.2082,  0.1200,  0.0441, -0.0355,  0.2476,  0.3449,  0.3714,  0.0171,
          0.2796,  0.2456, -0.3245, -0.0308, -0.3477, -0.2053,  0.0799, -0.1737],
        [-0.0191, -0.1102,  0.1713, -0.0095, -0.0385, -0.2834, -0.3998, -0.4079,
         -0.3434, -0.2001,  0.1790, -0.0021,  0.0110,  0.1909, -0.3466,  0.1333]],
       device='cuda:0', requires_grad=True)

Parameter name: road_linear_0.bias
Shape: torch.Size([32])
Values: Parameter containing:
tensor([-0.1261,  0.0051,  0.0983, -0.0502, -0.0078, -0.1075,  0.0890,  0.1496,
        -0.0282, -0.0283, -0.0287,  0.0574,  0.1439,  0.0679,  0.0184,  0.1063,
        -0.0683, -0.0209,  0.0954,  0.0480, -0.0582, -0.0795,  0.0020,  0.0030,
        -0.0705,  0.1626,  0.1660,  0.0162, -0.0576, -0.2065,  0.0285,  0.0101],
       device='cuda:0', requires_grad=True)

Parameter name: road_linear_1.weight
Shape: torch.Size([1, 32])
Values: Parameter containing:
tensor([[ 0.2872,  0.3747, -0.2630, -0.2966,  0.3697,  0.4153, -0.3277, -0.4235,
         -0.3311,  0.4205,  0.2887,  0.4282, -0.3090, -0.4540,  0.3408, -0.3297,
         -0.3457,  0.3684, -0.2553, -0.2835,  0.4722,  0.3141, -0.3921, -0.4166,
         -0.3761, -0.4037, -0.3516,  0.4020, -0.3803,  0.4308,  0.3119, -0.2706]],
       device='cuda:0', requires_grad=True)

Parameter name: linear_0.weight
Shape: torch.Size([32, 39])
Values: Parameter containing:
tensor([[-0.0577,  0.1343,  0.0839,  ...,  0.1388, -0.2381, -0.1137],
        [-0.1525, -0.0131,  0.1373,  ...,  0.0637, -0.2797,  0.0871],
        [ 0.0435, -0.0650,  0.0226,  ...,  0.0592,  0.2222,  0.0345],
        ...,
        [ 0.1518, -0.1833, -0.0324,  ..., -0.1878, -0.0089, -0.1180],
        [ 0.1332, -0.2444, -0.0778,  ..., -0.2335,  0.1088,  0.1557],
        [-0.2328,  0.1908,  0.0837,  ...,  0.0595, -0.2314, -0.0509]],
       device='cuda:0', requires_grad=True)

Parameter name: linear_0.bias
Shape: torch.Size([32])
Values: Parameter containing:
tensor([ 0.0594,  0.0380, -0.0691, -0.1410, -0.0763,  0.0567, -0.0959,  0.0513,
        -0.0399,  0.0520,  0.0160,  0.0150, -0.0205,  0.0962, -0.0371, -0.0053,
         0.0480, -0.1600, -0.0247,  0.0758, -0.0729,  0.0188,  0.1137,  0.0253,
        -0.0991,  0.1069,  0.0541, -0.1258,  0.0400,  0.1808,  0.1771, -0.1154],
       device='cuda:0', requires_grad=True)

Parameter name: linear_1.weight
Shape: torch.Size([32, 32])
Values: Parameter containing:
tensor([[ 0.0817, -0.1877, -0.0852,  ...,  0.0828, -0.0204,  0.0524],
        [-0.2033, -0.0347,  0.1218,  ...,  0.1802, -0.0042,  0.0241],
        [ 0.1327, -0.0394, -0.1906,  ..., -0.1708, -0.0128,  0.2086],
        ...,
        [ 0.1419,  0.0824,  0.0569,  ...,  0.0474, -0.2118,  0.3062],
        [ 0.0271, -0.1697,  0.0415,  ...,  0.2854,  0.2333, -0.1553],
        [ 0.0048, -0.1173,  0.2268,  ...,  0.2553,  0.1448, -0.0732]],
       device='cuda:0', requires_grad=True)

Parameter name: linear_1.bias
Shape: torch.Size([32])
Values: Parameter containing:
tensor([ 0.1275,  0.1704, -0.0591, -0.1332,  0.0245, -0.0229, -0.0820,  0.0165,
         0.1794, -0.1654,  0.1262, -0.1276,  0.2140,  0.0586, -0.0991,  0.1717,
        -0.1201, -0.1760,  0.0538,  0.0466, -0.0558,  0.0768, -0.2255,  0.2095,
        -0.0086, -0.0360,  0.0802,  0.0064, -0.1733, -0.0794,  0.1615,  0.0407],
       device='cuda:0', requires_grad=True)

Parameter name: linear_2.weight
Shape: torch.Size([1, 32])
Values: Parameter containing:
tensor([[ 0.4855,  0.4034, -0.4577, -0.4605,  0.3017,  0.3198, -0.3742,  0.3345,
          0.3947, -0.4183, -0.3463,  0.3649,  0.3660,  0.3458,  0.4000,  0.3836,
         -0.4823, -0.4856,  0.3340,  0.3399, -0.4098, -0.3845, -0.4788,  0.3428,
          0.4271,  0.4855, -0.4580,  0.4477, -0.3860, -0.4742,  0.4345,  0.4676]],
       device='cuda:0', requires_grad=True)

Parameter name: linear_2.bias
Shape: torch.Size([1])
Values: Parameter containing:
tensor([0.2757], device='cuda:0', requires_grad=True)

