Parameter name: road_linear_0.weight
Shape: torch.Size([32, 16])
Values: Parameter containing:
tensor([[-0.2926,  0.3483,  0.0164, -0.0414,  0.0900,  0.1347,  0.2596, -0.0883,
          0.1381,  0.2281,  0.0844, -0.1098, -0.2513, -0.3345,  0.1915,  0.0907],
        [-0.2173, -0.1091, -0.0723, -0.0382, -0.0803,  0.2098,  0.1104,  0.1078,
          0.3513,  0.0998,  0.0839, -0.2162,  0.0586, -0.0151,  0.2855, -0.0488],
        [ 0.0458,  0.0042,  0.3506, -0.0934, -0.0062, -0.3088,  0.0098, -0.3588,
          0.0982, -0.0402,  0.0338, -0.1060,  0.3482,  0.2857,  0.1399,  0.2294],
        [ 0.2367, -0.1797,  0.0540, -0.0454,  0.0072, -0.1583, -0.0990, -0.0411,
         -0.3683, -0.3709,  0.0284,  0.3163,  0.2534, -0.1469, -0.1386,  0.1237],
        [-0.0553,  0.3149, -0.1354, -0.0619,  0.0931,  0.0415, -0.0236,  0.2608,
          0.0885,  0.2578,  0.1237, -0.1109,  0.0137, -0.2051,  0.1979, -0.1202],
        [ 0.0309,  0.3441, -0.3280,  0.3689,  0.2640, -0.0659,  0.1985, -0.0871,
          0.1992,  0.1769, -0.2560, -0.0399, -0.1878,  0.1661,  0.3010, -0.0429],
        [ 0.3408, -0.0177,  0.3835, -0.1593, -0.0049, -0.1802, -0.1345, -0.1939,
         -0.2168,  0.0051,  0.0625,  0.0227, -0.0959,  0.1993, -0.2526,  0.1283],
        [-0.0833,  0.1122,  0.3394, -0.3331, -0.2915, -0.2770, -0.0505, -0.2340,
         -0.1683, -0.1948,  0.0121,  0.0056,  0.2285, -0.1072, -0.0527,  0.3356],
        [ 0.0023,  0.0781,  0.2736, -0.2161,  0.0057, -0.3127, -0.1105, -0.0550,
          0.0910, -0.2830, -0.0729,  0.0157, -0.1164,  0.1416, -0.2756,  0.0651],
        [-0.2509,  0.1289, -0.0666, -0.0475,  0.0071,  0.1169, -0.0140,  0.1828,
          0.2162, -0.0361,  0.1223,  0.0394, -0.2055, -0.0529,  0.0972, -0.1666],
        [-0.3195,  0.3141, -0.0323, -0.0637, -0.1079,  0.3910,  0.1762,  0.0696,
          0.3021,  0.2259, -0.0135,  0.0502, -0.1436,  0.1386, -0.0782, -0.3003],
        [-0.0965,  0.0775,  0.0011,  0.0631,  0.1087,  0.0920,  0.3103,  0.1057,
          0.1180,  0.3240,  0.1487,  0.0997, -0.3717, -0.2268,  0.0203, -0.1825],
        [ 0.2866, -0.0029,  0.1264, -0.1340, -0.0371,  0.0683, -0.0141, -0.2547,
         -0.2657, -0.0706,  0.0402, -0.0169, -0.1072,  0.1371, -0.1525, -0.0096],
        [ 0.1827,  0.1347,  0.3471,  0.0114, -0.2617,  0.0068,  0.0030, -0.0330,
         -0.1807, -0.1420, -0.0825,  0.0753,  0.0804,  0.0478, -0.3029,  0.2183],
        [-0.3484, -0.0729, -0.0462, -0.0659,  0.3209,  0.3813,  0.0547,  0.0822,
         -0.0659,  0.1590, -0.0032, -0.2751, -0.0488, -0.0998, -0.0152, -0.1403],
        [-0.1065, -0.2921,  0.1717,  0.1099, -0.2295,  0.0220, -0.1053, -0.2312,
         -0.1232, -0.0208,  0.0695,  0.3586,  0.0822, -0.0778,  0.1634,  0.0547],
        [ 0.2911,  0.0644,  0.1802, -0.3332, -0.3049, -0.0166, -0.0575,  0.0346,
         -0.3300, -0.1706,  0.2703,  0.2598,  0.3240,  0.2718, -0.1132, -0.0449],
        [-0.2737,  0.1703, -0.2291,  0.1239,  0.0908,  0.2733,  0.2538,  0.2412,
          0.1112,  0.2655, -0.1224, -0.2124, -0.1462, -0.2076,  0.2440, -0.1592],
        [ 0.1979, -0.1059,  0.1242, -0.2674, -0.1318, -0.3505, -0.2313,  0.0784,
         -0.3452, -0.0953,  0.1032, -0.1174,  0.1613,  0.2375,  0.0822,  0.1668],
        [ 0.3447, -0.1078,  0.2472, -0.0665, -0.2598, -0.2074, -0.3078,  0.0683,
         -0.0044, -0.2542,  0.0435,  0.2138, -0.0882,  0.0974,  0.0469,  0.1750],
        [-0.1493,  0.2666, -0.0207, -0.1002,  0.2214, -0.0689,  0.2587,  0.3222,
          0.1355,  0.0443, -0.1998, -0.2366, -0.1612, -0.1839,  0.3117, -0.2278],
        [-0.0242, -0.1233, -0.0041,  0.3371, -0.1023,  0.0682,  0.1774, -0.1227,
         -0.0420,  0.2185,  0.2073, -0.2055, -0.1222, -0.3241, -0.1785,  0.0994],
        [ 0.3410, -0.1722,  0.0341, -0.1412,  0.0585, -0.3725, -0.2542, -0.1898,
         -0.2147, -0.1376,  0.2375,  0.1796, -0.1147,  0.3039,  0.1539,  0.2010],
        [ 0.2415,  0.0214,  0.3302, -0.3587, -0.1935, -0.1483, -0.1554, -0.2560,
         -0.3314, -0.3120,  0.0322,  0.3206,  0.2644,  0.1284, -0.1802,  0.0148],
        [ 0.1644, -0.3466,  0.1318, -0.0831,  0.1481, -0.2084,  0.1168, -0.1053,
         -0.2951,  0.0951,  0.2886, -0.0582, -0.0183,  0.2076, -0.2196,  0.3033],
        [ 0.0107, -0.1873,  0.0628,  0.1105, -0.1705, -0.1740,  0.0228, -0.2870,
         -0.1276, -0.3259, -0.1945,  0.0688,  0.1462,  0.3007, -0.3009,  0.0545],
        [ 0.1984, -0.0086,  0.2808, -0.3263, -0.1192, -0.0810, -0.3144,  0.0137,
         -0.3444,  0.0214,  0.1160,  0.0616,  0.1996,  0.2870,  0.1269,  0.2750],
        [-0.2871,  0.1859,  0.0437,  0.1775,  0.2391, -0.0101,  0.3034,  0.1167,
         -0.1046,  0.0779,  0.1378, -0.2281, -0.1737, -0.1874, -0.0661, -0.0902],
        [ 0.2816, -0.0563,  0.1199, -0.1128, -0.2482, -0.2645, -0.1061, -0.3051,
          0.0168, -0.0960,  0.0969,  0.1105,  0.3192,  0.3060,  0.0560,  0.2499],
        [-0.2493,  0.1908, -0.3019,  0.2331, -0.1262,  0.1232,  0.2962,  0.2682,
          0.3236,  0.2129,  0.0993, -0.0516,  0.0726,  0.0649,  0.0988, -0.2101],
        [-0.2582,  0.0442, -0.0212, -0.0044,  0.1359,  0.3594,  0.3340, -0.0691,
          0.1844,  0.3023, -0.3010,  0.0247, -0.2748, -0.2627, -0.0418, -0.2248],
        [ 0.0311, -0.0301,  0.2356, -0.0393,  0.0770, -0.2920, -0.3562, -0.3147,
         -0.2528, -0.2546,  0.1565, -0.0543, -0.0634,  0.2422, -0.2331,  0.1787]],
       device='cuda:0', requires_grad=True)

Parameter name: road_linear_0.bias
Shape: torch.Size([32])
Values: Parameter containing:
tensor([-1.2144e-01,  5.2570e-02,  5.9448e-02, -1.0231e-01,  5.0123e-02,
        -1.0060e-01,  7.6968e-02,  1.3388e-01, -1.0238e-01,  2.6019e-02,
         4.8699e-02,  1.0872e-01,  1.5743e-01,  5.9794e-02,  8.6313e-02,
         4.1060e-02, -1.0336e-01,  1.4035e-04,  5.4427e-02, -1.1417e-02,
        -4.4871e-02, -3.7660e-02, -6.3419e-02, -7.9327e-03, -1.5685e-01,
         1.6840e-01,  1.3016e-01,  7.3327e-02, -1.0211e-01, -1.9438e-01,
         9.1226e-02, -3.5455e-02], device='cuda:0', requires_grad=True)

Parameter name: road_linear_1.weight
Shape: torch.Size([1, 32])
Values: Parameter containing:
tensor([[ 0.1128,  0.1982, -0.1362, -0.1548,  0.1943,  0.2520, -0.1957, -0.2976,
         -0.1885,  0.2375,  0.1591,  0.2820, -0.1152, -0.2950,  0.2015, -0.1202,
         -0.2155,  0.2476, -0.1328, -0.1635,  0.2968,  0.1614, -0.2850, -0.2998,
         -0.2225, -0.2250, -0.2328,  0.2405, -0.2615,  0.3006,  0.1996, -0.1405]],
       device='cuda:0', requires_grad=True)

Parameter name: linear_0.weight
Shape: torch.Size([32, 39])
Values: Parameter containing:
tensor([[-0.0357,  0.0928,  0.1088,  ...,  0.0051, -0.1865, -0.1137],
        [-0.1201, -0.0601,  0.1383,  ..., -0.0137, -0.2463,  0.0871],
        [-0.0115,  0.0058,  0.0489,  ...,  0.1319,  0.1565,  0.0345],
        ...,
        [ 0.1178, -0.1327, -0.0331,  ..., -0.0874, -0.0633, -0.1180],
        [ 0.0930, -0.1891, -0.0681,  ..., -0.1484,  0.0605,  0.1557],
        [-0.1947,  0.1333,  0.0875,  ..., -0.0579, -0.1678, -0.0509]],
       device='cuda:0', requires_grad=True)

Parameter name: linear_0.bias
Shape: torch.Size([32])
Values: Parameter containing:
tensor([ 0.0156,  0.0251, -0.0749, -0.1579, -0.0893,  0.0822, -0.0853,  0.0374,
        -0.0046,  0.0515,  0.0037,  0.0187, -0.0546,  0.0993, -0.0359, -0.0087,
         0.0362, -0.1843, -0.0734,  0.0744, -0.0341,  0.0010,  0.1308,  0.0144,
        -0.1213,  0.1330,  0.0604, -0.1085,  0.0190,  0.1991,  0.1840, -0.1432],
       device='cuda:0', requires_grad=True)

Parameter name: linear_1.weight
Shape: torch.Size([32, 32])
Values: Parameter containing:
tensor([[ 0.1069, -0.1387, -0.1338,  ...,  0.0383, -0.0787,  0.0899],
        [-0.1636,  0.0154,  0.0559,  ...,  0.1337, -0.0648,  0.0764],
        [ 0.0831, -0.0929, -0.1113,  ..., -0.1192,  0.0526,  0.1433],
        ...,
        [ 0.0808,  0.0481,  0.1410,  ...,  0.0807, -0.1537,  0.2272],
        [ 0.0349, -0.0928,  0.0050,  ...,  0.2150,  0.1666, -0.1361],
        [ 0.0450, -0.0746,  0.1627,  ...,  0.2153,  0.0852, -0.0153]],
       device='cuda:0', requires_grad=True)

Parameter name: linear_1.bias
Shape: torch.Size([32])
Values: Parameter containing:
tensor([ 0.1100,  0.1548, -0.0419, -0.0970,  0.0003, -0.0184, -0.0622, -0.0397,
         0.1486, -0.1675,  0.1068, -0.1088,  0.1935,  0.0915, -0.1254,  0.1146,
        -0.1511, -0.1773,  0.0617,  0.0089, -0.0135,  0.0896, -0.2107,  0.2188,
        -0.0397, -0.0012,  0.0719, -0.0238, -0.1457, -0.0840,  0.1160,  0.0330],
       device='cuda:0', requires_grad=True)

Parameter name: linear_2.weight
Shape: torch.Size([1, 32])
Values: Parameter containing:
tensor([[ 0.2582,  0.1754, -0.2301, -0.2311,  0.0687,  0.0922, -0.1449,  0.1058,
          0.1694, -0.1930, -0.1216,  0.1378,  0.1399,  0.1231,  0.1743,  0.1552,
         -0.2559, -0.2608,  0.1082,  0.1079, -0.1775, -0.1563, -0.2479,  0.1186,
          0.1950,  0.2620, -0.2325,  0.2194, -0.1564, -0.2481,  0.2079,  0.2420]],
       device='cuda:0', requires_grad=True)

Parameter name: linear_2.bias
Shape: torch.Size([1])
Values: Parameter containing:
tensor([0.0635], device='cuda:0', requires_grad=True)

