Parameter name: road_linear_0.weight
Shape: torch.Size([32, 16])
Values: Parameter containing:
tensor([[-0.2950,  0.4745,  0.0737, -0.0616,  0.3532,  0.1973,  0.3771,  0.1501,
          0.3725,  0.1726,  0.1164, -0.3080, -0.3975, -0.2689,  0.3876,  0.1125],
        [-0.1108, -0.1525,  0.0601, -0.1231,  0.1385,  0.2343,  0.0501,  0.3484,
          0.7145, -0.0453,  0.2562, -0.4483,  0.0507,  0.1144,  0.6932,  0.0670],
        [ 0.1435, -0.2084,  0.3548, -0.1106, -0.3380, -0.3566, -0.2074, -0.6194,
         -0.1875, -0.0400,  0.1153,  0.1421,  0.6360,  0.2888, -0.1091,  0.2674],
        [ 0.0600, -0.1171, -0.1324,  0.0835, -0.1408, -0.1466,  0.0056, -0.2438,
         -0.6957, -0.1794, -0.1793,  0.4824,  0.2010, -0.3429, -0.4474, -0.0454],
        [ 0.0723,  0.2750,  0.0187, -0.1563,  0.2813,  0.0524, -0.0574,  0.4958,
          0.4359,  0.0955,  0.2959, -0.2907,  0.0158, -0.0542,  0.5313,  0.0020],
        [-0.0779,  0.5064, -0.3371,  0.3875,  0.5519, -0.0038,  0.4064,  0.1461,
          0.3974,  0.1824, -0.2929, -0.2399, -0.3949,  0.1625,  0.4631, -0.0844],
        [ 0.1995, -0.0275,  0.2183, -0.0514, -0.2003, -0.1650, -0.0892, -0.4037,
         -0.5421,  0.1658, -0.0873,  0.2041, -0.0728,  0.0269, -0.5122, -0.0084],
        [-0.2138,  0.0669,  0.1778, -0.2244, -0.4971, -0.2438, -0.0135, -0.4394,
         -0.4703, -0.0386, -0.1132,  0.1896,  0.2729, -0.2741, -0.3057,  0.2032],
        [-0.1133,  0.0745,  0.1351, -0.1276, -0.2661, -0.3084, -0.0536, -0.3211,
         -0.3267, -0.1300, -0.2603,  0.2786, -0.1023, -0.0007, -0.6701, -0.0529],
        [-0.1412,  0.0929,  0.0685, -0.1298,  0.2266,  0.1342, -0.0502,  0.4392,
          0.6048, -0.1805,  0.3006, -0.1868, -0.2188,  0.0783,  0.4834, -0.0545],
        [-0.2531,  0.4247,  0.0755, -0.1267,  0.1546,  0.3813,  0.2147,  0.3053,
          0.6184,  0.1158,  0.0693, -0.1617, -0.2565,  0.2529,  0.1971, -0.2234],
        [ 0.0355,  0.0949,  0.1593, -0.0441,  0.3493,  0.0658,  0.2481,  0.3447,
          0.4878,  0.1590,  0.3488, -0.1191, -0.3943, -0.0583,  0.3452, -0.0463],
        [ 0.2037, -0.0281,  0.0072, -0.0737, -0.2691,  0.0261, -0.0410, -0.5176,
         -0.6356,  0.0473, -0.0887,  0.1949, -0.0427,  0.0255, -0.4769, -0.0875],
        [ 0.0409,  0.1905,  0.1836,  0.1205, -0.4531,  0.0017,  0.0741, -0.2630,
         -0.5577,  0.0276, -0.2817,  0.2801,  0.0646, -0.1165, -0.6481,  0.0764],
        [-0.2106, -0.1028,  0.1090, -0.1677,  0.5378,  0.3713, -0.0265,  0.3160,
          0.3062, -0.0050,  0.1828, -0.4962, -0.0347,  0.0605,  0.3448, -0.0057],
        [-0.1455, -0.3365,  0.0867,  0.1382, -0.4789, -0.0330, -0.1766, -0.4894,
         -0.4448,  0.0651, -0.0291,  0.5672,  0.1712, -0.1548, -0.1326,  0.0146],
        [ 0.0927,  0.1054, -0.0225, -0.1825, -0.4549,  0.0126,  0.0642, -0.1590,
         -0.6470,  0.0352,  0.0597,  0.4271,  0.2747,  0.0455, -0.3913, -0.2316],
        [-0.1971,  0.2548, -0.1139,  0.0432,  0.2707,  0.2546,  0.2888,  0.4043,
          0.2562,  0.1577, -0.0718, -0.3468, -0.2204, -0.0758,  0.3853, -0.0663],
        [ 0.2464, -0.3012,  0.0794, -0.2370, -0.4309, -0.3664, -0.3886, -0.1673,
         -0.6030, -0.0516,  0.1587,  0.1076,  0.4096,  0.1840, -0.1542,  0.1548],
        [ 0.4033, -0.2945,  0.2134, -0.0519, -0.5806, -0.2336, -0.4808, -0.1845,
         -0.2537, -0.2171,  0.0837,  0.4381,  0.1390,  0.0523, -0.1926,  0.1717],
        [-0.0488,  0.2361,  0.1102, -0.1836,  0.3630, -0.0563,  0.2630,  0.4979,
          0.3458, -0.0820, -0.0577, -0.3414, -0.1670, -0.0488,  0.4837, -0.1259],
        [-0.0053,  0.0134,  0.0620,  0.3104,  0.2721,  0.1100,  0.2309,  0.1842,
          0.3706,  0.1402,  0.3064, -0.5066, -0.2848, -0.2541,  0.2153,  0.1392],
        [ 0.3817, -0.3449, -0.0111, -0.1137, -0.2271, -0.3779, -0.3997, -0.4151,
         -0.4487, -0.0924,  0.2771,  0.3902,  0.1035,  0.2497, -0.0713,  0.1827],
        [ 0.0155,  0.0798,  0.1091, -0.1919, -0.2881, -0.0941, -0.0173, -0.4061,
         -0.5607, -0.0929, -0.1758,  0.4355,  0.1832, -0.1176, -0.3942, -0.1901],
        [ 0.0385, -0.3420, -0.0161,  0.0094, -0.0650, -0.2055,  0.1518, -0.3384,
         -0.6926,  0.2492,  0.1153,  0.1459, -0.0039,  0.0552, -0.5541,  0.1785],
        [-0.1296, -0.1173, -0.1040,  0.2153, -0.3060, -0.1804,  0.0728, -0.4911,
         -0.4387, -0.1572, -0.3583,  0.1992,  0.1238,  0.1381, -0.5988, -0.0766],
        [ 0.3625, -0.1950,  0.3157, -0.3545, -0.4398, -0.1326, -0.5886, -0.2408,
         -0.5931, -0.0034,  0.2319,  0.2762,  0.4864,  0.3190, -0.0877,  0.3421],
        [-0.2002,  0.2417,  0.1705,  0.0999,  0.5018, -0.0061,  0.3073,  0.3582,
          0.2133, -0.0531,  0.2802, -0.4387, -0.2473, -0.0558,  0.2261,  0.0068],
        [ 0.1658, -0.1267, -0.0235, -0.0125, -0.4509, -0.2320, -0.0720, -0.4989,
         -0.2361,  0.0450, -0.0308,  0.2872,  0.3816,  0.1443, -0.1782,  0.1295],
        [-0.3265,  0.3528, -0.2808,  0.2331,  0.1527,  0.1560,  0.4806,  0.4890,
          0.5288,  0.1974,  0.0583, -0.2455, -0.1304,  0.0852,  0.2669, -0.2240],
        [-0.2798,  0.2179,  0.0334, -0.0437,  0.4190,  0.3665,  0.4578,  0.1601,
          0.4274,  0.2451, -0.3361, -0.1868, -0.5022, -0.1928,  0.1913, -0.1942],
        [-0.1218, -0.0528,  0.0638,  0.0773, -0.1078, -0.2573, -0.2964, -0.5253,
         -0.5628, -0.0845,  0.0115,  0.1241, -0.0510,  0.0588, -0.4975,  0.0346]],
       device='cuda:0', requires_grad=True)

Parameter name: road_linear_0.bias
Shape: torch.Size([32])
Values: Parameter containing:
tensor([-0.1047,  0.1329,  0.1833, -0.1960,  0.1598, -0.1462, -0.0129,  0.1261,
        -0.1152,  0.1231, -0.0392,  0.1079, -0.0225, -0.0792,  0.1342, -0.0241,
        -0.1631, -0.0625,  0.1912,  0.1218,  0.0832, -0.0915,  0.0888, -0.0930,
        -0.2046, -0.0206,  0.2286,  0.0578, -0.0239, -0.2515, -0.0672, -0.0537],
       device='cuda:0', requires_grad=True)

Parameter name: road_linear_1.weight
Shape: torch.Size([1, 32])
Values: Parameter containing:
tensor([[ 0.4955,  0.6583, -0.4276, -0.5595,  0.6292,  0.5942, -0.5692, -0.6394,
         -0.5742,  0.6914,  0.4903,  0.6580, -0.5706, -0.7332,  0.5879, -0.5639,
         -0.5938,  0.5624, -0.4016, -0.4360,  0.7140,  0.4880, -0.5467, -0.6603,
         -0.6280, -0.6602, -0.5065,  0.6198, -0.5758,  0.6152,  0.4553, -0.4966]],
       device='cuda:0', requires_grad=True)

Parameter name: linear_0.weight
Shape: torch.Size([32, 39])
Values: Parameter containing:
tensor([[-0.0213,  0.0973,  0.0534,  ...,  0.1892, -0.4909, -0.1137],
        [-0.1383, -0.0363,  0.1388,  ...,  0.0547, -0.4690,  0.0871],
        [ 0.0267, -0.0392,  0.0239,  ...,  0.0635,  0.4520,  0.0345],
        ...,
        [ 0.1397, -0.1583, -0.0401,  ..., -0.1703,  0.1820, -0.1180],
        [ 0.1130, -0.2144, -0.0743,  ..., -0.2301,  0.3255,  0.1557],
        [-0.2142,  0.1743,  0.0679,  ...,  0.0816, -0.4461, -0.0509]],
       device='cuda:0', requires_grad=True)

Parameter name: linear_0.bias
Shape: torch.Size([32])
Values: Parameter containing:
tensor([ 0.0849,  0.0289, -0.0627, -0.1368, -0.0838,  0.0398, -0.0853,  0.0718,
        -0.0387,  0.0481,  0.0508,  0.0180, -0.0248,  0.1049, -0.0238, -0.0169,
         0.0516, -0.1649, -0.0014,  0.0916, -0.0934, -0.0003,  0.1178,  0.0524,
        -0.1096,  0.1117,  0.0582, -0.1502,  0.0456,  0.1969,  0.1817, -0.1031],
       device='cuda:0', requires_grad=True)

Parameter name: linear_1.weight
Shape: torch.Size([32, 32])
Values: Parameter containing:
tensor([[ 0.0916, -0.2148, -0.0041,  ...,  0.1058, -0.0044,  0.0616],
        [-0.1914, -0.0585,  0.1972,  ...,  0.2015,  0.0099,  0.0349],
        [ 0.1287, -0.0282, -0.2406,  ..., -0.1801, -0.0177,  0.2071],
        ...,
        [ 0.1356,  0.0891,  0.0291,  ...,  0.0421, -0.2249,  0.3180],
        [ 0.0437, -0.2185,  0.1419,  ...,  0.3262,  0.2678, -0.1375],
        [ 0.0141, -0.1339,  0.2817,  ...,  0.2698,  0.1497, -0.0605]],
       device='cuda:0', requires_grad=True)

Parameter name: linear_1.bias
Shape: torch.Size([32])
Values: Parameter containing:
tensor([ 0.1506,  0.1919, -0.0696, -0.1560,  0.0399, -0.0046, -0.0985,  0.0568,
         0.2117, -0.1782,  0.1401, -0.1952,  0.2404,  0.0731, -0.0664,  0.2116,
         0.0038, -0.1935,  0.0661,  0.0687, -0.0830,  0.0626, -0.2374,  0.2290,
         0.0118, -0.0987,  0.0811,  0.0125, -0.1968, -0.0827,  0.2009,  0.0581],
       device='cuda:0', requires_grad=True)

Parameter name: linear_2.weight
Shape: torch.Size([1, 32])
Values: Parameter containing:
tensor([[ 1.0282,  0.9550, -1.0141, -0.9937,  0.8615,  0.8783, -0.9295,  0.8461,
          0.9124, -0.9794, -0.8917,  0.8993,  0.8954,  0.9045,  0.9191,  0.8928,
         -1.0128, -1.0369,  0.8904,  0.8807, -0.9409, -0.9386, -1.0430,  0.8956,
          0.9822,  1.0208, -1.0144,  0.9929, -0.9334, -1.0341,  0.9418,  1.0141]],
       device='cuda:0', requires_grad=True)

Parameter name: linear_2.bias
Shape: torch.Size([1])
Values: Parameter containing:
tensor([0.7691], device='cuda:0', requires_grad=True)

