Parameter name: road_linear_0.weight
Shape: torch.Size([32, 16])
Values: Parameter containing:
tensor([[-3.5966e-01,  5.3940e-01,  1.5090e-02, -2.4910e-02,  3.6692e-01,
          2.4134e-01,  4.7081e-01,  1.5273e-01,  3.3554e-01,  2.0759e-01,
          7.5831e-02, -3.0531e-01, -4.6395e-01, -3.1464e-01,  3.3526e-01,
          6.6524e-02],
        [-9.5515e-02, -1.6707e-01,  7.7845e-02, -1.4167e-01,  1.4108e-01,
          2.3072e-01,  2.9838e-02,  3.7254e-01,  7.5881e-01, -6.7425e-02,
          2.8894e-01, -4.5375e-01,  6.7519e-02,  1.3077e-01,  7.3033e-01,
          8.6452e-02],
        [ 2.3905e-01, -3.0212e-01,  4.3679e-01, -1.6608e-01, -3.9783e-01,
         -4.1204e-01, -3.3915e-01, -6.3513e-01, -1.6015e-01, -1.0241e-01,
          1.7348e-01,  1.5897e-01,  7.3804e-01,  3.6271e-01, -7.6415e-02,
          3.4342e-01],
        [ 3.9159e-02, -9.5261e-02, -1.5428e-01,  1.0565e-01, -1.3540e-01,
         -1.3829e-01,  2.9831e-02, -2.6562e-01, -7.3981e-01, -1.5318e-01,
         -2.1537e-01,  4.8323e-01,  1.7875e-01, -3.6321e-01, -4.8078e-01,
         -6.8376e-02],
        [ 9.6424e-02,  2.4799e-01,  4.1665e-02, -1.7871e-01,  2.7125e-01,
          4.3692e-02, -8.2949e-02,  5.1349e-01,  4.7931e-01,  6.6752e-02,
          3.3235e-01, -2.8396e-01,  4.0418e-02, -3.1914e-02,  5.5876e-01,
          2.6266e-02],
        [-1.7182e-01,  5.9224e-01, -4.2002e-01,  4.4497e-01,  5.9040e-01,
          4.4650e-02,  5.2974e-01,  1.5356e-01,  3.6292e-01,  2.4126e-01,
         -3.5146e-01, -2.4293e-01, -4.8358e-01,  9.0366e-02,  4.1560e-01,
         -1.5944e-01],
        [ 1.7846e-01, -8.4996e-03,  1.9329e-01, -2.5801e-02, -1.8162e-01,
         -1.4734e-01, -6.5902e-02, -4.1655e-01, -5.7086e-01,  1.9066e-01,
         -1.2289e-01,  1.9748e-01, -9.7523e-02,  5.6665e-03, -5.3093e-01,
         -3.1240e-02],
        [-2.2272e-01,  7.3336e-02,  1.5995e-01, -2.0347e-01, -4.7189e-01,
         -2.2738e-01, -3.9841e-04, -4.4697e-01, -4.8169e-01, -2.2360e-02,
         -1.3605e-01,  1.8426e-01,  2.5861e-01, -2.8616e-01, -3.1529e-01,
          1.8875e-01],
        [-1.3784e-01,  9.6583e-02,  1.0864e-01, -1.0139e-01, -2.6010e-01,
         -2.9548e-01, -2.5641e-02, -3.4533e-01, -3.7219e-01, -1.0168e-01,
         -3.0144e-01,  2.8196e-01, -1.2830e-01, -2.4476e-02, -7.0615e-01,
         -7.9067e-02],
        [-1.2258e-01,  7.4359e-02,  8.9934e-02, -1.5180e-01,  2.2062e-01,
          1.2497e-01, -7.3613e-02,  4.6027e-01,  6.4756e-01, -2.0548e-01,
          3.3411e-01, -1.8728e-01, -1.9844e-01,  9.7163e-02,  5.1669e-01,
         -3.2792e-02],
        [-2.9258e-01,  4.6915e-01,  5.4414e-02, -1.1899e-01,  1.3390e-01,
          3.9140e-01,  2.5860e-01,  3.0272e-01,  5.8369e-01,  1.3357e-01,
          4.9379e-02, -1.6069e-01, -2.9313e-01,  2.2928e-01,  1.6963e-01,
         -2.4513e-01],
        [ 5.2448e-02,  7.9164e-02,  1.8156e-01, -6.7863e-02,  3.2646e-01,
          5.1540e-02,  2.2686e-01,  3.5786e-01,  5.1445e-01,  1.3562e-01,
          3.7999e-01, -1.1489e-01, -3.7448e-01, -4.0360e-02,  3.6441e-01,
         -2.6605e-02],
        [ 1.7776e-01, -2.0459e-03, -1.9344e-02, -4.7749e-02, -2.5433e-01,
          4.0970e-02, -1.3794e-02, -5.3371e-01, -6.7386e-01,  7.6118e-02,
         -1.2779e-01,  1.8675e-01, -7.0750e-02,  1.2508e-03, -5.0035e-01,
         -1.1352e-01],
        [ 2.2151e-02,  2.0762e-01,  1.6205e-01,  1.4236e-01, -4.5202e-01,
          9.0950e-03,  9.7516e-02, -2.8749e-01, -6.0234e-01,  5.2373e-02,
         -3.1649e-01,  2.8496e-01,  4.4813e-02, -1.3590e-01, -6.8587e-01,
          5.4448e-02],
        [-1.8664e-01, -1.2712e-01,  1.3367e-01, -1.9206e-01,  5.2577e-01,
          3.5785e-01, -5.3026e-02,  3.3464e-01,  3.4665e-01, -3.2927e-02,
          2.2068e-01, -4.9240e-01, -8.6424e-03,  8.2819e-02,  3.7292e-01,
          1.8898e-02],
        [-1.5865e-01, -3.1936e-01,  7.1241e-02,  1.5612e-01, -4.4657e-01,
         -2.0372e-02, -1.6410e-01, -4.9254e-01, -4.5807e-01,  8.4294e-02,
         -5.3709e-02,  5.5153e-01,  1.5416e-01, -1.6753e-01, -1.2991e-01,
         -4.1058e-04],
        [ 6.8740e-02,  1.2734e-01, -5.0490e-02, -1.5421e-01, -4.4436e-01,
          2.9281e-02,  9.3471e-02, -1.8199e-01, -6.9401e-01,  6.3220e-02,
          1.8050e-02,  4.3075e-01,  2.4689e-01,  2.1271e-02, -4.2644e-01,
         -2.5802e-01],
        [-2.6930e-01,  3.2688e-01, -1.7138e-01,  7.8397e-02,  2.7750e-01,
          2.8852e-01,  3.8331e-01,  4.0199e-01,  2.1230e-01,  1.9850e-01,
         -1.1714e-01, -3.4664e-01, -2.8919e-01, -1.2659e-01,  3.3722e-01,
         -1.1584e-01],
        [ 3.4743e-01, -4.0125e-01,  1.6161e-01, -2.9045e-01, -4.8419e-01,
         -4.1739e-01, -5.1938e-01, -1.8392e-01, -5.6822e-01, -1.1802e-01,
          2.1981e-01,  1.2698e-01,  5.1503e-01,  2.6125e-01, -1.2044e-01,
          2.3326e-01],
        [ 4.9090e-01, -3.7410e-01,  2.9306e-01, -1.0821e-01, -6.5117e-01,
         -2.9314e-01, -6.0692e-01, -2.0556e-01, -2.4174e-01, -2.6893e-01,
          1.3520e-01,  4.5220e-01,  2.2807e-01,  1.1907e-01, -1.6287e-01,
          2.4336e-01],
        [-3.9040e-02,  2.2334e-01,  1.2280e-01, -1.9923e-01,  3.2946e-01,
         -6.8892e-02,  2.5424e-01,  4.9650e-01,  3.4822e-01, -9.8330e-02,
         -3.8748e-02, -3.2065e-01, -1.5163e-01, -3.8151e-02,  4.7089e-01,
         -1.1367e-01],
        [-2.6979e-02,  4.2633e-02,  5.4430e-02,  3.0781e-01,  2.6743e-01,
          1.2375e-01,  2.5743e-01,  1.9586e-01,  3.6295e-01,  1.4405e-01,
          3.0400e-01, -5.1206e-01, -3.0865e-01, -2.6287e-01,  2.1169e-01,
          1.3117e-01],
        [ 4.7403e-01, -4.3285e-01,  6.7448e-02, -1.6725e-01, -2.8435e-01,
         -4.3120e-01, -5.2503e-01, -4.2856e-01, -4.2398e-01, -1.5005e-01,
          3.3396e-01,  4.0391e-01,  1.9844e-01,  3.2019e-01, -3.8363e-02,
          2.5561e-01],
        [-1.0663e-02,  1.0670e-01,  8.2295e-02, -1.6550e-01, -2.7486e-01,
         -7.8753e-02,  1.1907e-02, -4.2595e-01, -6.0465e-01, -6.3471e-02,
         -2.1667e-01,  4.3358e-01,  1.5462e-01, -1.4177e-01, -4.2468e-01,
         -2.1657e-01],
        [ 1.6653e-02, -3.2147e-01, -4.3338e-02,  3.6791e-02, -5.0303e-02,
         -1.8684e-01,  1.8013e-01, -3.5707e-01, -7.3224e-01,  2.7569e-01,
          7.7307e-02,  1.4480e-01, -3.0663e-02,  3.2415e-02, -5.8538e-01,
          1.5364e-01],
        [-1.5486e-01, -8.9090e-02, -1.2883e-01,  2.3877e-01, -2.9353e-01,
         -1.6839e-01,  1.0046e-01, -5.0441e-01, -4.7964e-01, -1.2754e-01,
         -3.9434e-01,  1.8673e-01,  9.6517e-02,  1.1447e-01, -6.2387e-01,
         -1.0155e-01],
        [ 4.5576e-01, -2.8434e-01,  4.0100e-01, -4.1585e-01, -5.2428e-01,
         -1.9917e-01, -7.2052e-01, -2.7780e-01, -5.9085e-01, -6.8000e-02,
          2.8360e-01,  3.0786e-01,  5.9672e-01,  3.9560e-01, -7.3731e-02,
          4.2623e-01],
        [-2.1336e-01,  2.5724e-01,  1.6931e-01,  9.3654e-02,  4.7352e-01,
         -6.2234e-03,  3.2050e-01,  3.5946e-01,  2.0216e-01, -5.4332e-02,
          2.8216e-01, -4.3352e-01, -2.5643e-01, -6.0369e-02,  2.1626e-01,
          4.0025e-03],
        [ 2.0633e-01, -1.7304e-01, -4.6468e-03, -1.8194e-02, -4.2803e-01,
         -2.3818e-01, -1.1284e-01, -4.9670e-01, -2.0099e-01,  2.6599e-02,
         -1.1313e-02,  2.8877e-01,  4.1658e-01,  1.6810e-01, -1.5602e-01,
          1.5067e-01],
        [-4.1096e-01,  4.2959e-01, -3.5985e-01,  2.8864e-01,  2.0101e-01,
          2.0992e-01,  6.0328e-01,  4.9632e-01,  5.0489e-01,  2.4757e-01,
          4.6132e-03, -2.4954e-01, -2.1667e-01,  1.9929e-02,  2.2384e-01,
         -2.9187e-01],
        [-3.7517e-01,  3.1160e-01, -4.7150e-02,  1.0129e-02,  4.8325e-01,
          4.2428e-01,  5.8523e-01,  1.8293e-01,  4.0337e-01,  3.0574e-01,
         -3.9283e-01, -2.0710e-01, -6.0375e-01, -2.6560e-01,  1.6112e-01,
         -2.6962e-01],
        [-1.4096e-01, -3.4940e-02,  3.9672e-02,  1.0243e-01, -8.5175e-02,
         -2.3821e-01, -2.7332e-01, -5.3811e-01, -5.8974e-01, -6.0728e-02,
         -2.3101e-02,  1.1812e-01, -7.5464e-02,  3.9035e-02, -5.1489e-01,
          1.2939e-02]], device='cuda:0', requires_grad=True)

Parameter name: road_linear_0.bias
Shape: torch.Size([32])
Values: Parameter containing:
tensor([-0.1344,  0.1501,  0.2181, -0.2279,  0.1978, -0.1799, -0.0243,  0.1511,
        -0.1475,  0.1413, -0.1026,  0.1081, -0.0576, -0.1002,  0.1700, -0.0338,
        -0.1806, -0.1103,  0.2386,  0.1386,  0.0827, -0.1337,  0.1206, -0.1246,
        -0.2153, -0.0498,  0.2460,  0.0193,  0.0479, -0.2697, -0.1049, -0.0584],
       device='cuda:0', requires_grad=True)

Parameter name: road_linear_1.weight
Shape: torch.Size([1, 32])
Values: Parameter containing:
tensor([[ 0.5796,  0.7237, -0.5374, -0.6269,  0.6965,  0.6888, -0.6478, -0.7094,
         -0.6532,  0.7621,  0.5697,  0.7323, -0.6488, -0.8093,  0.6550, -0.6187,
         -0.6707,  0.6456, -0.5009, -0.5310,  0.7778,  0.5526, -0.6463, -0.7322,
         -0.7067, -0.7263, -0.6161,  0.6776, -0.6508,  0.7108,  0.5547, -0.5675]],
       device='cuda:0', requires_grad=True)

Parameter name: linear_0.weight
Shape: torch.Size([32, 39])
Values: Parameter containing:
tensor([[-0.0295,  0.1163,  0.0543,  ...,  0.2008, -0.7183, -0.1137],
        [-0.1424, -0.0311,  0.1430,  ...,  0.0514, -0.6216,  0.0871],
        [ 0.0303, -0.0430,  0.0196,  ...,  0.0661,  0.6635,  0.0345],
        ...,
        [ 0.1397, -0.1559, -0.0424,  ..., -0.1685,  0.3254, -0.1180],
        [ 0.1126, -0.2159, -0.0738,  ..., -0.2318,  0.5016,  0.1557],
        [-0.2283,  0.2045,  0.0713,  ...,  0.0848, -0.6301, -0.0509]],
       device='cuda:0', requires_grad=True)

Parameter name: linear_0.bias
Shape: torch.Size([32])
Values: Parameter containing:
tensor([ 0.0869,  0.0253, -0.0592, -0.1322, -0.0872,  0.0449, -0.0820,  0.0692,
        -0.0411,  0.0477,  0.0515,  0.0122, -0.0242,  0.1086, -0.0192, -0.0180,
         0.0572, -0.1671, -0.0005,  0.0951, -0.0983, -0.0082,  0.1206,  0.0644,
        -0.1080,  0.1143,  0.0632, -0.1621,  0.0470,  0.1989,  0.1805, -0.1023],
       device='cuda:0', requires_grad=True)

Parameter name: linear_1.weight
Shape: torch.Size([32, 32])
Values: Parameter containing:
tensor([[ 0.1010, -0.2247,  0.0144,  ...,  0.1172, -0.0043,  0.0781],
        [-0.1839, -0.0666,  0.2151,  ...,  0.2112,  0.0090,  0.0482],
        [ 0.1406, -0.0373, -0.2376,  ..., -0.1719, -0.0077,  0.2218],
        ...,
        [ 0.1518,  0.0852,  0.0244,  ...,  0.0487, -0.2360,  0.3685],
        [ 0.0616, -0.2381,  0.1705,  ...,  0.3467,  0.2765, -0.1105],
        [ 0.0209, -0.1406,  0.2963,  ...,  0.2783,  0.1465, -0.0461]],
       device='cuda:0', requires_grad=True)

Parameter name: linear_1.bias
Shape: torch.Size([32])
Values: Parameter containing:
tensor([ 1.6146e-01,  2.0089e-01, -6.1043e-02, -1.6846e-01,  4.0975e-02,
        -2.5768e-05, -1.0292e-01,  7.7776e-02,  2.3003e-01, -1.7096e-01,
         1.3601e-01, -1.2398e-01,  2.5633e-01,  6.9674e-02, -5.0161e-02,
         2.3065e-01,  8.0155e-02, -1.9763e-01,  6.1707e-02,  8.0055e-02,
        -9.7725e-02,  6.2472e-02, -2.3013e-01,  2.3532e-01,  1.8896e-02,
        -2.5746e-02,  8.7825e-02, -2.1059e-03, -2.0716e-01, -7.3615e-02,
         2.2040e-01,  6.6247e-02], device='cuda:0', requires_grad=True)

Parameter name: linear_2.weight
Shape: torch.Size([1, 32])
Values: Parameter containing:
tensor([[ 1.2316,  1.1635, -1.2490, -1.1949,  1.0875,  1.0993, -1.1495,  1.0398,
          1.1083, -1.2164, -1.1116,  1.0923,  1.0982,  1.1359,  1.1139,  1.0856,
         -1.2064, -1.2526,  1.1204,  1.0858, -1.1409, -1.1645, -1.2766,  1.1079,
          1.1943,  1.2276, -1.2440,  1.2301, -1.1389, -1.2609,  1.1344,  1.2250]],
       device='cuda:0', requires_grad=True)

Parameter name: linear_2.bias
Shape: torch.Size([1])
Values: Parameter containing:
tensor([0.9599], device='cuda:0', requires_grad=True)

