Parameter name: road_linear_0.weight
Shape: torch.Size([32, 16])
Values: Parameter containing:
tensor([[ 1.1388e-01,  6.1833e-01, -1.6032e-01,  1.1740e-01,  6.6382e-02,
         -3.6529e-01,  4.7448e-01,  4.1751e-02,  2.4711e-03, -7.4204e-02,
          5.0507e-01, -9.4502e-02,  1.5828e-01, -1.4099e-03, -2.0171e-01,
          5.3746e-01],
        [-8.6613e-02, -2.6553e-01, -9.1727e-02, -1.0134e-01, -2.9482e-01,
          9.9466e-02, -3.1227e-02, -4.5059e-02,  1.6400e-01, -4.4857e-02,
          2.4692e-01, -1.0171e-01,  2.7516e-01,  6.7898e-02,  7.0736e-02,
          2.7286e-02],
        [-2.4951e-01,  9.7696e-02,  3.5971e-01, -1.1740e-01, -2.2306e-01,
         -1.3700e-01,  8.1881e-02, -3.9954e-01,  4.3517e-01,  3.8837e-01,
         -5.5185e-02, -7.0078e-01,  4.9861e-02,  1.3317e-01,  3.5914e-01,
          1.1078e-03],
        [ 9.3599e-02, -1.3659e-01, -9.1147e-02,  1.4033e-01,  3.4662e-01,
          5.4450e-02, -1.3130e-02,  8.6284e-02, -4.7268e-01, -2.8598e-01,
         -9.3260e-02,  4.2614e-01,  1.3254e-01, -6.4609e-02, -5.3946e-02,
         -2.5309e-02],
        [ 3.8798e-02,  1.0916e-01, -1.6277e-01, -1.1487e-01, -7.8851e-02,
         -2.3448e-02, -1.8485e-01,  8.3566e-02, -1.0429e-01,  1.1679e-01,
          2.7323e-01,  1.9396e-02,  2.1903e-01, -3.7287e-02, -1.3269e-02,
         -9.3058e-02],
        [ 1.0357e-01,  1.2173e-01, -3.6317e-01,  3.3922e-01,  1.0241e-01,
         -1.0771e-01,  2.5519e-03, -2.7298e-01, -3.9722e-03,  1.1397e-01,
         -1.7616e-01,  1.3816e-01,  2.8402e-02,  2.3036e-01,  9.7995e-02,
          2.8515e-03],
        [ 2.1848e-01,  2.4061e-01,  2.9317e-01, -7.9551e-02, -1.2868e-01,
         -1.5848e-01,  7.7685e-02, -4.8949e-02,  1.8367e-01,  1.9310e-01,
          1.4332e-01, -3.4805e-01, -2.3408e-01, -6.9024e-02, -1.8700e-01,
          6.3828e-02],
        [-5.2618e-01,  1.6096e-01,  6.7012e-01, -5.4338e-01, -6.7116e-01,
         -9.8983e-02, -2.7504e-02, -3.2130e-01,  6.0830e-01,  3.7185e-01,
         -2.8493e-01, -8.6431e-01, -2.4847e-01, -5.0468e-01,  4.4623e-01,
          6.3007e-02],
        [-1.0874e-01,  4.4018e-01,  3.1597e-01, -1.7878e-01,  2.0125e-02,
         -3.5456e-01,  1.6821e-01,  1.1096e-01,  4.3276e-01, -5.4270e-02,
         -1.2430e-01, -3.8483e-01, -3.4693e-01, -3.4263e-03, -5.4500e-02,
          1.0335e-01],
        [-3.0162e-01, -3.0385e-01,  8.5391e-02, -2.2236e-01, -1.3273e-01,
          2.6494e-01, -3.7487e-01, -1.4939e-01, -4.3345e-02, -4.3467e-02,
          7.2373e-02,  3.4770e-01, -1.7520e-01, -5.9746e-02,  5.8859e-02,
         -2.8150e-01],
        [-1.6827e-01,  1.0428e-01,  7.1516e-02, -1.5039e-01, -1.3138e-03,
          3.0173e-01, -3.8163e-04, -4.1092e-02, -7.5264e-02,  2.0390e-02,
          4.6098e-02,  4.2583e-01,  6.4941e-03,  3.2965e-01, -2.0472e-01,
         -1.7584e-01],
        [-1.4608e-01, -3.7384e-01,  9.0989e-02, -9.8755e-02, -1.6114e-02,
          2.3465e-01, -4.5253e-02, -1.9910e-01, -1.6285e-01,  2.2955e-01,
          1.1375e-01,  4.1058e-01, -2.9555e-01, -1.2548e-01, -7.0898e-02,
         -3.6131e-01],
        [ 1.5645e-01,  1.5279e-01,  5.3906e-02, -7.0920e-02, -1.4918e-02,
          1.8222e-01,  1.4320e-01, -1.0561e-01,  4.8671e-03,  2.0681e-02,
         -7.5782e-02, -2.4978e-01, -2.7913e-01, -3.8734e-03, -4.8751e-03,
         -1.4047e-01],
        [ 4.3037e-01,  8.5239e-01,  7.2278e-02,  3.7972e-01,  1.8054e-02,
         -4.1319e-01,  6.3147e-01,  4.9692e-01,  8.0880e-02, -2.4290e-01,
          1.9142e-01, -1.6060e-01,  2.1070e-01,  9.3571e-02, -4.1023e-01,
          6.3242e-01],
        [-4.8423e-01, -6.4146e-01,  2.3813e-01, -3.7053e-01,  2.1120e-01,
          6.4051e-01, -4.3578e-01, -3.2260e-01, -3.7652e-01,  1.9567e-01,
         -2.3525e-01,  8.1282e-02, -1.2644e-01, -1.0738e-01,  9.2863e-02,
         -3.6572e-01],
        [-2.2032e-01, -1.1919e-01,  1.3507e-01,  1.7546e-01, -1.1040e-01,
          1.0925e-01,  3.4777e-02, -6.9428e-02,  8.0747e-02,  6.9417e-02,
         -4.1411e-02,  1.8449e-01, -8.7050e-02, -1.8075e-01,  3.2727e-01,
         -3.5796e-02],
        [ 2.6780e-01,  2.9336e-01,  1.5790e-01, -2.1063e-01, -6.4341e-02,
          6.7887e-03,  1.5333e-01,  2.6661e-01, -1.1722e-01, -1.5209e-01,
          1.7519e-01,  2.3839e-01,  1.8954e-01,  7.1441e-02,  3.5593e-02,
         -2.4504e-02],
        [-2.3450e-01, -4.8068e-02, -2.4066e-01,  2.1278e-02, -1.2535e-01,
          2.6509e-01,  5.2192e-02,  4.0447e-02, -3.0960e-02,  1.5855e-01,
         -7.5709e-02, -1.7553e-01,  1.5024e-02, -7.8500e-02,  9.7105e-02,
         -1.9584e-01],
        [-1.0811e-02,  2.2942e-03,  8.1268e-02, -2.5080e-01, -3.1597e-01,
         -2.0674e-01, -1.4665e-01,  9.8794e-02,  6.8941e-02,  1.8444e-01,
          1.4768e-02, -5.2812e-01, -2.4978e-02, -1.3076e-01,  2.4616e-01,
         -1.8512e-03],
        [ 4.5276e-01,  4.2828e-01, -8.6255e-02,  2.9930e-01, -9.5242e-02,
         -4.3138e-01,  1.8187e-01,  4.5980e-01,  1.7921e-01, -2.2301e-01,
          2.7414e-01, -5.1807e-02,  1.2852e-02,  1.3066e-01, -8.5900e-02,
          3.9739e-01],
        [-1.6140e-01, -1.3527e-02, -8.7571e-02, -1.3756e-01, -3.9569e-02,
         -7.1721e-02,  4.4909e-02,  1.1037e-01, -2.5245e-02,  6.3875e-03,
         -8.6999e-02, -1.8521e-01,  6.9668e-02, -8.1478e-02,  8.8542e-02,
         -2.9022e-01],
        [ 9.7499e-02, -3.9071e-01, -2.0518e-01,  4.6145e-01, -4.7455e-02,
         -2.2229e-02,  6.0191e-02, -1.7430e-01, -5.2086e-01, -4.2392e-02,
          2.8934e-01,  2.1503e-01,  2.4147e-01,  2.2888e-02, -5.2922e-01,
          5.2155e-02],
        [ 2.8368e-01,  1.8183e-01,  1.0296e-01, -1.2969e-01, -2.2688e-02,
         -4.4644e-01,  9.0595e-03, -1.0014e-02,  2.9525e-01,  2.7448e-02,
          1.4432e-01, -2.5970e-01, -3.5564e-01, -1.2033e-02,  3.7350e-01,
          2.5943e-01],
        [ 1.8954e-01,  2.9999e-01,  4.2432e-01, -3.0583e-01, -1.8199e-02,
         -2.0157e-01,  8.4981e-02, -6.9937e-02, -3.1829e-02, -1.2653e-01,
         -8.4229e-02,  8.2339e-02,  3.6444e-02, -8.9047e-02,  4.2100e-02,
          9.7329e-02],
        [ 3.7105e-02, -1.8622e-01,  1.2587e-01, -3.2262e-02,  2.0864e-01,
         -1.0998e-01,  2.7154e-01,  6.1555e-02, -2.7509e-02,  1.9318e-01,
          1.1882e-01, -2.1159e-01, -2.1073e-01,  3.5207e-02, -2.3566e-02,
          2.1361e-01],
        [-2.0348e-02,  7.0310e-02,  1.0973e-01,  1.9479e-01,  9.8733e-02,
         -1.6776e-01,  2.5647e-01, -6.0072e-02,  4.8395e-02, -2.2158e-01,
         -2.7873e-01,  2.7976e-02, -5.3415e-02,  1.3098e-01, -8.4980e-02,
          1.0347e-01],
        [ 1.6188e-02,  2.3721e-01,  3.9809e-01, -3.5385e-01, -1.7826e-01,
         -3.8118e-02, -1.5023e-01,  1.0172e-01,  4.9668e-02,  3.0445e-01,
          3.0224e-03, -3.1723e-01, -8.4544e-02,  2.0631e-02,  4.1704e-01,
          2.4892e-01],
        [-3.4049e-01, -2.4815e-01,  1.7928e-01, -2.6966e-02,  7.2867e-02,
          1.3800e-01, -7.6251e-02, -2.2934e-01, -3.3571e-01,  5.0202e-02,
          1.0099e-01,  4.6451e-02, -1.5060e-01, -1.4273e-01, -1.2277e-01,
         -2.3092e-01],
        [ 9.2371e-03,  9.9556e-02,  3.3988e-01, -2.8908e-01, -4.7444e-01,
         -1.3644e-01, -3.2909e-02, -3.3802e-01,  4.4069e-01,  2.8504e-01,
         -1.5337e-01, -4.8542e-01, -5.2372e-02,  1.1960e-01,  4.4470e-01,
          1.2363e-01],
        [-6.0445e-02, -3.6112e-02, -4.6256e-01,  2.5856e-01, -1.2649e-01,
          1.0885e-01,  1.1740e-01,  1.5337e-01, -1.1515e-01, -5.3374e-02,
          2.1458e-01,  3.2728e-01,  3.5393e-01,  3.4703e-01, -2.1206e-01,
         -2.1122e-01],
        [-1.7942e-01, -1.9072e-01, -9.9009e-04, -1.1404e-01,  1.8342e-02,
          3.2414e-01,  1.3095e-01, -2.5341e-01, -5.3981e-02,  1.7645e-01,
         -1.9869e-01,  2.1724e-01, -1.1065e-01, -1.0410e-01, -2.0525e-01,
         -2.0701e-01],
        [ 2.5279e-02,  8.3651e-02, -7.1427e-02,  2.8418e-01,  4.6735e-01,
         -2.0489e-01, -1.6672e-01, -6.1146e-02, -4.5394e-01, -3.0532e-01,
          1.9438e-01,  1.6300e-01, -2.8296e-02,  3.3175e-01, -3.0894e-01,
          1.4103e-01]], device='cuda:0', requires_grad=True)

Parameter name: road_linear_0.bias
Shape: torch.Size([32])
Values: Parameter containing:
tensor([-5.8659e-01,  4.2182e-02,  1.8395e-01, -1.4384e-01,  7.4449e-02,
        -1.8276e-01,  6.5029e-02,  2.8237e-01, -3.1661e-01,  3.0929e-01,
         2.1469e-01,  4.3890e-01,  2.1934e-01, -4.3300e-01,  3.7137e-01,
         5.4629e-02, -1.5019e-01, -3.0058e-02, -2.2208e-04, -5.2975e-01,
        -8.9517e-02, -1.8465e-01, -1.9611e-01, -1.5951e-01, -2.1071e-01,
         2.5868e-01,  7.9358e-02,  4.0830e-01, -1.3572e-01, -1.9670e-01,
         2.2688e-01, -9.9577e-02], device='cuda:0', requires_grad=True)

Parameter name: road_linear_1.weight
Shape: torch.Size([1, 32])
Values: Parameter containing:
tensor([[-0.3673, -0.1871, -0.5467,  0.4292, -0.0102,  0.1014, -0.2745, -0.6457,
         -0.5027,  0.2636,  0.2261,  0.2340, -0.0507, -0.4904,  0.4278, -0.0708,
          0.2205, -0.1679, -0.2720, -0.3066, -0.0718,  0.3304, -0.1887, -0.0306,
          0.1165,  0.0948, -0.3220,  0.2482, -0.5709,  0.3677,  0.0110,  0.4239]],
       device='cuda:0', requires_grad=True)

Parameter name: linear_0.weight
Shape: torch.Size([32, 39])
Values: Parameter containing:
tensor([[ 0.2320,  0.0962,  0.1353,  ...,  0.0370,  0.0295, -0.1137],
        [ 0.1929, -0.1867, -0.0061,  ..., -0.0255, -0.0656,  0.0871],
        [ 0.0550, -0.0049,  0.0346,  ...,  0.1516,  0.0043,  0.0345],
        ...,
        [-0.1155, -0.3357, -0.2359,  ..., -0.1147, -0.2591, -0.1180],
        [ 0.1521, -0.1953, -0.0703,  ..., -0.1376, -0.0926,  0.1557],
        [-0.3879,  0.2498,  0.2201,  ..., -0.0287, -0.1122, -0.0509]],
       device='cuda:0', requires_grad=True)

Parameter name: linear_0.bias
Shape: torch.Size([32])
Values: Parameter containing:
tensor([ 0.2462,  0.1578, -0.1724,  0.0693, -0.1873,  0.1274, -0.2208, -0.1213,
        -0.2010,  0.3455,  0.0364, -0.2255,  0.2870,  0.1435,  0.0368, -0.1409,
         0.2973, -0.0165, -0.1742, -0.1607, -0.2404, -0.1256,  0.0503,  0.2095,
        -0.2763, -0.1130, -0.0940, -0.1132,  0.0511, -0.0317,  0.0793, -0.0564],
       device='cuda:0', requires_grad=True)

Parameter name: linear_1.weight
Shape: torch.Size([32, 32])
Values: Parameter containing:
tensor([[ 0.1647,  0.0383, -0.3144,  ...,  0.2110, -0.3057,  0.1726],
        [ 0.0593,  0.3030, -0.0894,  ...,  0.1842, -0.2058, -0.0016],
        [ 0.0838, -0.2168,  0.0805,  ..., -0.3028,  0.3333,  0.0113],
        ...,
        [-0.0026, -0.1563,  0.3161,  ..., -0.1245,  0.0988,  0.1831],
        [ 0.1197,  0.1204, -0.1728,  ...,  0.4297, -0.1058, -0.0945],
        [ 0.0154,  0.0009, -0.0154,  ...,  0.4012, -0.1927,  0.1297]],
       device='cuda:0', requires_grad=True)

Parameter name: linear_1.bias
Shape: torch.Size([32])
Values: Parameter containing:
tensor([ 0.1101,  0.2155,  0.0259, -0.1193,  0.0545, -0.2128, -0.0434, -0.0804,
         0.4020, -0.1522,  0.1904, -0.3068,  0.0734,  0.2983, -0.1027, -0.0138,
        -0.0029, -0.2427, -0.1728,  0.0730,  0.1006,  0.1977, -0.2575, -0.2764,
        -0.1432, -0.0166,  0.2952, -0.1393, -0.2294, -0.1059,  0.1149, -0.0680],
       device='cuda:0', requires_grad=True)

Parameter name: linear_2.weight
Shape: torch.Size([1, 32])
Values: Parameter containing:
tensor([[-0.1262, -0.1435,  0.0304,  0.0480, -0.1751,  0.3545,  0.1602,  0.0091,
         -0.2393, -0.0781, -0.0604, -0.0987, -0.0346,  0.0394, -0.0991, -0.0122,
          0.0230,  0.0648, -0.2099, -0.1515,  0.0386,  0.1061,  0.1399,  0.2296,
         -0.0810, -0.1470,  0.0323,  0.1296,  0.1379,  0.0792,  0.0198, -0.0576]],
       device='cuda:0', requires_grad=True)

Parameter name: linear_2.bias
Shape: torch.Size([1])
Values: Parameter containing:
tensor([-0.0799], device='cuda:0', requires_grad=True)

