Parameter name: road_linear_0.weight
Shape: torch.Size([32, 16])
Values: Parameter containing:
tensor([[-5.5486e-01,  7.5022e-01, -2.1954e-01, -3.3596e-01,  2.7560e-01,
         -3.3337e-01,  6.4890e-01,  6.7542e-02,  2.9553e-01,  1.9063e-01,
          1.9338e-01, -2.7033e-01, -2.1111e-01,  7.0350e-02,  3.2172e-01,
         -1.6688e-01],
        [-3.7394e-01,  1.2849e-01, -2.1991e-01, -2.8577e-01,  1.8573e-01,
         -1.8072e-01,  3.6399e-01,  3.3347e-01,  5.6799e-01,  4.6293e-02,
          1.3149e-01, -4.3398e-01,  1.1357e-01,  3.3211e-01,  5.4646e-01,
         -1.8790e-01],
        [-3.6510e-01,  4.2662e-01, -6.9050e-02, -5.7851e-02,  4.3176e-01,
         -3.6806e-01,  5.3887e-01,  9.6816e-02,  5.4182e-01,  1.2978e-01,
          2.4101e-02, -5.7107e-01,  1.3352e-01,  3.4260e-01,  4.8449e-01,
         -1.7209e-01],
        [ 4.0698e-01, -4.0739e-01,  1.9193e-01,  1.7656e-01, -1.8582e-01,
          1.7201e-01, -3.6421e-01, -2.0633e-01, -5.1901e-01, -3.0854e-01,
         -3.0531e-02,  4.5653e-01,  1.3574e-01, -4.2694e-01, -3.0550e-01,
          2.6925e-01],
        [-2.5204e-01,  5.6076e-01, -2.8506e-01, -3.0800e-01,  2.9273e-01,
         -3.0793e-01,  2.2123e-01,  4.2212e-01,  2.4034e-01,  2.0985e-01,
          1.9026e-01, -2.6195e-01,  1.0165e-01,  1.0694e-01,  3.9975e-01,
         -2.7611e-01],
        [-1.5408e-01,  5.9199e-01, -4.6874e-01,  8.2165e-02,  4.2688e-01,
         -4.3166e-01,  4.2415e-01,  4.0618e-02,  3.2073e-01,  4.3141e-02,
         -1.4437e-01, -1.7558e-01, -2.0060e-01,  4.7527e-01,  4.3500e-01,
         -1.9686e-01],
        [ 4.3937e-01, -3.2447e-01,  5.4983e-01,  1.7477e-01, -2.1269e-01,
          2.8421e-01, -4.1472e-01, -3.5638e-01, -3.6500e-01,  1.9756e-01,
         -5.3887e-02,  1.6735e-01, -5.7113e-02, -1.8534e-01, -3.2693e-01,
          3.0575e-01],
        [ 6.7349e-02, -1.4488e-01,  4.7392e-01, -2.9001e-02, -5.0543e-01,
          1.2109e-01, -2.8215e-01, -4.0073e-01, -3.1607e-01, -3.9806e-02,
         -8.2450e-02,  1.6723e-01,  2.8284e-01, -4.3666e-01, -2.1660e-01,
          4.8454e-01],
        [ 2.0058e-01, -2.3947e-01,  4.8400e-01,  1.0121e-01, -3.4483e-01,
          1.8752e-01, -4.6742e-01, -3.5451e-01, -2.1264e-01, -2.2868e-01,
         -1.9556e-01,  2.8035e-01, -1.3009e-01, -3.0921e-01, -6.0249e-01,
          2.6209e-01],
        [-4.9317e-01,  3.9518e-01, -2.5637e-01, -2.4694e-01,  2.1545e-01,
         -2.1212e-01,  2.6197e-01,  3.4873e-01,  3.8253e-01,  3.5629e-02,
          1.1702e-01, -1.2453e-01, -2.5253e-02,  2.5591e-01,  3.0792e-01,
         -3.6728e-01],
        [-6.2036e-01,  6.5486e-01, -2.5815e-01, -3.5215e-01,  5.9533e-02,
         -1.9242e-02,  4.9062e-01,  2.0502e-01,  4.5537e-01,  2.4125e-01,
          5.0613e-02, -1.0257e-01, -3.2849e-02,  4.9316e-01,  5.9640e-02,
         -5.6113e-01],
        [-3.5159e-01,  3.2759e-01, -1.8436e-01, -1.3952e-01,  3.2407e-01,
         -2.2527e-01,  5.7738e-01,  2.7128e-01,  2.8882e-01,  3.9983e-01,
          1.7015e-01, -5.7739e-02, -1.7295e-01,  8.7356e-02,  2.4964e-01,
         -3.7700e-01],
        [ 4.8516e-01, -3.1733e-01,  3.0098e-01,  1.7954e-01, -2.5426e-01,
          5.2178e-01, -2.9467e-01, -4.3964e-01, -4.3035e-01,  5.2279e-02,
         -1.4200e-01,  1.5980e-01, -9.2749e-02, -2.6959e-01, -3.2538e-01,
          1.7177e-01],
        [ 3.5388e-01, -1.0832e-01,  4.8628e-01,  2.4225e-01, -4.3330e-01,
          3.5332e-01, -2.2100e-01, -1.7035e-01, -3.0560e-01, -7.4605e-02,
         -1.5617e-01,  2.0191e-01,  2.7193e-02, -2.5985e-01, -4.4871e-01,
          3.6353e-01],
        [-5.6672e-01,  2.5904e-01, -2.2413e-01, -3.4553e-01,  5.3314e-01,
         -4.8737e-02,  3.4863e-01,  2.6053e-01,  1.0018e-01,  1.0654e-01,
          1.0038e-01, -4.3375e-01, -3.5800e-03,  3.0387e-01,  1.7632e-01,
         -3.3196e-01],
        [ 1.0625e-01, -4.0911e-01,  3.5952e-01,  2.8374e-01, -4.3215e-01,
          2.7562e-01, -3.5191e-01, -4.0411e-01, -3.0769e-01, -2.1534e-03,
          6.3259e-02,  5.4455e-01, -4.8730e-02, -2.7765e-01, -5.1974e-02,
          2.3022e-01],
        [ 4.4645e-01, -1.7646e-01,  3.5274e-01, -7.3017e-02, -6.5681e-01,
          3.5592e-01, -3.4283e-01, -2.5952e-01, -6.2867e-01, -1.0099e-01,
          2.1666e-01,  5.4155e-01,  2.7394e-01, -1.0142e-01, -4.2926e-01,
          1.2017e-01],
        [-3.3724e-01,  3.9861e-01, -3.4110e-01, -1.4367e-01,  3.0171e-01,
         -8.2821e-02,  4.7998e-01,  4.0974e-01,  2.4627e-01,  9.5165e-02,
          4.0948e-03, -3.5860e-01, -1.7251e-01,  9.0049e-02,  3.2602e-01,
         -2.8790e-01],
        [-2.5266e-01,  3.3491e-01, -3.0306e-01, -2.3672e-01,  2.7786e-01,
         -4.2456e-01,  2.8478e-01,  5.1106e-01,  7.1170e-02,  1.0107e-01,
          1.9306e-02, -5.5773e-01, -1.2692e-02,  3.1142e-01,  4.3877e-01,
         -2.4247e-01],
        [ 5.9266e-01, -4.5803e-01,  4.4316e-01,  2.2746e-01, -4.2193e-01,
          2.1156e-01, -6.0878e-01, -5.8442e-02, -1.3371e-01, -1.8861e-01,
         -1.0181e-01,  3.2692e-01, -1.2655e-01, -2.8353e-01, -5.0825e-02,
          4.0790e-01],
        [-2.4213e-01,  3.5202e-01, -1.1360e-01, -2.7275e-01,  4.0135e-01,
         -3.0875e-01,  4.2985e-01,  4.7492e-01,  2.8287e-01, -3.7273e-02,
         -1.6929e-01, -3.9084e-01, -8.8184e-02, -5.6017e-03,  4.8265e-01,
         -3.1089e-01],
        [ 3.6530e-01, -3.6900e-01,  2.6660e-01,  3.0180e-01, -3.1521e-01,
          1.2623e-01, -5.7278e-02, -3.2489e-01, -3.6783e-01, -1.0200e-01,
          2.4631e-01,  1.8372e-01,  3.5443e-02, -3.3720e-01, -6.3779e-01,
          2.8675e-01],
        [ 5.2747e-01, -5.0459e-01,  2.0982e-01,  1.7403e-01, -1.6280e-01,
          6.8182e-02, -5.2842e-01, -3.5797e-01, -3.7160e-01, -4.4303e-02,
          4.4025e-02,  3.3347e-01, -9.9778e-02, -1.0674e-01,  1.8316e-02,
          4.0658e-01],
        [ 2.9999e-01, -1.6437e-01,  4.4310e-01, -1.2077e-01, -4.7831e-01,
          1.6178e-01, -3.7771e-01, -4.8301e-01, -5.3876e-01, -1.8432e-01,
         -7.8844e-02,  5.3659e-01,  2.6360e-01, -1.3094e-01, -3.5216e-01,
          1.3783e-01],
        [ 3.8862e-01, -6.6585e-01,  3.2639e-01,  1.8449e-01, -1.1462e-01,
          2.0600e-01, -1.9855e-01, -3.1874e-01, -5.0965e-01,  1.0209e-01,
          2.0139e-01,  1.4179e-01, -1.0868e-01, -2.1307e-01, -4.5281e-01,
          5.0566e-01],
        [ 1.6555e-01, -4.2028e-01,  1.8961e-01,  3.7844e-01, -3.8346e-01,
          2.0180e-01, -2.0348e-01, -4.7067e-01, -2.8120e-01, -2.2925e-01,
         -2.9035e-01,  2.4044e-01,  1.4771e-01, -2.5833e-02, -5.1994e-01,
          1.8544e-01],
        [ 4.2614e-01, -3.3519e-01,  4.7676e-01, -5.1214e-02, -3.1301e-01,
          3.2299e-01, -5.9853e-01, -1.2801e-01, -4.9118e-01,  7.5940e-02,
         -4.3047e-03,  2.0129e-01,  1.7719e-01, -7.3811e-02,  1.4446e-04,
          4.9741e-01],
        [-5.4890e-01,  4.4011e-01, -1.5255e-01, -2.5183e-02,  4.3991e-01,
         -3.2826e-01,  5.6973e-01,  2.7451e-01,  6.5050e-02,  1.4192e-01,
          1.4839e-01, -3.8378e-01,  8.4169e-03,  1.1571e-01,  1.5610e-01,
         -2.9050e-01],
        [ 4.7775e-01, -3.1717e-01,  2.7613e-01,  1.0943e-01, -4.7626e-01,
          6.0876e-02, -3.5470e-01, -4.9260e-01, -1.5803e-01, -8.0724e-02,
          3.8772e-02,  2.7771e-01,  2.2525e-01, -1.6292e-02, -1.6209e-01,
          4.1130e-01],
        [-3.9770e-01,  4.6299e-01, -4.4975e-01, -7.3903e-02,  3.0351e-02,
         -2.7328e-01,  5.2647e-01,  3.8189e-01,  4.2070e-01,  7.1959e-02,
          2.3242e-01, -1.7216e-01,  1.4867e-02,  3.6117e-01,  1.3686e-01,
         -3.9012e-01],
        [-4.9879e-01,  3.9474e-01, -2.0946e-01, -2.7770e-01,  3.5359e-01,
         -5.0926e-02,  6.3454e-01,  1.0413e-01,  3.4765e-01,  2.7604e-01,
         -1.6627e-01, -1.2563e-01, -2.0905e-01,  1.5968e-01,  1.4213e-01,
         -4.3767e-01],
        [ 1.3364e-01, -2.8614e-01,  3.6742e-01,  2.7178e-01, -1.8479e-01,
          1.0253e-01, -6.3809e-01, -5.4761e-01, -4.5175e-01, -9.4231e-02,
          1.1385e-03,  1.5633e-01, -4.0971e-02, -1.2311e-01, -3.9314e-01,
          3.1889e-01]], device='cuda:0', requires_grad=True)

Parameter name: road_linear_0.bias
Shape: torch.Size([32])
Values: Parameter containing:
tensor([-0.2388,  0.0941,  0.1869, -0.0854, -0.0037, -0.1076,  0.0670,  0.1032,
        -0.2213, -0.0804,  0.0278,  0.0458,  0.1133,  0.0879,  0.0034,  0.0856,
        -0.1341,  0.0672, -0.0341, -0.0881, -0.0155, -0.0269, -0.1171, -0.1422,
        -0.1227,  0.1753,  0.1223,  0.0331, -0.0766, -0.1250,  0.1245, -0.1767],
       device='cuda:0', requires_grad=True)

Parameter name: road_linear_1.weight
Shape: torch.Size([1, 32])
Values: Parameter containing:
tensor([[ 0.6309,  0.6692,  0.5940, -0.6241,  0.7244,  0.7611, -0.6125, -0.7287,
         -0.6751,  0.7746,  0.6315,  0.7794, -0.6725, -0.7358,  0.6625, -0.6489,
         -0.6396,  0.6780,  0.6005, -0.5997,  0.7149, -0.5474, -0.7245, -0.6921,
         -0.6827, -0.7453, -0.6301,  0.7239, -0.7211,  0.7126,  0.6672, -0.5808]],
       device='cuda:0', requires_grad=True)

Parameter name: linear_0.weight
Shape: torch.Size([32, 39])
Values: Parameter containing:
tensor([[ 0.2795,  0.1992, -0.0145,  ...,  0.1022, -0.1827, -0.1137],
        [-0.1224, -0.2166,  0.1770,  ..., -0.0078, -0.3921,  0.0871],
        [ 0.0100,  0.1647,  0.0802,  ...,  0.1487,  0.1374,  0.0345],
        ...,
        [-0.0424, -0.1932,  0.0660,  ..., -0.1358, -0.1759, -0.1180],
        [ 0.0211, -0.0882, -0.0101,  ..., -0.1624,  0.0162,  0.1557],
        [-0.0748,  0.1578, -0.0282,  ..., -0.0517,  0.0226, -0.0509]],
       device='cuda:0', requires_grad=True)

Parameter name: linear_0.bias
Shape: torch.Size([32])
Values: Parameter containing:
tensor([ 0.0492,  0.0599, -0.1587, -0.0490, -0.0594,  0.0418, -0.1219,  0.1128,
        -0.0451,  0.1582,  0.0164, -0.0475, -0.0600,  0.0670, -0.0724, -0.0481,
         0.1100, -0.1421, -0.0467,  0.0536, -0.0772,  0.1454,  0.1030, -0.0624,
         0.0100,  0.1215,  0.0198, -0.1403,  0.0833,  0.1844,  0.0828, -0.1372],
       device='cuda:0', requires_grad=True)

Parameter name: linear_1.weight
Shape: torch.Size([32, 32])
Values: Parameter containing:
tensor([[ 0.1917, -0.2005, -0.1145,  ..., -0.0479, -0.1245,  0.1597],
        [ 0.0555,  0.0104,  0.1526,  ..., -0.0421, -0.0322,  0.2528],
        [-0.1106, -0.0937, -0.1860,  ...,  0.0240,  0.0417,  0.0032],
        ...,
        [-0.0842,  0.0212,  0.0690,  ...,  0.2023, -0.1580,  0.1237],
        [ 0.2431, -0.1010,  0.0905,  ...,  0.0583,  0.1889,  0.0229],
        [ 0.2208, -0.0533,  0.2550,  ...,  0.0758,  0.1076,  0.1141]],
       device='cuda:0', requires_grad=True)

Parameter name: linear_1.bias
Shape: torch.Size([32])
Values: Parameter containing:
tensor([ 0.0646,  0.0169,  0.0624,  0.0271, -0.0723, -0.1229,  0.0671, -0.1830,
         0.0174, -0.0664,  0.2353, -0.1926,  0.0759,  0.1062, -0.2283, -0.0277,
        -0.0449, -0.1037, -0.0707, -0.1101,  0.1038,  0.2029, -0.1011,  0.2112,
        -0.1552, -0.0575,  0.1366, -0.1500, -0.0382,  0.0056, -0.0036, -0.0653],
       device='cuda:0', requires_grad=True)

Parameter name: linear_2.weight
Shape: torch.Size([1, 32])
Values: Parameter containing:
tensor([[ 0.3333,  0.2476, -0.3496, -0.3062,  0.2050,  0.2009, -0.2388,  0.2726,
          0.2404, -0.2420, -0.2316,  0.2229,  0.2350, -0.2062,  0.2714,  0.2231,
         -0.3267, -0.3283,  0.1973,  0.2298, -0.2933, -0.2737, -0.3436, -0.1621,
          0.3066,  0.3301, -0.3173,  0.3229, -0.2440, -0.3165,  0.3201,  0.3155]],
       device='cuda:0', requires_grad=True)

Parameter name: linear_2.bias
Shape: torch.Size([1])
Values: Parameter containing:
tensor([-0.1490], device='cuda:0', requires_grad=True)

