Parameter name: road_linear_0.weight
Shape: torch.Size([32, 16])
Values: Parameter containing:
tensor([[-0.2685,  0.4791,  0.0934, -0.0747,  0.3527,  0.1607,  0.3557,  0.1464,
          0.3566,  0.1814,  0.1512, -0.3130, -0.3518, -0.2537,  0.3789,  0.1324],
        [-0.1056, -0.1389,  0.0572, -0.1222,  0.1133,  0.2077,  0.0615,  0.3146,
          0.6313, -0.0249,  0.2633, -0.4081,  0.0823,  0.1147,  0.6261,  0.0673],
        [ 0.0846, -0.1923,  0.3072, -0.0797, -0.3206, -0.3055, -0.1472, -0.6131,
         -0.1735, -0.0306,  0.0490,  0.1350,  0.5508,  0.2438, -0.0991,  0.2209],
        [ 0.0642, -0.1433, -0.1235,  0.0784, -0.1263, -0.1243, -0.0125, -0.2158,
         -0.6094, -0.2068, -0.1788,  0.4530,  0.1809, -0.3364, -0.3806, -0.0402],
        [ 0.0638,  0.3065,  0.0071, -0.1497,  0.2716,  0.0322, -0.0369,  0.4709,
          0.3519,  0.1252,  0.2915, -0.2677,  0.0297, -0.0642,  0.4659, -0.0057],
        [-0.0294,  0.5003, -0.2947,  0.3592,  0.5447, -0.0487,  0.3580,  0.1440,
          0.3917,  0.1780, -0.2394, -0.2441, -0.3309,  0.1966,  0.4674, -0.0459],
        [ 0.2086, -0.0621,  0.2303, -0.0588, -0.1985, -0.1460, -0.1103, -0.3879,
         -0.4622,  0.1332, -0.0854,  0.1922, -0.0891,  0.0368, -0.4605, -0.0010],
        [-0.2091,  0.0395,  0.1883, -0.2314, -0.4992, -0.2290, -0.0324, -0.4274,
         -0.4026, -0.0688, -0.1163,  0.1793,  0.2534, -0.2670, -0.2612,  0.2080],
        [-0.1082,  0.0478,  0.1461, -0.1347, -0.2512, -0.2884, -0.0739, -0.2931,
         -0.2391, -0.1596, -0.2594,  0.2476, -0.1245,  0.0069, -0.6060, -0.0467],
        [-0.1428,  0.1155,  0.0618, -0.1266,  0.2095,  0.1107, -0.0351,  0.4107,
          0.5211, -0.1559,  0.3025, -0.1558, -0.1959,  0.0740,  0.4185, -0.0577],
        [-0.2425,  0.4395,  0.0783, -0.1287,  0.1570,  0.3573,  0.2154,  0.2993,
          0.5750,  0.1362,  0.0892, -0.1587, -0.2218,  0.2575,  0.1678, -0.2159],
        [ 0.0316,  0.1217,  0.1500, -0.0383,  0.3430,  0.0473,  0.2657,  0.3257,
          0.4113,  0.1879,  0.3509, -0.1003, -0.3730, -0.0645,  0.2923, -0.0504],
        [ 0.2159, -0.0678,  0.0200, -0.0810, -0.2662,  0.0468, -0.0635, -0.5007,
         -0.5521,  0.0135, -0.0829,  0.1843, -0.0541,  0.0377, -0.4201, -0.0781],
        [ 0.0425,  0.1677,  0.1907,  0.1166, -0.4342,  0.0262,  0.0585, -0.2327,
         -0.4715,  0.0025, -0.2832,  0.2464,  0.0405, -0.1119, -0.5818,  0.0800],
        [-0.2167, -0.0741,  0.0983, -0.1612,  0.5271,  0.3523, -0.0067,  0.2918,
          0.2229,  0.0242,  0.1815, -0.4712, -0.0162,  0.0526,  0.2836, -0.0120],
        [-0.1392, -0.3703,  0.0953,  0.1336, -0.4852, -0.0159, -0.1936, -0.4824,
         -0.3870,  0.0357, -0.0307,  0.5676,  0.1579, -0.1466, -0.0933,  0.0192],
        [ 0.1005,  0.0758, -0.0087, -0.1918, -0.4458,  0.0300,  0.0410, -0.1332,
         -0.5566,  0.0033,  0.0631,  0.4002,  0.2567,  0.0553, -0.3271, -0.2237],
        [-0.1696,  0.2571, -0.0953,  0.0313,  0.2750,  0.2245,  0.2691,  0.4055,
          0.2412,  0.1665, -0.0350, -0.3512, -0.1730, -0.0584,  0.3770, -0.0462],
        [ 0.1903, -0.2845,  0.0396, -0.2122, -0.4156, -0.3228, -0.3371, -0.1579,
         -0.5848, -0.0459,  0.0955,  0.0965,  0.3261,  0.1420, -0.1379,  0.1115],
        [ 0.3521, -0.2867,  0.1701, -0.0227, -0.5546, -0.1818, -0.4269, -0.1701,
         -0.2273, -0.2141,  0.0285,  0.4292,  0.0646,  0.0172, -0.1745,  0.1313],
        [-0.0558,  0.2715,  0.1028, -0.1801,  0.3737, -0.0737,  0.2785,  0.4960,
          0.2951, -0.0534, -0.0566, -0.3503, -0.1572, -0.0570,  0.4555, -0.1305],
        [ 0.0006,  0.0320,  0.0609,  0.3111,  0.2600,  0.0802,  0.2353,  0.1654,
          0.3063,  0.1656,  0.3200, -0.4921, -0.2481, -0.2541,  0.1709,  0.1430],
        [ 0.3312, -0.3345, -0.0506, -0.0878, -0.2109, -0.3329, -0.3497, -0.4076,
         -0.4292, -0.0888,  0.2199,  0.3840,  0.0286,  0.2130, -0.0585,  0.1432],
        [ 0.0264,  0.0454,  0.1234, -0.2013, -0.2842, -0.0784, -0.0420, -0.3856,
         -0.4752, -0.1264, -0.1704,  0.4170,  0.1704, -0.1060, -0.3349, -0.1804],
        [ 0.0463, -0.3737, -0.0046,  0.0023, -0.0569, -0.1852,  0.1311, -0.3157,
         -0.6049,  0.2187,  0.1183,  0.1244, -0.0204,  0.0643, -0.4933,  0.1857],
        [-0.1189, -0.1508, -0.0918,  0.2087, -0.2985, -0.1615,  0.0515, -0.4687,
         -0.3552, -0.1877, -0.3515,  0.1816,  0.1143,  0.1493, -0.5338, -0.0678],
        [ 0.2936, -0.1829,  0.2479, -0.3059, -0.3958, -0.0675, -0.5066, -0.2166,
         -0.5525,  0.0122,  0.1600,  0.2590,  0.3883,  0.2584, -0.0681,  0.2778],
        [-0.1972,  0.2636,  0.1675,  0.1015,  0.5007, -0.0281,  0.3157,  0.3467,
          0.1603, -0.0284,  0.2910, -0.4314, -0.2212, -0.0578,  0.1876,  0.0085],
        [ 0.1551, -0.1399, -0.0252, -0.0116, -0.4537, -0.2109, -0.0744, -0.4925,
         -0.1915,  0.0245, -0.0506,  0.2819,  0.3465,  0.1396, -0.1479,  0.1224],
        [-0.2824,  0.3468, -0.2443,  0.2088,  0.1427,  0.1127,  0.4367,  0.4862,
          0.5175,  0.1960,  0.1098, -0.2468, -0.0661,  0.1155,  0.2626, -0.1900],
        [-0.2228,  0.2019,  0.0763, -0.0713,  0.4000,  0.3186,  0.4028,  0.1491,
          0.4066,  0.2378, -0.2724, -0.1753, -0.4171, -0.1493,  0.1755, -0.1492],
        [-0.1146, -0.0841,  0.0757,  0.0697, -0.1073, -0.2411, -0.3179, -0.5099,
         -0.4829, -0.1161,  0.0117,  0.1101, -0.0684,  0.0675, -0.4452,  0.0411]],
       device='cuda:0', requires_grad=True)

Parameter name: road_linear_0.bias
Shape: torch.Size([32])
Values: Parameter containing:
tensor([-0.0707,  0.1519,  0.1446, -0.1932,  0.1445, -0.1158,  0.0012,  0.1177,
        -0.1201,  0.1229, -0.0105,  0.1135,  0.0090, -0.0807,  0.1303, -0.0164,
        -0.1661, -0.0242,  0.1490,  0.0979,  0.0683, -0.0773,  0.0561, -0.0815,
        -0.1944,  0.0024,  0.2154,  0.0738, -0.0552, -0.2222, -0.0283, -0.0524],
       device='cuda:0', requires_grad=True)

Parameter name: road_linear_1.weight
Shape: torch.Size([1, 32])
Values: Parameter containing:
tensor([[ 0.4332,  0.5883, -0.3525, -0.4857,  0.5631,  0.5343, -0.4763, -0.5545,
         -0.4884,  0.6148,  0.4169,  0.5797, -0.4821, -0.6484,  0.5110, -0.5022,
         -0.4963,  0.4984, -0.3308, -0.3796,  0.6409,  0.4223, -0.4819, -0.5765,
         -0.5300, -0.5930, -0.4341,  0.5606, -0.5030,  0.5553,  0.3843, -0.4140]],
       device='cuda:0', requires_grad=True)

Parameter name: linear_0.weight
Shape: torch.Size([32, 39])
Values: Parameter containing:
tensor([[-0.0296,  0.1059,  0.0610,  ...,  0.1678, -0.3331, -0.1137],
        [-0.1401, -0.0316,  0.1375,  ...,  0.0559, -0.3658,  0.0871],
        [ 0.0286, -0.0443,  0.0254,  ...,  0.0632,  0.3151,  0.0345],
        ...,
        [ 0.1411, -0.1643, -0.0371,  ..., -0.1739,  0.0906, -0.1180],
        [ 0.1175, -0.2222, -0.0753,  ..., -0.2287,  0.2012,  0.1557],
        [-0.2158,  0.1737,  0.0708,  ...,  0.0725, -0.3148, -0.0509]],
       device='cuda:0', requires_grad=True)

Parameter name: linear_0.bias
Shape: torch.Size([32])
Values: Parameter containing:
tensor([ 0.0777,  0.0310, -0.0652, -0.1399, -0.0821,  0.0438, -0.0886,  0.0691,
        -0.0377,  0.0488,  0.0443,  0.0194, -0.0239,  0.1022, -0.0275, -0.0137,
         0.0487, -0.1632, -0.0076,  0.0868, -0.0878,  0.0062,  0.1165,  0.0431,
        -0.1084,  0.1094,  0.0559, -0.1419,  0.0433,  0.1928,  0.1817, -0.1064],
       device='cuda:0', requires_grad=True)

Parameter name: linear_1.weight
Shape: torch.Size([32, 32])
Values: Parameter containing:
tensor([[ 0.0885, -0.2069, -0.0269,  ...,  0.0988, -0.0084,  0.0582],
        [-0.1940, -0.0517,  0.1763,  ...,  0.1955,  0.0067,  0.0323],
        [ 0.1244, -0.0283, -0.2304,  ..., -0.1812, -0.0193,  0.2010],
        ...,
        [ 0.1298,  0.0868,  0.0427,  ...,  0.0420, -0.2177,  0.2988],
        [ 0.0328, -0.2024,  0.1117,  ...,  0.3111,  0.2575, -0.1507],
        [ 0.0125, -0.1296,  0.2671,  ...,  0.2660,  0.1500, -0.0643]],
       device='cuda:0', requires_grad=True)

Parameter name: linear_1.bias
Shape: torch.Size([32])
Values: Parameter containing:
tensor([ 0.1433,  0.1856, -0.0701, -0.1479,  0.0371, -0.0090, -0.0949,  0.0407,
         0.1990, -0.1777,  0.1484, -0.1866,  0.2307,  0.0714, -0.0792,  0.1965,
        -0.0377, -0.1893,  0.0659,  0.0613, -0.0728,  0.0645, -0.2366,  0.2244,
         0.0065, -0.0925,  0.0824,  0.0152, -0.1895, -0.0848,  0.1854,  0.0531],
       device='cuda:0', requires_grad=True)

Parameter name: linear_2.weight
Shape: torch.Size([1, 32])
Values: Parameter containing:
tensor([[ 0.8668,  0.7929, -0.8510, -0.8328,  0.6982,  0.7153, -0.7667,  0.6868,
          0.7525, -0.8157, -0.7285,  0.7406,  0.7345,  0.7411,  0.7592,  0.7337,
         -0.8537, -0.8746,  0.7272,  0.7193, -0.7802, -0.7759, -0.8789,  0.7333,
          0.8198,  0.8618, -0.8501,  0.8303, -0.7716, -0.8696,  0.7828,  0.8524]],
       device='cuda:0', requires_grad=True)

Parameter name: linear_2.bias
Shape: torch.Size([1])
Values: Parameter containing:
tensor([0.6109], device='cuda:0', requires_grad=True)

