Parameter name: road_linear_0.weight
Shape: torch.Size([32, 16])
Values: Parameter containing:
tensor([[-2.9647e-01,  4.6045e-01,  3.9499e-02, -2.7008e-02,  2.2928e-01,
          1.5492e-01,  3.5124e-01,  2.7100e-02,  2.4029e-01,  2.1991e-01,
          2.0510e-02, -1.8567e-01, -3.5631e-01, -3.3083e-01,  3.1026e-01,
          8.2295e-02],
        [-2.1517e-01, -3.6860e-02, -5.7876e-02, -2.2605e-02,  6.2152e-02,
          2.3293e-01,  1.7610e-01,  1.9566e-01,  4.4525e-01,  8.4547e-02,
          7.1401e-02, -2.7857e-01, -1.4979e-02, -1.2352e-02,  4.5331e-01,
         -4.7954e-02],
        [ 5.0314e-02, -1.0381e-01,  3.3223e-01, -1.1142e-01, -1.5573e-01,
         -3.2378e-01, -8.3433e-02, -4.7342e-01, -3.3115e-02, -3.0788e-02,
          8.7622e-02, -1.7949e-02,  4.5937e-01,  2.8344e-01, -1.4181e-05,
          2.3625e-01],
        [ 2.0186e-01, -2.4878e-01,  1.0663e-02, -3.5419e-02, -1.0155e-01,
         -1.6260e-01, -1.3981e-01, -1.1316e-01, -4.3641e-01, -3.3503e-01,
          3.6346e-02,  3.5699e-01,  3.1166e-01, -1.8399e-01, -2.4634e-01,
          9.3822e-02],
        [-6.0847e-02,  4.1593e-01, -1.1892e-01, -4.2240e-02,  2.4486e-01,
          5.4764e-02,  7.0611e-02,  3.7137e-01,  1.9833e-01,  2.4676e-01,
          8.3221e-02, -1.8241e-01, -8.2143e-02, -2.0748e-01,  3.4728e-01,
         -1.2986e-01],
        [ 2.3354e-02,  4.3601e-01, -3.0210e-01,  3.7614e-01,  3.9176e-01,
         -6.2898e-02,  2.8380e-01,  1.2560e-02,  2.9226e-01,  1.6596e-01,
         -3.0856e-01, -1.0331e-01, -2.7798e-01,  1.6689e-01,  4.0399e-01,
         -4.8735e-02],
        [ 3.1585e-01, -9.0631e-02,  3.4174e-01, -1.5252e-01, -1.1798e-01,
         -1.8194e-01, -1.9208e-01, -2.7611e-01, -3.0182e-01,  3.4435e-02,
          8.8432e-02,  7.5678e-02, -2.3698e-02,  1.6960e-01, -3.5118e-01,
          1.0613e-01],
        [-1.1440e-01,  4.4510e-02,  2.9269e-01, -3.2086e-01, -4.0008e-01,
         -2.7225e-01, -1.0117e-01, -3.0968e-01, -2.4881e-01, -1.5885e-01,
          3.4227e-02,  5.2595e-02,  2.9291e-01, -1.4307e-01, -1.5124e-01,
          3.0601e-01],
        [ 9.5312e-03, -1.4067e-02,  2.6703e-01, -2.3946e-01, -1.5744e-01,
         -3.3168e-01, -1.9228e-01, -1.5617e-01, -2.1309e-02, -2.7219e-01,
         -5.4243e-02,  9.3195e-02, -2.9302e-02,  1.4510e-01, -4.5025e-01,
          7.2307e-02],
        [-2.6242e-01,  2.2340e-01, -6.0449e-02, -2.1169e-02,  1.6530e-01,
          1.3841e-01,  7.8232e-02,  2.9348e-01,  3.3140e-01, -4.0881e-02,
          9.5233e-02, -3.9654e-02, -3.0243e-01, -6.2985e-02,  2.6842e-01,
         -1.8041e-01],
        [-3.1432e-01,  4.1572e-01, -8.8675e-03, -5.1652e-02,  3.7675e-02,
          3.9484e-01,  2.6190e-01,  1.7289e-01,  4.1972e-01,  2.0760e-01,
         -4.8967e-02, -2.0790e-02, -2.3830e-01,  1.4923e-01,  6.0086e-02,
         -2.9752e-01],
        [-7.2903e-02,  1.5065e-01,  3.7281e-02,  5.9929e-02,  2.3483e-01,
          8.9256e-02,  3.6327e-01,  1.8805e-01,  2.0763e-01,  2.9037e-01,
          1.6070e-01,  5.1762e-02, -4.3818e-01, -1.9584e-01,  1.4988e-01,
         -1.6012e-01],
        [ 3.2085e-01, -1.3743e-01,  1.3108e-01, -1.7536e-01, -2.1100e-01,
          2.8724e-02, -1.4087e-01, -4.0023e-01, -4.1050e-01, -8.6400e-02,
          1.0617e-01,  8.9582e-02,  2.7862e-02,  1.6911e-01, -3.2450e-01,
          3.0362e-02],
        [ 1.6990e-01,  6.1413e-02,  3.1817e-01,  7.4814e-03, -3.9231e-01,
         -3.4463e-03, -6.1698e-02, -1.1995e-01, -2.8253e-01, -1.1817e-01,
         -6.9303e-02,  1.3361e-01,  1.5645e-01,  3.2509e-02, -4.3708e-01,
          2.0781e-01],
        [-3.3746e-01,  1.4689e-03, -2.3081e-02, -5.7640e-02,  4.6057e-01,
          3.9552e-01,  1.1164e-01,  1.6900e-01,  2.9223e-02,  1.3669e-01,
         -1.9785e-02, -3.3852e-01, -1.2151e-01, -8.5901e-02,  1.3958e-01,
         -1.3064e-01],
        [-6.4359e-02, -4.2496e-01,  1.8307e-01,  5.8626e-02, -4.1212e-01,
         -1.4022e-02, -2.3890e-01, -3.8073e-01, -2.6480e-01, -4.0478e-02,
          1.4143e-01,  4.6703e-01,  2.1757e-01, -3.9018e-02, -1.6922e-02,
          1.0319e-01],
        [ 2.3570e-01,  1.6940e-02,  1.1918e-01, -3.0373e-01, -3.8300e-01,
         -1.0713e-02, -7.5205e-02, -1.7268e-02, -3.6969e-01, -1.2096e-01,
          2.6850e-01,  2.8347e-01,  3.5912e-01,  2.1051e-01, -1.9750e-01,
         -9.8170e-02],
        [-2.1299e-01,  2.1433e-01, -1.6291e-01,  9.1301e-02,  1.5932e-01,
          2.5568e-01,  2.7929e-01,  2.9201e-01,  1.3996e-01,  2.1624e-01,
         -1.4171e-01, -2.2903e-01, -1.7535e-01, -1.4533e-01,  3.0040e-01,
         -1.0538e-01],
        [ 1.7874e-01, -1.9731e-01,  8.6462e-02, -2.6409e-01, -2.5485e-01,
         -3.5104e-01, -3.0015e-01, -1.3369e-02, -4.3895e-01, -6.7922e-02,
          1.4220e-01, -5.6832e-02,  2.4102e-01,  2.0691e-01, -2.6240e-02,
          1.4775e-01],
        [ 3.2442e-01, -1.9732e-01,  2.0912e-01, -6.4174e-02, -3.8461e-01,
         -2.0539e-01, -3.7536e-01, -2.3435e-02, -9.7529e-02, -2.2335e-01,
          7.5033e-02,  2.7254e-01, -1.0417e-02,  7.0221e-02, -6.8844e-02,
          1.5754e-01],
        [-1.3290e-01,  3.3579e-01,  1.7140e-02, -1.0288e-01,  3.2496e-01,
         -7.3651e-02,  3.2485e-01,  4.1150e-01,  2.0039e-01,  2.3010e-02,
         -2.3225e-01, -2.7666e-01, -2.3151e-01, -1.6393e-01,  4.0270e-01,
         -2.1509e-01],
        [-6.5316e-02, -5.9726e-04, -2.6841e-02,  3.9177e-01,  9.2244e-02,
          1.0714e-01,  2.9032e-01,  8.2123e-03,  9.9559e-02,  2.3803e-01,
          1.6234e-01, -3.1919e-01, -2.4142e-01, -3.6272e-01,  2.7593e-02,
          6.0296e-02],
        [ 3.1591e-01, -2.4719e-01, -7.5117e-03, -1.3468e-01, -5.3187e-02,
         -3.6499e-01, -3.0891e-01, -2.6829e-01, -3.0102e-01, -1.0492e-01,
          2.6629e-01,  2.3408e-01, -4.4982e-02,  2.7136e-01,  4.4682e-02,
          1.7471e-01],
        [ 1.6180e-01, -2.2683e-03,  2.5251e-01, -3.1155e-01, -2.3933e-01,
         -1.3121e-01, -1.5352e-01, -2.8579e-01, -3.3578e-01, -2.4998e-01,
          1.3857e-02,  3.1999e-01,  2.7105e-01,  4.6282e-02, -2.2551e-01,
         -5.6744e-02],
        [ 1.6881e-01, -4.4456e-01,  1.1655e-01, -1.0117e-01,  7.0482e-04,
         -2.1710e-01,  2.7822e-02, -2.0564e-01, -4.1755e-01,  1.0589e-01,
          3.2339e-01,  1.4788e-02,  7.8212e-02,  2.0721e-01, -3.6933e-01,
          3.0671e-01],
        [ 1.3553e-02, -2.7455e-01,  4.1218e-02,  9.3970e-02, -3.0370e-01,
         -1.8646e-01, -6.1439e-02, -3.9152e-01, -2.2936e-01, -3.1574e-01,
         -1.4097e-01,  1.3624e-01,  2.3822e-01,  2.9853e-01, -4.3010e-01,
          6.2635e-02],
        [ 1.7434e-01, -8.7081e-02,  2.3336e-01, -3.1402e-01, -2.2178e-01,
         -6.6713e-02, -3.7437e-01, -6.5747e-02, -4.1394e-01,  5.5207e-02,
          1.5262e-01,  1.0612e-01,  2.6531e-01,  2.5249e-01,  3.5790e-02,
          2.4831e-01],
        [-2.7484e-01,  2.7250e-01,  7.4362e-02,  1.8159e-01,  3.7833e-01,
         -6.7838e-03,  3.7575e-01,  2.1492e-01, -5.1733e-03,  5.1453e-02,
          1.2500e-01, -2.8652e-01, -2.5596e-01, -1.6961e-01,  7.1144e-02,
         -8.1018e-02],
        [ 2.3359e-01, -1.1231e-01,  6.6150e-02, -9.3063e-02, -3.3595e-01,
         -2.5559e-01, -1.3258e-01, -3.6664e-01, -3.8228e-02, -5.1934e-02,
          8.8750e-02,  1.4428e-01,  3.6596e-01,  2.5313e-01, -3.5955e-02,
          2.0727e-01],
        [-2.3742e-01,  2.7290e-01, -2.6236e-01,  2.3056e-01, -1.1303e-02,
          1.1499e-01,  3.6795e-01,  3.5820e-01,  4.0893e-01,  1.8884e-01,
          5.6101e-02, -1.0522e-01, -4.6459e-03,  8.2874e-02,  1.8894e-01,
         -1.9980e-01],
        [-2.2300e-01,  1.1593e-01,  2.6419e-02, -1.7342e-02,  2.4019e-01,
          3.5104e-01,  3.7906e-01,  4.6603e-03,  2.6042e-01,  2.6494e-01,
         -3.2586e-01, -2.2230e-02, -3.3706e-01, -2.1874e-01,  6.3252e-02,
         -1.8956e-01],
        [-4.0990e-03, -1.0724e-01,  1.8945e-01, -2.8171e-02, -3.1079e-02,
         -2.8889e-01, -4.0733e-01, -3.9481e-01, -3.2307e-01, -2.2002e-01,
          1.8222e-01, -1.0395e-02, -3.0155e-04,  2.0349e-01, -3.2932e-01,
          1.4934e-01]], device='cuda:0', requires_grad=True)

Parameter name: road_linear_0.bias
Shape: torch.Size([32])
Values: Parameter containing:
tensor([-0.1234, -0.0006,  0.0924, -0.0516, -0.0079, -0.1037,  0.0854,  0.1452,
        -0.0294, -0.0312, -0.0239,  0.0608,  0.1433,  0.0692,  0.0194,  0.1064,
        -0.0710, -0.0150,  0.0893,  0.0412, -0.0597, -0.0758, -0.0046, -0.0018,
        -0.0716,  0.1650,  0.1587,  0.0198, -0.0623, -0.2008,  0.0343,  0.0055],
       device='cuda:0', requires_grad=True)

Parameter name: road_linear_1.weight
Shape: torch.Size([1, 32])
Values: Parameter containing:
tensor([[ 0.2724,  0.3587, -0.2569, -0.2857,  0.3553,  0.4023, -0.3180, -0.4164,
         -0.3249,  0.4054,  0.2813,  0.4198, -0.2941, -0.4414,  0.3329, -0.3137,
         -0.3374,  0.3591, -0.2504, -0.2791,  0.4524,  0.3101, -0.3876, -0.4086,
         -0.3649, -0.3859, -0.3455,  0.3922, -0.3737,  0.4205,  0.3073, -0.2613]],
       device='cuda:0', requires_grad=True)

Parameter name: linear_0.weight
Shape: torch.Size([32, 39])
Values: Parameter containing:
tensor([[-0.0611,  0.1375,  0.0870,  ...,  0.1394, -0.2516, -0.1137],
        [-0.1552, -0.0101,  0.1379,  ...,  0.0662, -0.2904,  0.0871],
        [ 0.0463, -0.0679,  0.0214,  ...,  0.0568,  0.2352,  0.0345],
        ...,
        [ 0.1552, -0.1873, -0.0332,  ..., -0.1905,  0.0010, -0.1180],
        [ 0.1362, -0.2477, -0.0787,  ..., -0.2357,  0.1189,  0.1557],
        [-0.2349,  0.1926,  0.0855,  ...,  0.0609, -0.2444, -0.0509]],
       device='cuda:0', requires_grad=True)

Parameter name: linear_0.bias
Shape: torch.Size([32])
Values: Parameter containing:
tensor([ 0.0571,  0.0390, -0.0693, -0.1412, -0.0760,  0.0581, -0.0972,  0.0481,
        -0.0402,  0.0527,  0.0122,  0.0149, -0.0211,  0.0953, -0.0386, -0.0030,
         0.0479, -0.1600, -0.0276,  0.0752, -0.0702,  0.0202,  0.1144,  0.0233,
        -0.0980,  0.1074,  0.0554, -0.1253,  0.0396,  0.1794,  0.1763, -0.1166],
       device='cuda:0', requires_grad=True)

Parameter name: linear_1.weight
Shape: torch.Size([32, 32])
Values: Parameter containing:
tensor([[ 0.0790, -0.1853, -0.0860,  ...,  0.0800, -0.0206,  0.0498],
        [-0.2050, -0.0335,  0.1200,  ...,  0.1783, -0.0038,  0.0230],
        [ 0.1341, -0.0397, -0.1886,  ..., -0.1694, -0.0137,  0.2093],
        ...,
        [ 0.1417,  0.0846,  0.0593,  ...,  0.0470, -0.2142,  0.3047],
        [ 0.0241, -0.1645,  0.0414,  ...,  0.2810,  0.2320, -0.1590],
        [ 0.0025, -0.1161,  0.2261,  ...,  0.2535,  0.1453, -0.0751]],
       device='cuda:0', requires_grad=True)

Parameter name: linear_1.bias
Shape: torch.Size([32])
Values: Parameter containing:
tensor([ 0.1245,  0.1687, -0.0580, -0.1296,  0.0238, -0.0228, -0.0805,  0.0117,
         0.1751, -0.1653,  0.1229, -0.1219,  0.2108,  0.0600, -0.1030,  0.1665,
        -0.1275, -0.1750,  0.0519,  0.0439, -0.0523,  0.0780, -0.2254,  0.2076,
        -0.0099, -0.0304,  0.0780,  0.0044, -0.1710, -0.0805,  0.1569,  0.0388],
       device='cuda:0', requires_grad=True)

Parameter name: linear_2.weight
Shape: torch.Size([1, 32])
Values: Parameter containing:
tensor([[ 0.4524,  0.3706, -0.4247, -0.4273,  0.2688,  0.2874, -0.3413,  0.3021,
          0.3620, -0.3857, -0.3146,  0.3331,  0.3334,  0.3137,  0.3673,  0.3512,
         -0.4505, -0.4530,  0.3011,  0.3068, -0.3766, -0.3516, -0.4459,  0.3100,
          0.3942,  0.4538, -0.4258,  0.4147, -0.3532, -0.4419,  0.4023,  0.4347]],
       device='cuda:0', requires_grad=True)

Parameter name: linear_2.bias
Shape: torch.Size([1])
Values: Parameter containing:
tensor([0.2456], device='cuda:0', requires_grad=True)

