Parameter name: road_linear_0.weight
Shape: torch.Size([32, 16])
Values: Parameter containing:
tensor([[-2.6669e-01,  4.7233e-01,  9.6168e-02, -7.8633e-02,  3.4812e-01,
          1.6606e-01,  3.5157e-01,  1.5092e-01,  3.5867e-01,  1.7530e-01,
          1.5389e-01, -3.1161e-01, -3.4991e-01, -2.4945e-01,  3.8162e-01,
          1.3478e-01],
        [-9.9072e-02, -1.5364e-01,  6.2621e-02, -1.2756e-01,  1.0847e-01,
          2.1516e-01,  5.2397e-02,  3.1968e-01,  6.4965e-01, -3.4911e-02,
          2.6907e-01, -4.0797e-01,  8.5750e-02,  1.2020e-01,  6.3636e-01,
          7.2901e-02],
        [ 8.5458e-02, -1.8637e-01,  3.0963e-01, -7.8919e-02, -3.2000e-01,
         -3.1839e-01, -1.4851e-01, -6.1979e-01, -1.8178e-01, -2.5880e-02,
          4.8866e-02,  1.3466e-01,  5.5470e-01,  2.4263e-01, -9.9694e-02,
          2.2131e-01],
        [ 5.6425e-02, -1.2678e-01, -1.2968e-01,  8.4338e-02, -1.1861e-01,
         -1.3122e-01, -2.6618e-03, -2.1908e-01, -6.2802e-01, -1.9569e-01,
         -1.8526e-01,  4.4927e-01,  1.7569e-01, -3.4293e-01, -3.8983e-01,
         -4.6421e-02],
        [ 7.1388e-02,  2.9028e-01,  1.3349e-02, -1.5556e-01,  2.6339e-01,
          3.8478e-02, -4.6377e-02,  4.7282e-01,  3.6905e-01,  1.1429e-01,
          2.9761e-01, -2.6231e-01,  3.5064e-02, -5.7836e-02,  4.7445e-01,
          2.6938e-04],
        [-2.9485e-02,  4.9551e-01, -2.9461e-01,  3.5675e-01,  5.4304e-01,
         -4.0700e-02,  3.5684e-01,  1.5053e-01,  3.9466e-01,  1.7323e-01,
         -2.3763e-01, -2.4434e-01, -3.3134e-01,  1.9957e-01,  4.6905e-01,
         -4.4984e-02],
        [ 2.0051e-01, -4.5578e-02,  2.2384e-01, -5.2452e-02, -1.8892e-01,
         -1.5209e-01, -1.0041e-01, -3.8977e-01, -4.7723e-01,  1.4461e-01,
         -9.1965e-02,  1.8650e-01, -9.5014e-02,  2.9634e-02, -4.6593e-01,
         -7.3369e-03],
        [-2.1570e-01,  5.3738e-02,  1.8283e-01, -2.2575e-01, -4.9040e-01,
         -2.3535e-01, -2.3699e-02, -4.2975e-01, -4.1575e-01, -5.8334e-02,
         -1.2168e-01,  1.7494e-01,  2.4883e-01, -2.7327e-01, -2.6558e-01,
          2.0260e-01],
        [-1.1582e-01,  6.4021e-02,  1.3969e-01, -1.2834e-01, -2.4400e-01,
         -2.9522e-01, -6.3861e-02, -2.9768e-01, -2.5775e-01, -1.4817e-01,
         -2.6584e-01,  2.4585e-01, -1.2907e-01,  6.7444e-05, -6.1540e-01,
         -5.3055e-02],
        [-1.3565e-01,  1.0033e-01,  6.7666e-02, -1.3225e-01,  2.0277e-01,
          1.1741e-01, -4.4329e-02,  4.1429e-01,  5.3891e-01, -1.6632e-01,
          3.0832e-01, -1.5301e-01, -1.9144e-01,  7.9945e-02,  4.2776e-01,
         -5.1876e-02],
        [-2.3788e-01,  4.2807e-01,  8.2397e-02, -1.3359e-01,  1.4961e-01,
          3.6409e-01,  2.0872e-01,  3.0233e-01,  5.8424e-01,  1.2721e-01,
          9.3083e-02, -1.5510e-01, -2.1886e-01,  2.6270e-01,  1.7105e-01,
         -2.1183e-01],
        [ 3.8333e-02,  1.0701e-01,  1.5570e-01, -4.4174e-02,  3.3506e-01,
          5.4094e-02,  2.5667e-01,  3.2924e-01,  4.2722e-01,  1.7711e-01,
          3.5619e-01, -9.7084e-02, -3.6902e-01, -5.8314e-02,  2.9943e-01,
         -4.4876e-02],
        [ 2.0754e-01, -5.0590e-02,  1.3297e-02, -7.4641e-02, -2.5632e-01,
          4.1225e-02, -5.3442e-02, -5.0141e-01, -5.6723e-01,  2.5021e-02,
         -8.9661e-02,  1.7718e-01, -6.0580e-02,  3.0492e-02, -4.2600e-01,
         -8.4573e-02],
        [ 3.5350e-02,  1.8324e-01,  1.8477e-01,  1.2240e-01, -4.2778e-01,
          1.9281e-02,  6.7852e-02, -2.3691e-01, -4.8980e-01,  1.3022e-02,
         -2.8921e-01,  2.4441e-01,  3.6185e-02, -1.1804e-01, -5.9151e-01,
          7.4083e-02],
        [-2.0922e-01, -9.0274e-02,  1.0430e-01, -1.6710e-01,  5.1925e-01,
          3.5893e-01, -1.6205e-02,  2.9498e-01,  2.4047e-01,  1.3253e-02,
          1.8758e-01, -4.6768e-01, -1.1291e-02,  5.8905e-02,  2.9184e-01,
         -6.0703e-03],
        [-1.4422e-01, -3.5708e-01,  9.0958e-02,  1.3809e-01, -4.7678e-01,
         -2.1353e-02, -1.8650e-01, -4.8292e-01, -3.9615e-01,  4.4441e-02,
         -3.4645e-02,  5.6155e-01,  1.5389e-01, -1.5151e-01, -9.6555e-02,
          1.5267e-02],
        [ 9.1639e-02,  9.3561e-02, -1.5870e-02, -1.8477e-01, -4.3658e-01,
          2.3092e-02,  5.1867e-02, -1.3671e-01, -5.7575e-01,  1.5736e-02,
          5.5700e-02,  3.9579e-01,  2.5045e-01,  4.7477e-02, -3.3533e-01,
         -2.3083e-01],
        [-1.6792e-01,  2.4980e-01, -9.3583e-02,  2.8057e-02,  2.6986e-01,
          2.3147e-01,  2.6534e-01,  4.0921e-01,  2.4536e-01,  1.6028e-01,
         -3.2855e-02, -3.4918e-01, -1.7194e-01, -5.4848e-02,  3.7802e-01,
         -4.4128e-02],
        [ 1.8997e-01, -2.7781e-01,  4.0356e-02, -2.0977e-01, -4.1428e-01,
         -3.3497e-01, -3.3652e-01, -1.6504e-01, -5.9510e-01, -3.9284e-02,
          9.4546e-02,  9.6287e-02,  3.2956e-01,  1.3944e-01, -1.3997e-01,
          1.1061e-01],
        [ 3.5253e-01, -2.8212e-01,  1.7026e-01, -2.0155e-02, -5.5505e-01,
         -1.9177e-01, -4.2603e-01, -1.7849e-01, -2.3454e-01, -2.0851e-01,
          2.7269e-02,  4.3108e-01,  6.7388e-02,  1.4251e-02, -1.7907e-01,
          1.3048e-01],
        [-5.0268e-02,  2.5869e-01,  1.0784e-01, -1.8506e-01,  3.6426e-01,
         -6.9964e-02,  2.7089e-01,  4.9549e-01,  3.0179e-01, -6.2272e-02,
         -5.2038e-02, -3.4320e-01, -1.5193e-01, -5.1536e-02,  4.5713e-01,
         -1.2603e-01],
        [ 5.2724e-03,  2.0996e-02,  6.5546e-02,  3.0569e-01,  2.5548e-01,
          8.7995e-02,  2.2828e-01,  1.7130e-01,  3.1924e-01,  1.5596e-01,
          3.2405e-01, -4.9166e-01, -2.4678e-01, -2.4842e-01,  1.7804e-01,
          1.4738e-01],
        [ 3.3117e-01, -3.2869e-01, -4.9984e-02, -8.5719e-02, -2.0971e-01,
         -3.4352e-01, -3.4902e-01, -4.1439e-01, -4.3706e-01, -8.3007e-02,
          2.1905e-01,  3.8413e-01,  3.1347e-02,  2.1059e-01, -6.0680e-02,
          1.4252e-01],
        [ 1.8022e-02,  6.2565e-02,  1.1683e-01, -1.9494e-01, -2.7440e-01,
         -8.4640e-02, -3.1594e-02, -3.8782e-01, -4.9255e-01, -1.1459e-01,
         -1.7730e-01,  4.1163e-01,  1.6420e-01, -1.1326e-01, -3.4168e-01,
         -1.8703e-01],
        [ 3.7516e-02, -3.5634e-01, -1.1712e-02,  9.1402e-03, -4.7601e-02,
         -1.9133e-01,  1.4178e-01, -3.1817e-01, -6.2273e-01,  2.3068e-01,
          1.1100e-01,  1.1896e-01, -2.7013e-02,  5.6688e-02, -5.0099e-01,
          1.7865e-01],
        [-1.2715e-01, -1.3450e-01, -9.8516e-02,  2.1482e-01, -2.8908e-01,
         -1.6690e-01,  6.1353e-02, -4.6876e-01, -3.7187e-01, -1.7635e-01,
         -3.5806e-01,  1.7388e-01,  1.0797e-01,  1.4269e-01, -5.4120e-01,
         -7.4125e-02],
        [ 2.9573e-01, -1.7678e-01,  2.5432e-01, -3.0782e-01, -3.9995e-01,
         -8.3469e-02, -5.1220e-01, -2.2646e-01, -5.6698e-01,  1.6833e-02,
          1.6056e-01,  2.6034e-01,  3.9587e-01,  2.5908e-01, -7.0305e-02,
          2.8036e-01],
        [-1.9356e-01,  2.5311e-01,  1.7138e-01,  9.6987e-02,  4.9486e-01,
         -2.1815e-02,  3.0939e-01,  3.5062e-01,  1.7015e-01, -3.6682e-02,
          2.9404e-01, -4.2961e-01, -2.1929e-01, -5.3221e-02,  1.9343e-01,
          1.1900e-02],
        [ 1.5097e-01, -1.2910e-01, -2.8842e-02, -7.0309e-03, -4.4672e-01,
         -2.1823e-01, -6.8059e-02, -4.9584e-01, -2.0154e-01,  3.3188e-02,
         -5.3953e-02,  2.7900e-01,  3.4441e-01,  1.3481e-01, -1.5121e-01,
          1.1868e-01],
        [-2.8234e-01,  3.4176e-01, -2.4427e-01,  2.0675e-01,  1.4112e-01,
          1.2107e-01,  4.3556e-01,  4.9210e-01,  5.2139e-01,  1.9134e-01,
          1.1111e-01, -2.4692e-01, -6.7119e-02,  1.1819e-01,  2.6439e-01,
         -1.8916e-01],
        [-2.2283e-01,  1.9524e-01,  7.5117e-02, -7.3245e-02,  3.9891e-01,
          3.3100e-01,  4.0276e-01,  1.5628e-01,  4.1681e-01,  2.3151e-01,
         -2.7174e-01, -1.7501e-01, -4.2084e-01, -1.4727e-01,  1.7738e-01,
         -1.4873e-01],
        [-1.2242e-01, -6.7876e-02,  6.9426e-02,  7.6024e-02, -9.7238e-02,
         -2.4751e-01, -3.0797e-01, -5.1172e-01, -4.9858e-01, -1.0466e-01,
          5.4072e-03,  1.0443e-01, -7.4182e-02,  6.0404e-02, -4.5061e-01,
          3.4798e-02]], device='cuda:0', requires_grad=True)

Parameter name: road_linear_0.bias
Shape: torch.Size([32])
Values: Parameter containing:
tensor([-0.0743,  0.1658,  0.1427, -0.2088,  0.1571, -0.1175, -0.0131,  0.1082,
        -0.1355,  0.1368, -0.0062,  0.1241, -0.0059, -0.0958,  0.1460, -0.0221,
        -0.1819, -0.0250,  0.1476,  0.0989,  0.0738, -0.0745,  0.0556, -0.0971,
        -0.2105, -0.0104,  0.2107,  0.0747, -0.0584, -0.2228, -0.0269, -0.0652],
       device='cuda:0', requires_grad=True)

Parameter name: road_linear_1.weight
Shape: torch.Size([1, 32])
Values: Parameter containing:
tensor([[ 0.4359,  0.6026, -0.3570, -0.4982,  0.5734,  0.5351, -0.4889, -0.5645,
         -0.5024,  0.6294,  0.4236,  0.5892, -0.4944, -0.6636,  0.5239, -0.5081,
         -0.5102,  0.5024, -0.3342, -0.3813,  0.6478,  0.4270, -0.4851, -0.5882,
         -0.5461, -0.6048, -0.4366,  0.5650, -0.5096,  0.5582,  0.3873, -0.4256]],
       device='cuda:0', requires_grad=True)

Parameter name: linear_0.weight
Shape: torch.Size([32, 39])
Values: Parameter containing:
tensor([[-0.0276,  0.1044,  0.0587,  ...,  0.1720, -0.3546, -0.1137],
        [-0.1405, -0.0311,  0.1379,  ...,  0.0558, -0.3859,  0.0871],
        [ 0.0290, -0.0448,  0.0249,  ...,  0.0632,  0.3387,  0.0345],
        ...,
        [ 0.1416, -0.1646, -0.0379,  ..., -0.1733,  0.1123, -0.1180],
        [ 0.1174, -0.2221, -0.0752,  ..., -0.2291,  0.2230,  0.1557],
        [-0.2159,  0.1747,  0.0701,  ...,  0.0743, -0.3348, -0.0509]],
       device='cuda:0', requires_grad=True)

Parameter name: linear_0.bias
Shape: torch.Size([32])
Values: Parameter containing:
tensor([ 0.0800,  0.0307, -0.0648, -0.1393, -0.0824,  0.0424, -0.0881,  0.0711,
        -0.0379,  0.0488,  0.0475,  0.0192, -0.0241,  0.1027, -0.0269, -0.0147,
         0.0493, -0.1634, -0.0054,  0.0877, -0.0897,  0.0055,  0.1168,  0.0444,
        -0.1087,  0.1098,  0.0563, -0.1432,  0.0438,  0.1936,  0.1815, -0.1056],
       device='cuda:0', requires_grad=True)

Parameter name: linear_1.weight
Shape: torch.Size([32, 32])
Values: Parameter containing:
tensor([[ 0.0888, -0.2083, -0.0221,  ...,  0.1000, -0.0072,  0.0579],
        [-0.1936, -0.0531,  0.1808,  ...,  0.1967,  0.0078,  0.0321],
        [ 0.1246, -0.0278, -0.2325,  ..., -0.1814, -0.0198,  0.2020],
        ...,
        [ 0.1300,  0.0875,  0.0413,  ...,  0.0416, -0.2194,  0.3014],
        [ 0.0340, -0.2050,  0.1175,  ...,  0.3134,  0.2596, -0.1498],
        [ 0.0127, -0.1305,  0.2703,  ...,  0.2667,  0.1506, -0.0642]],
       device='cuda:0', requires_grad=True)

Parameter name: linear_1.bias
Shape: torch.Size([32])
Values: Parameter containing:
tensor([ 0.1444,  0.1867, -0.0704, -0.1491,  0.0378, -0.0079, -0.0956,  0.0430,
         0.2008, -0.1783,  0.1478, -0.1933,  0.2320,  0.0721, -0.0773,  0.1988,
        -0.0225, -0.1901,  0.0662,  0.0624, -0.0743,  0.0639, -0.2372,  0.2253,
         0.0075, -0.0984,  0.0820,  0.0151, -0.1907, -0.0848,  0.1877,  0.0540],
       device='cuda:0', requires_grad=True)

Parameter name: linear_2.weight
Shape: torch.Size([1, 32])
Values: Parameter containing:
tensor([[ 0.8981,  0.8243, -0.8825, -0.8639,  0.7298,  0.7468, -0.7982,  0.7176,
          0.7835, -0.8473, -0.7601,  0.7717,  0.7656,  0.7728,  0.7902,  0.7645,
         -0.8848, -0.9060,  0.7588,  0.7505, -0.8113, -0.8074, -0.9106,  0.7647,
          0.8512,  0.8929, -0.8819,  0.8617, -0.8029, -0.9015,  0.8135,  0.8837]],
       device='cuda:0', requires_grad=True)

Parameter name: linear_2.bias
Shape: torch.Size([1])
Values: Parameter containing:
tensor([0.6415], device='cuda:0', requires_grad=True)

