Parameter name: road_linear_0.weight
Shape: torch.Size([32, 16])
Values: Parameter containing:
tensor([[-0.3436,  0.4118, -0.0333,  0.0116,  0.1485,  0.2010,  0.3063, -0.0383,
          0.1841,  0.2856, -0.0051, -0.1733, -0.3059, -0.3848,  0.2212,  0.0390],
        [-0.2604, -0.0493, -0.1141,  0.0094, -0.0220,  0.2617,  0.1528,  0.1517,
          0.3918,  0.1482,  0.0047, -0.2688,  0.0098, -0.0606,  0.3356, -0.0929],
        [ 0.0929, -0.0584,  0.3953, -0.1419, -0.0679, -0.3677, -0.0361, -0.4091,
          0.0525, -0.0927,  0.1135, -0.0470,  0.4010,  0.3346,  0.1000,  0.2770],
        [ 0.2779, -0.2328,  0.0942, -0.0910, -0.0434, -0.2072, -0.1371, -0.0799,
         -0.4043, -0.4178,  0.0978,  0.3654,  0.2973, -0.1055, -0.1667,  0.1659],
        [-0.0974,  0.3719, -0.1769, -0.0141,  0.1485,  0.0908,  0.0176,  0.3018,
          0.1271,  0.3054,  0.0467, -0.1609, -0.0327, -0.2485,  0.2410, -0.1638],
        [-0.0013,  0.3834, -0.3599,  0.4057,  0.3056, -0.0257,  0.2270, -0.0571,
          0.2285,  0.2162, -0.3239, -0.0795, -0.2199,  0.1340,  0.3201, -0.0760],
        [ 0.3768, -0.0588,  0.4184, -0.1986, -0.0497, -0.2253, -0.1657, -0.2266,
         -0.2490, -0.0383,  0.1290,  0.0671, -0.0610,  0.2354, -0.2678,  0.1645],
        [-0.0526,  0.0772,  0.3695, -0.3680, -0.3300, -0.3161, -0.0761, -0.2612,
         -0.1952, -0.2332,  0.0738,  0.0438,  0.2578, -0.0765, -0.0670,  0.3664],
        [ 0.0466,  0.0174,  0.3170, -0.2654, -0.0548, -0.3637, -0.1562, -0.1018,
          0.0475, -0.3321,  0.0023,  0.0680, -0.0663,  0.1882, -0.3267,  0.1114],
        [-0.2922,  0.1872, -0.1071, -0.0011,  0.0648,  0.1657,  0.0274,  0.2258,
          0.2565,  0.0108,  0.0472, -0.0108, -0.2526, -0.0970,  0.1463, -0.2093],
        [-0.3612,  0.3701, -0.0729, -0.0176, -0.0535,  0.4395,  0.2170,  0.1119,
          0.3409,  0.2728, -0.0828,  0.0009, -0.1894,  0.0960, -0.0415, -0.3435],
        [-0.1321,  0.1266, -0.0350,  0.1057,  0.1557,  0.1308,  0.3454,  0.1413,
          0.1514,  0.3650,  0.0987,  0.0595, -0.4102, -0.2632,  0.0518, -0.2203],
        [ 0.3470, -0.0843,  0.1846, -0.1955, -0.1145, -0.0049, -0.0768, -0.3236,
         -0.3277, -0.1359,  0.1297,  0.0569, -0.0379,  0.2006, -0.2210,  0.0522],
        [ 0.2174,  0.0872,  0.3813, -0.0280, -0.3098, -0.0356, -0.0295, -0.0678,
         -0.2138, -0.1834, -0.0146,  0.1185,  0.1180,  0.0846, -0.3356,  0.2537],
        [-0.3890, -0.0171, -0.0849, -0.0216,  0.3749,  0.4315,  0.0923,  0.1220,
         -0.0297,  0.2052, -0.0819, -0.3252, -0.0942, -0.1424,  0.0288, -0.1810],
        [-0.0501, -0.3668,  0.2269,  0.0483, -0.3031, -0.0429, -0.1622, -0.2904,
         -0.1782, -0.0828,  0.1596,  0.4246,  0.1452, -0.0188,  0.0965,  0.1126],
        [ 0.3247,  0.0244,  0.2137, -0.3725, -0.3443, -0.0562, -0.0854,  0.0051,
         -0.3585, -0.2114,  0.3324,  0.2990,  0.3565,  0.3057, -0.1323, -0.0110],
        [-0.3021,  0.1911, -0.2588,  0.1586,  0.1153,  0.3079,  0.2740,  0.2584,
          0.1311,  0.3035, -0.1793, -0.2445, -0.1673, -0.2322,  0.2370, -0.1881],
        [ 0.2411, -0.1585,  0.1665, -0.3139, -0.1856, -0.4011, -0.2732,  0.0341,
         -0.3870, -0.1443,  0.1754, -0.0665,  0.2059,  0.2805,  0.0567,  0.2118],
        [ 0.3840, -0.1573,  0.2858, -0.1105, -0.3092, -0.2524, -0.3448,  0.0289,
         -0.0413, -0.2993,  0.1081,  0.2590, -0.0476,  0.1368,  0.0181,  0.2158],
        [-0.1779,  0.2983, -0.0508, -0.0634,  0.2533, -0.0348,  0.2817,  0.3444,
          0.1579,  0.0808, -0.2636, -0.2691, -0.1875, -0.2108,  0.3238, -0.2577],
        [-0.0727, -0.0564, -0.0519,  0.3920, -0.0330,  0.1241,  0.2260, -0.0711,
          0.0073,  0.2737,  0.1257, -0.2638, -0.1774, -0.3773, -0.1151,  0.0501],
        [ 0.3730, -0.2123,  0.0655, -0.1790,  0.0186, -0.4106, -0.2811, -0.2180,
         -0.2415, -0.1765,  0.3008,  0.2176, -0.0824,  0.3369,  0.1305,  0.2329],
        [ 0.2685,  0.0015,  0.3591, -0.3924, -0.2150, -0.1798, -0.1751, -0.2727,
         -0.3509, -0.3488,  0.0732,  0.3509,  0.2850,  0.1516, -0.1739,  0.0427],
        [ 0.2036, -0.4008,  0.1703, -0.1279,  0.0947, -0.2541,  0.0786, -0.1444,
         -0.3316,  0.0504,  0.3608, -0.0117,  0.0253,  0.2489, -0.2625,  0.3437],
        [ 0.0471, -0.2325,  0.0992,  0.0680, -0.2149, -0.2201, -0.0091, -0.3190,
         -0.1584, -0.3701, -0.1100,  0.1137,  0.1840,  0.3367, -0.3288,  0.0917],
        [ 0.2300, -0.0437,  0.3129, -0.3642, -0.1567, -0.1171, -0.3413, -0.0149,
         -0.3730, -0.0175,  0.1715,  0.0975,  0.2287,  0.3178,  0.1128,  0.3079],
        [-0.3251,  0.2383,  0.0058,  0.2214,  0.2903,  0.0328,  0.3410,  0.1557,
         -0.0681,  0.1215,  0.0772, -0.2720, -0.2151, -0.2267, -0.0295, -0.1301],
        [ 0.3133, -0.0965,  0.1521, -0.1508, -0.2850, -0.3021, -0.1331, -0.3326,
         -0.0094, -0.1348,  0.1461,  0.1481,  0.3513,  0.3376,  0.0392,  0.2824],
        [-0.2789,  0.2219, -0.3316,  0.2674, -0.0908,  0.1597,  0.3208,  0.2931,
          0.3495,  0.2509,  0.0411, -0.0879,  0.0458,  0.0364,  0.1043, -0.2403],
        [-0.2926,  0.0868, -0.0551,  0.0354,  0.1776,  0.4004,  0.3631, -0.0378,
          0.2137,  0.3434, -0.3679, -0.0157, -0.3094, -0.2977, -0.0177, -0.2595],
        [ 0.0716, -0.0780,  0.2755, -0.0841,  0.0288, -0.3393, -0.3931, -0.3520,
         -0.2889, -0.3013,  0.2254, -0.0069, -0.0232,  0.2821, -0.2516,  0.2204]],
       device='cuda:0', requires_grad=True)

Parameter name: road_linear_0.bias
Shape: torch.Size([32])
Values: Parameter containing:
tensor([-0.0885,  0.0178,  0.0507, -0.0786,  0.0277, -0.0731,  0.0567,  0.1147,
        -0.0605, -0.0025,  0.0196,  0.0853,  0.1124,  0.0494,  0.0456,  0.0713,
        -0.0904,  0.0166,  0.0507,  0.0041, -0.0343, -0.0485, -0.0409, -0.0192,
        -0.1110,  0.1437,  0.1221,  0.0485, -0.0886, -0.1656,  0.0703, -0.0311],
       device='cuda:0', requires_grad=True)

Parameter name: road_linear_1.weight
Shape: torch.Size([1, 32])
Values: Parameter containing:
tensor([[ 0.1809,  0.2668, -0.1962, -0.2099,  0.2625,  0.3109, -0.2460, -0.3470,
         -0.2548,  0.3100,  0.2152,  0.3395, -0.1990, -0.3530,  0.2633, -0.2113,
         -0.2671,  0.2916, -0.1882, -0.2165,  0.3493,  0.2356, -0.3339, -0.3424,
         -0.2893, -0.2883, -0.2797,  0.3033, -0.3104,  0.3450,  0.2507, -0.1920]],
       device='cuda:0', requires_grad=True)

Parameter name: linear_0.weight
Shape: torch.Size([32, 39])
Values: Parameter containing:
tensor([[-0.0199,  0.0853,  0.0757,  ...,  0.0999, -0.2133, -0.1137],
        [-0.1152, -0.0603,  0.1232,  ...,  0.0357, -0.2570,  0.0871],
        [-0.0145,  0.0027,  0.0589,  ...,  0.0820,  0.1838,  0.0345],
        ...,
        [ 0.1192, -0.1403, -0.0236,  ..., -0.1519, -0.0444, -0.1180],
        [ 0.0905, -0.1924, -0.0559,  ..., -0.2078,  0.0772,  0.1557],
        [-0.1858,  0.1326,  0.0648,  ...,  0.0249, -0.1935, -0.0509]],
       device='cuda:0', requires_grad=True)

Parameter name: linear_0.bias
Shape: torch.Size([32])
Values: Parameter containing:
tensor([ 0.0476,  0.0378, -0.0866, -0.1412, -0.0740,  0.0521, -0.0965,  0.0597,
        -0.0268,  0.0620,  0.0290,  0.0072, -0.0413,  0.0879, -0.0460, -0.0205,
         0.0474, -0.1643, -0.0352,  0.0685, -0.0631,  0.0168,  0.1113,  0.0131,
        -0.0936,  0.1099,  0.0436, -0.1093,  0.0420,  0.1847,  0.1707, -0.1164],
       device='cuda:0', requires_grad=True)

Parameter name: linear_1.weight
Shape: torch.Size([32, 32])
Values: Parameter containing:
tensor([[ 0.1083, -0.1286, -0.1369,  ...,  0.0273, -0.0858,  0.0970],
        [-0.1625,  0.0232,  0.0526,  ...,  0.1247, -0.0705,  0.0817],
        [ 0.0849, -0.0958, -0.1142,  ..., -0.1153,  0.0538,  0.1429],
        ...,
        [ 0.0800,  0.0382,  0.1432,  ...,  0.0914, -0.1470,  0.2207],
        [ 0.0331, -0.0909,  0.0079,  ...,  0.2125,  0.1660, -0.1363],
        [ 0.0445, -0.0681,  0.1625,  ...,  0.2081,  0.0809, -0.0117]],
       device='cuda:0', requires_grad=True)

Parameter name: linear_1.bias
Shape: torch.Size([32])
Values: Parameter containing:
tensor([ 0.1021,  0.1470, -0.0384, -0.0928, -0.0126, -0.0371, -0.0536, -0.0397,
         0.1449, -0.1610,  0.1124, -0.1194,  0.1886,  0.0836, -0.1285,  0.1122,
        -0.1423, -0.1708,  0.0532,  0.0016, -0.0074,  0.0943, -0.2016,  0.2101,
        -0.0467, -0.0080,  0.0783, -0.0271, -0.1379, -0.0762,  0.1136,  0.0277],
       device='cuda:0', requires_grad=True)

Parameter name: linear_2.weight
Shape: torch.Size([1, 32])
Values: Parameter containing:
tensor([[ 0.2589,  0.1764, -0.2302, -0.2316,  0.0709,  0.0935, -0.1462,  0.1051,
          0.1689, -0.1931, -0.1219,  0.1398,  0.1399,  0.1228,  0.1740,  0.1548,
         -0.2574, -0.2611,  0.1082,  0.1098, -0.1790, -0.1569, -0.2503,  0.1183,
          0.1973,  0.2623, -0.2332,  0.2195, -0.1577, -0.2490,  0.2075,  0.2420]],
       device='cuda:0', requires_grad=True)

Parameter name: linear_2.bias
Shape: torch.Size([1])
Values: Parameter containing:
tensor([0.0625], device='cuda:0', requires_grad=True)

