Parameter name: road_linear_0.weight
Shape: torch.Size([32, 16])
Values: Parameter containing:
tensor([[-0.0037,  0.4021,  0.3080, -0.3326, -0.1829, -0.1478, -0.0629, -0.3744,
         -0.2324, -0.0722, -0.0313,  0.1800, -0.2985, -0.0648, -0.0121,  0.3839],
        [-0.2473, -0.3954, -0.1015, -0.0049, -0.0317,  0.2425,  0.1548,  0.1477,
          0.4135,  0.1339,  0.3012, -0.2487,  0.3560, -0.0342,  0.3236, -0.0908],
        [ 0.0886,  0.3005,  0.3892, -0.1342, -0.0900, -0.3403, -0.0760, -0.4269,
         -0.0365, -0.0820, -0.1585, -0.0543,  0.0305,  0.3516,  0.0065,  0.2838],
        [ 0.2836,  0.1273,  0.0991, -0.0958, -0.0629, -0.2103, -0.1673, -0.1063,
         -0.4556, -0.4261, -0.2217,  0.3718, -0.0721, -0.1079, -0.1936,  0.1813],
        [-0.0946,  0.0273, -0.1733, -0.0176,  0.1590,  0.0831,  0.0372,  0.3127,
          0.1654,  0.3007,  0.3501, -0.1523,  0.3175, -0.2379,  0.2740, -0.1735],
        [-0.0164,  0.0551, -0.3735,  0.4205,  0.3475, -0.0156,  0.2738, -0.0203,
          0.2915,  0.2282, -0.0751, -0.0933,  0.1176,  0.1163,  0.4044, -0.1029],
        [ 0.3662,  0.2537,  0.4086, -0.1898, -0.0535, -0.2059, -0.1789, -0.2286,
         -0.2779, -0.0297, -0.0495,  0.0532, -0.3536,  0.2111, -0.2806,  0.1633],
        [-0.0593,  0.3685,  0.3631, -0.3650, -0.3422, -0.2974, -0.0960, -0.2638,
         -0.2266, -0.2258, -0.0966,  0.0294, -0.0345, -0.0911, -0.1054,  0.3712],
        [ 0.0305,  0.3612,  0.3026, -0.2485, -0.0440, -0.3429, -0.1472, -0.0906,
          0.0301, -0.3157, -0.2852,  0.0437, -0.4120,  0.1618, -0.2737,  0.1068],
        [-0.2966, -0.1710, -0.1106,  0.0036,  0.0815,  0.1632,  0.0610,  0.2415,
          0.2994,  0.0123,  0.3647, -0.0077,  0.1087, -0.0955,  0.1783, -0.2256],
        [-0.3677,  0.0080, -0.0788, -0.0134, -0.0372,  0.4372,  0.2517,  0.1338,
          0.3896,  0.2761,  0.2297, -0.0015,  0.1883,  0.0964,  0.0020, -0.3613],
        [-0.1368, -0.2080, -0.0384,  0.1040,  0.1806,  0.1335,  0.3758,  0.1580,
          0.1951,  0.3665,  0.4093,  0.0583, -0.0652, -0.2665,  0.0171, -0.2340],
        [ 0.3331,  0.2991,  0.1692, -0.1792, -0.0966,  0.0291, -0.0759, -0.3105,
         -0.3413, -0.1120, -0.1804,  0.0231, -0.4280,  0.1618, -0.2254,  0.0521],
        [ 0.2076,  0.4068,  0.3716, -0.0166, -0.3075, -0.0204, -0.0312, -0.0665,
         -0.2322, -0.1713, -0.2831,  0.1022, -0.1961,  0.0625, -0.3103,  0.2528],
        [-0.3774, -0.3609, -0.0746, -0.0283,  0.3668,  0.4028,  0.1050,  0.1136,
         -0.0024,  0.1940,  0.1958, -0.3029,  0.2487, -0.1199,  0.0519, -0.1821],
        [-0.0574,  0.0249,  0.2176,  0.0453, -0.3493, -0.0269, -0.2062, -0.3130,
         -0.2653, -0.0869, -0.1547,  0.4215, -0.2735, -0.0096,  0.0435,  0.1253],
        [ 0.3274,  0.3350,  0.2162, -0.3710, -0.3770, -0.0562, -0.1096, -0.0182,
         -0.4035, -0.2100,  0.0659,  0.3010,  0.0398,  0.3051, -0.1227,  0.0026],
        [-0.3012, -0.0704, -0.2560,  0.1552,  0.1422,  0.3065,  0.2960,  0.2784,
          0.1724,  0.3008,  0.0174, -0.2467,  0.1096, -0.2255,  0.2819, -0.1963],
        [ 0.2217,  0.1606,  0.1442, -0.2880, -0.2070, -0.3663, -0.3082,  0.0263,
         -0.4769, -0.1174, -0.1191, -0.0804, -0.1343,  0.2973, -0.0286,  0.2068],
        [ 0.3743,  0.1881,  0.2786, -0.1034, -0.3091, -0.2309, -0.3550,  0.0335,
         -0.0726, -0.2905, -0.1777,  0.2396, -0.3980,  0.1158,  0.0505,  0.2187],
        [-0.1892, -0.0068, -0.0609, -0.0539,  0.2831, -0.0257,  0.3130,  0.3729,
          0.2146,  0.0898,  0.0137, -0.2789,  0.1220, -0.2159,  0.3766, -0.2799],
        [-0.0738, -0.4103, -0.0534,  0.3954, -0.0290,  0.1115,  0.2531, -0.0660,
          0.0460,  0.2713,  0.3987, -0.2495,  0.1733, -0.3683, -0.0952,  0.0333],
        [ 0.3682,  0.0863,  0.0616, -0.1762,  0.0036, -0.3955, -0.2999, -0.2232,
         -0.2792, -0.1696,  0.0506,  0.2046, -0.3863,  0.3238,  0.1073,  0.2418],
        [ 0.2634,  0.2431,  0.3524, -0.3832, -0.2425, -0.1749, -0.1825, -0.2869,
         -0.3811, -0.3406, -0.1448,  0.3444,  0.0168,  0.1408, -0.1766,  0.0465],
        [ 0.2182, -0.0370,  0.1833, -0.1423,  0.0511, -0.2710,  0.0300, -0.1860,
         -0.4033,  0.0333,  0.0414,  0.0056, -0.3455,  0.2644, -0.3105,  0.3710],
        [ 0.0496,  0.0946,  0.1002,  0.0641, -0.2223, -0.2112, -0.0307, -0.3322,
         -0.1973, -0.3690, -0.3691,  0.1072, -0.1460,  0.3268, -0.3831,  0.1068],
        [ 0.2285,  0.2599,  0.3126, -0.3633, -0.1805, -0.1046, -0.3631, -0.0247,
         -0.4152, -0.0130, -0.0616,  0.0877, -0.0795,  0.3093,  0.1194,  0.3199],
        [-0.3243, -0.1074,  0.0065,  0.2198,  0.3054,  0.0261,  0.3680,  0.1625,
         -0.0309,  0.1180,  0.3810, -0.2640,  0.1345, -0.2242, -0.0306, -0.1408],
        [ 0.3161,  0.2006,  0.1537, -0.1510, -0.3089, -0.2973, -0.1581, -0.3500,
         -0.0532, -0.1323, -0.1090,  0.1442,  0.0363,  0.3355,  0.0151,  0.2962],
        [-0.2701, -0.0499, -0.3223,  0.2597, -0.0780,  0.1444,  0.3348,  0.2976,
          0.3791,  0.2416,  0.2323, -0.0744,  0.3227,  0.0547,  0.1276, -0.2412],
        [-0.2997, -0.2404, -0.0624,  0.0410,  0.2063,  0.4004,  0.3956, -0.0132,
          0.2662,  0.3479, -0.0825, -0.0194,  0.0253, -0.3006,  0.0081, -0.2794],
        [ 0.0486,  0.2415,  0.2514, -0.0563,  0.0103, -0.3103, -0.4054, -0.3594,
         -0.3572, -0.2770, -0.0446, -0.0225, -0.3507,  0.2795, -0.2400,  0.2056]],
       device='cuda:0', requires_grad=True)

Parameter name: road_linear_0.bias
Shape: torch.Size([32])
Values: Parameter containing:
tensor([-0.0705, -0.0132, -0.0098, -0.0408,  0.0176, -0.2301,  0.0946,  0.1240,
        -0.0551, -0.0008,  0.0493,  0.0787,  0.1289,  0.0734,  0.0642, -0.0283,
        -0.0220, -0.0355,  0.0808, -0.0310, -0.0954, -0.0767, -0.0350,  0.0353,
        -0.0553,  0.1308,  0.1594,  0.0466, -0.0999, -0.1792,  0.0278,  0.0161],
       device='cuda:0', requires_grad=True)

Parameter name: road_linear_1.weight
Shape: torch.Size([1, 32])
Values: Parameter containing:
tensor([[-0.2046,  0.2976, -0.2147, -0.2445,  0.2857,  0.3361, -0.2712, -0.3646,
         -0.3118,  0.3215,  0.2497,  0.3624, -0.2492, -0.3859,  0.2736, -0.1959,
         -0.3074,  0.3216, -0.2155, -0.2275,  0.3808,  0.3049, -0.3607, -0.3667,
         -0.2620, -0.3136, -0.3095,  0.3290, -0.3396,  0.3710,  0.2891, -0.2235]],
       device='cuda:0', requires_grad=True)

Parameter name: linear_0.weight
Shape: torch.Size([32, 39])
Values: Parameter containing:
tensor([[-0.0053,  0.0985,  0.0728,  ...,  0.1949, -0.3057, -0.1137],
        [-0.0786, -0.0655,  0.1184,  ...,  0.1044, -0.2831,  0.0871],
        [-0.1047,  0.1368,  0.0965,  ...,  0.1944,  0.0404,  0.0345],
        ...,
        [ 0.1035, -0.1262, -0.0345,  ..., -0.1745, -0.0295, -0.1180],
        [ 0.0431, -0.1805, -0.0410,  ..., -0.2627,  0.0886,  0.1557],
        [-0.1900,  0.1323,  0.0522,  ...,  0.0707, -0.2382, -0.0509]],
       device='cuda:0', requires_grad=True)

Parameter name: linear_0.bias
Shape: torch.Size([32])
Values: Parameter containing:
tensor([ 0.0520,  0.0340, -0.0974, -0.1529, -0.0790,  0.0014, -0.1046,  0.0402,
        -0.0327,  0.0595,  0.0275, -0.0014,  0.0048,  0.0998, -0.0473, -0.0107,
         0.0470, -0.1642,  0.0010,  0.0791, -0.0626,  0.0208,  0.1093,  0.0200,
        -0.1099,  0.0968,  0.0427, -0.0954,  0.0451,  0.1988,  0.1667, -0.1273],
       device='cuda:0', requires_grad=True)

Parameter name: linear_1.weight
Shape: torch.Size([32, 32])
Values: Parameter containing:
tensor([[ 0.0522, -0.1626, -0.1877,  ...,  0.0342, -0.0471,  0.0650],
        [-0.2190, -0.0127, -0.0206,  ...,  0.1359, -0.0317,  0.0483],
        [ 0.1478, -0.0525, -0.0385,  ..., -0.1386,  0.0061,  0.1858],
        ...,
        [ 0.1366,  0.0617,  0.2001,  ...,  0.1009, -0.1773,  0.2464],
        [-0.0178, -0.1306, -0.0517,  ...,  0.2327,  0.2090, -0.1714],
        [-0.0059, -0.1055,  0.1233,  ...,  0.2174,  0.1229, -0.0442]],
       device='cuda:0', requires_grad=True)

Parameter name: linear_1.bias
Shape: torch.Size([32])
Values: Parameter containing:
tensor([ 0.0998,  0.1457, -0.0444, -0.0957, -0.1087, -0.1727, -0.0582, -0.0322,
         0.1353, -0.1638,  0.1294, -0.1262,  0.1930,  0.0859, -0.1151,  0.1164,
        -0.1377, -0.1745,  0.0726,  0.0082, -0.0113,  0.0864, -0.2067,  0.2121,
        -0.0486, -0.0090,  0.0775, -0.0393, -0.1446, -0.0625,  0.1179,  0.0266],
       device='cuda:0', requires_grad=True)

Parameter name: linear_2.weight
Shape: torch.Size([1, 32])
Values: Parameter containing:
tensor([[ 0.3591,  0.2820, -0.3199, -0.3513, -0.2031, -0.1983, -0.2659,  0.2288,
          0.2611, -0.2775, -0.2286,  0.2446,  0.2537,  0.2104,  0.2685,  0.2512,
         -0.3515, -0.3571,  0.2013,  0.2447, -0.3063, -0.2570, -0.3590,  0.2070,
          0.3213,  0.3756, -0.3308,  0.3458, -0.2657, -0.3557,  0.3189,  0.3601]],
       device='cuda:0', requires_grad=True)

Parameter name: linear_2.bias
Shape: torch.Size([1])
Values: Parameter containing:
tensor([0.1174], device='cuda:0', requires_grad=True)

Parameter name: road_linear_0.weight
Shape: torch.Size([32, 16])
Values: Parameter containing:
tensor([[ 0.0167,  0.3598,  0.3269, -0.3503, -0.0331, -0.1861, -0.0691, -0.4006,
         -0.1851, -0.0861,  0.0335,  0.1863,  0.0619, -0.0731,  0.3152,  0.3625],
        [-0.2771, -0.3463, -0.1292,  0.0145, -0.1595,  0.2887,  0.1873,  0.1712,
          0.4026,  0.1352,  0.2197, -0.2768,  0.0046, -0.0270,  0.0058, -0.0834],
        [ 0.1040,  0.2521,  0.4057, -0.1438,  0.1339, -0.3821, -0.0657, -0.4245,
          0.0453, -0.0829, -0.0914, -0.0493,  0.3979,  0.2906,  0.4327,  0.2639],
        [ 0.2984,  0.0776,  0.1130, -0.0984,  0.0976, -0.2400, -0.1750, -0.1051,
         -0.4166, -0.4078, -0.1060,  0.3760,  0.2875, -0.1416,  0.1428,  0.1620],
        [-0.1189,  0.1044, -0.1938, -0.0010,  0.0409,  0.1289,  0.0659,  0.3396,
          0.1584,  0.2968,  0.2421, -0.1858, -0.0456, -0.2151, -0.0783, -0.1422],
        [-0.0254,  0.1284, -0.3811,  0.4167,  0.1437,  0.0103,  0.2772, -0.0304,
          0.2515,  0.2114, -0.1250, -0.0914, -0.2411,  0.1358,  0.0352, -0.0770],
        [ 0.3961,  0.2067,  0.4348, -0.2054,  0.1239, -0.2555, -0.2108, -0.2471,
         -0.2569, -0.0283, -0.0168,  0.0751, -0.0330,  0.2117, -0.0147,  0.1610],
        [-0.0416,  0.3197,  0.3775, -0.3656, -0.1514, -0.3365, -0.1100, -0.2560,
         -0.1862, -0.2154, -0.0703,  0.0307,  0.2563, -0.0982,  0.1604,  0.3645],
        [ 0.0547,  0.3087,  0.3246, -0.2665,  0.0295, -0.3825, -0.1796, -0.1141,
          0.0428, -0.3119, -0.1110,  0.0774, -0.0874,  0.1224,  0.0049,  0.0924],
        [-0.3073, -0.0964, -0.1193,  0.0041, -0.0484,  0.1932,  0.0656,  0.2494,
          0.2722, -0.0047,  0.2420, -0.0245, -0.2550, -0.0537, -0.1819, -0.1908],
        [-0.3728,  0.0660, -0.0832, -0.0229, -0.1693,  0.4617,  0.2464,  0.1292,
          0.3453,  0.2502,  0.0634, -0.0030, -0.1630,  0.1540, -0.3875, -0.3294],
        [-0.1461, -0.1500, -0.0450,  0.1068,  0.1161,  0.1562,  0.3870,  0.1667,
          0.1725,  0.3447,  0.1528,  0.0414, -0.3987, -0.1840, -0.2550, -0.1983],
        [ 0.3712,  0.2336,  0.2065, -0.2075,  0.0760, -0.0351, -0.1136, -0.3410,
         -0.3455, -0.1246, -0.1227,  0.0510, -0.0273,  0.1755,  0.1664,  0.0372],
        [ 0.2364,  0.3614,  0.3972, -0.0338, -0.1775, -0.0644, -0.0701, -0.0871,
         -0.2224, -0.1720, -0.2153,  0.1287,  0.1263,  0.0561, -0.0413,  0.2501],
        [-0.3986, -0.3102, -0.0936, -0.0241,  0.2070,  0.4512,  0.1210,  0.1276,
         -0.0316,  0.1867,  0.1274, -0.3229, -0.0862, -0.1030, -0.2809, -0.1706],
        [-0.0863, -0.1262,  0.1854,  0.0878, -0.1635, -0.0203, -0.1537, -0.2611,
         -0.1517, -0.0184, -0.0224,  0.4014,  0.0956, -0.0918,  0.4035,  0.0416],
        [ 0.3377,  0.2804,  0.2243, -0.3725, -0.2102, -0.0787, -0.1239, -0.0105,
         -0.3658, -0.1911,  0.1391,  0.2989,  0.3496,  0.2734,  0.1283, -0.0160],
        [-0.3209, -0.0273, -0.2718,  0.1604, -0.0082,  0.3447,  0.3149,  0.2859,
          0.1433,  0.2898, -0.0377, -0.2587, -0.1712, -0.2107,  0.0405, -0.1878],
        [ 0.2560,  0.1339,  0.1802, -0.3169, -0.0173, -0.4204, -0.3100,  0.0151,
         -0.3995, -0.1368, -0.0378, -0.0652,  0.2001,  0.2384,  0.3704,  0.2057],
        [ 0.3931,  0.1424,  0.2952, -0.1098, -0.1785, -0.2716, -0.3746,  0.0215,
         -0.0437, -0.2791, -0.0643,  0.2579, -0.0734,  0.0878,  0.3265,  0.2051],
        [-0.2056,  0.0566, -0.0754, -0.0463,  0.1293,  0.0077,  0.3333,  0.3806,
          0.1892,  0.0822, -0.0512, -0.2921, -0.1942, -0.2076,  0.0460, -0.2625],
        [-0.0805, -0.3439, -0.0592,  0.3894, -0.1498,  0.1405,  0.2502, -0.0653,
          0.0080,  0.2519,  0.2504, -0.2607, -0.1489, -0.3214, -0.4424,  0.0626],
        [ 0.3800,  0.0376,  0.0709, -0.1724,  0.1538, -0.4278, -0.3101, -0.2196,
         -0.2383, -0.1528,  0.1216,  0.2099, -0.1076,  0.2962,  0.3788,  0.2262],
        [ 0.2813,  0.2064,  0.3660, -0.3876, -0.0944, -0.2090, -0.2066, -0.2820,
         -0.3540, -0.3280, -0.1010,  0.3486,  0.2607,  0.1337,  0.0088,  0.0427],
        [ 0.2293, -0.1212,  0.1932, -0.1457,  0.2000, -0.2937,  0.0250, -0.1873,
         -0.3658,  0.0540,  0.1649,  0.0157,  0.0430,  0.2204,  0.0697,  0.3320],
        [ 0.0747,  0.0309,  0.1240,  0.0530, -0.0673, -0.2669, -0.0550, -0.3559,
         -0.1822, -0.3684, -0.3043,  0.1370,  0.1902,  0.3234, -0.0250,  0.0903],
        [ 0.2378,  0.2112,  0.3198, -0.3604, -0.0109, -0.1314, -0.3760, -0.0108,
         -0.3685,  0.0066,  0.0061,  0.0836,  0.2038,  0.2816,  0.3651,  0.3045],
        [-0.3382, -0.0498, -0.0045,  0.2217,  0.1986,  0.0566,  0.3804,  0.1723,
         -0.0549,  0.1017,  0.2219, -0.2793, -0.2076, -0.1752, -0.3420, -0.1132],
        [ 0.3267,  0.1522,  0.1618, -0.1463, -0.1861, -0.3265, -0.1652, -0.3501,
         -0.0190, -0.1139,  0.0030,  0.1509,  0.3163,  0.2948,  0.3002,  0.2764],
        [-0.2902, -0.0064, -0.3387,  0.2650, -0.2327,  0.1844,  0.3543,  0.3011,
          0.3485,  0.2325,  0.1852, -0.0853,  0.0486,  0.0636, -0.1042, -0.2350],
        [-0.3052, -0.1847, -0.0667,  0.0354,  0.0594,  0.4215,  0.3993, -0.0211,
          0.2212,  0.3239, -0.1943, -0.0195, -0.2894, -0.2513, -0.2997, -0.2544],
        [ 0.0894,  0.2128,  0.2898, -0.0935,  0.1722, -0.3666, -0.4372, -0.3884,
         -0.3084, -0.2967,  0.0329,  0.0098, -0.0102,  0.2457,  0.0490,  0.2118]],
       device='cuda:0', requires_grad=True)

Parameter name: road_linear_0.bias
Shape: torch.Size([32])
Values: Parameter containing:
tensor([-0.0826, -0.0697,  0.1943, -0.0204, -0.0789, -0.0277,  0.0824,  0.0713,
        -0.0199, -0.0612, -0.0411,  0.0504,  0.1368,  0.1093, -0.0249, -0.0525,
        -0.1343,  0.0152,  0.1286,  0.0283,  0.0055, -0.1833, -0.0023, -0.0389,
        -0.0363,  0.2233,  0.1347,  0.0164, -0.0416, -0.1571,  0.0053,  0.0400],
       device='cuda:0', requires_grad=True)

Parameter name: road_linear_1.weight
Shape: torch.Size([1, 32])
Values: Parameter containing:
tensor([[-0.1924,  0.2835, -0.2085, -0.2406,  0.2552,  0.3076, -0.2607, -0.3639,
         -0.2854,  0.2997,  0.2456,  0.3547, -0.2172, -0.3615,  0.2828, -0.1272,
         -0.2806,  0.3220, -0.2127, -0.2274,  0.3282,  0.3369, -0.3583, -0.3659,
         -0.2526, -0.2842, -0.3042,  0.3215, -0.3474,  0.3705,  0.2817, -0.2214]],
       device='cuda:0', requires_grad=True)

Parameter name: linear_0.weight
Shape: torch.Size([32, 39])
Values: Parameter containing:
tensor([[-0.0137, -0.0068,  0.0264,  ...,  0.2078, -0.3416, -0.1137],
        [-0.0850, -0.1940,  0.0839,  ...,  0.1439, -0.3217,  0.0871],
        [-0.0510,  0.1618,  0.0898,  ...,  0.0130,  0.2257,  0.0345],
        ...,
        [ 0.0392, -0.1596,  0.0135,  ...,  0.0657, -0.2681, -0.1180],
        [ 0.0386, -0.0654,  0.0039,  ..., -0.3001,  0.1202,  0.1557],
        [-0.0824,  0.1650,  0.0116,  ..., -0.1711,  0.0496, -0.0509]],
       device='cuda:0', requires_grad=True)

Parameter name: linear_0.bias
Shape: torch.Size([32])
Values: Parameter containing:
tensor([ 0.0510,  0.0538, -0.0922, -0.1201, -0.0580,  0.0456, -0.1285,  0.0621,
        -0.0466,  0.0920,  0.0323,  0.0087,  0.0094,  0.0629, -0.0786, -0.0207,
         0.0469, -0.1424, -0.0320, -0.0154, -0.1102,  0.0467,  0.0822, -0.0063,
        -0.0849,  0.0665,  0.0242, -0.0964,  0.0638,  0.1472,  0.1385, -0.0658],
       device='cuda:0', requires_grad=True)

Parameter name: linear_1.weight
Shape: torch.Size([32, 32])
Values: Parameter containing:
tensor([[ 0.0419, -0.1941, -0.0827,  ..., -0.1368, -0.0188,  0.2600],
        [-0.2321, -0.0436,  0.1038,  ..., -0.0679, -0.0044,  0.2695],
        [ 0.1615, -0.0217, -0.1741,  ...,  0.0801, -0.0210, -0.0663],
        ...,
        [ 0.1484,  0.1097,  0.0838,  ...,  0.2599, -0.2187,  0.0574],
        [-0.0489, -0.1710,  0.0739,  ...,  0.0059,  0.2462,  0.0833],
        [-0.0150, -0.1204,  0.2098,  ...,  0.0538,  0.1369,  0.1297]],
       device='cuda:0', requires_grad=True)

Parameter name: linear_1.bias
Shape: torch.Size([32])
Values: Parameter containing:
tensor([ 8.5600e-02,  1.2115e-01, -3.4380e-02, -5.4013e-02, -3.0957e-02,
        -3.4819e-02, -3.2051e-02, -6.2279e-02,  1.0957e-01, -1.7367e-01,
         1.2226e-01, -1.3282e-01,  1.6475e-01, -1.7943e-02, -1.4279e-01,
         1.0415e-01, -1.2646e-01, -1.5310e-01,  1.3063e-02, -2.9310e-02,
         9.0542e-03,  1.0923e-01, -1.8756e-01,  2.0133e-01, -7.0683e-02,
        -2.9187e-02,  8.8144e-02, -3.8791e-02, -1.1173e-01, -5.9273e-02,
         1.0935e-01,  3.9511e-05], device='cuda:0', requires_grad=True)

Parameter name: linear_2.weight
Shape: torch.Size([1, 32])
Values: Parameter containing:
tensor([[ 0.4840,  0.4080, -0.4851, -0.4897,  0.3340,  0.3417, -0.3904,  0.3983,
          0.3997, -0.4209, -0.4118,  0.3733,  0.3953, -0.3357,  0.4161,  0.3635,
         -0.4941, -0.4856,  0.3627,  0.3794, -0.4465, -0.4196, -0.4833,  0.3193,
          0.4580,  0.4854, -0.4586,  0.5262, -0.3942, -0.4764,  0.4599,  0.4765]],
       device='cuda:0', requires_grad=True)

Parameter name: linear_2.bias
Shape: torch.Size([1])
Values: Parameter containing:
tensor([0.2086], device='cuda:0', requires_grad=True)

Parameter name: road_linear_0.weight
Shape: torch.Size([32, 16])
Values: Parameter containing:
tensor([[ 0.0167,  0.3598,  0.3269, -0.3503, -0.0331, -0.1861, -0.0691, -0.4006,
         -0.1851, -0.0861,  0.0335,  0.1863,  0.0619, -0.0731,  0.3152,  0.3625],
        [-0.2771, -0.3463, -0.1292,  0.0145, -0.1595,  0.2887,  0.1873,  0.1712,
          0.4026,  0.1352,  0.2197, -0.2768,  0.0046, -0.0270,  0.0058, -0.0834],
        [ 0.1040,  0.2521,  0.4057, -0.1438,  0.1339, -0.3821, -0.0657, -0.4245,
          0.0453, -0.0829, -0.0914, -0.0493,  0.3979,  0.2906,  0.4327,  0.2639],
        [ 0.2984,  0.0776,  0.1130, -0.0984,  0.0976, -0.2400, -0.1750, -0.1051,
         -0.4166, -0.4078, -0.1060,  0.3760,  0.2875, -0.1416,  0.1428,  0.1620],
        [-0.1189,  0.1044, -0.1938, -0.0010,  0.0409,  0.1289,  0.0659,  0.3396,
          0.1584,  0.2968,  0.2421, -0.1858, -0.0456, -0.2151, -0.0783, -0.1422],
        [-0.0254,  0.1284, -0.3811,  0.4167,  0.1437,  0.0103,  0.2772, -0.0304,
          0.2515,  0.2114, -0.1250, -0.0914, -0.2411,  0.1358,  0.0352, -0.0770],
        [ 0.3961,  0.2067,  0.4348, -0.2054,  0.1239, -0.2555, -0.2108, -0.2471,
         -0.2569, -0.0283, -0.0168,  0.0751, -0.0330,  0.2117, -0.0147,  0.1610],
        [-0.0416,  0.3197,  0.3775, -0.3656, -0.1514, -0.3365, -0.1100, -0.2560,
         -0.1862, -0.2154, -0.0703,  0.0307,  0.2563, -0.0982,  0.1604,  0.3645],
        [ 0.0547,  0.3087,  0.3246, -0.2665,  0.0295, -0.3825, -0.1796, -0.1141,
          0.0428, -0.3119, -0.1110,  0.0774, -0.0874,  0.1224,  0.0049,  0.0924],
        [-0.3073, -0.0964, -0.1193,  0.0041, -0.0484,  0.1932,  0.0656,  0.2494,
          0.2722, -0.0047,  0.2420, -0.0245, -0.2550, -0.0537, -0.1819, -0.1908],
        [-0.3728,  0.0660, -0.0832, -0.0229, -0.1693,  0.4617,  0.2464,  0.1292,
          0.3453,  0.2502,  0.0634, -0.0030, -0.1630,  0.1540, -0.3875, -0.3294],
        [-0.1461, -0.1500, -0.0450,  0.1068,  0.1161,  0.1562,  0.3870,  0.1667,
          0.1725,  0.3447,  0.1528,  0.0414, -0.3987, -0.1840, -0.2550, -0.1983],
        [ 0.3712,  0.2336,  0.2065, -0.2075,  0.0760, -0.0351, -0.1136, -0.3410,
         -0.3455, -0.1246, -0.1227,  0.0510, -0.0273,  0.1755,  0.1664,  0.0372],
        [ 0.2364,  0.3614,  0.3972, -0.0338, -0.1775, -0.0644, -0.0701, -0.0871,
         -0.2224, -0.1720, -0.2153,  0.1287,  0.1263,  0.0561, -0.0413,  0.2501],
        [-0.3986, -0.3102, -0.0936, -0.0241,  0.2070,  0.4512,  0.1210,  0.1276,
         -0.0316,  0.1867,  0.1274, -0.3229, -0.0862, -0.1030, -0.2809, -0.1706],
        [-0.0863, -0.1262,  0.1854,  0.0878, -0.1635, -0.0203, -0.1537, -0.2611,
         -0.1517, -0.0184, -0.0224,  0.4014,  0.0956, -0.0918,  0.4035,  0.0416],
        [ 0.3377,  0.2804,  0.2243, -0.3725, -0.2102, -0.0787, -0.1239, -0.0105,
         -0.3658, -0.1911,  0.1391,  0.2989,  0.3496,  0.2734,  0.1283, -0.0160],
        [-0.3209, -0.0273, -0.2718,  0.1604, -0.0082,  0.3447,  0.3149,  0.2859,
          0.1433,  0.2898, -0.0377, -0.2587, -0.1712, -0.2107,  0.0405, -0.1878],
        [ 0.2560,  0.1339,  0.1802, -0.3169, -0.0173, -0.4204, -0.3100,  0.0151,
         -0.3995, -0.1368, -0.0378, -0.0652,  0.2001,  0.2384,  0.3704,  0.2057],
        [ 0.3931,  0.1424,  0.2952, -0.1098, -0.1785, -0.2716, -0.3746,  0.0215,
         -0.0437, -0.2791, -0.0643,  0.2579, -0.0734,  0.0878,  0.3265,  0.2051],
        [-0.2056,  0.0566, -0.0754, -0.0463,  0.1293,  0.0077,  0.3333,  0.3806,
          0.1892,  0.0822, -0.0512, -0.2921, -0.1942, -0.2076,  0.0460, -0.2625],
        [-0.0805, -0.3439, -0.0592,  0.3894, -0.1498,  0.1405,  0.2502, -0.0653,
          0.0080,  0.2519,  0.2504, -0.2607, -0.1489, -0.3214, -0.4424,  0.0626],
        [ 0.3800,  0.0376,  0.0709, -0.1724,  0.1538, -0.4278, -0.3101, -0.2196,
         -0.2383, -0.1528,  0.1216,  0.2099, -0.1076,  0.2962,  0.3788,  0.2262],
        [ 0.2813,  0.2064,  0.3660, -0.3876, -0.0944, -0.2090, -0.2066, -0.2820,
         -0.3540, -0.3280, -0.1010,  0.3486,  0.2607,  0.1337,  0.0088,  0.0427],
        [ 0.2293, -0.1212,  0.1932, -0.1457,  0.2000, -0.2937,  0.0250, -0.1873,
         -0.3658,  0.0540,  0.1649,  0.0157,  0.0430,  0.2204,  0.0697,  0.3320],
        [ 0.0747,  0.0309,  0.1240,  0.0530, -0.0673, -0.2669, -0.0550, -0.3559,
         -0.1822, -0.3684, -0.3043,  0.1370,  0.1902,  0.3234, -0.0250,  0.0903],
        [ 0.2378,  0.2112,  0.3198, -0.3604, -0.0109, -0.1314, -0.3760, -0.0108,
         -0.3685,  0.0066,  0.0061,  0.0836,  0.2038,  0.2816,  0.3651,  0.3045],
        [-0.3382, -0.0498, -0.0045,  0.2217,  0.1986,  0.0566,  0.3804,  0.1723,
         -0.0549,  0.1017,  0.2219, -0.2793, -0.2076, -0.1752, -0.3420, -0.1132],
        [ 0.3267,  0.1522,  0.1618, -0.1463, -0.1861, -0.3265, -0.1652, -0.3501,
         -0.0190, -0.1139,  0.0030,  0.1509,  0.3163,  0.2948,  0.3002,  0.2764],
        [-0.2902, -0.0064, -0.3387,  0.2650, -0.2327,  0.1844,  0.3543,  0.3011,
          0.3485,  0.2325,  0.1852, -0.0853,  0.0486,  0.0636, -0.1042, -0.2350],
        [-0.3052, -0.1847, -0.0667,  0.0354,  0.0594,  0.4215,  0.3993, -0.0211,
          0.2212,  0.3239, -0.1943, -0.0195, -0.2894, -0.2513, -0.2997, -0.2544],
        [ 0.0894,  0.2128,  0.2898, -0.0935,  0.1722, -0.3666, -0.4372, -0.3884,
         -0.3084, -0.2967,  0.0329,  0.0098, -0.0102,  0.2457,  0.0490,  0.2118]],
       device='cuda:0', requires_grad=True)

Parameter name: road_linear_0.bias
Shape: torch.Size([32])
Values: Parameter containing:
tensor([-0.0826, -0.0697,  0.1943, -0.0204, -0.0789, -0.0277,  0.0824,  0.0713,
        -0.0199, -0.0612, -0.0411,  0.0504,  0.1368,  0.1093, -0.0249, -0.0525,
        -0.1343,  0.0152,  0.1286,  0.0283,  0.0055, -0.1833, -0.0023, -0.0389,
        -0.0363,  0.2233,  0.1347,  0.0164, -0.0416, -0.1571,  0.0053,  0.0400],
       device='cuda:0', requires_grad=True)

Parameter name: road_linear_1.weight
Shape: torch.Size([1, 32])
Values: Parameter containing:
tensor([[-0.1924,  0.2835, -0.2085, -0.2406,  0.2552,  0.3076, -0.2607, -0.3639,
         -0.2854,  0.2997,  0.2456,  0.3547, -0.2172, -0.3615,  0.2828, -0.1272,
         -0.2806,  0.3220, -0.2127, -0.2274,  0.3282,  0.3369, -0.3583, -0.3659,
         -0.2526, -0.2842, -0.3042,  0.3215, -0.3474,  0.3705,  0.2817, -0.2214]],
       device='cuda:0', requires_grad=True)

Parameter name: linear_0.weight
Shape: torch.Size([32, 39])
Values: Parameter containing:
tensor([[-0.0137, -0.0068,  0.0264,  ...,  0.2078, -0.3416, -0.1137],
        [-0.0850, -0.1940,  0.0839,  ...,  0.1439, -0.3217,  0.0871],
        [-0.0510,  0.1618,  0.0898,  ...,  0.0130,  0.2257,  0.0345],
        ...,
        [ 0.0392, -0.1596,  0.0135,  ...,  0.0657, -0.2681, -0.1180],
        [ 0.0386, -0.0654,  0.0039,  ..., -0.3001,  0.1202,  0.1557],
        [-0.0824,  0.1650,  0.0116,  ..., -0.1711,  0.0496, -0.0509]],
       device='cuda:0', requires_grad=True)

Parameter name: linear_0.bias
Shape: torch.Size([32])
Values: Parameter containing:
tensor([ 0.0510,  0.0538, -0.0922, -0.1201, -0.0580,  0.0456, -0.1285,  0.0621,
        -0.0466,  0.0920,  0.0323,  0.0087,  0.0094,  0.0629, -0.0786, -0.0207,
         0.0469, -0.1424, -0.0320, -0.0154, -0.1102,  0.0467,  0.0822, -0.0063,
        -0.0849,  0.0665,  0.0242, -0.0964,  0.0638,  0.1472,  0.1385, -0.0658],
       device='cuda:0', requires_grad=True)

Parameter name: linear_1.weight
Shape: torch.Size([32, 32])
Values: Parameter containing:
tensor([[ 0.0419, -0.1941, -0.0827,  ..., -0.1368, -0.0188,  0.2600],
        [-0.2321, -0.0436,  0.1038,  ..., -0.0679, -0.0044,  0.2695],
        [ 0.1615, -0.0217, -0.1741,  ...,  0.0801, -0.0210, -0.0663],
        ...,
        [ 0.1484,  0.1097,  0.0838,  ...,  0.2599, -0.2187,  0.0574],
        [-0.0489, -0.1710,  0.0739,  ...,  0.0059,  0.2462,  0.0833],
        [-0.0150, -0.1204,  0.2098,  ...,  0.0538,  0.1369,  0.1297]],
       device='cuda:0', requires_grad=True)

Parameter name: linear_1.bias
Shape: torch.Size([32])
Values: Parameter containing:
tensor([ 8.5600e-02,  1.2115e-01, -3.4380e-02, -5.4013e-02, -3.0957e-02,
        -3.4819e-02, -3.2051e-02, -6.2279e-02,  1.0957e-01, -1.7367e-01,
         1.2226e-01, -1.3282e-01,  1.6475e-01, -1.7943e-02, -1.4279e-01,
         1.0415e-01, -1.2646e-01, -1.5310e-01,  1.3063e-02, -2.9310e-02,
         9.0542e-03,  1.0923e-01, -1.8756e-01,  2.0133e-01, -7.0683e-02,
        -2.9187e-02,  8.8144e-02, -3.8791e-02, -1.1173e-01, -5.9273e-02,
         1.0935e-01,  3.9524e-05], device='cuda:0', requires_grad=True)

Parameter name: linear_2.weight
Shape: torch.Size([1, 32])
Values: Parameter containing:
tensor([[ 0.4840,  0.4080, -0.4851, -0.4897,  0.3340,  0.3417, -0.3904,  0.3983,
          0.3997, -0.4209, -0.4118,  0.3733,  0.3953, -0.3357,  0.4161,  0.3635,
         -0.4941, -0.4856,  0.3627,  0.3794, -0.4465, -0.4196, -0.4833,  0.3193,
          0.4580,  0.4854, -0.4586,  0.5262, -0.3942, -0.4764,  0.4599,  0.4765]],
       device='cuda:0', requires_grad=True)

Parameter name: linear_2.bias
Shape: torch.Size([1])
Values: Parameter containing:
tensor([0.2086], device='cuda:0', requires_grad=True)

Parameter name: road_linear_0.weight
Shape: torch.Size([32, 16])
Values: Parameter containing:
tensor([[ 8.9106e-03,  3.7221e-01,  3.2236e-01, -3.2642e-01, -2.8546e-01,
         -1.9275e-01, -7.8474e-02, -4.5434e-01, -2.3728e-01, -8.6708e-02,
         -2.9003e-02,  2.3683e-01,  9.0905e-02, -2.8434e-02,  1.9007e-02,
          3.7524e-01],
        [-2.6101e-01, -3.4730e-01, -1.1582e-01, -2.9930e-03,  3.4998e-02,
          2.7837e-01,  1.8739e-01,  2.1083e-01,  4.4122e-01,  1.5208e-01,
          2.8818e-01, -3.0198e-01, -7.5675e-03, -8.0410e-02,  2.6893e-01,
         -8.6603e-02],
        [ 9.1194e-02,  2.5925e-01,  3.9485e-01, -1.1967e-01, -1.4447e-01,
         -3.7437e-01, -7.0767e-02, -4.7626e-01, -1.8061e-02, -8.6140e-02,
         -1.4164e-01, -1.5378e-02,  4.2199e-01,  3.6950e-01,  1.2779e-01,
          2.7080e-01],
        [ 2.8707e-01,  8.3296e-02,  1.0403e-01, -8.2297e-02, -1.2065e-01,
         -2.3372e-01, -1.8215e-01, -1.5773e-01, -4.7815e-01, -4.2838e-01,
         -1.2437e-01,  4.1631e-01,  2.9739e-01, -7.0933e-02, -1.3704e-01,
          1.6796e-01],
        [-1.0442e-01,  7.4412e-02, -1.8455e-01, -2.0799e-02,  2.2673e-01,
          1.1777e-01,  6.5808e-02,  3.7708e-01,  1.9315e-01,  3.1693e-01,
          3.2365e-01, -2.0454e-01, -6.0503e-02, -2.8141e-01,  2.0391e-01,
         -1.6403e-01],
        [-1.7492e-02,  1.1490e-01, -3.7551e-01,  4.0930e-01,  4.0036e-01,
          7.6331e-03,  2.8574e-01,  2.3870e-02,  3.0238e-01,  2.3451e-01,
         -9.1859e-02, -1.3050e-01, -2.5917e-01,  8.8928e-02,  3.1543e-01,
         -8.6371e-02],
        [ 3.8560e-01,  1.2697e-01,  4.2590e-01, -1.9469e-01, -1.1186e-01,
         -2.4677e-01, -2.0743e-01, -2.9500e-01, -3.0788e-01, -4.9884e-02,
         -5.9017e-02,  1.0858e-01, -4.3755e-02,  2.7220e-01, -1.9876e-01,
          1.6660e-01],
        [-5.0128e-02,  2.7595e-01,  3.7028e-01, -3.6087e-01, -3.7672e-01,
         -3.2603e-01, -1.0788e-01, -3.0906e-01, -2.4010e-01, -2.3589e-01,
         -1.0472e-01,  6.7343e-02,  2.6397e-01, -4.6150e-02, -4.7367e-03,
          3.6635e-01],
        [ 4.6507e-02,  3.1446e-01,  3.1858e-01, -2.5098e-01, -1.1121e-01,
         -3.8141e-01, -1.9148e-01, -1.5829e-01, -2.9932e-03, -3.3602e-01,
         -2.6049e-01,  1.0099e-01, -5.1008e-02,  2.0668e-01, -2.5408e-01,
          1.0340e-01],
        [-2.9966e-01, -1.1689e-01, -1.1524e-01, -6.5161e-03,  1.4016e-01,
          1.9204e-01,  7.6574e-02,  2.9797e-01,  3.2113e-01,  2.2833e-02,
          3.3246e-01, -5.2804e-02, -2.8442e-01, -1.2794e-01,  1.0177e-01,
         -2.0905e-01],
        [-3.7220e-01,  3.6829e-02, -8.5160e-02, -2.3825e-02,  2.9855e-02,
          4.6694e-01,  2.6239e-01,  1.8713e-01,  4.0981e-01,  2.8335e-01,
          1.3660e-01, -4.7931e-02, -1.7363e-01,  6.4075e-02, -6.5894e-02,
         -3.4810e-01],
        [-1.4000e-01, -1.7020e-01, -4.3847e-02,  9.9085e-02,  2.3445e-01,
          1.5794e-01,  3.9876e-01,  2.1363e-01,  2.1657e-01,  3.7661e-01,
          2.5431e-01,  1.4925e-02, -3.9248e-01, -2.8977e-01, -1.7253e-03,
         -2.1889e-01],
        [ 3.5232e-01,  2.6253e-01,  1.9141e-01, -1.8508e-01, -2.0865e-01,
         -2.7638e-02, -1.2261e-01, -4.0981e-01, -3.9164e-01, -1.4251e-01,
         -1.6454e-01,  9.7167e-02, -2.5716e-02,  2.2603e-01, -1.8323e-01,
          5.1103e-02],
        [ 2.2120e-01,  3.4298e-01,  3.8443e-01, -2.0209e-02, -3.6267e-01,
         -5.3509e-02, -6.6198e-02, -1.2356e-01, -2.6024e-01, -1.8869e-01,
         -2.7571e-01,  1.5002e-01,  1.3664e-01,  1.0690e-01, -2.6017e-01,
          2.5046e-01],
        [-3.8853e-01, -3.0733e-01, -8.5228e-02, -3.4378e-02,  4.2435e-01,
          4.4318e-01,  1.2426e-01,  1.7439e-01,  1.9024e-02,  2.0718e-01,
          1.8915e-01, -3.5481e-01, -1.0303e-01, -1.6328e-01, -3.7931e-02,
         -1.7581e-01],
        [-5.8521e-02, -5.4348e-02,  2.1950e-01,  7.2526e-02, -4.0782e-01,
         -7.4450e-02, -2.2296e-01, -3.8920e-01, -2.7374e-01, -9.2214e-02,
         -1.2671e-01,  4.7259e-01,  1.8996e-01,  2.7923e-02,  1.4695e-01,
          8.9855e-02],
        [ 3.2952e-01,  2.7851e-01,  2.1867e-01, -3.6376e-01, -4.2125e-01,
         -7.5137e-02, -1.3153e-01, -6.1232e-02, -4.1864e-01, -2.1524e-01,
          9.5356e-02,  3.3750e-01,  3.7756e-01,  3.3519e-01, -7.8255e-02,
         -1.1165e-02],
        [-3.0907e-01, -1.7156e-02, -2.6258e-01,  1.5174e-01,  1.8148e-01,
          3.3030e-01,  3.1148e-01,  3.2238e-01,  1.8746e-01,  3.0890e-01,
          4.2898e-03, -2.8373e-01, -1.7616e-01, -2.7325e-01,  2.1991e-01,
         -1.9033e-01],
        [ 2.2993e-01,  1.2882e-01,  1.5512e-01, -2.7852e-01, -2.8937e-01,
         -4.0352e-01, -3.0787e-01, -3.4765e-02, -4.6415e-01, -1.2493e-01,
         -1.1269e-01, -3.5234e-02,  2.4558e-01,  3.2098e-01,  8.0391e-02,
          1.9532e-01],
        [ 3.8883e-01,  1.4649e-01,  2.9196e-01, -1.0065e-01, -3.8025e-01,
         -2.7048e-01, -3.8712e-01, -3.4995e-02, -1.0487e-01, -3.0542e-01,
         -1.5413e-01,  2.9886e-01, -4.2441e-02,  1.6560e-01,  8.1169e-02,
          2.1530e-01],
        [-1.9159e-01,  4.4627e-02, -6.3855e-02, -6.0459e-02,  3.2511e-01,
         -7.2212e-03,  3.2917e-01,  4.0949e-01,  2.1896e-01,  9.5325e-02,
         -6.5942e-03, -3.0999e-01, -2.0662e-01, -2.4804e-01,  3.0315e-01,
         -2.6809e-01],
        [-8.0319e-02, -3.4386e-01, -6.0437e-02,  3.8534e-01,  3.2142e-02,
          1.4740e-01,  2.7545e-01, -4.4606e-03,  6.8528e-02,  2.8562e-01,
          3.8129e-01, -2.9849e-01, -2.0401e-01, -4.0642e-01, -1.6935e-01,
          4.7506e-02],
        [ 3.7855e-01,  4.1215e-02,  7.0981e-02, -1.7311e-01, -4.7454e-02,
         -4.2830e-01, -3.2253e-01, -2.7576e-01, -2.9860e-01, -1.8220e-01,
          6.3132e-02,  2.5065e-01, -7.5851e-02,  3.6864e-01,  1.7946e-01,
          2.3600e-01],
        [ 2.7069e-01,  2.1018e-01,  3.5800e-01, -3.8219e-01, -2.7463e-01,
         -1.9445e-01, -2.0578e-01, -3.2688e-01, -4.0080e-01, -3.4714e-01,
         -1.0215e-01,  3.7917e-01,  2.6280e-01,  1.8956e-01, -1.5792e-01,
          4.1418e-02],
        [ 2.2072e-01, -1.0002e-01,  1.8812e-01, -1.2973e-01,  1.8053e-03,
         -2.9333e-01,  1.5768e-02, -2.3183e-01, -4.1406e-01,  2.7637e-02,
          7.2561e-02,  4.6601e-02,  7.0776e-02,  2.9126e-01, -2.3103e-01,
          3.5230e-01],
        [ 5.3812e-02,  4.0577e-02,  1.0564e-01,  7.2485e-02, -2.7206e-01,
         -2.4283e-01, -4.1312e-02, -3.7702e-01, -2.0420e-01, -3.7721e-01,
         -3.6037e-01,  1.4646e-01,  1.8951e-01,  3.6423e-01, -2.9491e-01,
          9.4487e-02],
        [ 2.3500e-01,  2.0545e-01,  3.1852e-01, -3.5928e-01, -2.2454e-01,
         -1.3029e-01, -3.8605e-01, -7.0564e-02, -4.3054e-01, -2.1190e-02,
         -4.4537e-02,  1.2745e-01,  2.3378e-01,  3.4916e-01,  1.7411e-01,
          3.1181e-01],
        [-3.3225e-01, -6.4811e-02, -2.5699e-03,  2.1524e-01,  3.6828e-01,
          5.8418e-02,  3.9265e-01,  2.2841e-01, -2.4938e-03,  1.3226e-01,
          2.9839e-01, -3.1579e-01, -2.3063e-01, -2.5615e-01, -8.0837e-02,
         -1.3005e-01],
        [ 3.1862e-01,  1.7338e-01,  1.5705e-01, -1.4261e-01, -3.5545e-01,
         -3.2187e-01, -1.7308e-01, -3.9578e-01, -6.7407e-02, -1.3783e-01,
         -8.6972e-03,  1.8487e-01,  3.0555e-01,  3.6643e-01,  6.3636e-02,
          2.8303e-01],
        [-2.8468e-01,  1.3398e-02, -3.3470e-01,  2.6291e-01, -3.2478e-02,
          1.7646e-01,  3.5731e-01,  3.4959e-01,  4.0132e-01,  2.5688e-01,
          2.4040e-01, -1.1866e-01,  3.3150e-02, -9.4261e-04,  7.0573e-02,
         -2.4201e-01],
        [-3.0117e-01, -1.9551e-01, -6.4821e-02,  3.0258e-02,  2.5379e-01,
          4.2178e-01,  4.1066e-01,  3.0430e-02,  2.7858e-01,  3.5173e-01,
         -1.2373e-01, -5.7441e-02, -3.1919e-01, -3.2903e-01, -6.7394e-02,
         -2.6454e-01],
        [ 7.1123e-02,  1.8918e-01,  2.7334e-01, -5.9986e-02, -5.0137e-02,
         -3.5351e-01, -4.3311e-01, -4.3127e-01, -3.6340e-01, -2.9537e-01,
         -3.9626e-02,  3.5437e-02,  1.4415e-04,  3.2285e-01, -1.8683e-01,
          2.1085e-01]], device='cuda:0', requires_grad=True)

Parameter name: road_linear_0.bias
Shape: torch.Size([32])
Values: Parameter containing:
tensor([-0.0634, -0.0040,  0.0994, -0.0409, -0.0492, -0.0833,  0.0661,  0.0767,
        -0.0289, -0.0478,  0.0028,  0.0681,  0.1387,  0.0713,  0.0265, -0.0484,
        -0.0571, -0.0007,  0.0816, -0.0026, -0.0391, -0.1275, -0.0374, -0.0006,
        -0.0202,  0.1564,  0.1107,  0.0299, -0.0711, -0.1340,  0.0392, -0.0510],
       device='cuda:0', requires_grad=True)

Parameter name: road_linear_1.weight
Shape: torch.Size([1, 32])
Values: Parameter containing:
tensor([[-0.2220,  0.3137, -0.2206, -0.2540,  0.3106,  0.3493, -0.2771, -0.3791,
         -0.3101,  0.3339,  0.2555,  0.3659, -0.2517, -0.3926,  0.2966, -0.2549,
         -0.3146,  0.3271, -0.2208, -0.2449,  0.3883,  0.3057, -0.3661, -0.3749,
         -0.3178, -0.3290, -0.3091,  0.3410, -0.3537,  0.3785,  0.2838, -0.2312]],
       device='cuda:0', requires_grad=True)

Parameter name: linear_0.weight
Shape: torch.Size([32, 39])
Values: Parameter containing:
tensor([[-0.0082, -0.0025,  0.0408,  ...,  0.2359, -0.3631, -0.1137],
        [-0.0806, -0.1854,  0.0845,  ...,  0.1476, -0.3429,  0.0871],
        [-0.0463,  0.1692,  0.0764,  ..., -0.0050,  0.2604,  0.0345],
        ...,
        [ 0.0316, -0.1840,  0.0393,  ...,  0.0658, -0.2856, -0.1180],
        [ 0.0454, -0.0557, -0.0165,  ..., -0.3040,  0.1485,  0.1557],
        [-0.1982,  0.0570, -0.0016,  ...,  0.0418, -0.2289, -0.0509]],
       device='cuda:0', requires_grad=True)

Parameter name: linear_0.bias
Shape: torch.Size([32])
Values: Parameter containing:
tensor([ 0.0570,  0.0579, -0.0886, -0.1183, -0.0569,  0.0524, -0.1282,  0.0615,
        -0.0491,  0.0820,  0.0316,  0.0087,  0.0253,  0.0730, -0.0786, -0.0168,
         0.0506, -0.1494, -0.0279, -0.0236, -0.0750,  0.0439,  0.0884, -0.0077,
        -0.0868,  0.0864,  0.0331, -0.0873,  0.0489,  0.1388,  0.1474, -0.1043],
       device='cuda:0', requires_grad=True)

Parameter name: linear_1.weight
Shape: torch.Size([32, 32])
Values: Parameter containing:
tensor([[ 0.0125, -0.1870, -0.0789,  ..., -0.1190, -0.0283,  0.0681],
        [-0.2721, -0.0405,  0.1167,  ..., -0.0511, -0.0078,  0.0561],
        [ 0.1880, -0.0339, -0.1760,  ...,  0.0557, -0.0068,  0.1683],
        ...,
        [ 0.1724,  0.0936,  0.0879,  ...,  0.2312, -0.2004,  0.2449],
        [-0.0823, -0.1584,  0.0760,  ...,  0.0317,  0.2335, -0.1657],
        [-0.0552, -0.1224,  0.2176,  ...,  0.0681,  0.1345, -0.0351]],
       device='cuda:0', requires_grad=True)

Parameter name: linear_1.bias
Shape: torch.Size([32])
Values: Parameter containing:
tensor([ 0.0823,  0.1200, -0.0210, -0.0577, -0.0356, -0.0627, -0.0243, -0.0606,
         0.0928, -0.1326,  0.1353, -0.1271,  0.1493,  0.0560, -0.1352,  0.0852,
        -0.1162, -0.1436,  0.0016, -0.0148,  0.0087,  0.1109, -0.1815,  0.1708,
        -0.0650, -0.0319,  0.0918, -0.0432, -0.1074, -0.0520,  0.0923,  0.0021],
       device='cuda:0', requires_grad=True)

Parameter name: linear_2.weight
Shape: torch.Size([1, 32])
Values: Parameter containing:
tensor([[ 0.4709,  0.3922, -0.4691, -0.4729,  0.3366,  0.3277, -0.3841,  0.3785,
          0.4045, -0.4069, -0.3693,  0.3650,  0.3634,  0.3732,  0.4020,  0.3535,
         -0.4715, -0.4767,  0.3417,  0.3667, -0.4257, -0.4043, -0.4696,  0.3313,
          0.4539,  0.4797, -0.4544,  0.5031, -0.3825, -0.4687,  0.4478,  0.4712]],
       device='cuda:0', requires_grad=True)

Parameter name: linear_2.bias
Shape: torch.Size([1])
Values: Parameter containing:
tensor([0.1929], device='cuda:0', requires_grad=True)

Parameter name: road_linear_0.weight
Shape: torch.Size([32, 16])
Values: Parameter containing:
tensor([[ 1.8633e-02,  1.3019e-01,  3.1851e-01, -3.5348e-01, -2.6336e-01,
         -1.6705e-01, -6.7750e-02, -4.2926e-01, -1.9042e-01, -8.2254e-02,
          1.7508e-01,  2.1050e-01,  7.0621e-02, -2.4430e-02, -1.3679e-01,
          3.9232e-01],
        [-2.6622e-01, -1.2324e-01, -1.1224e-01,  2.7822e-02,  2.9091e-02,
          2.5741e-01,  1.7216e-01,  1.9253e-01,  4.2783e-01,  1.5380e-01,
          6.6312e-02, -2.8196e-01, -1.5683e-02, -7.8598e-02,  4.3067e-01,
         -9.7124e-02],
        [ 9.3534e-02,  5.8926e-02,  3.8542e-01, -1.4077e-01, -1.1505e-01,
         -3.4972e-01, -4.3315e-02, -4.4002e-01,  2.1914e-02, -7.7512e-02,
         -8.9342e-02, -4.2313e-02,  4.0588e-01,  3.4263e-01, -1.0723e-02,
          2.7482e-01],
        [ 2.7924e-01, -1.7087e-02,  8.6586e-02, -1.0154e-01, -9.5680e-02,
         -1.9644e-01, -1.4869e-01, -1.1711e-01, -4.3503e-01, -4.1457e-01,
          3.1772e-02,  3.7434e-01,  3.0753e-01, -9.2178e-02, -2.5607e-01,
          1.6329e-01],
        [-1.0565e-01,  2.8421e-01, -1.7613e-01,  7.5178e-03,  2.1099e-01,
          9.0559e-02,  4.2848e-02,  3.5044e-01,  1.6699e-01,  3.1476e-01,
          6.9417e-02, -1.7819e-01, -6.1141e-02, -2.7044e-01,  3.4405e-01,
         -1.7096e-01],
        [-8.5514e-03,  2.8069e-01, -3.5989e-01,  4.2651e-01,  3.6125e-01,
         -3.2732e-02,  2.5239e-01, -1.4709e-02,  2.7006e-01,  2.2228e-01,
         -1.0908e-01, -9.7377e-02, -2.3945e-01,  1.0595e-01,  4.0892e-01,
         -8.4397e-02],
        [ 3.8014e-01,  2.4599e-02,  4.1202e-01, -2.1449e-01, -1.0021e-01,
         -2.1655e-01, -1.7614e-01, -2.6259e-01, -2.7244e-01, -4.1611e-02,
          1.7006e-03,  7.9054e-02, -5.2586e-02,  2.0513e-01, -3.2579e-01,
          1.6498e-01],
        [-5.4769e-02,  1.6507e-01,  3.5991e-01, -3.8117e-01, -3.6992e-01,
         -3.0319e-01, -8.5357e-02, -2.8802e-01, -2.2243e-01, -2.3307e-01,
         -6.5805e-02,  5.1022e-02,  2.5841e-01, -8.1095e-02, -1.0983e-01,
          3.6441e-01],
        [ 5.2352e-02,  7.4704e-02,  3.1579e-01, -2.8476e-01, -1.0604e-01,
         -3.5759e-01, -1.7466e-01, -1.3829e-01,  1.4438e-02, -3.3846e-01,
          1.1328e-02,  8.0374e-02, -4.3636e-02,  2.0610e-01, -4.0621e-01,
          1.1639e-01],
        [-3.0312e-01,  1.1294e-01, -1.1066e-01,  2.3836e-02,  1.2527e-01,
          1.6654e-01,  5.5549e-02,  2.7176e-01,  2.9666e-01,  2.2542e-02,
          1.0740e-01, -2.9694e-02, -2.8309e-01, -1.2366e-01,  2.4519e-01,
         -2.1980e-01],
        [-3.6902e-01,  1.6790e-01, -7.2153e-02, -2.1215e-03,  9.5822e-03,
          4.3483e-01,  2.3857e-01,  1.5407e-01,  3.7800e-01,  2.7403e-01,
          6.9426e-03, -1.5823e-02, -2.1988e-01,  6.3790e-02,  5.2410e-02,
         -3.4909e-01],
        [-1.3170e-01, -2.1931e-02, -2.7662e-02,  1.2046e-01,  2.0050e-01,
          1.2427e-01,  3.5768e-01,  1.6868e-01,  1.7603e-01,  3.6373e-01,
          8.9834e-02,  5.2138e-02, -4.2405e-01, -2.5820e-01,  1.1146e-01,
         -2.1620e-01],
        [ 3.5477e-01,  5.3146e-02,  1.8007e-01, -2.1426e-01, -1.7785e-01,
          5.0991e-03, -1.0004e-01, -3.7423e-01, -3.6143e-01, -1.3521e-01,
         -9.5003e-02,  6.5167e-02, -2.7436e-03,  2.3267e-01, -3.5524e-01,
          5.7676e-02],
        [ 2.1965e-01,  1.5157e-01,  3.7599e-01, -4.4567e-02, -3.5064e-01,
         -3.0003e-02, -4.1632e-02, -9.8891e-02, -2.4440e-01, -1.8556e-01,
         -1.0820e-01,  1.2835e-01,  1.3607e-01,  8.3706e-02, -4.0547e-01,
          2.5359e-01],
        [-3.8966e-01, -1.0973e-01, -7.7932e-02, -8.0360e-03,  4.1994e-01,
          4.2209e-01,  1.0531e-01,  1.5587e-01,  2.3150e-04,  2.0630e-01,
          3.8254e-02, -3.3515e-01, -1.1067e-01, -1.5265e-01,  1.2092e-01,
         -1.8007e-01],
        [-2.4212e-02, -3.3467e-01,  2.3252e-01,  8.5961e-03, -4.2271e-01,
         -4.9156e-02, -2.1525e-01, -3.8301e-01, -2.5599e-01, -1.0849e-01,
         -5.3091e-02,  4.6275e-01,  2.0372e-01,  1.9898e-02, -4.7830e-02,
          1.2867e-01],
        [ 3.2350e-01,  1.2993e-01,  2.0531e-01, -3.8382e-01, -3.8059e-01,
         -4.2843e-02, -9.4508e-02, -1.8544e-02, -3.9121e-01, -2.0498e-01,
          1.9828e-01,  3.0337e-01,  3.6021e-01,  2.9038e-01, -1.6986e-01,
         -1.3856e-02],
        [-2.9859e-01,  9.3350e-02, -2.4489e-01,  1.6689e-01,  1.4378e-01,
          2.9773e-01,  2.7361e-01,  2.8365e-01,  1.5182e-01,  2.9822e-01,
         -4.7521e-02, -2.5423e-01, -1.5755e-01, -2.1266e-01,  2.6579e-01,
         -1.8207e-01],
        [ 2.4434e-01, -4.1593e-02,  1.5901e-01, -3.1185e-01, -2.3152e-01,
         -3.8688e-01, -2.8248e-01,  5.0490e-03, -4.2240e-01, -1.2887e-01,
          1.3630e-02, -5.9068e-02,  2.1047e-01,  2.7921e-01, -2.8203e-02,
          2.1184e-01],
        [ 3.8477e-01, -1.5452e-02,  2.7723e-01, -1.2354e-01, -3.6306e-01,
         -2.4046e-01, -3.5820e-01, -4.4848e-03, -7.5340e-02, -2.9606e-01,
          8.8737e-02,  2.6738e-01, -3.2682e-02,  1.4066e-01, -7.1774e-02,
          2.1345e-01],
        [-1.8290e-01,  2.0629e-01, -4.7292e-02, -4.5146e-02,  2.9483e-01,
         -3.8243e-02,  2.9904e-01,  3.7859e-01,  1.9305e-01,  8.5344e-02,
         -1.0463e-01, -2.8205e-01, -2.0214e-01, -2.2036e-01,  3.9606e-01,
         -2.6318e-01],
        [-9.2466e-02, -4.8040e-02, -6.4130e-02,  4.2620e-01,  3.7466e-02,
          1.2993e-01,  2.6345e-01, -1.8789e-02,  5.8457e-02,  2.9671e-01,
          2.1171e-01, -2.9183e-01, -2.1624e-01, -4.0572e-01, -3.8021e-02,
          3.2147e-02],
        [ 3.7579e-01, -1.1396e-01,  6.0263e-02, -1.9622e-01, -3.2848e-02,
         -4.0465e-01, -2.9659e-01, -2.5366e-01, -2.7771e-01, -1.7896e-01,
          2.0410e-01,  2.3101e-01, -6.4723e-02,  3.3921e-01,  5.6998e-02,
          2.3442e-01],
        [ 2.6091e-01,  1.3567e-01,  3.4264e-01, -3.9902e-01, -2.2857e-01,
         -1.6690e-01, -1.7077e-01, -2.8963e-01, -3.6970e-01, -3.3689e-01,
          1.9066e-02,  3.5528e-01,  2.7630e-01,  1.4224e-01, -2.1056e-01,
          3.0895e-02],
        [ 2.1893e-01, -3.1802e-01,  1.7855e-01, -1.5655e-01,  2.4739e-02,
         -2.5819e-01,  4.5754e-02, -1.9374e-01, -3.7829e-01,  3.4070e-02,
          1.9650e-01,  1.3339e-02,  6.2189e-02,  2.8329e-01, -3.7177e-01,
          3.5981e-01],
        [ 5.1562e-02, -1.3706e-01,  9.4530e-02,  5.2013e-02, -2.4977e-01,
         -2.1958e-01, -2.4523e-02, -3.5357e-01, -1.8463e-01, -3.7289e-01,
         -2.7277e-01,  1.2551e-01,  2.0227e-01,  3.5323e-01, -4.3486e-01,
          9.4177e-02],
        [ 2.2891e-01,  3.0094e-02,  3.0223e-01, -3.7775e-01, -2.0035e-01,
         -1.0443e-01, -3.5046e-01, -4.1594e-02, -4.0184e-01, -1.2906e-02,
          4.4154e-02,  1.0032e-01,  2.3647e-01,  2.9023e-01,  6.5588e-02,
          3.0420e-01],
        [-3.3253e-01,  1.1735e-01,  6.3424e-03,  2.4267e-01,  3.4535e-01,
          3.0560e-02,  3.6122e-01,  1.9445e-01, -3.7292e-02,  1.2783e-01,
          7.4808e-02, -2.8622e-01, -2.3529e-01, -2.3155e-01,  4.3307e-02,
         -1.3534e-01],
        [ 3.0915e-01,  8.2079e-02,  1.3913e-01, -1.5966e-01, -3.1850e-01,
         -2.9167e-01, -1.4044e-01, -3.5845e-01, -3.5843e-02, -1.2543e-01,
          1.0830e-01,  1.5294e-01,  3.6166e-01,  3.4000e-01, -2.3252e-02,
          2.7467e-01],
        [-2.7857e-01,  1.2550e-01, -3.2247e-01,  2.8220e-01, -4.4044e-02,
          1.5290e-01,  3.3071e-01,  3.2536e-01,  3.7784e-01,  2.5204e-01,
          1.5202e-01, -1.0060e-01,  3.7244e-02,  3.6240e-02,  1.7817e-01,
         -2.3819e-01],
        [-2.9301e-01, -2.5470e-02, -4.7392e-02,  4.8486e-02,  2.2297e-01,
          3.8760e-01,  3.7606e-01, -5.2701e-03,  2.4694e-01,  3.4053e-01,
         -2.2660e-01, -2.2483e-02, -3.1894e-01, -2.9582e-01,  4.2791e-02,
         -2.5848e-01],
        [ 7.1006e-02,  2.9246e-02,  2.6199e-01, -8.5233e-02, -2.5662e-02,
         -3.2529e-01, -3.9821e-01, -3.8402e-01, -3.2118e-01, -2.8704e-01,
          9.1024e-02, -6.9522e-04, -2.3394e-02,  2.5353e-01, -3.0854e-01,
          2.1476e-01]], device='cuda:0', requires_grad=True)

Parameter name: road_linear_0.bias
Shape: torch.Size([32])
Values: Parameter containing:
tensor([-0.0606, -0.0677,  0.1141, -0.0688, -0.0544, -0.0277,  0.0882,  0.1329,
        -0.0443, -0.0701,  0.0238,  0.0670,  0.1980,  0.1124, -0.0569,  0.1048,
        -0.1425, -0.0034,  0.0239,  0.0006, -0.0200, -0.1142, -0.0596, -0.0196,
        -0.1543,  0.2574,  0.1035,  0.0240, -0.0845, -0.2267,  0.1622, -0.0285],
       device='cuda:0', requires_grad=True)

Parameter name: road_linear_1.weight
Shape: torch.Size([1, 32])
Values: Parameter containing:
tensor([[-0.2366,  0.3225, -0.2364, -0.2494,  0.3221,  0.3668, -0.2886, -0.3759,
         -0.3209,  0.3649,  0.2538,  0.3806, -0.2655, -0.4111,  0.3107, -0.2827,
         -0.3187,  0.3218, -0.2293, -0.2497,  0.4046,  0.3268, -0.3662, -0.3703,
         -0.3629, -0.3431, -0.3136,  0.3520, -0.3406,  0.3785,  0.2823, -0.2302]],
       device='cuda:0', requires_grad=True)

Parameter name: linear_0.weight
Shape: torch.Size([32, 39])
Values: Parameter containing:
tensor([[-0.0561,  0.1289,  0.0601,  ...,  0.2168, -0.3147, -0.1137],
        [-0.1264, -0.0265,  0.1184,  ...,  0.1537, -0.3191,  0.0871],
        [ 0.0157, -0.0614,  0.0171,  ...,  0.0307,  0.2186,  0.0345],
        ...,
        [-0.0074,  0.0360,  0.0595,  ...,  0.0827, -0.3015, -0.1180],
        [ 0.1026, -0.2319, -0.0555,  ..., -0.3257,  0.1387,  0.1557],
        [-0.2229,  0.1752,  0.0395,  ...,  0.0960, -0.2600, -0.0509]],
       device='cuda:0', requires_grad=True)

Parameter name: linear_0.bias
Shape: torch.Size([32])
Values: Parameter containing:
tensor([ 0.0394,  0.0409, -0.0666, -0.1343, -0.0720,  0.0620, -0.1103,  0.0448,
        -0.0374,  0.0798,  0.0157,  0.0124,  0.0306,  0.0789, -0.0530, -0.0186,
         0.0581, -0.1571,  0.0035,  0.0274, -0.0480,  0.0309,  0.1092,  0.0052,
        -0.0949,  0.1053,  0.0472, -0.0918,  0.0528,  0.1389,  0.1677, -0.1232],
       device='cuda:0', requires_grad=True)

Parameter name: linear_1.weight
Shape: torch.Size([32, 32])
Values: Parameter containing:
tensor([[ 7.7369e-02, -1.7668e-01, -1.2314e-01,  ..., -1.2898e-01,
         -2.0834e-02,  7.6180e-02],
        [-2.0239e-01, -3.2063e-02,  7.5618e-02,  ..., -6.1181e-02,
          1.9681e-03,  5.1068e-02],
        [ 1.3212e-01, -3.2241e-02, -1.4855e-01,  ...,  7.7168e-02,
         -1.9016e-02,  1.8403e-01],
        ...,
        [ 1.1393e-01,  9.0133e-02,  1.2684e-01,  ...,  2.5047e-01,
         -2.1876e-01,  2.4436e-01],
        [-3.1143e-03, -1.4282e-01,  2.7977e-02,  ...,  2.1740e-02,
          2.3114e-01, -1.6478e-01],
        [-1.2925e-05, -1.2927e-01,  1.9024e-01,  ...,  3.9254e-02,
          1.5831e-01, -4.8301e-02]], device='cuda:0', requires_grad=True)

Parameter name: linear_1.bias
Shape: torch.Size([32])
Values: Parameter containing:
tensor([ 0.1004,  0.1448, -0.0551, -0.0816, -0.0013, -0.0414, -0.0559, -0.0443,
         0.1220, -0.1670,  0.1237, -0.1179,  0.1706,  0.0868, -0.1239,  0.1203,
        -0.1390, -0.1711, -0.0609, -0.0040, -0.0008,  0.0867, -0.2070,  0.2100,
        -0.0471, -0.0046,  0.0763, -0.0286, -0.1347, -0.0717,  0.1156,  0.0388],
       device='cuda:0', requires_grad=True)

Parameter name: linear_2.weight
Shape: torch.Size([1, 32])
Values: Parameter containing:
tensor([[ 0.4096,  0.3275, -0.4084, -0.4024,  0.2766,  0.2605, -0.3239,  0.2933,
          0.3299, -0.3498, -0.2973,  0.3132,  0.2980,  0.2767,  0.3389,  0.3310,
         -0.4054, -0.4179, -0.2695,  0.3148, -0.3599, -0.3368, -0.4115,  0.2614,
          0.3815,  0.4196, -0.4020,  0.4053, -0.3256, -0.4068,  0.3878,  0.4137]],
       device='cuda:0', requires_grad=True)

Parameter name: linear_2.bias
Shape: torch.Size([1])
Values: Parameter containing:
tensor([0.1769], device='cuda:0', requires_grad=True)

Parameter name: road_linear_0.weight
Shape: torch.Size([32, 16])
Values: Parameter containing:
tensor([[-0.0008,  0.3932,  0.3042, -0.3221, -0.2447, -0.1452, -0.0497, -0.4164,
         -0.1802, -0.0626,  0.1487,  0.1830,  0.0504, -0.0361, -0.1205,  0.3716],
        [-0.2495, -0.3741, -0.0976,  0.0044,  0.0092,  0.2430,  0.1628,  0.1783,
          0.4103,  0.1403,  0.0759, -0.2605, -0.0023, -0.0720,  0.4116, -0.0794],
        [ 0.0750,  0.2714,  0.3711, -0.1167, -0.1049, -0.3373, -0.0358, -0.4324,
          0.0290, -0.0633, -0.0974, -0.0620,  0.3949,  0.3421,  0.0023,  0.2566],
        [ 0.2651,  0.1011,  0.0769, -0.0828, -0.0820, -0.1870, -0.1465, -0.1083,
         -0.4257, -0.4054,  0.0254,  0.3584,  0.3022, -0.0881, -0.2514,  0.1490],
        [-0.0996,  0.0543, -0.1712, -0.0084,  0.2110,  0.0843,  0.0479,  0.3546,
          0.1668,  0.3106,  0.0950, -0.1670, -0.0660, -0.2817,  0.3502, -0.1623],
        [-0.0032,  0.0981, -0.3566,  0.4142,  0.3618, -0.0319,  0.2561, -0.0172,
          0.2661,  0.2198, -0.1138, -0.0889, -0.2489,  0.0975,  0.4429, -0.0781],
        [ 0.3642,  0.1512,  0.3999, -0.1939, -0.0863, -0.2082, -0.1719, -0.2506,
         -0.2536, -0.0311, -0.0015,  0.0624, -0.0603,  0.2061, -0.3207,  0.1498],
        [-0.0706,  0.2974,  0.3473, -0.3602, -0.3481, -0.2946, -0.0777, -0.2716,
         -0.2042, -0.2221, -0.0798,  0.0331,  0.2481, -0.0830, -0.0958,  0.3501],
        [ 0.0358,  0.3439,  0.3010, -0.2616, -0.0857, -0.3443, -0.1652, -0.1241,
          0.0291, -0.3247,  0.0061,  0.0599, -0.0549,  0.1991, -0.3924,  0.0974],
        [-0.2939, -0.1389, -0.1026,  0.0059,  0.1175,  0.1580,  0.0545,  0.2691,
          0.2912,  0.0155,  0.1329, -0.0153, -0.2809, -0.1261,  0.2408, -0.2084],
        [-0.3591,  0.0179, -0.0655, -0.0159,  0.0033,  0.4280,  0.2370,  0.1508,
          0.3738,  0.2678, -0.0032, -0.0038, -0.2130,  0.0561,  0.0593, -0.3379],
        [-0.1198, -0.1769, -0.0177,  0.1019,  0.1879,  0.1136,  0.3567,  0.1656,
          0.1664,  0.3553,  0.1103,  0.0664, -0.4164, -0.2645,  0.1007, -0.2030],
        [ 0.3383,  0.2873,  0.1667, -0.1896, -0.1701,  0.0225, -0.0941, -0.3683,
         -0.3514, -0.1212, -0.1040,  0.0417, -0.0155,  0.2308, -0.3436,  0.0419],
        [ 0.2037,  0.3646,  0.3614, -0.0233, -0.3323, -0.0178, -0.0347, -0.0855,
         -0.2257, -0.1731, -0.1148,  0.1099,  0.1247,  0.0801, -0.3897,  0.2372],
        [-0.3744, -0.3322, -0.0651, -0.0288,  0.4026,  0.4107,  0.0986,  0.1428,
         -0.0137,  0.1948,  0.0431, -0.3169, -0.1001, -0.1496,  0.1038, -0.1643],
        [-0.3131, -0.2880, -0.0155,  0.2938,  0.0910,  0.2046,  0.1147,  0.0379,
          0.1292,  0.1746,  0.0550,  0.1373, -0.1505, -0.3369,  0.5268, -0.1269],
        [ 0.3070,  0.2693,  0.1939, -0.3632, -0.3632, -0.0323, -0.0910, -0.0032,
         -0.3746, -0.1945,  0.1800,  0.2864,  0.3496,  0.2963, -0.1479, -0.0287],
        [-0.2850,  0.0119, -0.2356,  0.1479,  0.1336,  0.2937,  0.2731,  0.2738,
          0.1395,  0.2908, -0.0434, -0.2402, -0.1585, -0.2151,  0.2621, -0.1694],
        [ 0.2276,  0.1479,  0.1478, -0.2898, -0.2220, -0.3768, -0.2795,  0.0105,
         -0.4169, -0.1172,  0.0212, -0.0765,  0.2041,  0.2837, -0.0167,  0.1944],
        [ 0.3704,  0.1709,  0.2670, -0.1051, -0.3512, -0.2307, -0.3576,  0.0046,
         -0.0649, -0.2865,  0.0879,  0.2520, -0.0389,  0.1490, -0.0623,  0.1981],
        [-0.1739,  0.0362, -0.0403, -0.0604,  0.2907, -0.0430,  0.3013,  0.3743,
          0.1859,  0.0801, -0.0833, -0.2705, -0.2045, -0.2298,  0.4140, -0.2537],
        [-0.0797, -0.3631, -0.0532,  0.4037,  0.0170,  0.1194,  0.2585, -0.0276,
          0.0478,  0.2849,  0.2200, -0.2719, -0.2098, -0.4030, -0.0465,  0.0472],
        [ 0.3654,  0.0466,  0.0528, -0.1803, -0.0232, -0.3990, -0.2982, -0.2466,
         -0.2689, -0.1731,  0.1875,  0.2196, -0.0662,  0.3445,  0.0678,  0.2236],
        [ 0.2427,  0.2086,  0.3301, -0.3763, -0.2080, -0.1569, -0.1658, -0.2700,
         -0.3514, -0.3259,  0.0077,  0.3362,  0.2665,  0.1439, -0.1854,  0.0162],
        [ 0.2146, -0.0705,  0.1756, -0.1440,  0.0270, -0.2550,  0.0422, -0.1946,
         -0.3773,  0.0364,  0.1995,  0.0053,  0.0657,  0.2931, -0.3757,  0.3537],
        [ 0.0404,  0.0676,  0.0850,  0.0687, -0.2432, -0.2120, -0.0194, -0.3481,
         -0.1766, -0.3652, -0.2885,  0.1111,  0.1977,  0.3572, -0.4405,  0.0829],
        [ 0.2137,  0.1934,  0.2914, -0.3587, -0.1865, -0.0949, -0.3509, -0.0293,
         -0.3883, -0.0036,  0.0292,  0.0860,  0.2281,  0.3038,  0.0793,  0.2905],
        [-0.3239, -0.0787,  0.0127,  0.2256,  0.3386,  0.0226,  0.3636,  0.1940,
         -0.0426,  0.1222,  0.0950, -0.2739, -0.2341, -0.2433,  0.0433, -0.1249],
        [ 0.2942,  0.1837,  0.1282, -0.1413, -0.3039, -0.2803, -0.1386, -0.3462,
         -0.0227, -0.1161,  0.0896,  0.1376,  0.3512,  0.3451, -0.0074,  0.2612],
        [-0.2671, -0.0058, -0.3136,  0.2648, -0.0546,  0.1480,  0.3304,  0.3178,
          0.3670,  0.2453,  0.1569, -0.0877,  0.0383,  0.0299,  0.1797, -0.2271],
        [-0.2788, -0.1912, -0.0376,  0.0300,  0.2090,  0.3795,  0.3747, -0.0175,
          0.2356,  0.3314, -0.2175, -0.0081, -0.3139, -0.2991,  0.0261, -0.2439],
        [ 0.0520,  0.1701,  0.2488, -0.0606, -0.0092, -0.3132, -0.3946, -0.3777,
         -0.3114, -0.2746,  0.0840, -0.0191, -0.0341,  0.2537, -0.2856,  0.1961]],
       device='cuda:0', requires_grad=True)

Parameter name: road_linear_0.bias
Shape: torch.Size([32])
Values: Parameter containing:
tensor([-0.0778, -0.0426,  0.1135, -0.0643, -0.0580, -0.0359,  0.0931,  0.1338,
        -0.0481, -0.0572, -0.0010,  0.0835,  0.1689,  0.0971, -0.0419, -0.0575,
        -0.1584, -0.0030,  0.0218, -0.0021, -0.0184, -0.1044, -0.0613, -0.0276,
        -0.1202,  0.2623,  0.0920,  0.0339, -0.0980, -0.2310,  0.1753, -0.0389],
       device='cuda:0', requires_grad=True)

Parameter name: road_linear_1.weight
Shape: torch.Size([1, 32])
Values: Parameter containing:
tensor([[-0.2320,  0.3161, -0.2318, -0.2481,  0.3313,  0.3707, -0.2863, -0.3696,
         -0.3296,  0.3596,  0.2544,  0.3732, -0.2650, -0.4093,  0.3046,  0.2583,
         -0.3126,  0.3199, -0.2257, -0.2456,  0.3999,  0.3184, -0.3634, -0.3657,
         -0.3775, -0.3427, -0.3094,  0.3448, -0.3378,  0.3756,  0.2803, -0.2285]],
       device='cuda:0', requires_grad=True)

Parameter name: linear_0.weight
Shape: torch.Size([32, 39])
Values: Parameter containing:
tensor([[-2.4766e-02,  1.0883e-01,  8.1188e-02,  ...,  1.5635e-01,
         -2.5059e-01, -1.1368e-01],
        [-1.2240e-01, -3.2619e-02,  1.2004e-01,  ...,  1.3045e-01,
         -3.0464e-01,  8.7102e-02],
        [ 6.0841e-03, -4.6592e-02,  2.8869e-02,  ...,  2.8736e-02,
          2.1949e-01,  3.4476e-02],
        ...,
        [-2.8092e-05,  2.5513e-02,  5.8049e-02,  ...,  6.3877e-02,
         -2.9979e-01, -1.1801e-01],
        [ 1.0134e-01, -2.2624e-01, -5.7053e-02,  ..., -3.0030e-01,
          1.2933e-01,  1.5567e-01],
        [-2.0712e-01,  1.7154e-01,  4.2097e-02,  ...,  6.5588e-02,
         -2.5788e-01, -5.0854e-02]], device='cuda:0', requires_grad=True)

Parameter name: linear_0.bias
Shape: torch.Size([32])
Values: Parameter containing:
tensor([ 0.0459,  0.0420, -0.0711, -0.1356, -0.0727,  0.0549, -0.1115,  0.0494,
        -0.0380,  0.0780,  0.0205,  0.0128,  0.0273,  0.0751, -0.0524, -0.0185,
         0.0570, -0.1594, -0.0597,  0.0356, -0.0524,  0.0295,  0.1062,  0.0050,
        -0.0912,  0.0539,  0.0436, -0.1102,  0.0532,  0.1417,  0.1676, -0.1257],
       device='cuda:0', requires_grad=True)

Parameter name: linear_1.weight
Shape: torch.Size([32, 32])
Values: Parameter containing:
tensor([[ 0.0683, -0.1785, -0.1126,  ..., -0.1194, -0.0271,  0.0756],
        [-0.2110, -0.0335,  0.0977,  ..., -0.0492, -0.0093,  0.0494],
        [ 0.1358, -0.0339, -0.1568,  ...,  0.0643, -0.0082,  0.1796],
        ...,
        [ 0.1086,  0.0782,  0.1273,  ...,  0.2312, -0.2009,  0.2313],
        [-0.0083, -0.1439,  0.0407,  ...,  0.0377,  0.2190, -0.1645],
        [ 0.0016, -0.1204,  0.1892,  ...,  0.0595,  0.1411, -0.0361]],
       device='cuda:0', requires_grad=True)

Parameter name: linear_1.bias
Shape: torch.Size([32])
Values: Parameter containing:
tensor([ 0.1047,  0.1564, -0.0551, -0.0812, -0.0080, -0.0389, -0.0552, -0.0445,
         0.1311, -0.1744,  0.1109, -0.1292,  0.1881,  0.1008, -0.1294,  0.1269,
        -0.1378, -0.1700,  0.0406, -0.0110, -0.0042,  0.0885, -0.1970,  0.2283,
        -0.0445, -0.0082,  0.0804, -0.0258, -0.1328, -0.0683,  0.1214,  0.0330],
       device='cuda:0', requires_grad=True)

Parameter name: linear_2.weight
Shape: torch.Size([1, 32])
Values: Parameter containing:
tensor([[ 0.4322,  0.3547, -0.4296, -0.4101,  0.2929,  0.2937, -0.3420,  0.3056,
          0.3338, -0.3745, -0.3223,  0.3210,  0.3167,  0.3053,  0.3511,  0.3587,
         -0.4190, -0.4316,  0.2819,  0.3274, -0.3764, -0.3558, -0.4267,  0.2759,
          0.3997,  0.4322, -0.4136,  0.4193, -0.3421, -0.4192,  0.4056,  0.4230]],
       device='cuda:0', requires_grad=True)

Parameter name: linear_2.bias
Shape: torch.Size([1])
Values: Parameter containing:
tensor([0.1883], device='cuda:0', requires_grad=True)

Parameter name: road_linear_0.weight
Shape: torch.Size([32, 16])
Values: Parameter containing:
tensor([[-3.0377e-01,  6.2543e-02, -9.1122e-03, -3.5949e-02, -1.6254e-01,
          1.7264e-01,  8.8412e-02, -3.7437e-01, -1.4616e-01,  2.4261e-01,
          2.2319e-01,  1.8888e-01, -6.8551e-02, -4.0415e-01, -2.0804e-02,
          5.5180e-02],
        [-2.2168e-01, -3.8946e-01, -1.1313e-01, -4.0268e-02, -3.2288e-01,
          2.5741e-01, -2.2872e-02, -1.9528e-01,  6.3536e-02,  1.1048e-01,
          3.0150e-01,  1.1004e-01,  2.1759e-01, -1.1444e-01,  6.3398e-02,
         -8.4493e-02],
        [ 5.9341e-02,  2.9151e-01,  3.8282e-01, -1.0165e-01,  2.5913e-01,
         -3.5384e-01,  1.8891e-01, -7.8107e-02,  3.6093e-01, -2.6425e-02,
         -2.8118e-02, -3.9871e-01,  1.4747e-01,  3.3865e-01,  3.8219e-01,
          2.6444e-01],
        [-5.9823e-02, -2.7021e-01, -2.8947e-01,  2.6583e-01, -7.7553e-02,
          1.8402e-01, -4.7205e-03, -9.0284e-02, -4.0414e-01, -8.9043e-02,
          3.8146e-02,  3.4774e-01,  2.0277e-01, -4.1786e-01, -2.5083e-01,
         -2.0867e-01],
        [-8.5573e-02,  2.9540e-02, -1.7673e-01, -4.9704e-02, -1.5452e-01,
          8.9973e-02, -2.0299e-01, -3.8889e-02, -1.9532e-01,  2.8949e-01,
          3.2931e-01,  2.0842e-01,  2.1318e-01, -2.8972e-01, -1.9973e-02,
         -1.6651e-01],
        [ 2.3718e-03,  6.3037e-02, -3.7544e-01,  3.8963e-01,  8.4932e-03,
         -1.4624e-02,  5.0642e-02, -3.8585e-01, -1.0386e-01,  2.0843e-01,
         -4.7616e-02,  2.8026e-01, -4.1137e-03,  6.9471e-02,  6.0959e-02,
         -9.7090e-02],
        [ 2.4062e-01,  1.9094e-01,  4.3126e-01, -1.5561e-01,  2.0695e-01,
         -1.3890e-01, -8.8746e-02,  1.1414e-01,  8.8690e-02,  1.1979e-01,
         -7.1715e-02, -3.0207e-01, -1.8140e-01,  2.7805e-01, -3.6307e-02,
          1.1336e-01],
        [-1.2115e-01,  3.4495e-01,  3.8060e-01, -3.3882e-01, -8.4680e-02,
         -2.8295e-01,  4.8488e-02,  4.7066e-02,  1.0196e-01, -1.3924e-01,
         -1.0242e-01, -2.9424e-01,  8.2320e-02, -2.8924e-02,  1.4386e-01,
          3.5665e-01],
        [-5.6696e-03,  3.4684e-01,  3.0205e-01, -2.1797e-01,  2.3024e-01,
         -3.2551e-01,  8.9175e-02,  2.3406e-01,  3.6423e-01, -2.5867e-01,
         -2.4024e-01, -2.9354e-01, -3.3945e-01,  2.1288e-01, -4.9540e-02,
          8.2679e-02],
        [-2.8401e-01, -1.5859e-01, -1.0323e-01, -3.8092e-02, -2.4045e-01,
          1.5902e-01, -2.3609e-01, -1.1676e-01, -6.4143e-02, -4.6179e-03,
          3.1160e-01,  3.5816e-01,  3.0366e-02, -1.3000e-01, -1.2488e-01,
         -2.0799e-01],
        [-3.5264e-01,  2.4880e-03, -7.3473e-02, -4.0301e-02, -3.7589e-01,
          4.3275e-01, -4.1370e-02, -2.4550e-01, -8.6059e-03,  2.4644e-01,
          2.3879e-01,  3.8810e-01,  9.8571e-02,  6.1028e-02, -3.6146e-01,
         -3.4259e-01],
        [-1.4955e-01, -2.0806e-01, -3.5140e-02,  8.2607e-02, -1.2982e-01,
          1.3628e-01,  1.4843e-02, -1.8836e-01, -6.1976e-02,  3.7079e-01,
          1.8788e-01,  4.1469e-01, -6.6976e-02, -3.0233e-01, -1.4192e-01,
         -2.2737e-01],
        [ 2.2683e-01,  2.9021e-01,  1.7694e-01, -1.5328e-01,  2.3867e-01,
          4.5430e-02,  4.8378e-02,  6.5715e-02,  6.6266e-02,  3.0444e-02,
         -2.2496e-01, -3.5757e-01, -1.9468e-01,  2.1939e-01,  1.2275e-01,
          4.0622e-02],
        [ 1.7730e-01,  4.0570e-01,  3.8702e-01, -1.8004e-04, -2.4635e-02,
         -1.7107e-02,  1.2183e-01,  2.5851e-01,  1.0723e-01, -1.2129e-01,
         -3.0156e-01, -2.3508e-01, -8.7953e-02,  1.2489e-01, -7.6352e-02,
          2.5194e-01],
        [-3.5835e-01, -3.6988e-01, -8.5973e-02, -5.0339e-02,  7.0330e-02,
          4.2229e-01, -1.1547e-01, -2.2382e-01, -3.6259e-01,  1.5976e-01,
          2.1168e-01,  4.7103e-02,  1.4598e-01, -1.8000e-01, -2.4917e-01,
         -1.7771e-01],
        [-3.3209e-01, -2.6832e-01,  2.2151e-02,  2.7361e-01, -2.1161e-01,
          2.7469e-01,  1.1627e-02, -1.2588e-01, -1.7284e-02,  2.2700e-01,
          4.6621e-02,  2.3832e-01, -4.5084e-02, -2.0857e-01,  1.9846e-01,
         -1.5627e-01],
        [ 3.0546e-01,  3.3106e-01,  2.3085e-01, -3.5543e-01, -7.2312e-02,
         -4.8031e-02,  1.0452e-01,  3.2548e-01, -4.2020e-02, -1.7198e-01,
          5.4275e-02, -5.3501e-02,  1.1939e-01,  3.6915e-01,  1.2116e-01,
          7.9443e-04],
        [-2.6873e-01, -6.0691e-02, -2.8153e-01,  1.4066e-01, -1.1595e-01,
          3.0554e-01,  1.3821e-01, -3.1746e-02, -1.6588e-01,  2.4298e-01,
          6.7469e-02,  8.2250e-02,  2.5382e-03, -3.1908e-01,  4.5550e-02,
         -1.9774e-01],
        [ 2.1302e-01,  1.6692e-01,  1.6867e-01, -2.7991e-01,  1.3406e-01,
         -3.8641e-01, -5.4793e-02,  3.5172e-01, -8.8207e-02, -8.4032e-02,
         -4.9245e-02, -4.0440e-01, -5.1356e-02,  2.9590e-01,  3.4272e-01,
          2.0775e-01],
        [ 3.5957e-01,  2.1289e-01,  2.8865e-01, -9.5360e-02, -1.5131e-02,
         -2.5197e-01, -1.0332e-01,  3.7759e-01,  2.8940e-01, -2.6045e-01,
         -1.6579e-01, -1.1741e-01, -3.1895e-01,  1.8206e-01,  2.9880e-01,
          2.1606e-01],
        [-1.4274e-01,  2.4308e-02, -5.4033e-02, -9.9288e-02, -5.1962e-03,
         -2.8175e-02,  1.2470e-01,  5.0363e-02, -1.4833e-01,  5.0861e-02,
          3.2716e-02,  6.2651e-02, -1.1608e-02, -2.8309e-01,  8.4325e-02,
         -2.6245e-01],
        [-3.3575e-02, -3.8770e-01, -3.9527e-02,  3.4821e-01, -3.1044e-01,
          1.0728e-01, -2.1293e-02, -3.9670e-01, -2.9379e-01,  2.1494e-01,
          2.1090e-01,  8.9944e-02,  8.8052e-02, -4.1358e-01, -3.7953e-01,
          6.7159e-02],
        [ 3.2636e-01,  6.7952e-02,  7.5386e-02, -1.4866e-01,  2.6096e-01,
         -3.8650e-01, -1.4043e-01,  8.5905e-02,  5.1770e-02, -9.6881e-02,
          2.5109e-02, -1.1943e-01, -2.6773e-01,  3.8906e-01,  3.6476e-01,
          2.2855e-01],
        [ 2.5249e-01,  2.4259e-01,  3.8532e-01, -3.8067e-01,  4.8480e-03,
         -1.8975e-01, -1.3937e-02,  9.2982e-03, -6.7556e-02, -3.1022e-01,
         -2.0325e-01,  3.0876e-02,  9.2469e-02,  2.3994e-01,  2.0276e-02,
          6.1380e-02],
        [ 1.6432e-01, -7.2304e-02,  1.7217e-01, -9.4036e-02,  3.9482e-01,
         -2.2310e-01,  2.6878e-01,  1.9543e-01,  3.1984e-03,  1.1518e-01,
          4.7148e-02, -3.8060e-01, -2.1918e-01,  2.9139e-01,  2.5434e-02,
          3.3448e-01],
        [ 1.4459e-03,  7.9707e-02,  1.0674e-01,  9.9738e-02,  7.5015e-02,
         -2.2267e-01,  1.2920e-01,  6.9714e-04,  1.7748e-01, -3.1138e-01,
         -3.6366e-01, -2.4118e-01,  1.8171e-02,  4.0863e-01, -6.1903e-02,
          9.4565e-02],
        [ 2.0229e-01,  2.5890e-01,  3.2107e-01, -3.4273e-01,  8.9147e-02,
         -1.0555e-01, -1.3424e-01,  2.9455e-01, -9.4570e-02,  3.1607e-02,
         -1.4105e-02, -2.4131e-01, -1.6820e-02,  3.6067e-01,  3.3524e-01,
          3.0943e-01],
        [-3.1585e-01, -9.4660e-02,  2.7625e-03,  1.8719e-01,  2.1029e-03,
          2.3443e-02,  2.6165e-02, -1.8457e-01, -3.2992e-01,  1.0179e-01,
          2.3213e-01,  9.2478e-02,  1.0807e-01, -2.7098e-01, -2.6420e-01,
         -1.2592e-01],
        [ 3.2994e-01,  2.1050e-01,  1.6405e-01, -1.3752e-01, -2.1795e-02,
         -3.1945e-01,  1.4546e-01, -2.6375e-02,  2.7258e-01, -1.3858e-01,
         -1.3463e-02, -1.9258e-01,  7.1291e-02,  3.9383e-01,  2.7555e-01,
          2.9821e-01],
        [-2.0378e-01, -3.5330e-02, -3.4840e-01,  2.4236e-01, -3.2610e-01,
          1.3899e-01,  2.4752e-01, -8.8881e-03,  4.9206e-02,  1.4458e-01,
          2.7675e-01,  2.4791e-01,  1.5939e-01, -2.9464e-02, -9.7347e-02,
         -2.4161e-01],
        [-2.8780e-01, -2.3964e-01, -6.0148e-02,  1.3086e-02, -9.6220e-02,
          3.9518e-01,  1.0211e-01, -3.5683e-01, -8.5389e-02,  3.2113e-01,
         -1.1450e-01,  3.3579e-01, -2.2823e-02, -3.4276e-01, -2.7017e-01,
         -2.6439e-01],
        [-2.7892e-01, -1.4999e-01, -1.1875e-01,  2.8170e-01, -2.6561e-02,
          5.2407e-02, -3.0749e-01, -4.0445e-01, -3.2121e-01,  6.0516e-02,
          1.9155e-01,  2.2236e-02, -8.3569e-02, -5.8802e-02, -3.5032e-01,
         -1.6054e-01]], device='cuda:0', requires_grad=True)

Parameter name: road_linear_0.bias
Shape: torch.Size([32])
Values: Parameter containing:
tensor([-0.2553,  0.0573,  0.2232, -0.2271,  0.0379, -0.1408,  0.0843,  0.1965,
        -0.1631, -0.0110,  0.1159,  0.0461,  0.0828,  0.0043,  0.0669, -0.0309,
        -0.1064, -0.0393,  0.0441, -0.0878, -0.0819, -0.1397, -0.1344, -0.0649,
        -0.2331,  0.2228,  0.1453,  0.0396, -0.0387, -0.1487,  0.1256, -0.1205],
       device='cuda:0', requires_grad=True)

Parameter name: road_linear_1.weight
Shape: torch.Size([1, 32])
Values: Parameter containing:
tensor([[ 0.1489,  0.2026, -0.1937,  0.2074,  0.2431,  0.3044, -0.2651, -0.3504,
         -0.2895,  0.2851,  0.2276,  0.3348, -0.2754, -0.3890,  0.2628,  0.1131,
         -0.2841,  0.2903, -0.1925, -0.2180,  0.1593,  0.3485, -0.3502, -0.3433,
         -0.2726, -0.2618, -0.2942,  0.2565, -0.3295,  0.3710,  0.2737,  0.1924]],
       device='cuda:0', requires_grad=True)

Parameter name: linear_0.weight
Shape: torch.Size([32, 39])
Values: Parameter containing:
tensor([[ 0.0144,  0.1571,  0.2823,  ..., -0.0143,  0.1633, -0.1137],
        [-0.0165, -0.1723, -0.0582,  ...,  0.0850, -0.5329,  0.0871],
        [-0.0995,  0.1540,  0.2732,  ...,  0.0665,  0.5423,  0.0345],
        ...,
        [ 0.0357, -0.1705, -0.1124,  ...,  0.0138, -0.6086, -0.1180],
        [ 0.0606, -0.0654,  0.0533,  ..., -0.2375,  0.4853,  0.1557],
        [-0.1287,  0.1221,  0.1242,  ..., -0.1423,  0.3851, -0.0509]],
       device='cuda:0', requires_grad=True)

Parameter name: linear_0.bias
Shape: torch.Size([32])
Values: Parameter containing:
tensor([ 0.0371,  0.1123, -0.1263, -0.1045, -0.0073,  0.0249, -0.1777,  0.0981,
        -0.0750,  0.1247,  0.0611, -0.0009,  0.0036,  0.0886, -0.1014, -0.0308,
         0.0658, -0.0942, -0.0008, -0.0221, -0.0930,  0.0782,  0.1027, -0.0249,
        -0.0585,  0.0541,  0.0225, -0.1005,  0.0556,  0.1303,  0.1616, -0.0872],
       device='cuda:0', requires_grad=True)

Parameter name: linear_1.weight
Shape: torch.Size([32, 32])
Values: Parameter containing:
tensor([[ 0.2814, -0.2089, -0.0583,  ..., -0.0720, -0.0916,  0.1759],
        [ 0.0378, -0.0486,  0.1366,  ..., -0.0402, -0.0437,  0.2369],
        [-0.0974, -0.0382, -0.1886,  ...,  0.0187,  0.0537,  0.0261],
        ...,
        [-0.0411,  0.0581,  0.1014,  ...,  0.2307, -0.1655,  0.1097],
        [ 0.2074, -0.1298,  0.0738,  ...,  0.0478,  0.1909,  0.0241],
        [ 0.2024, -0.1250,  0.2284,  ...,  0.0772,  0.0934,  0.0958]],
       device='cuda:0', requires_grad=True)

Parameter name: linear_1.bias
Shape: torch.Size([32])
Values: Parameter containing:
tensor([ 0.0414,  0.0520,  0.0379, -0.0262, -0.1232, -0.0929,  0.0122, -0.1274,
         0.0958, -0.1037,  0.1827, -0.1775,  0.1275, -0.0005, -0.1723,  0.0257,
        -0.1025, -0.0993,  0.0003, -0.0426,  0.0506,  0.1630, -0.1423,  0.1239,
        -0.1212, -0.0523,  0.1654, -0.1322, -0.0425, -0.0519,  0.0277, -0.0181],
       device='cuda:0', requires_grad=True)

Parameter name: linear_2.weight
Shape: torch.Size([1, 32])
Values: Parameter containing:
tensor([[ 0.3038,  0.2102, -0.3106, -0.2996,  0.1742,  0.1718, -0.2013,  0.2422,
          0.2274, -0.2107, -0.2039,  0.1918,  0.2164, -0.1849,  0.2228,  0.1826,
         -0.2987, -0.2958,  0.1725,  0.1901, -0.2568, -0.2297, -0.3069, -0.0987,
          0.2696,  0.2987, -0.2877,  0.3288, -0.2079, -0.2792,  0.2935,  0.2722]],
       device='cuda:0', requires_grad=True)

Parameter name: linear_2.bias
Shape: torch.Size([1])
Values: Parameter containing:
tensor([-0.0833], device='cuda:0', requires_grad=True)

