Parameter name: road_linear_0.weight
Shape: torch.Size([32, 16])
Values: Parameter containing:
tensor([[-0.2912,  0.4672,  0.0594, -0.0450,  0.2523,  0.1542,  0.3655,  0.0534,
          0.2850,  0.2013,  0.0306, -0.2138, -0.3870, -0.3272,  0.3402,  0.0988],
        [-0.1819, -0.0531, -0.0212, -0.0549,  0.0586,  0.2219,  0.1512,  0.2031,
          0.4675,  0.0486,  0.1104, -0.2787, -0.0124,  0.0151,  0.4885, -0.0119],
        [ 0.0396, -0.1234,  0.3104, -0.0890, -0.1846, -0.3099, -0.0994, -0.5030,
         -0.0808, -0.0096,  0.0956,  0.0131,  0.4935,  0.2776, -0.0338,  0.2179],
        [ 0.1726, -0.2496, -0.0238, -0.0057, -0.1146, -0.1512, -0.1273, -0.1335,
         -0.4726, -0.3029,  0.0107,  0.3739,  0.3255, -0.2066, -0.2789,  0.0597],
        [-0.0425,  0.4154, -0.0912, -0.0667,  0.2622,  0.0508,  0.0707,  0.3955,
          0.2386,  0.2209,  0.1066, -0.2053, -0.1048, -0.1943,  0.3789, -0.1040],
        [ 0.0084,  0.4491, -0.2933,  0.3655,  0.4217, -0.0605,  0.3102,  0.0424,
          0.3390,  0.1569, -0.3112, -0.1381, -0.3121,  0.1600,  0.4336, -0.0440],
        [ 0.2962, -0.1013,  0.3129, -0.1276, -0.1397, -0.1709, -0.1948, -0.3011,
         -0.3458,  0.0602,  0.0799,  0.1005,  0.0033,  0.1563, -0.3833,  0.0802],
        [-0.1327,  0.0287,  0.2646, -0.2957, -0.4266, -0.2592, -0.1072, -0.3379,
         -0.2950, -0.1332,  0.0327,  0.0807,  0.3224, -0.1550, -0.1849,  0.2812],
        [-0.0204, -0.0178,  0.2333, -0.2089, -0.1770, -0.3172, -0.1761, -0.1829,
         -0.0645, -0.2396, -0.0809,  0.1168, -0.0135,  0.1218, -0.4887,  0.0389],
        [-0.2347,  0.2150, -0.0273, -0.0503,  0.1726,  0.1298,  0.0647,  0.3110,
          0.3670, -0.0725,  0.1289, -0.0536, -0.3156, -0.0418,  0.3023, -0.1474],
        [-0.2954,  0.4306,  0.0173, -0.0768,  0.0641,  0.3821,  0.2673,  0.2009,
          0.4672,  0.1822, -0.0452, -0.0495, -0.2687,  0.1616,  0.0943, -0.2733],
        [-0.0455,  0.1593,  0.0699,  0.0302,  0.2586,  0.0761,  0.3542,  0.2162,
          0.2551,  0.2592,  0.1814,  0.0249, -0.4618, -0.1757,  0.1869, -0.1280],
        [ 0.3128, -0.1420,  0.1098, -0.1565, -0.2320,  0.0300, -0.1510, -0.4257,
         -0.4545, -0.0670,  0.0933,  0.1157,  0.0577,  0.1641, -0.3544,  0.0120],
        [ 0.1417,  0.0658,  0.2842,  0.0370, -0.4021,  0.0068, -0.0489, -0.1396,
         -0.3195, -0.0861, -0.0998,  0.1493,  0.1701,  0.0107, -0.4706,  0.1741],
        [-0.3060,  0.0012,  0.0114, -0.0882,  0.4739,  0.3815,  0.0939,  0.1909,
          0.0673,  0.1040,  0.0079, -0.3571, -0.1338, -0.0617,  0.1756, -0.0972],
        [-0.0667, -0.4280,  0.1667,  0.0735, -0.4364, -0.0185, -0.2543, -0.4085,
         -0.3098, -0.0251,  0.1279,  0.4985,  0.2500, -0.0394, -0.0468,  0.0902],
        [ 0.2060,  0.0069,  0.0873, -0.2731, -0.4032,  0.0038, -0.0673, -0.0426,
         -0.4101, -0.0890,  0.2520,  0.3058,  0.3784,  0.1879, -0.2311, -0.1278],
        [-0.2005,  0.2301, -0.1390,  0.0692,  0.1849,  0.2448,  0.2909,  0.3190,
          0.1814,  0.1944, -0.1426, -0.2564, -0.2033, -0.1367,  0.3317, -0.0866],
        [ 0.1659, -0.2187,  0.0619, -0.2382, -0.2839, -0.3351, -0.3136, -0.0446,
         -0.4856, -0.0441,  0.1513, -0.0263,  0.2724,  0.1975, -0.0611,  0.1261],
        [ 0.3180, -0.2203,  0.1858, -0.0415, -0.4182, -0.1919, -0.3953, -0.0575,
         -0.1454, -0.2020,  0.0851,  0.3074,  0.0229,  0.0659, -0.1043,  0.1374],
        [-0.1313,  0.3350,  0.0314, -0.1192,  0.3442, -0.0656,  0.3378,  0.4369,
          0.2425,  0.0068, -0.2132, -0.3020, -0.2614, -0.1627,  0.4304, -0.2039],
        [-0.0434,  0.0156,  0.0011,  0.3640,  0.1246,  0.0935,  0.2884,  0.0432,
          0.1503,  0.2095,  0.1729, -0.3517, -0.2707, -0.3475,  0.0675,  0.0875],
        [ 0.3057, -0.2692, -0.0301, -0.1109, -0.0837, -0.3501, -0.3253, -0.2998,
         -0.3478, -0.0832,  0.2761,  0.2658, -0.0125,  0.2647,  0.0100,  0.1552],
        [ 0.1371, -0.0157,  0.2228, -0.2838, -0.2612, -0.1171, -0.1526, -0.3107,
         -0.3734, -0.2213,  0.0071,  0.3431,  0.2925,  0.0286, -0.2573, -0.0831],
        [ 0.1449, -0.4496,  0.0859, -0.0743, -0.0166, -0.2069,  0.0323, -0.2281,
         -0.4608,  0.1341,  0.3026,  0.0359,  0.1007,  0.1896, -0.4017,  0.2773],
        [-0.0041, -0.2699,  0.0147,  0.1182, -0.3160, -0.1854, -0.0612, -0.4123,
         -0.2651, -0.2912, -0.1671,  0.1539,  0.2586,  0.2857, -0.4590,  0.0384],
        [ 0.1825, -0.1108,  0.2174, -0.2949, -0.2525, -0.0537, -0.4012, -0.0982,
         -0.4595,  0.0704,  0.1675,  0.1383,  0.2984,  0.2559,  0.0029,  0.2380],
        [-0.2573,  0.2825,  0.1021,  0.1569,  0.4058, -0.0149,  0.3803,  0.2449,
          0.0429,  0.0251,  0.1377, -0.3175, -0.2853, -0.1583,  0.1062, -0.0539],
        [ 0.2090, -0.1273,  0.0375, -0.0652, -0.3611, -0.2405, -0.1320, -0.3944,
         -0.0832, -0.0238,  0.0825,  0.1714,  0.3928,  0.2360, -0.0705,  0.1806],
        [-0.2490,  0.2904, -0.2500,  0.2184,  0.0198,  0.1108,  0.3960,  0.3884,
          0.4571,  0.1783,  0.0466, -0.1390, -0.0407,  0.0755,  0.2198, -0.1914],
        [-0.2035,  0.1366,  0.0536, -0.0455,  0.2685,  0.3335,  0.3861,  0.0358,
          0.3063,  0.2384, -0.3313, -0.0520, -0.3667, -0.2038,  0.0987, -0.1644],
        [-0.0265, -0.1190,  0.1612, -0.0019, -0.0534, -0.2763, -0.4082, -0.4203,
         -0.3661, -0.1928,  0.1737,  0.0147,  0.0255,  0.1879, -0.3621,  0.1240]],
       device='cuda:0', requires_grad=True)

Parameter name: road_linear_0.bias
Shape: torch.Size([32])
Values: Parameter containing:
tensor([-0.1236,  0.0104,  0.1094, -0.0483, -0.0044, -0.1070,  0.0952,  0.1594,
        -0.0204, -0.0259, -0.0372,  0.0504,  0.1421,  0.0689,  0.0139,  0.0993,
        -0.0594, -0.0273,  0.1092,  0.0598, -0.0487, -0.0918,  0.0146,  0.0109,
        -0.0654,  0.1561,  0.1785,  0.0128, -0.0476, -0.2104,  0.0143,  0.0167],
       device='cuda:0', requires_grad=True)

Parameter name: road_linear_1.weight
Shape: torch.Size([1, 32])
Values: Parameter containing:
tensor([[ 0.2818,  0.3742, -0.2516, -0.2890,  0.3635,  0.4075, -0.3184, -0.4120,
         -0.3196,  0.4152,  0.2779,  0.4190, -0.3020, -0.4470,  0.3308, -0.3240,
         -0.3363,  0.3599, -0.2436, -0.2709,  0.4688,  0.3012, -0.3799, -0.4076,
         -0.3673, -0.3997, -0.3407,  0.3932, -0.3696,  0.4216,  0.3000, -0.2617]],
       device='cuda:0', requires_grad=True)

Parameter name: linear_0.weight
Shape: torch.Size([32, 39])
Values: Parameter containing:
tensor([[-0.0542,  0.1302,  0.0815,  ...,  0.1369, -0.2226, -0.1137],
        [-0.1499, -0.0167,  0.1368,  ...,  0.0614, -0.2677,  0.0871],
        [ 0.0405, -0.0611,  0.0237,  ...,  0.0617,  0.2074,  0.0345],
        ...,
        [ 0.1488, -0.1792, -0.0319,  ..., -0.1855, -0.0190, -0.1180],
        [ 0.1304, -0.2404, -0.0771,  ..., -0.2313,  0.0978,  0.1557],
        [-0.2302,  0.1875,  0.0822,  ...,  0.0570, -0.2160, -0.0509]],
       device='cuda:0', requires_grad=True)

Parameter name: linear_0.bias
Shape: torch.Size([32])
Values: Parameter containing:
tensor([ 0.0610,  0.0372, -0.0690, -0.1411, -0.0769,  0.0558, -0.0953,  0.0531,
        -0.0394,  0.0519,  0.0195,  0.0155, -0.0205,  0.0962, -0.0363, -0.0063,
         0.0481, -0.1603, -0.0233,  0.0757, -0.0740,  0.0177,  0.1138,  0.0268,
        -0.1003,  0.1072,  0.0542, -0.1258,  0.0398,  0.1817,  0.1777, -0.1147],
       device='cuda:0', requires_grad=True)

Parameter name: linear_1.weight
Shape: torch.Size([32, 32])
Values: Parameter containing:
tensor([[ 0.0815, -0.1899, -0.0795,  ...,  0.0849, -0.0201,  0.0521],
        [-0.2029, -0.0365,  0.1272,  ...,  0.1825, -0.0037,  0.0242],
        [ 0.1318, -0.0380, -0.1948,  ..., -0.1730, -0.0131,  0.2079],
        ...,
        [ 0.1398,  0.0813,  0.0572,  ...,  0.0466, -0.2105,  0.3040],
        [ 0.0256, -0.1723,  0.0472,  ...,  0.2871,  0.2337, -0.1563],
        [ 0.0054, -0.1194,  0.2317,  ...,  0.2577,  0.1454, -0.0728]],
       device='cuda:0', requires_grad=True)

Parameter name: linear_1.bias
Shape: torch.Size([32])
Values: Parameter containing:
tensor([ 0.1288,  0.1718, -0.0606, -0.1342,  0.0259, -0.0213, -0.0835,  0.0177,
         0.1804, -0.1671,  0.1283, -0.1348,  0.2148,  0.0601, -0.0983,  0.1731,
        -0.1085, -0.1773,  0.0554,  0.0479, -0.0567,  0.0751, -0.2263,  0.2109,
        -0.0068, -0.0427,  0.0807,  0.0076, -0.1746, -0.0802,  0.1625,  0.0423],
       device='cuda:0', requires_grad=True)

Parameter name: linear_2.weight
Shape: torch.Size([1, 32])
Values: Parameter containing:
tensor([[ 0.5269,  0.4464, -0.5011, -0.4998,  0.3450,  0.3623, -0.4174,  0.3687,
          0.4300, -0.4609, -0.3844,  0.4022,  0.4040,  0.3877,  0.4360,  0.4172,
         -0.5188, -0.5284,  0.3774,  0.3813, -0.4486, -0.4278, -0.5218,  0.3858,
          0.4704,  0.5228, -0.4981,  0.4896, -0.4283, -0.5154,  0.4676,  0.5103]],
       device='cuda:0', requires_grad=True)

Parameter name: linear_2.bias
Shape: torch.Size([1])
Values: Parameter containing:
tensor([0.3051], device='cuda:0', requires_grad=True)

