Parameter name: road_linear_0.weight
Shape: torch.Size([32, 16])
Values: Parameter containing:
tensor([[-2.9507e-01,  4.6204e-01,  6.1909e-02, -4.9641e-02,  2.5596e-01,
          1.6222e-01,  3.6422e-01,  5.9644e-02,  2.9720e-01,  1.9272e-01,
          3.4350e-02, -2.1826e-01, -3.9497e-01, -3.2322e-01,  3.4881e-01,
          9.9355e-02],
        [-1.8173e-01, -6.1248e-02, -1.9616e-02, -5.6454e-02,  6.0915e-02,
          2.2633e-01,  1.4853e-01,  2.0755e-01,  4.8147e-01,  4.4629e-02,
          1.1426e-01, -2.8347e-01, -1.5924e-02,  1.7388e-02,  4.9916e-01,
         -1.0922e-02],
        [ 4.5290e-02, -1.1985e-01,  3.0990e-01, -8.7455e-02, -1.8842e-01,
         -3.1559e-01, -9.9317e-02, -5.0793e-01, -9.1244e-02, -4.4467e-03,
          9.1317e-02,  1.7167e-02,  4.9950e-01,  2.7361e-01, -4.0097e-02,
          2.1940e-01],
        [ 1.7193e-01, -2.4210e-01, -2.6591e-02, -2.6692e-03, -1.1484e-01,
         -1.5583e-01, -1.2286e-01, -1.3699e-01, -4.8417e-01, -2.9639e-01,
          4.9368e-03,  3.7603e-01,  3.2850e-01, -2.1099e-01, -2.8600e-01,
          5.8023e-02],
        [-4.3867e-02,  4.0792e-01, -8.9313e-02, -6.9904e-02,  2.6449e-01,
          5.8369e-02,  6.8429e-02,  4.0047e-01,  2.5167e-01,  2.1453e-01,
          1.1107e-01, -2.0875e-01, -1.1147e-01, -1.9116e-01,  3.8753e-01,
         -1.0311e-01],
        [ 1.8719e-03,  4.4374e-01, -2.9203e-01,  3.6107e-01,  4.2529e-01,
         -5.0703e-02,  3.1022e-01,  4.8500e-02,  3.5029e-01,  1.4884e-01,
         -3.0765e-01, -1.4227e-01, -3.2044e-01,  1.6307e-01,  4.4152e-01,
         -4.4638e-02],
        [ 2.9725e-01, -9.5594e-02,  3.1052e-01, -1.2443e-01, -1.4180e-01,
         -1.7660e-01, -1.9126e-01, -3.0529e-01, -3.5658e-01,  6.7358e-02,
          7.4313e-02,  1.0343e-01,  8.3757e-03,  1.5141e-01, -3.8988e-01,
          7.9262e-02],
        [-1.3060e-01,  3.4092e-02,  2.6309e-01, -2.9340e-01, -4.2872e-01,
         -2.6499e-01, -1.0418e-01, -3.4174e-01, -3.0523e-01, -1.2677e-01,
          2.7061e-02,  8.3515e-02,  3.2720e-01, -1.5948e-01, -1.9075e-01,
          2.8103e-01],
        [-1.9345e-02, -1.0710e-02,  2.3255e-01, -2.0834e-01, -1.8131e-01,
         -3.2185e-01, -1.7387e-01, -1.8717e-01, -8.0971e-02, -2.3632e-01,
         -8.6659e-02,  1.2198e-01, -8.4001e-03,  1.1934e-01, -4.9584e-01,
          3.8940e-02],
        [-2.3542e-01,  2.0728e-01, -2.5765e-02, -5.2435e-02,  1.7600e-01,
          1.3569e-01,  6.2522e-02,  3.1632e-01,  3.8236e-01, -7.7186e-02,
          1.3338e-01, -5.8384e-02, -3.2158e-01, -3.9027e-02,  3.1187e-01,
         -1.4662e-01],
        [-2.9878e-01,  4.2619e-01,  1.8430e-02, -7.8691e-02,  6.7610e-02,
          3.8744e-01,  2.6562e-01,  2.0573e-01,  4.7888e-01,  1.7675e-01,
         -4.0419e-02, -5.3459e-02, -2.7480e-01,  1.6540e-01,  1.0086e-01,
         -2.7366e-01],
        [-4.7699e-02,  1.5342e-01,  7.0530e-02,  2.9312e-02,  2.6341e-01,
          8.1293e-02,  3.5262e-01,  2.2132e-01,  2.7066e-01,  2.5530e-01,
          1.8692e-01,  1.9707e-02, -4.6852e-01, -1.7295e-01,  1.9417e-01,
         -1.2825e-01],
        [ 3.1514e-01, -1.3514e-01,  1.0760e-01, -1.5223e-01, -2.3483e-01,
          2.1251e-02, -1.4927e-01, -4.3098e-01, -4.6684e-01, -5.9585e-02,
          8.8838e-02,  1.1925e-01,  6.5373e-02,  1.6035e-01, -3.6259e-01,
          1.1169e-02],
        [ 1.4146e-01,  7.4458e-02,  2.8208e-01,  3.9534e-02, -4.0344e-01,
          1.0224e-03, -4.5310e-02, -1.4349e-01, -3.3328e-01, -8.0534e-02,
         -1.0562e-01,  1.5225e-01,  1.7424e-01,  7.0754e-03, -4.7861e-01,
          1.7280e-01],
        [-3.0704e-01, -5.1219e-03,  1.2427e-02, -8.9198e-02,  4.7766e-01,
          3.8595e-01,  9.1662e-02,  1.9565e-01,  8.3446e-02,  1.0017e-01,
          1.2622e-02, -3.6217e-01, -1.3922e-01, -5.9118e-02,  1.8322e-01,
         -9.7082e-02],
        [-6.1660e-02, -4.2127e-01,  1.6599e-01,  7.7141e-02, -4.4089e-01,
         -2.9833e-02, -2.5476e-01, -4.1487e-01, -3.2383e-01, -1.8568e-02,
          1.2454e-01,  5.0329e-01,  2.5987e-01, -4.1394e-02, -5.6083e-02,
          9.0931e-02],
        [ 2.0473e-01,  1.3573e-02,  8.4038e-02, -2.6979e-01, -4.0368e-01,
         -5.6859e-04, -6.1378e-02, -4.5719e-02, -4.1959e-01, -8.1520e-02,
          2.4452e-01,  3.0767e-01,  3.8007e-01,  1.8179e-01, -2.3697e-01,
         -1.2968e-01],
        [-2.0247e-01,  2.2584e-01, -1.3625e-01,  6.5527e-02,  1.8660e-01,
          2.4969e-01,  2.8779e-01,  3.2333e-01,  1.8952e-01,  1.8583e-01,
         -1.3825e-01, -2.5902e-01, -2.0750e-01, -1.3160e-01,  3.3749e-01,
         -8.5789e-02],
        [ 1.7058e-01, -2.1472e-01,  6.1356e-02, -2.3686e-01, -2.8694e-01,
         -3.4062e-01, -3.1246e-01, -4.8735e-02, -4.9472e-01, -3.9069e-02,
          1.4598e-01, -2.2866e-02,  2.7702e-01,  1.9268e-01, -6.6554e-02,
          1.2728e-01],
        [ 3.2518e-01, -2.1587e-01,  1.8698e-01, -4.1238e-02, -4.2175e-01,
         -1.9914e-01, -3.9664e-01, -6.1709e-02, -1.5563e-01, -1.9803e-01,
          8.0346e-02,  3.1110e-01,  2.8941e-02,  6.3647e-02, -1.0981e-01,
          1.4003e-01],
        [-1.3422e-01,  3.2879e-01,  3.4252e-02, -1.2504e-01,  3.4702e-01,
         -5.6695e-02,  3.3670e-01,  4.4312e-01,  2.5458e-01, -1.4272e-03,
         -2.1045e-01, -3.0572e-01, -2.6992e-01, -1.5929e-01,  4.3941e-01,
         -2.0247e-01],
        [-4.7901e-02,  9.6179e-03,  4.9174e-05,  3.6446e-01,  1.3156e-01,
          1.0054e-01,  2.8968e-01,  4.8660e-02,  1.6722e-01,  2.0735e-01,
          1.7883e-01, -3.5795e-01, -2.8001e-01, -3.4645e-01,  7.4951e-02,
          8.5642e-02],
        [ 3.1162e-01, -2.6545e-01, -3.0112e-02, -1.0990e-01, -8.7001e-02,
         -3.5587e-01, -3.2536e-01, -3.0418e-01, -3.5715e-01, -7.8489e-02,
          2.7145e-01,  2.6944e-01, -7.2180e-03,  2.6103e-01,  4.5093e-03,
          1.5693e-01],
        [ 1.3608e-01, -1.0007e-02,  2.1946e-01, -2.8029e-01, -2.6100e-01,
         -1.2118e-01, -1.4689e-01, -3.1352e-01, -3.8027e-01, -2.1279e-01,
          9.8568e-04,  3.4420e-01,  2.9411e-01,  2.2599e-02, -2.6219e-01,
         -8.4919e-02],
        [ 1.4464e-01, -4.4300e-01,  8.2925e-02, -7.0704e-02, -1.8427e-02,
         -2.1185e-01,  3.6479e-02, -2.3249e-01, -4.7262e-01,  1.4099e-01,
          2.9651e-01,  3.8896e-02,  1.0508e-01,  1.8447e-01, -4.0911e-01,
          2.7554e-01],
        [-3.3726e-03, -2.6262e-01,  1.1933e-02,  1.2258e-01, -3.1770e-01,
         -1.9302e-01, -5.8648e-02, -4.1735e-01, -2.7706e-01, -2.8398e-01,
         -1.7113e-01,  1.5678e-01,  2.6486e-01,  2.8202e-01, -4.6788e-01,
          3.6719e-02],
        [ 1.9058e-01, -1.0676e-01,  2.1850e-01, -2.9374e-01, -2.5597e-01,
         -6.1651e-02, -4.0267e-01, -1.0289e-01, -4.6888e-01,  7.5009e-02,
          1.6312e-01,  1.4204e-01,  3.0434e-01,  2.5253e-01, -3.0076e-03,
          2.4110e-01],
        [-2.6147e-01,  2.7623e-01,  1.0211e-01,  1.5560e-01,  4.1068e-01,
         -6.9937e-03,  3.8022e-01,  2.5041e-01,  5.7734e-02,  2.0541e-02,
          1.4254e-01, -3.2254e-01, -2.9385e-01, -1.5626e-01,  1.1412e-01,
         -5.4940e-02],
        [ 2.1109e-01, -1.2278e-01,  3.6095e-02, -6.3497e-02, -3.6384e-01,
         -2.4495e-01, -1.2923e-01, -3.9850e-01, -9.3639e-02, -1.8321e-02,
          7.7139e-02,  1.7476e-01,  3.9726e-01,  2.3160e-01, -7.6326e-02,
          1.8060e-01],
        [-2.5672e-01,  2.8555e-01, -2.5034e-01,  2.1589e-01,  2.3715e-02,
          1.2020e-01,  3.9727e-01,  3.9371e-01,  4.6833e-01,  1.7187e-01,
          5.0321e-02, -1.4314e-01, -4.8813e-02,  7.7909e-02,  2.2692e-01,
         -1.9342e-01],
        [-2.0696e-01,  1.3306e-01,  5.4663e-02, -4.6788e-02,  2.7135e-01,
          3.3762e-01,  3.8414e-01,  3.9771e-02,  3.1492e-01,  2.3352e-01,
         -3.2589e-01, -5.5264e-02, -3.7019e-01, -1.9865e-01,  1.0385e-01,
         -1.6515e-01],
        [-2.5813e-02, -1.1410e-01,  1.5853e-01,  1.1968e-03, -5.5178e-02,
         -2.8053e-01, -4.0393e-01, -4.2444e-01, -3.7584e-01, -1.8565e-01,
          1.6846e-01,  1.7524e-02,  2.9430e-02,  1.8260e-01, -3.6830e-01,
          1.2287e-01]], device='cuda:0', requires_grad=True)

Parameter name: road_linear_0.bias
Shape: torch.Size([32])
Values: Parameter containing:
tensor([-0.1193,  0.0165,  0.1061, -0.0530,  0.0017, -0.1021,  0.0908,  0.1550,
        -0.0259, -0.0197, -0.0336,  0.0551,  0.1360,  0.0624,  0.0185,  0.0922,
        -0.0640, -0.0245,  0.1054,  0.0551, -0.0441, -0.0853,  0.0109,  0.0073,
        -0.0700,  0.1504,  0.1740,  0.0189, -0.0509, -0.2052,  0.0172,  0.0136],
       device='cuda:0', requires_grad=True)

Parameter name: road_linear_1.weight
Shape: torch.Size([1, 32])
Values: Parameter containing:
tensor([[ 0.2944,  0.3919, -0.2616, -0.3027,  0.3770,  0.4185, -0.3305, -0.4230,
         -0.3307,  0.4306,  0.2889,  0.4304, -0.3151, -0.4615,  0.3432, -0.3359,
         -0.3480,  0.3718, -0.2527, -0.2803,  0.4823,  0.3100, -0.3894, -0.4196,
         -0.3799, -0.4141, -0.3500,  0.4048, -0.3805,  0.4326,  0.3092, -0.2736]],
       device='cuda:0', requires_grad=True)

Parameter name: linear_0.weight
Shape: torch.Size([32, 39])
Values: Parameter containing:
tensor([[-0.0487,  0.1241,  0.0779,  ...,  0.1385, -0.2165, -0.1137],
        [-0.1464, -0.0212,  0.1362,  ...,  0.0601, -0.2625,  0.0871],
        [ 0.0366, -0.0562,  0.0250,  ...,  0.0624,  0.2019,  0.0345],
        ...,
        [ 0.1458, -0.1750, -0.0321,  ..., -0.1834, -0.0230, -0.1180],
        [ 0.1268, -0.2358, -0.0765,  ..., -0.2300,  0.0932,  0.1557],
        [-0.2255,  0.1822,  0.0793,  ...,  0.0581, -0.2098, -0.0509]],
       device='cuda:0', requires_grad=True)

Parameter name: linear_0.bias
Shape: torch.Size([32])
Values: Parameter containing:
tensor([ 0.0636,  0.0362, -0.0689, -0.1408, -0.0772,  0.0539, -0.0938,  0.0565,
        -0.0390,  0.0504,  0.0242,  0.0156, -0.0203,  0.0978, -0.0348, -0.0088,
         0.0476, -0.1606, -0.0200,  0.0774, -0.0768,  0.0153,  0.1131,  0.0295,
        -0.1014,  0.1066,  0.0530, -0.1274,  0.0407,  0.1836,  0.1787, -0.1129],
       device='cuda:0', requires_grad=True)

Parameter name: linear_1.weight
Shape: torch.Size([32, 32])
Values: Parameter containing:
tensor([[ 0.0849, -0.1896, -0.0860,  ...,  0.0849, -0.0213,  0.0574],
        [-0.2005, -0.0352,  0.1211,  ...,  0.1815, -0.0057,  0.0285],
        [ 0.1299, -0.0400, -0.1887,  ..., -0.1713, -0.0105,  0.2041],
        ...,
        [ 0.1395,  0.0772,  0.0645,  ...,  0.0502, -0.2062,  0.3016],
        [ 0.0309, -0.1745,  0.0403,  ...,  0.2893,  0.2345, -0.1495],
        [ 0.0083, -0.1186,  0.2253,  ...,  0.2571,  0.1438, -0.0681]],
       device='cuda:0', requires_grad=True)

Parameter name: linear_1.bias
Shape: torch.Size([32])
Values: Parameter containing:
tensor([ 0.1308,  0.1728, -0.0608, -0.1369,  0.0257, -0.0221, -0.0840,  0.0220,
         0.1840, -0.1662,  0.1328, -0.1418,  0.2178,  0.0587, -0.0947,  0.1774,
        -0.0993, -0.1780,  0.0563,  0.0499, -0.0596,  0.0745, -0.2253,  0.2120,
        -0.0064, -0.0495,  0.0837,  0.0091, -0.1761, -0.0782,  0.1667,  0.0437],
       device='cuda:0', requires_grad=True)

Parameter name: linear_2.weight
Shape: torch.Size([1, 32])
Values: Parameter containing:
tensor([[ 0.5391,  0.4586, -0.5133, -0.5118,  0.3575,  0.3746, -0.4298,  0.3799,
          0.4415, -0.4733, -0.3964,  0.4147,  0.4156,  0.3997,  0.4475,  0.4285,
         -0.5314, -0.5403,  0.3899,  0.3932, -0.4604, -0.4400, -0.5345,  0.3980,
          0.4827,  0.5352, -0.5104,  0.5014, -0.4404, -0.5278,  0.4789,  0.5223]],
       device='cuda:0', requires_grad=True)

Parameter name: linear_2.bias
Shape: torch.Size([1])
Values: Parameter containing:
tensor([0.3160], device='cuda:0', requires_grad=True)

