Parameter name: road_linear_0.weight
Shape: torch.Size([32, 16])
Values: Parameter containing:
tensor([[-2.9309e-01,  4.6410e-01,  5.8555e-02, -4.6662e-02,  2.5620e-01,
          1.6076e-01,  3.6880e-01,  5.7487e-02,  2.8848e-01,  2.0146e-01,
          3.7108e-02, -2.1712e-01, -3.8865e-01, -3.2414e-01,  3.4250e-01,
          1.0022e-01],
        [-1.8431e-01, -5.5830e-02, -2.3463e-02, -5.3235e-02,  6.4600e-02,
          2.2713e-01,  1.5406e-01,  2.0778e-01,  4.7403e-01,  5.0441e-02,
          1.1285e-01, -2.8433e-01, -1.5258e-02,  1.4365e-02,  4.9105e-01,
         -1.3077e-02],
        [ 4.1316e-02, -1.1985e-01,  3.1179e-01, -8.8977e-02, -1.8645e-01,
         -3.1526e-01, -1.0178e-01, -5.0506e-01, -8.2478e-02, -1.0419e-02,
          8.8196e-02,  1.4340e-02,  4.9283e-01,  2.7381e-01, -3.4347e-02,
          2.1771e-01],
        [ 1.7397e-01, -2.4559e-01, -2.2537e-02, -6.0190e-03, -1.1785e-01,
         -1.5632e-01, -1.2932e-01, -1.3641e-01, -4.7577e-01, -3.0369e-01,
          4.9536e-03,  3.7641e-01,  3.2570e-01, -2.0808e-01, -2.7988e-01,
          5.9634e-02],
        [-4.4795e-02,  4.1154e-01, -9.3185e-02, -6.6481e-02,  2.6649e-01,
          5.7734e-02,  7.4076e-02,  3.9920e-01,  2.4293e-01,  2.2217e-01,
          1.1215e-01, -2.0869e-01, -1.0703e-01, -1.9331e-01,  3.8080e-01,
         -1.0403e-01],
        [ 5.6698e-03,  4.4578e-01, -2.9475e-01,  3.6375e-01,  4.2544e-01,
         -5.3068e-02,  3.1340e-01,  4.6392e-02,  3.4222e-01,  1.5752e-01,
         -3.0454e-01, -1.4122e-01, -3.1396e-01,  1.6291e-01,  4.3575e-01,
         -4.2598e-02],
        [ 2.9754e-01, -9.7332e-02,  3.1430e-01, -1.2755e-01, -1.4218e-01,
         -1.7662e-01, -1.9712e-01, -3.0347e-01, -3.4797e-01,  5.9539e-02,
          7.2570e-02,  1.0223e-01,  3.1790e-03,  1.5368e-01, -3.8398e-01,
          7.9792e-02],
        [-1.3135e-01,  3.2806e-02,  2.6613e-01, -2.9585e-01, -4.2847e-01,
         -2.6480e-01, -1.0928e-01, -3.3983e-01, -2.9660e-01, -1.3395e-01,
          2.4999e-02,  8.1926e-02,  3.2160e-01, -1.5785e-01, -1.8520e-01,
          2.8092e-01],
        [-1.8187e-02, -1.3344e-02,  2.3540e-01, -2.1057e-01, -1.8163e-01,
         -3.2219e-01, -1.7890e-01, -1.8540e-01, -6.9615e-02, -2.4143e-01,
         -8.6609e-02,  1.1968e-01, -1.2826e-02,  1.2152e-01, -4.8928e-01,
          3.9946e-02],
        [-2.3724e-01,  2.1148e-01, -2.9597e-02, -4.9151e-02,  1.7814e-01,
          1.3589e-01,  6.8138e-02,  3.1505e-01,  3.7298e-01, -7.0711e-02,
          1.3323e-01, -5.7896e-02, -3.1846e-01, -4.1747e-02,  3.0443e-01,
         -1.4821e-01],
        [-2.9752e-01,  4.2700e-01,  1.5656e-02, -7.6467e-02,  6.6708e-02,
          3.8750e-01,  2.7030e-01,  2.0336e-01,  4.6965e-01,  1.8338e-01,
         -3.7939e-02, -5.1264e-02, -2.6862e-01,  1.6404e-01,  9.4968e-02,
         -2.7336e-01],
        [-4.7912e-02,  1.5521e-01,  6.7837e-02,  3.1440e-02,  2.6274e-01,
          8.1344e-02,  3.5776e-01,  2.1904e-01,  2.5954e-01,  2.6084e-01,
          1.8807e-01,  2.2228e-02, -4.6251e-01, -1.7473e-01,  1.8771e-01,
         -1.2872e-01],
        [ 3.1520e-01, -1.3800e-01,  1.1183e-01, -1.5608e-01, -2.3585e-01,
          2.2302e-02, -1.5461e-01, -4.2919e-01, -4.5830e-01, -6.8228e-02,
          8.6787e-02,  1.1869e-01,  5.9929e-02,  1.6231e-01, -3.5619e-01,
          1.1549e-02],
        [ 1.4354e-01,  7.0197e-02,  2.8607e-01,  3.6162e-02, -4.0627e-01,
          9.1857e-04, -5.1478e-02, -1.4273e-01, -3.2404e-01, -8.7402e-02,
         -1.0523e-01,  1.5236e-01,  1.7137e-01,  1.0016e-02, -4.7187e-01,
          1.7448e-01],
        [-3.0816e-01, -2.5185e-03,  9.4583e-03, -8.6843e-02,  4.7841e-01,
          3.8634e-01,  9.6655e-02,  1.9397e-01,  7.2522e-02,  1.0553e-01,
          1.2939e-02, -3.6035e-01, -1.3490e-01, -6.1256e-02,  1.7655e-01,
         -9.8078e-02],
        [-6.3139e-02, -4.2422e-01,  1.6952e-01,  7.3776e-02, -4.4133e-01,
         -2.7707e-02, -2.5904e-01, -4.1270e-01, -3.1480e-01, -2.7004e-02,
          1.2184e-01,  5.0239e-01,  2.5358e-01, -4.0481e-02, -4.9397e-02,
          9.0180e-02],
        [ 2.0660e-01,  1.1355e-02,  8.8271e-02, -2.7317e-01, -4.0500e-01,
         -1.2696e-03, -6.8504e-02, -4.4434e-02, -4.1158e-01, -8.9315e-02,
          2.4426e-01,  3.0694e-01,  3.7671e-01,  1.8514e-01, -2.3136e-01,
         -1.2822e-01],
        [-2.0055e-01,  2.2683e-01, -1.3905e-01,  6.7835e-02,  1.8664e-01,
          2.4944e-01,  2.9190e-01,  3.2153e-01,  1.8218e-01,  1.9363e-01,
         -1.3558e-01, -2.5783e-01, -2.0210e-01, -1.3254e-01,  3.3230e-01,
         -8.5027e-02],
        [ 1.6747e-01, -2.1469e-01,  6.3710e-02, -2.3870e-01, -2.8507e-01,
         -3.4067e-01, -3.1564e-01, -4.5927e-02, -4.8666e-01, -4.5205e-02,
          1.4346e-01, -2.5658e-02,  2.7121e-01,  1.9373e-01, -6.1034e-02,
          1.2618e-01],
        [ 3.1968e-01, -2.1630e-01,  1.8745e-01, -4.1717e-02, -4.1975e-01,
         -1.9762e-01, -3.9757e-01, -5.9205e-02, -1.4671e-01, -2.0298e-01,
          7.7358e-02,  3.0837e-01,  2.1920e-02,  6.2411e-02, -1.0446e-01,
          1.3736e-01],
        [-1.3430e-01,  3.3199e-01,  2.9438e-02, -1.2040e-01,  3.4904e-01,
         -5.7535e-02,  3.4185e-01,  4.4151e-01,  2.4708e-01,  8.0159e-03,
         -2.0783e-01, -3.0614e-01, -2.6498e-01, -1.6119e-01,  4.3308e-01,
         -2.0295e-01],
        [-4.6488e-02,  1.0977e-02, -1.6227e-03,  3.6578e-01,  1.2879e-01,
          9.9507e-02,  2.9309e-01,  4.5620e-02,  1.5505e-01,  2.1180e-01,
          1.8071e-01, -3.5418e-01, -2.7199e-01, -3.4702e-01,  6.8265e-02,
          8.6214e-02],
        [ 3.0728e-01, -2.6547e-01, -2.8631e-02, -1.1110e-01, -8.5110e-02,
         -3.5540e-01, -3.2734e-01, -3.0153e-01, -3.4889e-01, -8.4109e-02,
          2.6854e-01,  2.6672e-01, -1.3562e-02,  2.6093e-01,  9.8771e-03,
          1.5508e-01],
        [ 1.3659e-01, -1.1687e-02,  2.2294e-01, -2.8304e-01, -2.6207e-01,
         -1.2144e-01, -1.5278e-01, -3.1241e-01, -3.7329e-01, -2.2053e-01,
         -3.7171e-04,  3.4366e-01,  2.9009e-01,  2.4750e-02, -2.5725e-01,
         -8.4366e-02],
        [ 1.4677e-01, -4.4566e-01,  8.7609e-02, -7.4637e-02, -2.0151e-02,
         -2.1268e-01,  2.9529e-02, -2.3104e-01, -4.6427e-01,  1.3287e-01,
          2.9596e-01,  3.8408e-02,  1.0159e-01,  1.8793e-01, -4.0285e-01,
          2.7731e-01],
        [-2.0757e-03, -2.6632e-01,  1.6437e-02,  1.1846e-01, -3.2007e-01,
         -1.9267e-01, -6.4351e-02, -4.1616e-01, -2.6924e-01, -2.9218e-01,
         -1.7227e-01,  1.5726e-01,  2.6103e-01,  2.8450e-01, -4.6116e-01,
          3.7984e-02],
        [ 1.8435e-01, -1.0693e-01,  2.1950e-01, -2.9478e-01, -2.5399e-01,
         -6.0163e-02, -4.0338e-01, -1.0005e-01, -4.6099e-01,  6.9261e-02,
          1.6030e-01,  1.3932e-01,  2.9803e-01,  2.5165e-01,  2.4105e-03,
          2.3781e-01],
        [-2.5992e-01,  2.7835e-01,  1.0003e-01,  1.5737e-01,  4.0989e-01,
         -8.4705e-03,  3.8437e-01,  2.4815e-01,  4.7014e-02,  2.6608e-02,
          1.4472e-01, -3.2036e-01, -2.8674e-01, -1.5677e-01,  1.0762e-01,
         -5.4236e-02],
        [ 2.1024e-01, -1.2350e-01,  3.8746e-02, -6.5552e-02, -3.6299e-01,
         -2.4525e-01, -1.3403e-01, -3.9629e-01, -8.4679e-02, -2.4456e-02,
          7.5034e-02,  1.7258e-01,  3.9148e-01,  2.3313e-01, -7.0728e-02,
          1.8049e-01],
        [-2.5161e-01,  2.8681e-01, -2.5195e-01,  2.1753e-01,  2.2797e-02,
          1.1796e-01,  3.9934e-01,  3.9144e-01,  4.5973e-01,  1.7951e-01,
          5.3624e-02, -1.4135e-01, -4.1806e-02,  7.8606e-02,  2.2123e-01,
         -1.9066e-01],
        [-2.0473e-01,  1.3279e-01,  5.2235e-02, -4.4964e-02,  2.6949e-01,
          3.3828e-01,  3.8772e-01,  3.6965e-02,  3.0701e-01,  2.3920e-01,
         -3.2348e-01, -5.2411e-02, -3.6474e-01, -2.0011e-01,  9.8478e-02,
         -1.6451e-01],
        [-2.5660e-02, -1.1530e-01,  1.6210e-01, -1.6446e-03, -5.5336e-02,
         -2.8109e-01, -4.0989e-01, -4.2253e-01, -3.6752e-01, -1.9310e-01,
          1.6657e-01,  1.6085e-02,  2.4436e-02,  1.8483e-01, -3.6255e-01,
          1.2337e-01]], device='cuda:0', requires_grad=True)

Parameter name: road_linear_0.bias
Shape: torch.Size([32])
Values: Parameter containing:
tensor([-0.1186,  0.0156,  0.1047, -0.0533,  0.0018, -0.1017,  0.0899,  0.1541,
        -0.0260, -0.0199, -0.0324,  0.0557,  0.1355,  0.0628,  0.0189,  0.0919,
        -0.0647, -0.0233,  0.1040,  0.0547, -0.0429, -0.0854,  0.0098,  0.0065,
        -0.0709,  0.1500,  0.1732,  0.0188, -0.0522, -0.2048,  0.0190,  0.0122],
       device='cuda:0', requires_grad=True)

Parameter name: road_linear_1.weight
Shape: torch.Size([1, 32])
Values: Parameter containing:
tensor([[ 0.2897,  0.3846, -0.2585, -0.2979,  0.3723,  0.4141, -0.3261, -0.4195,
         -0.3277,  0.4244,  0.2855,  0.4273, -0.3097, -0.4558,  0.3396, -0.3318,
         -0.3439,  0.3680, -0.2499, -0.2781,  0.4766,  0.3081, -0.3868, -0.4159,
         -0.3745, -0.4083, -0.3468,  0.4017, -0.3774,  0.4290,  0.3066, -0.2698]],
       device='cuda:0', requires_grad=True)

Parameter name: linear_0.weight
Shape: torch.Size([32, 39])
Values: Parameter containing:
tensor([[-0.0521,  0.1279,  0.0801,  ...,  0.1376, -0.2197, -0.1137],
        [-0.1483, -0.0187,  0.1360,  ...,  0.0616, -0.2652,  0.0871],
        [ 0.0387, -0.0590,  0.0248,  ...,  0.0614,  0.2047,  0.0345],
        ...,
        [ 0.1473, -0.1773, -0.0313,  ..., -0.1856, -0.0209, -0.1180],
        [ 0.1287, -0.2384, -0.0763,  ..., -0.2315,  0.0956,  0.1557],
        [-0.2284,  0.1854,  0.0809,  ...,  0.0577, -0.2131, -0.0509]],
       device='cuda:0', requires_grad=True)

Parameter name: linear_0.bias
Shape: torch.Size([32])
Values: Parameter containing:
tensor([ 0.0621,  0.0375, -0.0696, -0.1404, -0.0764,  0.0548, -0.0956,  0.0542,
        -0.0399,  0.0521,  0.0210,  0.0149, -0.0199,  0.0959, -0.0365, -0.0074,
         0.0486, -0.1598, -0.0221,  0.0755, -0.0750,  0.0176,  0.1131,  0.0271,
        -0.1000,  0.1065,  0.0534, -0.1257,  0.0406,  0.1815,  0.1774, -0.1137],
       device='cuda:0', requires_grad=True)

Parameter name: linear_1.weight
Shape: torch.Size([32, 32])
Values: Parameter containing:
tensor([[ 0.0813, -0.1892, -0.0797,  ...,  0.0843, -0.0211,  0.0524],
        [-0.2033, -0.0356,  0.1271,  ...,  0.1817, -0.0049,  0.0243],
        [ 0.1322, -0.0390, -0.1946,  ..., -0.1720, -0.0118,  0.2078],
        ...,
        [ 0.1403,  0.0799,  0.0579,  ...,  0.0479, -0.2089,  0.3040],
        [ 0.0258, -0.1723,  0.0470,  ...,  0.2870,  0.2332, -0.1555],
        [ 0.0051, -0.1186,  0.2314,  ...,  0.2569,  0.1443, -0.0726]],
       device='cuda:0', requires_grad=True)

Parameter name: linear_1.bias
Shape: torch.Size([32])
Values: Parameter containing:
tensor([ 0.1286,  0.1714, -0.0601, -0.1341,  0.0253, -0.0219, -0.0830,  0.0181,
         0.1806, -0.1664,  0.1298, -0.1372,  0.2148,  0.0593, -0.0981,  0.1735,
        -0.1052, -0.1768,  0.0550,  0.0477, -0.0567,  0.0755, -0.2256,  0.2105,
        -0.0072, -0.0450,  0.0818,  0.0073, -0.1743, -0.0793,  0.1629,  0.0420],
       device='cuda:0', requires_grad=True)

Parameter name: linear_2.weight
Shape: torch.Size([1, 32])
Values: Parameter containing:
tensor([[ 0.5330,  0.4529, -0.5077, -0.5057,  0.3517,  0.3690, -0.4239,  0.3738,
          0.4353, -0.4677, -0.3909,  0.4089,  0.4096,  0.3944,  0.4414,  0.4223,
         -0.5254, -0.5348,  0.3840,  0.3874, -0.4543, -0.4343, -0.5287,  0.3922,
          0.4770,  0.5295, -0.5049,  0.4957, -0.4345, -0.5222,  0.4726,  0.5166]],
       device='cuda:0', requires_grad=True)

Parameter name: linear_2.bias
Shape: torch.Size([1])
Values: Parameter containing:
tensor([0.3097], device='cuda:0', requires_grad=True)

