Parameter name: road_linear_0.weight
Shape: torch.Size([32, 16])
Values: Parameter containing:
tensor([[-3.0874e-01,  5.0775e-01,  6.7678e-02, -6.6560e-02,  4.0211e-01,
          2.0727e-01,  4.1039e-01,  1.9142e-01,  3.6155e-01,  1.9213e-01,
          1.3874e-01, -3.4286e-01, -3.9766e-01, -2.6628e-01,  3.7860e-01,
          1.1258e-01],
        [-9.0784e-02, -1.5350e-01,  8.2947e-02, -1.4650e-01,  1.5344e-01,
          2.1195e-01,  3.2773e-02,  3.7582e-01,  7.2831e-01, -5.0874e-02,
          3.0548e-01, -4.7039e-01,  8.6118e-02,  1.3713e-01,  7.1083e-01,
          9.1659e-02],
        [ 1.6554e-01, -2.4618e-01,  3.6697e-01, -1.0812e-01, -4.1026e-01,
         -3.7739e-01, -2.5859e-01, -6.7380e-01, -1.8698e-01, -6.4737e-02,
          9.5218e-02,  1.8727e-01,  6.4913e-01,  2.8851e-01, -1.1623e-01,
          2.7207e-01],
        [ 3.9818e-02, -1.1612e-01, -1.5524e-01,  1.0728e-01, -1.5603e-01,
         -1.2356e-01,  2.1964e-02, -2.7203e-01, -7.0824e-01, -1.7399e-01,
         -2.2866e-01,  5.0538e-01,  1.6475e-01, -3.6600e-01, -4.6366e-01,
         -7.0347e-02],
        [ 9.3952e-02,  2.6977e-01,  4.0466e-02, -1.7879e-01,  2.9509e-01,
          3.1482e-02, -7.2538e-02,  5.2067e-01,  4.4966e-01,  8.8622e-02,
          3.4423e-01, -3.0729e-01,  5.2059e-02, -3.1016e-02,  5.4149e-01,
          2.6815e-02],
        [-9.9949e-02,  5.4279e-01, -3.4884e-01,  3.8521e-01,  6.1039e-01,
          1.1180e-02,  4.5106e-01,  1.9325e-01,  3.9005e-01,  2.0642e-01,
         -2.7513e-01, -2.7980e-01, -4.0362e-01,  1.6240e-01,  4.6373e-01,
         -8.9101e-02],
        [ 1.8392e-01, -3.5365e-02,  1.9772e-01, -2.8714e-02, -2.1909e-01,
         -1.4124e-01, -7.9343e-02, -4.3265e-01, -5.4627e-01,  1.6642e-01,
         -1.3378e-01,  2.2957e-01, -1.0619e-01,  6.3640e-03, -5.2087e-01,
         -3.0318e-02],
        [-2.2155e-01,  4.9969e-02,  1.6166e-01, -2.0453e-01, -5.1874e-01,
         -2.2268e-01, -1.0107e-02, -4.6964e-01, -4.6786e-01, -4.3528e-02,
         -1.5323e-01,  2.1931e-01,  2.4670e-01, -2.8925e-01, -3.1200e-01,
          1.8639e-01],
        [-1.3274e-01,  7.0302e-02,  1.1132e-01, -1.0257e-01, -2.8621e-01,
         -2.8469e-01, -3.7854e-02, -3.5347e-01, -3.4038e-01, -1.2567e-01,
         -3.1122e-01,  3.0804e-01, -1.3784e-01, -2.3980e-02, -6.9008e-01,
         -7.8257e-02],
        [-1.2178e-01,  9.2726e-02,  9.1259e-02, -1.5361e-01,  2.4036e-01,
          1.1056e-01, -6.6462e-02,  4.6647e-01,  6.1626e-01, -1.8587e-01,
          3.4821e-01, -2.0878e-01, -1.8369e-01,  1.0062e-01,  4.9941e-01,
         -3.0164e-02],
        [-2.6038e-01,  4.5561e-01,  7.9819e-02, -1.3929e-01,  1.9031e-01,
          3.7457e-01,  2.3224e-01,  3.4138e-01,  6.0520e-01,  1.3131e-01,
          9.6818e-02, -1.9595e-01, -2.4688e-01,  2.5911e-01,  1.9335e-01,
         -2.1719e-01],
        [ 4.9116e-02,  1.0528e-01,  1.7996e-01, -6.7290e-02,  3.6737e-01,
          4.2506e-02,  2.3753e-01,  3.7524e-01,  4.9035e-01,  1.5896e-01,
          3.9331e-01, -1.4725e-01, -3.6260e-01, -3.8566e-02,  3.5705e-01,
         -2.5293e-02],
        [ 1.8294e-01, -2.7682e-02, -1.5975e-02, -4.9516e-02, -2.8334e-01,
          5.0959e-02, -2.6513e-02, -5.4346e-01, -6.4334e-01,  5.2137e-02,
         -1.3811e-01,  2.1426e-01, -8.0342e-02,  2.0439e-03, -4.8553e-01,
         -1.1255e-01],
        [ 2.1664e-02,  1.8936e-01,  1.6096e-01,  1.4421e-01, -4.7027e-01,
          2.3660e-02,  9.0010e-02, -2.9301e-01, -5.7210e-01,  3.2750e-02,
         -3.2995e-01,  3.0571e-01,  3.0495e-02, -1.3891e-01, -6.6750e-01,
          5.1973e-02],
        [-1.9165e-01, -1.0099e-01,  1.3108e-01, -1.9094e-01,  5.5362e-01,
          3.4748e-01, -4.1032e-02,  3.4371e-01,  3.1641e-01, -9.1086e-03,
          2.3088e-01, -5.1932e-01,  5.8864e-04,  8.2394e-02,  3.5837e-01,
          1.8120e-02],
        [-1.5445e-01, -3.4718e-01,  7.3044e-02,  1.5519e-01, -4.9482e-01,
         -1.3595e-02, -1.7464e-01, -5.1323e-01, -4.3883e-01,  6.0690e-02,
         -6.7122e-02,  5.8716e-01,  1.4375e-01, -1.6900e-01, -1.2676e-01,
         -1.0402e-03],
        [ 7.2982e-02,  1.0178e-01, -4.6399e-02, -1.5705e-01, -4.7357e-01,
          3.7837e-02,  8.0262e-02, -1.9084e-01, -6.5962e-01,  3.9603e-02,
          8.0542e-03,  4.5639e-01,  2.3703e-01,  2.1480e-02, -4.0964e-01,
         -2.5719e-01],
        [-2.1405e-01,  2.9130e-01, -1.1897e-01,  3.6949e-02,  3.1791e-01,
          2.5912e-01,  3.2240e-01,  4.4404e-01,  2.4099e-01,  1.7967e-01,
         -5.1590e-02, -3.8262e-01, -2.2140e-01, -7.5116e-02,  3.7819e-01,
         -6.7076e-02],
        [ 2.7199e-01, -3.4212e-01,  9.3353e-02, -2.3449e-01, -4.9990e-01,
         -3.8574e-01, -4.4082e-01, -2.2181e-01, -5.9953e-01, -7.8455e-02,
          1.4046e-01,  1.5388e-01,  4.2503e-01,  1.8660e-01, -1.5926e-01,
          1.6149e-01],
        [ 4.2082e-01, -3.2860e-01,  2.1942e-01, -4.4819e-02, -6.5157e-01,
         -2.5038e-01, -5.2422e-01, -2.3940e-01, -2.5505e-01, -2.3796e-01,
          6.0373e-02,  4.8256e-01,  1.4790e-01,  4.7015e-02, -2.0606e-01,
          1.7161e-01],
        [-4.0525e-02,  2.4638e-01,  1.2237e-01, -1.9958e-01,  3.7838e-01,
         -7.4209e-02,  2.6294e-01,  5.2053e-01,  3.3819e-01, -7.7428e-02,
         -2.1369e-02, -3.5836e-01, -1.4064e-01, -3.5216e-02,  4.7310e-01,
         -1.1119e-01],
        [-4.3900e-03,  3.8703e-02,  7.3658e-02,  2.9210e-01,  3.1230e-01,
          1.0354e-01,  2.3990e-01,  2.2524e-01,  3.7028e-01,  1.4926e-01,
          3.4257e-01, -5.4420e-01, -2.7087e-01, -2.4094e-01,  2.2450e-01,
          1.5232e-01],
        [ 4.0132e-01, -3.8018e-01, -2.4831e-03, -1.0876e-01, -2.9427e-01,
         -3.9431e-01, -4.4473e-01, -4.6639e-01, -4.4667e-01, -1.1505e-01,
          2.5678e-01,  4.3271e-01,  1.1356e-01,  2.4762e-01, -7.8811e-02,
          1.8507e-01],
        [-4.1885e-03,  7.7547e-02,  8.5700e-02, -1.6756e-01, -3.0396e-01,
         -6.8360e-02, -1.2493e-03, -4.3455e-01, -5.6963e-01, -8.8757e-02,
         -2.2544e-01,  4.6046e-01,  1.4587e-01, -1.4074e-01, -4.0889e-01,
         -2.1491e-01],
        [ 1.9228e-02, -3.4440e-01, -3.9271e-02,  3.3899e-02, -8.0765e-02,
         -1.8021e-01,  1.6710e-01, -3.6722e-01, -7.0285e-01,  2.5356e-01,
          6.5963e-02,  1.7099e-01, -4.0679e-02,  3.2016e-02, -5.6910e-01,
          1.5376e-01],
        [-1.5436e-01, -1.0716e-01, -1.2768e-01,  2.3904e-01, -3.1465e-01,
         -1.5795e-01,  9.0590e-02, -5.1125e-01, -4.5232e-01, -1.4742e-01,
         -4.0690e-01,  2.0818e-01,  8.5204e-02,  1.1306e-01, -6.0533e-01,
         -1.0309e-01],
        [ 3.8128e-01, -2.2363e-01,  3.3154e-01, -3.5557e-01, -5.1875e-01,
         -1.6136e-01, -6.4156e-01, -3.0387e-01, -6.1142e-01, -2.3083e-02,
          2.0836e-01,  3.2142e-01,  5.0643e-01,  3.1541e-01, -1.0428e-01,
          3.4750e-01],
        [-1.9875e-01,  2.6352e-01,  1.8072e-01,  8.4101e-02,  5.2974e-01,
         -1.7808e-02,  3.1366e-01,  3.9050e-01,  2.0678e-01, -4.4011e-02,
          3.1349e-01, -4.6891e-01, -2.2977e-01, -4.4847e-02,  2.2666e-01,
          1.8541e-02],
        [ 1.7379e-01, -1.5911e-01, -2.9009e-02,  9.7678e-04, -4.8533e-01,
         -2.2250e-01, -8.7777e-02, -5.3477e-01, -2.2201e-01,  2.9037e-02,
         -5.8253e-02,  3.2276e-01,  3.7168e-01,  1.3833e-01, -1.7710e-01,
          1.2307e-01],
        [-3.4402e-01,  3.8590e-01, -2.9004e-01,  2.3017e-01,  2.1474e-01,
          1.7200e-01,  5.2302e-01,  5.3556e-01,  5.2490e-01,  2.1880e-01,
          7.8224e-02, -2.8413e-01, -1.3787e-01,  8.7637e-02,  2.6913e-01,
         -2.2600e-01],
        [-3.0229e-01,  2.5648e-01,  2.2235e-02, -4.7845e-02,  4.8968e-01,
          3.8622e-01,  5.0677e-01,  2.1635e-01,  4.2686e-01,  2.6953e-01,
         -3.1572e-01, -2.3327e-01, -5.1577e-01, -1.9241e-01,  1.9940e-01,
         -1.9859e-01],
        [-1.3589e-01, -6.2599e-02,  4.3469e-02,  9.9892e-02, -1.2476e-01,
         -2.3106e-01, -2.8645e-01, -5.5379e-01, -5.6336e-01, -8.5082e-02,
         -3.4489e-02,  1.5008e-01, -8.5067e-02,  3.9070e-02, -5.0497e-01,
          1.3422e-02]], device='cuda:0', requires_grad=True)

Parameter name: road_linear_0.bias
Shape: torch.Size([32])
Values: Parameter containing:
tensor([-0.1051,  0.1670,  0.1891, -0.2368,  0.2089, -0.1552, -0.0391,  0.1229,
        -0.1520,  0.1573, -0.0524,  0.1198, -0.0657, -0.1171,  0.1741, -0.0423,
        -0.1938, -0.0756,  0.2020,  0.1274,  0.1024, -0.0936,  0.0957, -0.1258,
        -0.2378, -0.0675,  0.2247,  0.0578, -0.0048, -0.2532, -0.0763, -0.0706],
       device='cuda:0', requires_grad=True)

Parameter name: road_linear_1.weight
Shape: torch.Size([1, 32])
Values: Parameter containing:
tensor([[ 0.5399,  0.7076, -0.4638, -0.6175,  0.6921,  0.6263, -0.6196, -0.6839,
         -0.6377,  0.7429,  0.5370,  0.7182, -0.6290, -0.7899,  0.6472, -0.6178,
         -0.6442,  0.6045, -0.4314, -0.4739,  0.7660,  0.5349, -0.5834, -0.7185,
         -0.6730, -0.7176, -0.5349,  0.6742, -0.6202,  0.6546,  0.4867, -0.5474]],
       device='cuda:0', requires_grad=True)

Parameter name: linear_0.weight
Shape: torch.Size([32, 39])
Values: Parameter containing:
tensor([[-0.0256,  0.1066,  0.0539,  ...,  0.1982, -0.5883, -0.1137],
        [-0.1400, -0.0348,  0.1412,  ...,  0.0529, -0.5169,  0.0871],
        [ 0.0282, -0.0403,  0.0215,  ...,  0.0646,  0.5365,  0.0345],
        ...,
        [ 0.1385, -0.1547, -0.0411,  ..., -0.1694,  0.2326, -0.1180],
        [ 0.1118, -0.2134, -0.0738,  ..., -0.2313,  0.3917,  0.1557],
        [-0.2231,  0.1920,  0.0704,  ...,  0.0840, -0.5124, -0.0509]],
       device='cuda:0', requires_grad=True)

Parameter name: linear_0.bias
Shape: torch.Size([32])
Values: Parameter containing:
tensor([ 0.0862,  0.0268, -0.0608, -0.1337, -0.0857,  0.0437, -0.0834,  0.0701,
        -0.0403,  0.0481,  0.0515,  0.0142, -0.0242,  0.1067, -0.0211, -0.0176,
         0.0554, -0.1661, -0.0008,  0.0936, -0.0960, -0.0052,  0.1195,  0.0592,
        -0.1084,  0.1134,  0.0612, -0.1570,  0.0461,  0.1980,  0.1809, -0.1028],
       device='cuda:0', requires_grad=True)

Parameter name: linear_1.weight
Shape: torch.Size([32, 32])
Values: Parameter containing:
tensor([[ 0.0964, -0.2210,  0.0097,  ...,  0.1126, -0.0029,  0.0698],
        [-0.1879, -0.0635,  0.2106,  ...,  0.2071,  0.0105,  0.0409],
        [ 0.1370, -0.0336, -0.2419,  ..., -0.1750, -0.0121,  0.2177],
        ...,
        [ 0.1453,  0.0882,  0.0200,  ...,  0.0449, -0.2320,  0.3490],
        [ 0.0542, -0.2310,  0.1614,  ...,  0.3389,  0.2750, -0.1228],
        [ 0.0170, -0.1377,  0.2925,  ...,  0.2745,  0.1484, -0.0535]],
       device='cuda:0', requires_grad=True)

Parameter name: linear_1.bias
Shape: torch.Size([32])
Values: Parameter containing:
tensor([ 0.1571,  0.1971, -0.0643, -0.1636,  0.0404, -0.0022, -0.1010,  0.0697,
         0.2230, -0.1740,  0.1358, -0.1491,  0.2503,  0.0709, -0.0563,  0.2233,
         0.0347, -0.1957,  0.0635,  0.0756, -0.0922,  0.0627, -0.2338,  0.2324,
         0.0157, -0.0339,  0.0836,  0.0036, -0.2031, -0.0777,  0.2129,  0.0626],
       device='cuda:0', requires_grad=True)

Parameter name: linear_2.weight
Shape: torch.Size([1, 32])
Values: Parameter containing:
tensor([[ 1.1456,  1.0731, -1.1336, -1.1107,  0.9809,  0.9974, -1.0483,  0.9617,
          1.0285, -1.0995, -1.0134,  1.0118,  1.0126,  1.0241,  1.0350,  1.0082,
         -1.1271, -1.1554,  1.0098,  0.9982, -1.0578, -1.0576, -1.1636,  1.0140,
          1.1007,  1.1350, -1.1353,  1.1124, -1.0512, -1.1553,  1.0570,  1.1321]],
       device='cuda:0', requires_grad=True)

Parameter name: linear_2.bias
Shape: torch.Size([1])
Values: Parameter containing:
tensor([0.8838], device='cuda:0', requires_grad=True)

