Parameter name: road_linear_0.weight
Shape: torch.Size([32, 16])
Values: Parameter containing:
tensor([[-3.0328e-01,  4.8051e-01,  6.7013e-02, -5.6292e-02,  3.5935e-01,
          1.9888e-01,  3.8629e-01,  1.4928e-01,  3.7196e-01,  1.7969e-01,
          1.1410e-01, -3.1120e-01, -4.0026e-01, -2.7750e-01,  3.8228e-01,
          1.0554e-01],
        [-1.1068e-01, -1.5437e-01,  5.9330e-02, -1.2142e-01,  1.4345e-01,
          2.3057e-01,  5.1329e-02,  3.4793e-01,  7.1858e-01, -4.3529e-02,
          2.6253e-01, -4.4967e-01,  5.6744e-02,  1.1229e-01,  6.9238e-01,
          6.6283e-02],
        [ 1.5145e-01, -2.1517e-01,  3.5834e-01, -1.1197e-01, -3.4340e-01,
         -3.5704e-01, -2.1572e-01, -6.2216e-01, -1.8509e-01, -4.5650e-02,
          1.1742e-01,  1.4680e-01,  6.3950e-01,  2.9549e-01, -1.0873e-01,
          2.7245e-01],
        [ 6.1520e-02, -1.1698e-01, -1.3023e-01,  8.0558e-02, -1.4643e-01,
         -1.4312e-01,  2.6616e-03, -2.4269e-01, -6.9848e-01, -1.8248e-01,
         -1.8415e-01,  4.8437e-01,  1.9622e-01, -3.3934e-01, -4.4522e-01,
         -4.3407e-02],
        [ 7.0918e-02,  2.7462e-01,  1.6535e-02, -1.5317e-01,  2.8598e-01,
          4.8518e-02, -5.4730e-02,  4.9363e-01,  4.3775e-01,  9.8502e-02,
          3.0055e-01, -2.9181e-01,  2.0892e-02, -5.7746e-02,  5.2803e-01,
         -6.4164e-05],
        [-8.5207e-02,  5.1278e-01, -3.3975e-01,  3.8835e-01,  5.5534e-01,
         -4.3165e-03,  4.1275e-01,  1.4840e-01,  3.9443e-01,  1.8747e-01,
         -2.9443e-01, -2.4416e-01, -3.9686e-01,  1.5684e-01,  4.6228e-01,
         -8.8835e-02],
        [ 2.0422e-01, -3.1021e-02,  2.2271e-01, -5.6064e-02, -2.0734e-01,
         -1.6238e-01, -9.5082e-02, -4.0232e-01, -5.4328e-01,  1.6038e-01,
         -8.9339e-02,  2.0765e-01, -7.4637e-02,  3.3226e-02, -5.0908e-01,
         -3.9970e-03],
        [-2.0808e-01,  6.2164e-02,  1.8265e-01, -2.2916e-01, -5.0454e-01,
         -2.4182e-01, -2.0316e-02, -4.3842e-01, -4.7080e-01, -4.4634e-02,
         -1.1428e-01,  1.9376e-01,  2.7238e-01, -2.6710e-01, -3.0262e-01,
          2.0817e-01],
        [-1.1046e-01,  7.2367e-02,  1.3771e-01, -1.3075e-01, -2.7299e-01,
         -3.0486e-01, -5.7626e-02, -3.2069e-01, -3.2897e-01, -1.3401e-01,
         -2.6432e-01,  2.8225e-01, -1.0584e-01,  3.8261e-03, -6.6874e-01,
         -5.0207e-02],
        [-1.4228e-01,  9.2351e-02,  6.6670e-02, -1.2723e-01,  2.3190e-01,
          1.3066e-01, -4.7693e-02,  4.3812e-01,  6.0791e-01, -1.7783e-01,
          3.0566e-01, -1.8841e-01, -2.1385e-01,  7.5039e-02,  4.8147e-01,
         -5.6192e-02],
        [-2.6128e-01,  4.3134e-01,  6.8835e-02, -1.2104e-01,  1.6199e-01,
          3.8130e-01,  2.2403e-01,  3.0422e-01,  6.1728e-01,  1.2327e-01,
          6.7595e-02, -1.6593e-01, -2.5873e-01,  2.4415e-01,  1.9250e-01,
         -2.3013e-01],
        [ 3.1329e-02,  9.8331e-02,  1.5556e-01, -4.0103e-02,  3.5607e-01,
          6.3022e-02,  2.5354e-01,  3.4366e-01,  4.8858e-01,  1.6401e-01,
          3.5118e-01, -1.2237e-01, -3.9221e-01, -6.4021e-02,  3.4218e-01,
         -5.0191e-02],
        [ 2.0694e-01, -2.9611e-02,  1.0951e-02, -7.8111e-02, -2.7509e-01,
          2.9160e-02, -4.5677e-02, -5.1531e-01, -6.3723e-01,  4.2846e-02,
         -9.1831e-02,  1.9700e-01, -4.6097e-02,  3.0872e-02, -4.7289e-01,
         -8.3893e-02],
        [ 4.2279e-02,  1.9040e-01,  1.8545e-01,  1.1794e-01, -4.5894e-01,
          5.0911e-03,  7.1378e-02, -2.6258e-01, -5.6091e-01,  2.4729e-02,
         -2.8656e-01,  2.8253e-01,  6.0087e-02, -1.1312e-01, -6.4690e-01,
          7.8208e-02],
        [-2.1315e-01, -1.0152e-01,  1.0612e-01, -1.6419e-01,  5.4384e-01,
          3.6797e-01, -2.2611e-02,  3.1461e-01,  3.0816e-01, -1.1083e-03,
          1.8664e-01, -4.9867e-01, -3.0947e-02,  5.6013e-02,  3.4230e-01,
         -8.5349e-03],
        [-1.4018e-01, -3.3967e-01,  9.2451e-02,  1.3214e-01, -4.8455e-01,
         -3.1446e-02, -1.8340e-01, -4.8574e-01, -4.4454e-01,  5.9033e-02,
         -2.9734e-02,  5.6885e-01,  1.7004e-01, -1.4750e-01, -1.2589e-01,
          2.0064e-02],
        [ 9.5841e-02,  1.0270e-01, -1.9578e-02, -1.8577e-01, -4.6231e-01,
          1.6085e-02,  5.9771e-02, -1.5910e-01, -6.4938e-01,  3.0961e-02,
          5.5810e-02,  4.3128e-01,  2.7144e-01,  5.0421e-02, -3.8996e-01,
         -2.2867e-01],
        [-2.0508e-01,  2.6076e-01, -1.1974e-01,  4.7671e-02,  2.7661e-01,
          2.5512e-01,  2.9758e-01,  4.0394e-01,  2.5491e-01,  1.6448e-01,
         -7.3740e-02, -3.5022e-01, -2.2282e-01, -8.3856e-02,  3.8117e-01,
         -7.2556e-02],
        [ 2.5408e-01, -3.0865e-01,  8.1668e-02, -2.3691e-01, -4.3561e-01,
         -3.6542e-01, -3.9592e-01, -1.7111e-01, -5.9919e-01, -5.6953e-02,
          1.5995e-01,  1.1303e-01,  4.1218e-01,  1.9018e-01, -1.5460e-01,
          1.5904e-01],
        [ 4.0992e-01, -3.0021e-01,  2.1562e-01, -5.2436e-02, -5.8578e-01,
         -2.3354e-01, -4.8730e-01, -1.8747e-01, -2.5214e-01, -2.2190e-01,
          8.4311e-02,  4.4264e-01,  1.4083e-01,  5.7377e-02, -1.9297e-01,
          1.7560e-01],
        [-5.4487e-02,  2.3954e-01,  1.0414e-01, -1.7747e-01,  3.6843e-01,
         -5.7679e-02,  2.6991e-01,  4.9440e-01,  3.4525e-01, -7.5781e-02,
         -5.7526e-02, -3.4314e-01, -1.6620e-01, -5.6286e-02,  4.7667e-01,
         -1.3167e-01],
        [-1.0944e-02,  1.8027e-02,  5.7612e-02,  3.1440e-01,  2.7968e-01,
          1.0885e-01,  2.3772e-01,  1.8426e-01,  3.7118e-01,  1.4588e-01,
          3.0767e-01, -5.1063e-01, -2.8439e-01, -2.6061e-01,  2.1270e-01,
          1.3457e-01],
        [ 3.8904e-01, -3.5125e-01, -8.3072e-03, -1.1466e-01, -2.3209e-01,
         -3.7762e-01, -4.0686e-01, -4.1774e-01, -4.4637e-01, -9.7732e-02,
          2.7844e-01,  3.9482e-01,  1.0587e-01,  2.5570e-01, -7.1222e-02,
          1.8719e-01],
        [ 1.8510e-02,  7.7908e-02,  1.1222e-01, -1.9559e-01, -2.9479e-01,
         -9.0920e-02, -2.1636e-02, -4.0500e-01, -5.6274e-01, -9.7087e-02,
         -1.7937e-01,  4.3844e-01,  1.7988e-01, -1.1273e-01, -3.9170e-01,
         -1.8704e-01],
        [ 4.1906e-02, -3.4434e-01, -1.2769e-02,  5.6258e-03, -7.1777e-02,
         -2.0246e-01,  1.4726e-01, -3.3778e-01, -6.9496e-01,  2.4479e-01,
          1.1197e-01,  1.4944e-01, -6.8844e-03,  6.0394e-02, -5.5202e-01,
          1.8179e-01],
        [-1.2936e-01, -1.1585e-01, -1.0275e-01,  2.1272e-01, -3.0939e-01,
         -1.7574e-01,  7.1273e-02, -4.8838e-01, -4.4008e-01, -1.5948e-01,
         -3.6368e-01,  1.9925e-01,  1.1756e-01,  1.4066e-01, -5.9517e-01,
         -7.5255e-02],
        [ 3.6768e-01, -2.0049e-01,  3.1428e-01, -3.5061e-01, -4.4359e-01,
         -1.3223e-01, -5.9256e-01, -2.4719e-01, -5.9022e-01, -5.6875e-03,
          2.3135e-01,  2.8141e-01,  4.8828e-01,  3.2119e-01, -9.0670e-02,
          3.4336e-01],
        [-2.0566e-01,  2.4558e-01,  1.6536e-01,  1.0495e-01,  5.0816e-01,
         -7.2562e-03,  3.1427e-01,  3.5628e-01,  2.1339e-01, -4.7198e-02,
          2.8095e-01, -4.4115e-01, -2.4667e-01, -6.2656e-02,  2.2108e-01,
          1.7432e-03],
        [ 1.7323e-01, -1.3289e-01, -1.7729e-02, -1.7486e-02, -4.5819e-01,
         -2.3150e-01, -8.0504e-02, -4.9817e-01, -2.3527e-01,  3.8047e-02,
         -2.9935e-02,  2.9133e-01,  3.8318e-01,  1.5231e-01, -1.7431e-01,
          1.3546e-01],
        [-3.3394e-01,  3.5854e-01, -2.8475e-01,  2.3561e-01,  1.5785e-01,
          1.5648e-01,  4.8809e-01,  4.9015e-01,  5.2754e-01,  2.0306e-01,
          5.6476e-02, -2.4932e-01, -1.3296e-01,  7.8690e-02,  2.6534e-01,
         -2.2922e-01],
        [-2.8737e-01,  2.2514e-01,  3.1268e-02, -4.3761e-02,  4.2384e-01,
          3.6589e-01,  4.6496e-01,  1.6410e-01,  4.2386e-01,  2.5028e-01,
         -3.3750e-01, -1.9219e-01, -5.0492e-01, -1.9866e-01,  1.9183e-01,
         -1.9842e-01],
        [-1.1695e-01, -5.6452e-02,  6.8276e-02,  7.2557e-02, -1.1477e-01,
         -2.5455e-01, -3.0244e-01, -5.2366e-01, -5.6361e-01, -8.9980e-02,
          9.5768e-03,  1.2746e-01, -5.2739e-02,  6.5283e-02, -4.9396e-01,
          3.9077e-02]], device='cuda:0', requires_grad=True)

Parameter name: road_linear_0.bias
Shape: torch.Size([32])
Values: Parameter containing:
tensor([-0.1071,  0.1458,  0.1905, -0.2074,  0.1700, -0.1543, -0.0167,  0.1258,
        -0.1226,  0.1350, -0.0429,  0.1114, -0.0312, -0.0904,  0.1438, -0.0290,
        -0.1677, -0.0666,  0.2002,  0.1280,  0.0867, -0.0917,  0.0960, -0.1002,
        -0.2106, -0.0297,  0.2357,  0.0607, -0.0207, -0.2567, -0.0761, -0.0570],
       device='cuda:0', requires_grad=True)

Parameter name: road_linear_1.weight
Shape: torch.Size([1, 32])
Values: Parameter containing:
tensor([[ 0.5045,  0.6608, -0.4365, -0.5622,  0.6330,  0.6020, -0.5744, -0.6444,
         -0.5797,  0.6936,  0.4974,  0.6646, -0.5752, -0.7371,  0.5916, -0.5680,
         -0.5983,  0.5708, -0.4099, -0.4447,  0.7185,  0.4968, -0.5557, -0.6651,
         -0.6305, -0.6625, -0.5140,  0.6273, -0.5830,  0.6241,  0.4637, -0.5014]],
       device='cuda:0', requires_grad=True)

Parameter name: linear_0.weight
Shape: torch.Size([32, 39])
Values: Parameter containing:
tensor([[-0.0222,  0.0988,  0.0538,  ...,  0.1906, -0.5090, -0.1137],
        [-0.1383, -0.0364,  0.1391,  ...,  0.0545, -0.4802,  0.0871],
        [ 0.0269, -0.0393,  0.0234,  ...,  0.0637,  0.4683,  0.0345],
        ...,
        [ 0.1394, -0.1575, -0.0403,  ..., -0.1701,  0.1928, -0.1180],
        [ 0.1126, -0.2140, -0.0742,  ..., -0.2303,  0.3388,  0.1557],
        [-0.2159,  0.1772,  0.0686,  ...,  0.0818, -0.4602, -0.0509]],
       device='cuda:0', requires_grad=True)

Parameter name: linear_0.bias
Shape: torch.Size([32])
Values: Parameter containing:
tensor([ 0.0847,  0.0286, -0.0623, -0.1364, -0.0841,  0.0407, -0.0850,  0.0712,
        -0.0390,  0.0481,  0.0504,  0.0174, -0.0247,  0.1052, -0.0233, -0.0167,
         0.0522, -0.1652, -0.0015,  0.0921, -0.0935, -0.0013,  0.1181,  0.0535,
        -0.1095,  0.1121,  0.0588, -0.1513,  0.0456,  0.1972,  0.1816, -0.1034],
       device='cuda:0', requires_grad=True)

Parameter name: linear_1.weight
Shape: torch.Size([32, 32])
Values: Parameter containing:
tensor([[ 0.0924, -0.2160, -0.0014,  ...,  0.1070, -0.0040,  0.0627],
        [-0.1908, -0.0594,  0.1997,  ...,  0.2025,  0.0100,  0.0356],
        [ 0.1301, -0.0290, -0.2413,  ..., -0.1793, -0.0168,  0.2090],
        ...,
        [ 0.1370,  0.0894,  0.0262,  ...,  0.0422, -0.2267,  0.3233],
        [ 0.0458, -0.2210,  0.1452,  ...,  0.3286,  0.2693, -0.1347],
        [ 0.0145, -0.1345,  0.2834,  ...,  0.2705,  0.1493, -0.0595]],
       device='cuda:0', requires_grad=True)

Parameter name: linear_1.bias
Shape: torch.Size([32])
Values: Parameter containing:
tensor([ 0.1518,  0.1929, -0.0688, -0.1574,  0.0401, -0.0041, -0.0990,  0.0593,
         0.2138, -0.1776,  0.1376, -0.1903,  0.2422,  0.0728, -0.0644,  0.2139,
         0.0061, -0.1939,  0.0657,  0.0699, -0.0847,  0.0626, -0.2370,  0.2296,
         0.0125, -0.0924,  0.0810,  0.0112, -0.1980, -0.0821,  0.2033,  0.0588],
       device='cuda:0', requires_grad=True)

Parameter name: linear_2.weight
Shape: torch.Size([1, 32])
Values: Parameter containing:
tensor([[ 1.0505,  0.9774, -1.0367, -1.0159,  0.8842,  0.9009, -0.9520,  0.8681,
          0.9345, -1.0021, -0.9146,  0.9206,  0.9177,  0.9272,  0.9411,  0.9148,
         -1.0341, -1.0594,  0.9130,  0.9030, -0.9631, -0.9612, -1.0659,  0.9181,
          1.0047,  1.0421, -1.0373,  1.0155, -0.9558, -1.0570,  0.9637,  1.0365]],
       device='cuda:0', requires_grad=True)

Parameter name: linear_2.bias
Shape: torch.Size([1])
Values: Parameter containing:
tensor([0.7909], device='cuda:0', requires_grad=True)

