Parameter name: road_linear_0.weight
Shape: torch.Size([32, 16])
Values: Parameter containing:
tensor([[-5.6278e-03,  3.6084e-01,  2.8788e-01, -3.0710e-01,  1.3175e-01,
         -1.4226e-01,  2.0805e-01, -7.8706e-02, -1.0914e-01, -5.8949e-02,
         -2.9638e-02, -1.1161e-01, -2.6611e-01, -8.5668e-02,  2.5109e-01,
          3.6668e-01],
        [-2.4540e-01, -3.8018e-01, -9.1621e-02, -1.7056e-02, -3.2157e-01,
          2.4470e-01, -1.7841e-02, -1.8428e-01,  1.9594e-01,  1.3167e-01,
          3.3771e-01,  9.1357e-02,  2.2384e-01, -8.8156e-02,  7.9493e-02,
         -8.5855e-02],
        [ 9.2162e-02,  2.6589e-01,  3.7500e-01, -1.1990e-01,  2.9347e-01,
         -3.4668e-01,  1.7852e-01, -7.2146e-02,  1.5685e-01, -7.0588e-02,
         -3.3811e-02, -3.9733e-01,  1.0914e-01,  3.3746e-01,  2.7414e-01,
          2.7020e-01],
        [-1.0891e-01, -2.3676e-01, -2.7626e-01,  2.7703e-01, -1.0898e-01,
          1.7526e-01, -4.8872e-03, -9.3350e-02, -2.6715e-01, -3.8739e-02,
          1.0575e-01,  3.4506e-01,  2.2761e-01, -4.2474e-01, -2.3816e-01,
         -2.1019e-01],
        [-9.4903e-02,  4.6348e-02, -1.5633e-01, -3.3771e-02, -1.4119e-01,
          7.8990e-02, -2.1251e-01, -2.8914e-02, -1.9116e-02,  2.9724e-01,
          3.6807e-01,  1.9521e-01,  2.8692e-01, -2.8261e-01,  8.1439e-03,
         -1.6140e-01],
        [-9.6628e-03,  8.0846e-02, -3.5194e-01,  4.0012e-01,  3.2176e-02,
         -2.3906e-02,  7.8966e-02, -3.6947e-01,  5.0110e-02,  2.1752e-01,
         -5.8247e-02,  2.6301e-01, -1.1112e-02,  7.7015e-02,  9.0119e-02,
         -8.6549e-02],
        [ 2.7320e-01,  2.4010e-01,  4.0909e-01, -1.2442e-01,  1.9158e-01,
         -2.2329e-01, -1.0758e-01,  1.0143e-01, -1.6836e-03,  2.9203e-02,
         -7.0995e-02, -2.8337e-01, -1.4484e-01,  2.8130e-01, -7.7545e-02,
          1.6819e-01],
        [-7.2741e-02,  3.5527e-01,  3.5781e-01, -3.5045e-01, -7.8634e-02,
         -3.1350e-01,  5.3669e-02,  3.4568e-02, -2.6275e-02, -2.1066e-01,
         -1.0435e-01, -2.7968e-01,  7.7868e-02, -3.2545e-02,  9.5455e-02,
          3.7213e-01],
        [ 2.8177e-02,  3.4199e-01,  2.8434e-01, -2.3469e-01,  2.4631e-01,
         -3.3613e-01,  1.1435e-01,  2.3070e-01,  1.9642e-01, -3.0564e-01,
         -2.6676e-01, -2.8519e-01, -3.4874e-01,  2.0456e-01, -1.2809e-01,
          9.6449e-02],
        [-2.8824e-01, -1.4243e-01, -8.5278e-02, -2.0181e-02, -2.3551e-01,
          1.4883e-01, -2.1610e-01, -1.0707e-01,  1.0912e-01, -1.7070e-03,
          3.5201e-01,  3.4515e-01,  8.4133e-02, -1.2162e-01, -1.0079e-01,
         -2.0402e-01],
        [-3.6193e-01,  2.9400e-02, -5.6595e-02, -2.6871e-02, -3.8983e-01,
          4.2811e-01, -7.7653e-02, -2.4185e-01,  2.1531e-01,  2.6269e-01,
          1.6702e-01,  3.7876e-01,  1.4985e-01,  6.5910e-02, -2.8086e-01,
         -3.4103e-01],
        [-1.3571e-01, -1.9389e-01, -2.6031e-02,  9.5451e-02, -1.2875e-01,
          1.2899e-01,  2.6961e-02, -1.8908e-01,  1.0851e-01,  3.6571e-01,
          2.0531e-01,  4.1055e-01, -7.9109e-02, -3.0743e-01,  5.7038e-04,
         -2.2953e-01],
        [ 3.2341e-01,  2.8353e-01,  1.5812e-01, -1.6235e-01,  2.1303e-01,
          2.3657e-02,  5.2595e-02,  5.1987e-02, -3.1108e-02, -1.1277e-01,
         -1.9281e-01, -3.4663e-01, -2.2202e-01,  2.2392e-01,  8.4981e-02,
          4.1282e-02],
        [ 2.0493e-01,  3.9366e-01,  3.6276e-01, -8.9505e-03, -3.1811e-02,
         -2.4345e-02,  1.1442e-01,  2.4408e-01, -2.4799e-02, -1.6573e-01,
         -3.0861e-01, -2.1805e-01, -7.3554e-02,  1.1543e-01, -1.1703e-01,
          2.5190e-01],
        [-3.8296e-01, -3.4942e-01, -6.4774e-02, -3.8515e-02,  6.4112e-02,
          4.1726e-01, -1.7510e-01, -2.1494e-01, -1.6050e-01,  1.9257e-01,
          1.8003e-01,  3.4736e-02,  2.1519e-01, -1.6967e-01, -1.8828e-01,
         -1.7632e-01],
        [-3.7364e-01, -2.3039e-01,  1.5123e-02,  3.3051e-01, -2.0627e-01,
          1.9967e-01,  1.9084e-02, -1.5033e-01,  4.8956e-02,  2.2226e-01,
          5.7330e-02,  2.4632e-01,  2.8991e-02, -2.0946e-01,  2.0994e-01,
         -1.1220e-01],
        [ 3.1600e-01,  3.1704e-01,  2.0689e-01, -3.5643e-01, -8.9600e-02,
         -5.5606e-02,  1.0929e-01,  3.0958e-01, -2.2242e-01, -2.0325e-01,
          2.8707e-02, -3.6491e-02,  1.3846e-01,  3.6166e-01,  5.3144e-02,
          2.8072e-04],
        [-2.9726e-01, -6.4803e-02, -2.5980e-01,  1.4748e-01, -1.1577e-01,
          3.2727e-01,  1.1905e-01, -2.0400e-02, -5.1890e-03,  3.0027e-01,
          7.0528e-02,  6.5704e-02,  8.7926e-03, -3.0365e-01,  9.8012e-02,
         -2.0693e-01],
        [ 2.4430e-01,  1.4054e-01,  1.5138e-01, -2.9059e-01,  1.5222e-01,
         -3.8748e-01, -5.5070e-02,  3.5111e-01, -2.5833e-01, -1.2486e-01,
         -6.4547e-02, -3.9830e-01, -5.6383e-02,  2.9341e-01,  2.6167e-01,
          2.1143e-01],
        [ 3.8617e-01,  1.8265e-01,  2.7129e-01, -1.0371e-01,  7.4841e-03,
         -2.4211e-01, -4.2167e-02,  3.7646e-01,  5.9396e-02, -2.9280e-01,
         -1.3071e-01, -1.1183e-01, -3.8332e-01,  1.7511e-01,  1.8658e-01,
          2.1683e-01],
        [-1.7796e-01,  2.6179e-02, -2.6251e-02, -8.3312e-02,  1.9379e-02,
         -4.7283e-02,  7.6487e-02,  6.9828e-02,  2.8558e-02,  7.1034e-02,
          3.2744e-02,  3.7551e-02,  8.0818e-02, -2.4747e-01,  1.4702e-01,
         -2.5255e-01],
        [-6.1521e-02, -3.8123e-01, -2.5638e-02,  3.6518e-01, -3.3310e-01,
          1.0143e-01, -3.8359e-02, -3.9523e-01, -1.1594e-01,  2.5310e-01,
          2.6642e-01,  8.7750e-02,  1.3144e-01, -3.9651e-01, -2.8316e-01,
          5.6045e-02],
        [ 3.6239e-01,  6.9900e-02,  5.4112e-02, -1.6088e-01,  2.6681e-01,
         -4.0713e-01, -7.8421e-02,  7.5652e-02, -1.1572e-01, -1.6375e-01,
          2.4664e-02, -1.0383e-01, -2.8890e-01,  3.8261e-01,  2.8272e-01,
          2.4060e-01],
        [ 2.6497e-01,  2.3889e-01,  3.6007e-01, -3.8066e-01, -7.5297e-03,
         -1.9884e-01, -4.6532e-03, -7.4399e-03, -2.4096e-01, -3.4763e-01,
         -1.9419e-01,  5.0242e-02,  1.0987e-01,  2.2653e-01, -6.2406e-02,
          6.2902e-02],
        [ 1.9201e-01, -7.3574e-02,  1.5164e-01, -1.0813e-01,  3.8420e-01,
         -2.4144e-01,  2.2912e-01,  1.8727e-01, -1.2950e-01,  6.2912e-02,
          3.2921e-02, -3.6412e-01, -1.4577e-01,  2.8092e-01, -1.7788e-02,
          3.4200e-01],
        [ 4.8877e-02,  7.5264e-02,  8.6290e-02,  8.1030e-02,  6.7192e-02,
         -2.1975e-01,  9.2548e-02, -1.1270e-02,  7.1531e-02, -3.6398e-01,
         -4.0236e-01, -2.2465e-01,  5.2122e-03,  3.7812e-01, -8.4495e-02,
          9.5502e-02],
        [ 2.3223e-01,  2.4658e-01,  3.0176e-01, -3.5619e-01,  9.6948e-02,
         -1.1003e-01, -1.2577e-01,  2.8669e-01, -2.3786e-01, -1.0917e-02,
         -3.7802e-02, -2.3379e-01, -1.3376e-02,  3.6243e-01,  2.6486e-01,
          3.1629e-01],
        [-3.1636e-01, -9.0698e-02,  2.5912e-02,  1.9809e-01,  1.9899e-02,
          2.7260e-02,  6.4986e-02, -1.8413e-01, -1.6493e-01,  1.2112e-01,
          3.6036e-01,  8.6688e-02,  5.6526e-02, -2.8094e-01, -1.7930e-01,
         -1.3109e-01],
        [ 3.2606e-01,  1.8814e-01,  1.4552e-01, -1.4691e-01, -1.9863e-02,
         -3.0480e-01,  1.5424e-01, -3.3177e-02,  3.4743e-02, -1.3699e-01,
          2.7568e-03, -1.8220e-01,  4.8339e-02,  3.8606e-01,  1.1411e-01,
          2.9451e-01],
        [-2.5645e-01, -4.4619e-02, -3.2400e-01,  2.4657e-01, -3.1845e-01,
          1.6559e-01,  2.3499e-01,  6.8195e-03,  1.6036e-01,  2.3959e-01,
          2.7280e-01,  2.2796e-01,  1.6379e-01, -1.9949e-02, -5.9477e-02,
         -2.5055e-01],
        [-2.9571e-01, -2.2157e-01, -4.3938e-02,  2.6479e-02, -1.0313e-01,
          3.9415e-01,  7.6525e-02, -3.5297e-01,  1.4107e-01,  3.3838e-01,
         -1.8628e-01,  3.2719e-01, -7.5765e-03, -3.3923e-01, -1.1202e-01,
         -2.6682e-01],
        [ 6.9679e-02,  2.3535e-01,  2.6279e-01, -6.7634e-02,  3.6167e-01,
         -3.3483e-01, -1.9397e-01, -2.7906e-02, -1.4657e-01, -2.8395e-01,
         -7.0083e-02, -3.4756e-01, -2.4772e-01,  3.1763e-01, -2.9297e-02,
          2.2372e-01]], device='cuda:0', requires_grad=True)

Parameter name: road_linear_0.bias
Shape: torch.Size([32])
Values: Parameter containing:
tensor([-0.1143,  0.1667,  0.1782, -0.1943,  0.1476, -0.0675,  0.0203,  0.1484,
        -0.1667,  0.0715,  0.0623,  0.0829,  0.0755, -0.0475,  0.0186,  0.0391,
        -0.1450, -0.0110,  0.0278, -0.0281, -0.0393, -0.1279, -0.0977, -0.0846,
        -0.3353,  0.1203,  0.1118,  0.1050, -0.0673, -0.1250,  0.0691, -0.0595],
       device='cuda:0', requires_grad=True)

Parameter name: road_linear_1.weight
Shape: torch.Size([1, 32])
Values: Parameter containing:
tensor([[-0.1484,  0.2522, -0.1596,  0.1775,  0.2254,  0.2610, -0.2392, -0.3258,
         -0.2691,  0.2894,  0.2098,  0.3307, -0.1929, -0.3574,  0.2437,  0.1012,
         -0.2490,  0.2744, -0.1693, -0.1978,  0.1433,  0.3256, -0.3306, -0.3249,
         -0.2739, -0.2554, -0.2694,  0.2017, -0.3065,  0.3514,  0.2395, -0.1906]],
       device='cuda:0', requires_grad=True)

Parameter name: linear_0.weight
Shape: torch.Size([32, 39])
Values: Parameter containing:
tensor([[-0.0223,  0.0828, -0.0040,  ..., -0.0030, -0.1580, -0.1137],
        [ 0.0166, -0.1674,  0.1401,  ...,  0.0163, -0.1542,  0.0871],
        [-0.1424,  0.1135,  0.0665,  ...,  0.1120,  0.0694,  0.0345],
        ...,
        [ 0.1377, -0.1289,  0.0578,  ..., -0.0710, -0.0697, -0.1180],
        [-0.0334, -0.0917, -0.0471,  ..., -0.1687, -0.0348,  0.1557],
        [-0.2078,  0.1224, -0.0259,  ..., -0.0800, -0.1442, -0.0509]],
       device='cuda:0', requires_grad=True)

Parameter name: linear_0.bias
Shape: torch.Size([32])
Values: Parameter containing:
tensor([ 0.0187,  0.1110, -0.1470, -0.0671, -0.0057, -0.0354, -0.1838,  0.1171,
        -0.0523,  0.1383,  0.0899, -0.0562, -0.0552,  0.0936, -0.1316, -0.0766,
         0.0985, -0.1711,  0.0069,  0.0503, -0.1345,  0.1102,  0.0489, -0.0642,
        -0.0147,  0.1260, -0.0207, -0.1566,  0.0403,  0.2014,  0.1059, -0.1396],
       device='cuda:0', requires_grad=True)

Parameter name: linear_1.weight
Shape: torch.Size([32, 32])
Values: Parameter containing:
tensor([[ 0.2137, -0.1250, -0.0845,  ..., -0.0701, -0.0891,  0.1832],
        [-0.0133,  0.0084,  0.1233,  ..., -0.0176, -0.0561,  0.2239],
        [-0.0438, -0.0970, -0.1676,  ...,  0.0089,  0.0545,  0.0200],
        ...,
        [-0.0274,  0.0386,  0.0864,  ...,  0.1910, -0.1460,  0.1346],
        [ 0.1728, -0.0960,  0.0689,  ...,  0.0762,  0.1728,  0.0004],
        [ 0.1557, -0.0703,  0.2221,  ...,  0.1028,  0.0824,  0.0824]],
       device='cuda:0', requires_grad=True)

Parameter name: linear_1.bias
Shape: torch.Size([32])
Values: Parameter containing:
tensor([ 0.0339,  0.0377,  0.0521,  0.0061, -0.1201, -0.1758,  0.0479, -0.1675,
         0.0394, -0.0576,  0.2179, -0.1935,  0.0918,  0.0950, -0.2095, -0.0127,
        -0.0660, -0.1005, -0.0526, -0.0948,  0.0866,  0.1858, -0.1161,  0.1786,
        -0.1446, -0.0783,  0.1580, -0.1316, -0.0413, -0.0065,  0.0097, -0.0450],
       device='cuda:0', requires_grad=True)

Parameter name: linear_2.weight
Shape: torch.Size([1, 32])
Values: Parameter containing:
tensor([[ 0.2657,  0.1730, -0.2790, -0.2379,  0.1349,  0.1243, -0.1724,  0.1904,
          0.1731, -0.1637, -0.1585,  0.1681,  0.1599, -0.1331,  0.2058,  0.1429,
         -0.2619, -0.2747,  0.1290,  0.1668, -0.2268, -0.2057, -0.2773, -0.0903,
          0.2392,  0.2716, -0.2508,  0.2423, -0.1817, -0.2620,  0.2434,  0.2548]],
       device='cuda:0', requires_grad=True)

Parameter name: linear_2.bias
Shape: torch.Size([1])
Values: Parameter containing:
tensor([-0.0979], device='cuda:0', requires_grad=True)

