Parameter name: road_linear_0.weight
Shape: torch.Size([32, 16])
Values: Parameter containing:
tensor([[-0.3186,  0.5122,  0.0531, -0.0564,  0.3904,  0.2195,  0.4338,  0.1794,
          0.3566,  0.1902,  0.1202, -0.3155, -0.4198, -0.2839,  0.3583,  0.1015],
        [-0.0856, -0.1606,  0.0844, -0.1492,  0.1488,  0.2128,  0.0330,  0.3809,
          0.7394, -0.0627,  0.3086, -0.4542,  0.0868,  0.1363,  0.7125,  0.0958],
        [ 0.1911, -0.2661,  0.3901, -0.1255, -0.4016, -0.3896, -0.2904, -0.6583,
         -0.1753, -0.0751,  0.1250,  0.1620,  0.6830,  0.3186, -0.0961,  0.2957],
        [ 0.0348, -0.1092, -0.1556,  0.1088, -0.1518, -0.1260,  0.0206, -0.2770,
         -0.7195, -0.1623, -0.2314,  0.4892,  0.1648, -0.3647, -0.4637, -0.0738],
        [ 0.0994,  0.2629,  0.0420, -0.1813,  0.2884,  0.0318, -0.0724,  0.5245,
          0.4588,  0.0766,  0.3473, -0.2906,  0.0528, -0.0318,  0.5418,  0.0307],
        [-0.1245,  0.5595, -0.3744,  0.4047,  0.6002,  0.0252,  0.4842,  0.1786,
          0.3801,  0.2153, -0.3040, -0.2515, -0.4356,  0.1322,  0.4406, -0.1126],
        [ 0.1790, -0.0291,  0.1963, -0.0264, -0.2098, -0.1399, -0.0800, -0.4319,
         -0.5497,  0.1776, -0.1362,  0.2120, -0.1067,  0.0074, -0.5176, -0.0336],
        [-0.2247,  0.0546,  0.1622, -0.2037, -0.5080, -0.2230, -0.0135, -0.4668,
         -0.4695, -0.0338, -0.1519,  0.2014,  0.2485, -0.2864, -0.3056,  0.1847],
        [-0.1380,  0.0772,  0.1105, -0.1008, -0.2809, -0.2857, -0.0387, -0.3574,
         -0.3485, -0.1139, -0.3143,  0.2916, -0.1382, -0.0231, -0.6890, -0.0818],
        [-0.1161,  0.0851,  0.0937, -0.1569,  0.2331,  0.1093, -0.0673,  0.4701,
          0.6251, -0.1980,  0.3517, -0.1918, -0.1818,  0.1004,  0.5004, -0.0258],
        [-0.2642,  0.4571,  0.0726, -0.1349,  0.1762,  0.3804,  0.2461,  0.3327,
          0.6019,  0.1261,  0.0857, -0.1750, -0.2608,  0.2486,  0.1790, -0.2220],
        [ 0.0530,  0.0997,  0.1800, -0.0685,  0.3575,  0.0435,  0.2400,  0.3746,
          0.4944,  0.1482,  0.3946, -0.1300, -0.3639, -0.0407,  0.3526, -0.0230],
        [ 0.1772, -0.0204, -0.0180, -0.0468, -0.2754,  0.0518, -0.0262, -0.5458,
         -0.6496,  0.0642, -0.1413,  0.1969, -0.0817,  0.0024, -0.4844, -0.1166],
        [ 0.0165,  0.1961,  0.1593,  0.1469, -0.4646,  0.0239,  0.0899, -0.2969,
         -0.5806,  0.0446, -0.3330,  0.2889,  0.0296, -0.1381, -0.6682,  0.0481],
        [-0.1863, -0.1082,  0.1317, -0.1925,  0.5479,  0.3489, -0.0399,  0.3474,
          0.3255, -0.0210,  0.2338, -0.5022,  0.0010,  0.0813,  0.3567,  0.0216],
        [-0.1589, -0.3407,  0.0741,  0.1555, -0.4861, -0.0166, -0.1782, -0.5128,
         -0.4453,  0.0716, -0.0683,  0.5694,  0.1459, -0.1666, -0.1203, -0.0034],
        [ 0.0680,  0.1082, -0.0480, -0.1544, -0.4672,  0.0382,  0.0799, -0.1945,
         -0.6665,  0.0509,  0.0045,  0.4406,  0.2358,  0.0220, -0.4091, -0.2610],
        [-0.2253,  0.2973, -0.1342,  0.0476,  0.3057,  0.2705,  0.3465,  0.4321,
          0.2359,  0.1790, -0.0705, -0.3571, -0.2436, -0.0934,  0.3587, -0.0788],
        [ 0.2980, -0.3641,  0.1152, -0.2501, -0.4898, -0.3957, -0.4714, -0.2075,
         -0.5849, -0.0894,  0.1696,  0.1296,  0.4583,  0.2161, -0.1401,  0.1846],
        [ 0.4431, -0.3420,  0.2460, -0.0660, -0.6520, -0.2695, -0.5592, -0.2272,
         -0.2531, -0.2440,  0.0887,  0.4562,  0.1807,  0.0771, -0.1839,  0.1950],
        [-0.0365,  0.2405,  0.1221, -0.2004,  0.3658, -0.0745,  0.2659,  0.5162,
          0.3399, -0.0880, -0.0226, -0.3383, -0.1419, -0.0379,  0.4649, -0.1092],
        [-0.0047,  0.0372,  0.0690,  0.2946,  0.3029,  0.1095,  0.2498,  0.2203,
          0.3713,  0.1413,  0.3353, -0.5245, -0.2799, -0.2481,  0.2144,  0.1502],
        [ 0.4246, -0.3972,  0.0210, -0.1267, -0.2892, -0.4088, -0.4770, -0.4527,
         -0.4391, -0.1230,  0.2848,  0.4074,  0.1459,  0.2765, -0.0582,  0.2074],
        [-0.0092,  0.0846,  0.0854, -0.1661, -0.2991, -0.0706, -0.0026, -0.4390,
         -0.5788, -0.0772, -0.2287,  0.4450,  0.1456, -0.1398, -0.4075, -0.2184],
        [ 0.0135, -0.3373, -0.0426,  0.0379, -0.0709, -0.1763,  0.1687, -0.3693,
         -0.7064,  0.2653,  0.0619,  0.1536, -0.0438,  0.0317, -0.5687,  0.1492],
        [-0.1604, -0.1001, -0.1307,  0.2426, -0.3077, -0.1555,  0.0916, -0.5145,
         -0.4622, -0.1350, -0.4107,  0.1906,  0.0829,  0.1132, -0.6062, -0.1076],
        [ 0.4141, -0.2519,  0.3577, -0.3761, -0.5161, -0.1742, -0.6750, -0.2910,
         -0.5974, -0.0410,  0.2428,  0.3042,  0.5442,  0.3523, -0.0875,  0.3786],
        [-0.1970,  0.2596,  0.1776,  0.0856,  0.5173, -0.0138,  0.3210,  0.3854,
          0.2089, -0.0531,  0.3089, -0.4489, -0.2358, -0.0502,  0.2163,  0.0181],
        [ 0.1773, -0.1605, -0.0227, -0.0026, -0.4707, -0.2273, -0.1004, -0.5267,
         -0.2186,  0.0343, -0.0482,  0.3027,  0.3830,  0.1480, -0.1637,  0.1272],
        [-0.3637,  0.3970, -0.3136,  0.2484,  0.2092,  0.1884,  0.5555,  0.5216,
          0.5205,  0.2235,  0.0519, -0.2565, -0.1684,  0.0606,  0.2471, -0.2463],
        [-0.3279,  0.2772, -0.0013, -0.0302,  0.4845,  0.4000,  0.5387,  0.2034,
          0.4161,  0.2795, -0.3451, -0.2088, -0.5499, -0.2226,  0.1796, -0.2223],
        [-0.1405, -0.0565,  0.0424,  0.1020, -0.1148, -0.2306, -0.2875, -0.5540,
         -0.5671, -0.0740, -0.0368,  0.1331, -0.0853,  0.0402, -0.5014,  0.0103]],
       device='cuda:0', requires_grad=True)

Parameter name: road_linear_0.bias
Shape: torch.Size([32])
Values: Parameter containing:
tensor([-0.1068,  0.1643,  0.2007, -0.2389,  0.2077, -0.1633, -0.0350,  0.1299,
        -0.1544,  0.1533, -0.0622,  0.1169, -0.0652, -0.1135,  0.1781, -0.0472,
        -0.1920, -0.0789,  0.2193,  0.1257,  0.1017, -0.0948,  0.1025, -0.1297,
        -0.2315, -0.0659,  0.2376,  0.0591,  0.0060, -0.2526, -0.0896, -0.0673],
       device='cuda:0', requires_grad=True)

Parameter name: road_linear_1.weight
Shape: torch.Size([1, 32])
Values: Parameter containing:
tensor([[ 0.5506,  0.7126, -0.4873, -0.6181,  0.6943,  0.6438, -0.6295, -0.6946,
         -0.6432,  0.7506,  0.5471,  0.7273, -0.6363, -0.7955,  0.6485, -0.6217,
         -0.6504,  0.6146, -0.4529, -0.4892,  0.7727,  0.5413, -0.6017, -0.7224,
         -0.6825, -0.7219, -0.5616,  0.6778, -0.6318,  0.6699,  0.5076, -0.5559]],
       device='cuda:0', requires_grad=True)

Parameter name: linear_0.weight
Shape: torch.Size([32, 39])
Values: Parameter containing:
tensor([[-0.0251,  0.1063,  0.0532,  ...,  0.1994, -0.6373, -0.1137],
        [-0.1400, -0.0351,  0.1414,  ...,  0.0526, -0.5536,  0.0871],
        [ 0.0281, -0.0398,  0.0213,  ...,  0.0649,  0.5813,  0.0345],
        ...,
        [ 0.1386, -0.1542, -0.0415,  ..., -0.1690,  0.2633, -0.1180],
        [ 0.1114, -0.2127, -0.0736,  ..., -0.2315,  0.4335,  0.1557],
        [-0.2232,  0.1925,  0.0702,  ...,  0.0843, -0.5593, -0.0509]],
       device='cuda:0', requires_grad=True)

Parameter name: linear_0.bias
Shape: torch.Size([32])
Values: Parameter containing:
tensor([ 0.0869,  0.0265, -0.0605, -0.1334, -0.0860,  0.0440, -0.0830,  0.0707,
        -0.0405,  0.0482,  0.0524,  0.0137, -0.0242,  0.1069, -0.0208, -0.0183,
         0.0558, -0.1663, -0.0002,  0.0939, -0.0970, -0.0057,  0.1197,  0.0601,
        -0.1083,  0.1135,  0.0614, -0.1577,  0.0464,  0.1984,  0.1807, -0.1026],
       device='cuda:0', requires_grad=True)

Parameter name: linear_1.weight
Shape: torch.Size([32, 32])
Values: Parameter containing:
tensor([[ 0.0973, -0.2217,  0.0098,  ...,  0.1134, -0.0030,  0.0711],
        [-0.1871, -0.0641,  0.2107,  ...,  0.2078,  0.0104,  0.0421],
        [ 0.1377, -0.0345, -0.2398,  ..., -0.1741, -0.0111,  0.2189],
        ...,
        [ 0.1466,  0.0872,  0.0222,  ...,  0.0461, -0.2320,  0.3527],
        [ 0.0556, -0.2324,  0.1627,  ...,  0.3403,  0.2756, -0.1200],
        [ 0.0177, -0.1381,  0.2923,  ...,  0.2750,  0.1481, -0.0524]],
       device='cuda:0', requires_grad=True)

Parameter name: linear_1.bias
Shape: torch.Size([32])
Values: Parameter containing:
tensor([ 0.1580,  0.1979, -0.0636, -0.1645,  0.0404, -0.0018, -0.1013,  0.0713,
         0.2243, -0.1733,  0.1360, -0.1454,  0.2513,  0.0706, -0.0550,  0.2248,
         0.0565, -0.1960,  0.0630,  0.0765, -0.0933,  0.0628, -0.2329,  0.2329,
         0.0164, -0.0317,  0.0846,  0.0024, -0.2040, -0.0767,  0.2144,  0.0633],
       device='cuda:0', requires_grad=True)

Parameter name: linear_2.weight
Shape: torch.Size([1, 32])
Values: Parameter containing:
tensor([[ 1.1680,  1.0969, -1.1685, -1.1325,  1.0113,  1.0258, -1.0763,  0.9815,
          1.0488, -1.1354, -1.0393,  1.0318,  1.0348,  1.0570,  1.0551,  1.0277,
         -1.1475, -1.1817,  1.0420,  1.0211, -1.0792, -1.0881, -1.1968,  1.0391,
          1.1257,  1.1589, -1.1662,  1.1488, -1.0741, -1.1848,  1.0766,  1.1569]],
       device='cuda:0', requires_grad=True)

Parameter name: linear_2.bias
Shape: torch.Size([1])
Values: Parameter containing:
tensor([0.9029], device='cuda:0', requires_grad=True)

