Parameter name: road_linear_0.weight
Shape: torch.Size([32, 16])
Values: Parameter containing:
tensor([[-1.8155e-01,  2.6651e-01,  1.4313e-01, -2.0964e-01,  3.3406e-02,
         -3.7240e-02,  1.5211e-01, -1.8072e-01,  3.6886e-02,  9.7227e-02,
          9.5608e-02, -6.5446e-03, -1.5332e-01, -2.7284e-01,  1.6847e-01,
          2.1016e-01],
        [-1.0735e-01, -1.9210e-01,  5.3796e-02, -2.0629e-01, -1.2985e-01,
          3.5269e-02,  9.4455e-03,  1.6500e-02,  2.5724e-01, -2.9768e-02,
          1.2148e-01, -1.1043e-01,  1.5548e-01,  4.3176e-02,  2.5627e-01,
          6.9347e-02],
        [-1.1910e-01,  1.4053e-01,  1.9383e-01,  1.7009e-02,  1.4803e-01,
         -2.0642e-01,  1.6836e-01, -2.0318e-01,  2.5408e-01,  1.1077e-01,
         -1.3507e-02, -2.6658e-01,  1.9678e-01,  1.2731e-01,  2.6323e-01,
          8.4423e-02],
        [ 1.1499e-01, -9.5452e-02, -8.2148e-02,  1.2775e-01,  5.4495e-02,
          2.1249e-02,  7.5165e-03,  5.3239e-02, -2.7449e-01, -2.3958e-01,
         -3.5363e-02,  2.0255e-01,  1.4939e-01, -2.0704e-01, -1.0757e-01,
         -1.0984e-02],
        [ 4.9514e-02,  2.3532e-01, -1.4070e-02, -2.2515e-01,  4.8883e-02,
         -1.2946e-01, -1.1974e-01,  1.7198e-01, -5.1675e-04,  1.3511e-01,
          1.6276e-01, -8.0587e-03,  1.1193e-01, -1.5132e-01,  1.7317e-01,
         -1.0049e-02],
        [ 1.3450e-01,  2.7066e-01, -2.0806e-01,  2.0563e-01,  2.2450e-01,
         -2.3474e-01,  1.0641e-01, -1.6999e-01,  1.1422e-01,  3.6260e-02,
         -2.6820e-01,  5.7955e-02, -9.9914e-02,  2.1593e-01,  2.7780e-01,
          7.0528e-02],
        [ 2.0595e-01,  5.8188e-02,  2.5312e-01,  8.7692e-03,  2.8862e-02,
         -9.0362e-03, -3.7513e-02, -1.0859e-01, -1.3143e-01,  1.7406e-01,
          1.0559e-01, -7.8049e-02, -1.8814e-01,  1.5434e-01, -2.6263e-01,
         -1.7838e-02],
        [-1.8417e-01,  1.7823e-01,  2.2250e-01, -1.7434e-01, -2.6554e-01,
         -1.1499e-01,  3.5985e-02, -1.5822e-01, -9.1996e-02, -7.7525e-02,
          7.4826e-02, -8.6142e-02,  1.4451e-01, -1.4624e-01, -5.5219e-02,
          2.2449e-01],
        [-1.0625e-01,  1.6169e-01,  1.4903e-01, -5.0741e-02,  5.3712e-02,
         -1.3661e-01, -1.2137e-02,  3.7939e-02,  1.8377e-01, -1.5365e-01,
         -1.1107e-01, -9.2812e-02, -2.1493e-01,  8.3180e-02, -2.4003e-01,
         -4.7493e-02],
        [-1.4356e-01,  4.4532e-02,  5.6781e-02, -2.1220e-01, -4.0568e-02,
         -5.6717e-02, -1.1179e-01,  9.0947e-02,  1.2522e-01, -1.6313e-01,
          1.6552e-01,  1.4544e-01, -1.0441e-01,  4.3157e-03,  6.3731e-02,
         -5.2756e-02],
        [-1.8385e-01,  2.2336e-01,  1.1803e-01, -2.2569e-01, -1.7531e-01,
          2.2146e-01,  5.8369e-02, -3.8662e-02,  1.8780e-01,  6.7921e-02,
          7.4061e-02,  1.8045e-01, -3.6364e-02,  2.2059e-01, -1.5736e-01,
         -1.5722e-01],
        [ 9.4499e-03,  7.0629e-05,  1.2324e-01, -9.8170e-02,  7.2907e-02,
         -8.4781e-02,  2.2067e-01,  1.7127e-02,  3.6990e-02,  2.0128e-01,
          2.1069e-01,  2.0655e-01, -2.6586e-01, -1.7460e-01, -2.0579e-02,
         -7.1928e-02],
        [ 1.7470e-01,  8.1358e-02, -1.4386e-03,  3.6898e-02,  2.0420e-02,
          2.4775e-01,  9.6369e-02, -1.5941e-01, -1.6075e-01,  7.9247e-02,
          2.9465e-04, -1.2806e-01, -2.1067e-01,  6.8357e-02, -1.0600e-01,
         -1.3139e-01],
        [ 7.7773e-02,  2.1167e-01,  2.2676e-01,  1.7423e-01, -2.2201e-01,
          1.7593e-01,  9.5898e-02,  4.9875e-02, -9.5101e-02,  6.1980e-04,
         -1.1350e-01, -2.3745e-02, -9.4429e-03, -2.4307e-03, -2.8210e-01,
          1.0197e-01],
        [-2.3523e-01, -1.5721e-01,  8.3207e-02, -2.3395e-01,  2.7092e-01,
          2.0809e-01, -4.7415e-02, -1.0588e-02, -1.5931e-01,  3.0669e-02,
          1.6039e-02, -1.6853e-01,  4.9981e-02, -4.1548e-02, -4.1244e-02,
         -1.8484e-02],
        [-2.0972e-01, -2.0633e-01,  5.2736e-02,  2.7150e-01, -1.8153e-01,
          1.9274e-01, -9.9388e-03, -1.4091e-01, -3.2651e-02,  1.0007e-01,
          6.1753e-02,  2.5369e-01, -2.0702e-02, -1.3388e-01,  1.9248e-01,
         -5.1307e-02],
        [ 1.8649e-01,  1.3292e-01,  6.2061e-02, -1.7307e-01, -2.7895e-01,
          1.5197e-01,  2.7978e-02,  1.1204e-01, -2.5329e-01, -5.5052e-03,
          2.1575e-01,  1.6405e-01,  2.3967e-01,  2.2926e-01, -9.4939e-02,
         -1.7157e-01],
        [-1.6237e-01,  1.1706e-01, -1.1634e-01, -3.1296e-02,  7.3271e-02,
          1.2185e-01,  1.7261e-01,  1.7606e-01,  4.2901e-02,  1.1038e-01,
         -1.1310e-01, -1.3268e-01, -7.1832e-02, -1.7790e-01,  2.5632e-01,
         -3.3905e-02],
        [ 4.1418e-02,  2.3477e-02, -2.3157e-02, -1.6322e-01,  1.4514e-02,
         -2.5436e-01, -8.6704e-02,  2.2556e-01, -2.0136e-01,  5.5809e-02,
          8.7141e-03, -2.7189e-01,  1.9245e-02,  8.3780e-02,  2.1407e-01,
          3.0808e-02],
        [ 2.2223e-01, -1.8193e-02,  1.1013e-01,  9.9370e-02, -2.1455e-01,
         -2.8916e-02, -2.0584e-01,  1.6373e-01,  8.8666e-02, -1.1561e-01,
         -1.9252e-02,  9.6062e-02, -1.9276e-01,  3.6219e-02,  8.8926e-02,
          4.3917e-02],
        [-5.5706e-02,  1.9157e-01,  8.9285e-02, -2.5305e-01,  1.8077e-01,
         -2.3039e-01,  1.7327e-01,  2.4397e-01,  5.6152e-02, -7.2824e-02,
         -1.6130e-01, -1.4369e-01, -7.5494e-02, -1.3700e-01,  2.8199e-01,
         -1.2850e-01],
        [ 7.3292e-02, -2.0070e-01,  1.0842e-01,  1.8141e-01, -1.4598e-01,
         -9.6808e-02,  9.2138e-02, -2.0626e-01, -1.2556e-01,  7.5262e-02,
          2.0886e-01, -1.0697e-01, -3.3058e-02, -2.7411e-01, -2.0659e-01,
          2.0260e-01],
        [ 2.4349e-01, -1.0772e-01, -7.9805e-02,  1.5353e-02,  8.2587e-02,
         -2.0841e-01, -1.7167e-01, -1.1586e-01, -1.4165e-01, -1.5540e-02,
          2.1160e-01,  8.7112e-02, -1.9502e-01,  2.6422e-01,  1.6792e-01,
          9.4106e-02],
        [ 1.4820e-01,  6.1352e-02,  2.2278e-01, -2.0820e-01, -1.8903e-01,
          1.7180e-03, -8.0865e-02, -1.9948e-01, -2.7246e-01, -1.6148e-01,
         -3.6915e-02,  2.4481e-01,  1.9796e-01,  1.0486e-01, -1.8678e-01,
         -1.0298e-01],
        [ 5.6308e-02, -2.6290e-01,  7.9968e-03,  8.1794e-02,  1.9250e-01,
         -3.2696e-02,  2.1231e-01, -1.4638e-02, -2.0652e-01,  2.2186e-01,
          2.4809e-01, -1.6486e-01, -1.1490e-01,  1.5271e-01, -1.8741e-01,
          1.8867e-01],
        [-8.7893e-02, -1.0923e-01, -5.2462e-02,  2.7006e-01, -1.1815e-01,
         -1.5300e-02,  1.1807e-01, -2.0460e-01, -3.4255e-02, -1.9484e-01,
         -2.0152e-01, -2.4327e-02,  5.8898e-02,  2.4638e-01, -2.7342e-01,
         -5.4413e-02],
        [ 9.7168e-02,  6.2821e-02,  1.6511e-01, -1.6948e-01, -9.4546e-02,
          9.0849e-02, -2.3360e-01,  9.2509e-02, -2.7146e-01,  1.4811e-01,
          1.1059e-01, -3.8418e-02,  1.1232e-01,  2.4475e-01,  1.5049e-01,
          1.6614e-01],
        [-1.7829e-01,  1.0228e-01,  1.6791e-01,  1.3847e-02,  1.9900e-01,
         -1.8776e-01,  2.0869e-01,  2.5173e-02, -1.9125e-01, -4.5413e-02,
          1.8885e-01, -1.1987e-01, -7.0193e-02, -1.3322e-01, -1.0237e-01,
          2.3174e-02],
        [ 1.8439e-01, -1.2061e-03,  4.6856e-03,  4.4676e-02, -2.2108e-01,
         -9.8795e-02, -2.0863e-02, -2.3350e-01,  9.0667e-02,  1.7098e-02,
          3.4626e-02,  1.6686e-02,  2.3890e-01,  2.6148e-01,  8.8474e-02,
          1.4618e-01],
        [-1.5076e-01,  1.3404e-01, -1.8749e-01,  7.6093e-02, -1.4417e-01,
         -3.4685e-02,  2.1442e-01,  1.9940e-01,  2.5376e-01,  6.2212e-02,
          8.8020e-02,  3.4539e-02,  1.5068e-01,  9.8355e-02,  1.0702e-01,
         -8.6550e-02],
        [-1.5292e-01, -3.0454e-02,  9.9759e-02, -1.6698e-01,  1.0173e-01,
          1.8609e-01,  2.4493e-01, -1.5053e-01,  1.0432e-01,  1.8043e-01,
         -2.5801e-01,  1.2710e-01, -1.8619e-01, -2.1379e-01, -7.2527e-02,
         -1.1210e-01],
        [-8.9496e-02,  5.5052e-02,  1.1746e-01,  1.1239e-01,  1.5487e-01,
         -1.4199e-01, -2.5530e-01, -2.1859e-01, -1.5538e-01, -1.1926e-01,
          1.1806e-01, -1.6373e-01, -1.6661e-01,  1.5138e-01, -1.7689e-01,
          4.7066e-02]], requires_grad=True)

Parameter name: road_linear_0.bias
Shape: torch.Size([32])
Values: Parameter containing:
tensor([-0.1904,  0.1134,  0.1838, -0.1849,  0.0605, -0.0988,  0.1299,  0.2183,
        -0.2114,  0.0928,  0.1761,  0.2066,  0.1747,  0.0300,  0.0036,  0.0832,
        -0.1820, -0.0155, -0.0061, -0.1669, -0.0035, -0.0014, -0.1144, -0.1094,
        -0.2742,  0.2057,  0.0922,  0.1489, -0.1807, -0.2111,  0.1820, -0.0615],
       requires_grad=True)

Parameter name: road_linear_1.weight
Shape: torch.Size([1, 32])
Values: Parameter containing:
tensor([[ 0.0602,  0.1089,  0.0447, -0.0386,  0.1390,  0.1745, -0.0785, -0.1564,
         -0.0662,  0.1308, -0.0070,  0.1727, -0.0762, -0.1872,  0.0405, -0.1074,
         -0.1390,  0.1435,  0.0462, -0.0205,  0.2052,  0.1216, -0.1773, -0.1961,
         -0.1188, -0.1712, -0.1261,  0.1524, -0.1511,  0.1960,  0.0878, -0.0266]],
       requires_grad=True)

Parameter name: linear_0.weight
Shape: torch.Size([32, 39])
Values: Parameter containing:
tensor([[ 0.0067,  0.0476,  0.0284,  ...,  0.0167, -0.1331, -0.1137],
        [-0.0160, -0.1433,  0.1147,  ...,  0.0010, -0.1837,  0.0871],
        [-0.1197,  0.0956,  0.0823,  ...,  0.1234,  0.0990,  0.0345],
        ...,
        [ 0.1113, -0.1041,  0.0392,  ..., -0.0862, -0.0980, -0.1180],
        [-0.0172, -0.1008, -0.0369,  ..., -0.1643, -0.0054,  0.1557],
        [-0.1645,  0.0879,  0.0106,  ..., -0.0563, -0.1148, -0.0509]],
       requires_grad=True)

Parameter name: linear_0.bias
Shape: torch.Size([32])
Values: Parameter containing:
tensor([ 0.0397,  0.0926, -0.1343, -0.0861, -0.0209, -0.0039, -0.1160,  0.0997,
        -0.0459,  0.1193,  0.0721, -0.0497, -0.0408,  0.0753, -0.1087, -0.0656,
         0.0967, -0.1469, -0.0059,  0.0334, -0.1038,  0.0879,  0.0577, -0.0489,
        -0.0361,  0.1049, -0.0123, -0.1473,  0.0770,  0.1846,  0.1128, -0.1144],
       requires_grad=True)

Parameter name: linear_1.weight
Shape: torch.Size([32, 32])
Values: Parameter containing:
tensor([[ 0.1908, -0.1016, -0.1069,  ..., -0.0459, -0.1061,  0.1574],
        [-0.0676,  0.0633,  0.0693,  ...,  0.0381, -0.1041,  0.1548],
        [-0.0064, -0.1349, -0.1309,  ..., -0.0298,  0.0855,  0.0704],
        ...,
        [-0.0022,  0.0123,  0.1113,  ...,  0.1645, -0.1273,  0.1615],
        [ 0.1268, -0.0497,  0.0233,  ...,  0.1235,  0.1326, -0.0615],
        [ 0.1277, -0.0410,  0.1944,  ...,  0.1323,  0.0615,  0.0491]],
       requires_grad=True)

Parameter name: linear_1.bias
Shape: torch.Size([32])
Values: Parameter containing:
tensor([ 0.0435,  0.0760,  0.0301, -0.0183, -0.0886, -0.1287,  0.0200, -0.1270,
         0.0786, -0.0992,  0.1813, -0.1818,  0.1203,  0.0472, -0.1934,  0.0262,
        -0.0874, -0.1142, -0.0185, -0.0764,  0.0700,  0.1666, -0.1359,  0.1505,
        -0.1244, -0.0607,  0.1409, -0.1010, -0.0631, -0.0171,  0.0417, -0.0333],
       requires_grad=True)

Parameter name: linear_2.weight
Shape: torch.Size([1, 32])
Values: Parameter containing:
tensor([[ 0.1860,  0.0804, -0.1824, -0.1335,  0.0440,  0.0236, -0.0832,  0.0858,
          0.0548, -0.0791, -0.0640,  0.0921,  0.0679, -0.0208,  0.1187,  0.0532,
         -0.1804, -0.1975,  0.0363,  0.0891, -0.1422, -0.1166, -0.1891,  0.0055,
          0.1521,  0.1864, -0.1726,  0.1447, -0.0998, -0.1846,  0.1425,  0.1775]],
       requires_grad=True)

Parameter name: linear_2.bias
Shape: torch.Size([1])
Values: Parameter containing:
tensor([-0.0364], requires_grad=True)

Parameter name: road_linear_0.weight
Shape: torch.Size([32, 16])
Values: Parameter containing:
tensor([[-1.8397e-01,  2.6613e-01,  1.4179e-01, -2.0972e-01,  3.6018e-02,
         -4.0522e-02,  1.5479e-01, -1.7820e-01,  3.9654e-02,  1.0227e-01,
          9.3982e-02, -8.6573e-03, -1.5315e-01, -2.7578e-01,  1.7179e-01,
          2.2036e-01],
        [-1.0890e-01, -1.9227e-01,  5.2491e-02, -2.0648e-01, -1.2777e-01,
          3.2183e-02,  1.1956e-02,  1.8628e-02,  2.5960e-01, -2.7045e-02,
          1.2193e-01, -1.1208e-01,  1.5452e-01,  4.0462e-02,  2.5910e-01,
          8.4742e-02],
        [-1.2171e-01,  1.4157e-01,  1.9240e-01,  1.5735e-02,  1.5129e-01,
         -2.1018e-01,  1.7150e-01, -2.0010e-01,  2.5734e-01,  1.1514e-01,
         -1.5179e-02, -2.6934e-01,  1.9523e-01,  1.2402e-01,  2.6708e-01,
          9.5598e-02],
        [ 1.1796e-01, -9.6093e-02, -8.0455e-02,  1.2854e-01,  5.0995e-02,
          2.4941e-02,  4.0579e-03,  4.9880e-02, -2.7787e-01, -2.4424e-01,
         -3.3054e-02,  2.0550e-01,  1.5007e-01, -2.0363e-01, -1.1140e-01,
         -1.7779e-02],
        [ 4.7435e-02,  2.3354e-01, -1.5225e-02, -2.2397e-01,  5.0740e-02,
         -1.3207e-01, -1.1763e-01,  1.7385e-01,  1.6318e-03,  1.3957e-01,
          1.6165e-01, -9.3764e-03,  1.1389e-01, -1.5387e-01,  1.7582e-01,
          2.2830e-03],
        [ 1.3307e-01,  2.7053e-01, -2.0898e-01,  2.0524e-01,  2.2655e-01,
         -2.3788e-01,  1.0854e-01, -1.6799e-01,  1.1656e-01,  3.5865e-02,
         -2.6703e-01,  5.6373e-02, -1.0059e-01,  2.1325e-01,  2.8086e-01,
          8.7681e-02],
        [ 2.0753e-01,  5.6171e-02,  2.5380e-01,  1.0933e-02,  2.6549e-02,
         -5.3298e-03, -4.0544e-02, -1.1111e-01, -1.3395e-01,  1.7473e-01,
          1.0323e-01, -7.6058e-02, -1.8502e-01,  1.5713e-01, -2.6564e-01,
         -2.7806e-02],
        [-1.8461e-01,  1.7848e-01,  2.2330e-01, -1.7419e-01, -2.6686e-01,
         -1.1225e-01,  3.3714e-02, -1.5981e-01, -9.3604e-02, -7.5171e-02,
          7.0546e-02, -8.5320e-02,  1.4609e-01, -1.4416e-01, -5.7249e-02,
          2.0439e-01],
        [-1.0565e-01,  1.6398e-01,  1.4947e-01, -5.2324e-02,  5.2881e-02,
         -1.3468e-01, -1.3295e-02,  3.7020e-02,  1.8265e-01, -1.5696e-01,
         -1.1180e-01, -9.2633e-02, -2.1661e-01,  8.4735e-02, -2.4181e-01,
         -6.0348e-02],
        [-1.4515e-01,  4.2628e-02,  5.5986e-02, -2.1099e-01, -3.9122e-02,
         -5.9076e-02, -1.1009e-01,  9.2410e-02,  1.2699e-01, -1.5913e-01,
          1.6517e-01,  1.4462e-01, -1.0292e-01,  2.0585e-03,  6.6098e-02,
         -3.8668e-02],
        [-1.8336e-01,  2.2336e-01,  1.2390e-01, -2.2454e-01, -1.7640e-01,
          2.2327e-01,  5.7224e-02, -4.0233e-02,  1.8711e-01,  6.9088e-02,
          7.3075e-02,  1.8147e-01, -3.6342e-02,  2.2173e-01, -1.5878e-01,
         -1.5221e-01],
        [ 6.6772e-03, -2.5076e-03,  1.2201e-01, -9.6404e-02,  7.4996e-02,
         -8.7338e-02,  2.2289e-01,  1.9167e-02,  3.9420e-02,  2.0583e-01,
          2.0856e-01,  2.0497e-01, -2.6659e-01, -1.7742e-01, -1.7692e-02,
         -6.1271e-02],
        [ 1.7489e-01,  8.0225e-02, -2.9473e-05,  3.8106e-02,  1.8117e-02,
          2.5119e-01,  9.3418e-02, -1.6181e-01, -1.6336e-01,  7.7447e-02,
         -3.8154e-03, -1.2613e-01, -2.0802e-01,  7.1286e-02, -1.0896e-01,
         -1.5038e-01],
        [ 7.7561e-02,  2.1119e-01,  2.2787e-01,  1.7497e-01, -2.2384e-01,
          1.7907e-01,  9.3385e-02,  4.7895e-02, -9.7222e-02, -2.0564e-03,
         -1.1400e-01, -2.2326e-02, -7.4618e-03,  1.1442e-04, -2.8469e-01,
          8.1269e-02],
        [-2.3493e-01, -1.5978e-01,  8.3140e-02, -2.3197e-01,  2.7115e-01,
          2.0674e-01, -4.6610e-02, -1.0192e-02, -1.5881e-01,  3.1781e-02,
          1.8057e-02, -1.6805e-01,  5.1450e-02, -4.2569e-02, -4.0157e-02,
         -4.1535e-03],
        [-2.0772e-01, -2.0409e-01,  5.3839e-02,  2.7008e-01, -1.8324e-01,
          1.9516e-01, -1.2081e-02, -1.4269e-01, -3.4640e-02,  9.5416e-02,
          6.2757e-02,  2.5480e-01, -2.3228e-02, -1.3146e-01,  1.9002e-01,
         -6.3244e-02],
        [ 1.8583e-01,  1.3233e-01,  6.2477e-02, -1.7197e-01, -2.8103e-01,
          1.5526e-01,  2.5801e-02,  1.1000e-01, -2.5566e-01, -4.7752e-03,
          2.1505e-01,  1.6567e-01,  2.4114e-01,  2.3201e-01, -9.8178e-02,
         -1.8196e-01],
        [-1.6606e-01,  1.1790e-01, -1.1657e-01, -3.2559e-02,  7.5158e-02,
          1.1851e-01,  1.7477e-01,  1.7797e-01,  4.5015e-02,  1.1004e-01,
         -1.1208e-01, -1.3413e-01, -7.3650e-02, -1.8036e-01,  2.5933e-01,
         -2.5072e-02],
        [ 3.8764e-02,  2.4035e-02, -2.4611e-02, -1.6399e-01,  1.7702e-02,
         -2.5792e-01, -8.3553e-02,  2.2860e-01, -1.9815e-01,  6.0297e-02,
          6.8414e-03, -2.7455e-01,  1.8373e-02,  8.0519e-02,  2.1776e-01,
          4.0222e-02],
        [ 2.2645e-01, -2.0953e-02,  1.1325e-01,  1.0198e-01, -2.1907e-01,
         -2.4174e-02, -2.1052e-01,  1.5945e-01,  8.3787e-02, -1.2062e-01,
         -1.5838e-02,  1.0025e-01, -1.8924e-01,  4.1134e-02,  8.3878e-02,
          3.5716e-02],
        [-5.8041e-02,  1.8927e-01,  8.8273e-02, -2.5144e-01,  1.8258e-01,
         -2.3292e-01,  1.7483e-01,  2.4565e-01,  5.8287e-02, -6.6557e-02,
         -1.6326e-01, -1.4492e-01, -7.2393e-02, -1.3952e-01,  2.8482e-01,
         -1.1846e-01],
        [ 7.3213e-02, -2.0185e-01,  1.0818e-01,  1.8187e-01, -1.4478e-01,
         -9.9302e-02,  9.3264e-02, -2.0514e-01, -1.2407e-01,  7.4363e-02,
          2.1224e-01, -1.0755e-01, -3.2688e-02, -2.7602e-01, -2.0410e-01,
          2.1777e-01],
        [ 2.4331e-01, -1.0762e-01, -7.8982e-02,  1.5692e-02,  8.1075e-02,
         -2.0552e-01, -1.7385e-01, -1.1755e-01, -1.4340e-01, -1.3458e-02,
          2.0751e-01,  8.8159e-02, -1.9363e-01,  2.6637e-01,  1.6564e-01,
          7.4208e-02],
        [ 1.4622e-01,  6.0909e-02,  2.2322e-01, -2.0735e-01, -1.9078e-01,
          4.8406e-03, -8.2914e-02, -2.0127e-01, -2.7446e-01, -1.6484e-01,
         -3.5573e-02,  2.4608e-01,  1.9945e-01,  1.0729e-01, -1.8957e-01,
         -1.1321e-01],
        [ 5.7920e-02, -2.6223e-01,  9.1459e-03,  8.1563e-02,  1.9057e-01,
         -2.9793e-02,  2.0996e-01, -1.6640e-02, -2.0871e-01,  2.1812e-01,
          2.4812e-01, -1.6342e-01, -1.1467e-01,  1.5526e-01, -1.9012e-01,
          1.7449e-01],
        [-8.6647e-02, -1.0889e-01, -5.1427e-02,  2.7020e-01, -1.2016e-01,
         -1.2211e-02,  1.1605e-01, -2.0653e-01, -3.6524e-02, -1.9531e-01,
         -2.0270e-01, -2.2831e-02,  5.9330e-02,  2.4899e-01, -2.7639e-01,
         -7.0723e-02],
        [ 9.7409e-02,  6.2600e-02,  1.6609e-01, -1.6887e-01, -9.6346e-02,
          9.3923e-02, -2.3602e-01,  9.0554e-02, -2.7350e-01,  1.4899e-01,
          1.0696e-01, -3.7063e-02,  1.1395e-01,  2.4715e-01,  1.4795e-01,
          1.4669e-01],
        [-1.8058e-01,  1.0016e-01,  1.6668e-01,  1.5253e-02,  2.0089e-01,
         -1.9026e-01,  2.1103e-01,  2.7129e-02, -1.8906e-01, -3.9928e-02,
          1.8759e-01, -1.2119e-01, -6.7886e-02, -1.3587e-01, -9.9745e-02,
          3.5188e-02],
        [ 1.8639e-01,  4.4640e-04,  6.0154e-03,  4.3420e-02, -2.2303e-01,
         -9.6101e-02, -2.3375e-02, -2.3554e-01,  8.8449e-02,  1.2802e-02,
          3.5478e-02,  1.8168e-02,  2.3705e-01,  2.6408e-01,  8.5899e-02,
          1.3402e-01],
        [-1.4832e-01,  1.3454e-01, -1.8809e-01,  7.5223e-02, -1.4263e-01,
         -3.7784e-02,  2.1667e-01,  2.0116e-01,  2.5554e-01,  6.7102e-02,
          8.3799e-02,  3.3420e-02,  1.4877e-01,  9.6183e-02,  1.0937e-01,
         -7.6396e-02],
        [-1.5432e-01, -3.0509e-02,  9.8525e-02, -1.6724e-01,  1.0384e-01,
          1.8298e-01,  2.4752e-01, -1.4835e-01,  1.0664e-01,  1.8259e-01,
         -2.5746e-01,  1.2543e-01, -1.8738e-01, -2.1642e-01, -6.9772e-02,
         -9.7264e-02],
        [-8.7026e-02,  5.3386e-02,  1.2180e-01,  1.1413e-01,  1.5217e-01,
         -1.3912e-01, -2.5794e-01, -2.2113e-01, -1.5804e-01, -1.1906e-01,
          1.1819e-01, -1.6129e-01, -1.6446e-01,  1.5478e-01, -1.7986e-01,
          4.2024e-02]], requires_grad=True)

Parameter name: road_linear_0.bias
Shape: torch.Size([32])
Values: Parameter containing:
tensor([-0.1926,  0.1176,  0.1846, -0.1819,  0.0556, -0.0980,  0.1275,  0.2127,
        -0.2129,  0.0906,  0.1756,  0.2026,  0.1704,  0.0276,  0.0008,  0.0852,
        -0.1837, -0.0131, -0.0066, -0.1673, -0.0059, -0.0018, -0.1190, -0.1120,
        -0.2730,  0.2054,  0.0888,  0.1482, -0.1788, -0.2077,  0.1838, -0.0647],
       requires_grad=True)

Parameter name: road_linear_1.weight
Shape: torch.Size([1, 32])
Values: Parameter containing:
tensor([[ 0.0621,  0.1141,  0.0467, -0.0404,  0.1413,  0.1768, -0.0805, -0.1611,
         -0.0680,  0.1332, -0.0122,  0.1768, -0.0807, -0.1894,  0.0342, -0.1071,
         -0.1412,  0.1456,  0.0475, -0.0273,  0.2071,  0.1211, -0.1793, -0.1983,
         -0.1217, -0.1737, -0.1287,  0.1527, -0.1538,  0.1990,  0.0901, -0.0298]],
       requires_grad=True)

Parameter name: linear_0.weight
Shape: torch.Size([32, 39])
Values: Parameter containing:
tensor([[ 0.0074,  0.0453,  0.0277,  ...,  0.0182, -0.1295, -0.1137],
        [-0.0181, -0.1403,  0.1124,  ..., -0.0032, -0.1811,  0.0871],
        [-0.1174,  0.0912,  0.0836,  ...,  0.1271,  0.0970,  0.0345],
        ...,
        [ 0.1093, -0.1004,  0.0381,  ..., -0.0898, -0.0979, -0.1180],
        [-0.0141, -0.1042, -0.0340,  ..., -0.1595, -0.0087,  0.1557],
        [-0.1613,  0.0836,  0.0127,  ..., -0.0517, -0.1178, -0.0509]],
       requires_grad=True)

Parameter name: linear_0.bias
Shape: torch.Size([32])
Values: Parameter containing:
tensor([ 0.0411,  0.0902, -0.1309, -0.0901, -0.0237, -0.0031, -0.1131,  0.0964,
        -0.0503,  0.1156,  0.0695, -0.0456, -0.0375,  0.0722, -0.1065, -0.0620,
         0.0919, -0.1418, -0.0095,  0.0302, -0.0998,  0.0894,  0.0594, -0.0461,
        -0.0358,  0.1023, -0.0104, -0.1440,  0.0757,  0.1813,  0.1163, -0.1103],
       requires_grad=True)

Parameter name: linear_1.weight
Shape: torch.Size([32, 32])
Values: Parameter containing:
tensor([[ 0.1883, -0.0988, -0.1095,  ..., -0.0434, -0.1092,  0.1527],
        [-0.0693,  0.0652,  0.0673,  ...,  0.0399, -0.1065,  0.1498],
        [-0.0048, -0.1367, -0.1290,  ..., -0.0316,  0.0878,  0.0758],
        ...,
        [ 0.0011,  0.0086,  0.1147,  ...,  0.1611, -0.1234,  0.1655],
        [ 0.1253, -0.0480,  0.0216,  ...,  0.1252,  0.1303, -0.0669],
        [ 0.1250, -0.0381,  0.1916,  ...,  0.1351,  0.0582,  0.0445]],
       requires_grad=True)

Parameter name: linear_1.bias
Shape: torch.Size([32])
Values: Parameter containing:
tensor([ 0.0472,  0.0794,  0.0267, -0.0217, -0.0861, -0.1289,  0.0166, -0.1241,
         0.0822, -0.1024,  0.1786, -0.1772,  0.1239,  0.0441, -0.1899,  0.0297,
        -0.0912, -0.1182, -0.0165, -0.0721,  0.0663,  0.1631, -0.1400,  0.1549,
        -0.1207, -0.0571,  0.1371, -0.0977, -0.0670, -0.0213,  0.0449, -0.0294],
       requires_grad=True)

Parameter name: linear_2.weight
Shape: torch.Size([1, 32])
Values: Parameter containing:
tensor([[ 0.1852,  0.0800, -0.1816, -0.1339,  0.0439,  0.0250, -0.0822,  0.0845,
          0.0538, -0.0828, -0.0628,  0.0901,  0.0688, -0.0219,  0.1183,  0.0500,
         -0.1788, -0.1952,  0.0381,  0.0872, -0.1454, -0.1162, -0.1893,  0.0081,
          0.1513,  0.1855, -0.1702,  0.1467, -0.0979, -0.1827,  0.1412,  0.1757]],
       requires_grad=True)

Parameter name: linear_2.bias
Shape: torch.Size([1])
Values: Parameter containing:
tensor([-0.0331], requires_grad=True)

Parameter name: road_linear_0.weight
Shape: torch.Size([32, 16])
Values: Parameter containing:
tensor([[-1.8604e-01,  2.6685e-01,  1.3600e-01, -2.1135e-01,  4.0265e-02,
         -4.3127e-02,  1.5767e-01, -1.7391e-01,  4.3545e-02,  9.5540e-02,
          9.1832e-02, -1.0706e-02, -1.5261e-01, -2.8041e-01,  1.7612e-01,
          2.1691e-01],
        [-1.0808e-01, -1.9322e-01,  4.6567e-02, -2.0711e-01, -1.2420e-01,
          2.9306e-02,  1.4403e-02,  2.2306e-02,  2.6217e-01, -3.6719e-02,
          1.2377e-01, -1.1195e-01,  1.5617e-01,  3.6374e-02,  2.6261e-01,
          8.1103e-02],
        [-1.2387e-01,  1.4394e-01,  1.8732e-01,  1.2972e-02,  1.5555e-01,
         -2.1256e-01,  1.7521e-01, -1.9555e-01,  2.6164e-01,  1.0573e-01,
         -1.7214e-02, -2.7233e-01,  1.9352e-01,  1.1952e-01,  2.7129e-01,
          9.5005e-02],
        [ 1.2097e-01, -9.8406e-02, -7.5493e-02,  1.3058e-01,  4.6942e-02,
          2.6582e-02,  3.7027e-04,  4.5382e-02, -2.8222e-01, -2.4115e-01,
         -3.0018e-02,  2.0876e-01,  1.5112e-01, -1.9933e-01, -1.1554e-01,
         -1.5314e-02],
        [ 4.6175e-02,  2.3292e-01, -2.1000e-02, -2.2445e-01,  5.4822e-02,
         -1.3491e-01, -1.1529e-01,  1.7785e-01,  4.8847e-03,  1.3381e-01,
          1.6073e-01, -1.0207e-02,  1.1572e-01, -1.5842e-01,  1.7994e-01,
         -3.7525e-03],
        [ 1.3410e-01,  2.7075e-01, -2.1452e-01,  2.0345e-01,  2.3050e-01,
         -2.4162e-01,  1.1102e-01, -1.6420e-01,  1.1974e-01,  2.7031e-02,
         -2.6519e-01,  5.5547e-02, -1.0039e-01,  2.0871e-01,  2.8509e-01,
          8.4575e-02],
        [ 2.0309e-01,  5.4863e-02,  2.5752e-01,  1.3497e-02,  2.3200e-02,
         -1.7610e-03, -4.4101e-02, -1.1500e-01, -1.3651e-01,  1.7894e-01,
          1.0394e-01, -7.5781e-02, -1.8315e-01,  1.6104e-01, -2.6852e-01,
         -2.3834e-02],
        [-1.8747e-01,  1.8038e-01,  2.2848e-01, -1.7428e-01, -2.6965e-01,
         -1.0968e-01,  3.1805e-02, -1.6283e-01, -9.5109e-02, -6.1527e-02,
          6.8049e-02, -8.6807e-02,  1.4353e-01, -1.4075e-01, -5.9785e-02,
          2.0891e-01],
        [-1.0561e-01,  1.6567e-01,  1.5486e-01, -5.2373e-02,  4.9492e-02,
         -1.3227e-01, -1.4023e-02,  3.4031e-02,  1.8018e-01, -1.4825e-01,
         -1.1141e-01, -9.3031e-02, -2.1953e-01,  8.8874e-02, -2.4565e-01,
         -5.6516e-02],
        [-1.4496e-01,  4.1110e-02,  5.0773e-02, -2.1091e-01, -3.5534e-02,
         -6.1674e-02, -1.0842e-01,  9.5835e-02,  1.2951e-01, -1.6681e-01,
          1.6579e-01,  1.4497e-01, -1.0025e-01, -2.1171e-03,  6.9810e-02,
         -4.4059e-02],
        [-1.8695e-01,  2.2767e-01,  1.1230e-01, -2.3031e-01, -1.6871e-01,
          2.1612e-01,  6.5067e-02, -3.1691e-02,  1.9442e-01,  6.5460e-02,
          7.1488e-02,  1.7613e-01, -4.0979e-02,  2.1322e-01, -1.5056e-01,
         -1.5703e-01],
        [ 4.9638e-03, -4.0930e-03,  1.1742e-01, -9.6051e-02,  7.8904e-02,
         -8.9655e-02,  2.2420e-01,  2.2727e-02,  4.2523e-02,  2.0129e-01,
          2.0686e-01,  2.0444e-01, -2.6434e-01, -1.8180e-01, -1.3490e-02,
         -6.7915e-02],
        [ 1.7106e-01,  8.1657e-02,  6.5129e-03,  3.8301e-02,  1.5390e-02,
          2.5343e-01,  9.0661e-02, -1.6514e-01, -1.6479e-01,  8.8559e-02,
         -6.7088e-03, -1.2759e-01, -2.0917e-01,  7.4457e-02, -1.1105e-01,
         -1.4589e-01],
        [ 7.4528e-02,  2.1191e-01,  2.3412e-01,  1.7581e-01, -2.2714e-01,
          1.8226e-01,  9.0457e-02,  4.4238e-02, -9.9314e-02,  8.7473e-03,
         -1.1611e-01, -2.2993e-02, -8.1247e-03,  3.9467e-03, -2.8755e-01,
          8.5832e-02],
        [-2.3344e-01, -1.6207e-01,  7.8023e-02, -2.3111e-01,  2.7378e-01,
          2.0536e-01, -4.5779e-02, -7.6109e-03, -1.5734e-01,  2.4046e-02,
          1.9768e-02, -1.6646e-01,  5.4764e-02, -4.5899e-02, -3.7473e-02,
         -9.1553e-03],
        [-2.0653e-01, -2.0291e-01,  5.9583e-02,  2.6986e-01, -1.8706e-01,
          1.9732e-01, -1.4055e-02, -1.4645e-01, -3.7598e-02,  1.0053e-01,
          6.3648e-02,  2.5524e-01, -2.5442e-02, -1.2717e-01,  1.8617e-01,
         -5.7455e-02],
        [ 1.7719e-01,  1.3144e-01,  6.6511e-02, -1.6946e-01, -2.8458e-01,
          1.5925e-01,  2.2998e-02,  1.0637e-01, -2.5838e-01, -1.9235e-03,
          2.1571e-01,  1.6608e-01,  2.4226e-01,  2.3622e-01, -1.0190e-01,
         -1.7826e-01],
        [-1.5830e-01,  1.1885e-01, -1.2069e-01, -3.5182e-02,  7.8524e-02,
          1.1443e-01,  1.7767e-01,  1.8158e-01,  4.7515e-02,  1.0655e-01,
         -1.1139e-01, -1.3428e-01, -7.4945e-02, -1.8448e-01,  2.6269e-01,
         -2.9081e-02],
        [ 3.6090e-02,  2.6176e-02, -3.0206e-02, -1.6643e-01,  2.2108e-02,
         -2.6034e-01, -7.9755e-02,  2.3332e-01, -1.9377e-01,  5.5082e-02,
          4.1740e-03, -2.7757e-01,  1.7356e-02,  7.5881e-02,  2.2216e-01,
          3.7676e-02],
        [ 2.1656e-01, -9.8590e-03,  1.1065e-01,  9.3470e-02, -2.1344e-01,
         -3.1117e-02, -2.0302e-01,  1.6471e-01,  9.0840e-02, -1.0875e-01,
         -2.6185e-02,  8.9901e-02, -2.0039e-01,  3.6463e-02,  8.8836e-02,
          3.7471e-02],
        [-5.9209e-02,  1.8824e-01,  8.2242e-02, -2.5160e-01,  1.8662e-01,
         -2.3579e-01,  1.7634e-01,  2.4931e-01,  6.1516e-02, -7.5085e-02,
         -1.6460e-01, -1.4563e-01, -7.0117e-02, -1.4416e-01,  2.8920e-01,
         -1.2390e-01],
        [ 7.6209e-02, -2.0266e-01,  1.0339e-01,  1.8074e-01, -1.4154e-01,
         -1.0270e-01,  9.4579e-02, -2.0221e-01, -1.2173e-01,  6.9740e-02,
          2.1489e-01, -1.0714e-01, -3.1480e-02, -2.8013e-01, -2.0030e-01,
          2.1516e-01],
        [ 2.4191e-01, -1.0749e-01, -7.3278e-02,  1.7074e-02,  7.7337e-02,
         -2.0201e-01, -1.7660e-01, -1.2140e-01, -1.4620e-01,  2.4297e-04,
          2.0586e-01,  8.8438e-02, -1.9423e-01,  2.7068e-01,  1.6198e-01,
          7.7691e-02],
        [ 1.3673e-01,  5.9880e-02,  2.2800e-01, -2.0478e-01, -1.9407e-01,
          8.9045e-03, -8.6206e-02, -2.0503e-01, -2.7669e-01, -1.5811e-01,
         -3.7298e-02,  2.4592e-01,  2.0105e-01,  1.1121e-01, -1.9238e-01,
         -1.1021e-01],
        [ 5.8726e-02, -2.6199e-01,  1.5056e-02,  8.2671e-02,  1.8655e-01,
         -2.6657e-02,  2.0746e-01, -2.0607e-02, -2.1199e-01,  2.2642e-01,
          2.4862e-01, -1.6249e-01, -1.1603e-01,  1.5980e-01, -1.9422e-01,
          1.7869e-01],
        [-8.7973e-02, -1.0939e-01, -4.4144e-02,  2.7212e-01, -1.2411e-01,
         -8.5052e-03,  1.1313e-01, -2.1055e-01, -3.9594e-02, -1.8418e-01,
         -2.0561e-01, -2.2121e-02,  5.9643e-02,  2.5349e-01, -2.8034e-01,
         -6.7892e-02],
        [ 9.6836e-02,  6.2562e-02,  1.7159e-01, -1.6739e-01, -1.0028e-01,
          9.7390e-02, -2.3891e-01,  8.6537e-02, -2.7659e-01,  1.6028e-01,
          1.0643e-01, -3.6368e-02,  1.1340e-01,  2.5163e-01,  1.4406e-01,
          1.5045e-01],
        [-1.8167e-01,  9.9372e-02,  1.6100e-01,  1.5131e-02,  2.0475e-01,
         -1.9267e-01,  2.1321e-01,  3.0921e-02, -1.8604e-01, -4.5902e-02,
          1.8694e-01, -1.2177e-01, -6.6477e-02, -1.4018e-01, -9.5835e-02,
          2.9533e-02],
        [ 1.8821e-01,  9.3143e-04,  1.3491e-02,  4.3744e-02, -2.2725e-01,
         -9.3462e-02, -2.6438e-02, -2.3988e-01,  8.5031e-02,  1.5800e-02,
          3.6708e-02,  1.9297e-02,  2.3515e-01,  2.6868e-01,  8.1838e-02,
          1.4165e-01],
        [-1.4496e-01,  1.3463e-01, -1.9289e-01,  7.3478e-02, -1.3905e-01,
         -4.1571e-02,  2.1948e-01,  2.0490e-01,  2.5816e-01,  5.9993e-02,
          8.3950e-02,  3.3342e-02,  1.4871e-01,  9.1942e-02,  1.1287e-01,
         -8.0891e-02],
        [-1.5529e-01, -3.0236e-02,  9.2097e-02, -1.6866e-01,  1.0795e-01,
          1.7992e-01,  2.5073e-01, -1.4406e-01,  1.1005e-01,  1.7581e-01,
         -2.5782e-01,  1.2420e-01, -1.8668e-01, -2.2094e-01, -6.5770e-02,
         -1.0112e-01],
        [-9.4093e-02,  5.9522e-02,  1.2097e-01,  1.1096e-01,  1.5526e-01,
         -1.4072e-01, -2.5446e-01, -2.1839e-01, -1.5375e-01, -1.1546e-01,
          1.1008e-01, -1.6695e-01, -1.6992e-01,  1.5194e-01, -1.7674e-01,
          3.4817e-02]], device='cuda:0', requires_grad=True)

Parameter name: road_linear_0.bias
Shape: torch.Size([32])
Values: Parameter containing:
tensor([-0.1911,  0.1159,  0.1863, -0.1802,  0.0543, -0.0957,  0.1227,  0.2162,
        -0.2162,  0.0856,  0.1782,  0.2039,  0.1751,  0.0300, -0.0012,  0.0895,
        -0.1877, -0.0088, -0.0080, -0.1640, -0.0071, -0.0009, -0.1239, -0.1175,
        -0.2705,  0.2011,  0.0842,  0.1444, -0.1766, -0.2029,  0.1839, -0.0650],
       device='cuda:0', requires_grad=True)

Parameter name: road_linear_1.weight
Shape: torch.Size([1, 32])
Values: Parameter containing:
tensor([[ 0.0644,  0.1115,  0.0496, -0.0416,  0.1460,  0.1798, -0.0852, -0.1556,
         -0.0697,  0.1354, -0.0089,  0.1755, -0.0757, -0.1863,  0.0330, -0.1082,
         -0.1444,  0.1483,  0.0523, -0.0148,  0.2095,  0.1203, -0.1817, -0.2018,
         -0.1241, -0.1784, -0.1328,  0.1563, -0.1573,  0.2032,  0.0926, -0.0325]],
       device='cuda:0', requires_grad=True)

Parameter name: linear_0.weight
Shape: torch.Size([32, 39])
Values: Parameter containing:
tensor([[ 0.0037,  0.0487,  0.0246,  ...,  0.0166, -0.1477, -0.1137],
        [-0.0148, -0.1393,  0.1154,  ..., -0.0043, -0.1519,  0.0871],
        [-0.1207,  0.0914,  0.0806,  ...,  0.1274,  0.0679,  0.0345],
        ...,
        [ 0.1127, -0.1014,  0.0410,  ..., -0.0897, -0.0694, -0.1180],
        [-0.0167, -0.1056, -0.0360,  ..., -0.1578, -0.0391,  0.1557],
        [-0.1641,  0.0818,  0.0100,  ..., -0.0498, -0.1469, -0.0509]],
       device='cuda:0', requires_grad=True)

Parameter name: linear_0.bias
Shape: torch.Size([32])
Values: Parameter containing:
tensor([ 0.0388,  0.0899, -0.1310, -0.0928, -0.0241,  0.0077, -0.1246,  0.0974,
        -0.0502,  0.1127,  0.0696, -0.0433, -0.0392,  0.0701, -0.1067, -0.0597,
         0.0897, -0.1339, -0.0083,  0.0261, -0.0995,  0.0792,  0.0606, -0.0445,
        -0.0356,  0.1051, -0.0088, -0.1424,  0.0768,  0.1821,  0.1173, -0.1088],
       device='cuda:0', requires_grad=True)

Parameter name: linear_1.weight
Shape: torch.Size([32, 32])
Values: Parameter containing:
tensor([[ 0.1870, -0.1017, -0.1072,  ..., -0.0431, -0.1090,  0.1552],
        [-0.0705,  0.0623,  0.0697,  ...,  0.0401, -0.1063,  0.1521],
        [-0.0037, -0.1336, -0.1315,  ..., -0.0316,  0.0875,  0.0735],
        ...,
        [ 0.0029,  0.0111,  0.1128,  ...,  0.1603, -0.1232,  0.1630],
        [ 0.1249, -0.0514,  0.0246,  ...,  0.1246,  0.1312, -0.0647],
        [ 0.1231, -0.0406,  0.1935,  ...,  0.1359,  0.0578,  0.0473]],
       device='cuda:0', requires_grad=True)

Parameter name: linear_1.bias
Shape: torch.Size([32])
Values: Parameter containing:
tensor([ 0.0487,  0.0810,  0.0252, -0.0235, -0.0871, -0.1220,  0.0158, -0.1233,
         0.0838, -0.1026,  0.1783, -0.1748,  0.1257,  0.0372, -0.1891,  0.0316,
        -0.0920, -0.1203, -0.0192, -0.0706,  0.0648,  0.1617, -0.1416,  0.1571,
        -0.1193, -0.0559,  0.1342, -0.0959, -0.0686, -0.0231,  0.0459, -0.0273],
       device='cuda:0', requires_grad=True)

Parameter name: linear_2.weight
Shape: torch.Size([1, 32])
Values: Parameter containing:
tensor([[ 0.1895,  0.0727, -0.1859, -0.1302,  0.0482,  0.0245, -0.0863,  0.0832,
          0.0575, -0.0863, -0.0581,  0.0937,  0.0613, -0.0130,  0.1212,  0.0493,
         -0.1706, -0.1966,  0.0421,  0.0885, -0.1378, -0.1208, -0.1932,  0.0097,
          0.1555,  0.1893, -0.1735,  0.1412, -0.1001, -0.1850,  0.1437,  0.1784]],
       device='cuda:0', requires_grad=True)

Parameter name: linear_2.bias
Shape: torch.Size([1])
Values: Parameter containing:
tensor([-0.0317], device='cuda:0', requires_grad=True)

Parameter name: road_linear_0.weight
Shape: torch.Size([32, 16])
Values: Parameter containing:
tensor([[-0.1672,  0.2159,  0.1378, -0.1602, -0.0196,  0.0194,  0.1009, -0.2331,
         -0.0149,  0.1040,  0.1423,  0.0459, -0.1109, -0.2535,  0.1157,  0.2060],
        [-0.0995, -0.2492,  0.0402, -0.1502, -0.1891,  0.1005, -0.0486, -0.0433,
          0.2009, -0.0163,  0.1751, -0.0508,  0.2020,  0.0584,  0.1989,  0.0575],
        [-0.0782,  0.1147,  0.2224,  0.0395,  0.1178, -0.1857,  0.1427, -0.2319,
          0.2088,  0.0931,  0.0371, -0.2389,  0.2201,  0.1846,  0.2185,  0.1077],
        [ 0.0652, -0.0839, -0.1267,  0.1155,  0.0670,  0.0156,  0.0244,  0.0666,
         -0.2592, -0.2043, -0.0491,  0.1891,  0.1235, -0.2717, -0.0927, -0.0495],
        [ 0.0588,  0.1789, -0.0277, -0.1699, -0.0106, -0.0642, -0.1766,  0.1119,
         -0.0575,  0.1450,  0.2193,  0.0518,  0.1529, -0.1346,  0.1153, -0.0197],
        [ 0.1400,  0.2125, -0.2228,  0.2640,  0.1646, -0.1678,  0.0490, -0.2299,
          0.0574,  0.0676, -0.2367,  0.1188, -0.0483,  0.2239,  0.2193,  0.0556],
        [ 0.2003,  0.1093,  0.2723, -0.0397,  0.0906, -0.0742, -0.0153, -0.0471,
         -0.0660,  0.1390,  0.0701, -0.1425, -0.2003,  0.1333, -0.1973,  0.0193],
        [-0.2052,  0.2309,  0.2384, -0.2251, -0.2046, -0.1805,  0.0654, -0.0976,
         -0.0292, -0.0764,  0.0113, -0.1488,  0.1295, -0.1669,  0.0081,  0.2397],
        [-0.1150,  0.2186,  0.1658, -0.1065,  0.1154, -0.2036,  0.0394,  0.0996,
          0.2451, -0.1659, -0.1757, -0.1555, -0.2499,  0.0703, -0.1775, -0.0350],
        [-0.1365, -0.0126,  0.0423, -0.1559, -0.1001,  0.0089, -0.1709,  0.0305,
          0.0691, -0.1493,  0.2191,  0.2051, -0.0582,  0.0197,  0.0066, -0.0647],
        [-0.2011,  0.1711,  0.0837, -0.1749, -0.2271,  0.2770,  0.0051, -0.0917,
          0.1441,  0.1077,  0.0766,  0.2304,  0.0130,  0.2120, -0.2022, -0.1893],
        [ 0.0140, -0.0587,  0.1085, -0.0403,  0.0123, -0.0181,  0.1591, -0.0447,
         -0.0184,  0.2148,  0.2597,  0.2667, -0.2217, -0.1595, -0.0769, -0.0828],
        [ 0.1679,  0.1375,  0.0101, -0.0184,  0.0771,  0.1850,  0.1550, -0.1020,
         -0.1082,  0.0518, -0.0329, -0.1848, -0.2624,  0.0553, -0.0523, -0.1177],
        [ 0.0658,  0.2686,  0.2430,  0.1189, -0.1603,  0.1088,  0.1427,  0.1119,
         -0.0332, -0.0270, -0.1686, -0.0867, -0.0366, -0.0190, -0.2195,  0.1195],
        [-0.2302, -0.2158,  0.0652, -0.1771,  0.2090,  0.2749, -0.1042, -0.0734,
         -0.2192,  0.0442,  0.0751, -0.1064,  0.0893, -0.0281, -0.1020, -0.0340],
        [-0.2321, -0.1572,  0.0631,  0.2239, -0.1244,  0.1323,  0.0231, -0.0846,
          0.0258,  0.1066, -0.0005,  0.1955, -0.0363, -0.1581,  0.2516, -0.0461],
        [ 0.1817,  0.1895,  0.0766, -0.2296, -0.2203,  0.0869,  0.0830,  0.1708,
         -0.1964, -0.0611,  0.1882,  0.1042,  0.1932,  0.2172, -0.0368, -0.1413],
        [-0.1688,  0.0614, -0.1327,  0.0237,  0.0137,  0.1875,  0.1240,  0.1168,
         -0.0172,  0.1639, -0.0827, -0.0713, -0.0355, -0.1627,  0.1953, -0.0678],
        [ 0.0744, -0.0094,  0.0013, -0.1331, -0.0199, -0.2275, -0.1238,  0.1929,
         -0.2372,  0.0394,  0.0400, -0.2426,  0.0566,  0.1409,  0.1779,  0.0506],
        [ 0.2263,  0.0428,  0.1344,  0.0418, -0.1511, -0.0935, -0.1457,  0.2282,
          0.1494, -0.1390, -0.0730,  0.0337, -0.2404,  0.0299,  0.1502,  0.0679],
        [-0.0485,  0.1340,  0.0751, -0.1960,  0.1207, -0.1639,  0.1154,  0.1837,
         -0.0007, -0.0560, -0.1081, -0.0832, -0.0271, -0.1242,  0.2238, -0.1385],
        [ 0.0754, -0.2606,  0.0915,  0.2413, -0.2072, -0.0287,  0.0327, -0.2677,
         -0.1822,  0.1178,  0.2390, -0.0456,  0.0209, -0.2653, -0.2649,  0.1850],
        [ 0.2332, -0.0507, -0.0641, -0.0405,  0.1438, -0.2751, -0.1207, -0.0545,
         -0.0807, -0.0309,  0.1499,  0.0248, -0.2296,  0.2483,  0.2298,  0.1098],
        [ 0.1427,  0.1175,  0.2383, -0.2637, -0.1294, -0.0640, -0.0302, -0.1398,
         -0.2131, -0.2148, -0.0706,  0.1838,  0.1610,  0.0888, -0.1265, -0.0710],
        [ 0.0478, -0.2049,  0.0239,  0.0252,  0.2541, -0.0999,  0.2668,  0.0474,
         -0.1461,  0.2096,  0.1859, -0.2274, -0.1542,  0.1386, -0.1261,  0.2017],
        [-0.0940, -0.0509, -0.0383,  0.2119, -0.0584, -0.0820,  0.1760, -0.1449,
          0.0217, -0.2215, -0.2362, -0.0845,  0.0074,  0.2377, -0.2155, -0.0412],
        [ 0.0882,  0.1212,  0.1818, -0.2265, -0.0324,  0.0232, -0.1814,  0.1551,
         -0.2099,  0.1303,  0.0491, -0.1015,  0.0783,  0.2295,  0.2129,  0.1838],
        [-0.1606,  0.0500,  0.1558,  0.0644,  0.1404, -0.1251,  0.1738, -0.0338,
         -0.2500, -0.0460,  0.2497, -0.0605, -0.0537, -0.1109, -0.1616,  0.0160],
        [ 0.1820,  0.0608,  0.0209, -0.0160, -0.1582, -0.1679,  0.0454, -0.1691,
          0.1463,  0.0045, -0.0017, -0.0453,  0.1819,  0.2496,  0.1451,  0.1579],
        [-0.1394,  0.0783, -0.2035,  0.1306, -0.2049,  0.0315,  0.1698,  0.1387,
          0.1924,  0.1066,  0.1308,  0.0967,  0.1784,  0.1162,  0.0450, -0.1175],
        [-0.1483, -0.0916,  0.0825, -0.1074,  0.0383,  0.2549,  0.1846, -0.2147,
          0.0437,  0.1938, -0.2001,  0.1906, -0.1379, -0.2013, -0.1342, -0.1278],
        [-0.0908,  0.0863,  0.1179,  0.0855,  0.1890, -0.1784, -0.2358, -0.1844,
         -0.1212, -0.1252,  0.0910, -0.1975, -0.1690,  0.1670, -0.1427,  0.0666]],
       device='cuda:0', requires_grad=True)

Parameter name: road_linear_0.bias
Shape: torch.Size([32])
Values: Parameter containing:
tensor([-0.2017,  0.0869,  0.1651, -0.1961,  0.1137, -0.1521,  0.1197,  0.1864,
        -0.2245,  0.1038,  0.1335,  0.2209,  0.2127,  0.0098,  0.0531,  0.0173,
        -0.1386, -0.0364, -0.0186, -0.1348, -0.0330, -0.0597, -0.1201, -0.0886,
        -0.2731,  0.2589,  0.0830,  0.2113, -0.1780, -0.2078,  0.1748, -0.0727],
       device='cuda:0', requires_grad=True)

Parameter name: road_linear_1.weight
Shape: torch.Size([1, 32])
Values: Parameter containing:
tensor([[ 0.0006,  0.0796, -0.0203,  0.0265,  0.0824,  0.1199, -0.0853, -0.1854,
         -0.1293,  0.1161,  0.0480,  0.1573, -0.0372, -0.2063,  0.0876, -0.0478,
         -0.0954,  0.1190, -0.0194, -0.0488,  0.1449,  0.1800, -0.1769, -0.1714,
         -0.1120, -0.1156, -0.1267,  0.0885, -0.1536,  0.1941,  0.0920, -0.0353]],
       device='cuda:0', requires_grad=True)

Parameter name: linear_0.weight
Shape: torch.Size([32, 39])
Values: Parameter containing:
tensor([[-0.0002,  0.0568,  0.0176,  ...,  0.0123, -0.1580, -0.1137],
        [-0.0088, -0.1463,  0.1124,  ...,  0.0017, -0.1542,  0.0871],
        [-0.1254,  0.0986,  0.0848,  ...,  0.1224,  0.0694,  0.0345],
        ...,
        [ 0.1193, -0.1108,  0.0382,  ..., -0.0828, -0.0697, -0.1180],
        [-0.0205, -0.1005, -0.0319,  ..., -0.1619, -0.0348,  0.1557],
        [-0.1708,  0.0899,  0.0118,  ..., -0.0567, -0.1442, -0.0509]],
       device='cuda:0', requires_grad=True)

Parameter name: linear_0.bias
Shape: torch.Size([32])
Values: Parameter containing:
tensor([ 0.0341,  0.0964, -0.1367, -0.0848, -0.0179, -0.0026, -0.1650,  0.1036,
        -0.0538,  0.1214,  0.0767, -0.0487, -0.0440,  0.0767, -0.1134, -0.0654,
         0.0938, -0.1427, -0.0053,  0.0324, -0.1031,  0.0932,  0.0559, -0.0513,
        -0.0284,  0.1118, -0.0138, -0.1475,  0.0719,  0.1895,  0.1128, -0.1163],
       device='cuda:0', requires_grad=True)

Parameter name: linear_1.weight
Shape: torch.Size([32, 32])
Values: Parameter containing:
tensor([[ 0.1950, -0.1067, -0.1018,  ..., -0.0507, -0.1030,  0.1557],
        [-0.0591,  0.0541,  0.0785,  ...,  0.0291, -0.0967,  0.1565],
        [-0.0132, -0.1273, -0.1383,  ..., -0.0225,  0.0799,  0.0705],
        ...,
        [-0.0069,  0.0181,  0.1055,  ...,  0.1698, -0.1307,  0.1628],
        [ 0.1357, -0.0590,  0.0327,  ...,  0.1142,  0.1403, -0.0600],
        [ 0.1313, -0.0460,  0.1992,  ...,  0.1280,  0.0640,  0.0480]],
       device='cuda:0', requires_grad=True)

Parameter name: linear_1.bias
Shape: torch.Size([32])
Values: Parameter containing:
tensor([ 0.0434,  0.0719,  0.0324, -0.0148, -0.0959, -0.1300,  0.0245, -0.1327,
         0.0746, -0.0942,  0.1875, -0.1804,  0.1168,  0.0544, -0.1956,  0.0231,
        -0.0841, -0.1147, -0.0273, -0.0778,  0.0722,  0.1690, -0.1338,  0.1519,
        -0.1272, -0.0629,  0.1405, -0.1050, -0.0605, -0.0167,  0.0369, -0.0327],
       device='cuda:0', requires_grad=True)

Parameter name: linear_2.weight
Shape: torch.Size([1, 32])
Values: Parameter containing:
tensor([[ 0.1937,  0.0734, -0.1997, -0.1518,  0.0546,  0.0292, -0.0936,  0.0961,
          0.0711, -0.0787, -0.0711,  0.1014,  0.0694, -0.0378,  0.1297,  0.0445,
         -0.1813, -0.2064,  0.0488,  0.0976, -0.1492, -0.1293, -0.2007,  0.0004,
          0.1616,  0.1970, -0.1819,  0.1418, -0.1093, -0.1938,  0.1534,  0.1866]],
       device='cuda:0', requires_grad=True)

Parameter name: linear_2.bias
Shape: torch.Size([1])
Values: Parameter containing:
tensor([-0.0410], device='cuda:0', requires_grad=True)

