Parameter name: road_linear_0.weight
Shape: torch.Size([32, 16])
Values: Parameter containing:
tensor([[-3.3169e-01,  5.2383e-01,  4.3383e-02, -4.8959e-02,  3.7835e-01,
          2.2437e-01,  4.4402e-01,  1.6980e-01,  3.4236e-01,  1.9536e-01,
          1.0535e-01, -3.1234e-01, -4.3468e-01, -2.9023e-01,  3.4916e-01,
          9.4215e-02],
        [-8.5875e-02, -1.6271e-01,  8.7095e-02, -1.5096e-01,  1.4470e-01,
          2.1442e-01,  2.7615e-02,  3.7902e-01,  7.3934e-01, -6.6715e-02,
          3.0375e-01, -4.5741e-01,  8.2564e-02,  1.4010e-01,  7.2387e-01,
          9.7980e-02],
        [ 2.0883e-01, -2.8244e-01,  4.0906e-01, -1.4178e-01, -4.0106e-01,
         -3.9996e-01, -3.1122e-01, -6.4980e-01, -1.6743e-01, -8.5095e-02,
          1.4433e-01,  1.6000e-01,  7.0797e-01,  3.3363e-01, -8.5297e-02,
          3.1127e-01],
        [ 3.2373e-02, -1.0337e-01, -1.6059e-01,  1.1241e-01, -1.4373e-01,
         -1.2540e-01,  2.8731e-02, -2.7403e-01, -7.2082e-01, -1.5592e-01,
         -2.2815e-01,  4.8987e-01,  1.6690e-01, -3.7027e-01, -4.7493e-01,
         -7.7764e-02],
        [ 1.0260e-01,  2.5624e-01,  4.7497e-02, -1.8513e-01,  2.8030e-01,
          3.1250e-02, -8.1185e-02,  5.2195e-01,  4.6104e-01,  6.9770e-02,
          3.4471e-01, -2.9087e-01,  5.1588e-02, -2.5463e-02,  5.5287e-01,
          3.5233e-02],
        [-1.4120e-01,  5.7366e-01, -3.9207e-01,  4.2001e-01,  5.9586e-01,
          3.3328e-02,  5.0274e-01,  1.6861e-01,  3.7060e-01,  2.2438e-01,
         -3.2266e-01, -2.4620e-01, -4.5647e-01,  1.1887e-01,  4.2693e-01,
         -1.2683e-01],
        [ 1.7430e-01, -1.9499e-02,  1.8996e-01, -2.1939e-02, -1.9684e-01,
         -1.3798e-01, -7.0202e-02, -4.2733e-01, -5.5347e-01,  1.8628e-01,
         -1.3400e-01,  2.0847e-01, -1.0634e-01,  6.1331e-04, -5.2685e-01,
         -3.8634e-02],
        [-2.2883e-01,  6.4110e-02,  1.5609e-01, -1.9942e-01, -4.9138e-01,
         -2.1974e-01, -3.9225e-03, -4.6025e-01, -4.7042e-01, -2.5402e-02,
         -1.4891e-01,  1.9629e-01,  2.4901e-01, -2.9251e-01, -3.1282e-01,
          1.8012e-01],
        [-1.4223e-01,  8.5681e-02,  1.0425e-01, -9.6273e-02, -2.7093e-01,
         -2.8419e-01, -2.9015e-02, -3.5415e-01, -3.5201e-01, -1.0595e-01,
         -3.1231e-01,  2.9058e-01, -1.3772e-01, -2.9755e-02, -7.0046e-01,
         -8.6766e-02],
        [-1.1486e-01,  8.0987e-02,  9.7342e-02, -1.5940e-01,  2.2703e-01,
          1.1033e-01, -7.3836e-02,  4.6763e-01,  6.2651e-01, -2.0339e-01,
          3.4758e-01, -1.9309e-01, -1.8522e-01,  1.0504e-01,  5.1097e-01,
         -2.2734e-02],
        [-2.7034e-01,  4.5989e-01,  7.1252e-02, -1.3340e-01,  1.5714e-01,
          3.7985e-01,  2.4574e-01,  3.2213e-01,  5.9009e-01,  1.2551e-01,
          7.4982e-02, -1.7025e-01, -2.6963e-01,  2.4756e-01,  1.7706e-01,
         -2.2423e-01],
        [ 5.7353e-02,  8.9941e-02,  1.8562e-01, -7.2345e-02,  3.4348e-01,
          4.2341e-02,  2.3060e-01,  3.6955e-01,  4.9854e-01,  1.3968e-01,
          3.9181e-01, -1.2614e-01, -3.6516e-01, -3.4554e-02,  3.6115e-01,
         -1.8499e-02],
        [ 1.7328e-01, -1.2404e-02, -2.3703e-02, -4.2775e-02, -2.6554e-01,
          5.2481e-02, -1.7094e-02, -5.4258e-01, -6.5349e-01,  7.1926e-02,
         -1.3888e-01,  1.9563e-01, -8.0489e-02, -4.0669e-03, -4.9504e-01,
         -1.2124e-01],
        [ 1.4915e-02,  2.0063e-01,  1.5519e-01,  1.4961e-01, -4.5871e-01,
          2.3121e-02,  9.6992e-02, -2.9481e-01, -5.8240e-01,  5.0149e-02,
         -3.2932e-01,  2.9055e-01,  3.2521e-02, -1.4313e-01, -6.7959e-01,
          4.4796e-02],
        [-1.8209e-01, -1.1649e-01,  1.3804e-01, -1.9715e-01,  5.3719e-01,
          3.4693e-01, -4.9667e-02,  3.4386e-01,  3.2779e-01, -2.8781e-02,
          2.3181e-01, -5.0111e-01,  7.6083e-04,  8.8126e-02,  3.6758e-01,
          2.6684e-02],
        [-1.6365e-01, -3.3043e-01,  6.7414e-02,  1.6033e-01, -4.6690e-01,
         -1.2758e-02, -1.6783e-01, -5.0612e-01, -4.4547e-01,  8.0285e-02,
         -6.5915e-02,  5.6439e-01,  1.4535e-01, -1.7333e-01, -1.2806e-01,
         -8.4741e-03],
        [ 6.4493e-02,  1.1620e-01, -5.3658e-02, -1.5041e-01, -4.5686e-01,
          3.9295e-02,  8.8887e-02, -1.9082e-01, -6.7157e-01,  5.8697e-02,
          7.4761e-03,  4.3933e-01,  2.3783e-01,  1.6208e-02, -4.1999e-01,
         -2.6521e-01],
        [-2.3939e-01,  3.0950e-01, -1.4368e-01,  5.4878e-02,  2.9190e-01,
          2.7385e-01,  3.5669e-01,  4.2091e-01,  2.2122e-01,  1.8462e-01,
         -8.6481e-02, -3.5341e-01, -2.5940e-01, -1.0083e-01,  3.5016e-01,
         -8.6935e-02],
        [ 3.1581e-01, -3.7981e-01,  1.3490e-01, -2.6739e-01, -4.8910e-01,
         -4.0637e-01, -4.9255e-01, -1.9861e-01, -5.7724e-01, -9.9513e-02,
          1.8981e-01,  1.2677e-01,  4.8454e-01,  2.3155e-01, -1.2843e-01,
          2.0065e-01],
        [ 4.6004e-01, -3.5655e-01,  2.6329e-01, -8.0911e-02, -6.5154e-01,
         -2.7926e-01, -5.7782e-01, -2.1944e-01, -2.4580e-01, -2.5263e-01,
          1.0645e-01,  4.5422e-01,  2.0106e-01,  8.9887e-02, -1.7320e-01,
          2.0927e-01],
        [-3.2359e-02,  2.3140e-01,  1.2808e-01, -2.0459e-01,  3.4852e-01,
         -7.7765e-02,  2.5627e-01,  5.0988e-01,  3.3845e-01, -9.5871e-02,
         -2.5239e-02, -3.3308e-01, -1.4144e-01, -3.1367e-02,  4.7081e-01,
         -1.0437e-01],
        [-8.0507e-03,  3.7221e-02,  6.9421e-02,  2.9484e-01,  2.8726e-01,
          1.1033e-01,  2.4744e-01,  2.1231e-01,  3.6392e-01,  1.3850e-01,
          3.2669e-01, -5.2120e-01, -2.8754e-01, -2.4708e-01,  2.1643e-01,
          1.4971e-01],
        [ 4.4263e-01, -4.1308e-01,  3.8956e-02, -1.4201e-01, -2.8761e-01,
         -4.1843e-01, -4.9659e-01, -4.4365e-01, -4.3073e-01, -1.3263e-01,
          3.0415e-01,  4.0513e-01,  1.6911e-01,  2.9072e-01, -4.7489e-02,
          2.2252e-01],
        [-1.3939e-02,  9.4078e-02,  7.8961e-02, -1.6140e-01, -2.8732e-01,
         -6.8547e-02,  7.4105e-03, -4.3501e-01, -5.8321e-01, -6.8710e-02,
         -2.2670e-01,  4.4311e-01,  1.4609e-01, -1.4645e-01, -4.1874e-01,
         -2.2340e-01],
        [ 1.0875e-02, -3.3059e-01, -4.7466e-02,  4.1288e-02, -6.1891e-02,
         -1.7616e-01,  1.7679e-01, -3.6599e-01, -7.1068e-01,  2.7223e-01,
          6.5451e-02,  1.5282e-01, -4.1091e-02,  2.6343e-02, -5.7918e-01,
          1.4548e-01],
        [-1.6229e-01, -9.5095e-02, -1.3513e-01,  2.4560e-01, -3.0177e-01,
         -1.5615e-01,  9.9047e-02, -5.1243e-01, -4.6390e-01, -1.2939e-01,
         -4.0734e-01,  1.9190e-01,  8.5092e-02,  1.0754e-01, -6.1701e-01,
         -1.1130e-01],
        [ 4.2906e-01, -2.6558e-01,  3.7906e-01, -3.9629e-01, -5.2265e-01,
         -1.8856e-01, -6.9788e-01, -2.8664e-01, -5.9598e-01, -5.0436e-02,
          2.6043e-01,  3.0358e-01,  5.7151e-01,  3.6903e-01, -7.7967e-02,
          3.9609e-01],
        [-1.9813e-01,  2.5645e-01,  1.8032e-01,  8.3832e-02,  4.9698e-01,
         -1.6081e-02,  3.1543e-01,  3.7667e-01,  2.0156e-01, -5.7401e-02,
          3.0206e-01, -4.4463e-01, -2.3995e-01, -4.7541e-02,  2.1980e-01,
          1.9376e-02],
        [ 1.8348e-01, -1.6319e-01, -2.1320e-02, -4.0825e-03, -4.5156e-01,
         -2.2662e-01, -1.0003e-01, -5.1597e-01, -2.0740e-01,  3.5007e-02,
         -3.7222e-02,  2.9800e-01,  3.9231e-01,  1.4934e-01, -1.6249e-01,
          1.2961e-01],
        [-3.8062e-01,  4.1175e-01, -3.2993e-01,  2.6193e-01,  2.0512e-01,
          1.9661e-01,  5.7356e-01,  5.1220e-01,  5.1090e-01,  2.3188e-01,
          3.3919e-02, -2.5347e-01, -1.8858e-01,  4.8298e-02,  2.3573e-01,
         -2.5944e-01],
        [-3.4463e-01,  2.9207e-01, -2.0478e-02, -1.3354e-02,  4.8589e-01,
          4.1194e-01,  5.5896e-01,  1.9630e-01,  4.1009e-01,  2.8860e-01,
         -3.6388e-01, -2.0698e-01, -5.7460e-01, -2.3676e-01,  1.6880e-01,
         -2.3738e-01],
        [-1.4535e-01, -4.6304e-02,  3.6213e-02,  1.0634e-01, -1.0119e-01,
         -2.2891e-01, -2.7762e-01, -5.4921e-01, -5.7195e-01, -6.5188e-02,
         -3.4540e-02,  1.2930e-01, -8.4647e-02,  3.3644e-02, -5.1061e-01,
          5.3432e-03]], device='cuda:0', requires_grad=True)

Parameter name: road_linear_0.bias
Shape: torch.Size([32])
Values: Parameter containing:
tensor([-0.1192,  0.1533,  0.2060, -0.2291,  0.1989, -0.1682, -0.0263,  0.1406,
        -0.1451,  0.1431, -0.0786,  0.1101, -0.0563, -0.1021,  0.1687, -0.0377,
        -0.1824, -0.0925,  0.2240,  0.1301,  0.0913, -0.1115,  0.1084, -0.1220,
        -0.2208, -0.0563,  0.2368,  0.0407,  0.0228, -0.2591, -0.0927, -0.0605],
       device='cuda:0', requires_grad=True)

Parameter name: road_linear_1.weight
Shape: torch.Size([1, 32])
Values: Parameter containing:
tensor([[ 0.5594,  0.7218, -0.5043, -0.6271,  0.7004,  0.6590, -0.6403, -0.7032,
         -0.6524,  0.7596,  0.5537,  0.7327, -0.6457, -0.8059,  0.6564, -0.6248,
         -0.6637,  0.6236, -0.4686, -0.5030,  0.7785,  0.5453, -0.6159, -0.7313,
         -0.6959, -0.7288, -0.5812,  0.6797, -0.6376,  0.6823,  0.5233, -0.5635]],
       device='cuda:0', requires_grad=True)

Parameter name: linear_0.weight
Shape: torch.Size([32, 39])
Values: Parameter containing:
tensor([[-0.0262,  0.1089,  0.0535,  ...,  0.2001, -0.6759, -0.1137],
        [-0.1402, -0.0349,  0.1418,  ...,  0.0523, -0.5880,  0.0871],
        [ 0.0282, -0.0396,  0.0210,  ...,  0.0651,  0.6201,  0.0345],
        ...,
        [ 0.1382, -0.1533, -0.0414,  ..., -0.1690,  0.2940, -0.1180],
        [ 0.1113, -0.2127, -0.0735,  ..., -0.2317,  0.4690,  0.1557],
        [-0.2245,  0.1959,  0.0704,  ...,  0.0846, -0.5952, -0.0509]],
       device='cuda:0', requires_grad=True)

Parameter name: linear_0.bias
Shape: torch.Size([32])
Values: Parameter containing:
tensor([ 0.0870,  0.0262, -0.0602, -0.1328, -0.0863,  0.0442, -0.0829,  0.0703,
        -0.0408,  0.0481,  0.0522,  0.0131, -0.0240,  0.1073, -0.0204, -0.0183,
         0.0565, -0.1664, -0.0003,  0.0941, -0.0975, -0.0067,  0.1198,  0.0619,
        -0.1080,  0.1136,  0.0619, -0.1594,  0.0467,  0.1984,  0.1806, -0.1024],
       device='cuda:0', requires_grad=True)

Parameter name: linear_1.weight
Shape: torch.Size([32, 32])
Values: Parameter containing:
tensor([[ 0.0983, -0.2225,  0.0118,  ...,  0.1146, -0.0039,  0.0736],
        [-0.1863, -0.0648,  0.2125,  ...,  0.2088,  0.0094,  0.0442],
        [ 0.1389, -0.0355, -0.2395,  ..., -0.1733, -0.0095,  0.2197],
        ...,
        [ 0.1485,  0.0865,  0.0224,  ...,  0.0471, -0.2331,  0.3582],
        [ 0.0576, -0.2345,  0.1661,  ...,  0.3426,  0.2758, -0.1165],
        [ 0.0185, -0.1388,  0.2940,  ...,  0.2759,  0.1470, -0.0502]],
       device='cuda:0', requires_grad=True)

Parameter name: linear_1.bias
Shape: torch.Size([32])
Values: Parameter containing:
tensor([ 0.1590,  0.1987, -0.0626, -0.1657,  0.0405, -0.0014, -0.1017,  0.0737,
         0.2264, -0.1724,  0.1362, -0.1373,  0.2531,  0.0702, -0.0534,  0.2269,
         0.0660, -0.1965,  0.0624,  0.0775, -0.0947,  0.0628, -0.2319,  0.2336,
         0.0170, -0.0289,  0.0858,  0.0007, -0.2049, -0.0755,  0.2166,  0.0641],
       device='cuda:0', requires_grad=True)

Parameter name: linear_2.weight
Shape: torch.Size([1, 32])
Values: Parameter containing:
tensor([[ 1.2001,  1.1307, -1.2099, -1.1640,  1.0503,  1.0634, -1.1137,  1.0107,
          1.0787, -1.1771, -1.0757,  1.0620,  1.0668,  1.0975,  1.0846,  1.0568,
         -1.1767, -1.2178,  1.0822,  1.0539, -1.1103, -1.1273, -1.2379,  1.0741,
          1.1606,  1.1933, -1.2061,  1.1907, -1.1069, -1.2237,  1.1056,  1.1915]],
       device='cuda:0', requires_grad=True)

Parameter name: linear_2.bias
Shape: torch.Size([1])
Values: Parameter containing:
tensor([0.9315], device='cuda:0', requires_grad=True)

