Parameter name: road_linear_0.weight
Shape: torch.Size([32, 16])
Values: Parameter containing:
tensor([[-0.1728,  0.2487,  0.1384, -0.1686, -0.0152,  0.0191,  0.1420, -0.1978,
          0.0218,  0.0983,  0.1185,  0.0063, -0.1396, -0.2280,  0.1206,  0.2050],
        [-0.1041, -0.2059,  0.0438, -0.1616, -0.1797,  0.0979,  0.0048,  0.0053,
          0.2452, -0.0244,  0.1432, -0.1034,  0.1644,  0.0880,  0.2076,  0.0588],
        [-0.0856,  0.1099,  0.2168,  0.0447,  0.1042, -0.1804,  0.1304, -0.2432,
          0.2145,  0.0975,  0.0118, -0.2323,  0.2328,  0.1717,  0.2200,  0.1005],
        [ 0.1170, -0.0835, -0.0694,  0.0837,  0.1028, -0.0412,  0.0089,  0.0617,
         -0.2642, -0.2435, -0.0517,  0.2008,  0.1464, -0.2491, -0.0642,  0.0064],
        [ 0.0536,  0.2226, -0.0237, -0.1813, -0.0014, -0.0670, -0.1245,  0.1625,
         -0.0138,  0.1368,  0.1920, -0.0010,  0.1160, -0.1058,  0.1229, -0.0181],
        [ 0.1371,  0.2568, -0.2187,  0.2513,  0.1749, -0.1713,  0.1020, -0.1793,
          0.1034,  0.0592, -0.2498,  0.0647, -0.0905,  0.2606,  0.2291,  0.0577],
        [ 0.2277,  0.0642,  0.2681, -0.0352,  0.0808, -0.0731, -0.0365, -0.1033,
         -0.1187,  0.1279,  0.0795, -0.0815, -0.1895,  0.1065, -0.2038,  0.0196],
        [-0.1854,  0.1867,  0.2342, -0.2183, -0.2144, -0.1788,  0.0385, -0.1512,
         -0.0789, -0.0810,  0.0322, -0.0906,  0.1423, -0.1929, -0.0008,  0.2392],
        [-0.1094,  0.1745,  0.1595, -0.0945,  0.1031, -0.1987, -0.0078,  0.0474,
          0.1953, -0.1590, -0.1357, -0.0991, -0.2223,  0.0387, -0.1916, -0.0388],
        [-0.1409,  0.0323,  0.0460, -0.1677, -0.0903,  0.0061, -0.1155,  0.0824,
          0.1131, -0.1580,  0.1897,  0.1512, -0.1009,  0.0489,  0.0153, -0.0633],
        [-0.2000,  0.2131,  0.0908, -0.1918, -0.2070,  0.2703,  0.0670, -0.0374,
          0.1969,  0.0981,  0.0610,  0.1694, -0.0321,  0.2448, -0.1658, -0.1841],
        [ 0.0120, -0.0145,  0.1122, -0.0534,  0.0234, -0.0216,  0.2165,  0.0083,
          0.0239,  0.2046,  0.2340,  0.2123, -0.2690, -0.1309, -0.0653, -0.0809],
        [ 0.1720,  0.1010,  0.0074, -0.0080,  0.0683,  0.1869,  0.1029, -0.1441,
         -0.1530,  0.0580, -0.0050, -0.1370, -0.2261,  0.0262, -0.0695, -0.1183],
        [ 0.0764,  0.2235,  0.2378,  0.1289, -0.1718,  0.1121,  0.0991,  0.0602,
         -0.0839, -0.0244, -0.1315, -0.0297, -0.0171, -0.0477, -0.2313,  0.1174],
        [-0.2345, -0.1680,  0.0710, -0.1903,  0.2220,  0.2704, -0.0500, -0.0183,
         -0.1702,  0.0355,  0.0394, -0.1643,  0.0545,  0.0019, -0.0892, -0.0306],
        [-0.2138, -0.1959,  0.0623,  0.2287, -0.1312,  0.1308, -0.0062, -0.1323,
         -0.0194,  0.1014,  0.0214,  0.2470, -0.0207, -0.1799,  0.2449, -0.0433],
        [ 0.1878,  0.1454,  0.0741, -0.2189, -0.2292,  0.0884,  0.0311,  0.1206,
         -0.2430, -0.0551,  0.2209,  0.1576,  0.2313,  0.1842, -0.0436, -0.1414],
        [-0.1792,  0.1071, -0.1301,  0.0143,  0.0222,  0.1865,  0.1696,  0.1689,
          0.0306,  0.1595, -0.1045, -0.1280, -0.0676, -0.1316,  0.2022, -0.0682],
        [ 0.0676, -0.0025, -0.0084, -0.1325, -0.0312, -0.2192, -0.1168,  0.1923,
         -0.2358,  0.0413,  0.0340, -0.2444,  0.0476,  0.1288,  0.1692,  0.0406],
        [ 0.2276, -0.0104,  0.1278,  0.0585, -0.1679, -0.0877, -0.2068,  0.1707,
          0.0958, -0.1279, -0.0337,  0.0965, -0.1940, -0.0040,  0.1325,  0.0635],
        [-0.0526,  0.1786,  0.0785, -0.2078,  0.1307, -0.1665,  0.1692,  0.2335,
          0.0448, -0.0642, -0.1384, -0.1379, -0.0678, -0.0922,  0.2338, -0.1372],
        [ 0.0752, -0.2120,  0.0972,  0.2259, -0.1963, -0.0339,  0.0878, -0.2146,
         -0.1380,  0.1043,  0.2439, -0.1009, -0.0277, -0.2282, -0.2591,  0.1890],
        [ 0.2422, -0.0957, -0.0683, -0.0302,  0.1329, -0.2726, -0.1682, -0.1074,
         -0.1299, -0.0265,  0.1874,  0.0820, -0.2028,  0.2190,  0.2178,  0.1084],
        [ 0.1525,  0.0745,  0.2355, -0.2545, -0.1390, -0.0627, -0.0771, -0.1911,
         -0.2612, -0.2111, -0.0323,  0.2396,  0.1888,  0.0602, -0.1379, -0.0709],
        [ 0.0541, -0.2511,  0.0191,  0.0368,  0.2429, -0.0965,  0.2158, -0.0062,
         -0.1947,  0.2165,  0.2211, -0.1702, -0.1213,  0.1074, -0.1373,  0.1997],
        [-0.0906, -0.0941, -0.0423,  0.2243, -0.0686, -0.0788,  0.1233, -0.1912,
         -0.0266, -0.2134, -0.2179, -0.0313,  0.0475,  0.2021, -0.2273, -0.0433],
        [ 0.0960,  0.0736,  0.1769, -0.2148, -0.0440,  0.0266, -0.2305,  0.1002,
         -0.2592,  0.1365,  0.0798, -0.0432,  0.1082,  0.1989,  0.2021,  0.1816],
        [-0.1752,  0.0908,  0.1576,  0.0574,  0.1488, -0.1249,  0.2055,  0.0168,
         -0.2043, -0.0450,  0.2243, -0.1139, -0.0698, -0.0879, -0.1520,  0.0144],
        [ 0.1825,  0.0202,  0.0155, -0.0016, -0.1729, -0.1629, -0.0159, -0.2202,
          0.1006,  0.0139,  0.0298,  0.0112,  0.2265,  0.2201,  0.1230,  0.1543],
        [-0.1512,  0.1244, -0.1998,  0.1211, -0.1954,  0.0296,  0.2112,  0.1923,
          0.2401,  0.1028,  0.1173,  0.0392,  0.1545,  0.1450,  0.0531, -0.1169],
        [-0.1518, -0.0437,  0.0880, -0.1211,  0.0519,  0.2504,  0.2414, -0.1609,
          0.0932,  0.1849, -0.2401,  0.1316, -0.1784, -0.1697, -0.1188, -0.1246],
        [-0.0905,  0.0643,  0.1113,  0.0907,  0.1693, -0.1728, -0.2506, -0.2141,
         -0.1509, -0.1253,  0.0988, -0.1702, -0.1690,  0.1412, -0.1597,  0.0599]],
       device='cuda:0', requires_grad=True)

Parameter name: road_linear_0.bias
Shape: torch.Size([32])
Values: Parameter containing:
tensor([-0.2036,  0.0812,  0.1565, -0.1814,  0.1076, -0.1466,  0.1293,  0.1933,
        -0.2039,  0.0946,  0.1377,  0.2196,  0.2123,  0.0478,  0.0256,  0.0340,
        -0.1438, -0.0182, -0.0072, -0.1314, -0.0292, -0.0074, -0.0994, -0.0746,
        -0.2594,  0.2571,  0.0956,  0.1859, -0.1805, -0.2148,  0.1564, -0.0598],
       device='cuda:0', requires_grad=True)

Parameter name: road_linear_1.weight
Shape: torch.Size([1, 32])
Values: Parameter containing:
tensor([[ 0.0045,  0.0726, -0.0148, -0.0344,  0.0843,  0.1260, -0.0787, -0.1824,
         -0.0779,  0.1256,  0.0437,  0.1593, -0.0365, -0.1689,  0.0712, -0.0615,
         -0.1005,  0.1423, -0.0121, -0.0443,  0.1866,  0.1266, -0.1755, -0.1944,
         -0.1003, -0.1174, -0.1234,  0.1147, -0.1501,  0.1932,  0.0870, -0.0267]],
       device='cuda:0', requires_grad=True)

Parameter name: linear_0.weight
Shape: torch.Size([32, 39])
Values: Parameter containing:
tensor([[ 0.0138,  0.0387,  0.0470,  ...,  0.0231, -0.1444, -0.1137],
        [-0.0358, -0.1340,  0.0964,  ..., -0.0042, -0.1739,  0.0871],
        [-0.0998,  0.0858,  0.0990,  ...,  0.1299,  0.0886,  0.0345],
        ...,
        [ 0.0917, -0.0950,  0.0223,  ..., -0.0925, -0.0892, -0.1180],
        [ 0.0033, -0.1103, -0.0190,  ..., -0.1586, -0.0155,  0.1557],
        [-0.1435,  0.0777,  0.0277,  ..., -0.0485, -0.1260, -0.0509]],
       device='cuda:0', requires_grad=True)

Parameter name: linear_0.bias
Shape: torch.Size([32])
Values: Parameter containing:
tensor([ 0.0534,  0.0812, -0.1217, -0.0999, -0.0335,  0.0162, -0.1422,  0.0875,
        -0.0459,  0.1065,  0.0590, -0.0383, -0.0293,  0.0622, -0.0955, -0.0539,
         0.0857, -0.1289, -0.0189,  0.0208, -0.0959,  0.0699,  0.0706, -0.0362,
        -0.0521,  0.0909, -0.0018, -0.1360,  0.0809,  0.1720,  0.1252, -0.1014],
       device='cuda:0', requires_grad=True)

Parameter name: linear_1.weight
Shape: torch.Size([32, 32])
Values: Parameter containing:
tensor([[ 0.1730, -0.0917, -0.1218,  ..., -0.0314, -0.1179,  0.1543],
        [-0.0864,  0.0743,  0.0533,  ...,  0.0537, -0.1170,  0.1513],
        [ 0.0126, -0.1459, -0.1148,  ..., -0.0456,  0.0985,  0.0742],
        ...,
        [ 0.0146,  0.0032,  0.1254,  ...,  0.1509, -0.1162,  0.1640],
        [ 0.1076, -0.0385,  0.0070,  ...,  0.1395,  0.1194, -0.0654],
        [ 0.1092, -0.0307,  0.1787,  ...,  0.1474,  0.0491,  0.0465]],
       device='cuda:0', requires_grad=True)

Parameter name: linear_1.bias
Shape: torch.Size([32])
Values: Parameter containing:
tensor([ 0.0560,  0.0896,  0.0163, -0.0320, -0.0748, -0.1087,  0.0066, -0.1129,
         0.0917, -0.1127,  0.1672, -0.1690,  0.1339,  0.0306, -0.1801,  0.0397,
        -0.1003, -0.1273, -0.0046, -0.0637,  0.0570,  0.1533, -0.1486,  0.1623,
        -0.1112, -0.0479,  0.1272, -0.0873, -0.0757, -0.0288,  0.0556, -0.0202],
       device='cuda:0', requires_grad=True)

Parameter name: linear_2.weight
Shape: torch.Size([1, 32])
Values: Parameter containing:
tensor([[ 0.1732,  0.0670, -0.1655, -0.1286,  0.0233,  0.0098, -0.0685,  0.0658,
          0.0675, -0.0909, -0.0517,  0.0779,  0.0524,  0.0041,  0.1033,  0.0503,
         -0.1602, -0.1840,  0.0194,  0.0744, -0.1210, -0.0990, -0.1675,  0.0221,
          0.1393,  0.1747, -0.1593,  0.1421, -0.0850, -0.1711,  0.1277,  0.1647]],
       device='cuda:0', requires_grad=True)

Parameter name: linear_2.bias
Shape: torch.Size([1])
Values: Parameter containing:
tensor([-0.0225], device='cuda:0', requires_grad=True)

Parameter name: road_linear_0.weight
Shape: torch.Size([32, 16])
Values: Parameter containing:
tensor([[-0.1727,  0.2494,  0.1387, -0.1679, -0.0151,  0.0190,  0.1418, -0.1976,
          0.0222,  0.0984,  0.1186,  0.0066, -0.1396, -0.2274,  0.1213,  0.2052],
        [-0.1038, -0.2054,  0.0442, -0.1609, -0.1798,  0.0977,  0.0044,  0.0054,
          0.2460, -0.0243,  0.1442, -0.1029,  0.1644,  0.0895,  0.2074,  0.0592],
        [-0.0869,  0.1113,  0.2155,  0.0452,  0.1048, -0.1793,  0.1317, -0.2421,
          0.2157,  0.0982,  0.0084, -0.2333,  0.2312,  0.1697,  0.2222,  0.0991],
        [ 0.1169, -0.0838, -0.0697,  0.0828,  0.1034, -0.0412,  0.0094,  0.0617,
         -0.2656, -0.2437, -0.0523,  0.2003,  0.1465, -0.2511, -0.0642,  0.0061],
        [ 0.0539,  0.2230, -0.0234, -0.1806, -0.0015, -0.0672, -0.1249,  0.1625,
         -0.0129,  0.1368,  0.1929, -0.0005,  0.1161, -0.1043,  0.1228, -0.0178],
        [ 0.1373,  0.2575, -0.2185,  0.2519,  0.1748, -0.1714,  0.1018, -0.1792,
          0.1040,  0.0591, -0.2477,  0.0651, -0.0909,  0.2623,  0.2288,  0.0580],
        [ 0.2276,  0.0642,  0.2678, -0.0361,  0.0809, -0.0730, -0.0361, -0.1033,
         -0.1205,  0.1274,  0.0803, -0.0820, -0.1895,  0.1043, -0.2039,  0.0193],
        [-0.1856,  0.1866,  0.2338, -0.2191, -0.2142, -0.1787,  0.0390, -0.1512,
         -0.0803, -0.0812,  0.0321, -0.0911,  0.1422, -0.1948, -0.0003,  0.2388],
        [-0.1097,  0.1740,  0.1591, -0.0952,  0.1032, -0.1985, -0.0073,  0.0473,
          0.1946, -0.1591, -0.1367, -0.0996, -0.2224,  0.0372, -0.1916, -0.0392],
        [-0.1406,  0.0327,  0.0463, -0.1670, -0.0904,  0.0060, -0.1159,  0.0824,
          0.1140, -0.1580,  0.1911,  0.1517, -0.1009,  0.0506,  0.0148, -0.0629],
        [-0.1998,  0.2146,  0.0911, -0.1912, -0.2074,  0.2702,  0.0668, -0.0374,
          0.1977,  0.0981,  0.0615,  0.1699, -0.0327,  0.2462, -0.1629, -0.1838],
        [ 0.0122, -0.0138,  0.1125, -0.0527,  0.0232, -0.0217,  0.2162,  0.0084,
          0.0252,  0.2048,  0.2326,  0.2128, -0.2692, -0.1292, -0.0657, -0.0806],
        [ 0.1717,  0.1000,  0.0071, -0.0086,  0.0682,  0.1870,  0.1032, -0.1442,
         -0.1534,  0.0581, -0.0058, -0.1374, -0.2258,  0.0249, -0.0707, -0.1186],
        [ 0.0762,  0.2232,  0.2375,  0.1282, -0.1717,  0.1122,  0.0995,  0.0601,
         -0.0849, -0.0245, -0.1326, -0.0302, -0.0171, -0.0495, -0.2308,  0.1171],
        [-0.2342, -0.1678,  0.0714, -0.1897,  0.2218,  0.2702, -0.0505, -0.0184,
         -0.1692,  0.0355,  0.0408, -0.1637,  0.0544,  0.0037, -0.0897, -0.0301],
        [-0.2141, -0.1962,  0.0619,  0.2280, -0.1311,  0.1310, -0.0058, -0.1322,
         -0.0203,  0.1014,  0.0222,  0.2465, -0.0209, -0.1815,  0.2450, -0.0437],
        [ 0.1876,  0.1449,  0.0738, -0.2196, -0.2292,  0.0886,  0.0314,  0.1205,
         -0.2439, -0.0552,  0.2204,  0.1572,  0.2317,  0.1825, -0.0435, -0.1417],
        [-0.1790,  0.1072, -0.1298,  0.0152,  0.0221,  0.1863,  0.1692,  0.1689,
          0.0318,  0.1597, -0.1041, -0.1275, -0.0675, -0.1297,  0.2019, -0.0679],
        [ 0.0677, -0.0022, -0.0079, -0.1320, -0.0306, -0.2202, -0.1171,  0.1916,
         -0.2348,  0.0411,  0.0312, -0.2439,  0.0476,  0.1269,  0.1716,  0.0408],
        [ 0.2274, -0.0106,  0.1275,  0.0577, -0.1675, -0.0876, -0.2064,  0.1707,
          0.0946, -0.1281, -0.0353,  0.0960, -0.1939, -0.0061,  0.1330,  0.0631],
        [-0.0524,  0.1789,  0.0788, -0.2070,  0.1306, -0.1666,  0.1687,  0.2337,
          0.0456, -0.0642, -0.1375, -0.1374, -0.0676, -0.0905,  0.2339, -0.1368],
        [ 0.0754, -0.2118,  0.0976,  0.2267, -0.1963, -0.0341,  0.0874, -0.2146,
         -0.1371,  0.1044,  0.2443, -0.1004, -0.0275, -0.2267, -0.2590,  0.1894],
        [ 0.2419, -0.0960, -0.0686, -0.0309,  0.1331, -0.2725, -0.1677, -0.1074,
         -0.1310, -0.0267,  0.1860,  0.0815, -0.2028,  0.2172,  0.2183,  0.1080],
        [ 0.1523,  0.0743,  0.2351, -0.2554, -0.1389, -0.0625, -0.0766, -0.1911,
         -0.2623, -0.2113, -0.0330,  0.2390,  0.1888,  0.0585, -0.1378, -0.0713],
        [ 0.0539, -0.2514,  0.0188,  0.0360,  0.2430, -0.0965,  0.2162, -0.0062,
         -0.1957,  0.2163,  0.2197, -0.1707, -0.1210,  0.1056, -0.1369,  0.1993],
        [-0.0909, -0.0946, -0.0426,  0.2236, -0.0686, -0.0787,  0.1236, -0.1913,
         -0.0272, -0.2134, -0.2187, -0.0318,  0.0475,  0.2005, -0.2276, -0.0436],
        [ 0.0958,  0.0733,  0.1766, -0.2156, -0.0438,  0.0267, -0.2301,  0.1002,
         -0.2604,  0.1363,  0.0786, -0.0437,  0.1082,  0.1970,  0.2025,  0.1812],
        [-0.1750,  0.0911,  0.1579,  0.0582,  0.1487, -0.1251,  0.2050,  0.0168,
         -0.2030, -0.0446,  0.2248, -0.1134, -0.0698, -0.0863, -0.1523,  0.0147],
        [ 0.1822,  0.0187,  0.0151, -0.0022, -0.1726, -0.1629, -0.0155, -0.2203,
          0.1000,  0.0141,  0.0293,  0.0107,  0.2270,  0.2186,  0.1214,  0.1539],
        [-0.1510,  0.1245, -0.1994,  0.1219, -0.1955,  0.0295,  0.2107,  0.1922,
          0.2414,  0.1030,  0.1176,  0.0397,  0.1547,  0.1468,  0.0528, -0.1165],
        [-0.1516, -0.0432,  0.0884, -0.1203,  0.0516,  0.2503,  0.2410, -0.1608,
          0.0942,  0.1849, -0.2387,  0.1321, -0.1785, -0.1677, -0.1191, -0.1242],
        [-0.0904,  0.0651,  0.1112,  0.0898,  0.1702, -0.1727, -0.2506, -0.2138,
         -0.1525, -0.1260,  0.0959, -0.1705, -0.1691,  0.1384, -0.1575,  0.0601]],
       device='cuda:0', requires_grad=True)

Parameter name: road_linear_0.bias
Shape: torch.Size([32])
Values: Parameter containing:
tensor([-0.2037,  0.0809,  0.1557, -0.1811,  0.1072, -0.1460,  0.1294,  0.1936,
        -0.2046,  0.0946,  0.1381,  0.2198,  0.2122,  0.0481,  0.0256,  0.0340,
        -0.1440, -0.0189, -0.0077, -0.1317, -0.0295, -0.0081, -0.0993, -0.0741,
        -0.2598,  0.2571,  0.0959,  0.1850, -0.1809, -0.2155,  0.1570, -0.0592],
       device='cuda:0', requires_grad=True)

Parameter name: road_linear_1.weight
Shape: torch.Size([1, 32])
Values: Parameter containing:
tensor([[ 0.0042,  0.0722, -0.0147, -0.0344,  0.0846,  0.1267, -0.0786, -0.1821,
         -0.0782,  0.1258,  0.0434,  0.1591, -0.0365, -0.1687,  0.0713, -0.0615,
         -0.1006,  0.1421, -0.0120, -0.0441,  0.1869,  0.1269, -0.1751, -0.1942,
         -0.1005, -0.1174, -0.1232,  0.1157, -0.1496,  0.1930,  0.0867, -0.0262]],
       device='cuda:0', requires_grad=True)

Parameter name: linear_0.weight
Shape: torch.Size([32, 39])
Values: Parameter containing:
tensor([[ 0.0166,  0.0371,  0.0495,  ...,  0.0231, -0.1415, -0.1137],
        [-0.0396, -0.1325,  0.0936,  ..., -0.0040, -0.1769,  0.0871],
        [-0.0970,  0.0847,  0.1012,  ...,  0.1298,  0.0913,  0.0345],
        ...,
        [ 0.0887, -0.0936,  0.0198,  ..., -0.0924, -0.0921, -0.1180],
        [ 0.0069, -0.1116, -0.0163,  ..., -0.1588, -0.0126,  0.1557],
        [-0.1415,  0.0771,  0.0294,  ..., -0.0485, -0.1239, -0.0509]],
       device='cuda:0', requires_grad=True)

Parameter name: linear_0.bias
Shape: torch.Size([32])
Values: Parameter containing:
tensor([ 0.0559,  0.0785, -0.1196, -0.1015, -0.0360,  0.0195, -0.1385,  0.0851,
        -0.0441,  0.1044,  0.0561, -0.0364, -0.0269,  0.0610, -0.0925, -0.0519,
         0.0838, -0.1309, -0.0212,  0.0201, -0.0943,  0.0662,  0.0740, -0.0340,
        -0.0557,  0.0886,  0.0007, -0.1335,  0.0796,  0.1696,  0.1277, -0.1000],
       device='cuda:0', requires_grad=True)

Parameter name: linear_1.weight
Shape: torch.Size([32, 32])
Values: Parameter containing:
tensor([[ 0.1701, -0.0900, -0.1246,  ..., -0.0292, -0.1198,  0.1546],
        [-0.0892,  0.0759,  0.0506,  ...,  0.0559, -0.1188,  0.1516],
        [ 0.0154, -0.1476, -0.1122,  ..., -0.0477,  0.1003,  0.0740],
        ...,
        [ 0.0174,  0.0014,  0.1283,  ...,  0.1486, -0.1143,  0.1637],
        [ 0.1046, -0.0368,  0.0042,  ...,  0.1418,  0.1175, -0.0651],
        [ 0.1063, -0.0288,  0.1757,  ...,  0.1498,  0.0471,  0.0468]],
       device='cuda:0', requires_grad=True)

Parameter name: linear_1.bias
Shape: torch.Size([32])
Values: Parameter containing:
tensor([ 0.0580,  0.0916,  0.0143, -0.0341, -0.0727, -0.1055,  0.0045, -0.1109,
         0.0936, -0.1148,  0.1648, -0.1671,  0.1359,  0.0312, -0.1780,  0.0416,
        -0.1024, -0.1294, -0.0020, -0.0616,  0.0551,  0.1514, -0.1505,  0.1640,
        -0.1092, -0.0457,  0.1252, -0.0852, -0.0777, -0.0309,  0.0577, -0.0180],
       device='cuda:0', requires_grad=True)

Parameter name: linear_2.weight
Shape: torch.Size([1, 32])
Values: Parameter containing:
tensor([[ 0.1709,  0.0677, -0.1624, -0.1293,  0.0200,  0.0079, -0.0661,  0.0631,
          0.0701, -0.0924, -0.0505,  0.0755,  0.0522,  0.0062,  0.1008,  0.0521,
         -0.1587, -0.1819,  0.0167,  0.0722, -0.1182, -0.0960, -0.1643,  0.0246,
          0.1368,  0.1730, -0.1571,  0.1421, -0.0826, -0.1690,  0.1253,  0.1629]],
       device='cuda:0', requires_grad=True)

Parameter name: linear_2.bias
Shape: torch.Size([1])
Values: Parameter containing:
tensor([-0.0205], device='cuda:0', requires_grad=True)

