Parameter name: road_linear_0.weight
Shape: torch.Size([32, 16])
Values: Parameter containing:
tensor([[-2.8266e-01,  4.7266e-01,  8.4376e-02, -7.0053e-02,  3.5193e-01,
          1.8093e-01,  3.6670e-01,  1.5405e-01,  3.6363e-01,  1.7434e-01,
          1.3837e-01, -3.1114e-01, -3.7200e-01, -2.5735e-01,  3.8202e-01,
          1.2240e-01],
        [-1.0761e-01, -1.4676e-01,  6.3357e-02, -1.2806e-01,  1.2839e-01,
          2.2081e-01,  5.1105e-02,  3.4384e-01,  6.8590e-01, -3.9624e-02,
          2.6436e-01, -4.3958e-01,  6.6245e-02,  1.1892e-01,  6.7498e-01,
          6.9933e-02],
        [ 1.2672e-01, -2.0516e-01,  3.3884e-01, -9.9112e-02, -3.3400e-01,
         -3.3640e-01, -1.8893e-01, -6.2262e-01, -1.7720e-01, -4.0807e-02,
          8.7654e-02,  1.4476e-01,  6.0257e-01,  2.7210e-01, -1.0404e-01,
          2.5302e-01],
        [ 5.6453e-02, -1.2224e-01, -1.3583e-01,  8.8868e-02, -1.3152e-01,
         -1.3383e-01,  4.8470e-03, -2.4048e-01, -6.6849e-01, -1.8474e-01,
         -1.8779e-01,  4.7375e-01,  1.8558e-01, -3.4775e-01, -4.2884e-01,
         -4.8912e-02],
        [ 7.5676e-02,  2.8090e-01,  2.2773e-02, -1.6253e-01,  2.7250e-01,
          3.9079e-02, -5.7267e-02,  4.9382e-01,  4.0899e-01,  1.0043e-01,
          3.0439e-01, -2.8315e-01,  3.0804e-02, -4.8868e-02,  5.1361e-01,
          5.9841e-03],
        [-6.4208e-02,  5.0510e-01, -3.2394e-01,  3.7828e-01,  5.5128e-01,
         -2.0383e-02,  3.9226e-01,  1.4994e-01,  3.9072e-01,  1.8477e-01,
         -2.6885e-01, -2.4499e-01, -3.6757e-01,  1.7553e-01,  4.6020e-01,
         -7.3020e-02],
        [ 1.9453e-01, -3.1295e-02,  2.1418e-01, -4.5433e-02, -1.9374e-01,
         -1.5349e-01, -8.8932e-02, -4.0375e-01, -5.1868e-01,  1.6086e-01,
         -9.8138e-02,  1.9800e-01, -9.0296e-02,  2.0731e-02, -4.9657e-01,
         -1.3137e-02],
        [-2.1993e-01,  6.4890e-02,  1.7343e-01, -2.1860e-01, -4.9231e-01,
         -2.3384e-01, -1.2713e-02, -4.4042e-01, -4.5004e-01, -4.2980e-02,
         -1.2545e-01,  1.8446e-01,  2.5459e-01, -2.8089e-01, -2.9189e-01,
          1.9793e-01],
        [-1.1780e-01,  7.1126e-02,  1.3178e-01, -1.2243e-01, -2.5632e-01,
         -2.9686e-01, -5.4271e-02, -3.1770e-01, -3.0059e-01, -1.3505e-01,
         -2.6970e-01,  2.6858e-01, -1.1949e-01, -6.0286e-03, -6.5179e-01,
         -5.6843e-02],
        [-1.3769e-01,  9.8166e-02,  7.2084e-02, -1.3537e-01,  2.1731e-01,
          1.2132e-01, -4.9727e-02,  4.3610e-01,  5.7782e-01, -1.7544e-01,
          3.0903e-01, -1.7853e-01, -2.0355e-01,  8.3183e-02,  4.6564e-01,
         -5.0933e-02],
        [-2.4204e-01,  4.2288e-01,  8.4137e-02, -1.3497e-01,  1.5169e-01,
          3.6819e-01,  2.0781e-01,  3.0877e-01,  6.0505e-01,  1.1754e-01,
          8.8060e-02, -1.6034e-01, -2.3254e-01,  2.6381e-01,  1.8808e-01,
         -2.1426e-01],
        [ 4.1477e-02,  9.6904e-02,  1.6363e-01, -5.0010e-02,  3.4240e-01,
          5.5454e-02,  2.4733e-01,  3.4412e-01,  4.6642e-01,  1.6301e-01,
          3.5993e-01, -1.1181e-01, -3.7681e-01, -5.1815e-02,  3.3006e-01,
         -4.1085e-02],
        [ 2.0000e-01, -3.4341e-02,  2.8792e-03, -6.7186e-02, -2.6149e-01,
          3.9250e-02, -4.1039e-02, -5.1728e-01, -6.0974e-01,  4.1918e-02,
         -9.8044e-02,  1.8927e-01, -5.8495e-02,  1.9986e-02, -4.6021e-01,
         -9.1717e-02],
        [ 3.6889e-02,  1.8612e-01,  1.7999e-01,  1.2582e-01, -4.4294e-01,
          1.4844e-02,  7.3792e-02, -2.5901e-01, -5.3034e-01,  2.2693e-02,
         -2.9043e-01,  2.7045e-01,  4.8425e-02, -1.2162e-01, -6.2949e-01,
          7.2751e-02],
        [-2.0654e-01, -9.8416e-02,  1.1245e-01, -1.7312e-01,  5.2903e-01,
          3.5968e-01, -2.6007e-02,  3.1375e-01,  2.8063e-01,  1.9837e-05,
          1.9199e-01, -4.8789e-01, -1.8667e-02,  6.5685e-02,  3.2746e-01,
         -1.8632e-03],
        [-1.5137e-01, -3.4080e-01,  8.0584e-02,  1.4577e-01, -4.7454e-01,
         -2.0414e-02, -1.7456e-01, -4.9227e-01, -4.2452e-01,  6.1114e-02,
         -4.1475e-02,  5.6485e-01,  1.5399e-01, -1.6217e-01, -1.2031e-01,
          8.6010e-03],
        [ 8.8413e-02,  1.0286e-01, -2.4320e-02, -1.7850e-01, -4.4753e-01,
          2.1193e-02,  6.1974e-02, -1.5586e-01, -6.2265e-01,  2.9771e-02,
          5.0949e-02,  4.1648e-01,  2.5902e-01,  4.0965e-02, -3.7191e-01,
         -2.3509e-01],
        [-1.8487e-01,  2.5281e-01, -1.0367e-01,  3.5064e-02,  2.7097e-01,
          2.4050e-01,  2.7889e-01,  4.0934e-01,  2.4810e-01,  1.5961e-01,
         -5.0099e-02, -3.4995e-01, -1.9504e-01, -6.4102e-02,  3.8056e-01,
         -5.6610e-02],
        [ 2.2822e-01, -2.9641e-01,  6.3925e-02, -2.2571e-01, -4.2799e-01,
         -3.4884e-01, -3.7112e-01, -1.7032e-01, -5.9429e-01, -5.1496e-02,
          1.3029e-01,  1.0861e-01,  3.7567e-01,  1.6597e-01, -1.4880e-01,
          1.3936e-01],
        [ 3.8936e-01, -2.9375e-01,  1.9903e-01, -4.1353e-02, -5.7368e-01,
         -2.1403e-01, -4.6416e-01, -1.8506e-01, -2.4063e-01, -2.2021e-01,
          5.9553e-02,  4.4021e-01,  1.0927e-01,  3.8847e-02, -1.8526e-01,
          1.5973e-01],
        [-4.2705e-02,  2.4027e-01,  1.1688e-01, -1.9160e-01,  3.5974e-01,
         -6.9152e-02,  2.6017e-01,  5.0191e-01,  3.2748e-01, -7.8533e-02,
         -4.5002e-02, -3.4087e-01, -1.5031e-01, -4.1067e-02,  4.7373e-01,
         -1.1958e-01],
        [ 2.6675e-03,  1.4800e-02,  6.8644e-02,  3.0338e-01,  2.6531e-01,
          9.5723e-02,  2.2635e-01,  1.8433e-01,  3.5035e-01,  1.4444e-01,
          3.2167e-01, -5.0296e-01, -2.6225e-01, -2.4558e-01,  2.0239e-01,
          1.4618e-01],
        [ 3.6668e-01, -3.4266e-01, -2.5325e-02, -1.0322e-01, -2.2323e-01,
         -3.6011e-01, -3.8335e-01, -4.1790e-01, -4.3834e-01, -9.4040e-02,
          2.5188e-01,  3.9278e-01,  7.3139e-02,  2.3489e-01, -6.6191e-02,
          1.6989e-01],
        [ 1.2125e-02,  7.5045e-02,  1.0657e-01, -1.8724e-01, -2.8085e-01,
         -8.4165e-02, -1.9004e-02, -4.0426e-01, -5.3595e-01, -9.8634e-02,
         -1.8403e-01,  4.2764e-01,  1.6849e-01, -1.2192e-01, -3.7665e-01,
         -1.9329e-01],
        [ 3.4510e-02, -3.4593e-01, -1.8971e-02,  1.4309e-02, -5.7738e-02,
         -1.9503e-01,  1.5066e-01, -3.3653e-01, -6.6796e-01,  2.4404e-01,
          1.0635e-01,  1.3747e-01, -1.9313e-02,  5.0272e-02, -5.3625e-01,
          1.7473e-01],
        [-1.3216e-01, -1.2452e-01, -1.0818e-01,  2.2190e-01, -2.9761e-01,
         -1.6721e-01,  7.2434e-02, -4.8993e-01, -4.1158e-01, -1.6244e-01,
         -3.6573e-01,  1.9328e-01,  1.1049e-01,  1.3308e-01, -5.8163e-01,
         -8.0310e-02],
        [ 3.4706e-01, -1.9593e-01,  2.9466e-01, -3.3768e-01, -4.2727e-01,
         -1.0870e-01, -5.6565e-01, -2.3908e-01, -5.7371e-01, -5.7800e-03,
          2.0559e-01,  2.7737e-01,  4.5205e-01,  2.9975e-01, -8.1521e-02,
          3.2457e-01],
        [-1.9266e-01,  2.4349e-01,  1.7700e-01,  9.2776e-02,  4.9730e-01,
         -1.8758e-02,  3.0365e-01,  3.6027e-01,  1.9535e-01, -4.9554e-02,
          2.9462e-01, -4.3613e-01, -2.2751e-01, -4.7582e-02,  2.1468e-01,
          1.3538e-02],
        [ 1.5575e-01, -1.2542e-01, -3.0878e-02, -5.2565e-03, -4.4866e-01,
         -2.2068e-01, -6.6712e-02, -5.0211e-01, -2.2236e-01,  4.2534e-02,
         -4.8328e-02,  2.8539e-01,  3.5888e-01,  1.3432e-01, -1.6855e-01,
          1.2127e-01],
        [-3.1379e-01,  3.5187e-01, -2.6820e-01,  2.2403e-01,  1.5000e-01,
          1.3835e-01,  4.6642e-01,  4.9226e-01,  5.1935e-01,  2.0009e-01,
          8.1543e-02, -2.4992e-01, -1.0284e-01,  9.7481e-02,  2.6272e-01,
         -2.1353e-01],
        [-2.6188e-01,  2.1329e-01,  4.9016e-02, -5.5023e-02,  4.1492e-01,
          3.4811e-01,  4.4012e-01,  1.6234e-01,  4.1780e-01,  2.4510e-01,
         -3.0797e-01, -1.8736e-01, -4.6819e-01, -1.7505e-01,  1.8504e-01,
         -1.7887e-01],
        [-1.2739e-01, -5.5430e-02,  5.9858e-02,  8.3054e-02, -1.0200e-01,
         -2.4718e-01, -2.9637e-01, -5.2562e-01, -5.4063e-01, -8.8964e-02,
          2.1211e-04,  1.1746e-01, -6.8499e-02,  5.2428e-02, -4.8198e-01,
          2.9548e-02]], device='cuda:0', requires_grad=True)

Parameter name: road_linear_0.bias
Shape: torch.Size([32])
Values: Parameter containing:
tensor([-0.0919,  0.1269,  0.1740, -0.1913,  0.1520, -0.1373, -0.0154,  0.1174,
        -0.1183,  0.1170, -0.0235,  0.1163, -0.0149, -0.0754,  0.1324, -0.0234,
        -0.1739, -0.0490,  0.1789,  0.1173,  0.0821, -0.0852,  0.0807, -0.0938,
        -0.2079, -0.0098,  0.2304,  0.0640, -0.0387, -0.2450, -0.0556, -0.0611],
       device='cuda:0', requires_grad=True)

Parameter name: road_linear_1.weight
Shape: torch.Size([1, 32])
Values: Parameter containing:
tensor([[ 0.4690,  0.6395, -0.3972, -0.5391,  0.6122,  0.5688, -0.5381, -0.6091,
         -0.5482,  0.6708,  0.4621,  0.6325, -0.5437, -0.7095,  0.5661, -0.5439,
         -0.5615,  0.5360, -0.3714, -0.4136,  0.6889,  0.4619, -0.5201, -0.6339,
         -0.5970, -0.6438, -0.4780,  0.5986, -0.5472,  0.5918,  0.4251, -0.4697]],
       device='cuda:0', requires_grad=True)

Parameter name: linear_0.weight
Shape: torch.Size([32, 39])
Values: Parameter containing:
tensor([[-0.0240,  0.1002,  0.0557,  ...,  0.1827, -0.4424, -0.1137],
        [-0.1399, -0.0326,  0.1384,  ...,  0.0555, -0.4429,  0.0871],
        [ 0.0285, -0.0433,  0.0242,  ...,  0.0630,  0.4131,  0.0345],
        ...,
        [ 0.1411, -0.1624, -0.0390,  ..., -0.1721,  0.1606, -0.1180],
        [ 0.1156, -0.2192, -0.0748,  ..., -0.2300,  0.2920,  0.1557],
        [-0.2164,  0.1763,  0.0700,  ...,  0.0781, -0.4096, -0.0509]],
       device='cuda:0', requires_grad=True)

Parameter name: linear_0.bias
Shape: torch.Size([32])
Values: Parameter containing:
tensor([ 0.0827,  0.0299, -0.0638, -0.1386, -0.0831,  0.0415, -0.0867,  0.0708,
        -0.0382,  0.0487,  0.0489,  0.0189, -0.0247,  0.1036, -0.0256, -0.0161,
         0.0503, -0.1641, -0.0034,  0.0895, -0.0914,  0.0030,  0.1174,  0.0483,
        -0.1095,  0.1111,  0.0571, -0.1466,  0.0444,  0.1951,  0.1815, -0.1052],
       device='cuda:0', requires_grad=True)

Parameter name: linear_1.weight
Shape: torch.Size([32, 32])
Values: Parameter containing:
tensor([[ 0.0894, -0.2122, -0.0091,  ...,  0.1032, -0.0046,  0.0577],
        [-0.1931, -0.0565,  0.1927,  ...,  0.1995,  0.0101,  0.0315],
        [ 0.1269, -0.0268, -0.2404,  ..., -0.1817, -0.0205,  0.2062],
        ...,
        [ 0.1314,  0.0910,  0.0306,  ...,  0.0395, -0.2255,  0.3102],
        [ 0.0379, -0.2123,  0.1338,  ...,  0.3201,  0.2645, -0.1451],
        [ 0.0126, -0.1326,  0.2790,  ...,  0.2684,  0.1510, -0.0644]],
       device='cuda:0', requires_grad=True)

Parameter name: linear_1.bias
Shape: torch.Size([32])
Values: Parameter containing:
tensor([ 0.1475,  0.1894, -0.0705, -0.1523,  0.0393, -0.0058, -0.0973,  0.0500,
         0.2061, -0.1792,  0.1396, -0.1972,  0.2359,  0.0732, -0.0718,  0.2053,
        -0.0072, -0.1919,  0.0665,  0.0653, -0.0785,  0.0630, -0.2386,  0.2272,
         0.0098, -0.1016,  0.0796,  0.0140, -0.1938, -0.0855,  0.1944,  0.0558],
       device='cuda:0', requires_grad=True)

Parameter name: linear_2.weight
Shape: torch.Size([1, 32])
Values: Parameter containing:
tensor([[ 0.9777,  0.9043, -0.9631, -0.9434,  0.8105,  0.8274, -0.8786,  0.7963,
          0.8624, -0.9282, -0.8404,  0.8498,  0.8451,  0.8535,  0.8691,  0.8430,
         -0.9632, -0.9862,  0.8394,  0.8302, -0.8906, -0.8878, -0.9916,  0.8449,
          0.9314,  0.9712, -0.9629,  0.9421, -0.8828, -0.9826,  0.8920,  0.9636]],
       device='cuda:0', requires_grad=True)

Parameter name: linear_2.bias
Shape: torch.Size([1])
Values: Parameter containing:
tensor([0.7196], device='cuda:0', requires_grad=True)

