Parameter name: road_linear_0.weight
Shape: torch.Size([32, 16])
Values: Parameter containing:
tensor([[-0.3208,  0.5034,  0.0507, -0.0463,  0.3998,  0.2141,  0.4189,  0.1686,
          0.3781,  0.1981,  0.1151, -0.3335, -0.4152, -0.2899,  0.3786,  0.0927],
        [-0.1043, -0.1504,  0.0692, -0.1306,  0.1516,  0.2153,  0.0457,  0.3560,
          0.7240, -0.0423,  0.2840, -0.4601,  0.0725,  0.1201,  0.6976,  0.0735],
        [ 0.1723, -0.2408,  0.3731, -0.1197, -0.3972, -0.3723, -0.2550, -0.6516,
         -0.1979, -0.0666,  0.1142,  0.1774,  0.6583,  0.3093, -0.1213,  0.2867],
        [ 0.0560, -0.1214, -0.1389,  0.0891, -0.1567, -0.1295,  0.0063, -0.2521,
         -0.7038, -0.1845, -0.2049,  0.4959,  0.1815, -0.3466, -0.4489, -0.0500],
        [ 0.0767,  0.2774,  0.0243, -0.1610,  0.2964,  0.0368, -0.0572,  0.5025,
          0.4437,  0.1000,  0.3203, -0.3013,  0.0346, -0.0507,  0.5297,  0.0062],
        [-0.1064,  0.5377, -0.3553,  0.3970,  0.6010,  0.0085,  0.4489,  0.1734,
          0.4022,  0.2079, -0.2933, -0.2715, -0.4138,  0.1431,  0.4709, -0.1033],
        [ 0.2044, -0.0434,  0.2180, -0.0497, -0.2233, -0.1510, -0.0988, -0.4146,
         -0.5444,  0.1535, -0.1062,  0.2236, -0.0837,  0.0301, -0.5092, -0.0067],
        [-0.2028,  0.0441,  0.1810, -0.2248, -0.5228, -0.2323, -0.0285, -0.4518,
         -0.4692, -0.0551, -0.1272,  0.2125,  0.2681, -0.2664, -0.3022,  0.2087],
        [-0.1142,  0.0637,  0.1297, -0.1222, -0.2880, -0.2923, -0.0559, -0.3338,
         -0.3358, -0.1376, -0.2852,  0.2988, -0.1184, -0.0026, -0.6751, -0.0562],
        [-0.1370,  0.0975,  0.0758, -0.1362,  0.2408,  0.1160, -0.0517,  0.4473,
          0.6122, -0.1760,  0.3257, -0.1998, -0.1995,  0.0822,  0.4857, -0.0496],
        [-0.2755,  0.4556,  0.0612, -0.1184,  0.1920,  0.3836,  0.2462,  0.3212,
          0.6162,  0.1398,  0.0722, -0.1880, -0.2665,  0.2358,  0.1892, -0.2384],
        [ 0.0305,  0.1116,  0.1606, -0.0469,  0.3718,  0.0522,  0.2565,  0.3571,
          0.4898,  0.1707,  0.3674, -0.1396, -0.3837, -0.0609,  0.3447, -0.0475],
        [ 0.2028, -0.0360,  0.0034, -0.0700, -0.2869,  0.0423, -0.0451, -0.5253,
         -0.6397,  0.0394, -0.1115,  0.2085, -0.0594,  0.0246, -0.4727, -0.0894],
        [ 0.0370,  0.1848,  0.1765,  0.1269, -0.4700,  0.0185,  0.0752, -0.2734,
         -0.5675,  0.0228, -0.3072,  0.2959,  0.0463, -0.1204, -0.6531,  0.0715],
        [-0.2098, -0.0939,  0.1134, -0.1720,  0.5562,  0.3551, -0.0238,  0.3253,
          0.3123,  0.0026,  0.2057, -0.5120, -0.0185,  0.0617,  0.3453, -0.0034],
        [-0.1368, -0.3526,  0.0919,  0.1350, -0.4997, -0.0236, -0.1917, -0.4957,
         -0.4421,  0.0499, -0.0422,  0.5816,  0.1642, -0.1471, -0.1185,  0.0207],
        [ 0.0915,  0.0946, -0.0283, -0.1765, -0.4754,  0.0307,  0.0622, -0.1715,
         -0.6541,  0.0277,  0.0339,  0.4471,  0.2567,  0.0431, -0.3947, -0.2352],
        [-0.2251,  0.2871, -0.1344,  0.0556,  0.3149,  0.2646,  0.3302,  0.4227,
          0.2563,  0.1849, -0.0736, -0.3736, -0.2374, -0.0974,  0.3786, -0.0858],
        [ 0.2784, -0.3382,  0.0969, -0.2440, -0.4867, -0.3785, -0.4359, -0.2012,
         -0.6085, -0.0802,  0.1588,  0.1456,  0.4333,  0.2065, -0.1661,  0.1751],
        [ 0.4284, -0.3227,  0.2285, -0.0589, -0.6391, -0.2479, -0.5235, -0.2165,
         -0.2654, -0.2402,  0.0803,  0.4715,  0.1577,  0.0683, -0.2081,  0.1876],
        [-0.0584,  0.2523,  0.1037, -0.1795,  0.3834, -0.0642,  0.2792,  0.5039,
          0.3423, -0.0665, -0.0463, -0.3550, -0.1615, -0.0573,  0.4675, -0.1330],
        [-0.0219,  0.0406,  0.0540,  0.3134,  0.3115,  0.1103,  0.2558,  0.2042,
          0.3751,  0.1595,  0.3164, -0.5349, -0.2902, -0.2654,  0.2164,  0.1298],
        [ 0.4087, -0.3750,  0.0057, -0.1219, -0.2829, -0.3915, -0.4438, -0.4449,
         -0.4573, -0.1174,  0.2759,  0.4229,  0.1235,  0.2682, -0.0822,  0.2003],
        [ 0.0149,  0.0701,  0.1047, -0.1876, -0.3074, -0.0772, -0.0203, -0.4160,
         -0.5659, -0.1011, -0.1994,  0.4524,  0.1663, -0.1188, -0.3943, -0.1925],
        [ 0.0374, -0.3515, -0.0214,  0.0147, -0.0831, -0.1878,  0.1496, -0.3486,
         -0.6985,  0.2418,  0.0913,  0.1631, -0.0212,  0.0533, -0.5551,  0.1755],
        [-0.1372, -0.1159, -0.1128,  0.2225, -0.3159, -0.1618,  0.0764, -0.4952,
         -0.4446, -0.1589, -0.3841,  0.2052,  0.1017,  0.1318, -0.5961, -0.0832],
        [ 0.3833, -0.2210,  0.3215, -0.3526, -0.4982, -0.1463, -0.6239, -0.2857,
         -0.6117, -0.0216,  0.2212,  0.3148,  0.5061,  0.3295, -0.1149,  0.3538],
        [-0.2138,  0.2645,  0.1629,  0.1038,  0.5319, -0.0094,  0.3284,  0.3713,
          0.2137, -0.0353,  0.2902, -0.4602, -0.2478, -0.0661,  0.2191, -0.0018],
        [ 0.1882, -0.1589, -0.0113, -0.0188, -0.4866, -0.2308, -0.1016, -0.5151,
         -0.2324,  0.0209, -0.0345,  0.3143,  0.3905,  0.1608, -0.1725,  0.1434],
        [-0.3521,  0.3798, -0.3013,  0.2456,  0.2062,  0.1725,  0.5249,  0.5135,
          0.5381,  0.2216,  0.0583, -0.2738, -0.1496,  0.0665,  0.2711, -0.2424],
        [-0.3092,  0.2525,  0.0181, -0.0379,  0.4756,  0.3792,  0.5021,  0.1950,
          0.4354,  0.2716, -0.3347, -0.2245, -0.5245, -0.2127,  0.2056, -0.2126],
        [-0.1155, -0.0705,  0.0640,  0.0786, -0.1301, -0.2422, -0.3066, -0.5358,
         -0.5628, -0.0979, -0.0067,  0.1440, -0.0617,  0.0630, -0.4934,  0.0371]],
       device='cuda:0', requires_grad=True)

Parameter name: road_linear_0.bias
Shape: torch.Size([32])
Values: Parameter containing:
tensor([-0.0962,  0.1639,  0.1909, -0.2317,  0.1954, -0.1559, -0.0297,  0.1261,
        -0.1452,  0.1528, -0.0462,  0.1173, -0.0539, -0.1125,  0.1647, -0.0398,
        -0.1863, -0.0684,  0.2069,  0.1267,  0.0976, -0.0934,  0.0961, -0.1192,
        -0.2300, -0.0503,  0.2360,  0.0635, -0.0108, -0.2495, -0.0813, -0.0642],
       device='cuda:0', requires_grad=True)

Parameter name: road_linear_1.weight
Shape: torch.Size([1, 32])
Values: Parameter containing:
tensor([[ 0.5389,  0.6842, -0.4679, -0.5921,  0.6651,  0.6319, -0.6025, -0.6713,
         -0.6122,  0.7190,  0.5310,  0.7001, -0.6058, -0.7654,  0.6222, -0.5993,
         -0.6256,  0.6037, -0.4390, -0.4760,  0.7505,  0.5287, -0.5873, -0.6955,
         -0.6550, -0.6908, -0.5418,  0.6618, -0.6149,  0.6562,  0.4940, -0.5304]],
       device='cuda:0', requires_grad=True)

Parameter name: linear_0.weight
Shape: torch.Size([32, 39])
Values: Parameter containing:
tensor([[-0.0244,  0.1033,  0.0542,  ...,  0.1949, -0.5566, -0.1137],
        [-0.1391, -0.0359,  0.1404,  ...,  0.0534, -0.5067,  0.0871],
        [ 0.0277, -0.0397,  0.0220,  ...,  0.0645,  0.5132,  0.0345],
        ...,
        [ 0.1389, -0.1555, -0.0412,  ..., -0.1692,  0.2221, -0.1180],
        [ 0.1119, -0.2130, -0.0740,  ..., -0.2308,  0.3719,  0.1557],
        [-0.2195,  0.1850,  0.0693,  ...,  0.0835, -0.4927, -0.0509]],
       device='cuda:0', requires_grad=True)

Parameter name: linear_0.bias
Shape: torch.Size([32])
Values: Parameter containing:
tensor([ 0.0852,  0.0273, -0.0611, -0.1344, -0.0852,  0.0423, -0.0837,  0.0703,
        -0.0397,  0.0480,  0.0505,  0.0154, -0.0245,  0.1063, -0.0217, -0.0167,
         0.0542, -0.1659, -0.0013,  0.0935, -0.0946, -0.0039,  0.1192,  0.0571,
        -0.1090,  0.1130,  0.0607, -0.1548,  0.0460,  0.1981,  0.1813, -0.1027],
       device='cuda:0', requires_grad=True)

Parameter name: linear_1.weight
Shape: torch.Size([32, 32])
Values: Parameter containing:
tensor([[ 0.0952, -0.2196,  0.0055,  ...,  0.1109, -0.0026,  0.0671],
        [-0.1888, -0.0624,  0.2065,  ...,  0.2057,  0.0110,  0.0388],
        [ 0.1340, -0.0315, -0.2424,  ..., -0.1769, -0.0140,  0.2140],
        ...,
        [ 0.1424,  0.0885,  0.0219,  ...,  0.0441, -0.2293,  0.3388],
        [ 0.0514, -0.2279,  0.1551,  ...,  0.3356,  0.2739, -0.1272],
        [ 0.0163, -0.1368,  0.2888,  ...,  0.2732,  0.1493, -0.0558]],
       device='cuda:0', requires_grad=True)

Parameter name: linear_1.bias
Shape: torch.Size([32])
Values: Parameter containing:
tensor([ 0.1555,  0.1959, -0.0664, -0.1617,  0.0406, -0.0026, -0.1006,  0.0664,
         0.2200, -0.1757,  0.1377, -0.1693,  0.2476,  0.0720, -0.0587,  0.2204,
         0.0205, -0.1954,  0.0648,  0.0739, -0.0899,  0.0623, -0.2353,  0.2317,
         0.0149, -0.0601,  0.0824,  0.0070, -0.2017, -0.0792,  0.2099,  0.0616],
       device='cuda:0', requires_grad=True)

Parameter name: linear_2.weight
Shape: torch.Size([1, 32])
Values: Parameter containing:
tensor([[ 1.1159,  1.0432, -1.1032, -1.0811,  0.9506,  0.9672, -1.0182,  0.9325,
          0.9991, -1.0689, -0.9821,  0.9833,  0.9830,  0.9938,  1.0057,  0.9790,
         -1.0971, -1.1253,  0.9795,  0.9685, -1.0282, -1.0274, -1.1329,  0.9840,
          1.0707,  1.1054, -1.1045,  1.0820, -1.0214, -1.1243,  1.0279,  1.1022]],
       device='cuda:0', requires_grad=True)

Parameter name: linear_2.bias
Shape: torch.Size([1])
Values: Parameter containing:
tensor([0.8548], device='cuda:0', requires_grad=True)

