Parameter name: road_linear_0.weight
Shape: torch.Size([32, 16])
Values: Parameter containing:
tensor([[-0.3208,  0.5133,  0.0521, -0.0553,  0.3877,  0.2180,  0.4349,  0.1764,
          0.3541,  0.1921,  0.1183, -0.3146, -0.4205, -0.2855,  0.3569,  0.0995],
        [-0.0851, -0.1617,  0.0852, -0.1495,  0.1481,  0.2117,  0.0318,  0.3797,
          0.7395, -0.0630,  0.3087, -0.4546,  0.0874,  0.1369,  0.7138,  0.0960],
        [ 0.1942, -0.2685,  0.3921, -0.1273, -0.3998, -0.3886, -0.2928, -0.6552,
         -0.1729, -0.0780,  0.1279,  0.1610,  0.6850,  0.3214, -0.0944,  0.2988],
        [ 0.0340, -0.1076, -0.1566,  0.1093, -0.1505, -0.1246,  0.0221, -0.2755,
         -0.7197, -0.1618, -0.2318,  0.4891,  0.1639, -0.3655, -0.4648, -0.0742],
        [ 0.1002,  0.2614,  0.0430, -0.1818,  0.2871,  0.0303, -0.0739,  0.5231,
          0.4590,  0.0761,  0.3477, -0.2905,  0.0539, -0.0310,  0.5429,  0.0311],
        [-0.1273,  0.5616, -0.3763,  0.4064,  0.5981,  0.0240,  0.4863,  0.1756,
          0.3777,  0.2180, -0.3066, -0.2502, -0.4371,  0.1298,  0.4386, -0.1154],
        [ 0.1781, -0.0272,  0.1952, -0.0259, -0.2075, -0.1380, -0.0784, -0.4299,
         -0.5496,  0.1782, -0.1366,  0.2112, -0.1080,  0.0065, -0.5184, -0.0340],
        [-0.2254,  0.0564,  0.1612, -0.2032, -0.5052, -0.2209, -0.0119, -0.4646,
         -0.4690, -0.0333, -0.1521,  0.2005,  0.2472, -0.2872, -0.3062,  0.1844],
        [-0.1389,  0.0790,  0.1094, -0.1002, -0.2793, -0.2841, -0.0371, -0.3559,
         -0.3487, -0.1133, -0.3147,  0.2913, -0.1394, -0.0239, -0.6901, -0.0823],
        [-0.1154,  0.0837,  0.0946, -0.1573,  0.2320,  0.1080, -0.0687,  0.4687,
          0.6253, -0.1984,  0.3520, -0.1918, -0.1809,  0.1010,  0.5015, -0.0255],
        [-0.2651,  0.4569,  0.0727, -0.1346,  0.1729,  0.3785,  0.2457,  0.3298,
          0.5998,  0.1269,  0.0846, -0.1740, -0.2606,  0.2481,  0.1786, -0.2230],
        [ 0.0539,  0.0977,  0.1810, -0.0690,  0.3549,  0.0416,  0.2383,  0.3726,
          0.4942,  0.1477,  0.3950, -0.1292, -0.3625, -0.0399,  0.3533, -0.0227],
        [ 0.1763, -0.0186, -0.0190, -0.0463, -0.2736,  0.0536, -0.0246, -0.5441,
         -0.6498,  0.0648, -0.1418,  0.1965, -0.0828,  0.0016, -0.4854, -0.1170],
        [ 0.0158,  0.1974,  0.1584,  0.1473, -0.4635,  0.0253,  0.0913, -0.2956,
         -0.5809,  0.0450, -0.3332,  0.2890,  0.0288, -0.1387, -0.6694,  0.0478],
        [-0.1853, -0.1101,  0.1328, -0.1931,  0.5463,  0.3473, -0.0416,  0.3458,
          0.3257, -0.0216,  0.2343, -0.5020,  0.0022,  0.0822,  0.3578,  0.0221],
        [-0.1599, -0.3386,  0.0730,  0.1560, -0.4832, -0.0148, -0.1765, -0.5108,
         -0.4450,  0.0722, -0.0687,  0.5686,  0.1444, -0.1675, -0.1210, -0.0038],
        [ 0.0670,  0.1102, -0.0491, -0.1539, -0.4652,  0.0400,  0.0816, -0.1928,
         -0.6667,  0.0516,  0.0041,  0.4401,  0.2346,  0.0211, -0.4101, -0.2614],
        [-0.2275,  0.2985, -0.1352,  0.0485,  0.3029,  0.2689,  0.3475,  0.4290,
          0.2334,  0.1808, -0.0725, -0.3562, -0.2444, -0.0950,  0.3575, -0.0807],
        [ 0.3010, -0.3663,  0.1171, -0.2519, -0.4879, -0.3945, -0.4736, -0.2044,
         -0.5824, -0.0922,  0.1726,  0.1284,  0.4602,  0.2188, -0.1384,  0.1876],
        [ 0.4461, -0.3441,  0.2478, -0.0676, -0.6502, -0.2686, -0.5613, -0.2243,
         -0.2509, -0.2467,  0.0913,  0.4552,  0.1822,  0.0795, -0.1821,  0.1979],
        [-0.0358,  0.2388,  0.1231, -0.2009,  0.3629, -0.0766,  0.2643,  0.5140,
          0.3392, -0.0884, -0.0223, -0.3374, -0.1405, -0.0372,  0.4654, -0.1089],
        [-0.0050,  0.0365,  0.0695,  0.2946,  0.2996,  0.1074,  0.2490,  0.2176,
          0.3696,  0.1417,  0.3347, -0.5236, -0.2793, -0.2481,  0.2144,  0.1497],
        [ 0.4277, -0.3995,  0.0229, -0.1283, -0.2872, -0.4077, -0.4791, -0.4496,
         -0.4367, -0.1258,  0.2876,  0.4064,  0.1477,  0.2790, -0.0566,  0.2103],
        [-0.0103,  0.0867,  0.0843, -0.1655, -0.2972, -0.0689, -0.0009, -0.4373,
         -0.5790, -0.0765, -0.2292,  0.4446,  0.1443, -0.1408, -0.4085, -0.2189],
        [ 0.0127, -0.3355, -0.0437,  0.0384, -0.0692, -0.1746,  0.1703, -0.3676,
         -0.7066,  0.2658,  0.0615,  0.1532, -0.0449,  0.0309, -0.5697,  0.1488],
        [-0.1611, -0.0987, -0.1317,  0.2431, -0.3067, -0.1540,  0.0930, -0.5132,
         -0.4625, -0.1346, -0.4111,  0.1907,  0.0820,  0.1125, -0.6074, -0.1080],
        [ 0.4170, -0.2544,  0.3598, -0.3780, -0.5146, -0.1733, -0.6775, -0.2882,
         -0.5953, -0.0440,  0.2458,  0.3031,  0.5464,  0.3553, -0.0858,  0.3818],
        [-0.1968,  0.2583,  0.1782,  0.0854,  0.5138, -0.0158,  0.3199,  0.3829,
          0.2076, -0.0531,  0.3086, -0.4479, -0.2348, -0.0499,  0.2165,  0.0180],
        [ 0.1780, -0.1601, -0.0228, -0.0028, -0.4674, -0.2253, -0.0999, -0.5238,
         -0.2166,  0.0336, -0.0472,  0.3017,  0.3827,  0.1484, -0.1635,  0.1281],
        [-0.3667,  0.3991, -0.3153,  0.2499,  0.2071,  0.1873,  0.5575,  0.5185,
          0.5181,  0.2261,  0.0493, -0.2556, -0.1699,  0.0582,  0.2454, -0.2491],
        [-0.3308,  0.2794, -0.0033, -0.0285,  0.4828,  0.3991,  0.5409,  0.2004,
          0.4138,  0.2823, -0.3479, -0.2076, -0.5517, -0.2252,  0.1778, -0.2252],
        [-0.1415, -0.0544,  0.0413,  0.1025, -0.1123, -0.2287, -0.2858, -0.5519,
         -0.5669, -0.0734, -0.0372,  0.1323, -0.0867,  0.0394, -0.5021,  0.0099]],
       device='cuda:0', requires_grad=True)

Parameter name: road_linear_0.bias
Shape: torch.Size([32])
Values: Parameter containing:
tensor([-0.1087,  0.1643,  0.2025, -0.2394,  0.2083, -0.1648, -0.0359,  0.1295,
        -0.1553,  0.1537, -0.0641,  0.1177, -0.0661, -0.1139,  0.1790, -0.0479,
        -0.1930, -0.0809,  0.2211,  0.1272,  0.1019, -0.0964,  0.1044, -0.1307,
        -0.2323, -0.0664,  0.2390,  0.0582,  0.0077, -0.2543, -0.0912, -0.0682],
       device='cuda:0', requires_grad=True)

Parameter name: road_linear_1.weight
Shape: torch.Size([1, 32])
Values: Parameter containing:
tensor([[ 0.5501,  0.7128, -0.4878, -0.6181,  0.6940,  0.6445, -0.6283, -0.6926,
         -0.6427,  0.7504,  0.5454,  0.7259, -0.6357, -0.7956,  0.6480, -0.6200,
         -0.6502,  0.6138, -0.4535, -0.4899,  0.7713,  0.5397, -0.6020, -0.7216,
         -0.6822, -0.7218, -0.5630,  0.6759, -0.6298,  0.6701,  0.5084, -0.5543]],
       device='cuda:0', requires_grad=True)

Parameter name: linear_0.weight
Shape: torch.Size([32, 39])
Values: Parameter containing:
tensor([[-0.0251,  0.1064,  0.0531,  ...,  0.1996, -0.6401, -0.1137],
        [-0.1401, -0.0350,  0.1415,  ...,  0.0525, -0.5558,  0.0871],
        [ 0.0282, -0.0399,  0.0212,  ...,  0.0650,  0.5839,  0.0345],
        ...,
        [ 0.1387, -0.1543, -0.0416,  ..., -0.1689,  0.2651, -0.1180],
        [ 0.1115, -0.2128, -0.0737,  ..., -0.2315,  0.4360,  0.1557],
        [-0.2233,  0.1927,  0.0703,  ...,  0.0843, -0.5619, -0.0509]],
       device='cuda:0', requires_grad=True)

Parameter name: linear_0.bias
Shape: torch.Size([32])
Values: Parameter containing:
tensor([ 8.6984e-02,  2.6394e-02, -6.0380e-02, -1.3338e-01, -8.6093e-02,
         4.4031e-02, -8.2922e-02,  7.0710e-02, -4.0438e-02,  4.8078e-02,
         5.2535e-02,  1.3769e-02, -2.4280e-02,  1.0709e-01, -2.0612e-02,
        -1.8346e-02,  5.5766e-02, -1.6642e-01, -1.5310e-04,  9.4014e-02,
        -9.7111e-02, -5.9151e-03,  1.1980e-01,  6.0368e-02, -1.0835e-01,
         1.1361e-01,  6.1556e-02, -1.5793e-01,  4.6315e-02,  1.9852e-01,
         1.8081e-01, -1.0260e-01], device='cuda:0', requires_grad=True)

Parameter name: linear_1.weight
Shape: torch.Size([32, 32])
Values: Parameter containing:
tensor([[ 0.0975, -0.2218,  0.0100,  ...,  0.1135, -0.0030,  0.0714],
        [-0.1869, -0.0642,  0.2108,  ...,  0.2080,  0.0104,  0.0424],
        [ 0.1377, -0.0345, -0.2399,  ..., -0.1741, -0.0111,  0.2187],
        ...,
        [ 0.1466,  0.0873,  0.0222,  ...,  0.0461, -0.2321,  0.3529],
        [ 0.0559, -0.2327,  0.1629,  ...,  0.3406,  0.2756, -0.1196],
        [ 0.0179, -0.1383,  0.2924,  ...,  0.2751,  0.1481, -0.0521]],
       device='cuda:0', requires_grad=True)

Parameter name: linear_1.bias
Shape: torch.Size([32])
Values: Parameter containing:
tensor([ 0.1581,  0.1981, -0.0636, -0.1647,  0.0405, -0.0017, -0.1014,  0.0716,
         0.2246, -0.1733,  0.1360, -0.1451,  0.2515,  0.0707, -0.0548,  0.2250,
         0.0594, -0.1962,  0.0630,  0.0767, -0.0935,  0.0627, -0.2330,  0.2331,
         0.0165, -0.0315,  0.0846,  0.0024, -0.2041, -0.0767,  0.2147,  0.0635],
       device='cuda:0', requires_grad=True)

Parameter name: linear_2.weight
Shape: torch.Size([1, 32])
Values: Parameter containing:
tensor([[ 1.1694,  1.0985, -1.1704, -1.1339,  1.0131,  1.0275, -1.0780,  0.9828,
          1.0501, -1.1373, -1.0409,  1.0330,  1.0362,  1.0588,  1.0564,  1.0290,
         -1.1494, -1.1834,  1.0438,  1.0226, -1.0806, -1.0899, -1.1987,  1.0407,
          1.1273,  1.1603, -1.1680,  1.1507, -1.0756, -1.1865,  1.0779,  1.1584]],
       device='cuda:0', requires_grad=True)

Parameter name: linear_2.bias
Shape: torch.Size([1])
Values: Parameter containing:
tensor([0.9042], device='cuda:0', requires_grad=True)

