Parameter name: road_linear_0.weight
Shape: torch.Size([32, 16])
Values: Parameter containing:
tensor([[-3.1183e-01,  4.9378e-01,  6.3102e-02, -5.5050e-02,  3.7285e-01,
          2.0024e-01,  3.9925e-01,  1.5653e-01,  3.7509e-01,  1.8606e-01,
          1.1162e-01, -3.1875e-01, -4.0962e-01, -2.8523e-01,  3.8500e-01,
          1.0043e-01],
        [-1.1348e-01, -1.4529e-01,  6.0208e-02, -1.2353e-01,  1.5011e-01,
          2.2677e-01,  5.4979e-02,  3.5314e-01,  7.2276e-01, -4.0142e-02,
          2.6486e-01, -4.5520e-01,  5.4254e-02,  1.0926e-01,  6.9578e-01,
          6.5481e-02],
        [ 1.6005e-01, -2.2952e-01,  3.5667e-01, -1.0804e-01, -3.5753e-01,
         -3.5510e-01, -2.2582e-01, -6.3401e-01, -1.8688e-01, -5.0896e-02,
          1.1910e-01,  1.5914e-01,  6.4904e-01,  3.0063e-01, -1.2029e-01,
          2.7541e-01],
        [ 6.2498e-02, -1.2396e-01, -1.3219e-01,  8.3648e-02, -1.5259e-01,
         -1.3884e-01,  4.3613e-05, -2.4775e-01, -7.0315e-01, -1.8452e-01,
         -1.8789e-01,  4.8847e-01,  1.9720e-01, -3.3782e-01, -4.4807e-01,
         -4.3928e-02],
        [ 7.0636e-02,  2.8034e-01,  1.8775e-02, -1.5652e-01,  2.9157e-01,
          4.4471e-02, -5.2429e-02,  4.9838e-01,  4.4256e-01,  9.9912e-02,
          3.0458e-01, -2.9468e-01,  2.0429e-02, -5.8814e-02,  5.3022e-01,
          8.4415e-04],
        [-9.3681e-02,  5.2602e-01, -3.3971e-01,  3.8596e-01,  5.6706e-01,
         -5.7570e-03,  4.2298e-01,  1.5754e-01,  3.9501e-01,  1.9287e-01,
         -2.9662e-01, -2.5406e-01, -4.0527e-01,  1.5121e-01,  4.7103e-01,
         -9.2351e-02],
        [ 2.0599e-01, -3.9613e-02,  2.2064e-01, -5.2421e-02, -2.1510e-01,
         -1.5831e-01, -9.8884e-02, -4.0879e-01, -5.4799e-01,  1.5814e-01,
         -9.2585e-02,  2.1302e-01, -7.2118e-02,  3.5053e-02, -5.1278e-01,
         -4.3770e-03],
        [-2.0496e-01,  5.1963e-02,  1.8122e-01, -2.2595e-01, -5.1264e-01,
         -2.3774e-01, -2.5105e-02, -4.4490e-01, -4.7411e-01, -4.7781e-02,
         -1.1630e-01,  2.0001e-01,  2.7613e-01, -2.6437e-01, -3.0624e-01,
          2.0861e-01],
        [-1.0979e-01,  6.4729e-02,  1.3509e-01, -1.2691e-01, -2.8008e-01,
         -3.0033e-01, -6.0035e-02, -3.2674e-01, -3.3412e-01, -1.3569e-01,
         -2.6858e-01,  2.8726e-01, -1.0457e-01,  4.7814e-03, -6.7268e-01,
         -5.1320e-02],
        [-1.4398e-01,  1.0014e-01,  6.8287e-02, -1.3008e-01,  2.3804e-01,
          1.2650e-01, -4.4757e-02,  4.4336e-01,  6.1215e-01, -1.7535e-01,
          3.0872e-01, -1.9314e-01, -2.1545e-01,  7.3012e-02,  4.8460e-01,
         -5.6164e-02],
        [-2.6753e-01,  4.4395e-01,  6.7889e-02, -1.2240e-01,  1.7284e-01,
          3.7924e-01,  2.3300e-01,  3.1116e-01,  6.1943e-01,  1.2842e-01,
          6.6953e-02, -1.7322e-01, -2.6569e-01,  2.3872e-01,  1.9556e-01,
         -2.3304e-01],
        [ 3.0228e-02,  1.0675e-01,  1.5861e-01, -4.4519e-02,  3.6210e-01,
          5.7530e-02,  2.5588e-01,  3.4977e-01,  4.9151e-01,  1.6576e-01,
          3.5479e-01, -1.2761e-01, -3.9343e-01, -6.4860e-02,  3.4617e-01,
         -4.9122e-02],
        [ 2.0767e-01, -3.6315e-02,  8.6857e-03, -7.4475e-02, -2.8184e-01,
          3.3116e-02, -4.8716e-02, -5.2093e-01, -6.4235e-01,  4.1219e-02,
         -9.5783e-02,  2.0073e-01, -4.4885e-02,  3.2181e-02, -4.7572e-01,
         -8.4711e-02],
        [ 4.3627e-02,  1.8275e-01,  1.8364e-01,  1.2093e-01, -4.6553e-01,
          9.1253e-03,  6.8587e-02, -2.6805e-01, -5.6581e-01,  2.2499e-02,
         -2.9000e-01,  2.8738e-01,  6.1615e-02, -1.1137e-01, -6.5037e-01,
          7.7874e-02],
        [-2.1410e-01, -9.4279e-02,  1.0829e-01, -1.6759e-01,  5.5028e-01,
          3.6364e-01, -1.9917e-02,  3.2004e-01,  3.1275e-01,  7.5806e-04,
          1.9041e-01, -5.0289e-01, -3.2149e-02,  5.4662e-02,  3.4528e-01,
         -7.8500e-03],
        [-1.3774e-01, -3.4757e-01,  9.1877e-02,  1.3433e-01, -4.9155e-01,
         -2.8303e-02, -1.8861e-01, -4.9045e-01, -4.4781e-01,  5.6149e-02,
         -3.1872e-02,  5.7203e-01,  1.7264e-01, -1.4452e-01, -1.2625e-01,
          2.0807e-02],
        [ 9.6302e-02,  9.4894e-02, -2.2787e-02, -1.8132e-01, -4.6871e-01,
          2.1653e-02,  5.8002e-02, -1.6545e-01, -6.5417e-01,  2.9471e-02,
          5.1213e-02,  4.3686e-01,  2.7213e-01,  5.0874e-02, -3.9445e-01,
         -2.3015e-01],
        [-2.1397e-01,  2.7458e-01, -1.2261e-01,  4.7770e-02,  2.8919e-01,
          2.5463e-01,  3.1001e-01,  4.1115e-01,  2.5624e-01,  1.7106e-01,
         -7.6502e-02, -3.5824e-01, -2.3208e-01, -9.1326e-02,  3.8460e-01,
         -7.7310e-02],
        [ 2.6335e-01, -3.2446e-01,  7.9356e-02, -2.3199e-01, -4.4823e-01,
         -3.6215e-01, -4.0534e-01, -1.8302e-01, -5.9897e-01, -6.2788e-02,
          1.6228e-01,  1.2622e-01,  4.2224e-01,  1.9549e-01, -1.6593e-01,
          1.6203e-01],
        [ 4.1752e-01, -3.1280e-01,  2.1414e-01, -4.8834e-02, -6.0021e-01,
         -2.3276e-01, -4.9710e-01, -1.9859e-01, -2.5475e-01, -2.2640e-01,
          8.5425e-02,  4.5361e-01,  1.4928e-01,  6.1818e-02, -2.0463e-01,
          1.7805e-01],
        [-5.7257e-02,  2.4724e-01,  1.0407e-01, -1.7911e-01,  3.7578e-01,
         -5.9968e-02,  2.7576e-01,  4.9900e-01,  3.4885e-01, -7.2678e-02,
         -5.5763e-02, -3.4603e-01, -1.6922e-01, -5.9721e-02,  4.7635e-01,
         -1.3284e-01],
        [-1.6289e-02,  3.0507e-02,  5.7795e-02,  3.1197e-01,  2.9109e-01,
          1.0692e-01,  2.4568e-01,  1.9206e-01,  3.7427e-01,  1.5027e-01,
          3.0789e-01, -5.1859e-01, -2.9126e-01, -2.6490e-01,  2.1745e-01,
          1.3272e-01],
        [ 3.9726e-01, -3.6464e-01, -9.3978e-03, -1.1124e-01, -2.4576e-01,
         -3.7619e-01, -4.1697e-01, -4.2852e-01, -4.4807e-01, -1.0286e-01,
          2.8012e-01,  4.0588e-01,  1.1483e-01,  2.6076e-01, -8.1572e-02,
          1.9012e-01],
        [ 1.9094e-02,  7.0782e-02,  1.0954e-01, -1.9168e-01, -3.0120e-01,
         -8.6150e-02, -2.3856e-02, -4.1076e-01, -5.6734e-01, -9.8639e-02,
         -1.8349e-01,  4.4301e-01,  1.8076e-01, -1.1189e-01, -3.9534e-01,
         -1.8819e-01],
        [ 4.2698e-02, -3.5181e-01, -1.5365e-02,  9.5241e-03, -7.8369e-02,
         -1.9775e-01,  1.4485e-01, -3.4389e-01, -7.0013e-01,  2.4311e-01,
          1.0785e-01,  1.5445e-01, -5.7606e-03,  6.1415e-02, -5.5594e-01,
          1.8079e-01],
        [-1.2933e-01, -1.2088e-01, -1.0538e-01,  2.1647e-01, -3.1403e-01,
         -1.7143e-01,  6.9606e-02, -4.9295e-01, -4.4442e-01, -1.6059e-01,
         -3.6775e-01,  2.0172e-01,  1.1749e-01,  1.4142e-01, -5.9753e-01,
         -7.6373e-02],
        [ 3.7294e-01, -2.1217e-01,  3.0635e-01, -3.4109e-01, -4.5589e-01,
         -1.3007e-01, -5.9567e-01, -2.6229e-01, -5.9302e-01, -7.3465e-03,
          2.3036e-01,  2.9537e-01,  4.9585e-01,  3.2089e-01, -1.0696e-01,
          3.4219e-01],
        [-2.0976e-01,  2.5616e-01,  1.6555e-01,  1.0284e-01,  5.1697e-01,
         -9.8992e-03,  3.2097e-01,  3.6224e-01,  2.1581e-01, -4.3406e-02,
          2.8177e-01, -4.4670e-01, -2.5141e-01, -6.6432e-02,  2.2333e-01,
          2.6184e-04],
        [ 1.7949e-01, -1.4593e-01, -1.7441e-02, -1.5487e-02, -4.6823e-01,
         -2.2841e-01, -8.8700e-02, -5.0519e-01, -2.3645e-01,  3.2927e-02,
         -2.9262e-02,  2.9912e-01,  3.8995e-01,  1.5737e-01, -1.7801e-01,
          1.3802e-01],
        [-3.4235e-01,  3.7136e-01, -2.8566e-01,  2.3409e-01,  1.7141e-01,
          1.5631e-01,  4.9951e-01,  4.9954e-01,  5.2982e-01,  2.0840e-01,
          5.4454e-02, -2.5886e-01, -1.4182e-01,  7.2717e-02,  2.7353e-01,
         -2.3296e-01],
        [-2.9569e-01,  2.3974e-01,  3.3645e-02, -4.8434e-02,  4.3714e-01,
          3.6337e-01,  4.7390e-01,  1.7607e-01,  4.2491e-01,  2.5547e-01,
         -3.3912e-01, -2.0494e-01, -5.1438e-01, -2.0336e-01,  2.0344e-01,
         -2.0100e-01],
        [-1.1524e-01, -6.5336e-02,  6.5840e-02,  7.6520e-02, -1.2180e-01,
         -2.4945e-01, -3.0572e-01, -5.3005e-01, -5.6743e-01, -9.2211e-02,
          6.2242e-03,  1.3296e-01, -5.0728e-02,  6.6887e-02, -4.9773e-01,
          3.8536e-02]], device='cuda:0', requires_grad=True)

Parameter name: road_linear_0.bias
Shape: torch.Size([32])
Values: Parameter containing:
tensor([-0.1174,  0.1384,  0.2052, -0.2046,  0.1701, -0.1681, -0.0095,  0.1370,
        -0.1177,  0.1292, -0.0569,  0.1006, -0.0292, -0.0855,  0.1396, -0.0257,
        -0.1615, -0.0802,  0.2170,  0.1406,  0.0843, -0.1057,  0.1098, -0.0957,
        -0.2057, -0.0291,  0.2475,  0.0505, -0.0053, -0.2690, -0.0912, -0.0481],
       device='cuda:0', requires_grad=True)

Parameter name: road_linear_1.weight
Shape: torch.Size([1, 32])
Values: Parameter containing:
tensor([[ 0.5200,  0.6674, -0.4490, -0.5714,  0.6436,  0.6143, -0.5843, -0.6535,
         -0.5887,  0.7020,  0.5110,  0.6778, -0.5861, -0.7454,  0.6007, -0.5795,
         -0.6071,  0.5839, -0.4215, -0.4567,  0.7314,  0.5083, -0.5682, -0.6743,
         -0.6394, -0.6723, -0.5239,  0.6400, -0.5951,  0.6373,  0.4758, -0.5122]],
       device='cuda:0', requires_grad=True)

Parameter name: linear_0.weight
Shape: torch.Size([32, 39])
Values: Parameter containing:
tensor([[-0.0218,  0.0990,  0.0530,  ...,  0.1931, -0.5262, -0.1137],
        [-0.1390, -0.0355,  0.1397,  ...,  0.0540, -0.4889,  0.0871],
        [ 0.0276, -0.0403,  0.0228,  ...,  0.0641,  0.4827,  0.0345],
        ...,
        [ 0.1397, -0.1577, -0.0407,  ..., -0.1698,  0.2011, -0.1180],
        [ 0.1129, -0.2145, -0.0744,  ..., -0.2303,  0.3504,  0.1557],
        [-0.2174,  0.1801,  0.0692,  ...,  0.0822, -0.4723, -0.0509]],
       device='cuda:0', requires_grad=True)

Parameter name: linear_0.bias
Shape: torch.Size([32])
Values: Parameter containing:
tensor([ 0.0858,  0.0281, -0.0618, -0.1362, -0.0845,  0.0409, -0.0844,  0.0715,
        -0.0389,  0.0478,  0.0514,  0.0172, -0.0249,  0.1058, -0.0227, -0.0172,
         0.0525, -0.1655, -0.0008,  0.0926, -0.0941, -0.0020,  0.1185,  0.0547,
        -0.1098,  0.1127,  0.0594, -0.1526,  0.0455,  0.1975,  0.1816, -0.1034],
       device='cuda:0', requires_grad=True)

Parameter name: linear_1.weight
Shape: torch.Size([32, 32])
Values: Parameter containing:
tensor([[ 0.0930, -0.2171,  0.0016,  ...,  0.1082, -0.0034,  0.0634],
        [-0.1903, -0.0604,  0.2027,  ...,  0.2035,  0.0106,  0.0360],
        [ 0.1309, -0.0291, -0.2428,  ..., -0.1792, -0.0167,  0.2105],
        ...,
        [ 0.1376,  0.0903,  0.0236,  ...,  0.0417, -0.2288,  0.3272],
        [ 0.0472, -0.2229,  0.1488,  ...,  0.3306,  0.2705, -0.1329],
        [ 0.0149, -0.1353,  0.2859,  ...,  0.2714,  0.1495, -0.0589]],
       device='cuda:0', requires_grad=True)

Parameter name: linear_1.bias
Shape: torch.Size([32])
Values: Parameter containing:
tensor([ 0.1528,  0.1937, -0.0686, -0.1585,  0.0406, -0.0034, -0.0996,  0.0613,
         0.2155, -0.1776,  0.1355, -0.1885,  0.2436,  0.0730, -0.0628,  0.2157,
         0.0148, -0.1944,  0.0658,  0.0710, -0.0861,  0.0623, -0.2372,  0.2303,
         0.0132, -0.0880,  0.0804,  0.0104, -0.1990, -0.0822,  0.2051,  0.0596],
       device='cuda:0', requires_grad=True)

Parameter name: linear_2.weight
Shape: torch.Size([1, 32])
Values: Parameter containing:
tensor([[ 1.0699,  0.9969, -1.0564, -1.0353,  0.9039,  0.9206, -0.9716,  0.8873,
          0.9537, -1.0219, -0.9344,  0.9390,  0.9371,  0.9469,  0.9603,  0.9339,
         -1.0530, -1.0790,  0.9327,  0.9225, -0.9825, -0.9808, -1.0857,  0.9377,
          1.0243,  1.0606, -1.0571,  1.0352, -0.9753, -1.0769,  0.9828,  1.0560]],
       device='cuda:0', requires_grad=True)

Parameter name: linear_2.bias
Shape: torch.Size([1])
Values: Parameter containing:
tensor([0.8099], device='cuda:0', requires_grad=True)

