Parameter name: road_linear_0.weight
Shape: torch.Size([32, 16])
Values: Parameter containing:
tensor([[-2.4700e-01,  4.4873e-01,  1.0657e-01, -8.6320e-02,  3.0054e-01,
          1.5455e-01,  3.3673e-01,  9.9189e-02,  3.3308e-01,  1.5813e-01,
          1.2105e-01, -2.6263e-01, -3.5652e-01, -2.5179e-01,  3.8036e-01,
          1.4579e-01],
        [-1.2026e-01, -1.3156e-01,  3.6565e-02, -1.0472e-01,  7.9749e-02,
          2.1076e-01,  8.7887e-02,  2.5573e-01,  5.6079e-01, -9.4208e-03,
          2.1481e-01, -3.4610e-01,  5.5244e-02,  8.8611e-02,  5.7715e-01,
          4.8455e-02],
        [ 3.7999e-02, -1.4083e-01,  2.8233e-01, -6.2895e-02, -2.5089e-01,
         -3.0377e-01, -1.0268e-01, -5.5719e-01, -1.4226e-01,  5.9930e-03,
          5.4935e-02,  7.5956e-02,  5.1479e-01,  2.2510e-01, -8.3074e-02,
          1.9512e-01],
        [ 8.8076e-02, -1.6905e-01, -9.6721e-02,  5.6639e-02, -1.1341e-01,
         -1.3253e-01, -4.6573e-02, -1.6573e-01, -5.4251e-01, -2.2751e-01,
         -1.2337e-01,  4.0864e-01,  2.2293e-01, -3.0308e-01, -3.3958e-01,
         -1.6060e-02],
        [ 3.9622e-02,  3.3700e-01, -1.8235e-02, -1.3033e-01,  2.6344e-01,
          3.5880e-02, -4.0939e-03,  4.2717e-01,  2.9172e-01,  1.4654e-01,
          2.3627e-01, -2.3344e-01, -1.3802e-02, -9.6964e-02,  4.3236e-01,
         -2.8089e-02],
        [ 1.4140e-02,  4.5248e-01, -2.6755e-01,  3.3881e-01,  4.7955e-01,
         -5.2163e-02,  3.1674e-01,  9.0868e-02,  3.7986e-01,  1.3989e-01,
         -2.5336e-01, -1.8962e-01, -3.1363e-01,  2.1270e-01,  4.6806e-01,
         -1.9446e-02],
        [ 2.2360e-01, -6.9443e-02,  2.5020e-01, -7.4482e-02, -1.7268e-01,
         -1.5686e-01, -1.3317e-01, -3.4102e-01, -4.0626e-01,  1.2252e-01,
         -3.2254e-02,  1.4578e-01, -5.5462e-02,  6.4504e-02, -4.3277e-01,
          1.5882e-02],
        [-2.0108e-01,  4.7871e-02,  2.0519e-01, -2.4554e-01, -4.6539e-01,
         -2.4396e-01, -4.9451e-02, -3.7919e-01, -3.5248e-01, -7.4762e-02,
         -6.8590e-02,  1.2856e-01,  2.7827e-01, -2.4346e-01, -2.3353e-01,
          2.2116e-01],
        [-8.7587e-02,  3.8390e-02,  1.7346e-01, -1.5811e-01, -2.2320e-01,
         -3.0161e-01, -1.0709e-01, -2.3492e-01, -1.6839e-01, -1.7910e-01,
         -2.0496e-01,  1.8776e-01, -9.1133e-02,  3.9629e-02, -5.5904e-01,
         -2.2754e-02],
        [-1.6433e-01,  1.3711e-01,  3.6772e-02, -1.0623e-01,  1.9205e-01,
          1.1724e-01, -3.2264e-03,  3.5817e-01,  4.5497e-01, -1.3727e-01,
          2.4940e-01, -1.0808e-01, -2.3455e-01,  4.2813e-02,  3.7539e-01,
         -8.0198e-02],
        [-2.4036e-01,  4.2060e-01,  7.0241e-02, -1.2194e-01,  1.1506e-01,
          3.6740e-01,  2.2065e-01,  2.4932e-01,  5.3211e-01,  1.3253e-01,
          4.7769e-02, -1.0679e-01, -2.3830e-01,  2.4189e-01,  1.4659e-01,
         -2.2067e-01],
        [ 1.7193e-02,  1.2345e-01,  1.2722e-01, -1.8715e-02,  3.1326e-01,
          6.1266e-02,  2.9102e-01,  2.6985e-01,  3.4950e-01,  2.0192e-01,
          3.0076e-01, -4.4020e-02, -4.0191e-01, -9.3136e-02,  2.5211e-01,
         -6.9294e-02],
        [ 2.3588e-01, -9.0067e-02,  4.1556e-02, -9.6784e-02, -2.5187e-01,
          3.9339e-02, -9.0747e-02, -4.6069e-01, -5.0128e-01,  4.2049e-05,
         -2.7223e-02,  1.4915e-01, -1.3265e-02,  6.7942e-02, -3.9813e-01,
         -5.9484e-02],
        [ 6.4418e-02,  1.4726e-01,  2.1652e-01,  9.5448e-02, -4.1353e-01,
          1.9376e-02,  2.5902e-02, -1.7844e-01, -4.0319e-01, -1.6605e-02,
         -2.2909e-01,  1.9417e-01,  7.8673e-02, -7.9914e-02, -5.3718e-01,
          1.0317e-01],
        [-2.3739e-01, -5.8662e-02,  7.2617e-02, -1.4013e-01,  5.0642e-01,
          3.6431e-01,  2.5430e-02,  2.3905e-01,  1.5741e-01,  4.2339e-02,
          1.2780e-01, -4.2018e-01, -5.2289e-02,  2.0945e-02,  2.4232e-01,
         -3.4443e-02],
        [-1.3305e-01, -3.7858e-01,  1.0383e-01,  1.2929e-01, -4.6226e-01,
         -1.5880e-02, -2.0508e-01, -4.4627e-01, -3.5122e-01,  3.5233e-02,
          1.4985e-02,  5.3310e-01,  1.8981e-01, -1.2839e-01, -8.6403e-02,
          2.5248e-02],
        [ 1.2266e-01,  5.7105e-02,  1.8212e-02, -2.1451e-01, -4.2528e-01,
          1.9076e-02,  9.4118e-03, -7.9793e-02, -4.8671e-01, -1.6955e-02,
          1.1969e-01,  3.4853e-01,  2.9482e-01,  8.9182e-02, -2.8678e-01,
         -1.9973e-01],
        [-1.5008e-01,  2.2256e-01, -8.8800e-02,  2.6539e-02,  2.2522e-01,
          2.3210e-01,  2.5416e-01,  3.5965e-01,  2.1905e-01,  1.4731e-01,
         -6.3949e-02, -3.0125e-01, -1.7591e-01, -6.0199e-02,  3.7019e-01,
         -3.7761e-02],
        [ 1.5037e-01, -2.3472e-01,  2.4277e-02, -2.0404e-01, -3.4511e-01,
         -3.2443e-01, -3.0278e-01, -9.7920e-02, -5.4757e-01, -1.7496e-02,
          1.0762e-01,  3.5025e-02,  2.9108e-01,  1.3197e-01, -1.1351e-01,
          9.3203e-02],
        [ 3.0765e-01, -2.3486e-01,  1.5133e-01, -1.0664e-02, -4.8126e-01,
         -1.8442e-01, -3.8792e-01, -1.1008e-01, -1.9840e-01, -1.7915e-01,
          3.9357e-02,  3.6786e-01,  3.5888e-02,  5.6176e-03, -1.5249e-01,
          1.0940e-01],
        [-6.3649e-02,  2.8252e-01,  9.4000e-02, -1.7562e-01,  3.5594e-01,
         -7.1018e-02,  2.9072e-01,  4.6565e-01,  2.6804e-01, -5.3091e-02,
         -1.0374e-01, -3.2229e-01, -1.9378e-01, -7.6075e-02,  4.5795e-01,
         -1.3738e-01],
        [ 2.7578e-03,  5.1271e-03,  4.8701e-02,  3.2240e-01,  2.0355e-01,
          8.6261e-02,  2.4387e-01,  1.0425e-01,  2.4941e-01,  1.6533e-01,
          2.7783e-01, -4.2759e-01, -2.5491e-01, -2.7300e-01,  1.3334e-01,
          1.3537e-01],
        [ 2.9201e-01, -2.8457e-01, -6.5778e-02, -7.8851e-02, -1.4330e-01,
         -3.3949e-01, -3.1637e-01, -3.5118e-01, -4.0132e-01, -5.8645e-02,
          2.3261e-01,  3.2515e-01,  1.6193e-03,  2.0363e-01, -3.8425e-02,
          1.2485e-01],
        [ 4.8149e-02,  2.8662e-02,  1.4971e-01, -2.2280e-01, -2.7000e-01,
         -9.5045e-02, -7.2590e-02, -3.3993e-01, -4.1616e-01, -1.4474e-01,
         -1.1450e-01,  3.7367e-01,  2.1082e-01, -7.2864e-02, -3.0204e-01,
         -1.5759e-01],
        [ 6.9452e-02, -3.9735e-01,  2.1340e-02, -1.8705e-02, -4.1237e-02,
         -1.9443e-01,  9.8783e-02, -2.6680e-01, -5.3902e-01,  1.9970e-01,
          1.7569e-01,  7.9756e-02,  2.1263e-02,  9.7728e-02, -4.5750e-01,
          2.0906e-01],
        [-9.0628e-02, -1.8707e-01, -6.3566e-02,  1.8731e-01, -3.0163e-01,
         -1.6734e-01,  1.5104e-02, -4.3358e-01, -3.0027e-01, -2.1240e-01,
         -2.9461e-01,  1.6213e-01,  1.6310e-01,  1.8500e-01, -5.0454e-01,
         -4.2710e-02],
        [ 2.3185e-01, -1.3625e-01,  2.0925e-01, -2.7975e-01, -3.1875e-01,
         -5.5673e-02, -4.4008e-01, -1.5400e-01, -5.1335e-01,  5.8384e-02,
          1.5424e-01,  2.0045e-01,  3.3606e-01,  2.2666e-01, -4.4957e-02,
          2.3937e-01],
        [-1.9735e-01,  2.5171e-01,  1.5823e-01,  1.0864e-01,  4.5892e-01,
         -2.3594e-02,  3.2519e-01,  2.9523e-01,  1.1354e-01, -2.9758e-02,
          2.4932e-01, -3.7749e-01, -2.3824e-01, -7.4641e-02,  1.6219e-01,
          2.7740e-03],
        [ 1.5149e-01, -1.1621e-01, -1.6081e-02, -2.0036e-02, -4.0957e-01,
         -2.2435e-01, -7.9939e-02, -4.4096e-01, -1.4728e-01,  2.7490e-02,
         -1.1504e-02,  2.2714e-01,  3.5885e-01,  1.5495e-01, -1.2217e-01,
          1.2767e-01],
        [-2.4195e-01,  2.9977e-01, -2.2046e-01,  1.9057e-01,  7.9253e-02,
          1.1092e-01,  3.9867e-01,  4.3720e-01,  5.0010e-01,  1.6033e-01,
          9.6474e-02, -1.9398e-01, -4.7489e-02,  1.3010e-01,  2.5974e-01,
         -1.6604e-01],
        [-1.8306e-01,  1.5176e-01,  9.1437e-02, -7.9140e-02,  3.2962e-01,
          3.2090e-01,  3.6952e-01,  8.8634e-02,  3.6995e-01,  2.0989e-01,
         -2.8364e-01, -1.1351e-01, -3.8202e-01, -1.3924e-01,  1.5072e-01,
         -1.3090e-01],
        [-9.9544e-02, -8.9599e-02,  9.7158e-02,  5.2007e-02, -8.4648e-02,
         -2.5672e-01, -3.4173e-01, -4.6132e-01, -4.2518e-01, -1.2861e-01,
          6.3616e-02,  6.2375e-02, -3.5099e-02,  9.5573e-02, -4.1364e-01,
          5.9134e-02]], device='cuda:0', requires_grad=True)

Parameter name: road_linear_0.bias
Shape: torch.Size([32])
Values: Parameter containing:
tensor([-0.0867,  0.1064,  0.1096, -0.1275,  0.0786, -0.0893,  0.0569,  0.1341,
        -0.0731,  0.0628, -0.0179,  0.0877,  0.0797, -0.0170,  0.0723,  0.0353,
        -0.1088, -0.0102,  0.1120,  0.0599,  0.0144, -0.0683,  0.0166, -0.0298,
        -0.1222,  0.0662,  0.1864,  0.0525, -0.0653, -0.2002,  0.0111, -0.0150],
       device='cuda:0', requires_grad=True)

Parameter name: road_linear_1.weight
Shape: torch.Size([1, 32])
Values: Parameter containing:
tensor([[ 0.3640,  0.5164, -0.2972, -0.4050,  0.4819,  0.4783, -0.3918, -0.4760,
         -0.3973,  0.5380,  0.3408,  0.4945, -0.3960, -0.5649,  0.4239, -0.4232,
         -0.4145,  0.4308, -0.2801, -0.3214,  0.5652,  0.3520, -0.4251, -0.4908,
         -0.4486, -0.5178, -0.3822,  0.4798, -0.4302,  0.4895,  0.3376, -0.3335]],
       device='cuda:0', requires_grad=True)

Parameter name: linear_0.weight
Shape: torch.Size([32, 39])
Values: Parameter containing:
tensor([[-0.0313,  0.1062,  0.0633,  ...,  0.1548, -0.2423, -0.1137],
        [-0.1404, -0.0305,  0.1365,  ...,  0.0556, -0.2590,  0.0871],
        [ 0.0285, -0.0450,  0.0267,  ...,  0.0643,  0.2071,  0.0345],
        ...,
        [ 0.1418, -0.1670, -0.0356,  ..., -0.1753, -0.0354, -0.1180],
        [ 0.1192, -0.2249, -0.0756,  ..., -0.2271,  0.0947,  0.1557],
        [-0.2138,  0.1697,  0.0704,  ...,  0.0664, -0.2236, -0.0509]],
       device='cuda:0', requires_grad=True)

Parameter name: linear_0.bias
Shape: torch.Size([32])
Values: Parameter containing:
tensor([ 0.0756,  0.0322, -0.0667, -0.1406, -0.0808,  0.0452, -0.0898,  0.0694,
        -0.0373,  0.0483,  0.0432,  0.0190, -0.0226,  0.1016, -0.0294, -0.0148,
         0.0470, -0.1625, -0.0087,  0.0835, -0.0864,  0.0087,  0.1147,  0.0377,
        -0.1074,  0.1076,  0.0535, -0.1365,  0.0429,  0.1907,  0.1815, -0.1065],
       device='cuda:0', requires_grad=True)

Parameter name: linear_1.weight
Shape: torch.Size([32, 32])
Values: Parameter containing:
tensor([[ 0.0900, -0.1993, -0.0713,  ...,  0.0931, -0.0146,  0.0623],
        [-0.1934, -0.0448,  0.1361,  ...,  0.1902,  0.0011,  0.0356],
        [ 0.1224, -0.0327, -0.1997,  ..., -0.1782, -0.0156,  0.1963],
        ...,
        [ 0.1300,  0.0783,  0.0720,  ...,  0.0482, -0.2074,  0.2914],
        [ 0.0334, -0.1885,  0.0561,  ...,  0.3001,  0.2455, -0.1475],
        [ 0.0141, -0.1256,  0.2349,  ...,  0.2633,  0.1478, -0.0616]],
       device='cuda:0', requires_grad=True)

Parameter name: linear_1.bias
Shape: torch.Size([32])
Values: Parameter containing:
tensor([ 0.1386,  0.1813, -0.0680, -0.1435,  0.0332, -0.0137, -0.0915,  0.0311,
         0.1920, -0.1738,  0.1530, -0.1797,  0.2256,  0.0670, -0.0868,  0.1867,
        -0.0522, -0.1858,  0.0637,  0.0574, -0.0672,  0.0670, -0.2314,  0.2204,
         0.0022, -0.0867,  0.0877,  0.0149, -0.1846, -0.0811,  0.1754,  0.0505],
       device='cuda:0', requires_grad=True)

Parameter name: linear_2.weight
Shape: torch.Size([1, 32])
Values: Parameter containing:
tensor([[ 0.7176,  0.6425, -0.6990, -0.6845,  0.5456,  0.5626, -0.6151,  0.5410,
          0.6059, -0.6617, -0.5774,  0.5925,  0.5862,  0.5876,  0.6127,  0.5882,
         -0.7068, -0.7238,  0.5753,  0.5702, -0.6322, -0.6246, -0.7243,  0.5824,
          0.6686,  0.7136, -0.6961,  0.6798, -0.6216, -0.7151,  0.6374,  0.7027]],
       device='cuda:0', requires_grad=True)

Parameter name: linear_2.bias
Shape: torch.Size([1])
Values: Parameter containing:
tensor([0.4668], device='cuda:0', requires_grad=True)

