Parameter name: road_linear_0.weight
Shape: torch.Size([32, 16])
Values: Parameter containing:
tensor([[-0.5693,  0.7727, -0.2251, -0.3579,  0.2663, -0.3611,  0.6600,  0.0613,
          0.2985,  0.1956,  0.1903, -0.2668, -0.2315,  0.0675,  0.3242, -0.1804],
        [-0.3639,  0.1208, -0.2093, -0.2966,  0.2039, -0.1907,  0.3609,  0.3536,
          0.5899,  0.0511,  0.1180, -0.4585,  0.0987,  0.3316,  0.5722, -0.1768],
        [-0.3552,  0.4192, -0.0582, -0.0688,  0.4490, -0.3781,  0.5359,  0.1159,
          0.5627,  0.1345,  0.0109, -0.5941,  0.1194,  0.3422,  0.5095, -0.1610],
        [ 0.4034, -0.4081,  0.1837,  0.1890, -0.1915,  0.1857, -0.3638, -0.2147,
         -0.5308, -0.3120, -0.0218,  0.4660,  0.1497, -0.4266, -0.3214,  0.2632],
        [-0.2498,  0.5637, -0.2774, -0.3214,  0.2978, -0.3230,  0.2226,  0.4295,
          0.2500,  0.2145,  0.1832, -0.2698,  0.0873,  0.1073,  0.4138, -0.2712],
        [-0.1567,  0.6004, -0.4650,  0.0678,  0.4269, -0.4493,  0.4281,  0.0431,
          0.3271,  0.0474, -0.1494, -0.1793, -0.2157,  0.4761,  0.4450, -0.1965],
        [ 0.4478, -0.3379,  0.5507,  0.1905, -0.2089,  0.3037, -0.4215, -0.3553,
         -0.3690,  0.1926, -0.0503,  0.1695, -0.0420, -0.1875, -0.3337,  0.3110],
        [ 0.0640, -0.1459,  0.4668, -0.0157, -0.5142,  0.1367, -0.2831, -0.4121,
         -0.3295, -0.0447, -0.0738,  0.1812,  0.2992, -0.4378, -0.2340,  0.4791],
        [ 0.1928, -0.2343,  0.4743,  0.1136, -0.3610,  0.1995, -0.4660, -0.3726,
         -0.2331, -0.2347, -0.1822,  0.3020, -0.1150, -0.3092, -0.6270,  0.2531],
        [-0.5010,  0.4087, -0.2563, -0.2637,  0.2125, -0.2325,  0.2690,  0.3485,
          0.3873,  0.0418,  0.1131, -0.1266, -0.0416,  0.2573,  0.3154, -0.3722],
        [-0.6412,  0.6809, -0.2712, -0.3757,  0.0485, -0.0483,  0.5033,  0.1984,
          0.4614,  0.2454,  0.0457, -0.1012, -0.0534,  0.4912,  0.0630, -0.5826],
        [-0.3570,  0.3398, -0.1808, -0.1565,  0.3229, -0.2450,  0.5837,  0.2725,
          0.2943,  0.4063,  0.1648, -0.0584, -0.1888,  0.0878,  0.2586, -0.3794],
        [ 0.4853, -0.3227,  0.2957,  0.1930, -0.2564,  0.5380, -0.2970, -0.4442,
         -0.4375,  0.0479, -0.1367,  0.1664, -0.0780, -0.2706, -0.3366,  0.1690],
        [ 0.3543, -0.1139,  0.4812,  0.2559, -0.4352,  0.3698, -0.2232, -0.1750,
         -0.3138, -0.0783, -0.1503,  0.2082,  0.0423, -0.2605, -0.4605,  0.3613],
        [-0.5694,  0.2678, -0.2194, -0.3616,  0.5329, -0.0676,  0.3523,  0.2638,
          0.1077,  0.1095,  0.0942, -0.4364, -0.0198,  0.3031,  0.1868, -0.3318],
        [ 0.1016, -0.4089,  0.3512,  0.2961, -0.4404,  0.2897, -0.3520, -0.4150,
         -0.3200, -0.0059,  0.0712,  0.5571, -0.0341, -0.2784, -0.0686,  0.2233],
        [ 0.4326, -0.1634,  0.3409, -0.0636, -0.6823,  0.3622, -0.3372, -0.2868,
         -0.6588, -0.1046,  0.2344,  0.5741,  0.2889, -0.0991, -0.4618,  0.1065],
        [-0.3335,  0.3991, -0.3332, -0.1560,  0.3089, -0.0967,  0.4799,  0.4194,
          0.2584,  0.0989, -0.0043, -0.3701, -0.1868,  0.0908,  0.3424, -0.2817],
        [-0.2441,  0.3304, -0.2922, -0.2475,  0.2887, -0.4364,  0.2819,  0.5244,
          0.0860,  0.1032,  0.0095, -0.5730, -0.0270,  0.3105,  0.4580, -0.2319],
        [ 0.6121, -0.4831,  0.4536,  0.2499, -0.4122,  0.2378, -0.6227, -0.0530,
         -0.1389, -0.1936, -0.0968,  0.3240, -0.1092, -0.2822, -0.0545,  0.4267],
        [-0.2297,  0.3428, -0.1013, -0.2816,  0.4177, -0.3184,  0.4237,  0.4933,
          0.3024, -0.0368, -0.1811, -0.4140, -0.1042, -0.0067,  0.5063, -0.2972],
        [ 0.3541, -0.3611,  0.2552,  0.3115, -0.3316,  0.1368, -0.0529, -0.3436,
         -0.3877, -0.1038,  0.2578,  0.2066,  0.0513, -0.3366, -0.6616,  0.2743],
        [ 0.5414, -0.5234,  0.2140,  0.1929, -0.1589,  0.0900, -0.5399, -0.3569,
         -0.3772, -0.0527,  0.0490,  0.3348, -0.0842, -0.1091,  0.0108,  0.4179],
        [ 0.2897, -0.1546,  0.4332, -0.1100, -0.5011,  0.1694, -0.3747, -0.5073,
         -0.5662, -0.1911, -0.0622,  0.5662,  0.2773, -0.1297, -0.3823,  0.1273],
        [ 0.3908, -0.6714,  0.3232,  0.1967, -0.1172,  0.2192, -0.2021, -0.3234,
         -0.5177,  0.0959,  0.2069,  0.1494, -0.0974, -0.2154, -0.4649,  0.5051],
        [ 0.1574, -0.4170,  0.1783,  0.3895, -0.3933,  0.2146, -0.2006, -0.4824,
         -0.2933, -0.2320, -0.2825,  0.2538,  0.1628, -0.0256, -0.5371,  0.1752],
        [ 0.4473, -0.3609,  0.4886, -0.0297, -0.3028,  0.3503, -0.6135, -0.1210,
         -0.4934,  0.0683, -0.0022,  0.1998,  0.1952, -0.0770, -0.0020,  0.5174],
        [-0.5573,  0.4553, -0.1519, -0.0438,  0.4381, -0.3499,  0.5788,  0.2758,
          0.0715,  0.1483,  0.1424, -0.3846, -0.0080,  0.1157,  0.1649, -0.2961],
        [ 0.4761, -0.3197,  0.2695,  0.1223, -0.4823,  0.0752, -0.3562, -0.5011,
         -0.1690, -0.0855,  0.0464,  0.2877,  0.2391, -0.0175, -0.1772,  0.4071],
        [-0.4159,  0.4870, -0.4599, -0.0961,  0.0227, -0.3010,  0.5409,  0.3780,
          0.4257,  0.0791,  0.2283, -0.1729, -0.0047,  0.3624,  0.1413, -0.4073],
        [-0.5096,  0.4115, -0.2099, -0.2945,  0.3456, -0.0705,  0.6416,  0.0989,
          0.3493,  0.2805, -0.1693, -0.1214, -0.2232,  0.1602,  0.1462, -0.4452],
        [ 0.1244, -0.2798,  0.3570,  0.2826, -0.2002,  0.1135, -0.6349, -0.5650,
         -0.4708, -0.0982,  0.0131,  0.1780, -0.0260, -0.1234, -0.4165,  0.3082]],
       device='cuda:0', requires_grad=True)

Parameter name: road_linear_0.bias
Shape: torch.Size([32])
Values: Parameter containing:
tensor([-0.2375,  0.1141,  0.2052, -0.0957,  0.0051, -0.1020,  0.0647,  0.0915,
        -0.2368, -0.0776,  0.0288,  0.0474,  0.1054,  0.0798,  0.0083,  0.0736,
        -0.1597,  0.0784, -0.0182, -0.0856,  0.0095, -0.0500, -0.1151, -0.1622,
        -0.1286,  0.1590,  0.1251,  0.0328, -0.0855, -0.1258,  0.1241, -0.1960],
       device='cuda:0', requires_grad=True)

Parameter name: road_linear_1.weight
Shape: torch.Size([1, 32])
Values: Parameter containing:
tensor([[ 0.6907,  0.7314,  0.6555, -0.6855,  0.7886,  0.8238, -0.6740, -0.7897,
         -0.7351,  0.8386,  0.6868,  0.8401, -0.7369, -0.7993,  0.7231, -0.7106,
         -0.6962,  0.7399,  0.6627, -0.6519,  0.7754, -0.6093, -0.7822, -0.7492,
         -0.7445, -0.8092, -0.6864,  0.7812, -0.7833,  0.7683,  0.7282, -0.6422]],
       device='cuda:0', requires_grad=True)

Parameter name: linear_0.weight
Shape: torch.Size([32, 39])
Values: Parameter containing:
tensor([[ 0.2929,  0.2150, -0.0191,  ...,  0.1070, -0.2002, -0.1137],
        [-0.1105, -0.2133,  0.1735,  ...,  0.0040, -0.4118,  0.0871],
        [ 0.0274,  0.1860,  0.0715,  ...,  0.1568,  0.1288,  0.0345],
        ...,
        [-0.0494, -0.2098,  0.0729,  ..., -0.1393, -0.1782, -0.1180],
        [ 0.0273, -0.0741, -0.0131,  ..., -0.1614,  0.0147,  0.1557],
        [-0.0666,  0.1750, -0.0352,  ..., -0.0487,  0.0273, -0.0509]],
       device='cuda:0', requires_grad=True)

Parameter name: linear_0.bias
Shape: torch.Size([32])
Values: Parameter containing:
tensor([ 0.0502,  0.0638, -0.1528, -0.0513, -0.0561,  0.0408, -0.1258,  0.1092,
        -0.0435,  0.1495,  0.0211, -0.0443, -0.0594,  0.0683, -0.0750, -0.0458,
         0.1092, -0.1387, -0.0469,  0.0505, -0.0805,  0.1451,  0.0981, -0.0599,
         0.0105,  0.1179,  0.0157, -0.1362,  0.0865,  0.1803,  0.0831, -0.1327],
       device='cuda:0', requires_grad=True)

Parameter name: linear_1.weight
Shape: torch.Size([32, 32])
Values: Parameter containing:
tensor([[ 0.1858, -0.2009, -0.1106,  ..., -0.0525, -0.1200,  0.1646],
        [ 0.0659,  0.0042,  0.1485,  ..., -0.0375, -0.0372,  0.2484],
        [-0.1304, -0.0869, -0.1821,  ...,  0.0196,  0.0468,  0.0073],
        ...,
        [-0.0911,  0.0275,  0.0738,  ...,  0.1970, -0.1526,  0.1289],
        [ 0.2606, -0.1078,  0.0869,  ...,  0.0622,  0.1840,  0.0192],
        [ 0.2320, -0.0597,  0.2503,  ...,  0.0809,  0.1021,  0.1092]],
       device='cuda:0', requires_grad=True)

Parameter name: linear_1.bias
Shape: torch.Size([32])
Values: Parameter containing:
tensor([ 0.0601,  0.0216,  0.0576,  0.0224, -0.0738, -0.1275,  0.0619, -0.1793,
         0.0231, -0.0666,  0.2309, -0.1873,  0.0803,  0.1010, -0.2234, -0.0244,
        -0.0488, -0.1046, -0.0653, -0.1049,  0.1001,  0.1987, -0.1056,  0.2065,
        -0.1505, -0.0561,  0.1401, -0.1457, -0.0421,  0.0006,  0.0010, -0.0602],
       device='cuda:0', requires_grad=True)

Parameter name: linear_2.weight
Shape: torch.Size([1, 32])
Values: Parameter containing:
tensor([[ 0.3412,  0.2453, -0.3474, -0.3030,  0.2134,  0.2095, -0.2364,  0.2690,
          0.2391, -0.2523, -0.2281,  0.2229,  0.2316, -0.2044,  0.2690,  0.2239,
         -0.3232, -0.3325,  0.1959,  0.2265, -0.2898, -0.2703, -0.3414, -0.1587,
          0.3046,  0.3403, -0.3256,  0.3194, -0.2441, -0.3145,  0.3194,  0.3127]],
       device='cuda:0', requires_grad=True)

Parameter name: linear_2.bias
Shape: torch.Size([1])
Values: Parameter containing:
tensor([-0.1454], device='cuda:0', requires_grad=True)

