Parameter name: road_linear_0.weight
Shape: torch.Size([32, 16])
Values: Parameter containing:
tensor([[-0.2888,  0.4572,  0.0494, -0.0391,  0.2328,  0.1566,  0.3496,  0.0342,
          0.2510,  0.2082,  0.0283, -0.1888, -0.3615, -0.3230,  0.3186,  0.0919],
        [-0.2047, -0.0514, -0.0471, -0.0351,  0.0588,  0.2373,  0.1639,  0.1973,
          0.4569,  0.0709,  0.0885, -0.2769, -0.0164, -0.0026,  0.4641, -0.0365],
        [ 0.0399, -0.1021,  0.3213, -0.0991, -0.1582, -0.3233, -0.0776, -0.4792,
         -0.0424, -0.0179,  0.0820, -0.0154,  0.4635,  0.2732, -0.0083,  0.2253],
        [ 0.1896, -0.2416, -0.0013, -0.0218, -0.1007, -0.1640, -0.1285, -0.1168,
         -0.4455, -0.3206,  0.0230,  0.3559,  0.3129, -0.1956, -0.2549,  0.0813],
        [-0.0540,  0.4096, -0.1102, -0.0531,  0.2479,  0.0582,  0.0673,  0.3778,
          0.2112,  0.2357,  0.0931, -0.1856, -0.0887, -0.2009,  0.3565, -0.1209],
        [ 0.0250,  0.4354, -0.2953,  0.3664,  0.3975, -0.0611,  0.2877,  0.0213,
          0.3037,  0.1574, -0.3050, -0.1091, -0.2852,  0.1706,  0.4121, -0.0424],
        [ 0.3048, -0.0866,  0.3304, -0.1396, -0.1192, -0.1827, -0.1851, -0.2811,
         -0.3112,  0.0481,  0.0797,  0.0767, -0.0204,  0.1591, -0.3593,  0.0946],
        [-0.1249,  0.0476,  0.2818, -0.3084, -0.4020, -0.2726, -0.0945, -0.3150,
         -0.2584, -0.1456,  0.0268,  0.0546,  0.2968, -0.1531, -0.1595,  0.2948],
        [ 0.0005, -0.0066,  0.2573, -0.2279, -0.1585, -0.3338, -0.1817, -0.1613,
         -0.0345, -0.2597, -0.0667,  0.0957, -0.0247,  0.1361, -0.4610,  0.0618],
        [-0.2535,  0.2132, -0.0506, -0.0329,  0.1655,  0.1424,  0.0697,  0.2978,
          0.3444, -0.0535,  0.1097, -0.0405, -0.3070, -0.0546,  0.2784, -0.1701],
        [-0.3040,  0.4127,  0.0019, -0.0641,  0.0398,  0.3950,  0.2545,  0.1786,
          0.4301,  0.1946, -0.0411, -0.0231, -0.2425,  0.1594,  0.0689, -0.2863],
        [-0.0637,  0.1453,  0.0473,  0.0479,  0.2371,  0.0906,  0.3540,  0.1945,
          0.2210,  0.2779,  0.1716,  0.0486, -0.4435, -0.1865,  0.1604, -0.1494],
        [ 0.3155, -0.1331,  0.1230, -0.1650, -0.2146,  0.0255, -0.1405, -0.4069,
         -0.4226, -0.0761,  0.0987,  0.0931,  0.0347,  0.1637, -0.3328,  0.0225],
        [ 0.1602,  0.0701,  0.3078,  0.0197, -0.3924, -0.0066, -0.0528, -0.1241,
         -0.2945, -0.1050, -0.0830,  0.1341,  0.1602,  0.0232, -0.4464,  0.1969],
        [-0.3266, -0.0068, -0.0121, -0.0701,  0.4598,  0.3972,  0.0991,  0.1728,
          0.0402,  0.1232, -0.0062, -0.3386, -0.1237, -0.0755,  0.1495, -0.1191],
        [-0.0668, -0.4213,  0.1770,  0.0672, -0.4179, -0.0180, -0.2418, -0.3891,
         -0.2785, -0.0325,  0.1352,  0.4732,  0.2265, -0.0420, -0.0258,  0.0975],
        [ 0.2222,  0.0225,  0.1065, -0.2894, -0.3822, -0.0112, -0.0638, -0.0210,
         -0.3771, -0.1058,  0.2562,  0.2824,  0.3593,  0.1970, -0.2055, -0.1116],
        [-0.2007,  0.2122, -0.1506,  0.0775,  0.1609,  0.2549,  0.2734,  0.2974,
          0.1470,  0.2022, -0.1352, -0.2300, -0.1776, -0.1338,  0.3080, -0.0929],
        [ 0.1676, -0.1958,  0.0750, -0.2510, -0.2570, -0.3503, -0.2936, -0.0191,
         -0.4477, -0.0544,  0.1364, -0.0544,  0.2445,  0.1951, -0.0345,  0.1358],
        [ 0.3163, -0.1971,  0.1994, -0.0526, -0.3889, -0.2047, -0.3720, -0.0306,
         -0.1078, -0.2117,  0.0715,  0.2774, -0.0048,  0.0617, -0.0777,  0.1475],
        [-0.1294,  0.3306,  0.0240, -0.1126,  0.3292, -0.0688,  0.3269,  0.4190,
          0.2125,  0.0143, -0.2241, -0.2805, -0.2387, -0.1599,  0.4108, -0.2085],
        [-0.0600, -0.0040, -0.0194,  0.3822,  0.0976,  0.1089,  0.2855,  0.0165,
          0.1148,  0.2281,  0.1697, -0.3257, -0.2496, -0.3569,  0.0391,  0.0683],
        [ 0.3053, -0.2461, -0.0185, -0.1221, -0.0558, -0.3640, -0.3029, -0.2743,
         -0.3098, -0.0920,  0.2614,  0.2369, -0.0410,  0.2606,  0.0363,  0.1633],
        [ 0.1474,  0.0016,  0.2392, -0.2969, -0.2390, -0.1306, -0.1436, -0.2896,
         -0.3414, -0.2346,  0.0048,  0.3188,  0.2712,  0.0328, -0.2329, -0.0705],
        [ 0.1582, -0.4383,  0.1055, -0.0882,  0.0005, -0.2191,  0.0362, -0.2099,
         -0.4277,  0.1196,  0.3108,  0.0150,  0.0810,  0.1966, -0.3776,  0.2951],
        [ 0.0058, -0.2666,  0.0319,  0.1054, -0.3052, -0.1908, -0.0580, -0.3964,
         -0.2404, -0.3041, -0.1523,  0.1372,  0.2431,  0.2914, -0.4383,  0.0533],
        [ 0.1663, -0.0878,  0.2230, -0.3018, -0.2257, -0.0653, -0.3728, -0.0729,
         -0.4227,  0.0673,  0.1507,  0.1102,  0.2701,  0.2433,  0.0278,  0.2379],
        [-0.2684,  0.2693,  0.0828,  0.1710,  0.3833, -0.0052,  0.3723,  0.2230,
          0.0089,  0.0408,  0.1323, -0.2922, -0.2636, -0.1630,  0.0813, -0.0722],
        [ 0.2212, -0.1085,  0.0543, -0.0797, -0.3366, -0.2555, -0.1223, -0.3714,
         -0.0468, -0.0379,  0.0794,  0.1450,  0.3682,  0.2411, -0.0445,  0.1949],
        [-0.2337,  0.2730, -0.2546,  0.2206, -0.0059,  0.1153,  0.3701,  0.3661,
          0.4202,  0.1795,  0.0582, -0.1109, -0.0119,  0.0875,  0.1972, -0.1925],
        [-0.2104,  0.1135,  0.0385, -0.0309,  0.2414,  0.3502,  0.3699,  0.0098,
          0.2685,  0.2508, -0.3182, -0.0236, -0.3394, -0.2057,  0.0716, -0.1768],
        [-0.0167, -0.1033,  0.1772, -0.0144, -0.0318, -0.2889, -0.3982, -0.3996,
         -0.3315, -0.2055,  0.1730, -0.0100,  0.0019,  0.1914, -0.3376,  0.1367]],
       device='cuda:0', requires_grad=True)

Parameter name: road_linear_0.bias
Shape: torch.Size([32])
Values: Parameter containing:
tensor([-0.1210,  0.0094,  0.0924, -0.0556, -0.0029, -0.1031,  0.0835,  0.1441,
        -0.0334, -0.0238, -0.0229,  0.0632,  0.1395,  0.0634,  0.0238,  0.1023,
        -0.0735, -0.0148,  0.0897,  0.0422, -0.0542, -0.0743, -0.0039, -0.0030,
        -0.0753,  0.1582,  0.1606,  0.0216, -0.0636, -0.2012,  0.0344,  0.0040],
       device='cuda:0', requires_grad=True)

Parameter name: road_linear_1.weight
Shape: torch.Size([1, 32])
Values: Parameter containing:
tensor([[ 0.2817,  0.3712, -0.2620, -0.2940,  0.3649,  0.4099, -0.3252, -0.4222,
         -0.3310,  0.4164,  0.2873,  0.4268, -0.3035, -0.4508,  0.3402, -0.3235,
         -0.3439,  0.3658, -0.2547, -0.2831,  0.4640,  0.3143, -0.3917, -0.4149,
         -0.3729, -0.3972, -0.3499,  0.3994, -0.3795,  0.4272,  0.3117, -0.2685]],
       device='cuda:0', requires_grad=True)

Parameter name: linear_0.weight
Shape: torch.Size([32, 39])
Values: Parameter containing:
tensor([[-0.0574,  0.1337,  0.0844,  ...,  0.1380, -0.2376, -0.1137],
        [-0.1508, -0.0151,  0.1365,  ...,  0.0641, -0.2788,  0.0871],
        [ 0.0418, -0.0629,  0.0234,  ...,  0.0588,  0.2213,  0.0345],
        ...,
        [ 0.1499, -0.1811, -0.0316,  ..., -0.1883, -0.0098, -0.1180],
        [ 0.1317, -0.2426, -0.0773,  ..., -0.2337,  0.1079,  0.1557],
        [-0.2316,  0.1892,  0.0833,  ...,  0.0595, -0.2306, -0.0509]],
       device='cuda:0', requires_grad=True)

Parameter name: linear_0.bias
Shape: torch.Size([32])
Values: Parameter containing:
tensor([ 0.0588,  0.0384, -0.0697, -0.1405, -0.0757,  0.0567, -0.0964,  0.0502,
        -0.0404,  0.0519,  0.0149,  0.0144, -0.0201,  0.0959, -0.0376, -0.0049,
         0.0482, -0.1595, -0.0255,  0.0758, -0.0719,  0.0186,  0.1135,  0.0257,
        -0.0984,  0.1066,  0.0544, -0.1262,  0.0404,  0.1802,  0.1767, -0.1152],
       device='cuda:0', requires_grad=True)

Parameter name: linear_1.weight
Shape: torch.Size([32, 32])
Values: Parameter containing:
tensor([[ 0.0803, -0.1849, -0.0856,  ...,  0.0801, -0.0239,  0.0522],
        [-0.2051, -0.0320,  0.1220,  ...,  0.1775, -0.0075,  0.0236],
        [ 0.1347, -0.0417, -0.1911,  ..., -0.1684, -0.0099,  0.2093],
        ...,
        [ 0.1435,  0.0813,  0.0557,  ...,  0.0487, -0.2102,  0.3067],
        [ 0.0276, -0.1672,  0.0396,  ...,  0.2833,  0.2304, -0.1541],
        [ 0.0028, -0.1149,  0.2274,  ...,  0.2529,  0.1418, -0.0739]],
       device='cuda:0', requires_grad=True)

Parameter name: linear_1.bias
Shape: torch.Size([32])
Values: Parameter containing:
tensor([ 0.1262,  0.1690, -0.0578, -0.1322,  0.0234, -0.0238, -0.0807,  0.0162,
         0.1789, -0.1645,  0.1258, -0.1260,  0.2132,  0.0579, -0.0996,  0.1712,
        -0.1222, -0.1747,  0.0526,  0.0453, -0.0549,  0.0780, -0.2246,  0.2082,
        -0.0098, -0.0346,  0.0802,  0.0052, -0.1719, -0.0789,  0.1612,  0.0394],
       device='cuda:0', requires_grad=True)

Parameter name: linear_2.weight
Shape: torch.Size([1, 32])
Values: Parameter containing:
tensor([[ 0.4707,  0.3887, -0.4431, -0.4458,  0.2871,  0.3054, -0.3595,  0.3201,
          0.3802, -0.4038, -0.3324,  0.3510,  0.3514,  0.3316,  0.3855,  0.3693,
         -0.4685, -0.4710,  0.3194,  0.3251, -0.3950, -0.3698, -0.4643,  0.3282,
          0.4124,  0.4717, -0.4438,  0.4329, -0.3713, -0.4599,  0.4204,  0.4529]],
       device='cuda:0', requires_grad=True)

Parameter name: linear_2.bias
Shape: torch.Size([1])
Values: Parameter containing:
tensor([0.2628], device='cuda:0', requires_grad=True)

