Parameter name: road_linear_0.weight
Shape: torch.Size([32, 16])
Values: Parameter containing:
tensor([[-3.3532e-01,  4.4129e-01, -1.5646e-02,  1.6123e-02,  1.8338e-01,
          1.8255e-01,  3.2569e-01, -2.4036e-02,  1.9864e-01,  2.7375e-01,
         -2.4886e-02, -1.6982e-01, -3.2844e-01, -3.7533e-01,  2.5302e-01,
          3.7932e-02],
        [-2.8037e-01, -2.7124e-02, -1.2550e-01,  3.3683e-02,  3.8712e-02,
          2.6487e-01,  1.9942e-01,  1.7939e-01,  4.4554e-01,  1.5153e-01,
         -1.3057e-02, -2.9903e-01, -3.4869e-02, -8.0306e-02,  4.0041e-01,
         -1.1244e-01],
        [ 9.5258e-02, -7.5374e-02,  3.8875e-01, -1.5288e-01, -1.0555e-01,
         -3.6049e-01, -5.9144e-02, -4.2462e-01,  1.2940e-02, -8.4474e-02,
          1.2302e-01, -3.4686e-02,  4.3146e-01,  3.3409e-01,  6.3305e-02,
          2.8302e-01],
        [ 2.6553e-01, -2.3814e-01,  7.8171e-02, -9.0338e-02, -6.6248e-02,
         -1.9752e-01, -1.4342e-01, -8.2050e-02, -4.1624e-01, -4.0089e-01,
          9.7575e-02,  3.6571e-01,  3.1034e-01, -1.1773e-01, -1.9136e-01,
          1.5642e-01],
        [-1.1118e-01,  4.0532e-01, -1.7957e-01,  7.1824e-03,  2.0451e-01,
          8.4161e-02,  6.1511e-02,  3.2923e-01,  1.7349e-01,  3.0655e-01,
          2.3743e-02, -1.8159e-01, -7.2019e-02, -2.6117e-01,  2.9169e-01,
         -1.8262e-01],
        [ 2.4915e-03,  4.1535e-01, -3.4489e-01,  4.1075e-01,  3.4340e-01,
         -4.2120e-02,  2.4899e-01, -3.9023e-02,  2.4754e-01,  2.1005e-01,
         -3.4671e-01, -7.9257e-02, -2.4511e-01,  1.3734e-01,  3.5126e-01,
         -8.1127e-02],
        [ 3.6691e-01, -7.0743e-02,  4.0245e-01, -1.9987e-01, -7.5149e-02,
         -2.1568e-01, -1.7662e-01, -2.3418e-01, -2.6444e-01, -2.4192e-02,
          1.3443e-01,  6.8848e-02, -4.2071e-02,  2.2483e-01, -2.9374e-01,
          1.5897e-01],
        [-6.1560e-02,  6.5725e-02,  3.5419e-01, -3.6904e-01, -3.5642e-01,
         -3.0701e-01, -8.7143e-02, -2.6879e-01, -2.1188e-01, -2.1916e-01,
          7.9329e-02,  4.6199e-02,  2.7568e-01, -8.6179e-02, -9.3418e-02,
          3.6044e-01],
        [ 6.7516e-02, -7.9273e-03,  3.3003e-01, -2.9193e-01, -1.1964e-01,
         -3.6546e-01, -2.0475e-01, -1.2956e-01, -5.1408e-03, -3.3619e-01,
          2.0101e-02,  9.8018e-02, -2.5180e-02,  2.0893e-01, -3.9121e-01,
          1.3291e-01],
        [-3.1609e-01,  2.2022e-01, -1.2087e-01,  2.8093e-02,  1.2962e-01,
          1.6818e-01,  8.0565e-02,  2.6059e-01,  3.1393e-01,  1.8840e-02,
          2.2043e-02, -4.3900e-02, -3.0310e-01, -1.2072e-01,  2.1249e-01,
         -2.3578e-01],
        [-3.6621e-01,  3.9150e-01, -6.9171e-02, -4.8385e-03, -9.6672e-03,
          4.3119e-01,  2.4626e-01,  1.2941e-01,  3.8203e-01,  2.6632e-01,
         -9.5589e-02, -1.2304e-02, -2.1982e-01,  9.2538e-02, -1.2539e-03,
         -3.5123e-01],
        [-1.3234e-01,  1.3973e-01, -2.7752e-02,  1.1353e-01,  1.9437e-01,
          1.2376e-01,  3.6756e-01,  1.5359e-01,  1.8337e-01,  3.5464e-01,
          9.3872e-02,  4.9441e-02, -4.3523e-01, -2.6242e-01,  9.0164e-02,
         -2.2139e-01],
        [ 3.6007e-01, -1.2134e-01,  1.8538e-01, -2.1770e-01, -1.6719e-01,
          1.5392e-03, -1.1862e-01, -3.5237e-01, -3.7525e-01, -1.3904e-01,
          1.5612e-01,  7.7522e-02,  6.5739e-03,  2.1274e-01, -2.6980e-01,
          7.4131e-02],
        [ 2.2724e-01,  6.6239e-02,  3.8185e-01, -4.4871e-02, -3.5751e-01,
         -3.3814e-02, -6.3930e-02, -8.8830e-02, -2.6273e-01, -1.8128e-01,
         -2.0964e-04,  1.3954e-01,  1.5574e-01,  9.4031e-02, -3.8332e-01,
          2.6666e-01],
        [-4.0226e-01, -3.4082e-03, -9.0117e-02, -3.6027e-03,  4.2663e-01,
          4.3135e-01,  1.2867e-01,  1.4310e-01,  1.7714e-02,  2.0271e-01,
         -9.2367e-02, -3.4944e-01, -1.3071e-01, -1.5415e-01,  8.1724e-02,
         -1.9330e-01],
        [-2.7568e-02, -4.1035e-01,  2.3599e-01,  1.8039e-02, -3.6724e-01,
         -3.9390e-02, -2.1710e-01, -3.2922e-01, -2.3158e-01, -9.2305e-02,
          1.9125e-01,  4.5404e-01,  1.9569e-01,  2.0410e-03,  3.9219e-02,
          1.4364e-01],
        [ 2.9447e-01,  3.0367e-02,  1.8409e-01, -3.5645e-01, -3.4730e-01,
         -4.5390e-02, -7.4001e-02,  1.4714e-02, -3.4212e-01, -1.8424e-01,
          3.2232e-01,  2.8502e-01,  3.5179e-01,  2.7697e-01, -1.4241e-01,
         -3.7652e-02],
        [-2.6278e-01,  1.8943e-01, -2.2379e-01,  1.3841e-01,  1.1691e-01,
          2.9207e-01,  2.6064e-01,  2.4747e-01,  1.0352e-01,  2.7420e-01,
         -1.7265e-01, -2.2164e-01, -1.5264e-01, -1.9659e-01,  2.4299e-01,
         -1.5693e-01],
        [ 2.2590e-01, -1.7045e-01,  1.4593e-01, -3.1004e-01, -2.0769e-01,
         -3.8804e-01, -2.7979e-01,  3.1007e-02, -3.9311e-01, -1.2578e-01,
          1.7929e-01, -7.1435e-02,  2.1676e-01,  2.6443e-01,  3.4984e-02,
          2.0045e-01],
        [ 3.7493e-01, -1.7119e-01,  2.7072e-01, -1.1200e-01, -3.3662e-01,
         -2.4184e-01, -3.5682e-01,  2.1368e-02, -5.5935e-02, -2.8443e-01,
          1.1342e-01,  2.6054e-01, -3.2912e-02,  1.2630e-01, -7.9222e-03,
          2.1087e-01],
        [-1.6403e-01,  3.2446e-01, -3.0271e-02, -6.4111e-02,  2.8253e-01,
         -5.3775e-02,  2.9836e-01,  3.5890e-01,  1.6593e-01,  6.8737e-02,
         -2.8313e-01, -2.6250e-01, -2.0791e-01, -2.0015e-01,  3.5127e-01,
         -2.5332e-01],
        [-1.0882e-01, -1.2380e-02, -8.0488e-02,  4.3595e-01,  4.6543e-02,
          1.3757e-01,  2.8974e-01, -2.6671e-02,  7.1167e-02,  2.9442e-01,
          9.3978e-02, -3.0948e-01, -2.3274e-01, -4.1461e-01, -3.5081e-02,
          1.0302e-02],
        [ 3.6407e-01, -2.1943e-01,  5.1176e-02, -1.7950e-01, -5.2016e-03,
         -4.0235e-01, -2.8892e-01, -2.2357e-01, -2.5789e-01, -1.6128e-01,
          3.0094e-01,  2.2065e-01, -6.8327e-02,  3.2596e-01,  1.0663e-01,
          2.2573e-01],
        [ 2.2305e-01,  1.4674e-02,  3.2013e-01, -3.6540e-01, -2.0593e-01,
         -1.6877e-01, -1.5108e-01, -2.5282e-01, -3.1376e-01, -3.1461e-01,
          5.4077e-02,  3.2513e-01,  2.6283e-01,  1.0956e-01, -1.7235e-01,
          3.5197e-03],
        [ 2.1364e-01, -4.2622e-01,  1.7099e-01, -1.4528e-01,  4.4954e-02,
         -2.4774e-01,  4.3735e-02, -1.6584e-01, -3.8218e-01,  5.2432e-02,
          3.7864e-01,  6.3694e-03,  6.2463e-02,  2.5866e-01, -3.1175e-01,
          3.5712e-01],
        [ 5.9927e-02, -2.6537e-01,  9.9651e-02,  4.7376e-02, -2.6563e-01,
         -2.1336e-01, -4.8130e-02, -3.4660e-01, -2.0390e-01, -3.7180e-01,
         -8.4075e-02,  1.3329e-01,  2.2576e-01,  3.4776e-01, -3.7672e-01,
          1.1126e-01],
        [ 2.0602e-01, -5.6395e-02,  2.8494e-01, -3.5267e-01, -1.7219e-01,
         -1.0083e-01, -3.4264e-01, -1.6295e-02, -3.6225e-01,  4.4659e-03,
          1.7624e-01,  8.3794e-02,  2.3144e-01,  2.9488e-01,  9.5888e-02,
          2.8955e-01],
        [-3.2940e-01,  2.6002e-01,  1.1195e-02,  2.3291e-01,  3.3539e-01,
          2.5295e-02,  3.7109e-01,  1.7458e-01, -3.3610e-02,  1.1450e-01,
          6.4954e-02, -2.8488e-01, -2.4522e-01, -2.2913e-01,  1.2560e-02,
         -1.3718e-01],
        [ 2.9337e-01, -9.3490e-02,  1.3107e-01, -1.4383e-01, -2.9543e-01,
         -2.9350e-01, -1.2854e-01, -3.2904e-01, -8.3253e-03, -1.1377e-01,
          1.3713e-01,  1.4335e-01,  3.5578e-01,  3.1786e-01,  2.3275e-02,
          2.6573e-01],
        [-2.7157e-01,  2.4608e-01, -3.1505e-01,  2.7031e-01, -6.0135e-02,
          1.4574e-01,  3.3697e-01,  3.0663e-01,  3.6333e-01,  2.4051e-01,
          2.5995e-02, -8.6885e-02,  2.6881e-02,  4.4640e-02,  1.3104e-01,
         -2.3983e-01],
        [-2.7504e-01,  8.9985e-02, -3.4521e-02,  2.9687e-02,  1.9424e-01,
          3.8950e-01,  3.6388e-01, -3.7976e-02,  2.1828e-01,  3.2322e-01,
         -3.6532e-01, -1.1046e-02, -3.1676e-01, -2.7969e-01,  1.2444e-03,
         -2.4454e-01],
        [ 5.1758e-02, -8.5270e-02,  2.5341e-01, -7.8240e-02,  1.2027e-02,
         -3.2605e-01, -3.9476e-01, -3.5192e-01, -2.8788e-01, -2.8121e-01,
          2.2598e-01, -1.4689e-02, -1.7045e-02,  2.6299e-01, -2.6999e-01,
          2.0570e-01]], device='cuda:0', requires_grad=True)

Parameter name: road_linear_0.bias
Shape: torch.Size([32])
Values: Parameter containing:
tensor([-0.1144, -0.0048,  0.0707, -0.0621, -0.0019, -0.0976,  0.0707,  0.1289,
        -0.0362, -0.0296, -0.0048,  0.0711,  0.1363,  0.0660,  0.0268,  0.1024,
        -0.0828,  0.0056,  0.0685,  0.0213, -0.0598, -0.0694, -0.0268, -0.0185,
        -0.0837,  0.1620,  0.1370,  0.0286, -0.0799, -0.1840,  0.0562, -0.0133],
       device='cuda:0', requires_grad=True)

Parameter name: road_linear_1.weight
Shape: torch.Size([1, 32])
Values: Parameter containing:
tensor([[ 0.2582,  0.3408, -0.2611, -0.2776,  0.3392,  0.3901, -0.3136, -0.4146,
         -0.3232,  0.3885,  0.2811,  0.4113, -0.2802, -0.4280,  0.3296, -0.2959,
         -0.3343,  0.3555, -0.2544, -0.2819,  0.4288,  0.3111, -0.3945, -0.4055,
         -0.3605, -0.3659, -0.3474,  0.3794, -0.3738,  0.4142,  0.3133, -0.2577]],
       device='cuda:0', requires_grad=True)

Parameter name: linear_0.weight
Shape: torch.Size([32, 39])
Values: Parameter containing:
tensor([[-0.0645,  0.1405,  0.0919,  ...,  0.1386, -0.2670, -0.1137],
        [-0.1573, -0.0078,  0.1380,  ...,  0.0706, -0.3022,  0.0871],
        [ 0.0484, -0.0700,  0.0203,  ...,  0.0532,  0.2485,  0.0345],
        ...,
        [ 0.1588, -0.1912, -0.0332,  ..., -0.1958,  0.0121, -0.1180],
        [ 0.1384, -0.2500, -0.0789,  ..., -0.2397,  0.1282,  0.1557],
        [-0.2359,  0.1933,  0.0877,  ...,  0.0620, -0.2561, -0.0509]],
       device='cuda:0', requires_grad=True)

Parameter name: linear_0.bias
Shape: torch.Size([32])
Values: Parameter containing:
tensor([ 5.2845e-02,  4.2004e-02, -7.0735e-02, -1.4161e-01, -7.5187e-02,
         6.0614e-02, -1.0116e-01,  4.3427e-02, -4.0373e-02,  5.6648e-02,
         7.2322e-03,  1.3317e-02, -2.3752e-02,  9.0168e-02, -4.3892e-02,
         9.3813e-05,  4.8256e-02, -1.6000e-01, -3.2891e-02,  7.1117e-02,
        -6.5229e-02,  2.4958e-02,  1.1648e-01,  1.5491e-02, -9.5864e-02,
         1.0864e-01,  5.6847e-02, -1.1947e-01,  3.9219e-02,  1.7543e-01,
         1.7335e-01, -1.1772e-01], device='cuda:0', requires_grad=True)

Parameter name: linear_1.weight
Shape: torch.Size([32, 32])
Values: Parameter containing:
tensor([[ 0.0787, -0.1701, -0.0957,  ...,  0.0660, -0.0303,  0.0513],
        [-0.1991, -0.0214,  0.1032,  ...,  0.1670, -0.0123,  0.0316],
        [ 0.1244, -0.0506, -0.1672,  ..., -0.1587, -0.0051,  0.1966],
        ...,
        [ 0.1233,  0.0790,  0.0884,  ...,  0.0530, -0.2079,  0.2819],
        [ 0.0128, -0.1389,  0.0427,  ...,  0.2574,  0.2172, -0.1689],
        [ 0.0077, -0.1065,  0.2112,  ...,  0.2445,  0.1389, -0.0672]],
       device='cuda:0', requires_grad=True)

Parameter name: linear_1.bias
Shape: torch.Size([32])
Values: Parameter containing:
tensor([ 0.1140,  0.1624, -0.0535, -0.1156,  0.0200, -0.0223, -0.0748, -0.0091,
         0.1573, -0.1649,  0.1134, -0.1118,  0.1972,  0.0669, -0.1185,  0.1443,
        -0.1399, -0.1717,  0.0479,  0.0330, -0.0371,  0.0807, -0.2219,  0.2022,
        -0.0157, -0.0188,  0.0729, -0.0046, -0.1615, -0.0826,  0.1362,  0.0337],
       device='cuda:0', requires_grad=True)

Parameter name: linear_2.weight
Shape: torch.Size([1, 32])
Values: Parameter containing:
tensor([[ 0.3527,  0.2713, -0.3249, -0.3267,  0.1690,  0.1885, -0.2416,  0.2024,
          0.2626, -0.2865, -0.2169,  0.2343,  0.2345,  0.2159,  0.2680,  0.2511,
         -0.3519, -0.3547,  0.2020,  0.2068, -0.2759, -0.2521, -0.3457,  0.2111,
          0.2939,  0.3557, -0.3272,  0.3149, -0.2535, -0.3432,  0.3026,  0.3355]],
       device='cuda:0', requires_grad=True)

Parameter name: linear_2.bias
Shape: torch.Size([1])
Values: Parameter containing:
tensor([0.1520], device='cuda:0', requires_grad=True)

