Parameter name: road_linear_0.weight
Shape: torch.Size([32, 16])
Values: Parameter containing:
tensor([[ 7.0645e-03,  3.8600e-01,  3.0059e-01, -3.0008e-01, -1.9677e-01,
         -1.5336e-01, -1.0654e-01, -4.1928e-01, -3.3934e-01, -7.9537e-02,
         -1.5180e-02,  2.2290e-01, -3.5209e-01, -8.5991e-02, -7.1965e-02,
          3.9218e-01],
        [-2.4967e-01, -3.7413e-01, -9.0374e-02, -3.7484e-02, -2.4252e-02,
          2.5011e-01,  1.8021e-01,  1.8457e-01,  4.9754e-01,  1.3650e-01,
          2.8438e-01, -2.8406e-01,  3.9601e-01, -6.9020e-03,  3.7136e-01,
         -8.9992e-02],
        [ 1.1035e-01,  2.9197e-01,  3.9032e-01, -1.1372e-01, -1.2148e-01,
         -3.4856e-01, -1.3264e-01, -4.8898e-01, -1.5533e-01, -1.0116e-01,
         -1.5273e-01,  4.2465e-03, -3.8773e-02,  3.4096e-01, -7.0736e-02,
          3.0131e-01],
        [ 2.8601e-01,  1.0246e-01,  8.5216e-02, -5.6601e-02, -7.0826e-02,
         -2.1999e-01, -1.9620e-01, -1.5081e-01, -5.4818e-01, -4.2843e-01,
         -2.0190e-01,  4.1380e-01, -1.1668e-01, -1.3839e-01, -2.4442e-01,
          1.7942e-01],
        [-1.0310e-01,  4.6264e-02, -1.6599e-01, -4.7413e-02,  1.7716e-01,
          9.7915e-02,  7.1286e-02,  3.6399e-01,  2.5843e-01,  3.0957e-01,
          3.3834e-01, -2.0074e-01,  3.6851e-01, -2.1614e-01,  3.3204e-01,
         -1.7718e-01],
        [-3.5956e-02,  6.5348e-02, -3.7547e-01,  3.9966e-01,  3.8030e-01,
          3.2815e-03,  3.2524e-01,  3.9378e-02,  4.0326e-01,  2.4748e-01,
         -7.6977e-02, -1.5206e-01,  1.8098e-01,  1.2347e-01,  4.8945e-01,
         -1.1709e-01],
        [ 3.6733e-01,  2.3393e-01,  3.9682e-01, -1.5984e-01, -5.7435e-02,
         -2.0571e-01, -2.0447e-01, -2.5877e-01, -3.6401e-01, -3.0460e-02,
         -3.1451e-02,  8.2273e-02, -3.9120e-01,  1.8161e-01, -3.3059e-01,
          1.6263e-01],
        [-5.2284e-02,  3.5705e-01,  3.5875e-01, -3.4623e-01, -3.5658e-01,
         -2.9987e-01, -1.2670e-01, -2.9703e-01, -3.1052e-01, -2.3325e-01,
         -8.7976e-02,  6.3211e-02, -7.6256e-02, -1.0912e-01, -1.6165e-01,
          3.7635e-01],
        [ 4.1414e-02,  3.5495e-01,  3.0233e-01, -2.3139e-01, -5.9448e-02,
         -3.4668e-01, -1.8581e-01, -1.2060e-01, -5.8103e-02, -3.2426e-01,
         -2.7816e-01,  7.4880e-02, -4.5268e-01,  1.5226e-01, -3.3336e-01,
          1.1687e-01],
        [-3.1469e-01, -1.6273e-01, -1.1309e-01, -1.5242e-02,  1.1083e-01,
          1.8128e-01,  1.0849e-01,  2.9594e-01,  4.0242e-01,  2.9630e-02,
          3.6288e-01, -6.0576e-02,  1.6655e-01, -8.9620e-02,  2.5251e-01,
         -2.3928e-01],
        [-3.7718e-01,  2.5992e-02, -7.1969e-02, -4.3584e-02, -1.8696e-02,
          4.5203e-01,  2.8906e-01,  1.8555e-01,  4.8768e-01,  2.8600e-01,
          2.1854e-01, -5.0347e-02,  2.4117e-01,  1.1741e-01,  6.1441e-02,
         -3.6648e-01],
        [-1.5369e-01, -2.0634e-01, -4.3564e-02,  9.1665e-02,  2.0419e-01,
          1.4421e-01,  4.2327e-01,  1.9571e-01,  2.8746e-01,  3.7982e-01,
          4.0864e-01,  2.0939e-02, -2.1115e-02, -2.6624e-01,  8.5641e-02,
         -2.4938e-01],
        [ 3.3984e-01,  2.7685e-01,  1.5799e-01, -1.4490e-01, -1.1112e-01,
          1.8583e-02, -1.1141e-01, -3.6207e-01, -4.4118e-01, -1.1902e-01,
         -1.6429e-01,  7.0441e-02, -4.8179e-01,  1.3375e-01, -2.8307e-01,
          5.4491e-02],
        [ 2.1514e-01,  3.9753e-01,  3.6881e-01,  1.4569e-03, -3.1971e-01,
         -2.3592e-02, -6.1986e-02, -9.4356e-02, -3.1270e-01, -1.7736e-01,
         -2.7437e-01,  1.3083e-01, -2.3251e-01,  4.9597e-02, -3.6690e-01,
          2.5893e-01],
        [-3.8259e-01, -3.4525e-01, -6.6759e-02, -5.2428e-02,  3.7838e-01,
          4.0671e-01,  1.3322e-01,  1.5223e-01,  8.0537e-02,  1.9928e-01,
          1.8274e-01, -3.4123e-01,  2.9246e-01, -9.6217e-02,  1.0152e-01,
         -1.8481e-01],
        [-3.8636e-02, -2.4676e-02,  1.9329e-01,  1.1948e-01, -3.8943e-01,
         -7.1532e-02, -2.6955e-01, -4.2788e-01, -4.3450e-01, -1.0971e-01,
         -1.2737e-01,  5.2758e-01, -4.0646e-01, -5.2426e-02, -3.8805e-02,
          1.2928e-01],
        [ 3.3846e-01,  3.2832e-01,  2.1548e-01, -3.5371e-01, -3.9083e-01,
         -5.9238e-02, -1.4667e-01, -4.7775e-02, -4.9549e-01, -2.1724e-01,
          7.5767e-02,  3.3325e-01,  1.2142e-03,  2.9781e-01, -1.9083e-01,
          1.2599e-02],
        [-2.9955e-01, -4.7943e-02, -2.4238e-01,  1.2385e-01,  1.4386e-01,
          3.0752e-01,  3.1574e-01,  3.0817e-01,  2.4991e-01,  2.9967e-01,
         -2.3421e-03, -2.7527e-01,  1.4263e-01, -1.9232e-01,  3.2546e-01,
         -1.9214e-01],
        [ 2.3581e-01,  1.4190e-01,  1.3610e-01, -2.5339e-01, -2.2650e-01,
         -3.7358e-01, -3.5866e-01, -2.8864e-02, -5.9759e-01, -1.2853e-01,
         -1.0341e-01, -2.9471e-02, -1.9855e-01,  2.7468e-01, -9.8911e-02,
          2.1712e-01],
        [ 3.7581e-01,  1.7098e-01,  2.6759e-01, -7.3602e-02, -3.1155e-01,
         -2.2819e-01, -3.8406e-01,  6.2387e-03, -1.5622e-01, -2.9045e-01,
         -1.5932e-01,  2.6550e-01, -4.3482e-01,  8.7897e-02,  6.4366e-03,
          2.1942e-01],
        [-1.9535e-01,  1.3002e-02, -5.3152e-02, -8.2812e-02,  2.9896e-01,
         -1.3421e-02,  3.4283e-01,  4.1663e-01,  3.0117e-01,  9.6942e-02,
          2.0375e-03, -3.2112e-01,  1.6595e-01, -1.9426e-01,  4.3938e-01,
         -2.8136e-01],
        [-9.6492e-02, -4.1306e-01, -6.2750e-02,  3.8882e-01,  4.0788e-03,
          1.2358e-01,  3.0614e-01, -1.9165e-02,  1.4879e-01,  2.9201e-01,
          4.0325e-01, -2.9811e-01,  2.3145e-01, -3.7346e-01, -1.7579e-02,
          1.2789e-02],
        [ 3.7017e-01,  6.9276e-02,  5.2562e-02, -1.5109e-01, -2.5390e-03,
         -3.9951e-01, -3.2136e-01, -2.5331e-01, -3.5483e-01, -1.7186e-01,
          6.5027e-02,  2.3491e-01, -4.2168e-01,  2.9920e-01,  6.2505e-02,
          2.4163e-01],
        [ 2.5957e-01,  2.2259e-01,  3.3862e-01, -3.5291e-01, -2.3785e-01,
         -1.7049e-01, -1.9952e-01, -3.0616e-01, -4.5196e-01, -3.3642e-01,
         -1.2272e-01,  3.6328e-01, -8.7446e-03,  1.0743e-01, -2.1137e-01,
          4.1604e-02],
        [ 2.4080e-01, -5.1351e-02,  1.8336e-01, -1.1236e-01,  1.9126e-02,
         -2.9658e-01, -2.3588e-02, -2.5361e-01, -5.3331e-01,  1.3199e-02,
          4.9339e-02,  7.2737e-02, -4.2051e-01,  2.5501e-01, -3.9353e-01,
          3.8709e-01],
        [ 5.6811e-02,  7.3257e-02,  9.0957e-02,  9.3354e-02, -2.4205e-01,
         -2.2426e-01, -6.2621e-02, -3.8645e-01, -2.9019e-01, -3.7875e-01,
         -3.5733e-01,  1.5920e-01, -2.0162e-01,  2.9961e-01, -4.3974e-01,
          1.0900e-01],
        [ 2.3710e-01,  2.5091e-01,  3.0960e-01, -3.4469e-01, -1.9312e-01,
         -1.0456e-01, -3.9942e-01, -5.2959e-02, -5.0664e-01, -1.9833e-02,
         -5.2128e-02,  1.1635e-01, -1.1926e-01,  2.9587e-01,  5.6115e-02,
          3.2777e-01],
        [-3.3770e-01, -1.0092e-01,  5.3096e-03,  2.0301e-01,  3.2643e-01,
          3.4689e-02,  4.1101e-01,  2.0126e-01,  5.8019e-02,  1.2908e-01,
          3.7683e-01, -3.0168e-01,  1.7809e-01, -2.1696e-01,  3.5351e-02,
         -1.5191e-01],
        [ 3.2414e-01,  1.9153e-01,  1.5067e-01, -1.3285e-01, -3.2220e-01,
         -2.9938e-01, -1.9220e-01, -3.8103e-01, -1.3737e-01, -1.3868e-01,
         -9.9571e-02,  1.7590e-01, -5.8970e-04,  3.2232e-01, -4.4883e-02,
          3.0280e-01],
        [-2.6918e-01, -2.8174e-02, -3.0997e-01,  2.2989e-01, -7.4145e-02,
          1.4771e-01,  3.5433e-01,  3.2804e-01,  4.5462e-01,  2.4233e-01,
          2.1567e-01, -1.0297e-01,  3.5798e-01,  8.7495e-02,  1.6684e-01,
         -2.3791e-01],
        [-3.1145e-01, -2.3115e-01, -6.1055e-02,  2.1058e-02,  2.2373e-01,
          4.0794e-01,  4.3473e-01,  2.4671e-02,  3.6149e-01,  3.5752e-01,
         -9.0481e-02, -5.7781e-02,  6.9958e-02, -2.9034e-01,  7.6494e-02,
         -2.8894e-01],
        [ 4.4994e-02,  2.1106e-01,  2.3154e-01, -1.0620e-02,  1.1223e-02,
         -3.1440e-01, -4.2872e-01, -3.9741e-01, -4.4966e-01, -2.7383e-01,
         -1.8582e-02,  1.0988e-02, -3.9115e-01,  2.3828e-01, -2.8304e-01,
          1.9835e-01]], device='cuda:0', requires_grad=True)

Parameter name: road_linear_0.bias
Shape: torch.Size([32])
Values: Parameter containing:
tensor([-0.0812, -0.0252, -0.0441, -0.0243,  0.0013, -0.2285,  0.0866,  0.1062,
        -0.0733, -0.0018,  0.0373,  0.0871,  0.1326,  0.0589,  0.0724,  0.0101,
        -0.0409, -0.0379,  0.0658, -0.0439, -0.1162, -0.0377, -0.0334,  0.0292,
        -0.0378,  0.1362,  0.1338,  0.0574, -0.1180, -0.1847,  0.0388,  0.0281],
       device='cuda:0', requires_grad=True)

Parameter name: road_linear_1.weight
Shape: torch.Size([1, 32])
Values: Parameter containing:
tensor([[-0.2736,  0.3688, -0.2858, -0.3182,  0.3694,  0.4428, -0.3257, -0.4133,
         -0.3657,  0.4182,  0.3265,  0.4345, -0.3271, -0.4431,  0.3308, -0.3774,
         -0.3739,  0.3751, -0.2941, -0.2773,  0.4795,  0.3731, -0.4192, -0.4122,
         -0.3868, -0.3960, -0.3634,  0.4000, -0.3954,  0.4232,  0.3566, -0.2869]],
       device='cuda:0', requires_grad=True)

Parameter name: linear_0.weight
Shape: torch.Size([32, 39])
Values: Parameter containing:
tensor([[-0.0125,  0.1728,  0.0593,  ...,  0.2074, -0.3343, -0.1137],
        [-0.0571, -0.0662,  0.1184,  ...,  0.1022, -0.3042,  0.0871],
        [-0.1290,  0.2490,  0.0803,  ...,  0.2144, -0.0346,  0.0345],
        ...,
        [ 0.0870, -0.1278, -0.0377,  ..., -0.1680, -0.0042, -0.1180],
        [ 0.0260, -0.1972, -0.0376,  ..., -0.2631,  0.1090,  0.1557],
        [-0.1671,  0.1435,  0.0449,  ...,  0.0754, -0.2718, -0.0509]],
       device='cuda:0', requires_grad=True)

Parameter name: linear_0.bias
Shape: torch.Size([32])
Values: Parameter containing:
tensor([ 0.0604,  0.0278, -0.0856, -0.1562, -0.0827, -0.0101, -0.0997,  0.0456,
        -0.0360,  0.0578,  0.0338, -0.0107,  0.0211,  0.1035, -0.0409, -0.0212,
         0.0537, -0.1679,  0.0089,  0.0840, -0.0650,  0.0151,  0.1115,  0.0260,
        -0.1084,  0.0990,  0.0454, -0.1082,  0.0514,  0.2087,  0.1699, -0.1267],
       device='cuda:0', requires_grad=True)

Parameter name: linear_1.weight
Shape: torch.Size([32, 32])
Values: Parameter containing:
tensor([[ 0.0445, -0.1662, -0.1931,  ...,  0.0368, -0.0407,  0.0676],
        [-0.2206, -0.0214, -0.0179,  ...,  0.1434, -0.0214,  0.0508],
        [ 0.1557, -0.0443, -0.0344,  ..., -0.1453, -0.0044,  0.1879],
        ...,
        [ 0.1750,  0.0477,  0.2447,  ...,  0.1156, -0.1734,  0.2488],
        [-0.0121, -0.1522, -0.0371,  ...,  0.2533,  0.2286, -0.1782],
        [-0.0007, -0.1203,  0.1338,  ...,  0.2318,  0.1371, -0.0451]],
       device='cuda:0', requires_grad=True)

Parameter name: linear_1.bias
Shape: torch.Size([32])
Values: Parameter containing:
tensor([ 0.1007,  0.1512, -0.0487, -0.1092, -0.0979, -0.1818, -0.0752, -0.0168,
         0.1517, -0.1819,  0.1413, -0.1344,  0.2086,  0.1056, -0.0985,  0.1364,
        -0.1295, -0.1886,  0.0844,  0.0149, -0.0238,  0.0698, -0.2061,  0.2289,
        -0.0388, -0.0173,  0.0751, -0.0492, -0.1630, -0.0478,  0.1343,  0.0380],
       device='cuda:0', requires_grad=True)

Parameter name: linear_2.weight
Shape: torch.Size([1, 32])
Values: Parameter containing:
tensor([[ 0.4522,  0.3772, -0.4207, -0.4486, -0.3119, -0.3016, -0.3588,  0.3364,
          0.3455, -0.3626, -0.3280,  0.3409,  0.3444,  0.2976,  0.3636,  0.3429,
         -0.4436, -0.4447,  0.3001,  0.3525, -0.4074, -0.3536, -0.4588,  0.2920,
          0.4210,  0.4696, -0.4242,  0.4492, -0.3590, -0.4511,  0.4116,  0.4513]],
       device='cuda:0', requires_grad=True)

Parameter name: linear_2.bias
Shape: torch.Size([1])
Values: Parameter containing:
tensor([0.1871], device='cuda:0', requires_grad=True)

Parameter name: road_linear_0.weight
Shape: torch.Size([32, 16])
Values: Parameter containing:
tensor([[ 3.1164e-02,  2.9513e-01,  3.1594e-01, -3.4751e-01, -7.9255e-02,
         -2.0296e-01, -1.1794e-01, -4.5388e-01, -1.9375e-01, -6.0288e-02,
          3.6808e-02,  2.0823e-01,  1.0388e-01, -6.3940e-02,  4.1493e-01,
          3.2487e-01],
        [-3.0318e-01, -2.8678e-01, -1.3292e-01,  2.6930e-02, -1.0507e-01,
          3.1871e-01,  2.4353e-01,  2.3603e-01,  4.2952e-01,  1.2527e-01,
          2.1368e-01, -3.1344e-01, -5.2597e-02, -4.6179e-02, -9.9181e-02,
         -5.7410e-02],
        [ 1.0419e-01,  1.8699e-01,  3.8504e-01, -1.2851e-01,  9.0751e-02,
         -3.8565e-01, -1.0536e-01, -4.6760e-01,  4.5169e-02, -4.8344e-02,
         -8.1390e-02, -3.4848e-02,  4.3332e-01,  2.8999e-01,  5.1633e-01,
          2.2128e-01],
        [ 3.0522e-01,  1.2766e-02,  9.8654e-02, -9.1787e-02,  4.5772e-02,
         -2.4957e-01, -2.1294e-01, -1.5576e-01, -4.2332e-01, -3.8012e-01,
         -9.3485e-02,  3.9734e-01,  3.2710e-01, -1.3993e-01,  2.2427e-01,
          1.2191e-01],
        [-1.6120e-01,  1.7762e-01, -2.0364e-01,  2.2926e-02,  1.1872e-01,
          1.7643e-01,  1.3669e-01,  4.2946e-01,  2.0446e-01,  2.8782e-01,
          2.1699e-01, -2.4610e-01, -1.1807e-01, -2.4092e-01, -2.1320e-01,
         -1.0976e-01],
        [-5.2123e-02,  1.9987e-01, -3.8461e-01,  4.3452e-01,  2.2499e-01,
          4.4189e-02,  3.2431e-01,  5.0213e-02,  2.9847e-01,  2.0133e-01,
         -1.6253e-01, -1.5460e-01, -3.1398e-01,  1.1830e-01, -6.6611e-02,
         -4.5537e-02],
        [ 4.0494e-01,  1.4560e-01,  4.2498e-01, -2.0120e-01,  7.5333e-02,
         -2.6860e-01, -2.5239e-01, -3.0000e-01, -2.6956e-01, -4.2497e-03,
         -5.1972e-03,  1.0009e-01,  1.0242e-02,  2.1284e-01,  6.8044e-02,
          1.2705e-01],
        [-3.7396e-02,  2.6516e-01,  3.6727e-01, -3.5959e-01, -1.9338e-01,
         -3.4376e-01, -1.4127e-01, -2.9891e-01, -1.9293e-01, -1.9376e-01,
         -5.9687e-02,  4.8922e-02,  2.9127e-01, -9.7937e-02,  2.2566e-01,
          3.3615e-01],
        [ 8.2196e-02,  2.4597e-01,  3.2736e-01, -2.8064e-01, -3.4123e-02,
         -4.1339e-01, -2.3311e-01, -1.8850e-01,  6.4366e-03, -2.9546e-01,
         -1.0051e-01,  1.2776e-01, -2.3153e-02,  1.2105e-01,  1.1426e-01,
          6.2523e-02],
        [-3.3970e-01, -3.2078e-02, -1.2582e-01,  2.1326e-02,  1.7150e-02,
          2.2943e-01,  1.2740e-01,  3.2342e-01,  3.0591e-01, -1.3402e-02,
          2.2909e-01, -6.9451e-02, -3.1801e-01, -7.5186e-02, -2.9725e-01,
         -1.6310e-01],
        [-3.8028e-01,  1.2732e-01, -6.9333e-02, -3.0584e-02, -1.2714e-01,
          4.7091e-01,  2.8923e-01,  1.7312e-01,  3.4794e-01,  2.2381e-01,
          6.0222e-02, -1.8531e-02, -2.0104e-01,  1.4822e-01, -4.7493e-01,
         -2.9214e-01],
        [-1.6439e-01, -8.7123e-02, -3.9698e-02,  1.0787e-01,  1.7281e-01,
          1.7750e-01,  4.4274e-01,  2.3105e-01,  1.9427e-01,  3.1976e-01,
          1.4171e-01,  7.0228e-03, -4.5114e-01, -1.7628e-01, -3.5491e-01,
         -1.6078e-01],
        [ 4.0080e-01,  1.6045e-01,  2.0525e-01, -2.1727e-01,  1.5766e-02,
         -7.0445e-02, -1.7862e-01, -4.1146e-01, -3.7206e-01, -1.0602e-01,
         -1.0893e-01,  8.9590e-02,  3.1132e-02,  1.9944e-01,  2.9226e-01,
         -1.2949e-03],
        [ 2.6320e-01,  3.0524e-01,  4.0459e-01, -4.9568e-02, -2.3683e-01,
         -9.5933e-02, -1.2416e-01, -1.5659e-01, -2.5761e-01, -1.6591e-01,
         -2.0513e-01,  1.7275e-01,  1.8924e-01,  7.1960e-02,  5.8653e-02,
          2.2875e-01],
        [-4.1162e-01, -2.5202e-01, -8.7390e-02, -2.3847e-02,  2.5429e-01,
          4.6670e-01,  1.6346e-01,  1.7839e-01, -1.9740e-02,  1.6768e-01,
          1.1994e-01, -3.4684e-01, -1.2889e-01, -1.1045e-01, -3.6689e-01,
         -1.4037e-01],
        [-2.9468e-02, -2.4169e-01,  1.8343e-01,  4.4046e-02, -2.9194e-01,
         -8.3100e-02, -2.1648e-01, -3.9839e-01, -2.4568e-01, -3.5884e-03,
          3.9649e-02,  5.3388e-01,  2.2467e-01, -5.3969e-02,  5.8844e-01,
         -9.3799e-03],
        [ 3.4104e-01,  2.1572e-01,  2.1039e-01, -3.6408e-01, -2.6932e-01,
         -8.6506e-02, -1.5745e-01, -6.7143e-02, -3.7695e-01, -1.6074e-01,
          1.6014e-01,  3.2562e-01,  3.8831e-01,  2.5958e-01,  1.9837e-01,
         -5.6120e-02],
        [-3.2171e-01,  3.0080e-02, -2.5760e-01,  1.5029e-01,  3.6750e-02,
          3.4790e-01,  3.4514e-01,  3.2783e-01,  1.4501e-01,  2.6361e-01,
         -4.9836e-02, -2.7396e-01, -2.0332e-01, -2.0693e-01, -2.4066e-02,
         -1.5437e-01],
        [ 2.5017e-01,  6.8303e-02,  1.5362e-01, -2.9517e-01, -5.9533e-02,
         -4.1773e-01, -3.4413e-01, -2.6325e-02, -3.9546e-01, -9.6401e-02,
         -2.8186e-02, -5.2219e-02,  2.3173e-01,  2.2944e-01,  4.4728e-01,
          1.6003e-01],
        [ 3.9818e-01,  7.9517e-02,  2.7794e-01, -9.9366e-02, -2.2211e-01,
         -2.7897e-01, -4.1379e-01, -2.5645e-02, -4.9122e-02, -2.4697e-01,
         -5.6811e-02,  2.7891e-01, -3.4531e-02,  8.4367e-02,  4.1299e-01,
          1.6543e-01],
        [-2.3331e-01,  1.2956e-01, -7.7463e-02, -2.6220e-02,  2.1232e-01,
          4.0108e-02,  3.7648e-01,  4.6192e-01,  2.3833e-01,  7.3438e-02,
         -8.8551e-02, -3.6011e-01, -2.7148e-01, -2.2646e-01, -5.9343e-02,
         -2.3240e-01],
        [-9.7237e-02, -2.8239e-01, -5.4881e-02,  3.9286e-01, -9.3049e-02,
          1.6068e-01,  2.9555e-01, -2.0752e-03,  3.1187e-02,  2.2959e-01,
          2.3831e-01, -2.9813e-01, -1.9951e-01, -3.1661e-01, -5.3686e-01,
          9.5947e-02],
        [ 3.8027e-01, -1.7498e-02,  5.5884e-02, -1.6107e-01,  1.1413e-01,
         -4.2933e-01, -3.3912e-01, -2.5783e-01, -2.3654e-01, -1.2610e-01,
          1.2786e-01,  2.2251e-01, -7.8435e-02,  2.9157e-01,  4.4378e-01,
          1.9394e-01],
        [ 2.7568e-01,  1.5252e-01,  3.4650e-01, -3.7168e-01, -1.3006e-01,
         -2.0429e-01, -2.2806e-01, -3.1243e-01, -3.4555e-01, -2.9911e-01,
         -9.4576e-02,  3.5461e-01,  2.8413e-01,  1.2857e-01,  6.2465e-02,
          1.0337e-02],
        [ 2.6404e-01, -1.9682e-01,  1.9941e-01, -1.6385e-01,  1.1403e-01,
         -3.3648e-01, -4.1811e-02, -2.8143e-01, -4.1097e-01,  6.9390e-02,
          1.9390e-01,  7.5705e-02,  1.1349e-01,  2.2967e-01,  1.9326e-01,
          2.9361e-01],
        [ 1.1035e-01, -3.5363e-02,  1.3436e-01,  3.0068e-02, -1.3765e-01,
         -3.0839e-01, -1.1662e-01, -4.3577e-01, -2.2576e-01, -3.6425e-01,
         -2.8253e-01,  1.9222e-01,  2.5990e-01,  3.5159e-01,  9.3728e-02,
          6.4371e-02],
        [ 2.3231e-01,  1.5264e-01,  2.9915e-01, -3.4300e-01, -5.0837e-02,
         -1.2831e-01, -4.0179e-01, -4.7436e-02, -3.6431e-01,  3.9519e-02,
          1.6544e-02,  9.4972e-02,  2.3167e-01,  2.7308e-01,  4.2694e-01,
          2.6719e-01],
        [-3.5581e-01,  1.1876e-02,  2.6204e-04,  2.2420e-01,  2.5322e-01,
          7.6077e-02,  4.2957e-01,  2.2983e-01, -3.8692e-02,  8.1838e-02,
          2.1022e-01, -3.0775e-01, -2.5473e-01, -1.8222e-01, -4.3636e-01,
         -7.9131e-02],
        [ 3.2949e-01,  9.6480e-02,  1.4854e-01, -1.3741e-01, -2.2925e-01,
         -3.3060e-01, -1.9781e-01, -3.9059e-01, -1.9499e-02, -8.8979e-02,
          1.0499e-02,  1.6474e-01,  3.4839e-01,  2.9239e-01,  3.6958e-01,
          2.4293e-01],
        [-2.9268e-01,  4.7525e-02, -3.2671e-01,  2.5712e-01, -1.9402e-01,
          1.8902e-01,  3.8445e-01,  3.3875e-01,  3.5119e-01,  2.1061e-01,
          1.7706e-01, -9.9530e-02,  1.5177e-02,  6.0241e-02, -1.6944e-01,
         -2.0617e-01],
        [-3.0741e-01, -1.2306e-01, -5.0418e-02,  2.3260e-02,  1.0733e-01,
          4.2713e-01,  4.3707e-01,  2.8204e-02,  2.2693e-01,  2.9162e-01,
         -2.0647e-01, -4.0405e-02, -3.2644e-01, -2.3975e-01, -3.7641e-01,
         -2.1470e-01],
        [ 9.4999e-02,  1.4764e-01,  2.7350e-01, -8.2930e-02,  1.2419e-01,
         -3.7664e-01, -4.8233e-01, -4.4075e-01, -3.1836e-01, -2.6392e-01,
          4.5345e-02,  3.3342e-02,  3.2743e-02,  2.4135e-01,  1.3767e-01,
          1.7005e-01]], device='cuda:0', requires_grad=True)

Parameter name: road_linear_0.bias
Shape: torch.Size([32])
Values: Parameter containing:
tensor([-7.9824e-02, -7.8108e-02,  2.0650e-01, -7.7235e-03, -1.1332e-01,
        -7.0005e-02,  9.9462e-02,  8.4902e-02,  1.2754e-03, -7.9155e-02,
        -4.3583e-02,  2.6362e-02,  1.4880e-01,  1.2749e-01, -3.4026e-02,
        -3.0925e-02, -1.0157e-01, -4.9147e-05,  1.4068e-01,  3.7329e-02,
        -2.9132e-02, -2.0676e-01,  5.9334e-03, -3.5490e-02,  1.8625e-02,
         2.4852e-01,  1.4750e-01,  2.1103e-05, -3.2446e-02, -1.6464e-01,
        -1.5111e-02,  5.8400e-02], device='cuda:0', requires_grad=True)

Parameter name: road_linear_1.weight
Shape: torch.Size([1, 32])
Values: Parameter containing:
tensor([[-0.2457,  0.3439, -0.2614, -0.2993,  0.3805,  0.4056, -0.3040, -0.4033,
         -0.3288,  0.4026,  0.3071,  0.4303, -0.3040, -0.4100,  0.3425, -0.3167,
         -0.3352,  0.3686, -0.2610, -0.2749,  0.4567,  0.3992, -0.4083, -0.4031,
         -0.3538, -0.3882, -0.3469,  0.4154, -0.4051,  0.4120,  0.3335, -0.2673]],
       device='cuda:0', requires_grad=True)

Parameter name: linear_0.weight
Shape: torch.Size([32, 39])
Values: Parameter containing:
tensor([[-0.0110,  0.0009,  0.0247,  ...,  0.2112, -0.3995, -0.1137],
        [-0.0806, -0.1843,  0.0808,  ...,  0.1485, -0.3629,  0.0871],
        [-0.0554,  0.1519,  0.0942,  ...,  0.0055,  0.2803,  0.0345],
        ...,
        [ 0.0423, -0.1513,  0.0111,  ...,  0.0704, -0.3316, -0.1180],
        [ 0.0301, -0.0793,  0.0125,  ..., -0.3113,  0.1606,  0.1557],
        [-0.0855,  0.1567,  0.0138,  ..., -0.1757,  0.1190, -0.0509]],
       device='cuda:0', requires_grad=True)

Parameter name: linear_0.bias
Shape: torch.Size([32])
Values: Parameter containing:
tensor([ 0.0506,  0.0549, -0.0948, -0.1208, -0.0563,  0.0465, -0.1310,  0.0618,
        -0.0453,  0.0928,  0.0365,  0.0046,  0.0101,  0.0636, -0.0778, -0.0192,
         0.0455, -0.1417, -0.0331, -0.0144, -0.1081,  0.0525,  0.0812, -0.0071,
        -0.0854,  0.0672,  0.0247, -0.0953,  0.0639,  0.1477,  0.1311, -0.0661],
       device='cuda:0', requires_grad=True)

Parameter name: linear_1.weight
Shape: torch.Size([32, 32])
Values: Parameter containing:
tensor([[ 0.0211, -0.2088, -0.0702,  ..., -0.1589, -0.0027,  0.2751],
        [-0.2560, -0.0556,  0.1118,  ..., -0.0889,  0.0056,  0.2823],
        [ 0.1809, -0.0061, -0.1885,  ...,  0.1003, -0.0380, -0.0803],
        ...,
        [ 0.1678,  0.1234,  0.0710,  ...,  0.2817, -0.2378,  0.0450],
        [-0.0721, -0.1884,  0.0890,  ..., -0.0169,  0.2621,  0.1002],
        [-0.0344, -0.1323,  0.2202,  ...,  0.0334,  0.1527,  0.1418]],
       device='cuda:0', requires_grad=True)

Parameter name: linear_1.bias
Shape: torch.Size([32])
Values: Parameter containing:
tensor([ 0.0913,  0.1275, -0.0379, -0.0583, -0.0321, -0.0383, -0.0340, -0.0633,
         0.1115, -0.1803,  0.1246, -0.1335,  0.1665, -0.0214, -0.1441,  0.1098,
        -0.1295, -0.1557,  0.0152, -0.0301,  0.0075,  0.1066, -0.1940,  0.2067,
        -0.0662, -0.0276,  0.0884, -0.0330, -0.1137, -0.0618,  0.1161,  0.0037],
       device='cuda:0', requires_grad=True)

Parameter name: linear_2.weight
Shape: torch.Size([1, 32])
Values: Parameter containing:
tensor([[ 0.6406,  0.5649, -0.6465, -0.6464,  0.4931,  0.5031, -0.5491,  0.5598,
          0.5559, -0.5820, -0.5718,  0.5310,  0.5525, -0.4946,  0.5750,  0.5240,
         -0.6514, -0.6418,  0.5185,  0.5375, -0.6070, -0.5794, -0.6417,  0.4756,
          0.6171,  0.6416, -0.6176,  0.6863, -0.5522, -0.6335,  0.6204,  0.6324]],
       device='cuda:0', requires_grad=True)

Parameter name: linear_2.bias
Shape: torch.Size([1])
Values: Parameter containing:
tensor([0.3501], device='cuda:0', requires_grad=True)

Parameter name: road_linear_0.weight
Shape: torch.Size([32, 16])
Values: Parameter containing:
tensor([[ 0.0312,  0.2944,  0.3154, -0.3473, -0.0799, -0.2031, -0.1180, -0.4545,
         -0.1939, -0.0598,  0.0370,  0.2086,  0.1046, -0.0642,  0.4157,  0.3242],
        [-0.3032, -0.2860, -0.1325,  0.0267, -0.1044,  0.3188,  0.2436,  0.2366,
          0.4297,  0.1248,  0.2134, -0.3138, -0.0533, -0.0458, -0.0998, -0.0568],
        [ 0.1042,  0.1863,  0.3846, -0.1283,  0.0902, -0.3858, -0.1055, -0.4682,
          0.0450, -0.0479, -0.0812, -0.0345,  0.4340,  0.2897,  0.5171,  0.2207],
        [ 0.3052,  0.0120,  0.0982, -0.0915,  0.0452, -0.2497, -0.2130, -0.1563,
         -0.4235, -0.3796, -0.0933,  0.3977,  0.3278, -0.1402,  0.2250,  0.1213],
        [-0.1612,  0.1784, -0.2031,  0.0227,  0.1194,  0.1766,  0.1367,  0.4301,
          0.2046,  0.2873,  0.2167, -0.2465, -0.1188, -0.2406, -0.2139, -0.1091],
        [-0.0521,  0.2006, -0.3842,  0.4343,  0.2256,  0.0442,  0.3243,  0.0507,
          0.2986,  0.2009, -0.1628, -0.1550, -0.3146,  0.1186, -0.0672, -0.0450],
        [ 0.4050,  0.1449,  0.4246, -0.2010,  0.0748, -0.2687, -0.2525, -0.3006,
         -0.2697, -0.0038, -0.0050,  0.1004,  0.0109,  0.2125,  0.0687,  0.1265],
        [-0.0374,  0.2645,  0.3669, -0.3594, -0.1939, -0.3439, -0.1413, -0.2994,
         -0.1931, -0.1934, -0.0595,  0.0492,  0.2919, -0.0982,  0.2262,  0.3357],
        [ 0.0823,  0.2452,  0.3270, -0.2805, -0.0348, -0.4135, -0.2332, -0.1891,
          0.0062, -0.2950, -0.1003,  0.1282, -0.0224,  0.1207,  0.1150,  0.0619],
        [-0.3397, -0.0313, -0.1254,  0.0211,  0.0178,  0.2295,  0.1275,  0.3240,
          0.3061, -0.0139,  0.2288, -0.0699, -0.3187, -0.0749, -0.2979, -0.1625],
        [-0.3803,  0.1281, -0.0689, -0.0308, -0.1266,  0.4711,  0.2893,  0.1737,
          0.3481,  0.2233,  0.0600, -0.0189, -0.2017,  0.1485, -0.4757, -0.2916],
        [-0.1644, -0.0864, -0.0393,  0.1077,  0.1734,  0.1777,  0.4429,  0.2317,
          0.1945,  0.3193,  0.1415,  0.0066, -0.4519, -0.1759, -0.3557, -0.1602],
        [ 0.4008,  0.1597,  0.2047, -0.2170,  0.0151, -0.0706, -0.1787, -0.4121,
         -0.3722, -0.1055, -0.1087,  0.0900,  0.0318,  0.1991,  0.2930, -0.0020],
        [ 0.2632,  0.3045,  0.4043, -0.0494, -0.2375, -0.0960, -0.1242, -0.1572,
         -0.2578, -0.1655, -0.2049,  0.1731,  0.1899,  0.0716,  0.0592,  0.2282],
        [-0.4117, -0.2513, -0.0870, -0.0240,  0.2549,  0.4668,  0.1635,  0.1789,
         -0.0196,  0.1672,  0.1197, -0.3472, -0.1296, -0.1102, -0.3676, -0.1398],
        [-0.0294, -0.2426,  0.1827,  0.0443, -0.2925, -0.0832, -0.2163, -0.3989,
         -0.2456, -0.0030,  0.0394,  0.5343,  0.2255, -0.0540,  0.5895, -0.0101],
        [ 0.3410,  0.2150,  0.2100, -0.3639, -0.2699, -0.0866, -0.1575, -0.0677,
         -0.3771, -0.1603,  0.1604,  0.3260,  0.3890,  0.2593,  0.1990, -0.0567],
        [-0.3217,  0.0307, -0.2572,  0.1501,  0.0373,  0.3480,  0.3452,  0.3283,
          0.1451,  0.2632, -0.0500, -0.2743, -0.2040, -0.2067, -0.0247, -0.1539],
        [ 0.2502,  0.0676,  0.1531, -0.2949, -0.0601, -0.4179, -0.3443, -0.0269,
         -0.3956, -0.0959, -0.0280, -0.0519,  0.2324,  0.2292,  0.4481,  0.1595],
        [ 0.3982,  0.0788,  0.2775, -0.0992, -0.2227, -0.2791, -0.4139, -0.0262,
         -0.0493, -0.2465, -0.0566,  0.2793, -0.0338,  0.0841,  0.4138,  0.1649],
        [-0.2333,  0.1302, -0.0770, -0.0264,  0.2129,  0.0402,  0.3765,  0.4624,
          0.2384,  0.0730, -0.0887, -0.3605, -0.2721, -0.2263, -0.0600, -0.2319],
        [-0.0973, -0.2816, -0.0545,  0.3927, -0.0924,  0.1608,  0.2957, -0.0015,
          0.0314,  0.2291,  0.2381, -0.2985, -0.2002, -0.3163, -0.5376,  0.0965],
        [ 0.3803, -0.0182,  0.0555, -0.1609,  0.1136, -0.4294, -0.3392, -0.2584,
         -0.2367, -0.1257,  0.1280,  0.2228, -0.0778,  0.2913,  0.4444,  0.1935],
        [ 0.2757,  0.1519,  0.3461, -0.3715, -0.1306, -0.2044, -0.2281, -0.3129,
         -0.3457, -0.2987, -0.0944,  0.3549,  0.2848,  0.1283,  0.0631,  0.0099],
        [ 0.2640, -0.1976,  0.1989, -0.1636,  0.1134, -0.3366, -0.0419, -0.2821,
         -0.4112,  0.0699,  0.1942,  0.0761,  0.1142,  0.2293,  0.1940,  0.2930],
        [ 0.1104, -0.0361,  0.1339,  0.0303, -0.1382, -0.3085, -0.1166, -0.4363,
         -0.2259, -0.3638, -0.2823,  0.1926,  0.2605,  0.3513,  0.0944,  0.0638],
        [ 0.2323,  0.1520,  0.2988, -0.3428, -0.0514, -0.1284, -0.4019, -0.0480,
         -0.3645,  0.0399,  0.0167,  0.0953,  0.2323,  0.2728,  0.4276,  0.2667],
        [-0.3558,  0.0126,  0.0007,  0.2240,  0.2538,  0.0762,  0.4296,  0.2304,
         -0.0385,  0.0814,  0.2100, -0.3081, -0.2554, -0.1819, -0.4371, -0.0785],
        [ 0.3295,  0.0958,  0.1482, -0.1372, -0.2298, -0.3307, -0.1979, -0.3911,
         -0.0196, -0.0886,  0.0107,  0.1651,  0.3490,  0.2921,  0.3702,  0.2424],
        [-0.2927,  0.0482, -0.3264,  0.2569, -0.1935,  0.1891,  0.3845,  0.3393,
          0.3513,  0.2102,  0.1769, -0.0998,  0.0146,  0.0605, -0.1700, -0.2057],
        [-0.3075, -0.1224, -0.0500,  0.0231,  0.1079,  0.4273,  0.4372,  0.0287,
          0.2271,  0.2912, -0.2066, -0.0408, -0.3271, -0.2395, -0.3771, -0.2142],
        [ 0.0950,  0.1469,  0.2730, -0.0827,  0.1236, -0.3768, -0.4825, -0.4413,
         -0.3186, -0.2634,  0.0456,  0.0337,  0.0334,  0.2410,  0.1384,  0.1695]],
       device='cuda:0', requires_grad=True)

Parameter name: road_linear_0.bias
Shape: torch.Size([32])
Values: Parameter containing:
tensor([-8.0046e-02, -7.7944e-02,  2.0630e-01, -7.9668e-03, -1.1290e-01,
        -6.9615e-02,  9.9363e-02,  8.4788e-02,  1.1088e-03, -7.8827e-02,
        -4.3337e-02,  2.6497e-02,  1.4856e-01,  1.2743e-01, -3.3800e-02,
        -3.2221e-02, -1.0176e-01,  1.3527e-04,  1.4051e-01,  3.7161e-02,
        -2.8361e-02, -2.0662e-01,  5.7470e-03, -3.5660e-02,  1.8350e-02,
         2.4816e-01,  1.4736e-01,  2.8040e-04, -3.2669e-02, -1.6452e-01,
        -1.4946e-02,  5.8300e-02], device='cuda:0', requires_grad=True)

Parameter name: road_linear_1.weight
Shape: torch.Size([1, 32])
Values: Parameter containing:
tensor([[-0.2457,  0.3439, -0.2615, -0.2995,  0.3808,  0.4058, -0.3039, -0.4032,
         -0.3286,  0.4029,  0.3072,  0.4305, -0.3041, -0.4099,  0.3426, -0.3175,
         -0.3354,  0.3687, -0.2610, -0.2749,  0.4571,  0.3992, -0.4084, -0.4031,
         -0.3540, -0.3884, -0.3469,  0.4158, -0.4052,  0.4119,  0.3335, -0.2672]],
       device='cuda:0', requires_grad=True)

Parameter name: linear_0.weight
Shape: torch.Size([32, 39])
Values: Parameter containing:
tensor([[-0.0110,  0.0009,  0.0247,  ...,  0.2112, -0.3995, -0.1137],
        [-0.0806, -0.1843,  0.0808,  ...,  0.1485, -0.3629,  0.0871],
        [-0.0554,  0.1519,  0.0942,  ...,  0.0055,  0.2803,  0.0345],
        ...,
        [ 0.0423, -0.1513,  0.0111,  ...,  0.0704, -0.3316, -0.1180],
        [ 0.0301, -0.0793,  0.0126,  ..., -0.3113,  0.1606,  0.1557],
        [-0.0855,  0.1567,  0.0138,  ..., -0.1757,  0.1190, -0.0509]],
       device='cuda:0', requires_grad=True)

Parameter name: linear_0.bias
Shape: torch.Size([32])
Values: Parameter containing:
tensor([ 0.0506,  0.0549, -0.0948, -0.1208, -0.0562,  0.0465, -0.1310,  0.0618,
        -0.0453,  0.0928,  0.0365,  0.0046,  0.0101,  0.0636, -0.0778, -0.0192,
         0.0455, -0.1417, -0.0331, -0.0144, -0.1081,  0.0525,  0.0812, -0.0071,
        -0.0854,  0.0672,  0.0247, -0.0953,  0.0639,  0.1477,  0.1311, -0.0661],
       device='cuda:0', requires_grad=True)

Parameter name: linear_1.weight
Shape: torch.Size([32, 32])
Values: Parameter containing:
tensor([[ 0.0211, -0.2088, -0.0702,  ..., -0.1589, -0.0027,  0.2751],
        [-0.2560, -0.0556,  0.1118,  ..., -0.0889,  0.0056,  0.2823],
        [ 0.1809, -0.0061, -0.1885,  ...,  0.1003, -0.0380, -0.0803],
        ...,
        [ 0.1678,  0.1234,  0.0710,  ...,  0.2817, -0.2378,  0.0450],
        [-0.0721, -0.1884,  0.0890,  ..., -0.0169,  0.2621,  0.1002],
        [-0.0344, -0.1323,  0.2202,  ...,  0.0334,  0.1527,  0.1418]],
       device='cuda:0', requires_grad=True)

Parameter name: linear_1.bias
Shape: torch.Size([32])
Values: Parameter containing:
tensor([ 0.0913,  0.1275, -0.0379, -0.0583, -0.0321, -0.0383, -0.0340, -0.0633,
         0.1115, -0.1803,  0.1246, -0.1335,  0.1665, -0.0214, -0.1441,  0.1098,
        -0.1295, -0.1557,  0.0152, -0.0301,  0.0075,  0.1066, -0.1940,  0.2067,
        -0.0662, -0.0276,  0.0884, -0.0330, -0.1137, -0.0618,  0.1161,  0.0037],
       device='cuda:0', requires_grad=True)

Parameter name: linear_2.weight
Shape: torch.Size([1, 32])
Values: Parameter containing:
tensor([[ 0.6406,  0.5649, -0.6465, -0.6464,  0.4931,  0.5031, -0.5491,  0.5598,
          0.5559, -0.5820, -0.5718,  0.5310,  0.5525, -0.4946,  0.5750,  0.5240,
         -0.6514, -0.6418,  0.5185,  0.5375, -0.6070, -0.5794, -0.6417,  0.4756,
          0.6171,  0.6416, -0.6176,  0.6863, -0.5522, -0.6335,  0.6204,  0.6324]],
       device='cuda:0', requires_grad=True)

Parameter name: linear_2.bias
Shape: torch.Size([1])
Values: Parameter containing:
tensor([0.3501], device='cuda:0', requires_grad=True)

Parameter name: road_linear_0.weight
Shape: torch.Size([32, 16])
Values: Parameter containing:
tensor([[-0.0255,  0.2921,  0.2853, -0.2608, -0.4220, -0.2134, -0.0916, -0.5375,
         -0.2948, -0.0557,  0.0102,  0.2740,  0.1385, -0.0670,  0.1295,  0.3213],
        [-0.2388, -0.2798, -0.0916, -0.0530,  0.1567,  0.2955,  0.2002,  0.2767,
          0.4896,  0.1309,  0.2529, -0.3352, -0.0515, -0.0496,  0.1667, -0.0496],
        [ 0.0531,  0.1809,  0.3554, -0.0572, -0.2729, -0.3836, -0.0751, -0.5462,
         -0.0597, -0.0498, -0.1010,  0.0094,  0.4567,  0.3229,  0.2564,  0.2187],
        [ 0.2534,  0.0120,  0.0683, -0.0226, -0.2425, -0.2424, -0.1848, -0.2227,
         -0.5204, -0.3965, -0.0829,  0.4424,  0.3312, -0.1108, -0.0311,  0.1200],
        [-0.0739,  0.1507, -0.1519, -0.0801,  0.3569,  0.1341,  0.0774,  0.4513,
          0.2417,  0.2881,  0.2829, -0.2372, -0.1063, -0.2408,  0.0934, -0.1174],
        [ 0.0068,  0.1857, -0.3495,  0.3572,  0.5308,  0.0251,  0.3007,  0.0927,
          0.3510,  0.2111, -0.1253, -0.1616, -0.3057,  0.1200,  0.2168, -0.0488],
        [ 0.3600,  0.0598,  0.3993, -0.1443, -0.2347, -0.2599, -0.2148, -0.3561,
         -0.3527, -0.0246, -0.0247,  0.1375, -0.0126,  0.2378, -0.0912,  0.1281],
        [-0.0752,  0.2157,  0.3450, -0.3156, -0.4857, -0.3312, -0.1096, -0.3536,
         -0.2692, -0.2102, -0.0725,  0.0843,  0.2832, -0.0803,  0.0938,  0.3331],
        [ 0.0342,  0.2539,  0.3047, -0.2080, -0.2286, -0.4055, -0.2127, -0.2239,
         -0.0578, -0.3253, -0.2342,  0.1403,  0.0039,  0.1877, -0.1615,  0.0749],
        [-0.2734, -0.0432, -0.0869, -0.0618,  0.2682,  0.2109,  0.0922,  0.3708,
          0.3723, -0.0019,  0.2955, -0.0862, -0.3352, -0.0926, -0.0048, -0.1668],
        [-0.3409,  0.1085, -0.0520, -0.0813,  0.1520,  0.4786,  0.2699,  0.2532,
          0.4525,  0.2536,  0.0968, -0.0749, -0.2142,  0.1044, -0.1779, -0.3019],
        [-0.1140, -0.1058, -0.0162,  0.0465,  0.3425,  0.1706,  0.4060,  0.2721,
          0.2589,  0.3520,  0.2122, -0.0136, -0.4350, -0.2511, -0.1082, -0.1774],
        [ 0.3118,  0.1760,  0.1481, -0.1150, -0.3531, -0.0479, -0.1358, -0.5036,
         -0.4492, -0.1056, -0.1238,  0.1341,  0.0232,  0.1809, -0.0646, -0.0079],
        [ 0.2024,  0.2814,  0.3644,  0.0232, -0.4747, -0.0678, -0.0770, -0.1781,
         -0.3026, -0.1701, -0.2422,  0.1784,  0.1744,  0.0783, -0.1588,  0.2195],
        [-0.3606, -0.2401, -0.0559, -0.0870,  0.5420,  0.4524,  0.1289,  0.2323,
          0.0562,  0.1797,  0.1511, -0.3793, -0.1338, -0.1259, -0.1457, -0.1356],
        [-0.1176, -0.1561,  0.1585,  0.1625, -0.5579, -0.0856, -0.2301, -0.4887,
         -0.3304, -0.0411, -0.0789,  0.4996,  0.2400, -0.0244,  0.2500,  0.0120],
        [ 0.3051,  0.2159,  0.1930, -0.3147, -0.5335, -0.0859, -0.1359, -0.1142,
         -0.4616, -0.1914,  0.1340,  0.3637,  0.4136,  0.3040,  0.0188, -0.0471],
        [-0.2817,  0.0444, -0.2341,  0.1027,  0.2921,  0.3346,  0.3090,  0.3707,
          0.2206,  0.2808, -0.0347, -0.3044, -0.1978, -0.2365,  0.1199, -0.1538],
        [ 0.1871,  0.0468,  0.1111, -0.2112, -0.4147, -0.4106, -0.3083, -0.1022,
         -0.5068, -0.0847, -0.0667, -0.0120,  0.2805,  0.2698,  0.2145,  0.1372],
        [ 0.3575,  0.0748,  0.2593, -0.0436, -0.4994, -0.2802, -0.3906, -0.0959,
         -0.1448, -0.2747, -0.1123,  0.3255, -0.0097,  0.1227,  0.2038,  0.1696],
        [-0.1640,  0.1111, -0.0345, -0.1117,  0.4384, -0.0009,  0.3317,  0.4622,
          0.2524,  0.0673, -0.0454, -0.3300, -0.2362, -0.2121,  0.2098, -0.2299],
        [-0.0667, -0.2777, -0.0449,  0.3405,  0.1642,  0.1762,  0.3030,  0.0714,
          0.1280,  0.2736,  0.3574, -0.3409, -0.2645, -0.3843, -0.2713,  0.0772],
        [ 0.3571, -0.0182,  0.0483, -0.1284, -0.1595, -0.4390, -0.3289, -0.3278,
         -0.3364, -0.1604,  0.0969,  0.2758, -0.0435,  0.3372,  0.2766,  0.2039],
        [ 0.2450,  0.1547,  0.3311, -0.3362, -0.3749, -0.1960, -0.2003, -0.3677,
         -0.4308, -0.3203, -0.0651,  0.3965,  0.2791,  0.1569, -0.0717,  0.0082],
        [ 0.2021, -0.1734,  0.1668, -0.0772, -0.1375, -0.3241, -0.0098, -0.3153,
         -0.4822,  0.0443,  0.1060,  0.0931,  0.1400,  0.2648, -0.1353,  0.3151],
        [ 0.0227, -0.0310,  0.0731,  0.1275, -0.3933, -0.2497, -0.0445, -0.4362,
         -0.2388, -0.3463, -0.3214,  0.1679,  0.2183,  0.3233, -0.1846,  0.0521],
        [ 0.2081,  0.1415,  0.2911, -0.3108, -0.3332, -0.1371, -0.3883, -0.1184,
         -0.4648,  0.0064, -0.0070,  0.1470,  0.2616,  0.3110,  0.2894,  0.2749],
        [-0.3025,  0.0052,  0.0290,  0.1588,  0.4867,  0.0708,  0.4006,  0.2931,
          0.0391,  0.1037,  0.2566, -0.3437, -0.2708, -0.2139, -0.1947, -0.0847],
        [ 0.2930,  0.1153,  0.1296, -0.0941, -0.4615, -0.3287, -0.1739, -0.4464,
         -0.1023, -0.1119,  0.0308,  0.2076,  0.3361,  0.3296,  0.1563,  0.2465],
        [-0.2614,  0.0730, -0.3107,  0.2187,  0.0774,  0.1836,  0.3615,  0.3977,
          0.4324,  0.2326,  0.2077, -0.1388,  0.0091,  0.0341, -0.0328, -0.2095],
        [-0.2725, -0.1280, -0.0350, -0.0224,  0.3672,  0.4306,  0.4128,  0.0848,
          0.3182,  0.3237, -0.1656, -0.0820, -0.3538, -0.2902, -0.1800, -0.2236],
        [ 0.0382,  0.1148,  0.2387, -0.0008, -0.1728, -0.3648, -0.4358, -0.4978,
         -0.4099, -0.2644,  0.0041,  0.0658,  0.0361,  0.2813, -0.0698,  0.1623]],
       device='cuda:0', requires_grad=True)

Parameter name: road_linear_0.bias
Shape: torch.Size([32])
Values: Parameter containing:
tensor([-0.0368, -0.0251,  0.1334, -0.0302, -0.0925, -0.1329,  0.0841,  0.1002,
        -0.0130, -0.0938, -0.0320,  0.0452,  0.1768,  0.0952,  0.0024, -0.0201,
        -0.0486, -0.0008,  0.1164,  0.0184, -0.0708, -0.1681, -0.0126, -0.0146,
         0.0339,  0.1892,  0.1385, -0.0114, -0.0588, -0.1608,  0.0188, -0.0445],
       device='cuda:0', requires_grad=True)

Parameter name: road_linear_1.weight
Shape: torch.Size([1, 32])
Values: Parameter containing:
tensor([[-0.2755,  0.3598, -0.2653, -0.3017,  0.3816,  0.4221, -0.3093, -0.4144,
         -0.3396,  0.4068,  0.3069,  0.4148, -0.3186, -0.4301,  0.3435, -0.4102,
         -0.3554,  0.3583, -0.2688, -0.2803,  0.4591,  0.3484, -0.4037, -0.4017,
         -0.3897, -0.3900, -0.3409,  0.4029, -0.3938,  0.4084,  0.3238, -0.2682]],
       device='cuda:0', requires_grad=True)

Parameter name: linear_0.weight
Shape: torch.Size([32, 39])
Values: Parameter containing:
tensor([[-0.0075, -0.0071,  0.0471,  ...,  0.2368, -0.3987, -0.1137],
        [-0.0810, -0.1909,  0.0921,  ...,  0.1474, -0.3846,  0.0871],
        [-0.0450,  0.1757,  0.0687,  ..., -0.0059,  0.3168,  0.0345],
        ...,
        [ 0.0310, -0.1900,  0.0463,  ...,  0.0671, -0.3438, -0.1180],
        [ 0.0439, -0.0519, -0.0217,  ..., -0.3069,  0.1908,  0.1557],
        [-0.2020,  0.0483,  0.0079,  ...,  0.0404, -0.2959, -0.0509]],
       device='cuda:0', requires_grad=True)

Parameter name: linear_0.bias
Shape: torch.Size([32])
Values: Parameter containing:
tensor([ 0.0556,  0.0549, -0.0857, -0.1215, -0.0600,  0.0544, -0.1258,  0.0585,
        -0.0474,  0.0815,  0.0291,  0.0118,  0.0278,  0.0753, -0.0759, -0.0177,
         0.0461, -0.1517, -0.0319, -0.0252, -0.0734,  0.0514,  0.0905, -0.0047,
        -0.0886,  0.0885,  0.0327, -0.0874,  0.0476,  0.1369,  0.1475, -0.1090],
       device='cuda:0', requires_grad=True)

Parameter name: linear_1.weight
Shape: torch.Size([32, 32])
Values: Parameter containing:
tensor([[ 0.0245, -0.1940, -0.0793,  ..., -0.1135, -0.0186,  0.0731],
        [-0.2582, -0.0487,  0.1170,  ..., -0.0455,  0.0034,  0.0609],
        [ 0.1806, -0.0233, -0.1803,  ...,  0.0521, -0.0179,  0.1679],
        ...,
        [ 0.1576,  0.0986,  0.0908,  ...,  0.2232, -0.2068,  0.2389],
        [-0.0771, -0.1729,  0.0846,  ...,  0.0336,  0.2475, -0.1688],
        [-0.0405, -0.1269,  0.2138,  ...,  0.0756,  0.1413, -0.0280]],
       device='cuda:0', requires_grad=True)

Parameter name: linear_1.bias
Shape: torch.Size([32])
Values: Parameter containing:
tensor([ 0.0876,  0.1258, -0.0286, -0.0616, -0.0313, -0.0624, -0.0301, -0.0591,
         0.0985, -0.1417,  0.1363, -0.1246,  0.1544,  0.0611, -0.1336,  0.0925,
        -0.1223, -0.1508,  0.0052, -0.0120,  0.0032,  0.1063, -0.1891,  0.1782,
        -0.0615, -0.0289,  0.0874, -0.0399, -0.1129, -0.0573,  0.1019,  0.0062],
       device='cuda:0', requires_grad=True)

Parameter name: linear_2.weight
Shape: torch.Size([1, 32])
Values: Parameter containing:
tensor([[ 0.6936,  0.6177, -0.6933, -0.6947,  0.5610,  0.5529, -0.6078,  0.6011,
          0.6249, -0.6338, -0.5854,  0.5853,  0.5833,  0.5959,  0.6223,  0.5813,
         -0.6937, -0.6987,  0.5605,  0.5881, -0.6497, -0.6269, -0.6959,  0.5542,
          0.6794,  0.6989, -0.6771,  0.7268, -0.6063, -0.6895,  0.6748,  0.6924]],
       device='cuda:0', requires_grad=True)

Parameter name: linear_2.bias
Shape: torch.Size([1])
Values: Parameter containing:
tensor([0.3977], device='cuda:0', requires_grad=True)

Parameter name: road_linear_0.weight
Shape: torch.Size([32, 16])
Values: Parameter containing:
tensor([[-5.6284e-03, -7.4683e-02,  2.3142e-01, -2.7032e-01, -3.6408e-01,
         -8.7463e-02, -2.7421e-02, -4.9313e-01, -2.7439e-01,  1.0578e-02,
          1.7312e-01,  1.5023e-01, -3.3851e-02, -1.2966e-01, -2.3444e-01,
          2.7934e-01],
        [-2.6375e-01,  4.4220e-02, -6.7286e-02, -1.9973e-02,  9.4857e-02,
          2.1315e-01,  1.4344e-01,  2.3703e-01,  4.9814e-01,  9.7199e-02,
          9.3545e-02, -2.5561e-01,  4.6912e-02, -6.8945e-03,  5.1258e-01,
         -2.6969e-02],
        [ 6.4223e-02, -1.2686e-01,  3.2639e-01, -8.7307e-02, -2.0954e-01,
         -3.1184e-01, -4.3074e-02, -4.8882e-01, -1.2433e-03, -2.9846e-02,
         -4.4833e-02, -8.8323e-02,  3.6294e-01,  2.9283e-01, -1.0970e-01,
          2.1927e-01],
        [ 2.7464e-01, -1.5220e-01,  3.2330e-02, -4.1659e-02, -1.5637e-01,
         -1.3589e-01, -1.0166e-01, -1.6599e-01, -5.2015e-01, -3.4018e-01,
          3.6076e-03,  3.4022e-01,  2.2378e-01, -1.7775e-01, -3.4094e-01,
          7.7246e-02],
        [-7.5525e-02,  4.8185e-01, -1.0782e-01, -5.8264e-02,  2.7845e-01,
          3.2833e-02,  9.1158e-03,  3.8117e-01,  1.9711e-01,  2.4664e-01,
          4.4615e-02, -1.1899e-01,  2.6444e-02, -1.8318e-01,  4.1224e-01,
         -9.0651e-02],
        [ 1.6198e-02,  4.2673e-01, -3.0890e-01,  3.7354e-01,  4.1747e-01,
         -8.1271e-02,  2.3406e-01,  1.0039e-02,  2.8962e-01,  1.7304e-01,
         -1.2988e-01, -5.2436e-02, -1.7075e-01,  1.5724e-01,  4.8150e-01,
         -2.9677e-02],
        [ 3.6012e-01, -1.0359e-01,  3.5649e-01, -1.5562e-01, -1.4909e-01,
         -1.6270e-01, -1.3951e-01, -2.9191e-01, -3.1603e-01,  2.2540e-02,
         -4.0219e-03,  3.4002e-02, -1.2732e-01,  1.2529e-01, -3.9190e-01,
          9.2125e-02],
        [-8.1186e-02,  4.6753e-02,  3.1369e-01, -3.3358e-01, -4.2131e-01,
         -2.6690e-01, -7.1762e-02, -3.0949e-01, -2.2957e-01, -1.8931e-01,
         -3.2063e-02,  7.6592e-03,  2.1473e-01, -1.2811e-01, -1.7110e-01,
          3.1938e-01],
        [ 4.1350e-02, -1.2179e-01,  2.6849e-01, -2.3874e-01, -1.8635e-01,
         -3.2882e-01, -1.6352e-01, -1.9111e-01, -3.2044e-02, -2.9036e-01,
          3.9114e-02,  5.3013e-02, -7.8166e-02,  1.4757e-01, -4.9831e-01,
          5.9904e-02],
        [-2.9713e-01,  2.9892e-01, -6.6826e-02, -2.0607e-02,  1.9793e-01,
          1.2695e-01,  3.7288e-02,  3.1520e-01,  3.5443e-01, -2.6106e-02,
          1.1692e-01, -2.2729e-03, -2.2611e-01, -6.3917e-02,  3.2962e-01,
         -1.5815e-01],
        [-3.5583e-01,  3.3330e-01, -1.7444e-02, -5.7684e-02,  8.1803e-02,
          3.8592e-01,  2.0927e-01,  2.0145e-01,  4.3607e-01,  2.1179e-01,
          2.7486e-03,  2.1511e-02, -1.5310e-01,  1.3608e-01,  1.4199e-01,
         -2.7644e-01],
        [-1.1779e-01,  1.4453e-01,  2.0578e-02,  7.3824e-02,  2.6934e-01,
          9.6900e-02,  3.3983e-01,  2.1396e-01,  2.1417e-01,  3.1203e-01,
          6.0599e-02,  8.3428e-02, -3.9270e-01, -1.9328e-01,  1.8545e-01,
         -1.5864e-01],
        [ 3.2395e-01, -1.5065e-01,  9.2801e-02, -1.2977e-01, -2.5944e-01,
          9.3340e-02, -4.7567e-02, -4.2110e-01, -4.2727e-01, -4.2858e-02,
         -1.0446e-01, -2.9940e-03, -1.3246e-01,  1.2241e-01, -4.4413e-01,
         -5.2134e-02],
        [ 2.0974e-01, -5.9996e-03,  3.3524e-01, -1.8557e-03, -4.0622e-01,
          2.3305e-03, -2.2265e-02, -1.3288e-01, -2.8573e-01, -1.3948e-01,
         -1.0663e-01,  1.0043e-01,  9.3014e-02,  2.3004e-02, -4.7556e-01,
          1.9987e-01],
        [-3.7160e-01,  6.1337e-02, -2.8331e-02, -5.7242e-02,  4.8673e-01,
          3.8408e-01,  8.8042e-02,  1.9321e-01,  3.3929e-02,  1.5670e-01,
          1.6894e-02, -2.9744e-01, -6.0381e-02, -9.2432e-02,  2.0122e-01,
         -1.2289e-01],
        [-9.0632e-02, -5.9351e-01,  8.7904e-02,  1.3392e-01, -5.4175e-01,
          8.0372e-02, -1.4302e-01, -4.4719e-01, -3.2270e-01,  3.2817e-02,
         -2.5635e-02,  3.4680e-01,  2.4416e-02, -1.3534e-01, -1.5726e-01,
         -2.0566e-02],
        [ 3.1730e-01,  1.2304e-02,  1.5740e-01, -3.2888e-01, -4.2640e-01,
          5.2329e-03, -5.1499e-02, -6.0565e-02, -4.6087e-01, -1.3752e-01,
          1.7363e-01,  2.7340e-01,  2.9678e-01,  2.0609e-01, -2.4841e-01,
         -8.7695e-02],
        [-2.6050e-01,  1.9000e-01, -1.8211e-01,  1.0001e-01,  1.6612e-01,
          2.3883e-01,  2.3396e-01,  2.8856e-01,  1.5503e-01,  2.2941e-01,
         -6.7309e-02, -1.8792e-01, -7.9663e-02, -1.3773e-01,  2.9480e-01,
         -1.1348e-01],
        [ 2.1651e-01, -2.1292e-01,  8.9164e-02, -2.4346e-01, -3.0794e-01,
         -3.3290e-01, -2.4787e-01, -4.5386e-02, -4.6622e-01, -5.5422e-02,
          3.6158e-02, -1.1168e-01,  1.4150e-01,  1.9097e-01, -1.2247e-01,
          1.2998e-01],
        [ 3.5660e-01, -1.9427e-01,  2.0955e-01, -5.9185e-02, -4.3879e-01,
         -1.9813e-01, -3.3048e-01, -5.2459e-02, -1.0750e-01, -2.2874e-01,
          1.2259e-01,  2.1657e-01, -8.5642e-02,  5.4768e-02, -1.5605e-01,
          1.3902e-01],
        [-1.4847e-01,  3.4093e-01,  9.3237e-03, -1.0296e-01,  3.2431e-01,
         -9.0845e-02,  2.7080e-01,  3.7792e-01,  1.8969e-01,  3.0750e-02,
         -1.2936e-01, -2.2180e-01, -1.2254e-01, -1.5351e-01,  4.1751e-01,
         -2.0254e-01],
        [-9.8778e-02,  1.7848e-01, -2.3129e-02,  3.8768e-01,  1.5817e-01,
          1.1858e-01,  2.7335e-01,  7.3986e-02,  1.3896e-01,  2.5588e-01,
          1.7815e-01, -2.8951e-01, -2.1307e-01, -3.6336e-01,  1.0148e-01,
          7.8442e-02],
        [ 3.5800e-01, -2.5325e-01,  1.3072e-02, -1.4760e-01, -8.7048e-02,
         -3.6992e-01, -2.7456e-01, -2.8578e-01, -3.0707e-01, -1.2829e-01,
          2.2159e-01,  1.9416e-01, -1.0975e-01,  2.7454e-01, -1.2039e-02,
          1.7999e-01],
        [ 2.3806e-01,  6.2437e-02,  2.8425e-01, -3.2935e-01, -2.2814e-01,
         -1.0350e-01, -1.1018e-01, -3.0186e-01, -4.1315e-01, -2.5597e-01,
         -3.5811e-04,  2.9947e-01,  1.9039e-01,  4.9809e-02, -2.3818e-01,
         -4.9614e-02],
        [ 2.1679e-01, -4.9072e-01,  1.3880e-01, -1.1457e-01, -4.3820e-02,
         -2.1935e-01,  6.5575e-02, -2.3701e-01, -4.4020e-01,  8.1608e-02,
          1.7863e-01, -9.5425e-03,  5.4409e-03,  2.2606e-01, -4.5916e-01,
          2.9995e-01],
        [ 1.3091e-02, -3.0162e-01,  3.3194e-02,  1.1184e-01, -2.9642e-01,
         -1.6648e-01, -1.6155e-03, -3.6180e-01, -1.7902e-01, -3.1872e-01,
         -2.3065e-01,  6.2384e-02,  1.2223e-01,  2.8823e-01, -4.7741e-01,
          3.3066e-02],
        [ 2.0398e-01, -1.1709e-01,  2.4704e-01, -3.2346e-01, -2.6236e-01,
         -7.1466e-02, -3.3086e-01, -7.8845e-02, -4.2344e-01,  4.1827e-02,
          7.4704e-02,  5.7673e-02,  1.9947e-01,  2.1941e-01, -8.5778e-03,
          2.4687e-01],
        [-3.1721e-01,  3.0333e-01,  6.0582e-02,  1.9116e-01,  4.2326e-01,
         -2.9735e-03,  3.4170e-01,  2.4404e-01,  7.1847e-03,  7.1590e-02,
          4.8607e-02, -2.5073e-01, -1.9355e-01, -1.5924e-01,  1.2485e-01,
         -6.9570e-02],
        [ 2.8431e-01, -4.5392e-02,  8.6302e-02, -1.0565e-01, -3.6414e-01,
         -2.5101e-01, -1.1371e-01, -3.8182e-01, -5.5484e-02, -6.9305e-02,
          1.2946e-01,  1.0514e-01,  3.0895e-01,  2.7293e-01, -7.6273e-02,
          2.1506e-01],
        [-2.5241e-01,  2.4279e-01, -2.7085e-01,  2.2758e-01, -5.0586e-03,
          1.0859e-01,  3.0268e-01,  3.4260e-01,  3.9303e-01,  1.9717e-01,
          1.3467e-01, -5.1721e-02,  9.7939e-02,  1.0252e-01,  2.2722e-01,
         -1.8066e-01],
        [-2.6858e-01,  1.2685e-01,  8.4794e-03, -6.7199e-03,  2.9038e-01,
          3.4915e-01,  3.5375e-01,  3.5430e-02,  2.7410e-01,  2.8295e-01,
         -2.6250e-01,  2.1387e-02, -2.7274e-01, -2.2813e-01,  1.2845e-01,
         -1.9830e-01],
        [ 3.2513e-02, -1.2519e-01,  1.8565e-01, -1.0961e-02, -8.3753e-02,
         -2.6023e-01, -3.5332e-01, -4.1082e-01, -3.4775e-01, -2.0717e-01,
          1.1195e-01, -7.0643e-02, -1.1507e-01,  1.5500e-01, -3.6948e-01,
          1.2472e-01]], device='cuda:0', requires_grad=True)

Parameter name: road_linear_0.bias
Shape: torch.Size([32])
Values: Parameter containing:
tensor([-0.0816, -0.0179,  0.1543, -0.1237, -0.0616, -0.0391,  0.0608,  0.1606,
        -0.0283, -0.0430,  0.0388,  0.0482,  0.1642,  0.0966, -0.0645,  0.1094,
        -0.1942, -0.0090,  0.0293,  0.0212, -0.0321, -0.1405, -0.0566, -0.0662,
        -0.1924,  0.2900,  0.1232,  0.0100, -0.0767, -0.2291,  0.1386, -0.0244],
       device='cuda:0', requires_grad=True)

Parameter name: road_linear_1.weight
Shape: torch.Size([1, 32])
Values: Parameter containing:
tensor([[-0.3426,  0.4294, -0.3093, -0.3268,  0.4451,  0.4669, -0.3579, -0.4315,
         -0.4066,  0.4911,  0.3326,  0.4605, -0.3944, -0.4953,  0.3900, -0.4710,
         -0.3856,  0.3745, -0.2979, -0.3143,  0.5000,  0.4365, -0.4279, -0.4173,
         -0.4812, -0.4447, -0.3678,  0.4494, -0.3980,  0.4380,  0.3427, -0.3008]],
       device='cuda:0', requires_grad=True)

Parameter name: linear_0.weight
Shape: torch.Size([32, 39])
Values: Parameter containing:
tensor([[-0.0368,  0.1072,  0.0521,  ...,  0.2252, -0.3866, -0.1137],
        [-0.1030, -0.0562,  0.1127,  ...,  0.1585, -0.3708,  0.0871],
        [-0.0084, -0.0310,  0.0231,  ...,  0.0229,  0.2927,  0.0345],
        ...,
        [ 0.0145,  0.0092,  0.0533,  ...,  0.0886, -0.3851, -0.1180],
        [ 0.0799, -0.2040, -0.0489,  ..., -0.3323,  0.2024,  0.1557],
        [-0.1982,  0.1442,  0.0331,  ...,  0.1010, -0.3399, -0.0509]],
       device='cuda:0', requires_grad=True)

Parameter name: linear_0.bias
Shape: torch.Size([32])
Values: Parameter containing:
tensor([ 0.0429,  0.0406, -0.0665, -0.1338, -0.0722,  0.0584, -0.1105,  0.0464,
        -0.0395,  0.0808,  0.0192,  0.0114,  0.0294,  0.0785, -0.0523, -0.0192,
         0.0589, -0.1525,  0.0012,  0.0285, -0.0529,  0.0348,  0.1082,  0.0062,
        -0.0930,  0.1034,  0.0472, -0.0984,  0.0549,  0.1396,  0.1667, -0.1229],
       device='cuda:0', requires_grad=True)

Parameter name: linear_1.weight
Shape: torch.Size([32, 32])
Values: Parameter containing:
tensor([[ 0.0711, -0.1987, -0.1001,  ..., -0.1540, -0.0029,  0.0701],
        [-0.2100, -0.0548,  0.1018,  ..., -0.0864,  0.0207,  0.0446],
        [ 0.1442, -0.0078, -0.1796,  ...,  0.1060, -0.0450,  0.1961],
        ...,
        [ 0.1233,  0.1097,  0.1077,  ...,  0.2748, -0.2390,  0.2494],
        [-0.0101, -0.1688,  0.0594,  ..., -0.0074,  0.2521, -0.1754],
        [-0.0077, -0.1514,  0.2159,  ...,  0.0139,  0.1789, -0.0566]],
       device='cuda:0', requires_grad=True)

Parameter name: linear_1.bias
Shape: torch.Size([32])
Values: Parameter containing:
tensor([ 0.1066,  0.1507, -0.0635, -0.0863,  0.0012, -0.0460, -0.0602, -0.0424,
         0.1265, -0.1716,  0.1314, -0.1155,  0.1750,  0.0874, -0.1204,  0.1308,
        -0.1387, -0.1754, -0.0537, -0.0017, -0.0055,  0.0824, -0.2145,  0.2173,
        -0.0451, -0.0041,  0.0720, -0.0283, -0.1372, -0.0742,  0.1268,  0.0463],
       device='cuda:0', requires_grad=True)

Parameter name: linear_2.weight
Shape: torch.Size([1, 32])
Values: Parameter containing:
tensor([[ 0.6634,  0.5880, -0.6822, -0.6632,  0.5486,  0.5276, -0.5901,  0.5692,
          0.5801, -0.6110, -0.5545,  0.5748,  0.5527,  0.5355,  0.6048,  0.6030,
         -0.6598, -0.6733, -0.5352,  0.5819, -0.6252, -0.6072, -0.6781,  0.5147,
          0.6492,  0.6741, -0.6600,  0.6705, -0.5924, -0.6609,  0.6498,  0.6766]],
       device='cuda:0', requires_grad=True)

Parameter name: linear_2.bias
Shape: torch.Size([1])
Values: Parameter containing:
tensor([0.3942], device='cuda:0', requires_grad=True)

Parameter name: road_linear_0.weight
Shape: torch.Size([32, 16])
Values: Parameter containing:
tensor([[-2.1603e-02,  2.5482e-01,  2.1741e-01, -2.5426e-01, -4.1130e-01,
         -7.6576e-02,  1.3453e-02, -4.9192e-01, -2.9862e-01,  4.2138e-02,
          1.7497e-01,  1.8619e-01, -6.1971e-03, -1.6469e-01, -2.6189e-01,
          2.6913e-01],
        [-2.3622e-01, -2.5648e-01, -3.5716e-02, -4.6350e-02,  1.4077e-01,
          1.9201e-01,  1.1071e-01,  2.1811e-01,  4.9812e-01,  5.8337e-02,
          6.7207e-02, -2.6104e-01,  5.2417e-02,  3.6543e-02,  5.3052e-01,
         -3.1793e-03],
        [ 7.0915e-02,  2.0437e-01,  3.1271e-01, -8.5999e-02, -2.4756e-01,
         -3.3259e-01, -4.6684e-02, -5.3115e-01, -1.8910e-02, -1.4688e-02,
         -1.6064e-02, -5.4265e-02,  4.3493e-01,  2.9779e-01, -1.5054e-01,
          2.3906e-01],
        [ 2.4485e-01, -3.3067e-02,  2.7999e-03, -1.8835e-02, -2.3059e-01,
         -1.1459e-01, -6.7650e-02, -1.4492e-01, -5.3627e-01, -3.0270e-01,
          2.5278e-02,  3.5657e-01,  2.1410e-01, -2.2138e-01, -3.6975e-01,
          4.7960e-02],
        [-8.8793e-02,  1.7970e-01, -1.0271e-01, -6.2569e-02,  3.6872e-01,
          2.9576e-02, -5.7382e-03,  4.1349e-01,  2.7433e-01,  2.2086e-01,
          8.0142e-02, -1.7411e-01, -1.3088e-02, -1.6745e-01,  4.9263e-01,
         -7.9078e-02],
        [ 6.8857e-03,  2.1211e-01, -3.0461e-01,  3.6798e-01,  4.8767e-01,
         -8.2040e-02,  2.1147e-01,  1.8269e-02,  3.4627e-01,  1.4733e-01,
         -1.1134e-01, -9.0004e-02, -1.9223e-01,  1.8679e-01,  5.6940e-01,
         -1.3930e-02],
        [ 3.4441e-01,  4.3539e-02,  3.3569e-01, -1.4264e-01, -2.0551e-01,
         -1.6048e-01, -1.2538e-01, -2.8997e-01, -3.1786e-01,  4.6997e-02,
          2.6409e-02,  5.2730e-02, -1.0570e-01,  1.0216e-01, -4.3257e-01,
          8.2927e-02],
        [-8.7746e-02,  2.2840e-01,  2.9700e-01, -3.2326e-01, -4.4033e-01,
         -2.6990e-01, -5.9953e-02, -3.1313e-01, -2.2533e-01, -1.6996e-01,
         -2.0442e-02,  1.8962e-02,  2.3951e-01, -1.4224e-01, -2.0000e-01,
          3.1896e-01],
        [ 3.3696e-02,  2.5341e-01,  2.4580e-01, -2.2656e-01, -2.2009e-01,
         -3.2553e-01, -1.4800e-01, -1.9501e-01, -4.3365e-02, -2.6232e-01,
          6.3287e-02,  7.5550e-02, -5.1659e-02,  1.2517e-01, -5.3202e-01,
          5.3398e-02],
        [-2.9004e-01, -2.7338e-02, -4.7208e-02, -3.7217e-02,  2.6396e-01,
          1.1666e-01,  1.5194e-02,  3.2597e-01,  3.8901e-01, -5.8510e-02,
          1.1984e-01, -2.7997e-02, -2.4349e-01, -3.2445e-02,  3.8158e-01,
         -1.4188e-01],
        [-3.5051e-01,  1.2604e-01, -2.7817e-03, -6.2414e-02,  1.5307e-01,
          3.8631e-01,  1.9578e-01,  2.1552e-01,  4.6614e-01,  1.8952e-01,
         -3.8370e-02, -1.3502e-02, -1.8055e-01,  1.5274e-01,  2.0072e-01,
         -2.6955e-01],
        [-1.1095e-01, -8.7497e-02,  4.1230e-02,  6.2019e-02,  3.1675e-01,
          8.7705e-02,  3.2819e-01,  2.2654e-01,  2.3257e-01,  2.8639e-01,
          5.6659e-02,  5.9216e-02, -4.0646e-01, -1.8018e-01,  2.2620e-01,
         -1.4999e-01],
        [ 3.1197e-01,  1.3851e-01,  7.8554e-02, -1.1509e-01, -3.3599e-01,
          1.0634e-01, -1.8955e-02, -4.2896e-01, -4.7065e-01, -1.1660e-02,
         -1.0116e-01,  3.4665e-02, -1.0112e-01,  9.4839e-02, -4.8079e-01,
         -6.5669e-02],
        [ 1.9177e-01,  2.6884e-01,  3.0946e-01,  1.6945e-02, -4.3756e-01,
          1.5432e-02, -2.0208e-03, -1.2139e-01, -2.8183e-01, -1.0876e-01,
         -8.6095e-02,  1.0692e-01,  9.5179e-02, -6.8446e-03, -4.9569e-01,
          1.8478e-01],
        [-3.6300e-01, -2.4268e-01, -1.0774e-02, -6.8461e-02,  5.2126e-01,
          3.7967e-01,  7.2260e-02,  1.9350e-01,  4.3153e-02,  1.3269e-01,
          4.9860e-05, -3.1509e-01, -8.0045e-02, -7.2408e-02,  2.2479e-01,
         -1.1693e-01],
        [-2.8783e-01, -1.1207e-01,  9.3447e-02,  2.0196e-01,  3.0689e-01,
          1.0604e-01,  5.2843e-02,  1.6055e-01,  3.0076e-01,  4.0124e-02,
          2.6610e-02,  1.2850e-01, -9.9558e-02, -1.9130e-01,  6.9978e-01,
         -6.2187e-03],
        [ 2.8682e-01,  1.4278e-01,  1.2763e-01, -3.0381e-01, -4.8896e-01,
          2.9914e-02, -2.1756e-02, -2.8712e-02, -4.6499e-01, -1.0069e-01,
          1.7790e-01,  2.8111e-01,  2.7494e-01,  1.6772e-01, -2.4909e-01,
         -1.1632e-01],
        [-2.5474e-01,  1.0995e-01, -1.6803e-01,  9.1736e-02,  2.2361e-01,
          2.4361e-01,  2.2401e-01,  2.9713e-01,  1.6993e-01,  2.1112e-01,
         -8.5828e-02, -2.1170e-01, -1.0993e-01, -1.1420e-01,  3.4554e-01,
         -1.0771e-01],
        [ 2.0973e-01,  3.1289e-02,  7.1605e-02, -2.3329e-01, -3.7158e-01,
         -3.2788e-01, -2.2943e-01, -5.8283e-02, -5.0633e-01, -2.7437e-02,
          6.1647e-02, -7.4754e-02,  1.6755e-01,  1.6719e-01, -1.5143e-01,
          1.1581e-01],
        [ 3.5628e-01,  6.1599e-02,  1.9570e-01, -5.4296e-02, -4.9313e-01,
         -1.9213e-01, -3.1700e-01, -6.2275e-02, -1.4595e-01, -2.0366e-01,
          1.3268e-01,  2.5678e-01, -6.1674e-02,  4.1569e-02, -1.9357e-01,
          1.2896e-01],
        [-1.5167e-01,  1.4137e-01,  1.6120e-02, -1.1076e-01,  3.7664e-01,
         -9.0719e-02,  2.5919e-01,  3.9071e-01,  2.2583e-01,  9.8210e-03,
         -9.9565e-02, -2.4987e-01, -1.5144e-01, -1.3950e-01,  5.0539e-01,
         -1.9517e-01],
        [-9.6030e-02, -2.7338e-01, -4.2052e-03,  3.7811e-01,  1.8592e-01,
          1.1888e-01,  2.6112e-01,  8.0143e-02,  1.5212e-01,  2.2935e-01,
          1.5775e-01, -3.1762e-01, -2.4732e-01, -3.4657e-01,  1.3101e-01,
          7.7779e-02],
        [ 3.5702e-01, -4.0779e-02,  1.5817e-03, -1.4308e-01, -1.4531e-01,
         -3.7293e-01, -2.7204e-01, -2.9904e-01, -3.3021e-01, -1.1146e-01,
          2.3059e-01,  2.2449e-01, -7.9820e-02,  2.6510e-01, -5.6265e-02,
          1.7779e-01],
        [ 2.0466e-01,  8.9815e-02,  2.5372e-01, -3.0548e-01, -2.8733e-01,
         -8.8702e-02, -8.8538e-02, -2.7423e-01, -3.9430e-01, -2.2651e-01,
          2.7384e-02,  2.9889e-01,  1.8703e-01,  1.5629e-02, -2.4293e-01,
         -6.7651e-02],
        [ 2.1626e-01, -1.8134e-01,  1.2682e-01, -1.0537e-01, -1.2211e-01,
         -2.1653e-01,  8.0241e-02, -2.5052e-01, -4.8209e-01,  1.0698e-01,
          2.0175e-01,  2.5553e-02,  2.9289e-02,  2.0339e-01, -5.2196e-01,
          2.8888e-01],
        [ 2.1598e-02, -2.2701e-02,  2.7976e-02,  1.1288e-01, -3.4436e-01,
         -1.7539e-01,  8.2715e-03, -3.8793e-01, -2.1333e-01, -3.0325e-01,
         -2.4272e-01,  9.4830e-02,  1.6766e-01,  2.8111e-01, -5.5353e-01,
          3.7309e-02],
        [ 1.9866e-01,  1.0479e-01,  2.2992e-01, -3.1573e-01, -3.0476e-01,
         -6.8172e-02, -3.2522e-01, -8.6866e-02, -4.3704e-01,  6.3348e-02,
          8.5479e-02,  8.3069e-02,  2.2006e-01,  2.1653e-01, -4.0899e-02,
          2.4452e-01],
        [-3.1954e-01,  2.3682e-02,  7.0520e-02,  1.8454e-01,  4.8319e-01,
         -1.1201e-02,  3.2851e-01,  2.5719e-01,  4.8420e-02,  4.8975e-02,
          6.2734e-02, -2.8816e-01, -2.1068e-01, -1.5039e-01,  1.7889e-01,
         -6.1148e-02],
        [ 2.7380e-01,  9.8885e-02,  6.7913e-02, -9.5903e-02, -4.0547e-01,
         -2.4622e-01, -1.0561e-01, -3.8652e-01, -5.7739e-02, -4.8901e-02,
          1.4228e-01,  1.2223e-01,  3.2594e-01,  2.6233e-01, -1.0756e-01,
          2.1234e-01],
        [-2.5125e-01,  7.9643e-02, -2.6031e-01,  2.2388e-01,  4.8520e-02,
          1.1643e-01,  3.0103e-01,  3.5690e-01,  4.0900e-01,  1.8345e-01,
          1.1185e-01, -7.8572e-02,  6.0631e-02,  1.0827e-01,  2.8647e-01,
         -1.8216e-01],
        [-2.6326e-01, -9.8265e-02,  2.6465e-02, -1.5905e-02,  3.3925e-01,
          3.4694e-01,  3.4180e-01,  4.3229e-02,  2.9493e-01,  2.5839e-01,
         -2.7643e-01, -6.7004e-03, -2.9804e-01, -2.0814e-01,  1.5578e-01,
         -1.8968e-01],
        [ 2.3486e-02,  5.8029e-02,  1.6751e-01,  1.4092e-04, -1.4341e-01,
         -2.5916e-01, -3.3941e-01, -4.3291e-01, -3.7704e-01, -1.8246e-01,
          1.3365e-01, -3.5320e-02, -7.9845e-02,  1.3518e-01, -4.0591e-01,
          1.1733e-01]], device='cuda:0', requires_grad=True)

Parameter name: road_linear_0.bias
Shape: torch.Size([32])
Values: Parameter containing:
tensor([-0.1031,  0.0086,  0.1980, -0.1325, -0.0118,  0.0250,  0.0793,  0.1850,
        -0.0137, -0.0123,  0.0089,  0.0554,  0.1078,  0.0856, -0.0548, -0.0331,
        -0.2230, -0.0161,  0.0225,  0.0088,  0.0120, -0.1528, -0.0480, -0.0516,
        -0.1840,  0.2781,  0.1277,  0.0426, -0.0684, -0.2494,  0.1424, -0.0241],
       device='cuda:0', requires_grad=True)

Parameter name: road_linear_1.weight
Shape: torch.Size([1, 32])
Values: Parameter containing:
tensor([[-0.3575,  0.4401, -0.3223, -0.3529,  0.5011,  0.5175, -0.3757, -0.4406,
         -0.4237,  0.5232,  0.3587,  0.4666, -0.4239, -0.5120,  0.4000,  0.4787,
         -0.4000,  0.3905, -0.3113, -0.3253,  0.5301,  0.4200, -0.4397, -0.4263,
         -0.5474, -0.4711, -0.3760,  0.4679, -0.4118,  0.4513,  0.3534, -0.3143]],
       device='cuda:0', requires_grad=True)

Parameter name: linear_0.weight
Shape: torch.Size([32, 39])
Values: Parameter containing:
tensor([[-0.0026,  0.0833,  0.0747,  ...,  0.1624, -0.3671, -0.1137],
        [-0.0982, -0.0635,  0.1150,  ...,  0.1336, -0.3744,  0.0871],
        [-0.0180, -0.0166,  0.0344,  ...,  0.0227,  0.3249,  0.0345],
        ...,
        [ 0.0188,  0.0058,  0.0517,  ...,  0.0715, -0.4142, -0.1180],
        [ 0.0786, -0.1995, -0.0499,  ..., -0.3077,  0.2245,  0.1557],
        [-0.1797,  0.1350,  0.0369,  ...,  0.0677, -0.3661, -0.0509]],
       device='cuda:0', requires_grad=True)

Parameter name: linear_0.bias
Shape: torch.Size([32])
Values: Parameter containing:
tensor([ 0.0460,  0.0398, -0.0696, -0.1358, -0.0743,  0.0496, -0.1100,  0.0498,
        -0.0409,  0.0789,  0.0248,  0.0120,  0.0243,  0.0763, -0.0503, -0.0208,
         0.0572, -0.1564, -0.0642,  0.0379, -0.0577,  0.0324,  0.1053,  0.0082,
        -0.0881,  0.0521,  0.0440, -0.1178,  0.0549,  0.1425,  0.1668, -0.1284],
       device='cuda:0', requires_grad=True)

Parameter name: linear_1.weight
Shape: torch.Size([32, 32])
Values: Parameter containing:
tensor([[ 0.0373, -0.1975, -0.0895,  ..., -0.1433,  0.0091,  0.0630],
        [-0.2384, -0.0538,  0.1260,  ..., -0.0699,  0.0191,  0.0363],
        [ 0.1638, -0.0098, -0.1899,  ...,  0.0876, -0.0348,  0.1962],
        ...,
        [ 0.1383,  0.0924,  0.1093,  ...,  0.2536, -0.2361,  0.2400],
        [-0.0312, -0.1690,  0.0751,  ...,  0.0191,  0.2404, -0.1811],
        [-0.0237, -0.1395,  0.2141,  ...,  0.0399,  0.1676, -0.0480]],
       device='cuda:0', requires_grad=True)

Parameter name: linear_1.bias
Shape: torch.Size([32])
Values: Parameter containing:
tensor([ 0.1104,  0.1651, -0.0672, -0.0856, -0.0021, -0.0431, -0.0612, -0.0394,
         0.1387, -0.1828,  0.1171, -0.1265,  0.1973,  0.1074, -0.1214,  0.1426,
        -0.1396, -0.1765,  0.0492, -0.0100, -0.0097,  0.0835, -0.2045,  0.2447,
        -0.0403, -0.0049,  0.0702, -0.0262, -0.1389, -0.0709,  0.1360,  0.0411],
       device='cuda:0', requires_grad=True)

Parameter name: linear_2.weight
Shape: torch.Size([1, 32])
Values: Parameter containing:
tensor([[ 0.7257,  0.6570, -0.7350, -0.7079,  0.5976,  0.6082, -0.6433,  0.6161,
          0.6205, -0.6758, -0.6204,  0.6143,  0.6089,  0.6008,  0.6456,  0.6631,
         -0.7089, -0.7194,  0.5708,  0.6266, -0.6813, -0.6622, -0.7222,  0.5594,
          0.7084,  0.7194, -0.7008,  0.7213, -0.6413, -0.7074,  0.7017,  0.7174]],
       device='cuda:0', requires_grad=True)

Parameter name: linear_2.bias
Shape: torch.Size([1])
Values: Parameter containing:
tensor([0.4309], device='cuda:0', requires_grad=True)

