Parameter name: road_linear_0.weight
Shape: torch.Size([32, 16])
Values: Parameter containing:
tensor([[-0.3515,  0.5392,  0.0251, -0.0351,  0.3729,  0.2385,  0.4629,  0.1633,
          0.3351,  0.2038,  0.0844, -0.3116, -0.4570, -0.3035,  0.3414,  0.0776],
        [-0.0898, -0.1640,  0.0850, -0.1496,  0.1412,  0.2262,  0.0261,  0.3814,
          0.7481, -0.0701,  0.2952, -0.4572,  0.0729,  0.1402,  0.7309,  0.0954],
        [ 0.2324, -0.3022,  0.4277, -0.1567, -0.3992, -0.4087, -0.3315, -0.6425,
         -0.1591, -0.0992,  0.1668,  0.1636,  0.7314,  0.3522, -0.0807,  0.3330],
        [ 0.0336, -0.0988, -0.1613,  0.1136, -0.1362, -0.1343,  0.0334, -0.2755,
         -0.7297, -0.1504, -0.2214,  0.4874,  0.1740, -0.3724, -0.4822, -0.0772],
        [ 0.1018,  0.2513,  0.0483, -0.1863,  0.2730,  0.0408, -0.0860,  0.5237,
          0.4708,  0.0641,  0.3382, -0.2881,  0.0446, -0.0230,  0.5599,  0.0349],
        [-0.1651,  0.5926, -0.4113,  0.4358,  0.5929,  0.0421,  0.5229,  0.1611,
          0.3624,  0.2381, -0.3450, -0.2481, -0.4782,  0.1007,  0.4202, -0.1489],
        [ 0.1727, -0.0114,  0.1864, -0.0180, -0.1838, -0.1446, -0.0623, -0.4273,
         -0.5626,  0.1938, -0.1290,  0.2021, -0.1021, -0.0035, -0.5332, -0.0401],
        [-0.2295,  0.0716,  0.1525, -0.1952, -0.4745, -0.2246,  0.0041, -0.4582,
         -0.4755, -0.0184, -0.1429,  0.1888,  0.2533, -0.2960, -0.3182,  0.1793],
        [-0.1433,  0.0930,  0.1018, -0.0935, -0.2613, -0.2920, -0.0222, -0.3556,
         -0.3627, -0.0988, -0.3073,  0.2864, -0.1327, -0.0334, -0.7079, -0.0877],
        [-0.1172,  0.0779,  0.0968, -0.1596,  0.2213,  0.1210, -0.0770,  0.4697,
          0.6363, -0.2081,  0.3400, -0.1913, -0.1937,  0.1063,  0.5178, -0.0241],
        [-0.2831,  0.4676,  0.0641, -0.1289,  0.1396,  0.3884,  0.2509,  0.3146,
          0.5829,  0.1284,  0.0586, -0.1660, -0.2853,  0.2410,  0.1749, -0.2337],
        [ 0.0586,  0.0818,  0.1887, -0.0759,  0.3290,  0.0489,  0.2230,  0.3691,
          0.5072,  0.1321,  0.3863, -0.1194, -0.3699, -0.0309,  0.3668, -0.0174],
        [ 0.1725, -0.0055, -0.0260, -0.0401, -0.2559,  0.0440, -0.0105, -0.5440,
         -0.6642,  0.0788, -0.1335,  0.1912, -0.0750, -0.0076, -0.5020, -0.1221],
        [ 0.0166,  0.2045,  0.1552,  0.1501, -0.4530,  0.0127,  0.1009, -0.2970,
         -0.5924,  0.0551, -0.3224,  0.2888,  0.0402, -0.1449, -0.6868,  0.0458],
        [-0.1813, -0.1234,  0.1405, -0.1999,  0.5272,  0.3546, -0.0564,  0.3450,
          0.3373, -0.0356,  0.2264, -0.4969, -0.0044,  0.0917,  0.3747,  0.0275],
        [-0.1654, -0.3215,  0.0636,  0.1646, -0.4489, -0.0171, -0.1595, -0.5043,
         -0.4514,  0.0881, -0.0607,  0.5564,  0.1489, -0.1773, -0.1332, -0.0100],
        [ 0.0632,  0.1238, -0.0570, -0.1467, -0.4459,  0.0324,  0.0966, -0.1921,
         -0.6830,  0.0662,  0.0123,  0.4349,  0.2425,  0.0122, -0.4276, -0.2666],
        [-0.2607,  0.3263, -0.1610,  0.0679,  0.2833,  0.2856,  0.3748,  0.4127,
          0.2120,  0.1942, -0.1084, -0.3529, -0.2819, -0.1150,  0.3435, -0.1043],
        [ 0.3404, -0.4006,  0.1537, -0.2823, -0.4866, -0.4151, -0.5130, -0.1912,
         -0.5681, -0.1145,  0.2133,  0.1309,  0.5091,  0.2509, -0.1239,  0.2231],
        [ 0.4842, -0.3750,  0.2835, -0.0981, -0.6525, -0.2899, -0.5993, -0.2134,
         -0.2403, -0.2658,  0.1286,  0.4574,  0.2226,  0.1084, -0.1680,  0.2322],
        [-0.0323,  0.2247,  0.1303, -0.2076,  0.3327, -0.0714,  0.2497,  0.5079,
          0.3431, -0.1022, -0.0317, -0.3255, -0.1464, -0.0285,  0.4742, -0.1042],
        [-0.0186,  0.0424,  0.0634,  0.2983,  0.2726,  0.1213,  0.2510,  0.2075,
          0.3611,  0.1393,  0.3120, -0.5172, -0.3024, -0.2519,  0.2165,  0.1420],
        [ 0.4670, -0.4330,  0.0582, -0.1576, -0.2861, -0.4281, -0.5174, -0.4364,
         -0.4230, -0.1466,  0.3271,  0.4087,  0.1922,  0.3095, -0.0429,  0.2448],
        [-0.0159,  0.1027,  0.0754, -0.1577, -0.2757, -0.0749,  0.0154, -0.4362,
         -0.5940, -0.0607, -0.2224,  0.4381,  0.1501, -0.1507, -0.4265, -0.2252],
        [ 0.0112, -0.3250, -0.0497,  0.0441, -0.0519, -0.1839,  0.1831, -0.3670,
         -0.7207,  0.2785,  0.0715,  0.1490, -0.0350,  0.0233, -0.5865,  0.1451],
        [-0.1600, -0.0920, -0.1346,  0.2457, -0.2963, -0.1672,  0.1025, -0.5143,
         -0.4728, -0.1249, -0.3998,  0.1903,  0.0932,  0.1060, -0.6239, -0.1098],
        [ 0.4515, -0.2850,  0.3946, -0.4090, -0.5237, -0.1960, -0.7153, -0.2818,
         -0.5894, -0.0661,  0.2805,  0.3102,  0.5926,  0.3878, -0.0762,  0.4182],
        [-0.2048,  0.2569,  0.1781,  0.0843,  0.4782, -0.0089,  0.3142,  0.3716,
          0.1998, -0.0593,  0.2903, -0.4385, -0.2502, -0.0494,  0.2210,  0.0148],
        [ 0.1968, -0.1714, -0.0143, -0.0083, -0.4334, -0.2351, -0.1051, -0.5085,
         -0.2000,  0.0320, -0.0205,  0.2939,  0.4086,  0.1562, -0.1611,  0.1392],
        [-0.4040,  0.4302, -0.3500,  0.2783,  0.2034,  0.2069,  0.5952,  0.5049,
          0.5038,  0.2444,  0.0117, -0.2552, -0.2107,  0.0306,  0.2294, -0.2809],
        [-0.3685,  0.3116, -0.0392,  0.0018,  0.4852,  0.4217,  0.5789,  0.1901,
          0.4027,  0.3026, -0.3864, -0.2112, -0.5980, -0.2553,  0.1647, -0.2594],
        [-0.1468, -0.0380,  0.0327,  0.1103, -0.0871, -0.2352, -0.2696, -0.5490,
         -0.5810, -0.0575, -0.0293,  0.1227, -0.0802,  0.0297, -0.5170,  0.0040]],
       device='cuda:0', requires_grad=True)

Parameter name: road_linear_0.bias
Shape: torch.Size([32])
Values: Parameter containing:
tensor([-0.1322,  0.1467,  0.2177, -0.2231,  0.1943, -0.1790, -0.0205,  0.1519,
        -0.1416,  0.1367, -0.0981,  0.1053, -0.0523, -0.0963,  0.1642, -0.0313,
        -0.1767, -0.1082,  0.2367,  0.1390,  0.0832, -0.1305,  0.1201, -0.1183,
        -0.2120, -0.0502,  0.2462,  0.0226,  0.0436, -0.2696, -0.1036, -0.0545],
       device='cuda:0', requires_grad=True)

Parameter name: road_linear_1.weight
Shape: torch.Size([1, 32])
Values: Parameter containing:
tensor([[ 0.5731,  0.7285, -0.5273, -0.6332,  0.7036,  0.6796, -0.6501, -0.7114,
         -0.6581,  0.7672,  0.5656,  0.7367, -0.6534, -0.8130,  0.6619, -0.6266,
         -0.6728,  0.6386, -0.4903, -0.5224,  0.7832,  0.5486, -0.6368, -0.7376,
         -0.7082, -0.7328, -0.6053,  0.6801, -0.6470,  0.7018,  0.5449, -0.5714]],
       device='cuda:0', requires_grad=True)

Parameter name: linear_0.weight
Shape: torch.Size([32, 39])
Values: Parameter containing:
tensor([[-0.0292,  0.1149,  0.0547,  ...,  0.2000, -0.7052, -0.1137],
        [-0.1415, -0.0324,  0.1424,  ...,  0.0520, -0.6132,  0.0871],
        [ 0.0293, -0.0417,  0.0204,  ...,  0.0653,  0.6506,  0.0345],
        ...,
        [ 0.1386, -0.1545, -0.0414,  ..., -0.1693,  0.3181, -0.1180],
        [ 0.1121, -0.2149, -0.0736,  ..., -0.2319,  0.4934,  0.1557],
        [-0.2276,  0.2025,  0.0715,  ...,  0.0844, -0.6204, -0.0509]],
       device='cuda:0', requires_grad=True)

Parameter name: linear_0.bias
Shape: torch.Size([32])
Values: Parameter containing:
tensor([ 0.0863,  0.0259, -0.0599, -0.1326, -0.0867,  0.0451, -0.0828,  0.0689,
        -0.0411,  0.0480,  0.0509,  0.0125, -0.0238,  0.1078, -0.0200, -0.0178,
         0.0569, -0.1665, -0.0011,  0.0943, -0.0975, -0.0072,  0.1200,  0.0632,
        -0.1079,  0.1138,  0.0624, -0.1608,  0.0468,  0.1981,  0.1804, -0.1027],
       device='cuda:0', requires_grad=True)

Parameter name: linear_1.weight
Shape: torch.Size([32, 32])
Values: Parameter containing:
tensor([[ 0.0993, -0.2235,  0.0138,  ...,  0.1159, -0.0044,  0.0758],
        [-0.1855, -0.0655,  0.2145,  ...,  0.2099,  0.0089,  0.0460],
        [ 0.1402, -0.0366, -0.2393,  ..., -0.1725, -0.0087,  0.2214],
        ...,
        [ 0.1504,  0.0864,  0.0219,  ...,  0.0474, -0.2360,  0.3650],
        [ 0.0594, -0.2363,  0.1692,  ...,  0.3448,  0.2760, -0.1133],
        [ 0.0193, -0.1395,  0.2958,  ...,  0.2770,  0.1464, -0.0483]],
       device='cuda:0', requires_grad=True)

Parameter name: linear_1.bias
Shape: torch.Size([32])
Values: Parameter containing:
tensor([ 0.1600,  0.1995, -0.0615, -0.1669,  0.0405, -0.0010, -0.1021,  0.0758,
         0.2283, -0.1715,  0.1355, -0.1257,  0.2547,  0.0696, -0.0519,  0.2287,
         0.0732, -0.1968,  0.0618,  0.0785, -0.0960,  0.0629, -0.2310,  0.2342,
         0.0176, -0.0257,  0.0867, -0.0011, -0.2058, -0.0748,  0.2184,  0.0649],
       device='cuda:0', requires_grad=True)

Parameter name: linear_2.weight
Shape: torch.Size([1, 32])
Values: Parameter containing:
tensor([[ 1.2244,  1.1559, -1.2402, -1.1877,  1.0790,  1.0912, -1.1414,  1.0330,
          1.1014, -1.2075, -1.1033,  1.0852,  1.0909,  1.1272,  1.1071,  1.0789,
         -1.1976, -1.2447,  1.1116,  1.0784, -1.1338, -1.1561, -1.2679,  1.1002,
          1.1866,  1.2196, -1.2354,  1.2212, -1.1315, -1.2524,  1.1277,  1.2174]],
       device='cuda:0', requires_grad=True)

Parameter name: linear_2.bias
Shape: torch.Size([1])
Values: Parameter containing:
tensor([0.9533], device='cuda:0', requires_grad=True)

