Parameter name: road_linear_0.weight
Shape: torch.Size([32, 16])
Values: Parameter containing:
tensor([[-0.3378,  0.4296, -0.0238,  0.0116,  0.1613,  0.1904,  0.3081, -0.0398,
          0.1801,  0.2757, -0.0297, -0.1639, -0.3179, -0.3818,  0.2282,  0.0424],
        [-0.2804, -0.0358, -0.1288,  0.0279,  0.0148,  0.2708,  0.1822,  0.1702,
          0.4300,  0.1524, -0.0172, -0.2945, -0.0271, -0.0808,  0.3740, -0.1085],
        [ 0.0972, -0.0671,  0.3948, -0.1480, -0.0849, -0.3668, -0.0431, -0.4131,
          0.0327, -0.0867,  0.1300, -0.0397,  0.4228,  0.3381,  0.0873,  0.2792],
        [ 0.2712, -0.2308,  0.0867, -0.0877, -0.0473, -0.2054, -0.1309, -0.0755,
         -0.4009, -0.4051,  0.1045,  0.3657,  0.3064, -0.1113, -0.1688,  0.1556],
        [-0.1126,  0.3930, -0.1857,  0.0020,  0.1804,  0.0918,  0.0427,  0.3151,
          0.1576,  0.3078,  0.0200, -0.1765, -0.0634, -0.2650,  0.2668, -0.1784],
        [ 0.0019,  0.4034, -0.3517,  0.4054,  0.3207, -0.0361,  0.2312, -0.0561,
          0.2294,  0.2100, -0.3520, -0.0698, -0.2343,  0.1320,  0.3278, -0.0750],
        [ 0.3711, -0.0627,  0.4105, -0.1962, -0.0560, -0.2226, -0.1625, -0.2238,
         -0.2462, -0.0272,  0.1416,  0.0652, -0.0491,  0.2313, -0.2710,  0.1566],
        [-0.0570,  0.0738,  0.3624, -0.3656, -0.3371, -0.3141, -0.0733, -0.2593,
         -0.1947, -0.2224,  0.0865,  0.0433,  0.2699, -0.0797, -0.0711,  0.3584],
        [ 0.0679,  0.0007,  0.3336, -0.2863, -0.0954, -0.3711, -0.1886, -0.1213,
          0.0098, -0.3376,  0.0260,  0.0935, -0.0317,  0.2099, -0.3659,  0.1290],
        [-0.3147,  0.2089, -0.1237,  0.0213,  0.1049,  0.1741,  0.0610,  0.2470,
          0.2967,  0.0185,  0.0189, -0.0368, -0.2925, -0.1209,  0.1856, -0.2303],
        [-0.3688,  0.3819, -0.0757, -0.0095, -0.0316,  0.4383,  0.2295,  0.1188,
          0.3639,  0.2687, -0.1018, -0.0087, -0.2126,  0.0884, -0.0254, -0.3478],
        [-0.1359,  0.1311, -0.0347,  0.1098,  0.1724,  0.1310,  0.3517,  0.1452,
          0.1669,  0.3577,  0.0877,  0.0515, -0.4291, -0.2668,  0.0657, -0.2192],
        [ 0.3603, -0.1096,  0.1914, -0.2117, -0.1443, -0.0051, -0.0999, -0.3357,
         -0.3570, -0.1391,  0.1608,  0.0686, -0.0048,  0.2170, -0.2455,  0.0687],
        [ 0.2288,  0.0755,  0.3874, -0.0396, -0.3351, -0.0400, -0.0470, -0.0776,
         -0.2448, -0.1827,  0.0053,  0.1342,  0.1473,  0.0973, -0.3584,  0.2629],
        [-0.4035, -0.0106, -0.0943, -0.0085,  0.4039,  0.4373,  0.1128,  0.1351,
          0.0022,  0.2046, -0.0984, -0.3459, -0.1245, -0.1558,  0.0568, -0.1901],
        [-0.0290, -0.3962,  0.2408,  0.0247, -0.3422, -0.0466, -0.1963, -0.3098,
         -0.2146, -0.0916,  0.1941,  0.4447,  0.1840,  0.0047,  0.0646,  0.1372],
        [ 0.3019,  0.0350,  0.1942, -0.3554, -0.3325, -0.0525, -0.0655,  0.0193,
         -0.3282, -0.1897,  0.3314,  0.2855,  0.3490,  0.2855, -0.1221, -0.0371],
        [-0.2714,  0.1825, -0.2352,  0.1383,  0.1022,  0.3009,  0.2517,  0.2414,
          0.0938,  0.2800, -0.1794, -0.2239, -0.1507, -0.2068,  0.2237, -0.1580],
        [ 0.2309, -0.1634,  0.1548, -0.3069, -0.1896, -0.3947, -0.2670,  0.0399,
         -0.3746, -0.1297,  0.1880, -0.0745,  0.2106,  0.2717,  0.0570,  0.1984],
        [ 0.3800, -0.1628,  0.2795, -0.1089, -0.3170, -0.2492, -0.3429,  0.0309,
         -0.0400, -0.2882,  0.1212,  0.2582, -0.0379,  0.1335,  0.0141,  0.2089],
        [-0.1656,  0.3119, -0.0377, -0.0684,  0.2599, -0.0460,  0.2798,  0.3409,
          0.1491,  0.0697, -0.2865, -0.2555, -0.1960, -0.2062,  0.3267, -0.2490],
        [-0.1056, -0.0238, -0.0809,  0.4278,  0.0215,  0.1413,  0.2718, -0.0388,
          0.0551,  0.2930,  0.0895, -0.3008, -0.2233, -0.4128, -0.0610,  0.0173],
        [ 0.3684, -0.2131,  0.0588, -0.1764,  0.0129, -0.4087, -0.2763, -0.2156,
         -0.2407, -0.1650,  0.3096,  0.2181, -0.0734,  0.3321,  0.1281,  0.2239],
        [ 0.2332,  0.0183,  0.3322, -0.3667, -0.1949, -0.1768, -0.1462, -0.2511,
         -0.3076, -0.3215,  0.0627,  0.3295,  0.2643,  0.1207, -0.1560,  0.0065],
        [ 0.2147, -0.4164,  0.1762, -0.1395,  0.0673, -0.2540,  0.0606, -0.1547,
         -0.3624,  0.0511,  0.3841,  0.0008,  0.0534,  0.2612, -0.2863,  0.3525],
        [ 0.0605, -0.2532,  0.1056,  0.0529, -0.2426, -0.2208, -0.0292, -0.3302,
         -0.1870, -0.3723, -0.0809,  0.1264,  0.2149,  0.3516, -0.3519,  0.1064],
        [ 0.2112, -0.0482,  0.2945, -0.3499, -0.1545, -0.1078, -0.3299, -0.0057,
         -0.3462,  0.0009,  0.1838,  0.0800,  0.2247,  0.3032,  0.1174,  0.2873],
        [-0.3322,  0.2492,  0.0042,  0.2288,  0.3117,  0.0329,  0.3531,  0.1623,
         -0.0496,  0.1169,  0.0597, -0.2812, -0.2378, -0.2338, -0.0124, -0.1341],
        [ 0.2992, -0.0880,  0.1395, -0.1418, -0.2790, -0.3006, -0.1179, -0.3235,
          0.0065, -0.1182,  0.1449,  0.1434,  0.3523,  0.3245,  0.0441,  0.2654],
        [-0.2754,  0.2350, -0.3239,  0.2665, -0.0806,  0.1535,  0.3211,  0.2925,
          0.3480,  0.2428,  0.0207, -0.0820,  0.0345,  0.0370,  0.1090, -0.2365],
        [-0.2805,  0.0840, -0.0430,  0.0271,  0.1771,  0.3963,  0.3523, -0.0447,
          0.2005,  0.3276, -0.3739, -0.0097, -0.3119, -0.2863, -0.0202, -0.2433],
        [ 0.0579, -0.0777,  0.2627, -0.0760,  0.0299, -0.3340, -0.3825, -0.3440,
         -0.2725, -0.2855,  0.2330, -0.0152, -0.0217,  0.2706, -0.2483,  0.2049]],
       device='cuda:0', requires_grad=True)

Parameter name: road_linear_0.bias
Shape: torch.Size([32])
Values: Parameter containing:
tensor([-1.1337e-01, -4.7258e-03,  7.0975e-02, -6.3276e-02, -9.3821e-05,
        -9.8828e-02,  7.0930e-02,  1.2876e-01, -3.5463e-02, -2.9469e-02,
        -3.8255e-03,  7.1815e-02,  1.3673e-01,  6.6612e-02,  2.6596e-02,
         1.0114e-01, -8.1814e-02,  7.5101e-03,  6.9569e-02,  2.0864e-02,
        -5.8390e-02, -7.2607e-02, -2.6266e-02, -1.8767e-02, -8.3553e-02,
         1.6067e-01,  1.3768e-01,  2.9905e-02, -8.0062e-02, -1.8278e-01,
         5.5747e-02, -1.4398e-02], device='cuda:0', requires_grad=True)

Parameter name: road_linear_1.weight
Shape: torch.Size([1, 32])
Values: Parameter containing:
tensor([[ 0.2404,  0.3250, -0.2487, -0.2624,  0.3213,  0.3709, -0.2987, -0.3995,
         -0.3091,  0.3714,  0.2671,  0.3950, -0.2625, -0.4109,  0.3162, -0.2772,
         -0.3194,  0.3407, -0.2405, -0.2677,  0.4084,  0.2966, -0.3822, -0.3909,
         -0.3454, -0.3476, -0.3325,  0.3618, -0.3603,  0.3978,  0.3003, -0.2431]],
       device='cuda:0', requires_grad=True)

Parameter name: linear_0.weight
Shape: torch.Size([32, 39])
Values: Parameter containing:
tensor([[-0.0542,  0.1284,  0.0892,  ...,  0.1360, -0.2641, -0.1137],
        [-0.1441, -0.0225,  0.1321,  ...,  0.0712, -0.2983,  0.0871],
        [ 0.0355, -0.0556,  0.0259,  ...,  0.0535,  0.2440,  0.0345],
        ...,
        [ 0.1454, -0.1763, -0.0271,  ..., -0.1964,  0.0080, -0.1180],
        [ 0.1250, -0.2350, -0.0728,  ..., -0.2399,  0.1233,  0.1557],
        [-0.2233,  0.1791,  0.0823,  ...,  0.0615, -0.2515, -0.0509]],
       device='cuda:0', requires_grad=True)

Parameter name: linear_0.bias
Shape: torch.Size([32])
Values: Parameter containing:
tensor([ 0.0513,  0.0436, -0.0720, -0.1410, -0.0742,  0.0608, -0.1033,  0.0418,
        -0.0408,  0.0589,  0.0060,  0.0113, -0.0243,  0.0867, -0.0466,  0.0006,
         0.0493, -0.1591, -0.0351,  0.0681, -0.0628,  0.0263,  0.1165,  0.0145,
        -0.0946,  0.1087,  0.0580, -0.1155,  0.0402,  0.1735,  0.1716, -0.1167],
       device='cuda:0', requires_grad=True)

Parameter name: linear_1.weight
Shape: torch.Size([32, 32])
Values: Parameter containing:
tensor([[ 0.0763, -0.1623, -0.0952,  ...,  0.0579, -0.0412,  0.0551],
        [-0.1994, -0.0140,  0.1019,  ...,  0.1593, -0.0236,  0.0373],
        [ 0.1231, -0.0580, -0.1641,  ..., -0.1510,  0.0062,  0.1895],
        ...,
        [ 0.1200,  0.0731,  0.0926,  ...,  0.0591, -0.1968,  0.2728],
        [ 0.0076, -0.1279,  0.0452,  ...,  0.2462,  0.2063, -0.1683],
        [ 0.0079, -0.1008,  0.2098,  ...,  0.2384,  0.1286, -0.0608]],
       device='cuda:0', requires_grad=True)

Parameter name: linear_1.bias
Shape: torch.Size([32])
Values: Parameter containing:
tensor([ 0.1092,  0.1587, -0.0502, -0.1095,  0.0165, -0.0236, -0.0710, -0.0175,
         0.1502, -0.1634,  0.1110, -0.1094,  0.1916,  0.0690, -0.1244,  0.1356,
        -0.1426, -0.1693,  0.0468,  0.0274, -0.0299,  0.0826, -0.2180,  0.1996,
        -0.0202, -0.0156,  0.0723, -0.0095, -0.1561, -0.0817,  0.1281,  0.0315],
       device='cuda:0', requires_grad=True)

Parameter name: linear_2.weight
Shape: torch.Size([1, 32])
Values: Parameter containing:
tensor([[ 0.3301,  0.2487, -0.3022, -0.3039,  0.1463,  0.1661, -0.2189,  0.1791,
          0.2397, -0.2641, -0.1946,  0.2120,  0.2117,  0.1938,  0.2452,  0.2277,
         -0.3295, -0.3323,  0.1798,  0.1838, -0.2528, -0.2296, -0.3230,  0.1888,
          0.2710,  0.3335, -0.3049,  0.2921, -0.2307, -0.3208,  0.2793,  0.3131]],
       device='cuda:0', requires_grad=True)

Parameter name: linear_2.bias
Shape: torch.Size([1])
Values: Parameter containing:
tensor([0.1295], device='cuda:0', requires_grad=True)

