Parameter name: road_linear_0.weight
Shape: torch.Size([32, 16])
Values: Parameter containing:
tensor([[-2.4391e-01,  4.4228e-01,  1.1019e-01, -8.7955e-02,  2.9735e-01,
          1.4690e-01,  3.2812e-01,  9.7749e-02,  3.3437e-01,  1.5351e-01,
          1.2316e-01, -2.6013e-01, -3.5237e-01, -2.5046e-01,  3.8260e-01,
          1.4695e-01],
        [-1.1625e-01, -1.3973e-01,  4.0528e-02, -1.0714e-01,  7.6553e-02,
          2.0350e-01,  7.9375e-02,  2.5532e-01,  5.6658e-01, -1.6434e-02,
          2.1823e-01, -3.4517e-01,  6.2805e-02,  9.1384e-02,  5.8121e-01,
          5.0911e-02],
        [ 3.6724e-02, -1.4029e-01,  2.8047e-01, -6.2489e-02, -2.5068e-01,
         -2.9844e-01, -9.9212e-02, -5.5642e-01, -1.4896e-01,  8.8660e-03,
          5.3680e-02,  7.5248e-02,  5.1536e-01,  2.2615e-01, -8.4791e-02,
          1.9516e-01],
        [ 8.3910e-02, -1.5938e-01, -1.0084e-01,  5.9110e-02, -1.0820e-01,
         -1.2505e-01, -3.7905e-02, -1.6411e-01, -5.4737e-01, -2.2239e-01,
         -1.2688e-01,  4.0572e-01,  2.1550e-01, -3.0603e-01, -3.4283e-01,
         -1.8593e-02],
        [ 4.3806e-02,  3.2722e-01, -1.3729e-02, -1.3293e-01,  2.5763e-01,
          2.8217e-02, -1.3084e-02,  4.2525e-01,  2.9488e-01,  1.3971e-01,
          2.3966e-01, -2.2979e-01, -5.9111e-03, -9.3788e-02,  4.3576e-01,
         -2.5536e-02],
        [ 1.6265e-02,  4.5061e-01, -2.6448e-01,  3.3752e-01,  4.7751e-01,
         -5.9764e-02,  3.1009e-01,  8.9558e-02,  3.8128e-01,  1.3570e-01,
         -2.5170e-01, -1.8763e-01, -3.1129e-01,  2.1262e-01,  4.6920e-01,
         -1.8898e-02],
        [ 2.1979e-01, -6.0259e-02,  2.4645e-01, -7.2510e-02, -1.6875e-01,
         -1.4941e-01, -1.2563e-01, -3.3951e-01, -4.1058e-01,  1.2733e-01,
         -3.5228e-02,  1.4358e-01, -6.0295e-02,  6.2313e-02, -4.3517e-01,
          1.3945e-02],
        [-2.0467e-01,  5.5592e-02,  2.0173e-01, -2.4377e-01, -4.6219e-01,
         -2.3697e-01, -4.3225e-02, -3.7783e-01, -3.5709e-01, -7.0113e-02,
         -7.1409e-02,  1.2683e-01,  2.7386e-01, -2.4533e-01, -2.3568e-01,
          2.1945e-01],
        [-9.1323e-02,  4.6599e-02,  1.6993e-01, -1.5605e-01, -2.2021e-01,
         -2.9519e-01, -9.9321e-02, -2.3425e-01, -1.7461e-01, -1.7455e-01,
         -2.0821e-01,  1.8673e-01, -9.6104e-02,  3.7269e-02, -5.6227e-01,
         -2.4859e-02],
        [-1.6042e-01,  1.2804e-01,  4.0750e-02, -1.0856e-01,  1.8782e-01,
          1.0979e-01, -1.1817e-02,  3.5712e-01,  4.6006e-01, -1.4212e-01,
          2.5270e-01, -1.0609e-01, -2.2725e-01,  4.5562e-02,  3.7921e-01,
         -7.7838e-02],
        [-2.3704e-01,  4.1418e-01,  7.3531e-02, -1.2351e-01,  1.1221e-01,
          3.6042e-01,  2.1420e-01,  2.4803e-01,  5.3671e-01,  1.2802e-01,
          5.0320e-02, -1.0506e-01, -2.3436e-01,  2.4337e-01,  1.4874e-01,
         -2.1925e-01],
        [ 2.0622e-02,  1.1446e-01,  1.3044e-01, -2.0446e-02,  3.1006e-01,
          5.4918e-02,  2.8513e-01,  2.6889e-01,  3.5539e-01,  1.9753e-01,
          3.0363e-01, -4.2648e-02, -3.9762e-01, -9.1219e-02,  2.5496e-01,
         -6.7560e-02],
        [ 2.3181e-01, -7.9365e-02,  3.7279e-02, -9.4473e-02, -2.4638e-01,
          4.7290e-02, -8.1594e-02, -4.5868e-01, -5.0380e-01,  5.1819e-03,
         -3.0320e-02,  1.4564e-01, -1.8785e-02,  6.5190e-02, -4.0072e-01,
         -6.1722e-02],
        [ 6.0398e-02,  1.5655e-01,  2.1248e-01,  9.7840e-02, -4.0930e-01,
          2.6736e-02,  3.4555e-02, -1.7737e-01, -4.0835e-01, -1.1697e-02,
         -2.3250e-01,  1.9222e-01,  7.1158e-02, -8.2743e-02, -5.4082e-01,
          1.0074e-01],
        [-2.3359e-01, -6.7552e-02,  7.6340e-02, -1.4226e-01,  5.0244e-01,
          3.5724e-01,  1.7101e-02,  2.3795e-01,  1.6283e-01,  3.7690e-02,
          1.3102e-01, -4.1834e-01, -4.7219e-02,  2.3441e-02,  2.4557e-01,
         -3.2280e-02],
        [-1.3694e-01, -3.6863e-01,  9.9279e-02,  1.3167e-01, -4.5675e-01,
         -8.1212e-03, -1.9579e-01, -4.4431e-01, -3.5184e-01,  4.0443e-02,
          1.2208e-02,  5.2923e-01,  1.8228e-01, -1.3112e-01, -8.9293e-02,
          2.3168e-02],
        [ 1.1866e-01,  6.7322e-02,  1.4384e-02, -2.1227e-01, -4.2101e-01,
          2.5909e-02,  1.6268e-02, -7.8448e-02, -4.9222e-01, -1.1928e-02,
          1.1635e-01,  3.4635e-01,  2.8971e-01,  8.6666e-02, -2.8952e-01,
         -2.0200e-01],
        [-1.4707e-01,  2.1792e-01, -8.5595e-02,  2.5097e-02,  2.2198e-01,
          2.2459e-01,  2.4809e-01,  3.5793e-01,  2.2167e-01,  1.4294e-01,
         -6.1827e-02, -2.9886e-01, -1.7230e-01, -5.9211e-02,  3.7135e-01,
         -3.6642e-02],
        [ 1.4860e-01, -2.3478e-01,  2.2078e-02, -2.0339e-01, -3.4527e-01,
         -3.1947e-01, -2.9905e-01, -9.7470e-02, -5.5373e-01, -1.3763e-02,
          1.0597e-01,  3.4849e-02,  2.9196e-01,  1.3259e-01, -1.1552e-01,
          9.2938e-02],
        [ 3.0589e-01, -2.3403e-01,  1.4891e-01, -9.9583e-03, -4.8079e-01,
         -1.7865e-01, -3.8371e-01, -1.0939e-01, -2.0371e-01, -1.7547e-01,
          3.7740e-02,  3.6718e-01,  3.5318e-02,  6.0586e-03, -1.5429e-01,
          1.0921e-01],
        [-5.9757e-02,  2.7224e-01,  9.8511e-02, -1.7796e-01,  3.4989e-01,
         -7.9049e-02,  2.8127e-01,  4.6327e-01,  2.6722e-01, -5.8271e-02,
         -1.0109e-01, -3.1783e-01, -1.8617e-01, -7.3378e-02,  4.6019e-01,
         -1.3531e-01],
        [ 5.9797e-03,  1.4998e-04,  5.1973e-02,  3.2079e-01,  2.0287e-01,
          8.0369e-02,  2.3752e-01,  1.0398e-01,  2.5571e-01,  1.6071e-01,
          2.8047e-01, -4.2742e-01, -2.5155e-01, -2.7144e-01,  1.3650e-01,
          1.3675e-01],
        [ 2.9022e-01, -2.8382e-01, -6.8001e-02, -7.8201e-02, -1.4274e-01,
         -3.3384e-01, -3.1231e-01, -3.5036e-01, -4.0708e-01, -5.5112e-02,
          2.3105e-01,  3.2438e-01,  1.3165e-03,  2.0415e-01, -4.0049e-02,
          1.2460e-01],
        [ 4.4170e-02,  3.8908e-02,  1.4600e-01, -2.2071e-01, -2.6444e-01,
         -8.7972e-02, -6.6397e-02, -3.3788e-01, -4.2090e-01, -1.3984e-01,
         -1.1776e-01,  3.7051e-01,  2.0571e-01, -7.5308e-02, -3.0397e-01,
         -1.5976e-01],
        [ 6.5368e-02, -3.8735e-01,  1.7259e-02, -1.6341e-02, -3.6562e-02,
         -1.8686e-01,  1.0757e-01, -2.6531e-01, -5.4362e-01,  2.0477e-01,
          1.7238e-01,  7.7213e-02,  1.5890e-02,  9.5063e-02, -4.6048e-01,
          2.0669e-01],
        [-9.4886e-02, -1.7775e-01, -6.8306e-02,  1.9005e-01, -2.9510e-01,
         -1.5954e-01,  2.4205e-02, -4.3113e-01, -3.0243e-01, -2.0535e-01,
         -2.9805e-01,  1.5757e-01,  1.5513e-01,  1.8161e-01, -5.0797e-01,
         -4.5393e-02],
        [ 2.3231e-01, -1.3645e-01,  2.0818e-01, -2.8014e-01, -3.1944e-01,
         -5.2225e-02, -4.4011e-01, -1.5361e-01, -5.2027e-01,  6.0337e-02,
          1.5334e-01,  2.0019e-01,  3.3989e-01,  2.2955e-01, -4.6631e-02,
          2.4024e-01],
        [-1.9387e-01,  2.4235e-01,  1.6193e-01,  1.0678e-01,  4.5575e-01,
         -3.0744e-02,  3.1661e-01,  2.9415e-01,  1.1759e-01, -3.4491e-02,
          2.5197e-01, -3.7576e-01, -2.3361e-01, -7.2652e-02,  1.6505e-01,
          4.4002e-03],
        [ 1.4835e-01, -1.1015e-01, -1.9123e-02, -1.8596e-02, -4.0697e-01,
         -2.1777e-01, -7.4282e-02, -4.3975e-01, -1.5250e-01,  3.1794e-02,
         -1.3934e-02,  2.2563e-01,  3.5532e-01,  1.5367e-01, -1.2426e-01,
          1.2637e-01],
        [-2.3993e-01,  2.9840e-01, -2.1769e-01,  1.8958e-01,  7.7629e-02,
          1.0377e-01,  3.9226e-01,  4.3595e-01,  5.0231e-01,  1.5669e-01,
          9.8030e-02, -1.9243e-01, -4.5395e-02,  1.2997e-01,  2.6103e-01,
         -1.6561e-01],
        [-1.8129e-01,  1.5145e-01,  9.3511e-02, -7.9724e-02,  3.2957e-01,
          3.1594e-01,  3.6565e-01,  8.8076e-02,  3.7643e-01,  2.0625e-01,
         -2.8201e-01, -1.1311e-01, -3.8245e-01, -1.3985e-01,  1.5262e-01,
         -1.3068e-01],
        [-1.0312e-01, -8.0716e-02,  9.3838e-02,  5.3752e-02, -8.0295e-02,
         -2.4986e-01, -3.3588e-01, -4.5963e-01, -4.3008e-01, -1.2414e-01,
          6.0720e-02,  6.0020e-02, -3.9527e-02,  9.3651e-02, -4.1574e-01,
          5.7349e-02]], device='cuda:0', requires_grad=True)

Parameter name: road_linear_0.bias
Shape: torch.Size([32])
Values: Parameter containing:
tensor([-0.0881,  0.1129,  0.1126, -0.1322,  0.0814, -0.0924,  0.0537,  0.1324,
        -0.0807,  0.0669, -0.0167,  0.0931,  0.0775, -0.0214,  0.0774,  0.0353,
        -0.1135, -0.0108,  0.1150,  0.0630,  0.0141, -0.0671,  0.0199, -0.0344,
        -0.1263,  0.0636,  0.1896,  0.0536, -0.0664, -0.2032,  0.0081, -0.0190],
       device='cuda:0', requires_grad=True)

Parameter name: road_linear_1.weight
Shape: torch.Size([1, 32])
Values: Parameter containing:
tensor([[ 0.3649,  0.5208, -0.2941, -0.4086,  0.4852,  0.4769, -0.3948, -0.4776,
         -0.4013,  0.5422,  0.3417,  0.4975, -0.3994, -0.5698,  0.4272, -0.4247,
         -0.4183,  0.4306, -0.2802, -0.3189,  0.5674,  0.3532, -0.4225, -0.4933,
         -0.4535, -0.5212, -0.3823,  0.4815, -0.4310,  0.4885,  0.3340, -0.3358]],
       device='cuda:0', requires_grad=True)

Parameter name: linear_0.weight
Shape: torch.Size([32, 39])
Values: Parameter containing:
tensor([[-0.0315,  0.1067,  0.0633,  ...,  0.1559, -0.2526, -0.1137],
        [-0.1409, -0.0298,  0.1368,  ...,  0.0555, -0.2700,  0.0871],
        [ 0.0291, -0.0459,  0.0263,  ...,  0.0644,  0.2176,  0.0345],
        ...,
        [ 0.1424, -0.1677, -0.0359,  ..., -0.1751, -0.0239, -0.1180],
        [ 0.1196, -0.2255, -0.0758,  ..., -0.2271,  0.1054,  0.1557],
        [-0.2144,  0.1706,  0.0707,  ...,  0.0668, -0.2340, -0.0509]],
       device='cuda:0', requires_grad=True)

Parameter name: linear_0.bias
Shape: torch.Size([32])
Values: Parameter containing:
tensor([ 0.0757,  0.0320, -0.0664, -0.1408, -0.0811,  0.0452, -0.0896,  0.0693,
        -0.0371,  0.0482,  0.0431,  0.0193, -0.0229,  0.1018, -0.0292, -0.0146,
         0.0470, -0.1627, -0.0087,  0.0838, -0.0865,  0.0087,  0.1150,  0.0379,
        -0.1077,  0.1079,  0.0538, -0.1368,  0.0427,  0.1910,  0.1817, -0.1066],
       device='cuda:0', requires_grad=True)

Parameter name: linear_1.weight
Shape: torch.Size([32, 32])
Values: Parameter containing:
tensor([[ 0.0902, -0.1999, -0.0693,  ...,  0.0937, -0.0139,  0.0623],
        [-0.1930, -0.0454,  0.1378,  ...,  0.1908,  0.0018,  0.0356],
        [ 0.1220, -0.0322, -0.2009,  ..., -0.1788, -0.0163,  0.1962],
        ...,
        [ 0.1294,  0.0790,  0.0714,  ...,  0.0476, -0.2083,  0.2912],
        [ 0.0334, -0.1892,  0.0589,  ...,  0.3006,  0.2462, -0.1477],
        [ 0.0144, -0.1261,  0.2362,  ...,  0.2637,  0.1483, -0.0616]],
       device='cuda:0', requires_grad=True)

Parameter name: linear_1.bias
Shape: torch.Size([32])
Values: Parameter containing:
tensor([ 0.1390,  0.1817, -0.0684, -0.1438,  0.0337, -0.0132, -0.0919,  0.0315,
         0.1923, -0.1743,  0.1530, -0.1802,  0.2259,  0.0676, -0.0864,  0.1871,
        -0.0518, -0.1862,  0.0641,  0.0577, -0.0675,  0.0666, -0.2319,  0.2209,
         0.0027, -0.0872,  0.0874,  0.0151, -0.1850, -0.0816,  0.1758,  0.0508],
       device='cuda:0', requires_grad=True)

Parameter name: linear_2.weight
Shape: torch.Size([1, 32])
Values: Parameter containing:
tensor([[ 0.7281,  0.6535, -0.7108, -0.6947,  0.5577,  0.5748, -0.6266,  0.5504,
          0.6155, -0.6748, -0.5886,  0.6027,  0.5964,  0.6005,  0.6223,  0.5975,
         -0.7167, -0.7350,  0.5870,  0.5807, -0.6423, -0.6361, -0.7375,  0.5936,
          0.6799,  0.7239, -0.7088,  0.6908, -0.6324, -0.7282,  0.6467,  0.7134]],
       device='cuda:0', requires_grad=True)

Parameter name: linear_2.bias
Shape: torch.Size([1])
Values: Parameter containing:
tensor([0.4757], device='cuda:0', requires_grad=True)

