Parameter name: road_linear_0.weight
Shape: torch.Size([32, 16])
Values: Parameter containing:
tensor([[-0.3451,  0.4186, -0.0349,  0.0151,  0.1518,  0.1961,  0.3102, -0.0398,
          0.1819,  0.2862, -0.0167, -0.1706, -0.3072, -0.3859,  0.2206,  0.0359],
        [-0.2625, -0.0433, -0.1163,  0.0130, -0.0173,  0.2600,  0.1569,  0.1523,
          0.3923,  0.1498, -0.0049, -0.2690,  0.0071, -0.0630,  0.3383, -0.0962],
        [ 0.0946, -0.0647,  0.3971, -0.1452, -0.0720, -0.3644, -0.0401, -0.4085,
          0.0535, -0.0937,  0.1239, -0.0484,  0.4030,  0.3363,  0.0992,  0.2801],
        [ 0.2792, -0.2379,  0.0956, -0.0938, -0.0466, -0.2040, -0.1403, -0.0789,
         -0.4030, -0.4185,  0.1059,  0.3639,  0.2984, -0.1044, -0.1666,  0.1684],
        [-0.0992,  0.3777, -0.1788, -0.0106,  0.1528,  0.0884,  0.0215,  0.3019,
          0.1270,  0.3066,  0.0372, -0.1604, -0.0349, -0.2504,  0.2428, -0.1669],
        [-0.0020,  0.3873, -0.3606,  0.4079,  0.3077, -0.0288,  0.2292, -0.0582,
          0.2271,  0.2164, -0.3331, -0.0776, -0.2206,  0.1337,  0.3199, -0.0779],
        [ 0.3777, -0.0632,  0.4195, -0.2010, -0.0523, -0.2223, -0.1682, -0.2256,
         -0.2477, -0.0388,  0.1376,  0.0654, -0.0600,  0.2362, -0.2675,  0.1665],
        [-0.0518,  0.0735,  0.3703, -0.3701, -0.3322, -0.3135, -0.0781, -0.2603,
         -0.1940, -0.2336,  0.0819,  0.0423,  0.2585, -0.0758, -0.0668,  0.3681],
        [ 0.0487,  0.0116,  0.3191, -0.2691, -0.0595, -0.3618, -0.1605, -0.1023,
          0.0472, -0.3336,  0.0116,  0.0679, -0.0638,  0.1904, -0.3289,  0.1148],
        [-0.2944,  0.1932, -0.1093,  0.0026,  0.0697,  0.1644,  0.0316,  0.2267,
          0.2572,  0.0125,  0.0374, -0.0112, -0.2554, -0.0995,  0.1493, -0.2127],
        [-0.3627,  0.3753, -0.0745, -0.0145, -0.0499,  0.4366,  0.2206,  0.1112,
          0.3399,  0.2736, -0.0917,  0.0022, -0.1909,  0.0947, -0.0410, -0.3463],
        [-0.1331,  0.1308, -0.0362,  0.1083,  0.1584,  0.1287,  0.3482,  0.1407,
          0.1505,  0.3655,  0.0924,  0.0606, -0.4113, -0.2642,  0.0520, -0.2226],
        [ 0.3498, -0.0927,  0.1875, -0.2003, -0.1203, -0.0021, -0.0827, -0.3241,
         -0.3279, -0.1378,  0.1421,  0.0564, -0.0342,  0.2036, -0.2245,  0.0569],
        [ 0.2189,  0.0823,  0.3828, -0.0308, -0.3135, -0.0340, -0.0324, -0.0680,
         -0.2138, -0.1845, -0.0058,  0.1182,  0.1199,  0.0862, -0.3372,  0.2562],
        [-0.3907, -0.0117, -0.0867, -0.0184,  0.3790,  0.4292,  0.0958,  0.1221,
         -0.0298,  0.2063, -0.0911, -0.3247, -0.0963, -0.1442,  0.0304, -0.1839],
        [-0.0471, -0.3748,  0.2300,  0.0432, -0.3093, -0.0408, -0.1681, -0.2914,
         -0.1788, -0.0850,  0.1719,  0.4247,  0.1490, -0.0155,  0.0928,  0.1174],
        [ 0.3253,  0.0210,  0.2144, -0.3745, -0.3458, -0.0533, -0.0872,  0.0065,
         -0.3567, -0.2115,  0.3396,  0.2971,  0.3567,  0.3060, -0.1312, -0.0095],
        [-0.3025,  0.1942, -0.2594,  0.1602,  0.1163,  0.3047,  0.2753,  0.2570,
          0.1292,  0.3035, -0.1860, -0.2423, -0.1672, -0.2323,  0.2357, -0.1893],
        [ 0.2420, -0.1632,  0.1675, -0.3165, -0.1879, -0.3973, -0.2762,  0.0360,
         -0.3847, -0.1445,  0.1848, -0.0691,  0.2065,  0.2810,  0.0577,  0.2142],
        [ 0.3849, -0.1616,  0.2869, -0.1131, -0.3117, -0.2495, -0.3477,  0.0301,
         -0.0396, -0.2997,  0.1163,  0.2572, -0.0469,  0.1375,  0.0186,  0.2181],
        [-0.1784,  0.3017, -0.0515, -0.0614,  0.2548, -0.0377,  0.2834,  0.3433,
          0.1564,  0.0809, -0.2719, -0.2673, -0.1878, -0.2111,  0.3230, -0.2592],
        [-0.0762, -0.0486, -0.0554,  0.3973, -0.0259,  0.1245,  0.2318, -0.0683,
          0.0101,  0.2769,  0.1142, -0.2661, -0.1822, -0.3816, -0.1094,  0.0452],
        [ 0.3739, -0.2159,  0.0666, -0.1812,  0.0163, -0.4081, -0.2833, -0.2172,
         -0.2404, -0.1769,  0.3085,  0.2163, -0.0816,  0.3376,  0.1307,  0.2347],
        [ 0.2689, -0.0014,  0.3597, -0.3939, -0.2158, -0.1772, -0.1763, -0.2714,
         -0.3492, -0.3489,  0.0780,  0.3490,  0.2848,  0.1518, -0.1728,  0.0438],
        [ 0.2050, -0.4056,  0.1719, -0.1310,  0.0911, -0.2518,  0.0752, -0.1442,
         -0.3311,  0.0495,  0.3698, -0.0126,  0.0270,  0.2504, -0.2636,  0.3464],
        [ 0.0488, -0.2381,  0.1011,  0.0647, -0.2187, -0.2177, -0.0123, -0.3191,
         -0.1583, -0.3714, -0.0988,  0.1132,  0.1861,  0.3385, -0.3306,  0.0946],
        [ 0.2304, -0.0467,  0.3134, -0.3660, -0.1579, -0.1141, -0.3430, -0.0133,
         -0.3709, -0.0173,  0.1791,  0.0952,  0.2288,  0.3177,  0.1139,  0.3095],
        [-0.3264,  0.2430,  0.0044,  0.2243,  0.2937,  0.0307,  0.3442,  0.1553,
         -0.0688,  0.1223,  0.0693, -0.2711, -0.2166, -0.2279, -0.0288, -0.1327],
        [ 0.3140, -0.1003,  0.1530, -0.1529, -0.2869, -0.2994, -0.1351, -0.3314,
         -0.0079, -0.1351,  0.1521,  0.1465,  0.3518,  0.3382,  0.0399,  0.2841],
        [-0.2796,  0.2256, -0.3324,  0.2694, -0.0887,  0.1570,  0.3227,  0.2921,
          0.3482,  0.2512,  0.0332, -0.0862,  0.0452,  0.0358,  0.1039, -0.2419],
        [-0.2933,  0.0904, -0.0560,  0.0375,  0.1794,  0.3974,  0.3652, -0.0391,
          0.2120,  0.3435, -0.3760, -0.0137, -0.3098, -0.2981, -0.0186, -0.2613],
        [ 0.0725, -0.0827,  0.2766, -0.0866,  0.0263, -0.3357, -0.3959, -0.3505,
         -0.2869, -0.3017,  0.2337, -0.0090, -0.0226,  0.2828, -0.2507,  0.2226]],
       device='cuda:0', requires_grad=True)

Parameter name: road_linear_0.bias
Shape: torch.Size([32])
Values: Parameter containing:
tensor([-0.1045, -0.0045,  0.0685, -0.0634,  0.0073, -0.0878,  0.0697,  0.1274,
        -0.0393, -0.0261,  0.0020,  0.0739,  0.1322,  0.0664,  0.0267,  0.0957,
        -0.0789,  0.0080,  0.0658,  0.0176, -0.0474, -0.0710, -0.0281, -0.0125,
        -0.0906,  0.1565,  0.1326,  0.0340, -0.0777, -0.1763,  0.0573, -0.0170],
       device='cuda:0', requires_grad=True)

Parameter name: road_linear_1.weight
Shape: torch.Size([1, 32])
Values: Parameter containing:
tensor([[ 0.1875,  0.2725, -0.2015, -0.2141,  0.2687,  0.3173, -0.2504, -0.3514,
         -0.2604,  0.3171,  0.2198,  0.3446, -0.2077, -0.3587,  0.2681, -0.2206,
         -0.2712,  0.2950, -0.1932, -0.2211,  0.3546,  0.2438, -0.3378, -0.3455,
         -0.2953, -0.2943, -0.2842,  0.3093, -0.3142,  0.3492,  0.2549, -0.1962]],
       device='cuda:0', requires_grad=True)

Parameter name: linear_0.weight
Shape: torch.Size([32, 39])
Values: Parameter containing:
tensor([[-0.0338,  0.1017,  0.0848,  ...,  0.1142, -0.2344, -0.1137],
        [-0.1232, -0.0494,  0.1263,  ...,  0.0525, -0.2698,  0.0871],
        [ 0.0053, -0.0194,  0.0423,  ...,  0.0718,  0.2050,  0.0345],
        ...,
        [ 0.1270, -0.1515, -0.0241,  ..., -0.1745, -0.0252, -0.1180],
        [ 0.1022, -0.2065, -0.0641,  ..., -0.2215,  0.0923,  0.1557],
        [-0.1988,  0.1486,  0.0722,  ...,  0.0415, -0.2153, -0.0509]],
       device='cuda:0', requires_grad=True)

Parameter name: linear_0.bias
Shape: torch.Size([32])
Values: Parameter containing:
tensor([ 0.0453,  0.0401, -0.0776, -0.1427, -0.0755,  0.0614, -0.0999,  0.0438,
        -0.0329,  0.0591,  0.0109,  0.0094, -0.0348,  0.0875, -0.0458, -0.0067,
         0.0477, -0.1630, -0.0381,  0.0679, -0.0587,  0.0203,  0.1155,  0.0144,
        -0.0961,  0.1123,  0.0550, -0.1115,  0.0402,  0.1792,  0.1726, -0.1168],
       device='cuda:0', requires_grad=True)

Parameter name: linear_1.weight
Shape: torch.Size([32, 32])
Values: Parameter containing:
tensor([[ 0.0976, -0.1360, -0.1208,  ...,  0.0341, -0.0755,  0.0837],
        [-0.1736,  0.0147,  0.0706,  ...,  0.1328, -0.0605,  0.0694],
        [ 0.0946, -0.0883, -0.1301,  ..., -0.1224,  0.0446,  0.1545],
        ...,
        [ 0.0914,  0.0467,  0.1256,  ...,  0.0835, -0.1585,  0.2350],
        [ 0.0249, -0.0969,  0.0221,  ...,  0.2181,  0.1736, -0.1461],
        [ 0.0339, -0.0754,  0.1792,  ...,  0.2150,  0.0917, -0.0256]],
       device='cuda:0', requires_grad=True)

Parameter name: linear_1.bias
Shape: torch.Size([32])
Values: Parameter containing:
tensor([ 0.1036,  0.1512, -0.0413, -0.0964,  0.0005, -0.0295, -0.0599, -0.0349,
         0.1448, -0.1615,  0.1088, -0.1124,  0.1892,  0.0797, -0.1283,  0.1162,
        -0.1452, -0.1703,  0.0523,  0.0090, -0.0120,  0.0900, -0.2061,  0.2060,
        -0.0400, -0.0085,  0.0745, -0.0235, -0.1425, -0.0786,  0.1155,  0.0289],
       device='cuda:0', requires_grad=True)

Parameter name: linear_2.weight
Shape: torch.Size([1, 32])
Values: Parameter containing:
tensor([[ 0.2675,  0.1854, -0.2390, -0.2405,  0.0810,  0.1028, -0.1553,  0.1144,
          0.1772, -0.2018, -0.1315,  0.1491,  0.1488,  0.1317,  0.1826,  0.1636,
         -0.2669, -0.2698,  0.1175,  0.1192, -0.1883, -0.1662, -0.2594,  0.1269,
          0.2065,  0.2713, -0.2421,  0.2285, -0.1668, -0.2580,  0.2160,  0.2507]],
       device='cuda:0', requires_grad=True)

Parameter name: linear_2.bias
Shape: torch.Size([1])
Values: Parameter containing:
tensor([0.0695], device='cuda:0', requires_grad=True)

