Parameter name: road_linear_0.weight
Shape: torch.Size([32, 16])
Values: Parameter containing:
tensor([[-2.9076e-01,  4.6504e-01,  5.8539e-02, -4.2496e-02,  2.4726e-01,
          1.5404e-01,  3.6183e-01,  4.9684e-02,  2.8107e-01,  2.0108e-01,
          2.9509e-02, -2.0989e-01, -3.8372e-01, -3.2659e-01,  3.3744e-01,
          9.7121e-02],
        [-1.8444e-01, -5.2682e-02, -2.3900e-02, -5.1751e-02,  5.7777e-02,
          2.2346e-01,  1.5241e-01,  2.0090e-01,  4.6749e-01,  5.1018e-02,
          1.0781e-01, -2.7800e-01, -1.3425e-02,  1.3171e-02,  4.8572e-01,
         -1.4795e-02],
        [ 3.9309e-02, -1.2044e-01,  3.1225e-01, -9.2002e-02, -1.7991e-01,
         -3.1126e-01, -9.5421e-02, -4.9878e-01, -7.6323e-02, -1.0366e-02,
          9.5096e-02,  9.0871e-03,  4.8965e-01,  2.7718e-01, -3.0417e-02,
          2.2004e-01],
        [ 1.7432e-01, -2.4786e-01, -2.1582e-02, -8.7873e-03, -1.1054e-01,
         -1.5251e-01, -1.2668e-01, -1.2978e-01, -4.6952e-01, -3.0477e-01,
          1.2373e-02,  3.7047e-01,  3.2387e-01, -2.0562e-01, -2.7566e-01,
          6.2350e-02],
        [-4.3987e-02,  4.1411e-01, -9.3094e-02, -6.3800e-02,  2.5858e-01,
          5.1556e-02,  6.9640e-02,  3.9252e-01,  2.3617e-01,  2.2221e-01,
          1.0453e-01, -2.0251e-01, -1.0344e-01, -1.9497e-01,  3.7643e-01,
         -1.0649e-01],
        [ 1.0816e-02,  4.4645e-01, -2.9273e-01,  3.6726e-01,  4.1607e-01,
         -6.1370e-02,  3.0546e-01,  3.8355e-02,  3.3468e-01,  1.5479e-01,
         -3.1172e-01, -1.3359e-01, -3.0813e-01,  1.6159e-01,  4.3088e-01,
         -4.4732e-02],
        [ 2.9693e-01, -9.8821e-02,  3.1466e-01, -1.3050e-01, -1.3495e-01,
         -1.7190e-01, -1.9230e-01, -2.9716e-01, -3.4177e-01,  5.9243e-02,
          8.0773e-02,  9.6698e-02,  1.7280e-04,  1.5644e-01, -3.8021e-01,
          8.2513e-02],
        [-1.3208e-01,  3.1554e-02,  2.6654e-01, -2.9871e-01, -4.2160e-01,
         -2.6053e-01, -1.0434e-01, -3.3371e-01, -2.9064e-01, -1.3431e-01,
          3.3074e-02,  7.6673e-02,  3.1887e-01, -1.5494e-01, -1.8162e-01,
          2.8352e-01],
        [-1.8080e-02, -1.6018e-02,  2.3603e-01, -2.1218e-01, -1.7291e-01,
         -3.1916e-01, -1.7659e-01, -1.7851e-01, -6.1533e-02, -2.4214e-01,
         -7.8999e-02,  1.1358e-01, -1.4391e-02,  1.2344e-01, -4.8522e-01,
          4.1736e-02],
        [-2.3695e-01,  2.1449e-01, -2.9808e-02, -4.7149e-02,  1.7020e-01,
          1.3107e-01,  6.5017e-02,  3.0821e-01,  3.6563e-01, -7.0397e-02,
          1.2641e-01, -5.1707e-02, -3.1550e-01, -4.3220e-02,  2.9977e-01,
         -1.5026e-01],
        [-2.9619e-01,  4.2786e-01,  1.5256e-02, -7.3665e-02,  5.9265e-02,
          3.8347e-01,  2.6453e-01,  1.9667e-01,  4.6287e-01,  1.8356e-01,
         -4.5513e-02, -4.5508e-02, -2.6519e-01,  1.6136e-01,  9.0926e-02,
         -2.7575e-01],
        [-4.7699e-02,  1.5704e-01,  6.6971e-02,  3.3791e-02,  2.5406e-01,
          7.8020e-02,  3.5381e-01,  2.1190e-01,  2.5152e-01,  2.6170e-01,
          1.7988e-01,  2.8306e-02, -4.5994e-01, -1.7719e-01,  1.8339e-01,
         -1.3095e-01],
        [ 3.1314e-01, -1.4016e-01,  1.1067e-01, -1.5884e-01, -2.2774e-01,
          3.0082e-02, -1.4844e-01, -4.2261e-01, -4.5147e-01, -6.7058e-02,
          9.5092e-02,  1.1252e-01,  5.5249e-02,  1.6377e-01, -3.5222e-01,
          1.3898e-02],
        [ 1.4375e-01,  6.6939e-02,  2.8661e-01,  3.3906e-02, -3.9892e-01,
          5.3893e-03, -4.8865e-02, -1.3642e-01, -3.1752e-01, -8.8103e-02,
         -9.7521e-02,  1.4680e-01,  1.6947e-01,  1.2034e-02, -4.6776e-01,
          1.7684e-01],
        [-3.0829e-01, -2.1223e-04,  8.6933e-03, -8.4913e-02,  4.7027e-01,
          3.8333e-01,  9.4249e-02,  1.8704e-01,  6.4589e-02,  1.0635e-01,
          6.0616e-03, -3.5417e-01, -1.3296e-01, -6.3267e-02,  1.7223e-01,
         -1.0009e-01],
        [-6.6797e-02, -4.2650e-01,  1.6707e-01,  7.1448e-02, -4.3230e-01,
         -1.7611e-02, -2.5138e-01, -4.0561e-01, -3.0678e-01, -2.4631e-02,
          1.2980e-01,  4.9545e-01,  2.4746e-01, -4.0028e-02, -4.4876e-02,
          9.1717e-02],
        [ 2.0727e-01,  9.4396e-03,  8.9604e-02, -2.7629e-01, -3.9829e-01,
          2.3760e-03, -6.5630e-02, -3.8192e-02, -4.0589e-01, -9.0773e-02,
          2.5289e-01,  3.0177e-01,  3.7538e-01,  1.8861e-01, -2.2760e-01,
         -1.2522e-01],
        [-2.0002e-01,  2.2713e-01, -1.4041e-01,  7.2009e-02,  1.7971e-01,
          2.4583e-01,  2.8720e-01,  3.1460e-01,  1.7680e-01,  1.9478e-01,
         -1.4238e-01, -2.5189e-01, -1.9940e-01, -1.3612e-01,  3.2809e-01,
         -8.8560e-02],
        [ 1.6569e-01, -2.1573e-01,  6.3996e-02, -2.4138e-01, -2.7923e-01,
         -3.3659e-01, -3.0967e-01, -4.0230e-02, -4.8110e-01, -4.5173e-02,
          1.5054e-01, -3.0197e-02,  2.6865e-01,  1.9725e-01, -5.7542e-02,
          1.2831e-01],
        [ 3.1781e-01, -2.1710e-01,  1.8786e-01, -4.4676e-02, -4.1318e-01,
         -1.9352e-01, -3.9144e-01, -5.2938e-02, -1.4091e-01, -2.0310e-01,
          8.4479e-02,  3.0315e-01,  1.9289e-02,  6.5724e-02, -1.0060e-01,
          1.3966e-01],
        [-1.3050e-01,  3.3371e-01,  3.1897e-02, -1.1784e-01,  3.3982e-01,
         -6.7256e-02,  3.3452e-01,  4.3416e-01,  2.3926e-01,  5.4739e-03,
         -2.1511e-01, -2.9869e-01, -2.5841e-01, -1.6154e-01,  4.2854e-01,
         -2.0485e-01],
        [-4.5399e-02,  1.2950e-02, -1.7204e-03,  3.6748e-01,  1.1996e-01,
          9.5387e-02,  2.8775e-01,  3.8753e-02,  1.4680e-01,  2.1189e-01,
          1.7149e-01, -3.4827e-01, -2.6878e-01, -3.4891e-01,  6.4118e-02,
          8.4671e-02],
        [ 3.0535e-01, -2.6609e-01, -2.8172e-02, -1.1407e-01, -7.8835e-02,
         -3.5156e-01, -3.2134e-01, -2.9538e-01, -3.4316e-01, -8.4129e-02,
          2.7527e-01,  2.6166e-01, -1.6321e-02,  2.6435e-01,  1.3670e-02,
          1.5741e-01],
        [ 1.3782e-01, -1.2767e-02,  2.2488e-01, -2.8693e-01, -2.5617e-01,
         -1.1862e-01, -1.5024e-01, -3.0630e-01, -3.6899e-01, -2.2263e-01,
          7.2217e-03,  3.3870e-01,  2.8917e-01,  2.8812e-02, -2.5366e-01,
         -8.0691e-02],
        [ 1.4603e-01, -4.4753e-01,  8.7710e-02, -7.7161e-02, -1.2089e-02,
         -2.0771e-01,  3.4017e-02, -2.2428e-01, -4.5723e-01,  1.3281e-01,
          3.0415e-01,  3.2320e-02,  9.8122e-02,  1.9006e-01, -3.9878e-01,
          2.7969e-01],
        [-2.8460e-03, -2.6899e-01,  1.6165e-02,  1.1555e-01, -3.1289e-01,
         -1.8554e-01, -5.9903e-02, -4.0987e-01, -2.6303e-01, -2.9209e-01,
         -1.6487e-01,  1.5150e-01,  2.5728e-01,  2.8608e-01, -4.5700e-01,
          4.0675e-02],
        [ 1.8053e-01, -1.0774e-01,  2.1841e-01, -2.9764e-01, -2.4765e-01,
         -5.4637e-02, -3.9641e-01, -9.3821e-02, -4.5506e-01,  7.1028e-02,
          1.6656e-01,  1.3416e-01,  2.9459e-01,  2.5442e-01,  6.2880e-03,
          2.3939e-01],
        [-2.5885e-01,  2.8016e-01,  9.9656e-02,  1.6022e-01,  4.0105e-01,
         -1.3482e-02,  3.7875e-01,  2.4091e-01,  3.9397e-02,  2.6954e-02,
          1.3626e-01, -3.1389e-01, -2.8317e-01, -1.5908e-01,  1.0304e-01,
         -5.6642e-02],
        [ 2.1018e-01, -1.2450e-01,  3.9999e-02, -6.8551e-02, -3.5639e-01,
         -2.4227e-01, -1.2990e-01, -3.8997e-01, -7.8774e-02, -2.5620e-02,
          8.2762e-02,  1.6742e-01,  3.8951e-01,  2.3663e-01, -6.6913e-02,
          1.8323e-01],
        [-2.4723e-01,  2.8752e-01, -2.5016e-01,  2.2051e-01,  1.4473e-02,
          1.1093e-01,  3.9119e-01,  3.8432e-01,  4.5272e-01,  1.7689e-01,
          4.6470e-02, -1.3473e-01, -3.6836e-02,  7.6898e-02,  2.1692e-01,
         -1.9263e-01],
        [-2.0398e-01,  1.3369e-01,  5.1159e-02, -4.2168e-02,  2.6395e-01,
          3.3524e-01,  3.8297e-01,  3.1331e-02,  3.0173e-01,  2.4005e-01,
         -3.3048e-01, -4.8064e-02, -3.6286e-01, -2.0412e-01,  9.5008e-02,
         -1.6690e-01],
        [-2.5548e-02, -1.1646e-01,  1.6335e-01, -4.9779e-03, -4.8643e-02,
         -2.7764e-01, -4.0581e-01, -4.1622e-01, -3.6191e-01, -1.9427e-01,
          1.7426e-01,  1.0816e-02,  2.2325e-02,  1.8827e-01, -3.5874e-01,
          1.2645e-01]], device='cuda:0', requires_grad=True)

Parameter name: road_linear_0.bias
Shape: torch.Size([32])
Values: Parameter containing:
tensor([-0.1234,  0.0100,  0.1075, -0.0491, -0.0044, -0.1069,  0.0941,  0.1577,
        -0.0220, -0.0259, -0.0355,  0.0521,  0.1424,  0.0684,  0.0151,  0.1004,
        -0.0609, -0.0257,  0.1071,  0.0576, -0.0503, -0.0896,  0.0124,  0.0091,
        -0.0660,  0.1569,  0.1767,  0.0142, -0.0496, -0.2095,  0.0165,  0.0153],
       device='cuda:0', requires_grad=True)

Parameter name: road_linear_1.weight
Shape: torch.Size([1, 32])
Values: Parameter containing:
tensor([[ 0.2818,  0.3740, -0.2527, -0.2895,  0.3635,  0.4080, -0.3194, -0.4132,
         -0.3210,  0.4155,  0.2789,  0.4199, -0.3024, -0.4477,  0.3317, -0.3237,
         -0.3374,  0.3604, -0.2450, -0.2722,  0.4685,  0.3028, -0.3812, -0.4083,
         -0.3684, -0.3993, -0.3420,  0.3936, -0.3706,  0.4222,  0.3014, -0.2624]],
       device='cuda:0', requires_grad=True)

Parameter name: linear_0.weight
Shape: torch.Size([32, 39])
Values: Parameter containing:
tensor([[-0.0547,  0.1308,  0.0817,  ...,  0.1368, -0.2221, -0.1137],
        [-0.1501, -0.0164,  0.1366,  ...,  0.0617, -0.2672,  0.0871],
        [ 0.0408, -0.0614,  0.0239,  ...,  0.0614,  0.2069,  0.0345],
        ...,
        [ 0.1491, -0.1796, -0.0316,  ..., -0.1860, -0.0194, -0.1180],
        [ 0.1307, -0.2409, -0.0770,  ..., -0.2316,  0.0973,  0.1557],
        [-0.2305,  0.1879,  0.0823,  ...,  0.0571, -0.2155, -0.0509]],
       device='cuda:0', requires_grad=True)

Parameter name: linear_0.bias
Shape: torch.Size([32])
Values: Parameter containing:
tensor([ 0.0610,  0.0376, -0.0694, -0.1408, -0.0765,  0.0557, -0.0957,  0.0528,
        -0.0397,  0.0522,  0.0190,  0.0151, -0.0202,  0.0959, -0.0367, -0.0063,
         0.0485, -0.1600, -0.0234,  0.0753, -0.0738,  0.0181,  0.1135,  0.0263,
        -0.0998,  0.1069,  0.0539, -0.1255,  0.0401,  0.1812,  0.1773, -0.1146],
       device='cuda:0', requires_grad=True)

Parameter name: linear_1.weight
Shape: torch.Size([32, 32])
Values: Parameter containing:
tensor([[ 0.0808, -0.1893, -0.0790,  ...,  0.0845, -0.0204,  0.0513],
        [-0.2037, -0.0361,  0.1279,  ...,  0.1821, -0.0040,  0.0233],
        [ 0.1325, -0.0384, -0.1957,  ..., -0.1726, -0.0128,  0.2088],
        ...,
        [ 0.1405,  0.0813,  0.0558,  ...,  0.0467, -0.2105,  0.3048],
        [ 0.0251, -0.1718,  0.0474,  ...,  0.2866,  0.2334, -0.1569],
        [ 0.0046, -0.1190,  0.2323,  ...,  0.2572,  0.1451, -0.0737]],
       device='cuda:0', requires_grad=True)

Parameter name: linear_1.bias
Shape: torch.Size([32])
Values: Parameter containing:
tensor([ 0.1282,  0.1713, -0.0601, -0.1337,  0.0254, -0.0216, -0.0830,  0.0171,
         0.1798, -0.1667,  0.1280, -0.1340,  0.2142,  0.0597, -0.0988,  0.1725,
        -0.1098, -0.1768,  0.0549,  0.0473, -0.0562,  0.0756, -0.2260,  0.2104,
        -0.0072, -0.0420,  0.0807,  0.0071, -0.1741, -0.0800,  0.1619,  0.0417],
       device='cuda:0', requires_grad=True)

Parameter name: linear_2.weight
Shape: torch.Size([1, 32])
Values: Parameter containing:
tensor([[ 0.5218,  0.4412, -0.4958, -0.4949,  0.3397,  0.3570, -0.4120,  0.3642,
          0.4254, -0.4556, -0.3795,  0.3975,  0.3992,  0.3825,  0.4314,  0.4128,
         -0.5142, -0.5231,  0.3721,  0.3762, -0.4437, -0.4225, -0.5165,  0.3805,
          0.4651,  0.5181, -0.4930,  0.4845, -0.4231, -0.5102,  0.4633,  0.5051]],
       device='cuda:0', requires_grad=True)

Parameter name: linear_2.bias
Shape: torch.Size([1])
Values: Parameter containing:
tensor([0.3011], device='cuda:0', requires_grad=True)

