Parameter name: road_linear_0.weight
Shape: torch.Size([32, 16])
Values: Parameter containing:
tensor([[-0.2924,  0.4649,  0.0520, -0.0414,  0.2428,  0.1529,  0.3583,  0.0457,
          0.2677,  0.2058,  0.0232, -0.2007, -0.3744, -0.3278,  0.3291,  0.0913],
        [-0.2013, -0.0464, -0.0421, -0.0386,  0.0646,  0.2322,  0.1621,  0.2041,
          0.4683,  0.0660,  0.0877, -0.2820, -0.0213, -0.0013,  0.4736, -0.0336],
        [ 0.0411, -0.1092,  0.3177, -0.0968, -0.1661, -0.3183, -0.0836, -0.4875,
         -0.0561, -0.0148,  0.0884, -0.0067,  0.4734,  0.2768, -0.0168,  0.2252],
        [ 0.1870, -0.2480, -0.0064, -0.0181, -0.1076, -0.1586, -0.1297, -0.1246,
         -0.4583, -0.3157,  0.0266,  0.3629,  0.3204, -0.1957, -0.2635,  0.0787],
        [-0.0550,  0.4171, -0.1073, -0.0555,  0.2580,  0.0545,  0.0735,  0.3888,
          0.2270,  0.2329,  0.0889, -0.1969, -0.1005, -0.2040,  0.3668, -0.1204],
        [ 0.0186,  0.4423, -0.2941,  0.3646,  0.4072, -0.0634,  0.2973,  0.0322,
          0.3197,  0.1561, -0.3094, -0.1206, -0.2971,  0.1640,  0.4220, -0.0445],
        [ 0.3050, -0.0934,  0.3265, -0.1368, -0.1270, -0.1779, -0.1901, -0.2894,
         -0.3254,  0.0517,  0.0851,  0.0852, -0.0106,  0.1618, -0.3680,  0.0937],
        [-0.1249,  0.0410,  0.2779, -0.3056, -0.4095, -0.2678, -0.0994, -0.3228,
         -0.2718, -0.1420,  0.0323,  0.0626,  0.3058, -0.1505, -0.1677,  0.2939],
        [-0.0026, -0.0125,  0.2525, -0.2246, -0.1650, -0.3286, -0.1807, -0.1676,
         -0.0459, -0.2551, -0.0641,  0.1013, -0.0194,  0.1353, -0.4693,  0.0593],
        [-0.2524,  0.2197, -0.0469, -0.0356,  0.1740,  0.1383,  0.0722,  0.3071,
          0.3596, -0.0571,  0.1066, -0.0493, -0.3170, -0.0557,  0.2885, -0.1687],
        [-0.3038,  0.4198,  0.0059, -0.0668,  0.0478,  0.3899,  0.2593,  0.1870,
          0.4440,  0.1910, -0.0471, -0.0316, -0.2521,  0.1571,  0.0775, -0.2854],
        [-0.0618,  0.1524,  0.0517,  0.0449,  0.2450,  0.0854,  0.3557,  0.2024,
          0.2348,  0.2737,  0.1672,  0.0411, -0.4514, -0.1869,  0.1691, -0.1475],
        [ 0.3197, -0.1404,  0.1215, -0.1635, -0.2248,  0.0282, -0.1493, -0.4180,
         -0.4398, -0.0745,  0.1037,  0.1052,  0.0483,  0.1693, -0.3432,  0.0237],
        [ 0.1585,  0.0641,  0.3036,  0.0228, -0.3999, -0.0022, -0.0547, -0.1321,
         -0.3087, -0.1009, -0.0801,  0.1419,  0.1688,  0.0240, -0.4555,  0.1950],
        [-0.3237, -0.0005, -0.0073, -0.0734,  0.4666,  0.3918,  0.0987,  0.1799,
          0.0523,  0.1186, -0.0094, -0.3450, -0.1301, -0.0748,  0.1581, -0.1166],
        [-0.0612, -0.4291,  0.1765,  0.0682, -0.4299, -0.0162, -0.2524, -0.4025,
         -0.2967, -0.0320,  0.1400,  0.4880,  0.2418, -0.0355, -0.0374,  0.0995],
        [ 0.2193,  0.0169,  0.1011, -0.2856, -0.3880, -0.0059, -0.0648, -0.0275,
         -0.3889, -0.1007,  0.2596,  0.2882,  0.3656,  0.1966, -0.2133, -0.1142],
        [-0.2010,  0.2196, -0.1461,  0.0741,  0.1685,  0.2493,  0.2787,  0.3060,
          0.1594,  0.1982, -0.1412, -0.2383, -0.1864, -0.1366,  0.3163, -0.0918],
        [ 0.1677, -0.2022,  0.0710, -0.2484, -0.2641, -0.3453, -0.2982, -0.0264,
         -0.4603, -0.0508,  0.1419, -0.0471,  0.2526,  0.1980, -0.0424,  0.1352],
        [ 0.3175, -0.2041,  0.1959, -0.0504, -0.3969, -0.1998, -0.3783, -0.0387,
         -0.1209, -0.2087,  0.0774,  0.2859,  0.0041,  0.0654, -0.0858,  0.1474],
        [-0.1347,  0.3384,  0.0247, -0.1141,  0.3403, -0.0706,  0.3365,  0.4330,
          0.2301,  0.0134, -0.2285, -0.2941, -0.2536, -0.1658,  0.4226, -0.2101],
        [-0.0592,  0.0027, -0.0159,  0.3799,  0.1060,  0.1047,  0.2882,  0.0243,
          0.1283,  0.2247,  0.1656, -0.3334, -0.2575, -0.3582,  0.0480,  0.0693],
        [ 0.3058, -0.2530, -0.0225, -0.1195, -0.0632, -0.3588, -0.3081, -0.2820,
         -0.3224, -0.0886,  0.2674,  0.2447, -0.0326,  0.2636,  0.0283,  0.1628],
        [ 0.1453, -0.0050,  0.2338, -0.2931, -0.2453, -0.1246, -0.1462, -0.2969,
         -0.3522, -0.2298,  0.0098,  0.3253,  0.2780,  0.0336, -0.2406, -0.0729],
        [ 0.1570, -0.4442,  0.1012, -0.0851, -0.0064, -0.2146,  0.0332, -0.2175,
         -0.4419,  0.1238,  0.3146,  0.0221,  0.0898,  0.1979, -0.3862,  0.2935],
        [ 0.0080, -0.2743,  0.0296,  0.1074, -0.3156, -0.1876, -0.0652, -0.4087,
         -0.2570, -0.3020, -0.1479,  0.1496,  0.2566,  0.2954, -0.4493,  0.0534],
        [ 0.1701, -0.0942,  0.2200, -0.2998, -0.2332, -0.0610, -0.3796, -0.0808,
         -0.4359,  0.0698,  0.1562,  0.1184,  0.2790,  0.2490,  0.0198,  0.2392],
        [-0.2690,  0.2769,  0.0860,  0.1686,  0.3931, -0.0094,  0.3783,  0.2329,
          0.0244,  0.0378,  0.1272, -0.3026, -0.2744, -0.1657,  0.0909, -0.0716],
        [ 0.2196, -0.1153,  0.0496, -0.0766, -0.3437, -0.2498, -0.1250, -0.3789,
         -0.0593, -0.0336,  0.0848,  0.1522,  0.3761,  0.2420, -0.0526,  0.1931],
        [-0.2397,  0.2804, -0.2530,  0.2193,  0.0036,  0.1118,  0.3798,  0.3762,
          0.4357,  0.1782,  0.0521, -0.1219, -0.0236,  0.0804,  0.2066, -0.1947],
        [-0.2091,  0.1200,  0.0432, -0.0339,  0.2481,  0.3447,  0.3730,  0.0168,
          0.2803,  0.2467, -0.3238, -0.0304, -0.3468, -0.2071,  0.0793, -0.1753],
        [-0.0176, -0.1105,  0.1726, -0.0112, -0.0394, -0.2833, -0.4022, -0.4080,
         -0.3448, -0.2014,  0.1788, -0.0020,  0.0108,  0.1931, -0.3461,  0.1352]],
       device='cuda:0', requires_grad=True)

Parameter name: road_linear_0.bias
Shape: torch.Size([32])
Values: Parameter containing:
tensor([-0.1258,  0.0052,  0.0980, -0.0503, -0.0073, -0.1069,  0.0886,  0.1492,
        -0.0286, -0.0280, -0.0285,  0.0578,  0.1433,  0.0675,  0.0186,  0.1057,
        -0.0687, -0.0208,  0.0949,  0.0475, -0.0578, -0.0788,  0.0017,  0.0028,
        -0.0709,  0.1623,  0.1654,  0.0167, -0.0578, -0.2060,  0.0288,  0.0099],
       device='cuda:0', requires_grad=True)

Parameter name: road_linear_1.weight
Shape: torch.Size([1, 32])
Values: Parameter containing:
tensor([[ 0.2900,  0.3766, -0.2650, -0.2987,  0.3724,  0.4183, -0.3300, -0.4257,
         -0.3330,  0.4227,  0.2908,  0.4304, -0.3118, -0.4563,  0.3425, -0.3327,
         -0.3478,  0.3707, -0.2574, -0.2857,  0.4752,  0.3162, -0.3942, -0.4187,
         -0.3784, -0.4064, -0.3541,  0.4046, -0.3823,  0.4336,  0.3137, -0.2728]],
       device='cuda:0', requires_grad=True)

Parameter name: linear_0.weight
Shape: torch.Size([32, 39])
Values: Parameter containing:
tensor([[-0.0576,  0.1342,  0.0838,  ...,  0.1383, -0.2355, -0.1137],
        [-0.1526, -0.0130,  0.1373,  ...,  0.0635, -0.2780,  0.0871],
        [ 0.0435, -0.0650,  0.0227,  ...,  0.0595,  0.2197,  0.0345],
        ...,
        [ 0.1518, -0.1833, -0.0324,  ..., -0.1877, -0.0102, -0.1180],
        [ 0.1333, -0.2444, -0.0778,  ..., -0.2333,  0.1073,  0.1557],
        [-0.2329,  0.1908,  0.0837,  ...,  0.0590, -0.2289, -0.0509]],
       device='cuda:0', requires_grad=True)

Parameter name: linear_0.bias
Shape: torch.Size([32])
Values: Parameter containing:
tensor([ 0.0595,  0.0380, -0.0692, -0.1410, -0.0763,  0.0566, -0.0960,  0.0512,
        -0.0399,  0.0521,  0.0161,  0.0150, -0.0205,  0.0961, -0.0372, -0.0053,
         0.0481, -0.1600, -0.0247,  0.0756, -0.0728,  0.0189,  0.1137,  0.0252,
        -0.0991,  0.1070,  0.0541, -0.1257,  0.0399,  0.1807,  0.1770, -0.1154],
       device='cuda:0', requires_grad=True)

Parameter name: linear_1.weight
Shape: torch.Size([32, 32])
Values: Parameter containing:
tensor([[ 0.0812, -0.1881, -0.0838,  ...,  0.0831, -0.0202,  0.0517],
        [-0.2037, -0.0350,  0.1232,  ...,  0.1806, -0.0039,  0.0236],
        [ 0.1330, -0.0391, -0.1918,  ..., -0.1712, -0.0131,  0.2090],
        ...,
        [ 0.1418,  0.0825,  0.0562,  ...,  0.0471, -0.2120,  0.3061],
        [ 0.0264, -0.1700,  0.0427,  ...,  0.2856,  0.2336, -0.1560],
        [ 0.0044, -0.1177,  0.2281,  ...,  0.2557,  0.1452, -0.0737]],
       device='cuda:0', requires_grad=True)

Parameter name: linear_1.bias
Shape: torch.Size([32])
Values: Parameter containing:
tensor([ 0.1274,  0.1704, -0.0592, -0.1331,  0.0247, -0.0226, -0.0821,  0.0163,
         0.1793, -0.1656,  0.1261, -0.1281,  0.2139,  0.0589, -0.0992,  0.1716,
        -0.1192, -0.1761,  0.0539,  0.0466, -0.0557,  0.0767, -0.2256,  0.2095,
        -0.0084, -0.0364,  0.0800,  0.0064, -0.1733, -0.0796,  0.1613,  0.0407],
       device='cuda:0', requires_grad=True)

Parameter name: linear_2.weight
Shape: torch.Size([1, 32])
Values: Parameter containing:
tensor([[ 0.4893,  0.4073, -0.4616, -0.4643,  0.3056,  0.3236, -0.3780,  0.3381,
          0.3983, -0.4221, -0.3500,  0.3686,  0.3697,  0.3496,  0.4037,  0.3872,
         -0.4860, -0.4894,  0.3379,  0.3437, -0.4136, -0.3884, -0.4827,  0.3466,
          0.4310,  0.4892, -0.4618,  0.4516, -0.3899, -0.4780,  0.4380,  0.4715]],
       device='cuda:0', requires_grad=True)

Parameter name: linear_2.bias
Shape: torch.Size([1])
Values: Parameter containing:
tensor([0.2789], device='cuda:0', requires_grad=True)

