Parameter name: road_linear_0.weight
Shape: torch.Size([32, 16])
Values: Parameter containing:
tensor([[-3.5941e-01,  5.4226e-01,  8.5139e-03, -2.0769e-02,  3.7981e-01,
          2.5240e-01,  4.7906e-01,  1.5927e-01,  3.3980e-01,  2.0706e-01,
          7.8321e-02, -3.1179e-01, -4.7169e-01, -3.1183e-01,  3.3102e-01,
          6.6870e-02],
        [-9.5832e-02, -1.6452e-01,  8.2966e-02, -1.4648e-01,  1.4082e-01,
          2.2379e-01,  2.3544e-02,  3.7563e-01,  7.5350e-01, -6.5477e-02,
          2.9420e-01, -4.6892e-01,  6.9775e-02,  1.3531e-01,  7.4235e-01,
          8.8286e-02],
        [ 2.4694e-01, -3.1363e-01,  4.5645e-01, -1.8148e-01, -4.2233e-01,
         -4.3523e-01, -3.6418e-01, -6.4656e-01, -1.7104e-01, -1.0604e-01,
          1.7817e-01,  1.7070e-01,  7.6430e-01,  3.6826e-01, -7.2113e-02,
          3.5159e-01],
        [ 3.5753e-02, -9.3969e-02, -1.6224e-01,  1.1275e-01, -1.3325e-01,
         -1.2842e-01,  3.9666e-02, -2.6896e-01, -7.3520e-01, -1.5245e-01,
         -2.2384e-01,  4.9712e-01,  1.7253e-01, -3.7087e-01, -4.9347e-01,
         -7.3095e-02],
        [ 1.0045e-01,  2.4596e-01,  5.0224e-02, -1.8623e-01,  2.6916e-01,
          3.3545e-02, -9.3410e-02,  5.1675e-01,  4.7547e-01,  6.5659e-02,
          3.4128e-01, -2.9730e-01,  4.7186e-02, -2.3765e-02,  5.7137e-01,
          3.1375e-02],
        [-1.7807e-01,  6.0171e-01, -4.3934e-01,  4.6000e-01,  6.1204e-01,
          6.5477e-02,  5.5331e-01,  1.6390e-01,  3.7224e-01,  2.4400e-01,
         -3.5453e-01, -2.5109e-01, -5.0510e-01,  8.5884e-02,  4.0816e-01,
         -1.6636e-01],
        [ 1.6790e-01,  1.2935e-04,  1.8158e-01, -1.5712e-02, -1.8079e-01,
         -1.3542e-01, -5.1667e-02, -4.2234e-01, -5.7401e-01,  1.9656e-01,
         -1.3743e-01,  2.0906e-01, -1.0989e-01, -7.2049e-03, -5.4320e-01,
         -4.0962e-02],
        [-2.3463e-01,  8.3595e-02,  1.4762e-01, -1.9282e-01, -4.7046e-01,
         -2.1475e-01,  1.4745e-02, -4.5295e-01, -4.8530e-01, -1.5400e-02,
         -1.5162e-01,  1.9508e-01,  2.4478e-01, -2.9997e-01, -3.2688e-01,
          1.7805e-01],
        [-1.4384e-01,  1.0044e-01,  9.9135e-02, -9.3113e-02, -2.5908e-01,
         -2.8494e-01, -1.4114e-02, -3.4994e-01, -3.7085e-01, -9.9205e-02,
         -3.1232e-01,  2.9568e-01, -1.3664e-01, -3.4026e-02, -7.1927e-01,
         -8.5577e-02],
        [-1.1980e-01,  7.3839e-02,  9.6993e-02, -1.5813e-01,  2.1970e-01,
          1.1648e-01, -8.2322e-02,  4.6381e-01,  6.4392e-01, -2.0580e-01,
          3.4187e-01, -2.0113e-01, -1.9339e-01,  1.0413e-01,  5.2865e-01,
         -2.8687e-02],
        [-2.8699e-01,  4.6599e-01,  5.8986e-02, -1.2356e-01,  1.3778e-01,
          3.8998e-01,  2.5277e-01,  3.0810e-01,  5.8581e-01,  1.3007e-01,
          5.7436e-02, -1.6989e-01, -2.9050e-01,  2.3778e-01,  1.7332e-01,
         -2.3948e-01],
        [ 6.2770e-02,  7.0260e-02,  1.9332e-01, -7.7988e-02,  3.2424e-01,
          3.9721e-02,  2.1201e-01,  3.6317e-01,  5.1634e-01,  1.2972e-01,
          3.9397e-01, -1.2625e-01, -3.6240e-01, -2.7495e-02,  3.7708e-01,
         -1.7003e-02],
        [ 1.7038e-01,  3.3083e-03, -2.9471e-02, -3.8964e-02, -2.5300e-01,
          5.1961e-02, -1.4608e-03, -5.3830e-01, -6.7363e-01,  7.9638e-02,
         -1.3957e-01,  1.9920e-01, -8.0270e-02, -9.2850e-03, -5.1281e-01,
         -1.2095e-01],
        [ 1.9572e-02,  2.0804e-01,  1.5461e-01,  1.4896e-01, -4.5118e-01,
          1.8224e-02,  1.0643e-01, -2.9088e-01, -5.9826e-01,  5.2373e-02,
         -3.2430e-01,  2.9929e-01,  3.9572e-02, -1.4276e-01, -6.9820e-01,
          5.0488e-02],
        [-1.8096e-01, -1.3089e-01,  1.4321e-01, -2.0037e-01,  5.2302e-01,
          3.4647e-01, -6.4694e-02,  3.3809e-01,  3.4339e-01, -3.5155e-02,
          2.3106e-01, -5.0530e-01, -8.4812e-05,  9.2157e-02,  3.8548e-01,
          2.5201e-02],
        [-1.6957e-01, -3.0968e-01,  5.9534e-02,  1.6621e-01, -4.4289e-01,
         -8.1833e-03, -1.4918e-01, -4.9756e-01, -4.5938e-01,  9.0676e-02,
         -6.7739e-02,  5.6164e-01,  1.4159e-01, -1.8048e-01, -1.4159e-01,
         -1.0367e-02],
        [ 6.1882e-02,  1.3209e-01, -5.9914e-02, -1.4592e-01, -4.4396e-01,
          3.9710e-02,  1.0509e-01, -1.8692e-01, -6.9434e-01,  6.6532e-02,
          6.5562e-03,  4.4444e-01,  2.3809e-01,  1.1137e-02, -4.3928e-01,
         -2.6511e-01],
        [-2.7063e-01,  3.3140e-01, -1.7884e-01,  8.3333e-02,  2.9204e-01,
          3.0000e-01,  3.9294e-01,  4.0850e-01,  2.1668e-01,  1.9903e-01,
         -1.1564e-01, -3.5463e-01, -2.9884e-01, -1.2501e-01,  3.3375e-01,
         -1.1668e-01],
        [ 3.5630e-01, -4.1404e-01,  1.8126e-01, -3.0553e-01, -5.0795e-01,
         -4.4039e-01, -5.4457e-01, -1.9545e-01, -5.7822e-01, -1.2241e-01,
          2.2493e-01,  1.3973e-01,  5.4236e-01,  2.6729e-01, -1.1620e-01,
          2.4175e-01],
        [ 4.9598e-01, -3.8218e-01,  3.1093e-01, -1.2242e-01, -6.7432e-01,
         -3.1247e-01, -6.2897e-01, -2.1685e-01, -2.5176e-01, -2.7071e-01,
          1.3740e-01,  4.6164e-01,  2.4696e-01,  1.2228e-01, -1.5762e-01,
          2.4947e-01],
        [-2.6270e-02,  2.1195e-01,  1.3606e-01, -2.1063e-01,  3.2530e-01,
         -8.2953e-02,  2.3805e-01,  5.0126e-01,  3.5007e-01, -1.0584e-01,
         -2.3173e-02, -3.2887e-01, -1.3663e-01, -2.3715e-02,  4.8110e-01,
         -1.0229e-01],
        [-1.6738e-02,  3.4317e-02,  6.4437e-02,  2.9896e-01,  2.6788e-01,
          1.1685e-01,  2.4495e-01,  2.0146e-01,  3.6516e-01,  1.3786e-01,
          3.1660e-01, -5.2133e-01, -2.9953e-01, -2.5005e-01,  2.1896e-01,
          1.4052e-01],
        [ 4.8120e-01, -4.4348e-01,  8.5589e-02, -1.8136e-01, -3.0826e-01,
         -4.5209e-01, -5.4818e-01, -4.3968e-01, -4.3383e-01, -1.5326e-01,
          3.3779e-01,  4.1546e-01,  2.2109e-01,  3.2480e-01, -3.4359e-02,
          2.6283e-01],
        [-1.7019e-02,  1.1097e-01,  7.3051e-02, -1.5736e-01, -2.7388e-01,
         -6.8600e-02,  2.3453e-02, -4.3105e-01, -6.0401e-01, -6.0512e-02,
         -2.2778e-01,  4.4731e-01,  1.4616e-01, -1.5156e-01, -4.3799e-01,
         -2.2336e-01],
        [ 9.0545e-03, -3.1606e-01, -5.2959e-02,  4.5297e-02, -4.9891e-02,
         -1.7662e-01,  1.9187e-01, -3.6224e-01, -7.3356e-01,  2.7956e-01,
          6.5362e-02,  1.5774e-01, -3.9941e-02,  2.1809e-02, -5.9768e-01,
          1.4606e-01],
        [-1.5788e-01, -8.7908e-02, -1.3721e-01,  2.4611e-01, -2.9205e-01,
         -1.5843e-01,  1.1029e-01, -5.0698e-01, -4.7557e-01, -1.2740e-01,
         -4.0247e-01,  2.0013e-01,  9.0528e-02,  1.0717e-01, -6.3593e-01,
         -1.0584e-01],
        [ 4.6327e-01, -2.9569e-01,  4.2291e-01, -4.3364e-01, -5.4983e-01,
         -2.2477e-01, -7.4722e-01, -2.9258e-01, -6.0416e-01, -7.0697e-02,
          2.8773e-01,  3.2008e-01,  6.2648e-01,  4.0120e-01, -6.9889e-02,
          4.3532e-01],
        [-2.0180e-01,  2.4686e-01,  1.8077e-01,  8.3667e-02,  4.7069e-01,
         -1.6369e-02,  3.0591e-01,  3.6456e-01,  2.0407e-01, -6.1320e-02,
          2.9577e-01, -4.4207e-01, -2.4484e-01, -4.6898e-02,  2.2473e-01,
          1.4316e-02],
        [ 2.0057e-01, -1.6962e-01, -9.5241e-03, -1.3390e-02, -4.3215e-01,
         -2.3618e-01, -1.0650e-01, -5.0235e-01, -2.0351e-01,  3.0189e-02,
         -1.9751e-02,  2.9867e-01,  4.1345e-01,  1.5934e-01, -1.6035e-01,
          1.4485e-01],
        [-4.1620e-01,  4.3790e-01, -3.7667e-01,  3.0174e-01,  2.2330e-01,
          2.2872e-01,  6.2450e-01,  5.0598e-01,  5.1378e-01,  2.4971e-01,
          2.1378e-03, -2.5866e-01, -2.3532e-01,  1.6857e-02,  2.1869e-01,
         -2.9759e-01],
        [-3.8218e-01,  3.2237e-01, -6.6538e-02,  2.5185e-02,  5.0766e-01,
          4.4726e-01,  6.0948e-01,  1.9533e-01,  4.1456e-01,  3.0865e-01,
         -3.9643e-01, -2.1854e-01, -6.2879e-01, -2.7038e-01,  1.5625e-01,
         -2.7701e-01],
        [-1.5151e-01, -2.6134e-02,  2.8227e-02,  1.1227e-01, -8.4338e-02,
         -2.2677e-01, -2.5901e-01, -5.4404e-01, -5.9317e-01, -5.4730e-02,
         -3.7515e-02,  1.2983e-01, -8.7650e-02,  2.6150e-02, -5.2739e-01,
          3.2849e-03]], device='cuda:0', requires_grad=True)

Parameter name: road_linear_0.bias
Shape: torch.Size([32])
Values: Parameter containing:
tensor([-0.1269,  0.1346,  0.2085, -0.2135,  0.1828, -0.1694, -0.0248,  0.1477,
        -0.1363,  0.1285, -0.0995,  0.1059, -0.0501, -0.0844,  0.1571, -0.0331,
        -0.1729, -0.1038,  0.2301,  0.1279,  0.0878, -0.1293,  0.1115, -0.1157,
        -0.2097, -0.0337,  0.2349,  0.0236,  0.0449, -0.2599, -0.0945, -0.0587],
       device='cuda:0', requires_grad=True)

Parameter name: road_linear_1.weight
Shape: torch.Size([1, 32])
Values: Parameter containing:
tensor([[ 0.5762,  0.7374, -0.5409, -0.6423,  0.7108,  0.6908, -0.6590, -0.7186,
         -0.6697,  0.7743,  0.5665,  0.7431, -0.6621, -0.8248,  0.6703, -0.6288,
         -0.6847,  0.6427, -0.5032, -0.5326,  0.7863,  0.5524, -0.6478, -0.7476,
         -0.7176, -0.7400, -0.6230,  0.6812, -0.6478,  0.7116,  0.5564, -0.5770]],
       device='cuda:0', requires_grad=True)

Parameter name: linear_0.weight
Shape: torch.Size([32, 39])
Values: Parameter containing:
tensor([[-0.0305,  0.1192,  0.0542,  ...,  0.2015, -0.7415, -0.1137],
        [-0.1426, -0.0312,  0.1433,  ...,  0.0513, -0.6392,  0.0871],
        [ 0.0306, -0.0427,  0.0192,  ...,  0.0664,  0.6869,  0.0345],
        ...,
        [ 0.1395, -0.1550, -0.0423,  ..., -0.1685,  0.3420, -0.1180],
        [ 0.1124, -0.2157, -0.0736,  ..., -0.2321,  0.5151,  0.1557],
        [-0.2288,  0.2073,  0.0704,  ...,  0.0862, -0.6468, -0.0509]],
       device='cuda:0', requires_grad=True)

Parameter name: linear_0.bias
Shape: torch.Size([32])
Values: Parameter containing:
tensor([ 8.7351e-02,  2.5111e-02, -5.8806e-02, -1.3094e-01, -8.7473e-02,
         4.3923e-02, -8.1994e-02,  6.8960e-02, -4.1746e-02,  4.7650e-02,
         5.1468e-02,  1.1020e-02, -2.3846e-02,  1.0912e-01, -1.8716e-02,
        -1.7839e-02,  5.8347e-02, -1.6721e-01, -6.8242e-05,  9.5217e-02,
        -9.8947e-02, -9.1630e-03,  1.2065e-01,  6.6044e-02, -1.0750e-01,
         1.1434e-01,  6.3682e-02, -1.6412e-01,  4.7954e-02,  1.9889e-01,
         1.8022e-01, -1.0098e-01], device='cuda:0', requires_grad=True)

Parameter name: linear_1.weight
Shape: torch.Size([32, 32])
Values: Parameter containing:
tensor([[ 0.1029, -0.2260,  0.0169,  ...,  0.1190, -0.0055,  0.0818],
        [-0.1823, -0.0677,  0.2174,  ...,  0.2128,  0.0076,  0.0516],
        [ 0.1417, -0.0387, -0.2367,  ..., -0.1708, -0.0050,  0.2220],
        ...,
        [ 0.1549,  0.0834,  0.0262,  ...,  0.0507, -0.2364,  0.3751],
        [ 0.0639, -0.2401,  0.1738,  ...,  0.3491,  0.2762, -0.1064],
        [ 0.0226, -0.1418,  0.2986,  ...,  0.2800,  0.1450, -0.0425]],
       device='cuda:0', requires_grad=True)

Parameter name: linear_1.bias
Shape: torch.Size([32])
Values: Parameter containing:
tensor([ 0.1629,  0.2021, -0.0598, -0.1700,  0.0414,  0.0008, -0.1038,  0.0802,
         0.2323, -0.1696,  0.1372, -0.1193,  0.2586,  0.0693, -0.0485,  0.2326,
         0.0852, -0.1986,  0.0613,  0.0815, -0.0994,  0.0622, -0.2283,  0.2366,
         0.0200, -0.0260,  0.0901, -0.0044, -0.2084, -0.0715,  0.2225,  0.0676],
       device='cuda:0', requires_grad=True)

Parameter name: linear_2.weight
Shape: torch.Size([1, 32])
Values: Parameter containing:
tensor([[ 1.2500,  1.1828, -1.2732, -1.2129,  1.1104,  1.1212, -1.1712,  1.0565,
          1.1253, -1.2408, -1.1328,  1.1111,  1.1164,  1.1597,  1.1308,  1.1022,
         -1.2231, -1.2735,  1.1438,  1.1045, -1.1587, -1.1875, -1.3002,  1.1279,
          1.2143,  1.2481, -1.2667,  1.2542, -1.1577, -1.2829,  1.1510,  1.2449]],
       device='cuda:0', requires_grad=True)

Parameter name: linear_2.bias
Shape: torch.Size([1])
Values: Parameter containing:
tensor([0.9763], device='cuda:0', requires_grad=True)

