Parameter name: road_linear_0.weight
Shape: torch.Size([32, 16])
Values: Parameter containing:
tensor([[-0.5554,  0.7506, -0.2195, -0.3356,  0.2747, -0.3324,  0.6486,  0.0664,
          0.2944,  0.1902,  0.1939, -0.2690, -0.2098,  0.0709,  0.3207, -0.1671],
        [-0.3736,  0.1282, -0.2192, -0.2864,  0.1858, -0.1809,  0.3634,  0.3334,
          0.5678,  0.0461,  0.1311, -0.4333,  0.1137,  0.3321,  0.5465, -0.1875],
        [-0.3648,  0.4263, -0.0683, -0.0585,  0.4319, -0.3682,  0.5382,  0.0968,
          0.5416,  0.1296,  0.0237, -0.5705,  0.1337,  0.3426,  0.4846, -0.1717],
        [ 0.4067, -0.4070,  0.1912,  0.1770, -0.1860,  0.1719, -0.3635, -0.2063,
         -0.5189, -0.3084, -0.0301,  0.4561,  0.1354, -0.4269, -0.3056,  0.2689],
        [-0.2517,  0.5603, -0.2844, -0.3084,  0.2928, -0.3078,  0.2204,  0.4220,
          0.2402,  0.2095,  0.1898, -0.2615,  0.1020,  0.1069,  0.3998, -0.2757],
        [-0.1539,  0.5917, -0.4680,  0.0819,  0.4268, -0.4313,  0.4234,  0.0404,
          0.3204,  0.0429, -0.1446, -0.1749, -0.2000,  0.4753,  0.4349, -0.1965],
        [ 0.4393, -0.3243,  0.5492,  0.1750, -0.2125,  0.2837, -0.4141, -0.3560,
         -0.3645,  0.1978, -0.0538,  0.1665, -0.0579, -0.1855, -0.3267,  0.3055],
        [ 0.0672, -0.1446,  0.4732, -0.0286, -0.5055,  0.1209, -0.2815, -0.4006,
         -0.3158, -0.0396, -0.0821,  0.1666,  0.2824, -0.4367, -0.2166,  0.4842],
        [ 0.2003, -0.2391,  0.4832,  0.1018, -0.3450,  0.1875, -0.4667, -0.3545,
         -0.2124, -0.2285, -0.1952,  0.2798, -0.1304, -0.3092, -0.6026,  0.2617],
        [-0.4931,  0.3949, -0.2558, -0.2471,  0.2153, -0.2116,  0.2613,  0.3483,
          0.3820,  0.0352,  0.1168, -0.1237, -0.0245,  0.2560,  0.3077, -0.3670],
        [-0.6211,  0.6555, -0.2582, -0.3517,  0.0585, -0.0182,  0.4906,  0.2037,
          0.4540,  0.2410,  0.0513, -0.1012, -0.0314,  0.4938,  0.0585, -0.5615],
        [-0.3515,  0.3273, -0.1838, -0.1397,  0.3239, -0.2248,  0.5766,  0.2709,
          0.2884,  0.3994,  0.1699, -0.0570, -0.1722,  0.0874,  0.2495, -0.3767],
        [ 0.4849, -0.3170,  0.3003,  0.1799, -0.2543,  0.5216, -0.2939, -0.4395,
         -0.4301,  0.0527, -0.1417,  0.1592, -0.0932, -0.2696, -0.3254,  0.1714],
        [ 0.3536, -0.1080,  0.4855,  0.2426, -0.4334,  0.3531, -0.2203, -0.1702,
         -0.3053, -0.0743, -0.1558,  0.2013,  0.0267, -0.2598, -0.4487,  0.3631],
        [-0.5666,  0.2588, -0.2235, -0.3457,  0.5330, -0.0483,  0.3479,  0.2602,
          0.0998,  0.1062,  0.1001, -0.4331, -0.0029,  0.3039,  0.1762, -0.3317],
        [ 0.1060, -0.4087,  0.3588,  0.2842, -0.4323,  0.2755, -0.3512, -0.4040,
         -0.3075, -0.0019,  0.0637,  0.5440, -0.0490, -0.2776, -0.0521,  0.2298],
        [ 0.4461, -0.1762,  0.3520, -0.0724, -0.6567,  0.3563, -0.3422, -0.2593,
         -0.6283, -0.1007,  0.2169,  0.5406,  0.2739, -0.1013, -0.4292,  0.1198],
        [-0.3370,  0.3983, -0.3404, -0.1442,  0.3019, -0.0827,  0.4793,  0.4097,
          0.2461,  0.0950,  0.0037, -0.3581, -0.1722,  0.0901,  0.3261, -0.2875],
        [-0.2524,  0.3345, -0.3024, -0.2373,  0.2781, -0.4246,  0.2841,  0.5111,
          0.0711,  0.1008,  0.0189, -0.5573, -0.0125,  0.3114,  0.4389, -0.2421],
        [ 0.5933, -0.4586,  0.4431,  0.2271, -0.4210,  0.2105, -0.6087, -0.0573,
         -0.1324, -0.1884, -0.1024,  0.3255, -0.1280, -0.2841, -0.0498,  0.4082],
        [-0.2418,  0.3517, -0.1129, -0.2734,  0.4015, -0.3090,  0.4292,  0.4748,
          0.2827, -0.0375, -0.1697, -0.3903, -0.0882, -0.0057,  0.4827, -0.3105],
        [ 0.3650, -0.3687,  0.2659,  0.3024, -0.3153,  0.1264, -0.0566, -0.3247,
         -0.3676, -0.1017,  0.2467,  0.1831,  0.0353, -0.3371, -0.6378,  0.2864],
        [ 0.5276, -0.5045,  0.2093,  0.1741, -0.1625,  0.0675, -0.5279, -0.3574,
         -0.3709, -0.0441,  0.0440,  0.3324, -0.1008, -0.1070,  0.0187,  0.4064],
        [ 0.2997, -0.1641,  0.4424, -0.1201, -0.4784,  0.1620, -0.3772, -0.4829,
         -0.5385, -0.1842, -0.0786,  0.5358,  0.2635, -0.1309, -0.3522,  0.1375],
        [ 0.3883, -0.6654,  0.3255,  0.1850, -0.1147,  0.2059, -0.1978, -0.3186,
         -0.5094,  0.1023,  0.2018,  0.1412, -0.1090, -0.2130, -0.4529,  0.5052],
        [ 0.1652, -0.4199,  0.1890,  0.3790, -0.3837,  0.2019, -0.2027, -0.4707,
         -0.2812, -0.2288, -0.2899,  0.2401,  0.1476, -0.0257, -0.5201,  0.1851],
        [ 0.4266, -0.3355,  0.4764, -0.0513, -0.3123,  0.3221, -0.5983, -0.1271,
         -0.4901,  0.0761, -0.0046,  0.1999,  0.1758, -0.0743,  0.0009,  0.4975],
        [-0.5490,  0.4401, -0.1521, -0.0252,  0.4395, -0.3276,  0.5691,  0.2739,
          0.0643,  0.1416,  0.1484, -0.3828,  0.0094,  0.1159,  0.1557, -0.2904],
        [ 0.4775, -0.3168,  0.2754,  0.1099, -0.4764,  0.0608, -0.3540, -0.4925,
         -0.1578, -0.0805,  0.0392,  0.2772,  0.2249, -0.0163, -0.1622,  0.4109],
        [-0.3983,  0.4635, -0.4497, -0.0736,  0.0295, -0.2723,  0.5263,  0.3808,
          0.4194,  0.0717,  0.2330, -0.1707,  0.0164,  0.3617,  0.1358, -0.3904],
        [-0.4987,  0.3945, -0.2088, -0.2779,  0.3535, -0.0504,  0.6338,  0.1038,
          0.3472,  0.2758, -0.1665, -0.1249, -0.2083,  0.1598,  0.1420, -0.4374],
        [ 0.1333, -0.2858,  0.3666,  0.2724, -0.1850,  0.1027, -0.6374, -0.5476,
         -0.4516, -0.0940,  0.0015,  0.1558, -0.0411, -0.1231, -0.3933,  0.3185]],
       device='cuda:0', requires_grad=True)

Parameter name: road_linear_0.bias
Shape: torch.Size([32])
Values: Parameter containing:
tensor([-0.2398,  0.0939,  0.1867, -0.0851, -0.0038, -0.1080,  0.0676,  0.1036,
        -0.2210, -0.0809,  0.0267,  0.0454,  0.1136,  0.0882,  0.0030,  0.0858,
        -0.1340,  0.0669, -0.0342, -0.0870, -0.0156, -0.0267, -0.1164, -0.1419,
        -0.1225,  0.1753,  0.1234,  0.0324, -0.0764, -0.1262,  0.1241, -0.1766],
       device='cuda:0', requires_grad=True)

Parameter name: road_linear_1.weight
Shape: torch.Size([1, 32])
Values: Parameter containing:
tensor([[ 0.6297,  0.6679,  0.5926, -0.6226,  0.7229,  0.7596, -0.6109, -0.7271,
         -0.6736,  0.7731,  0.6305,  0.7778, -0.6710, -0.7343,  0.6610, -0.6474,
         -0.6385,  0.6765,  0.5991, -0.5986,  0.7138, -0.5464, -0.7231, -0.6907,
         -0.6813, -0.7439, -0.6287,  0.7224, -0.7195,  0.7114,  0.6657, -0.5794]],
       device='cuda:0', requires_grad=True)

Parameter name: linear_0.weight
Shape: torch.Size([32, 39])
Values: Parameter containing:
tensor([[ 0.2796,  0.1993, -0.0146,  ...,  0.1024, -0.1824, -0.1137],
        [-0.1230, -0.2173,  0.1776,  ..., -0.0085, -0.3920,  0.0871],
        [ 0.0100,  0.1646,  0.0802,  ...,  0.1487,  0.1376,  0.0345],
        ...,
        [-0.0426, -0.1933,  0.0661,  ..., -0.1360, -0.1760, -0.1180],
        [ 0.0212, -0.0881, -0.0103,  ..., -0.1622,  0.0164,  0.1557],
        [-0.0746,  0.1579, -0.0283,  ..., -0.0515,  0.0227, -0.0509]],
       device='cuda:0', requires_grad=True)

Parameter name: linear_0.bias
Shape: torch.Size([32])
Values: Parameter containing:
tensor([ 0.0495,  0.0593, -0.1586, -0.0491, -0.0600,  0.0424, -0.1212,  0.1126,
        -0.0455,  0.1581,  0.0157, -0.0473, -0.0599,  0.0666, -0.0718, -0.0478,
         0.1097, -0.1419, -0.0473,  0.0535, -0.0765,  0.1453,  0.1037, -0.0621,
         0.0099,  0.1214,  0.0204, -0.1402,  0.0837,  0.1843,  0.0830, -0.1370],
       device='cuda:0', requires_grad=True)

Parameter name: linear_1.weight
Shape: torch.Size([32, 32])
Values: Parameter containing:
tensor([[ 0.1911, -0.2012, -0.1152,  ..., -0.0471, -0.1253,  0.1589],
        [ 0.0550,  0.0104,  0.1524,  ..., -0.0419, -0.0324,  0.2525],
        [-0.1100, -0.0937, -0.1858,  ...,  0.0238,  0.0418,  0.0034],
        ...,
        [-0.0838,  0.0212,  0.0691,  ...,  0.2021, -0.1578,  0.1239],
        [ 0.2425, -0.1010,  0.0903,  ...,  0.0585,  0.1887,  0.0227],
        [ 0.2205, -0.0533,  0.2548,  ...,  0.0760,  0.1074,  0.1139]],
       device='cuda:0', requires_grad=True)

Parameter name: linear_1.bias
Shape: torch.Size([32])
Values: Parameter containing:
tensor([ 0.0654,  0.0171,  0.0622,  0.0269, -0.0715, -0.1222,  0.0669, -0.1827,
         0.0176, -0.0671,  0.2350, -0.1924,  0.0761,  0.1060, -0.2281, -0.0276,
        -0.0451, -0.1042, -0.0706, -0.1100,  0.1036,  0.2027, -0.1013,  0.2110,
        -0.1550, -0.0568,  0.1358, -0.1497, -0.0384,  0.0055, -0.0034, -0.0652],
       device='cuda:0', requires_grad=True)

Parameter name: linear_2.weight
Shape: torch.Size([1, 32])
Values: Parameter containing:
tensor([[ 0.3335,  0.2469, -0.3490, -0.3057,  0.2051,  0.2010, -0.2382,  0.2721,
          0.2398, -0.2419, -0.2311,  0.2222,  0.2345, -0.2056,  0.2708,  0.2224,
         -0.3261, -0.3277,  0.1967,  0.2293, -0.2928, -0.2732, -0.3430, -0.1616,
          0.3060,  0.3301, -0.3175,  0.3224, -0.2433, -0.3159,  0.3195,  0.3150]],
       device='cuda:0', requires_grad=True)

Parameter name: linear_2.bias
Shape: torch.Size([1])
Values: Parameter containing:
tensor([-0.1485], device='cuda:0', requires_grad=True)

