Parameter name: road_linear_0.weight
Shape: torch.Size([32, 16])
Values: Parameter containing:
tensor([[-3.5190e-01,  4.3060e-01, -3.7742e-02,  1.8324e-02,  1.5803e-01,
          1.9589e-01,  3.1224e-01, -3.3945e-02,  1.7774e-01,  2.8992e-01,
         -2.7776e-02, -1.7284e-01, -3.1119e-01, -3.8921e-01,  2.2328e-01,
          3.2842e-02],
        [-2.7214e-01, -3.1461e-02, -1.2323e-01,  1.9321e-02, -5.7316e-03,
          2.6414e-01,  1.6613e-01,  1.6132e-01,  4.0240e-01,  1.5543e-01,
         -1.7110e-02, -2.7849e-01, -1.2784e-03, -7.0431e-02,  3.4492e-01,
         -1.0327e-01],
        [ 1.0303e-01, -7.4531e-02,  4.0158e-01, -1.4943e-01, -8.0254e-02,
         -3.6671e-01, -4.3869e-02, -4.1575e-01,  4.7892e-02, -9.8190e-02,
          1.3521e-01, -4.1921e-02,  4.0929e-01,  3.4103e-01,  9.5993e-02,
          2.8451e-01],
        [ 2.8448e-01, -2.4504e-01,  9.8139e-02, -9.5822e-02, -5.0621e-02,
         -2.0526e-01, -1.4136e-01, -8.4227e-02, -3.9822e-01, -4.2143e-01,
          1.1539e-01,  3.6757e-01,  3.0061e-01, -1.0232e-01, -1.6679e-01,
          1.6956e-01],
        [-1.0870e-01,  3.9013e-01, -1.8498e-01, -4.4878e-03,  1.6241e-01,
          9.1431e-02,  2.9261e-02,  3.0947e-01,  1.3376e-01,  3.1186e-01,
          2.6621e-02, -1.6856e-01, -4.1649e-02, -2.5726e-01,  2.4775e-01,
         -1.7422e-01],
        [-8.9746e-03,  3.9810e-01, -3.6289e-01,  4.1078e-01,  3.1414e-01,
         -2.9115e-02,  2.3124e-01, -5.2801e-02,  2.2496e-01,  2.1965e-01,
         -3.4236e-01, -7.8987e-02, -2.2590e-01,  1.3011e-01,  3.2218e-01,
         -8.1844e-02],
        [ 3.8408e-01, -7.1490e-02,  4.2220e-01, -2.0358e-01, -5.6875e-02,
         -2.2369e-01, -1.6952e-01, -2.3095e-01, -2.4283e-01, -4.2092e-02,
          1.4715e-01,  6.8854e-02, -5.6428e-02,  2.3906e-01, -2.6861e-01,
          1.6873e-01],
        [-4.5306e-02,  6.5336e-02,  3.7293e-01, -3.7241e-01, -3.3718e-01,
         -3.1502e-01, -7.9379e-02, -2.6558e-01, -1.8984e-01, -2.3669e-01,
          9.1024e-02,  4.5899e-02,  2.6195e-01, -7.3183e-02, -6.7687e-02,
          3.7010e-01],
        [ 5.8082e-02, -8.7374e-04,  3.2655e-01, -2.7598e-01, -7.0725e-02,
         -3.6555e-01, -1.7003e-01, -1.1108e-01,  3.8251e-02, -3.3936e-01,
          2.3318e-02,  7.7252e-02, -5.6285e-02,  1.9818e-01, -3.3502e-01,
          1.2227e-01],
        [-3.0465e-01,  2.0598e-01, -1.1709e-01,  1.0426e-02,  8.1589e-02,
          1.6918e-01,  4.1468e-02,  2.3588e-01,  2.6782e-01,  1.8667e-02,
          2.5221e-02, -2.1101e-02, -2.6467e-01, -1.0813e-01,  1.5671e-01,
         -2.2172e-01],
        [-3.7081e-01,  3.8623e-01, -7.9255e-02, -1.0364e-02, -4.1287e-02,
          4.3847e-01,  2.2489e-01,  1.1822e-01,  3.4488e-01,  2.7789e-01,
         -1.0233e-01, -4.0714e-03, -1.9655e-01,  8.9733e-02, -3.8063e-02,
         -3.5096e-01],
        [-1.4054e-01,  1.4020e-01, -4.0109e-02,  1.1149e-01,  1.6626e-01,
          1.3043e-01,  3.5142e-01,  1.4723e-01,  1.5218e-01,  3.6910e-01,
          8.3044e-02,  5.4903e-02, -4.1556e-01, -2.6794e-01,  5.4164e-02,
         -2.2545e-01],
        [ 3.6040e-01, -1.0642e-01,  1.9415e-01, -2.0765e-01, -1.3137e-01,
         -5.7350e-03, -9.0888e-02, -3.3294e-01, -3.3672e-01, -1.4408e-01,
          1.5357e-01,  6.4626e-02, -2.5040e-02,  2.1153e-01, -2.3151e-01,
          6.6288e-02],
        [ 2.2782e-01,  7.1268e-02,  3.8836e-01, -3.5995e-02, -3.2293e-01,
         -3.7381e-02, -3.8978e-02, -7.5410e-02, -2.2236e-01, -1.8923e-01,
          4.5934e-03,  1.2613e-01,  1.2712e-01,  9.2398e-02, -3.4181e-01,
          2.6260e-01],
        [-3.9936e-01, -1.5648e-03, -9.2477e-02, -1.3513e-02,  3.8908e-01,
          4.3234e-01,  1.0245e-01,  1.3015e-01, -2.2056e-02,  2.1115e-01,
         -1.0269e-01, -3.3328e-01, -1.0298e-01, -1.5009e-01,  3.4824e-02,
         -1.8896e-01],
        [-3.5918e-02, -3.8910e-01,  2.3808e-01,  3.4284e-02, -3.2157e-01,
         -4.5583e-02, -1.7869e-01, -3.0077e-01, -1.8881e-01, -9.2178e-02,
          1.8368e-01,  4.3486e-01,  1.5872e-01, -6.2911e-03,  8.5134e-02,
          1.2830e-01],
        [ 3.2837e-01,  1.6793e-02,  2.1558e-01, -3.7511e-01, -3.4524e-01,
         -5.4161e-02, -8.6213e-02,  2.9207e-03, -3.5006e-01, -2.1342e-01,
          3.4843e-01,  2.9794e-01,  3.5618e-01,  3.0662e-01, -1.2939e-01,
         -9.8328e-03],
        [-3.0305e-01,  1.9656e-01, -2.5938e-01,  1.5953e-01,  1.1377e-01,
          3.0475e-01,  2.7239e-01,  2.5844e-01,  1.2021e-01,  3.0471e-01,
         -1.9350e-01, -2.4102e-01, -1.6268e-01, -2.3155e-01,  2.3207e-01,
         -1.8714e-01],
        [ 2.4839e-01, -1.7250e-01,  1.7017e-01, -3.1892e-01, -1.9297e-01,
         -3.9800e-01, -2.7758e-01,  3.0746e-02, -3.8042e-01, -1.4769e-01,
          1.9464e-01, -6.6311e-02,  2.0917e-01,  2.8364e-01,  5.7124e-02,
          2.1635e-01],
        [ 3.9148e-01, -1.7080e-01,  2.9013e-01, -1.1544e-01, -3.1672e-01,
         -2.5076e-01, -3.4907e-01,  2.4977e-02, -3.5561e-02, -3.0299e-01,
          1.2512e-01,  2.6112e-01, -4.4820e-02,  1.4043e-01,  1.8036e-02,
          2.2044e-01],
        [-1.8176e-01,  3.1041e-01, -5.2626e-02, -5.9774e-02,  2.5630e-01,
         -3.9073e-02,  2.8398e-01,  3.4747e-01,  1.5091e-01,  8.3128e-02,
         -2.8149e-01, -2.6701e-01, -1.8996e-01, -2.1283e-01,  3.2383e-01,
         -2.5988e-01],
        [-8.7390e-02, -3.4629e-02, -6.6266e-02,  4.0925e-01, -1.2305e-02,
          1.3233e-01,  2.4349e-01, -5.7858e-02,  2.1428e-02,  2.8675e-01,
          1.0113e-01, -2.7769e-01, -1.9237e-01, -3.9299e-01, -9.9575e-02,
          3.3526e-02],
        [ 3.8036e-01, -2.2376e-01,  6.9402e-02, -1.8332e-01,  1.1474e-02,
         -4.0946e-01, -2.8433e-01, -2.2241e-01, -2.3680e-01, -1.7999e-01,
          3.1762e-01,  2.2035e-01, -7.9013e-02,  3.4023e-01,  1.3043e-01,
          2.3638e-01],
        [ 2.6912e-01, -2.3288e-03,  3.5956e-01, -3.9280e-01, -2.1237e-01,
         -1.7817e-01, -1.7277e-01, -2.7247e-01, -3.4014e-01, -3.4979e-01,
          8.3976e-02,  3.4806e-01,  2.8025e-01,  1.5056e-01, -1.6848e-01,
          4.1275e-02],
        [ 2.1376e-01, -4.1693e-01,  1.7736e-01, -1.3610e-01,  8.1374e-02,
         -2.5421e-01,  6.9116e-02, -1.5185e-01, -3.4007e-01,  4.4777e-02,
          3.8106e-01, -5.5247e-03,  3.4733e-02,  2.5649e-01, -2.6822e-01,
          3.5265e-01],
        [ 5.8639e-02, -2.5012e-01,  1.0691e-01,  5.8564e-02, -2.2782e-01,
         -2.2089e-01, -1.8446e-02, -3.2635e-01, -1.6507e-01, -3.7666e-01,
         -8.7559e-02,  1.2070e-01,  1.9335e-01,  3.4530e-01, -3.3590e-01,
          1.0234e-01],
        [ 2.3493e-01, -5.4709e-02,  3.1474e-01, -3.6730e-01, -1.5980e-01,
         -1.1387e-01, -3.4271e-01, -1.7040e-02, -3.6366e-01, -1.9608e-02,
          1.8778e-01,  9.5471e-02,  2.2929e-01,  3.1918e-01,  1.1420e-01,
          3.1021e-01],
        [-3.3452e-01,  2.5373e-01,  7.7166e-05,  2.2807e-01,  3.0175e-01,
          3.2697e-02,  3.4821e-01,  1.6197e-01, -6.6988e-02,  1.2622e-01,
          5.9766e-02, -2.7713e-01, -2.2128e-01, -2.3234e-01, -2.5898e-02,
         -1.3678e-01],
        [ 3.1810e-01, -1.0480e-01,  1.5470e-01, -1.5389e-01, -2.8737e-01,
         -3.0056e-01, -1.3461e-01, -3.3588e-01, -1.0098e-03, -1.3742e-01,
          1.6074e-01,  1.4904e-01,  3.5230e-01,  3.3927e-01,  4.1113e-02,
          2.8405e-01],
        [-2.8659e-01,  2.3505e-01, -3.3470e-01,  2.7180e-01, -8.4105e-02,
          1.5751e-01,  3.2340e-01,  2.9674e-01,  3.4382e-01,  2.5437e-01,
          2.4890e-02, -8.8247e-02,  4.2681e-02,  3.2805e-02,  1.0495e-01,
         -2.4474e-01],
        [-2.9842e-01,  9.7054e-02, -5.8178e-02,  3.9177e-02,  1.8248e-01,
          3.9821e-01,  3.6561e-01, -3.4225e-02,  2.0702e-01,  3.4621e-01,
         -3.8571e-01, -1.6436e-02, -3.1157e-01, -2.9989e-01, -1.9128e-02,
         -2.6222e-01],
        [ 7.6917e-02, -8.9553e-02,  2.7851e-01, -8.8050e-02,  2.4651e-02,
         -3.3623e-01, -3.9589e-01, -3.5487e-01, -2.7979e-01, -3.0430e-01,
          2.4308e-01, -7.3553e-03, -2.2103e-02,  2.8429e-01, -2.4983e-01,
          2.2309e-01]], device='cuda:0', requires_grad=True)

Parameter name: road_linear_0.bias
Shape: torch.Size([32])
Values: Parameter containing:
tensor([-0.1137, -0.0173,  0.0775, -0.0545, -0.0031, -0.0957,  0.0773,  0.1347,
        -0.0264, -0.0377, -0.0080,  0.0649,  0.1401,  0.0752,  0.0152,  0.1044,
        -0.0719,  0.0019,  0.0739,  0.0253, -0.0569, -0.0818, -0.0202, -0.0079,
        -0.0801,  0.1642,  0.1392,  0.0245, -0.0704, -0.1831,  0.0493, -0.0085],
       device='cuda:0', requires_grad=True)

Parameter name: road_linear_1.weight
Shape: torch.Size([1, 32])
Values: Parameter containing:
tensor([[ 0.2020,  0.2868, -0.2148, -0.2269,  0.2834,  0.3313, -0.2632, -0.3640,
         -0.2743,  0.3321,  0.2328,  0.3580, -0.2238, -0.3724,  0.2814, -0.2373,
         -0.2837,  0.3069, -0.2061, -0.2339,  0.3679,  0.2596, -0.3500, -0.3571,
         -0.3095, -0.3087, -0.2967,  0.3234, -0.3263,  0.3617,  0.2672, -0.2088]],
       device='cuda:0', requires_grad=True)

Parameter name: linear_0.weight
Shape: torch.Size([32, 39])
Values: Parameter containing:
tensor([[-0.0402,  0.1102,  0.0873,  ...,  0.1275, -0.2557, -0.1137],
        [-0.1278, -0.0427,  0.1270,  ...,  0.0662, -0.2879,  0.0871],
        [ 0.0174, -0.0336,  0.0328,  ...,  0.0592,  0.2305,  0.0345],
        ...,
        [ 0.1300, -0.1568, -0.0228,  ..., -0.1909, -0.0028, -0.1180],
        [ 0.1082, -0.2143, -0.0672,  ..., -0.2342,  0.1111,  0.1557],
        [-0.2069,  0.1587,  0.0772,  ...,  0.0548, -0.2395, -0.0509]],
       device='cuda:0', requires_grad=True)

Parameter name: linear_0.bias
Shape: torch.Size([32])
Values: Parameter containing:
tensor([ 0.0465,  0.0424, -0.0721, -0.1430, -0.0758,  0.0637, -0.1026,  0.0384,
        -0.0373,  0.0593,  0.0029,  0.0113, -0.0291,  0.0853, -0.0468,  0.0015,
         0.0479, -0.1615, -0.0395,  0.0664, -0.0577,  0.0241,  0.1181,  0.0141,
        -0.0960,  0.1117,  0.0606, -0.1120,  0.0388,  0.1750,  0.1726, -0.1182],
       device='cuda:0', requires_grad=True)

Parameter name: linear_1.weight
Shape: torch.Size([32, 32])
Values: Parameter containing:
tensor([[ 0.0848, -0.1476, -0.1043,  ...,  0.0437, -0.0606,  0.0687],
        [-0.1868,  0.0022,  0.0887,  ...,  0.1434, -0.0455,  0.0550],
        [ 0.1077, -0.0754, -0.1480,  ..., -0.1335,  0.0294,  0.1693],
        ...,
        [ 0.1048,  0.0594,  0.1079,  ...,  0.0728, -0.1748,  0.2512],
        [ 0.0131, -0.1086,  0.0384,  ...,  0.2279,  0.1872, -0.1591],
        [ 0.0207, -0.0874,  0.1967,  ...,  0.2250,  0.1076, -0.0418]],
       device='cuda:0', requires_grad=True)

Parameter name: linear_1.bias
Shape: torch.Size([32])
Values: Parameter containing:
tensor([ 0.1050,  0.1547, -0.0453, -0.1006,  0.0101, -0.0246, -0.0654, -0.0290,
         0.1444, -0.1626,  0.1067, -0.1073,  0.1888,  0.0759, -0.1283,  0.1220,
        -0.1472, -0.1700,  0.0495,  0.0173, -0.0181,  0.0857, -0.2114,  0.2015,
        -0.0314, -0.0093,  0.0712, -0.0179, -0.1480, -0.0812,  0.1179,  0.0304],
       device='cuda:0', requires_grad=True)

Parameter name: linear_2.weight
Shape: torch.Size([1, 32])
Values: Parameter containing:
tensor([[ 0.2851,  0.2035, -0.2570, -0.2587,  0.1008,  0.1212, -0.1736,  0.1333,
          0.1947, -0.2194, -0.1498,  0.1672,  0.1667,  0.1495,  0.2003,  0.1819,
         -0.2848, -0.2874,  0.1355,  0.1381, -0.2070, -0.1845, -0.2775,  0.1444,
          0.2250,  0.2890, -0.2600,  0.2466, -0.1852, -0.2759,  0.2338,  0.2684]],
       device='cuda:0', requires_grad=True)

Parameter name: linear_2.bias
Shape: torch.Size([1])
Values: Parameter containing:
tensor([0.0854], device='cuda:0', requires_grad=True)

