Parameter name: road_linear_0.weight
Shape: torch.Size([32, 16])
Values: Parameter containing:
tensor([[-2.3872e-01,  4.5407e-01,  1.1959e-01, -9.4986e-02,  3.1248e-01,
          1.3440e-01,  3.2190e-01,  1.1470e-01,  3.4313e-01,  1.5393e-01,
          1.4799e-01, -2.8101e-01, -3.3773e-01, -2.3811e-01,  3.9112e-01,
          1.5407e-01],
        [-9.4934e-02, -1.5447e-01,  6.1945e-02, -1.2547e-01,  8.0728e-02,
          1.9373e-01,  5.6112e-02,  2.7627e-01,  5.9623e-01, -3.3122e-02,
          2.4979e-01, -3.6553e-01,  8.6853e-02,  1.1491e-01,  6.0531e-01,
          7.1530e-02],
        [ 3.9091e-02, -1.5942e-01,  2.7240e-01, -5.4583e-02, -2.7249e-01,
         -2.8205e-01, -9.7852e-02, -5.7936e-01, -1.6276e-01,  5.2715e-03,
          3.7808e-02,  9.9256e-02,  5.1613e-01,  2.1751e-01, -9.9702e-02,
          1.8985e-01],
        [ 6.0156e-02, -1.3966e-01, -1.2415e-01,  7.8722e-02, -1.0285e-01,
         -1.1221e-01, -1.2288e-02, -1.7995e-01, -5.7283e-01, -2.0370e-01,
         -1.6049e-01,  4.1689e-01,  1.8570e-01, -3.3184e-01, -3.6329e-01,
         -4.0576e-02],
        [ 6.6368e-02,  3.0753e-01,  8.0881e-03, -1.5064e-01,  2.5191e-01,
          1.8424e-02, -3.7194e-02,  4.3722e-01,  3.1711e-01,  1.2281e-01,
          2.7249e-01, -2.3692e-01,  2.3011e-02, -6.9173e-02,  4.5300e-01,
         -5.2809e-03],
        [ 1.2205e-02,  4.7206e-01, -2.5796e-01,  3.3173e-01,  4.9845e-01,
         -7.6660e-02,  3.1004e-01,  1.1133e-01,  3.8377e-01,  1.4217e-01,
         -2.3426e-01, -2.1226e-01, -3.0595e-01,  2.2092e-01,  4.7946e-01,
         -1.5909e-02],
        [ 2.0031e-01, -5.3991e-02,  2.2601e-01, -5.5592e-02, -1.7236e-01,
         -1.3339e-01, -1.0440e-01, -3.5660e-01, -4.3112e-01,  1.4068e-01,
         -6.7766e-02,  1.5989e-01, -8.6259e-02,  3.9174e-02, -4.5210e-01,
         -4.5856e-03],
        [-2.2208e-01,  5.4833e-02,  1.8176e-01, -2.2695e-01, -4.7010e-01,
         -2.1927e-01, -2.3049e-02, -3.9710e-01, -3.7697e-01, -5.8189e-02,
         -1.0224e-01,  1.4609e-01,  2.5184e-01, -2.6748e-01, -2.5337e-01,
          2.0177e-01],
        [-1.1409e-01,  5.8108e-02,  1.4628e-01, -1.3549e-01, -2.2271e-01,
         -2.7972e-01, -7.3798e-02, -2.5642e-01, -2.0295e-01, -1.5613e-01,
         -2.4136e-01,  2.0707e-01, -1.2272e-01,  1.1690e-02, -5.8604e-01,
         -4.6998e-02],
        [-1.3767e-01,  1.0940e-01,  6.3080e-02, -1.2730e-01,  1.8496e-01,
          9.8619e-02, -3.6351e-02,  3.7397e-01,  4.8653e-01, -1.5983e-01,
          2.8551e-01, -1.1874e-01, -1.9880e-01,  7.0265e-02,  4.0054e-01,
         -5.6704e-02],
        [-2.2280e-01,  4.1869e-01,  9.1176e-02, -1.3826e-01,  1.2239e-01,
          3.4280e-01,  1.9726e-01,  2.6745e-01,  5.5367e-01,  1.1919e-01,
          7.9696e-02, -1.2474e-01, -2.1436e-01,  2.6326e-01,  1.6471e-01,
         -2.0401e-01],
        [ 4.1138e-02,  1.0797e-01,  1.5264e-01, -3.9642e-02,  3.1407e-01,
          3.8078e-02,  2.6145e-01,  2.9032e-01,  3.7990e-01,  1.8145e-01,
          3.3572e-01, -6.2110e-02, -3.7237e-01, -6.6956e-02,  2.7637e-01,
         -4.7185e-02],
        [ 2.1160e-01, -6.6826e-02,  1.7245e-02, -7.8591e-02, -2.4551e-01,
          6.0085e-02, -6.0291e-02, -4.7081e-01, -5.2145e-01,  1.8568e-02,
         -6.3060e-02,  1.5647e-01, -4.6801e-02,  4.2003e-02, -4.1450e-01,
         -7.9834e-02],
        [ 3.7424e-02,  1.7401e-01,  1.8960e-01,  1.1719e-01, -4.0782e-01,
          3.8860e-02,  5.9564e-02, -1.9572e-01, -4.3514e-01,  6.3159e-03,
         -2.6550e-01,  2.0774e-01,  4.3180e-02, -1.0793e-01, -5.6299e-01,
          7.9195e-02],
        [-2.1135e-01, -8.1391e-02,  9.8940e-02, -1.6143e-01,  5.0232e-01,
          3.4285e-01, -7.4306e-03,  2.5723e-01,  1.8912e-01,  2.0382e-02,
          1.6381e-01, -4.3476e-01, -1.9726e-02,  4.8219e-02,  2.6716e-01,
         -1.1214e-02],
        [-1.5149e-01, -3.6189e-01,  8.4634e-02,  1.4249e-01, -4.6106e-01,
          3.4524e-04, -1.8103e-01, -4.5487e-01, -3.6590e-01,  4.8104e-02,
         -1.6993e-02,  5.4082e-01,  1.5947e-01, -1.4934e-01, -9.8159e-02,
          1.0294e-02],
        [ 9.5167e-02,  8.1303e-02, -9.4538e-03, -1.9172e-01, -4.1960e-01,
          4.2325e-02,  4.1900e-02, -9.7547e-02, -5.1746e-01,  6.5743e-03,
          8.1996e-02,  3.6252e-01,  2.6012e-01,  6.0191e-02, -3.1016e-01,
         -2.2436e-01],
        [-1.3977e-01,  2.3030e-01, -7.2665e-02,  1.4394e-02,  2.3667e-01,
          2.0749e-01,  2.3809e-01,  3.7685e-01,  2.3200e-01,  1.4048e-01,
         -3.7003e-02, -3.1983e-01, -1.5846e-01, -4.4156e-02,  3.8352e-01,
         -2.6394e-02],
        [ 1.4643e-01, -2.5237e-01,  8.4896e-03, -1.9032e-01, -3.6615e-01,
         -3.0063e-01, -2.9096e-01, -1.2180e-01, -5.6886e-01, -1.2606e-02,
          8.6416e-02,  5.8919e-02,  2.9060e-01,  1.1813e-01, -1.3306e-01,
          8.2732e-02],
        [ 3.0849e-01, -2.5563e-01,  1.3796e-01,  2.6702e-04, -5.0375e-01,
         -1.5941e-01, -3.7988e-01, -1.3351e-01, -2.1357e-01, -1.7900e-01,
          2.2213e-02,  3.9287e-01,  3.5106e-02, -4.9403e-03, -1.7083e-01,
          1.0271e-01],
        [-4.4747e-02,  2.6496e-01,  1.1332e-01, -1.8874e-01,  3.5211e-01,
         -8.8992e-02,  2.6621e-01,  4.7144e-01,  2.7783e-01, -6.5778e-02,
         -7.1082e-02, -3.2737e-01, -1.6109e-01, -5.4828e-02,  4.6633e-01,
         -1.2235e-01],
        [ 2.0880e-02,  8.5862e-03,  7.1826e-02,  3.0369e-01,  2.1832e-01,
          6.3382e-02,  2.1832e-01,  1.2740e-01,  2.7681e-01,  1.5024e-01,
          3.0962e-01, -4.5196e-01, -2.3590e-01, -2.4983e-01,  1.5724e-01,
          1.5371e-01],
        [ 2.8957e-01, -3.0277e-01, -7.9915e-02, -6.7136e-02, -1.6368e-01,
         -3.1443e-01, -3.0621e-01, -3.7374e-01, -4.1879e-01, -5.6134e-02,
          2.1262e-01,  3.4860e-01, -1.2839e-03,  1.9165e-01, -5.6082e-02,
          1.1635e-01],
        [ 2.1959e-02,  5.0252e-02,  1.2322e-01, -2.0149e-01, -2.6241e-01,
         -7.0541e-02, -4.1896e-02, -3.5447e-01, -4.4227e-01, -1.2307e-01,
         -1.5110e-01,  3.8458e-01,  1.7701e-01, -1.0059e-01, -3.2199e-01,
         -1.8070e-01],
        [ 4.2268e-02, -3.7106e-01, -5.5932e-03,  2.8543e-03, -3.3528e-02,
         -1.7183e-01,  1.3225e-01, -2.8149e-01, -5.6747e-01,  2.2215e-01,
          1.3791e-01,  9.0045e-02, -1.4820e-02,  6.9363e-02, -4.7936e-01,
          1.8529e-01],
        [-1.1868e-01, -1.5527e-01, -9.0870e-02,  2.0813e-01, -2.8402e-01,
         -1.4991e-01,  4.9428e-02, -4.3714e-01, -3.2215e-01, -1.8741e-01,
         -3.3147e-01,  1.5663e-01,  1.2409e-01,  1.5614e-01, -5.2267e-01,
         -6.6317e-02],
        [ 2.4206e-01, -1.5760e-01,  2.0227e-01, -2.7241e-01, -3.4385e-01,
         -3.5617e-02, -4.4447e-01, -1.7897e-01, -5.3031e-01,  5.2378e-02,
          1.4490e-01,  2.2494e-01,  3.4668e-01,  2.2365e-01, -6.3003e-02,
          2.3826e-01],
        [-1.7960e-01,  2.4483e-01,  1.7921e-01,  9.2634e-02,  4.6674e-01,
         -4.4618e-02,  2.9972e-01,  3.1348e-01,  1.3618e-01, -4.3385e-02,
          2.8049e-01, -3.9641e-01, -2.1484e-01, -5.3081e-02,  1.8190e-01,
          1.9237e-02],
        [ 1.3412e-01, -1.1599e-01, -3.7251e-02, -3.0816e-03, -4.1828e-01,
         -1.9971e-01, -5.6811e-02, -4.6052e-01, -1.7137e-01,  4.1258e-02,
         -4.2681e-02,  2.4644e-01,  3.3685e-01,  1.3359e-01, -1.4172e-01,
          1.1062e-01],
        [-2.4321e-01,  3.1886e-01, -2.1145e-01,  1.8430e-01,  9.8569e-02,
          8.8042e-02,  3.9246e-01,  4.5641e-01,  5.0954e-01,  1.6258e-01,
          1.1438e-01, -2.1631e-01, -4.2325e-02,  1.3733e-01,  2.7215e-01,
         -1.6246e-01],
        [-1.7842e-01,  1.6846e-01,  1.0716e-01, -9.2925e-02,  3.5010e-01,
          2.9760e-01,  3.5694e-01,  1.1248e-01,  3.9203e-01,  2.0435e-01,
         -2.6205e-01, -1.3693e-01, -3.8045e-01, -1.2508e-01,  1.7020e-01,
         -1.2015e-01],
        [-1.2315e-01, -7.3263e-02,  7.2805e-02,  7.1613e-02, -8.1830e-02,
         -2.3268e-01, -3.1376e-01, -4.7761e-01, -4.5223e-01, -1.0938e-01,
          2.8337e-02,  7.5579e-02, -6.5892e-02,  7.0156e-02, -4.3369e-01,
          3.7957e-02]], device='cuda:0', requires_grad=True)

Parameter name: road_linear_0.bias
Shape: torch.Size([32])
Values: Parameter containing:
tensor([-0.0820,  0.1477,  0.1282, -0.1712,  0.1175, -0.1131,  0.0239,  0.1208,
        -0.1115,  0.1058, -0.0096,  0.1138,  0.0419, -0.0601,  0.1143,  0.0063,
        -0.1469, -0.0156,  0.1318,  0.0841,  0.0430, -0.0709,  0.0379, -0.0638,
        -0.1667,  0.0279,  0.2094,  0.0682, -0.0679, -0.2182, -0.0082, -0.0444],
       device='cuda:0', requires_grad=True)

Parameter name: road_linear_1.weight
Shape: torch.Size([1, 32])
Values: Parameter containing:
tensor([[ 0.3830,  0.5526, -0.3012, -0.4410,  0.5169,  0.4888, -0.4188, -0.4980,
         -0.4325,  0.5735,  0.3616,  0.5244, -0.4271, -0.6026,  0.4592, -0.4507,
         -0.4449,  0.4464, -0.2845, -0.3301,  0.5909,  0.3701, -0.4319, -0.5210,
         -0.4811, -0.5511, -0.3868,  0.5064, -0.4488,  0.5032,  0.3381, -0.3593]],
       device='cuda:0', requires_grad=True)

Parameter name: linear_0.weight
Shape: torch.Size([32, 39])
Values: Parameter containing:
tensor([[-0.0324,  0.1085,  0.0634,  ...,  0.1592, -0.2771, -0.1137],
        [-0.1411, -0.0295,  0.1369,  ...,  0.0560, -0.3010,  0.0871],
        [ 0.0294, -0.0464,  0.0262,  ...,  0.0636,  0.2467,  0.0345],
        ...,
        [ 0.1418, -0.1670, -0.0356,  ..., -0.1756,  0.0132, -0.1180],
        [ 0.1193, -0.2254, -0.0754,  ..., -0.2280,  0.1349,  0.1557],
        [-0.2163,  0.1735,  0.0716,  ...,  0.0680, -0.2596, -0.0509]],
       device='cuda:0', requires_grad=True)

Parameter name: linear_0.bias
Shape: torch.Size([32])
Values: Parameter containing:
tensor([ 0.0756,  0.0321, -0.0664, -0.1407, -0.0812,  0.0454, -0.0900,  0.0684,
        -0.0375,  0.0492,  0.0422,  0.0192, -0.0231,  0.1010, -0.0294, -0.0138,
         0.0478, -0.1625, -0.0092,  0.0837, -0.0863,  0.0092,  0.1156,  0.0380,
        -0.1076,  0.1084,  0.0545, -0.1372,  0.0426,  0.1907,  0.1812, -0.1073],
       device='cuda:0', requires_grad=True)

Parameter name: linear_1.weight
Shape: torch.Size([32, 32])
Values: Parameter containing:
tensor([[ 0.0886, -0.2020, -0.0491,  ...,  0.0950, -0.0119,  0.0590],
        [-0.1940, -0.0477,  0.1567,  ...,  0.1924,  0.0040,  0.0330],
        [ 0.1228, -0.0302, -0.2162,  ..., -0.1801, -0.0183,  0.1987],
        ...,
        [ 0.1281,  0.0833,  0.0590,  ...,  0.0441, -0.2132,  0.2926],
        [ 0.0304, -0.1922,  0.0824,  ...,  0.3025,  0.2490, -0.1524],
        [ 0.0127, -0.1270,  0.2530,  ...,  0.2641,  0.1491, -0.0645]],
       device='cuda:0', requires_grad=True)

Parameter name: linear_1.bias
Shape: torch.Size([32])
Values: Parameter containing:
tensor([ 0.1395,  0.1825, -0.0691, -0.1439,  0.0350, -0.0116, -0.0927,  0.0322,
         0.1927, -0.1761,  0.1505, -0.1805,  0.2260,  0.0694, -0.0860,  0.1880,
        -0.0526, -0.1868,  0.0647,  0.0577, -0.0678,  0.0661, -0.2343,  0.2217,
         0.0037, -0.0871,  0.0846,  0.0146, -0.1858, -0.0839,  0.1767,  0.0507],
       device='cuda:0', requires_grad=True)

Parameter name: linear_2.weight
Shape: torch.Size([1, 32])
Values: Parameter containing:
tensor([[ 0.7706,  0.6964, -0.7540, -0.7369,  0.6010,  0.6180, -0.6697,  0.5918,
          0.6572, -0.7182, -0.6311,  0.6444,  0.6387,  0.6438,  0.6640,  0.6388,
         -0.7580, -0.7779,  0.6302,  0.6232, -0.6844, -0.6791, -0.7810,  0.6365,
          0.7229,  0.7655, -0.7520,  0.7337, -0.6751, -0.7717,  0.6880,  0.7561]],
       device='cuda:0', requires_grad=True)

Parameter name: linear_2.bias
Shape: torch.Size([1])
Values: Parameter containing:
tensor([0.5166], device='cuda:0', requires_grad=True)

