Parameter name: road_linear_0.weight
Shape: torch.Size([32, 16])
Values: Parameter containing:
tensor([[-0.2733,  0.4525,  0.0820, -0.0651,  0.2787,  0.1633,  0.3559,  0.0799,
          0.3200,  0.1740,  0.0731, -0.2348, -0.3813, -0.2904,  0.3653,  0.1201],
        [-0.1551, -0.1025,  0.0044, -0.0750,  0.0720,  0.2253,  0.1218,  0.2220,
          0.5196,  0.0193,  0.1607, -0.3040,  0.0164,  0.0477,  0.5348,  0.0137],
        [ 0.0388, -0.1228,  0.2978, -0.0788, -0.2159, -0.3136, -0.1046, -0.5294,
         -0.1229,  0.0037,  0.0718,  0.0391,  0.5035,  0.2497, -0.0598,  0.2084],
        [ 0.1366, -0.2087, -0.0549,  0.0187, -0.1206, -0.1512, -0.0912, -0.1460,
         -0.5092, -0.2664, -0.0515,  0.3832,  0.2847, -0.2492, -0.3070,  0.0293],
        [-0.0107,  0.3779, -0.0616, -0.0918,  0.2748,  0.0562,  0.0417,  0.4142,
          0.2722,  0.1858,  0.1638, -0.2175, -0.0765, -0.1531,  0.4070, -0.0742],
        [ 0.0115,  0.4396, -0.2797,  0.3512,  0.4478, -0.0462,  0.3159,  0.0676,
          0.3704,  0.1397, -0.2791, -0.1575, -0.3151,  0.1886,  0.4538, -0.0311],
        [ 0.2661, -0.0827,  0.2866, -0.1069, -0.1600, -0.1734, -0.1701, -0.3206,
         -0.3833,  0.0916,  0.0294,  0.1173, -0.0128,  0.1148, -0.4080,  0.0548],
        [-0.1604,  0.0428,  0.2407, -0.2774, -0.4481, -0.2611, -0.0852, -0.3572,
         -0.3321, -0.1042, -0.0132,  0.0984,  0.3114, -0.1945, -0.2086,  0.2586],
        [-0.0463,  0.0138,  0.2098, -0.1915, -0.2107, -0.3183, -0.1470, -0.2048,
         -0.1290, -0.2124, -0.1391,  0.1456, -0.0403,  0.0875, -0.5238,  0.0162],
        [-0.2072,  0.1734, -0.0012, -0.0718,  0.1936,  0.1346,  0.0372,  0.3340,
          0.4205, -0.1028,  0.1843, -0.0771, -0.2882, -0.0061,  0.3404, -0.1210],
        [-0.2754,  0.4212,  0.0381, -0.0928,  0.0925,  0.3830,  0.2515,  0.2248,
          0.5105,  0.1580, -0.0038, -0.0732, -0.2643,  0.1967,  0.1211, -0.2543],
        [-0.0229,  0.1385,  0.0916,  0.0139,  0.2946,  0.0776,  0.3295,  0.2410,
          0.3154,  0.2336,  0.2361, -0.0042, -0.4464, -0.1414,  0.2197, -0.1073],
        [ 0.2838, -0.1165,  0.0823, -0.1323, -0.2514,  0.0206, -0.1316, -0.4471,
         -0.4877, -0.0345,  0.0408,  0.1302,  0.0413,  0.1227, -0.3784, -0.0162],
        [ 0.1093,  0.1105,  0.2558,  0.0598, -0.4157,  0.0018, -0.0162, -0.1554,
         -0.3683, -0.0525, -0.1615,  0.1637,  0.1352, -0.0290, -0.5031,  0.1454],
        [-0.2796, -0.0302,  0.0358, -0.1068,  0.5012,  0.3817,  0.0655,  0.2129,
          0.1236,  0.0758,  0.0624, -0.3836, -0.1062, -0.0272,  0.2099, -0.0737],
        [-0.0878, -0.4043,  0.1424,  0.0966, -0.4614, -0.0324, -0.2424, -0.4352,
         -0.3439,  0.0038,  0.0798,  0.5174,  0.2402, -0.0762, -0.0725,  0.0655],
        [ 0.1688,  0.0343,  0.0575, -0.2505, -0.4170,  0.0031, -0.0319, -0.0571,
         -0.4507, -0.0532,  0.1893,  0.3185,  0.3471,  0.1423, -0.2562, -0.1565],
        [-0.1772,  0.2201, -0.1155,  0.0506,  0.2036,  0.2449,  0.2756,  0.3390,
          0.2069,  0.1657, -0.1056, -0.2724, -0.1941, -0.0990,  0.3515, -0.0654],
        [ 0.1585, -0.2170,  0.0462, -0.2262, -0.3122, -0.3371, -0.3131, -0.0687,
         -0.5263, -0.0274,  0.1252, -0.0023,  0.2797,  0.1638, -0.0863,  0.1135],
        [ 0.3141, -0.2172,  0.1724, -0.0311, -0.4477, -0.1971, -0.3972, -0.0818,
         -0.1839, -0.1866,  0.0583,  0.3313,  0.0297,  0.0359, -0.1284,  0.1269],
        [-0.1059,  0.3099,  0.0585, -0.1457,  0.3596, -0.0562,  0.3243,  0.4595,
          0.2652, -0.0245, -0.1661, -0.3134, -0.2446, -0.1248,  0.4502, -0.1750],
        [-0.0315,  0.0035,  0.0164,  0.3522,  0.1724,  0.1014,  0.2775,  0.0736,
          0.2199,  0.1915,  0.2225, -0.3870, -0.2782, -0.3188,  0.1026,  0.1022],
        [ 0.3003, -0.2677, -0.0445, -0.0998, -0.1116, -0.3522, -0.3262, -0.3237,
         -0.3850, -0.0675,  0.2515,  0.2893, -0.0058,  0.2342, -0.0138,  0.1439],
        [ 0.0973,  0.0070,  0.1910, -0.2599, -0.2681, -0.1137, -0.1161, -0.3227,
         -0.3947, -0.1825, -0.0470,  0.3508,  0.2630, -0.0181, -0.2767, -0.1129],
        [ 0.1137, -0.4226,  0.0591, -0.0529, -0.0356, -0.2101,  0.0595, -0.2463,
         -0.5064,  0.1658,  0.2439,  0.0521,  0.0748,  0.1489, -0.4290,  0.2504],
        [-0.0385, -0.2313, -0.0183,  0.1475, -0.3208, -0.1895, -0.0321, -0.4290,
         -0.2886, -0.2533, -0.2227,  0.1593,  0.2279,  0.2424, -0.4841,  0.0049],
        [ 0.2030, -0.1119,  0.2139, -0.2897, -0.2819, -0.0633, -0.4221, -0.1237,
         -0.4971,  0.0719,  0.1526,  0.1624,  0.3131,  0.2357, -0.0204,  0.2382],
        [-0.2372,  0.2631,  0.1230,  0.1399,  0.4400, -0.0074,  0.3616,  0.2711,
          0.0927, -0.0006,  0.1884, -0.3437, -0.2775, -0.1234,  0.1367, -0.0338],
        [ 0.1857, -0.1163,  0.0154, -0.0488, -0.3865, -0.2397, -0.1109, -0.4160,
         -0.1243,  0.0021,  0.0390,  0.1932,  0.3837,  0.1992, -0.0962,  0.1605],
        [-0.2471,  0.2849, -0.2370,  0.2060,  0.0478,  0.1214,  0.4024,  0.4134,
          0.4907,  0.1626,  0.0741, -0.1607, -0.0470,  0.1034,  0.2420, -0.1801],
        [-0.1931,  0.1350,  0.0700, -0.0575,  0.2967,  0.3329,  0.3811,  0.0595,
          0.3472,  0.2207, -0.3037, -0.0762, -0.3715, -0.1706,  0.1238, -0.1511],
        [-0.0571, -0.1026,  0.1341,  0.0187, -0.0720, -0.2738, -0.3797, -0.4392,
         -0.4000, -0.1608,  0.1254,  0.0318,  0.0068,  0.1461, -0.3866,  0.0989]],
       device='cuda:0', requires_grad=True)

Parameter name: road_linear_0.bias
Shape: torch.Size([32])
Values: Parameter containing:
tensor([-0.1046,  0.0616,  0.1032, -0.0830,  0.0320, -0.0912,  0.0757,  0.1438,
        -0.0478,  0.0161, -0.0254,  0.0705,  0.1130,  0.0267,  0.0413,  0.0694,
        -0.0841, -0.0168,  0.1027,  0.0513, -0.0220, -0.0727,  0.0086, -0.0074,
        -0.0919,  0.1179,  0.1722,  0.0356, -0.0592, -0.1980,  0.0194,  0.0021],
       device='cuda:0', requires_grad=True)

Parameter name: road_linear_1.weight
Shape: torch.Size([1, 32])
Values: Parameter containing:
tensor([[ 0.3467,  0.4630, -0.2947, -0.3613,  0.4391,  0.4663, -0.3755, -0.4633,
         -0.3733,  0.4938,  0.3286,  0.4745, -0.3703, -0.5220,  0.3925, -0.3936,
         -0.3927,  0.4173, -0.2813, -0.3151,  0.5392,  0.3434, -0.4220, -0.4670,
         -0.4262, -0.4765, -0.3818,  0.4560, -0.4189,  0.4784,  0.3377, -0.3176]],
       device='cuda:0', requires_grad=True)

Parameter name: linear_0.weight
Shape: torch.Size([32, 39])
Values: Parameter containing:
tensor([[-0.0399,  0.1155,  0.0697,  ...,  0.1461, -0.2172, -0.1137],
        [-0.1462, -0.0224,  0.1374,  ...,  0.0566, -0.2478,  0.0871],
        [ 0.0352, -0.0539,  0.0250,  ...,  0.0645,  0.1931,  0.0345],
        ...,
        [ 0.1471, -0.1751, -0.0351,  ..., -0.1782, -0.0414, -0.1180],
        [ 0.1257, -0.2338, -0.0769,  ..., -0.2276,  0.0813,  0.1557],
        [-0.2204,  0.1771,  0.0746,  ...,  0.0610, -0.2030, -0.0509]],
       device='cuda:0', requires_grad=True)

Parameter name: linear_0.bias
Shape: torch.Size([32])
Values: Parameter containing:
tensor([ 0.0709,  0.0340, -0.0678, -0.1406, -0.0790,  0.0491, -0.0912,  0.0636,
        -0.0380,  0.0489,  0.0350,  0.0174, -0.0211,  0.1007, -0.0316, -0.0126,
         0.0472, -0.1616, -0.0133,  0.0807, -0.0827,  0.0125,  0.1135,  0.0334,
        -0.1050,  0.1066,  0.0518, -0.1318,  0.0420,  0.1875,  0.1802, -0.1089],
       device='cuda:0', requires_grad=True)

Parameter name: linear_1.weight
Shape: torch.Size([32, 32])
Values: Parameter containing:
tensor([[ 0.0888, -0.1954, -0.0809,  ...,  0.0905, -0.0163,  0.0609],
        [-0.1954, -0.0406,  0.1253,  ...,  0.1871, -0.0010,  0.0333],
        [ 0.1245, -0.0362, -0.1905,  ..., -0.1757, -0.0139,  0.1987],
        ...,
        [ 0.1344,  0.0749,  0.0741,  ...,  0.0507, -0.2046,  0.2954],
        [ 0.0326, -0.1827,  0.0473,  ...,  0.2960,  0.2417, -0.1484],
        [ 0.0130, -0.1231,  0.2271,  ...,  0.2617,  0.1475, -0.0634]],
       device='cuda:0', requires_grad=True)

Parameter name: linear_1.bias
Shape: torch.Size([32])
Values: Parameter containing:
tensor([ 0.1358,  0.1779, -0.0652, -0.1413,  0.0297, -0.0178, -0.0885,  0.0270,
         0.1888, -0.1699,  0.1460, -0.1636,  0.2223,  0.0628, -0.0901,  0.1827,
        -0.0722, -0.1827,  0.0609,  0.0546, -0.0642,  0.0699, -0.2277,  0.2171,
        -0.0013, -0.0714,  0.0882,  0.0130, -0.1812, -0.0786,  0.1717,  0.0482],
       device='cuda:0', requires_grad=True)

Parameter name: linear_2.weight
Shape: torch.Size([1, 32])
Values: Parameter containing:
tensor([[ 0.6436,  0.5667, -0.6225, -0.6123,  0.4682,  0.4851, -0.5387,  0.4725,
          0.5363, -0.5840, -0.5018,  0.5185,  0.5147,  0.5101,  0.5430,  0.5201,
         -0.6336, -0.6482,  0.4988,  0.4968, -0.5603, -0.5486, -0.6462,  0.5063,
          0.5920,  0.6394, -0.6192,  0.6058, -0.5468, -0.6376,  0.5697,  0.6281]],
       device='cuda:0', requires_grad=True)

Parameter name: linear_2.bias
Shape: torch.Size([1])
Values: Parameter containing:
tensor([0.4014], device='cuda:0', requires_grad=True)

