Parameter name: road_linear_0.weight
Shape: torch.Size([32, 16])
Values: Parameter containing:
tensor([[ 0.0064,  0.3885,  0.3010, -0.3090, -0.1938, -0.1505, -0.0989, -0.4081,
         -0.3220, -0.0764, -0.0141,  0.2125, -0.3365, -0.0711, -0.0714,  0.3935],
        [-0.2510, -0.3788, -0.0927, -0.0280, -0.0256,  0.2483,  0.1754,  0.1755,
          0.4846,  0.1355,  0.2844, -0.2767,  0.3848, -0.0224,  0.3731, -0.0930],
        [ 0.1065,  0.2928,  0.3886, -0.1203, -0.1133, -0.3446, -0.1203, -0.4727,
         -0.1336, -0.0949, -0.1488, -0.0097, -0.0186,  0.3536, -0.0656,  0.2999],
        [ 0.2878,  0.1079,  0.0882, -0.0675, -0.0697, -0.2179, -0.1912, -0.1403,
         -0.5345, -0.4275, -0.2023,  0.4050, -0.1043, -0.1211, -0.2461,  0.1833],
        [-0.1031,  0.0415, -0.1677, -0.0378,  0.1736,  0.0937,  0.0649,  0.3507,
          0.2430,  0.3072,  0.3373, -0.1897,  0.3541, -0.2313,  0.3317, -0.1795],
        [-0.0330,  0.0627, -0.3750,  0.4072,  0.3730, -0.0011,  0.3145,  0.0242,
          0.3826,  0.2425, -0.0800, -0.1383,  0.1634,  0.1117,  0.4824, -0.1168],
        [ 0.3682,  0.2372,  0.3985, -0.1677, -0.0556, -0.2054, -0.1982, -0.2508,
         -0.3500, -0.0291, -0.0310,  0.0760, -0.3799,  0.1968, -0.3311,  0.1647],
        [-0.0536,  0.3583,  0.3585, -0.3510, -0.3516, -0.2982, -0.1189, -0.2876,
         -0.2952, -0.2299, -0.0854,  0.0549, -0.0635, -0.0982, -0.1590,  0.3762],
        [ 0.0395,  0.3554,  0.3014, -0.2365, -0.0553, -0.3442, -0.1781, -0.1122,
         -0.0418, -0.3210, -0.2762,  0.0664, -0.4404,  0.1615, -0.3312,  0.1161],
        [-0.3124, -0.1652, -0.1127, -0.0078,  0.1049,  0.1765,  0.0994,  0.2822,
          0.3840,  0.0255,  0.3603, -0.0483,  0.1508, -0.1007,  0.2480, -0.2393],
        [-0.3772,  0.0216, -0.0735, -0.0339, -0.0224,  0.4479,  0.2821,  0.1726,
          0.4719,  0.2833,  0.2170, -0.0397,  0.2263,  0.1021,  0.0616, -0.3687],
        [-0.1503, -0.2063, -0.0415,  0.0963,  0.1991,  0.1393,  0.4152,  0.1854,
          0.2698,  0.3757,  0.4060,  0.0314, -0.0342, -0.2730,  0.0819, -0.2476],
        [ 0.3405,  0.2819,  0.1603, -0.1554, -0.1077,  0.0218, -0.1041, -0.3487,
         -0.4249, -0.1166, -0.1632,  0.0601, -0.4662,  0.1511, -0.2833,  0.0573],
        [ 0.2141,  0.3988,  0.3686, -0.0037, -0.3165, -0.0219, -0.0555, -0.0868,
         -0.2981, -0.1750, -0.2731,  0.1236, -0.2218,  0.0593, -0.3648,  0.2590],
        [-0.3826, -0.3481, -0.0678, -0.0456,  0.3753,  0.4048,  0.1273,  0.1421,
          0.0669,  0.1970,  0.1815, -0.3324,  0.2797, -0.1103,  0.1013, -0.1863],
        [-0.0336, -0.0101,  0.2027,  0.0945, -0.3870, -0.0621, -0.2628, -0.4031,
         -0.4127, -0.1079, -0.1279,  0.5088, -0.3745, -0.0215, -0.0415,  0.1398],
        [ 0.3364,  0.3282,  0.2143, -0.3580, -0.3876, -0.0582, -0.1391, -0.0407,
         -0.4783, -0.2145,  0.0764,  0.3249,  0.0122,  0.3061, -0.1844,  0.0117],
        [-0.3010, -0.0521, -0.2446,  0.1318,  0.1428,  0.3071,  0.3110,  0.3004,
          0.2380,  0.2990, -0.0023, -0.2693,  0.1328, -0.2079,  0.3269, -0.1949],
        [ 0.2341,  0.1444,  0.1362, -0.2628, -0.2210, -0.3704, -0.3477, -0.0148,
         -0.5767, -0.1240, -0.1009, -0.0410, -0.1793,  0.2903, -0.0967,  0.2176],
        [ 0.3766,  0.1737,  0.2687, -0.0814, -0.3103, -0.2264, -0.3786,  0.0143,
         -0.1432, -0.2888, -0.1585,  0.2587, -0.4232,  0.1028,  0.0034,  0.2213],
        [-0.1959,  0.0076, -0.0554, -0.0732,  0.2965, -0.0161,  0.3376,  0.4057,
          0.2870,  0.0957,  0.0020, -0.3121,  0.1541, -0.2089,  0.4376, -0.2841],
        [-0.0916, -0.4116, -0.0596,  0.3919, -0.0042,  0.1187,  0.2948, -0.0319,
          0.1282,  0.2858,  0.3987, -0.2853,  0.2145, -0.3795, -0.0246,  0.0160],
        [ 0.3709,  0.0726,  0.0541, -0.1580, -0.0010, -0.3983, -0.3168, -0.2458,
         -0.3430, -0.1707,  0.0655,  0.2285, -0.4116,  0.3126,  0.0618,  0.2435],
        [ 0.2612,  0.2256,  0.3404, -0.3597, -0.2377, -0.1709, -0.1952, -0.3009,
         -0.4416, -0.3360, -0.1229,  0.3591, -0.0008,  0.1219, -0.2138,  0.0440],
        [ 0.2393, -0.0472,  0.1843, -0.1235,  0.0241, -0.2927, -0.0143, -0.2389,
         -0.5114,  0.0170,  0.0501,  0.0590, -0.4013,  0.2701, -0.3883,  0.3886],
        [ 0.0568,  0.0784,  0.0931,  0.0841, -0.2372, -0.2208, -0.0555, -0.3720,
         -0.2742, -0.3760, -0.3556,  0.1480, -0.1856,  0.3162, -0.4386,  0.1112],
        [ 0.2354,  0.2512,  0.3087, -0.3494, -0.1888, -0.1033, -0.3906, -0.0450,
         -0.4896, -0.0166, -0.0498,  0.1090, -0.1070,  0.3055,  0.0595,  0.3270],
        [-0.3353, -0.1023,  0.0063,  0.2087,  0.3217,  0.0303,  0.4035,  0.1904,
          0.0418,  0.1255,  0.3746, -0.2912,  0.1652, -0.2262,  0.0325, -0.1514],
        [ 0.3228,  0.1926,  0.1502, -0.1378, -0.3187, -0.2976, -0.1851, -0.3726,
         -0.1223, -0.1360, -0.0981,  0.1676,  0.0103,  0.3321, -0.0416,  0.3027],
        [-0.2704, -0.0324, -0.3120,  0.2378, -0.0763,  0.1462,  0.3493,  0.3194,
          0.4430,  0.2411,  0.2145, -0.0969,  0.3472,  0.0721,  0.1697, -0.2404],
        [-0.3095, -0.2320, -0.0603,  0.0267,  0.2196,  0.4054,  0.4266,  0.0152,
          0.3442,  0.3543, -0.0923, -0.0485,  0.0571, -0.3002,  0.0722, -0.2884],
        [ 0.0477,  0.2169,  0.2350, -0.0225,  0.0115, -0.3124, -0.4238, -0.3873,
         -0.4360, -0.2734, -0.0188,  0.0039, -0.3786,  0.2575, -0.2872,  0.2029]],
       device='cuda:0', requires_grad=True)

Parameter name: road_linear_0.bias
Shape: torch.Size([32])
Values: Parameter containing:
tensor([-0.0828, -0.0200, -0.0420, -0.0297,  0.0097, -0.2259,  0.0865,  0.1073,
        -0.0736,  0.0037,  0.0447,  0.0922,  0.1273,  0.0587,  0.0743, -0.0064,
        -0.0366, -0.0358,  0.0651, -0.0467, -0.1079, -0.0393, -0.0362,  0.0292,
        -0.0405,  0.1307,  0.1364,  0.0627, -0.1175, -0.1799,  0.0389,  0.0219],
       device='cuda:0', requires_grad=True)

Parameter name: road_linear_1.weight
Shape: torch.Size([1, 32])
Values: Parameter containing:
tensor([[-0.2567,  0.3515, -0.2682, -0.3004,  0.3490,  0.4177, -0.3126, -0.4010,
         -0.3521,  0.3949,  0.3077,  0.4173, -0.3082, -0.4290,  0.3164, -0.3354,
         -0.3584,  0.3623, -0.2756, -0.2648,  0.4567,  0.3559, -0.4053, -0.4011,
         -0.3591, -0.3758, -0.3505,  0.3827, -0.3820,  0.4102,  0.3408, -0.2717]],
       device='cuda:0', requires_grad=True)

Parameter name: linear_0.weight
Shape: torch.Size([32, 39])
Values: Parameter containing:
tensor([[-0.0135,  0.1626,  0.0618,  ...,  0.2063, -0.3332, -0.1137],
        [-0.0654, -0.0611,  0.1183,  ...,  0.1031, -0.3009,  0.0871],
        [-0.1246,  0.2278,  0.0836,  ...,  0.2123, -0.0300,  0.0345],
        ...,
        [ 0.0918, -0.1260, -0.0390,  ..., -0.1677, -0.0078, -0.1180],
        [ 0.0337, -0.1999, -0.0379,  ..., -0.2640,  0.1072,  0.1557],
        [-0.1759,  0.1477,  0.0455,  ...,  0.0760, -0.2696, -0.0509]],
       device='cuda:0', requires_grad=True)

Parameter name: linear_0.bias
Shape: torch.Size([32])
Values: Parameter containing:
tensor([ 0.0594,  0.0292, -0.0873, -0.1554, -0.0811, -0.0133, -0.1011,  0.0456,
        -0.0367,  0.0586,  0.0335, -0.0095,  0.0192,  0.1025, -0.0419, -0.0194,
         0.0536, -0.1663,  0.0069,  0.0839, -0.0654,  0.0164,  0.1101,  0.0259,
        -0.1077,  0.0976,  0.0439, -0.1058,  0.0510,  0.2086,  0.1688, -0.1259],
       device='cuda:0', requires_grad=True)

Parameter name: linear_1.weight
Shape: torch.Size([32, 32])
Values: Parameter containing:
tensor([[ 0.0440, -0.1633, -0.1951,  ...,  0.0343, -0.0441,  0.0672],
        [-0.2222, -0.0174, -0.0212,  ...,  0.1400, -0.0257,  0.0506],
        [ 0.1559, -0.0478, -0.0324,  ..., -0.1422, -0.0004,  0.1874],
        ...,
        [ 0.1668,  0.0491,  0.2371,  ...,  0.1144, -0.1726,  0.2474],
        [-0.0130, -0.1477, -0.0398,  ...,  0.2494,  0.2241, -0.1767],
        [-0.0020, -0.1162,  0.1310,  ...,  0.2283,  0.1330, -0.0446]],
       device='cuda:0', requires_grad=True)

Parameter name: linear_1.bias
Shape: torch.Size([32])
Values: Parameter containing:
tensor([ 0.0993,  0.1489, -0.0468, -0.1067, -0.0989, -0.1794, -0.0720, -0.0198,
         0.1491, -0.1785,  0.1416, -0.1342,  0.2057,  0.1019, -0.1008,  0.1333,
        -0.1302, -0.1853,  0.0819,  0.0124, -0.0209,  0.0729, -0.2054,  0.2254,
        -0.0417, -0.0168,  0.0770, -0.0487, -0.1596, -0.0497,  0.1315,  0.0355],
       device='cuda:0', requires_grad=True)

Parameter name: linear_2.weight
Shape: torch.Size([1, 32])
Values: Parameter containing:
tensor([[ 0.4318,  0.3566, -0.3990, -0.4268, -0.2892, -0.2791, -0.3386,  0.3137,
          0.3266, -0.3440, -0.3074,  0.3201,  0.3243,  0.2787,  0.3427,  0.3236,
         -0.4240, -0.4256,  0.2781,  0.3289, -0.3852, -0.3326, -0.4376,  0.2732,
          0.3992,  0.4498, -0.4042,  0.4279, -0.3391, -0.4311,  0.3915,  0.4308]],
       device='cuda:0', requires_grad=True)

Parameter name: linear_2.bias
Shape: torch.Size([1])
Values: Parameter containing:
tensor([0.1721], device='cuda:0', requires_grad=True)

Parameter name: road_linear_0.weight
Shape: torch.Size([32, 16])
Values: Parameter containing:
tensor([[ 1.6567e-02,  3.2223e-01,  3.2065e-01, -3.4560e-01, -5.2584e-02,
         -1.8273e-01, -8.3200e-02, -4.2802e-01, -1.8971e-01, -6.5571e-02,
          3.0733e-02,  1.9456e-01,  8.7272e-02, -6.0874e-02,  3.4956e-01,
          3.4321e-01],
        [-2.8886e-01, -3.1157e-01, -1.3375e-01,  2.2305e-02, -1.3216e-01,
          2.9922e-01,  2.1140e-01,  2.1037e-01,  4.2186e-01,  1.2720e-01,
          2.2115e-01, -2.9820e-01, -3.4150e-02, -4.6674e-02, -4.0489e-02,
         -7.2163e-02],
        [ 9.7118e-02,  2.1773e-01,  3.9619e-01, -1.3279e-01,  1.1970e-01,
         -3.7240e-01, -7.5176e-02, -4.4105e-01,  4.9216e-02, -6.0467e-02,
         -9.2345e-02, -5.0291e-02,  4.1648e-01,  3.0054e-01,  4.5667e-01,
          2.4398e-01],
        [ 2.9338e-01,  3.6661e-02,  1.0240e-01, -8.9762e-02,  6.9564e-02,
         -2.3289e-01, -1.8297e-01, -1.3572e-01, -4.2247e-01, -3.8287e-01,
         -9.8805e-02,  3.8778e-01,  3.1254e-01, -1.4041e-01,  1.6688e-01,
          1.3758e-01],
        [-1.3782e-01,  1.5390e-01, -2.0024e-01,  1.1928e-02,  9.3270e-02,
          1.4705e-01,  9.7608e-02,  4.0500e-01,  1.9518e-01,  2.8438e-01,
          2.2298e-01, -2.3022e-01, -9.7724e-02, -2.3219e-01, -1.4010e-01,
         -1.2227e-01],
        [-3.6871e-02,  1.7768e-01, -3.8302e-01,  4.2523e-01,  1.9998e-01,
          2.3175e-02,  2.9809e-01,  3.0760e-02,  2.8775e-01,  1.9863e-01,
         -1.5134e-01, -1.3799e-01, -2.9258e-01,  1.2760e-01, -1.1488e-02,
         -5.6798e-02],
        [ 3.9753e-01,  1.7454e-01,  4.3234e-01, -2.0306e-01,  1.0507e-01,
         -2.5546e-01, -2.2598e-01, -2.7228e-01, -2.6262e-01, -1.3954e-02,
         -1.7122e-02,  8.3024e-02, -7.5372e-03,  2.2302e-01,  1.6410e-02,
          1.4677e-01],
        [-4.3663e-02,  2.9018e-01,  3.7254e-01, -3.6072e-01, -1.6794e-01,
         -3.3264e-01, -1.1823e-01, -2.7601e-01, -1.8846e-01, -2.0047e-01,
         -6.8806e-02,  3.5931e-02,  2.7596e-01, -9.1806e-02,  1.8116e-01,
          3.5138e-01],
        [ 7.0524e-02,  2.8143e-01,  3.3382e-01, -2.7805e-01,  6.1340e-03,
         -3.9726e-01, -2.0914e-01, -1.4956e-01,  2.3558e-02, -3.0849e-01,
         -1.1796e-01,  9.7800e-02, -4.9839e-02,  1.4155e-01,  5.7561e-02,
          8.6544e-02],
        [-3.2089e-01, -5.5154e-02, -1.2383e-01,  1.3173e-02, -8.0388e-03,
          2.0578e-01,  9.1604e-02,  2.9984e-01,  2.9907e-01, -1.5573e-02,
          2.3370e-01, -5.5836e-02, -2.9960e-01, -6.9536e-02, -2.3174e-01,
         -1.7533e-01],
        [-3.6897e-01,  1.0092e-01, -7.5067e-02, -3.0787e-02, -1.5217e-01,
          4.5512e-01,  2.5657e-01,  1.5017e-01,  3.4577e-01,  2.2958e-01,
          6.5446e-02, -6.8752e-03, -1.8524e-01,  1.4456e-01, -4.1305e-01,
         -3.0992e-01],
        [-1.5177e-01, -1.1798e-01, -4.5082e-02,  1.0696e-01,  1.3891e-01,
          1.5978e-01,  4.0890e-01,  1.9742e-01,  1.8312e-01,  3.2984e-01,
          1.5434e-01,  2.8690e-02, -4.2944e-01, -1.9137e-01, -2.9253e-01,
         -1.8276e-01],
        [ 3.8208e-01,  1.8661e-01,  2.0727e-01, -2.1221e-01,  4.1891e-02,
         -4.4235e-02, -1.3984e-01, -3.8724e-01, -3.6648e-01, -1.0764e-01,
         -1.1606e-01,  7.5856e-02,  1.3381e-02,  1.9636e-01,  2.2082e-01,
          1.5732e-02],
        [ 2.5115e-01,  3.3101e-01,  4.0539e-01, -4.5331e-02, -2.0596e-01,
         -7.8856e-02, -9.6455e-02, -1.2746e-01, -2.4569e-01, -1.6958e-01,
         -2.1686e-01,  1.5325e-01,  1.6820e-01,  7.7105e-02,  6.9451e-03,
          2.4352e-01],
        [-4.0001e-01, -2.7697e-01, -9.0446e-02, -2.6049e-02,  2.2873e-01,
          4.5056e-01,  1.3375e-01,  1.5435e-01, -2.4882e-02,  1.7180e-01,
          1.2647e-01, -3.3335e-01, -1.1190e-01, -1.1298e-01, -3.1046e-01,
         -1.5561e-01],
        [-5.6584e-02, -2.0117e-01,  1.9265e-01,  6.3080e-02, -2.5370e-01,
         -5.3205e-02, -1.9541e-01, -3.6826e-01, -2.2443e-01, -4.9780e-03,
          2.3258e-02,  4.9482e-01,  1.8628e-01, -7.2593e-02,  5.0087e-01,
          1.2838e-02],
        [ 3.3268e-01,  2.4106e-01,  2.1486e-01, -3.6394e-01, -2.4118e-01,
         -7.2512e-02, -1.3122e-01, -4.3428e-02, -3.7327e-01, -1.6669e-01,
          1.4973e-01,  3.1288e-01,  3.7305e-01,  2.6577e-01,  1.4905e-01,
         -3.8967e-02],
        [-3.1474e-01,  6.2111e-03, -2.6268e-01,  1.5114e-01,  1.2678e-02,
          3.3652e-01,  3.1997e-01,  3.0740e-01,  1.4334e-01,  2.6911e-01,
         -4.2499e-02, -2.6366e-01, -1.8938e-01, -2.1097e-01,  2.3964e-02,
         -1.6947e-01],
        [ 2.4601e-01,  1.0146e-01,  1.6807e-01, -3.0245e-01, -2.8446e-02,
         -4.0726e-01, -3.1672e-01,  2.5791e-03, -3.9097e-01, -1.1269e-01,
         -4.0826e-02, -6.9667e-02,  2.1448e-01,  2.4536e-01,  3.9006e-01,
          1.8567e-01],
        [ 3.9055e-01,  1.1270e-01,  2.8927e-01, -1.0280e-01, -1.9000e-01,
         -2.6597e-01, -3.8641e-01,  6.0461e-03, -4.0265e-02, -2.6184e-01,
         -6.9791e-02,  2.5768e-01, -5.5126e-02,  1.0008e-01,  3.5371e-01,
          1.8984e-01],
        [-2.1698e-01,  1.0684e-01, -7.6536e-02, -3.7333e-02,  1.8823e-01,
          2.0096e-02,  3.5301e-01,  4.4314e-01,  2.2760e-01,  6.9649e-02,
         -8.0409e-02, -3.4199e-01, -2.4891e-01, -2.1447e-01, -1.3710e-03,
         -2.4242e-01],
        [-8.7950e-02, -3.1553e-01, -6.2112e-02,  3.9281e-01, -1.2967e-01,
          1.4659e-01,  2.7088e-01, -3.7103e-02,  1.8713e-02,  2.4213e-01,
          2.5380e-01, -2.7341e-01, -1.7728e-01, -3.3454e-01, -4.8188e-01,
          7.3147e-02],
        [ 3.7430e-01,  8.9744e-03,  6.2930e-02, -1.6348e-01,  1.4035e-01,
         -4.1938e-01, -3.1503e-01, -2.3395e-01, -2.3361e-01, -1.3487e-01,
          1.1999e-01,  2.0945e-01, -9.3696e-02,  3.0062e-01,  3.9505e-01,
          2.1122e-01],
        [ 2.7075e-01,  1.7564e-01,  3.5315e-01, -3.7420e-01, -1.0835e-01,
         -1.9546e-01, -2.0549e-01, -2.9462e-01, -3.4677e-01, -3.0531e-01,
         -9.9850e-02,  3.4677e-01,  2.7211e-01,  1.3280e-01,  1.7633e-02,
          2.4978e-02],
        [ 2.4571e-01, -1.7044e-01,  1.9874e-01, -1.5639e-01,  1.4543e-01,
         -3.1078e-01, -6.2526e-03, -2.5315e-01, -4.0084e-01,  6.8496e-02,
          1.8185e-01,  5.7571e-02,  9.3163e-02,  2.2919e-01,  1.2784e-01,
          3.1043e-01],
        [ 9.1258e-02, -1.4156e-02,  1.3056e-01,  4.0289e-02, -1.1453e-01,
         -2.8367e-01, -8.2721e-02, -4.1490e-01, -2.1690e-01, -3.5981e-01,
         -2.8876e-01,  1.7817e-01,  2.4079e-01,  3.4141e-01,  3.0301e-02,
          7.4454e-02],
        [ 2.2969e-01,  1.8257e-01,  3.1031e-01, -3.4900e-01, -2.1985e-02,
         -1.2075e-01, -3.8016e-01, -2.1897e-02, -3.6086e-01,  2.6164e-02,
          4.7553e-03,  7.9854e-02,  2.1601e-01,  2.8697e-01,  3.8008e-01,
          2.8844e-01],
        [-3.3973e-01, -1.1586e-02, -1.1148e-04,  2.1917e-01,  2.2887e-01,
          5.5942e-02,  3.9445e-01,  2.0647e-01, -4.3573e-02,  8.2761e-02,
          2.1440e-01, -2.9544e-01, -2.3763e-01, -1.8097e-01, -3.7272e-01,
         -9.2946e-02],
        [ 3.2085e-01,  1.1987e-01,  1.5281e-01, -1.3729e-01, -2.0564e-01,
         -3.1826e-01, -1.7028e-01, -3.7010e-01, -1.8361e-02, -9.3547e-02,
          5.4387e-03,  1.5504e-01,  3.3425e-01,  2.9576e-01,  3.1724e-01,
          2.5780e-01],
        [-2.8694e-01,  2.2015e-02, -3.3303e-01,  2.5898e-01, -2.1896e-01,
          1.7898e-01,  3.6139e-01,  3.1663e-01,  3.4736e-01,  2.1795e-01,
          1.8574e-01, -8.6929e-02,  3.0710e-02,  5.3903e-02, -1.2336e-01,
         -2.2203e-01],
        [-3.0167e-01, -1.5428e-01, -6.0310e-02,  2.7469e-02,  7.5218e-02,
          4.1586e-01,  4.1057e-01, -1.9129e-03,  2.1998e-01,  3.0521e-01,
         -1.9301e-01, -2.1709e-02, -3.0810e-01, -2.5605e-01, -3.2331e-01,
         -2.3762e-01],
        [ 8.8133e-02,  1.8059e-01,  2.8486e-01, -8.7249e-02,  1.5734e-01,
         -3.6296e-01, -4.5290e-01, -4.0890e-01, -3.0907e-01, -2.7874e-01,
          2.9916e-02,  1.2389e-02,  1.2716e-02,  2.5768e-01,  7.9814e-02,
          1.9507e-01]], device='cuda:0', requires_grad=True)

Parameter name: road_linear_0.bias
Shape: torch.Size([32])
Values: Parameter containing:
tensor([-0.0803, -0.0750,  0.2004, -0.0056, -0.1206, -0.0734,  0.0899,  0.0785,
        -0.0125, -0.0840, -0.0450,  0.0380,  0.1499,  0.1158, -0.0325,  0.0054,
        -0.1111,  0.0029,  0.1321,  0.0289, -0.0479, -0.1929,  0.0017, -0.0352,
         0.0079,  0.2544,  0.1391, -0.0023, -0.0324, -0.1605, -0.0032,  0.0454],
       device='cuda:0', requires_grad=True)

Parameter name: road_linear_1.weight
Shape: torch.Size([1, 32])
Values: Parameter containing:
tensor([[-0.2213,  0.3177, -0.2370, -0.2721,  0.3288,  0.3648, -0.2853, -0.3855,
         -0.3109,  0.3584,  0.2767,  0.3947, -0.2669, -0.3902,  0.3135, -0.2493,
         -0.3100,  0.3467, -0.2376, -0.2516,  0.4072,  0.3714, -0.3834, -0.3855,
         -0.3119, -0.3454, -0.3270,  0.3709, -0.3771,  0.3932,  0.3077, -0.2464]],
       device='cuda:0', requires_grad=True)

Parameter name: linear_0.weight
Shape: torch.Size([32, 39])
Values: Parameter containing:
tensor([[-0.0093,  0.0009,  0.0247,  ...,  0.2106, -0.3786, -0.1137],
        [-0.0795, -0.1850,  0.0812,  ...,  0.1476, -0.3477,  0.0871],
        [-0.0565,  0.1526,  0.0934,  ...,  0.0071,  0.2602,  0.0345],
        ...,
        [ 0.0437, -0.1516,  0.0114,  ...,  0.0694, -0.3085, -0.1180],
        [ 0.0303, -0.0772,  0.0105,  ..., -0.3084,  0.1456,  0.1557],
        [-0.0869,  0.1570,  0.0137,  ..., -0.1749,  0.0944, -0.0509]],
       device='cuda:0', requires_grad=True)

Parameter name: linear_0.bias
Shape: torch.Size([32])
Values: Parameter containing:
tensor([ 0.0509,  0.0548, -0.0943, -0.1205, -0.0566,  0.0461, -0.1304,  0.0621,
        -0.0457,  0.0928,  0.0351,  0.0060,  0.0096,  0.0633, -0.0782, -0.0198,
         0.0460, -0.1417, -0.0327, -0.0145, -0.1082,  0.0507,  0.0813, -0.0071,
        -0.0852,  0.0673,  0.0243, -0.0956,  0.0641,  0.1477,  0.1331, -0.0663],
       device='cuda:0', requires_grad=True)

Parameter name: linear_1.weight
Shape: torch.Size([32, 32])
Values: Parameter containing:
tensor([[ 0.0273, -0.2036, -0.0742,  ..., -0.1517, -0.0068,  0.2708],
        [-0.2490, -0.0508,  0.1087,  ..., -0.0817,  0.0032,  0.2780],
        [ 0.1749, -0.0117, -0.1836,  ...,  0.0933, -0.0328, -0.0762],
        ...,
        [ 0.1624,  0.1187,  0.0750,  ...,  0.2749, -0.2326,  0.0482],
        [-0.0649, -0.1823,  0.0841,  ..., -0.0091,  0.2578,  0.0952],
        [-0.0289, -0.1280,  0.2167,  ...,  0.0400,  0.1485,  0.1383]],
       device='cuda:0', requires_grad=True)

Parameter name: linear_1.bias
Shape: torch.Size([32])
Values: Parameter containing:
tensor([ 0.0895,  0.1253, -0.0368, -0.0568, -0.0321, -0.0369, -0.0333, -0.0631,
         0.1107, -0.1782,  0.1234, -0.1332,  0.1655, -0.0199, -0.1436,  0.1078,
        -0.1285, -0.1549,  0.0142, -0.0301,  0.0080,  0.1075, -0.1921,  0.2047,
        -0.0677, -0.0280,  0.0882, -0.0345, -0.1129, -0.0612,  0.1140,  0.0026],
       device='cuda:0', requires_grad=True)

Parameter name: linear_2.weight
Shape: torch.Size([1, 32])
Values: Parameter containing:
tensor([[ 0.5940,  0.5185, -0.5987, -0.5997,  0.4458,  0.4550, -0.5019,  0.5119,
          0.5093, -0.5345, -0.5239,  0.4838,  0.5059, -0.4476,  0.5274,  0.4767,
         -0.6046, -0.5952,  0.4721,  0.4903, -0.5593, -0.5319, -0.5949,  0.4293,
          0.5698,  0.5948, -0.5700,  0.6387, -0.5052, -0.5865,  0.5730,  0.5858]],
       device='cuda:0', requires_grad=True)

Parameter name: linear_2.bias
Shape: torch.Size([1])
Values: Parameter containing:
tensor([0.3085], device='cuda:0', requires_grad=True)

Parameter name: road_linear_0.weight
Shape: torch.Size([32, 16])
Values: Parameter containing:
tensor([[ 1.6555e-02,  3.2217e-01,  3.2062e-01, -3.4558e-01, -5.2633e-02,
         -1.8273e-01, -8.3196e-02, -4.2807e-01, -1.8973e-01, -6.5531e-02,
          3.0756e-02,  1.9459e-01,  8.7315e-02, -6.0907e-02,  3.4958e-01,
          3.4316e-01],
        [-2.8885e-01, -3.1152e-01, -1.3372e-01,  2.2287e-02, -1.3211e-01,
          2.9922e-01,  2.1140e-01,  2.1041e-01,  4.2188e-01,  1.2716e-01,
          2.2113e-01, -2.9824e-01, -3.4190e-02, -4.6639e-02, -4.0506e-02,
         -7.2121e-02],
        [ 9.7105e-02,  2.1768e-01,  3.9615e-01, -1.3277e-01,  1.1966e-01,
         -3.7239e-01, -7.5172e-02, -4.4109e-01,  4.9201e-02, -6.0427e-02,
         -9.2321e-02, -5.0257e-02,  4.1653e-01,  3.0051e-01,  4.5669e-01,
          2.4393e-01],
        [ 2.9336e-01,  3.6606e-02,  1.0237e-01, -8.9743e-02,  6.9514e-02,
         -2.3289e-01, -1.8297e-01, -1.3577e-01, -4.2249e-01, -3.8283e-01,
         -9.8780e-02,  3.8782e-01,  3.1258e-01, -1.4044e-01,  1.6690e-01,
          1.3753e-01],
        [-1.3781e-01,  1.5396e-01, -2.0020e-01,  1.1906e-02,  9.3329e-02,
          1.4705e-01,  9.7605e-02,  4.0505e-01,  1.9519e-01,  2.8433e-01,
          2.2295e-01, -2.3026e-01, -9.7767e-02, -2.3215e-01, -1.4013e-01,
         -1.2222e-01],
        [-3.6863e-02,  1.7773e-01, -3.8299e-01,  4.2521e-01,  2.0003e-01,
          2.3173e-02,  2.9809e-01,  3.0802e-02,  2.8776e-01,  1.9860e-01,
         -1.5137e-01, -1.3802e-01, -2.9261e-01,  1.2763e-01, -1.1507e-02,
         -5.6761e-02],
        [ 3.9752e-01,  1.7449e-01,  4.3232e-01, -2.0304e-01,  1.0502e-01,
         -2.5545e-01, -2.2598e-01, -2.7232e-01, -2.6263e-01, -1.3920e-02,
         -1.7099e-02,  8.3055e-02, -7.4961e-03,  2.2299e-01,  1.6426e-02,
          1.4673e-01],
        [-4.3671e-02,  2.9013e-01,  3.7252e-01, -3.6070e-01, -1.6798e-01,
         -3.3264e-01, -1.1823e-01, -2.7605e-01, -1.8847e-01, -2.0044e-01,
         -6.8786e-02,  3.5959e-02,  2.7599e-01, -9.1834e-02,  1.8117e-01,
          3.5135e-01],
        [ 7.0517e-02,  2.8138e-01,  3.3380e-01, -2.7804e-01,  6.0904e-03,
         -3.9725e-01, -2.0914e-01, -1.4960e-01,  2.3550e-02, -3.0846e-01,
         -1.1794e-01,  9.7826e-02, -4.9801e-02,  1.4152e-01,  5.7581e-02,
          8.6507e-02],
        [-3.2088e-01, -5.5097e-02, -1.2380e-01,  1.3153e-02, -7.9813e-03,
          2.0578e-01,  9.1601e-02,  2.9989e-01,  2.9909e-01, -1.5610e-02,
          2.3367e-01, -5.5870e-02, -2.9964e-01, -6.9499e-02, -2.3176e-01,
         -1.7528e-01],
        [-3.6896e-01,  1.0097e-01, -7.5036e-02, -3.0807e-02, -1.5212e-01,
          4.5512e-01,  2.5657e-01,  1.5022e-01,  3.4579e-01,  2.2954e-01,
          6.5421e-02, -6.9077e-03, -1.8529e-01,  1.4459e-01, -4.1307e-01,
         -3.0987e-01],
        [-1.5176e-01, -1.1792e-01, -4.5054e-02,  1.0694e-01,  1.3896e-01,
          1.5978e-01,  4.0890e-01,  1.9746e-01,  1.8314e-01,  3.2980e-01,
          1.5431e-01,  2.8658e-02, -4.2949e-01, -1.9133e-01, -2.9255e-01,
         -1.8272e-01],
        [ 3.8207e-01,  1.8655e-01,  2.0723e-01, -2.1218e-01,  4.1833e-02,
         -4.4231e-02, -1.3984e-01, -3.8730e-01, -3.6650e-01, -1.0759e-01,
         -1.1603e-01,  7.5895e-02,  1.3425e-02,  1.9633e-01,  2.2084e-01,
          1.5679e-02],
        [ 2.5114e-01,  3.3096e-01,  4.0537e-01, -4.5316e-02, -2.0601e-01,
         -7.8854e-02, -9.6453e-02, -1.2750e-01, -2.4570e-01, -1.6956e-01,
         -2.1683e-01,  1.5328e-01,  1.6824e-01,  7.7071e-02,  6.9600e-03,
          2.4349e-01],
        [-4.0000e-01, -2.7692e-01, -9.0419e-02, -2.6066e-02,  2.2878e-01,
          4.5055e-01,  1.3374e-01,  1.5440e-01, -2.4870e-02,  1.7176e-01,
          1.2645e-01, -3.3338e-01, -1.1195e-01, -1.1295e-01, -3.1048e-01,
         -1.5557e-01],
        [-5.6599e-02, -2.0123e-01,  1.9261e-01,  6.3103e-02, -2.5376e-01,
         -5.3197e-02, -1.9540e-01, -3.6830e-01, -2.2443e-01, -4.9355e-03,
          2.3271e-02,  4.9485e-01,  1.8632e-01, -7.2615e-02,  5.0090e-01,
          1.2787e-02],
        [ 3.3267e-01,  2.4100e-01,  2.1484e-01, -3.6392e-01, -2.4123e-01,
         -7.2510e-02, -1.3121e-01, -4.3472e-02, -3.7329e-01, -1.6666e-01,
          1.4975e-01,  3.1292e-01,  3.7310e-01,  2.6574e-01,  1.4907e-01,
         -3.9005e-02],
        [-3.1473e-01,  6.2603e-03, -2.6265e-01,  1.5112e-01,  1.2724e-02,
          3.3652e-01,  3.1997e-01,  3.0744e-01,  1.4335e-01,  2.6907e-01,
         -4.2521e-02, -2.6369e-01, -1.8943e-01, -2.1094e-01,  2.3948e-02,
         -1.6943e-01],
        [ 2.4600e-01,  1.0140e-01,  1.6803e-01, -3.0243e-01, -2.8492e-02,
         -4.0726e-01, -3.1672e-01,  2.5354e-03, -3.9099e-01, -1.1265e-01,
         -4.0804e-02, -6.9634e-02,  2.1452e-01,  2.4533e-01,  3.9008e-01,
          1.8563e-01],
        [ 3.9054e-01,  1.1265e-01,  2.8924e-01, -1.0278e-01, -1.9004e-01,
         -2.6597e-01, -3.8641e-01,  6.0054e-03, -4.0277e-02, -2.6180e-01,
         -6.9772e-02,  2.5771e-01, -5.5084e-02,  1.0005e-01,  3.5373e-01,
          1.8980e-01],
        [-2.1697e-01,  1.0689e-01, -7.6511e-02, -3.7348e-02,  1.8828e-01,
          2.0093e-02,  3.5300e-01,  4.4318e-01,  2.2761e-01,  6.9621e-02,
         -8.0430e-02, -3.4202e-01, -2.4895e-01, -2.1445e-01, -1.3911e-03,
         -2.4239e-01],
        [-8.7942e-02, -3.1548e-01, -6.2087e-02,  3.9280e-01, -1.2963e-01,
          1.4659e-01,  2.7087e-01, -3.7065e-02,  1.8723e-02,  2.4209e-01,
          2.5378e-01, -2.7344e-01, -1.7732e-01, -3.3451e-01, -4.8189e-01,
          7.3185e-02],
        [ 3.7429e-01,  8.9259e-03,  6.2907e-02, -1.6346e-01,  1.4031e-01,
         -4.1938e-01, -3.1503e-01, -2.3399e-01, -2.3362e-01, -1.3484e-01,
          1.2002e-01,  2.0948e-01, -9.3656e-02,  3.0059e-01,  3.9506e-01,
          2.1118e-01],
        [ 2.7074e-01,  1.7559e-01,  3.5313e-01, -3.7419e-01, -1.0839e-01,
         -1.9546e-01, -2.0548e-01, -2.9466e-01, -3.4678e-01, -3.0529e-01,
         -9.9831e-02,  3.4679e-01,  2.7215e-01,  1.3278e-01,  1.7648e-02,
          2.4946e-02],
        [ 2.4570e-01, -1.7050e-01,  1.9871e-01, -1.5637e-01,  1.4537e-01,
         -3.1078e-01, -6.2500e-03, -2.5320e-01, -4.0086e-01,  6.8537e-02,
          1.8189e-01,  5.7609e-02,  9.3207e-02,  2.2915e-01,  1.2786e-01,
          3.1038e-01],
        [ 9.1248e-02, -1.4210e-02,  1.3053e-01,  4.0308e-02, -1.1459e-01,
         -2.8367e-01, -8.2718e-02, -4.1494e-01, -2.1692e-01, -3.5978e-01,
         -2.8873e-01,  1.7820e-01,  2.4083e-01,  3.4137e-01,  3.0320e-02,
          7.4411e-02],
        [ 2.2968e-01,  1.8252e-01,  3.1029e-01, -3.4898e-01, -2.2027e-02,
         -1.2075e-01, -3.8015e-01, -2.1936e-02, -3.6088e-01,  2.6195e-02,
          4.7761e-03,  7.9883e-02,  2.1606e-01,  2.8694e-01,  3.8010e-01,
          2.8841e-01],
        [-3.3972e-01, -1.1530e-02, -8.1865e-05,  2.1916e-01,  2.2893e-01,
          5.5938e-02,  3.9444e-01,  2.0652e-01, -4.3560e-02,  8.2724e-02,
          2.1437e-01, -2.9547e-01, -2.3768e-01, -1.8093e-01, -3.7274e-01,
         -9.2901e-02],
        [ 3.2084e-01,  1.1982e-01,  1.5278e-01, -1.3728e-01, -2.0568e-01,
         -3.1825e-01, -1.7028e-01, -3.7014e-01, -1.8373e-02, -9.3516e-02,
          5.4621e-03,  1.5507e-01,  3.3430e-01,  2.9573e-01,  3.1726e-01,
          2.5776e-01],
        [-2.8693e-01,  2.2062e-02, -3.3301e-01,  2.5896e-01, -2.1892e-01,
          1.7898e-01,  3.6139e-01,  3.1667e-01,  3.4737e-01,  2.1792e-01,
          1.8572e-01, -8.6956e-02,  3.0672e-02,  5.3931e-02, -1.2338e-01,
         -2.2200e-01],
        [-3.0166e-01, -1.5423e-01, -6.0283e-02,  2.7451e-02,  7.5264e-02,
          4.1585e-01,  4.1057e-01, -1.8703e-03,  2.1999e-01,  3.0518e-01,
         -1.9303e-01, -2.1740e-02, -3.0814e-01, -2.5602e-01, -3.2333e-01,
         -2.3758e-01],
        [ 8.8121e-02,  1.8053e-01,  2.8483e-01, -8.7229e-02,  1.5729e-01,
         -3.6295e-01, -4.5289e-01, -4.0895e-01, -3.0909e-01, -2.7870e-01,
          2.9940e-02,  1.2422e-02,  1.2760e-02,  2.5765e-01,  7.9833e-02,
          1.9503e-01]], device='cuda:0', requires_grad=True)

Parameter name: road_linear_0.bias
Shape: torch.Size([32])
Values: Parameter containing:
tensor([-0.0804, -0.0750,  0.2004, -0.0056, -0.1206, -0.0734,  0.0899,  0.0785,
        -0.0125, -0.0840, -0.0450,  0.0380,  0.1499,  0.1158, -0.0325,  0.0053,
        -0.1111,  0.0029,  0.1321,  0.0289, -0.0479, -0.1929,  0.0017, -0.0352,
         0.0079,  0.2544,  0.1391, -0.0023, -0.0324, -0.1605, -0.0032,  0.0454],
       device='cuda:0', requires_grad=True)

Parameter name: road_linear_1.weight
Shape: torch.Size([1, 32])
Values: Parameter containing:
tensor([[-0.2213,  0.3177, -0.2370, -0.2721,  0.3288,  0.3648, -0.2853, -0.3855,
         -0.3108,  0.3584,  0.2767,  0.3947, -0.2669, -0.3902,  0.3135, -0.2493,
         -0.3100,  0.3467, -0.2376, -0.2516,  0.4072,  0.3713, -0.3834, -0.3855,
         -0.3119, -0.3454, -0.3270,  0.3710, -0.3771,  0.3932,  0.3077, -0.2464]],
       device='cuda:0', requires_grad=True)

Parameter name: linear_0.weight
Shape: torch.Size([32, 39])
Values: Parameter containing:
tensor([[-0.0093,  0.0009,  0.0247,  ...,  0.2106, -0.3786, -0.1137],
        [-0.0795, -0.1850,  0.0812,  ...,  0.1476, -0.3477,  0.0871],
        [-0.0565,  0.1526,  0.0934,  ...,  0.0071,  0.2602,  0.0345],
        ...,
        [ 0.0437, -0.1516,  0.0114,  ...,  0.0694, -0.3085, -0.1180],
        [ 0.0303, -0.0772,  0.0105,  ..., -0.3084,  0.1456,  0.1557],
        [-0.0869,  0.1570,  0.0137,  ..., -0.1749,  0.0944, -0.0509]],
       device='cuda:0', requires_grad=True)

Parameter name: linear_0.bias
Shape: torch.Size([32])
Values: Parameter containing:
tensor([ 0.0509,  0.0548, -0.0943, -0.1205, -0.0566,  0.0461, -0.1304,  0.0621,
        -0.0457,  0.0928,  0.0351,  0.0060,  0.0096,  0.0633, -0.0782, -0.0198,
         0.0460, -0.1417, -0.0327, -0.0145, -0.1082,  0.0507,  0.0813, -0.0071,
        -0.0852,  0.0673,  0.0243, -0.0956,  0.0641,  0.1477,  0.1331, -0.0663],
       device='cuda:0', requires_grad=True)

Parameter name: linear_1.weight
Shape: torch.Size([32, 32])
Values: Parameter containing:
tensor([[ 0.0273, -0.2036, -0.0742,  ..., -0.1517, -0.0068,  0.2708],
        [-0.2490, -0.0508,  0.1087,  ..., -0.0817,  0.0032,  0.2780],
        [ 0.1749, -0.0117, -0.1836,  ...,  0.0933, -0.0328, -0.0762],
        ...,
        [ 0.1624,  0.1187,  0.0750,  ...,  0.2749, -0.2326,  0.0482],
        [-0.0649, -0.1823,  0.0841,  ..., -0.0091,  0.2578,  0.0952],
        [-0.0289, -0.1280,  0.2167,  ...,  0.0400,  0.1485,  0.1383]],
       device='cuda:0', requires_grad=True)

Parameter name: linear_1.bias
Shape: torch.Size([32])
Values: Parameter containing:
tensor([ 0.0895,  0.1253, -0.0368, -0.0568, -0.0321, -0.0369, -0.0333, -0.0631,
         0.1107, -0.1782,  0.1234, -0.1332,  0.1655, -0.0199, -0.1436,  0.1078,
        -0.1285, -0.1549,  0.0142, -0.0301,  0.0080,  0.1075, -0.1921,  0.2047,
        -0.0677, -0.0280,  0.0882, -0.0345, -0.1129, -0.0612,  0.1140,  0.0026],
       device='cuda:0', requires_grad=True)

Parameter name: linear_2.weight
Shape: torch.Size([1, 32])
Values: Parameter containing:
tensor([[ 0.5940,  0.5185, -0.5987, -0.5997,  0.4458,  0.4550, -0.5019,  0.5119,
          0.5093, -0.5345, -0.5239,  0.4838,  0.5059, -0.4476,  0.5274,  0.4767,
         -0.6046, -0.5952,  0.4721,  0.4903, -0.5593, -0.5319, -0.5949,  0.4293,
          0.5698,  0.5948, -0.5700,  0.6387, -0.5052, -0.5865,  0.5730,  0.5858]],
       device='cuda:0', requires_grad=True)

Parameter name: linear_2.bias
Shape: torch.Size([1])
Values: Parameter containing:
tensor([0.3085], device='cuda:0', requires_grad=True)

Parameter name: road_linear_0.weight
Shape: torch.Size([32, 16])
Values: Parameter containing:
tensor([[-1.7717e-02,  3.0278e-01,  2.9224e-01, -2.7017e-01, -4.0765e-01,
         -2.1203e-01, -9.1173e-02, -5.3510e-01, -2.8515e-01, -6.4136e-02,
          1.1919e-03,  2.7978e-01,  1.2846e-01, -6.5593e-02,  9.6914e-02,
          3.2785e-01],
        [-2.4410e-01, -2.8960e-01, -9.6405e-02, -4.4937e-02,  1.4184e-01,
          2.9360e-01,  1.9873e-01,  2.7224e-01,  4.8057e-01,  1.3722e-01,
          2.6151e-01, -3.3741e-01, -4.1555e-02, -5.1804e-02,  1.9916e-01,
         -5.4507e-02],
        [ 6.3231e-02,  1.9269e-01,  3.6432e-01, -6.7694e-02, -2.6133e-01,
         -3.8647e-01, -7.7419e-02, -5.4794e-01, -5.5880e-02, -6.0859e-02,
         -1.1084e-01,  1.9411e-02,  4.5028e-01,  3.2951e-01,  2.1488e-01,
          2.2707e-01],
        [ 2.6041e-01,  2.1323e-02,  7.4553e-02, -3.0853e-02, -2.3026e-01,
         -2.4300e-01, -1.8597e-01, -2.2237e-01, -5.1335e-01, -4.0418e-01,
         -9.1738e-02,  4.4884e-01,  3.2421e-01, -1.0959e-01, -6.0393e-02,
          1.2553e-01],
        [-8.0654e-02,  1.4031e-01, -1.5789e-01, -7.1244e-02,  3.4287e-01,
          1.3326e-01,  7.5917e-02,  4.4895e-01,  2.3348e-01,  2.9593e-01,
          2.9157e-01, -2.4292e-01, -9.6132e-02, -2.4366e-01,  1.2771e-01,
         -1.2321e-01],
        [ 1.2040e-03,  1.7577e-01, -3.5427e-01,  3.6563e-01,  5.1648e-01,
          2.4209e-02,  2.9793e-01,  9.0077e-02,  3.4305e-01,  2.1777e-01,
         -1.1869e-01, -1.6792e-01, -2.9591e-01,  1.1813e-01,  2.5039e-01,
         -5.3481e-02],
        [ 3.6670e-01,  7.0434e-02,  4.0532e-01, -1.5318e-01, -2.2017e-01,
         -2.5913e-01, -2.1525e-01, -3.5272e-01, -3.4468e-01, -3.2558e-02,
         -3.3876e-02,  1.4037e-01, -2.0124e-02,  2.4222e-01, -1.2578e-01,
          1.3424e-01],
        [-6.9113e-02,  2.2426e-01,  3.5015e-01, -3.2297e-01, -4.7535e-01,
         -3.3241e-01, -1.1067e-01, -3.5443e-01, -2.6589e-01, -2.1724e-01,
         -7.9817e-02,  9.0721e-02,  2.7952e-01, -7.6398e-02,  6.2051e-02,
          3.3794e-01],
        [ 3.8798e-02,  2.6507e-01,  3.0903e-01, -2.1721e-01, -2.1111e-01,
         -4.0175e-01, -2.0998e-01, -2.1638e-01, -4.6453e-02, -3.3111e-01,
         -2.4366e-01,  1.3861e-01, -9.8609e-03,  1.9133e-01, -1.9626e-01,
          8.0305e-02],
        [-2.8032e-01, -5.4043e-02, -9.2954e-02, -5.2498e-02,  2.5472e-01,
          2.1052e-01,  9.0620e-02,  3.6856e-01,  3.6496e-01,  6.1517e-03,
          3.0409e-01, -9.2495e-02, -3.2525e-01, -9.6138e-02,  3.1654e-02,
         -1.7291e-01],
        [-3.4917e-01,  9.7816e-02, -5.9311e-02, -7.1594e-02,  1.4059e-01,
          4.8032e-01,  2.7092e-01,  2.5361e-01,  4.4758e-01,  2.6276e-01,
          1.0624e-01, -8.3202e-02, -2.0702e-01,  9.9848e-02, -1.4153e-01,
         -3.0898e-01],
        [-1.2179e-01, -1.1694e-01, -2.3406e-02,  5.6560e-02,  3.3017e-01,
          1.7086e-01,  4.0751e-01,  2.6987e-01,  2.5238e-01,  3.6080e-01,
          2.2400e-01, -1.7377e-02, -4.2637e-01, -2.5741e-01, -7.1993e-02,
         -1.8478e-01],
        [ 3.2142e-01,  1.8780e-01,  1.5666e-01, -1.2547e-01, -3.3870e-01,
         -4.8272e-02, -1.3568e-01, -5.0215e-01, -4.4137e-01, -1.1593e-01,
         -1.3274e-01,  1.4292e-01,  1.3457e-02,  1.8489e-01, -1.0195e-01,
          2.6130e-05],
        [ 2.0754e-01,  2.9126e-01,  3.6899e-01,  1.5386e-02, -4.6053e-01,
         -6.6441e-02, -7.6039e-02, -1.7443e-01, -2.9506e-01, -1.7632e-01,
         -2.5109e-01,  1.8038e-01,  1.6567e-01,  8.2166e-02, -1.9341e-01,
          2.2444e-01],
        [-3.6685e-01, -2.4921e-01, -6.1395e-02, -7.9076e-02,  5.3018e-01,
          4.5267e-01,  1.2932e-01,  2.3184e-01,  5.0351e-02,  1.8696e-01,
          1.5973e-01, -3.8495e-01, -1.2707e-01, -1.2861e-01, -1.1365e-01,
         -1.4082e-01],
        [-1.0263e-01, -1.4280e-01,  1.7157e-01,  1.4900e-01, -5.4923e-01,
         -9.5369e-02, -2.3439e-01, -4.9732e-01, -3.2537e-01, -5.7288e-02,
         -9.0221e-02,  5.2031e-01,  2.3237e-01, -1.9439e-02,  2.1543e-01,
          2.3002e-02],
        [ 3.1049e-01,  2.2486e-01,  1.9781e-01, -3.2213e-01, -5.2011e-01,
         -8.4997e-02, -1.3658e-01, -1.1196e-01, -4.5316e-01, -1.9763e-01,
          1.2476e-01,  3.6647e-01,  4.0534e-01,  3.0522e-01, -9.5753e-03,
         -4.2614e-02],
        [-2.8775e-01,  3.5378e-02, -2.3971e-01,  1.1036e-01,  2.7969e-01,
          3.3507e-01,  3.1128e-01,  3.6943e-01,  2.1399e-01,  2.8803e-01,
         -2.5110e-02, -3.0799e-01, -1.9206e-01, -2.3944e-01,  1.4809e-01,
         -1.5880e-01],
        [ 1.9882e-01,  5.9573e-02,  1.2144e-01, -2.2281e-01, -4.0371e-01,
         -4.1470e-01, -3.1243e-01, -1.0495e-01, -5.0365e-01, -9.6995e-02,
         -7.7897e-02, -9.9912e-04,  2.7482e-01,  2.7739e-01,  1.7193e-01,
          1.4696e-01],
        [ 3.6628e-01,  8.6481e-02,  2.6723e-01, -5.3932e-02, -4.8673e-01,
         -2.8118e-01, -3.9292e-01, -9.4800e-02, -1.3907e-01, -2.8464e-01,
         -1.2370e-01,  3.3076e-01, -1.6941e-02,  1.2935e-01,  1.6534e-01,
          1.7757e-01],
        [-1.6985e-01,  1.0216e-01, -3.9783e-02, -1.0383e-01,  4.2777e-01,
          4.6354e-04,  3.3189e-01,  4.6251e-01,  2.4693e-01,  7.4513e-02,
         -3.7533e-02, -3.3744e-01, -2.2970e-01, -2.1426e-01,  2.3791e-01,
         -2.3463e-01],
        [-7.2021e-02, -2.8908e-01, -4.9588e-02,  3.4967e-01,  1.4665e-01,
          1.7255e-01,  2.9883e-01,  6.4848e-02,  1.1850e-01,  2.7999e-01,
          3.6492e-01, -3.4221e-01, -2.5167e-01, -3.8917e-01, -2.2989e-01,
          7.1668e-02],
        [ 3.6249e-01, -9.2002e-03,  5.3168e-02, -1.3611e-01, -1.4696e-01,
         -4.3872e-01, -3.2915e-01, -3.2577e-01, -3.2986e-01, -1.6699e-01,
          8.8379e-02,  2.7932e-01, -5.0788e-02,  3.4041e-01,  2.4564e-01,
          2.0870e-01],
        [ 2.5076e-01,  1.6306e-01,  3.3654e-01, -3.4337e-01, -3.6332e-01,
         -1.9676e-01, -2.0356e-01, -3.6687e-01, -4.2423e-01, -3.2723e-01,
         -7.4884e-02,  3.9950e-01,  2.7407e-01,  1.5894e-01, -9.5458e-02,
          1.2829e-02],
        [ 2.0686e-01, -1.6241e-01,  1.7103e-01, -8.5975e-02, -1.1933e-01,
         -3.1963e-01, -5.3865e-03, -3.0793e-01, -4.6888e-01,  3.8481e-02,
          9.8051e-02,  9.4174e-02,  1.2461e-01,  2.6582e-01, -1.6912e-01,
          3.1977e-01],
        [ 2.9431e-02, -2.1370e-02,  7.9013e-02,  1.1916e-01, -3.8156e-01,
         -2.5092e-01, -4.4574e-02, -4.3653e-01, -2.3404e-01, -3.5417e-01,
         -3.2926e-01,  1.7580e-01,  2.1204e-01,  3.2696e-01, -2.1859e-01,
          5.7577e-02],
        [ 2.1614e-01,  1.5232e-01,  2.9817e-01, -3.2023e-01, -3.2242e-01,
         -1.3898e-01, -3.9087e-01, -1.1896e-01, -4.6152e-01, -2.8928e-03,
         -1.7128e-02,  1.5362e-01,  2.5664e-01,  3.1810e-01,  2.5005e-01,
          2.8185e-01],
        [-3.0991e-01, -4.9369e-03,  2.2399e-02,  1.6799e-01,  4.7495e-01,
          7.1333e-02,  4.0086e-01,  2.9250e-01,  3.3415e-02,  1.1212e-01,
          2.6625e-01, -3.5013e-01, -2.6268e-01, -2.1852e-01, -1.5882e-01,
         -9.1342e-02],
        [ 2.9890e-01,  1.2372e-01,  1.3502e-01, -1.0178e-01, -4.5018e-01,
         -3.2914e-01, -1.7557e-01, -4.4555e-01, -9.6055e-02, -1.1887e-01,
          2.1235e-02,  2.1192e-01,  3.2910e-01,  3.3245e-01,  1.2888e-01,
          2.5146e-01],
        [-2.6774e-01,  6.3498e-02, -3.1634e-01,  2.2682e-01,  6.5944e-02,
          1.8451e-01,  3.6239e-01,  3.9698e-01,  4.2863e-01,  2.4020e-01,
          2.1602e-01, -1.4395e-01,  1.4104e-02,  2.8240e-02,  2.0921e-03,
         -2.1511e-01],
        [-2.8033e-01, -1.3892e-01, -4.2095e-02, -1.2966e-02,  3.5529e-01,
          4.3183e-01,  4.1533e-01,  8.4318e-02,  3.1259e-01,  3.3257e-01,
         -1.5466e-01, -8.7423e-02, -3.4711e-01, -2.9545e-01, -1.4396e-01,
         -2.3042e-01],
        [ 4.6596e-02,  1.2659e-01,  2.4659e-01, -1.0887e-02, -1.5864e-01,
         -3.6484e-01, -4.3829e-01, -4.9457e-01, -4.0115e-01, -2.7382e-01,
         -7.5820e-03,  6.8896e-02,  2.7596e-02,  2.8591e-01, -1.0397e-01,
          1.6980e-01]], device='cuda:0', requires_grad=True)

Parameter name: road_linear_0.bias
Shape: torch.Size([32])
Values: Parameter containing:
tensor([-0.0391, -0.0218,  0.1233, -0.0278, -0.0855, -0.1245,  0.0794,  0.0939,
        -0.0195, -0.0843, -0.0249,  0.0509,  0.1690,  0.0881,  0.0061, -0.0256,
        -0.0467, -0.0031,  0.1074,  0.0117, -0.0685, -0.1517, -0.0171, -0.0096,
         0.0263,  0.1827,  0.1290, -0.0026, -0.0588, -0.1514,  0.0225, -0.0441],
       device='cuda:0', requires_grad=True)

Parameter name: road_linear_1.weight
Shape: torch.Size([1, 32])
Values: Parameter containing:
tensor([[-0.2632,  0.3492, -0.2536, -0.2912,  0.3665,  0.4057, -0.3013, -0.4058,
         -0.3322,  0.3894,  0.2943,  0.4024, -0.3035, -0.4208,  0.3330, -0.3840,
         -0.3455,  0.3513, -0.2559, -0.2717,  0.4449,  0.3359, -0.3944, -0.3957,
         -0.3717, -0.3771, -0.3318,  0.3888, -0.3844,  0.4010,  0.3133, -0.2593]],
       device='cuda:0', requires_grad=True)

Parameter name: linear_0.weight
Shape: torch.Size([32, 39])
Values: Parameter containing:
tensor([[-0.0090, -0.0074,  0.0457,  ...,  0.2370, -0.3879, -0.1137],
        [-0.0821, -0.1910,  0.0904,  ...,  0.1481, -0.3716,  0.0871],
        [-0.0441,  0.1755,  0.0703,  ..., -0.0061,  0.2992,  0.0345],
        ...,
        [ 0.0298, -0.1901,  0.0450,  ...,  0.0671, -0.3267, -0.1180],
        [ 0.0456, -0.0514, -0.0207,  ..., -0.3065,  0.1768,  0.1557],
        [-0.2020,  0.0493,  0.0056,  ...,  0.0415, -0.2765, -0.0509]],
       device='cuda:0', requires_grad=True)

Parameter name: linear_0.bias
Shape: torch.Size([32])
Values: Parameter containing:
tensor([ 0.0562,  0.0561, -0.0867, -0.1205, -0.0589,  0.0538, -0.1267,  0.0595,
        -0.0480,  0.0818,  0.0300,  0.0108,  0.0271,  0.0745, -0.0768, -0.0178,
         0.0476, -0.1508, -0.0305, -0.0245, -0.0743,  0.0498,  0.0896, -0.0058,
        -0.0879,  0.0876,  0.0325, -0.0875,  0.0481,  0.1375,  0.1473, -0.1073],
       device='cuda:0', requires_grad=True)

Parameter name: linear_1.weight
Shape: torch.Size([32, 32])
Values: Parameter containing:
tensor([[ 0.0169, -0.1938, -0.0783,  ..., -0.1163, -0.0215,  0.0710],
        [-0.2669, -0.0483,  0.1180,  ..., -0.0484,  0.0004,  0.0588],
        [ 0.1874, -0.0244, -0.1805,  ...,  0.0550, -0.0151,  0.1691],
        ...,
        [ 0.1660,  0.0988,  0.0893,  ...,  0.2264, -0.2045,  0.2413],
        [-0.0841, -0.1710,  0.0840,  ...,  0.0306,  0.2445, -0.1693],
        [-0.0488, -0.1273,  0.2155,  ...,  0.0726,  0.1388, -0.0307]],
       device='cuda:0', requires_grad=True)

Parameter name: linear_1.bias
Shape: torch.Size([32])
Values: Parameter containing:
tensor([ 0.0859,  0.1240, -0.0262, -0.0606, -0.0327, -0.0626, -0.0285, -0.0594,
         0.0968, -0.1386,  0.1361, -0.1255,  0.1530,  0.0594, -0.1340,  0.0902,
        -0.1204, -0.1484,  0.0041, -0.0127,  0.0046,  0.1076, -0.1868,  0.1757,
        -0.0624, -0.0299,  0.0889, -0.0406, -0.1112, -0.0557,  0.0990,  0.0049],
       device='cuda:0', requires_grad=True)

Parameter name: linear_2.weight
Shape: torch.Size([1, 32])
Values: Parameter containing:
tensor([[ 0.6457,  0.5694, -0.6455, -0.6471,  0.5133,  0.5048, -0.5599,  0.5538,
          0.5775, -0.5852, -0.5393,  0.5379,  0.5363,  0.5482,  0.5754,  0.5329,
         -0.6460, -0.6510,  0.5137,  0.5408, -0.6019, -0.5794, -0.6475,  0.5064,
          0.6312,  0.6518, -0.6294,  0.6791, -0.5584, -0.6420,  0.6265,  0.6448]],
       device='cuda:0', requires_grad=True)

Parameter name: linear_2.bias
Shape: torch.Size([1])
Values: Parameter containing:
tensor([0.3539], device='cuda:0', requires_grad=True)

Parameter name: road_linear_0.weight
Shape: torch.Size([32, 16])
Values: Parameter containing:
tensor([[ 1.3795e-02, -2.5843e-02,  2.6375e-01, -2.9942e-01, -3.2914e-01,
         -1.1826e-01, -3.7023e-02, -4.8661e-01, -2.7143e-01, -1.5203e-02,
          1.5894e-01,  1.8276e-01,  1.7684e-02, -1.0644e-01, -2.3023e-01,
          3.1709e-01],
        [-2.6916e-01,  2.5773e-03, -8.6760e-02, -1.5229e-03,  7.2946e-02,
          2.3037e-01,  1.5418e-01,  2.2927e-01,  4.8628e-01,  1.1609e-01,
          9.7408e-02, -2.7092e-01,  1.4994e-02, -2.8773e-02,  5.0436e-01,
         -5.3552e-02],
        [ 8.4376e-02, -7.9647e-02,  3.4819e-01, -1.0409e-01, -1.7621e-01,
         -3.2476e-01, -3.6019e-02, -4.8542e-01, -1.7829e-02, -4.0419e-02,
         -7.6183e-02, -6.3333e-02,  3.8370e-01,  2.9828e-01, -1.0430e-01,
          2.3539e-01],
        [ 2.7777e-01, -1.1680e-01,  5.2599e-02, -6.0760e-02, -1.3343e-01,
         -1.5550e-01, -1.1570e-01, -1.5466e-01, -5.0155e-01, -3.6213e-01,
          3.0751e-03,  3.5400e-01,  2.5767e-01, -1.5397e-01, -3.2900e-01,
          1.0599e-01],
        [-9.7158e-02,  4.2584e-01, -1.3874e-01, -2.9863e-02,  2.5434e-01,
          5.7799e-02,  2.2276e-02,  3.8132e-01,  2.0825e-01,  2.7109e-01,
          7.3211e-02, -1.5286e-01, -2.1224e-02, -2.1069e-01,  4.1274e-01,
         -1.2293e-01],
        [ 2.1655e-04,  3.8376e-01, -3.2964e-01,  3.9361e-01,  3.9714e-01,
         -6.2444e-02,  2.3846e-01,  1.0562e-02,  2.9953e-01,  1.8802e-01,
         -1.0947e-01, -7.6167e-02, -2.0537e-01,  1.4360e-01,  4.8388e-01,
         -4.9714e-02],
        [ 3.7134e-01, -6.6298e-02,  3.7802e-01, -1.7595e-01, -1.3011e-01,
         -1.8153e-01, -1.5038e-01, -2.8821e-01, -3.1426e-01,  2.8484e-03,
         -1.4689e-02,  5.4464e-02, -9.4448e-02,  1.4744e-01, -3.8767e-01,
          1.1755e-01],
        [-6.6854e-02,  8.1317e-02,  3.3014e-01, -3.4823e-01, -4.0191e-01,
         -2.7847e-01, -7.1819e-02, -3.0963e-01, -2.4258e-01, -2.0012e-01,
         -5.5263e-02,  2.7356e-02,  2.3229e-01, -1.1956e-01, -1.7012e-01,
          3.3282e-01],
        [ 5.4594e-02, -7.2547e-02,  2.9020e-01, -2.5714e-01, -1.6236e-01,
         -3.4148e-01, -1.6749e-01, -1.8444e-01, -3.6487e-02, -3.0657e-01,
          1.1769e-02,  7.3075e-02, -5.7013e-02,  1.6452e-01, -4.8844e-01,
          8.1029e-02],
        [-3.0654e-01,  2.5313e-01, -8.7249e-02, -1.5401e-03,  1.7557e-01,
          1.4444e-01,  4.5276e-02,  3.1060e-01,  3.5039e-01, -8.8416e-03,
          1.2899e-01, -2.1075e-02, -2.5933e-01, -8.3111e-02,  3.2536e-01,
         -1.8320e-01],
        [-3.6669e-01,  2.9138e-01, -3.9931e-02, -3.7437e-02,  5.8743e-02,
          4.0481e-01,  2.1901e-01,  1.9520e-01,  4.3240e-01,  2.3171e-01,
          1.6697e-02,  1.2896e-03, -1.8617e-01,  1.1503e-01,  1.3449e-01,
         -3.0280e-01],
        [-1.3036e-01,  9.9374e-02, -5.3519e-04,  9.0875e-02,  2.4870e-01,
          1.0741e-01,  3.4522e-01,  2.0796e-01,  2.1983e-01,  3.2869e-01,
          8.6317e-02,  6.4000e-02, -4.0887e-01, -2.1192e-01,  1.7511e-01,
         -1.7836e-01],
        [ 3.4511e-01, -9.3819e-02,  1.2880e-01, -1.6309e-01, -2.2675e-01,
          5.8580e-02, -6.5221e-02, -4.1511e-01, -4.2603e-01, -7.3079e-02,
         -1.2082e-01,  3.2774e-02, -6.9122e-02,  1.5390e-01, -4.3935e-01,
         -1.1087e-02],
        [ 2.1833e-01,  3.5702e-02,  3.5261e-01, -1.7893e-02, -3.8813e-01,
         -1.0020e-02, -2.8627e-02, -1.2838e-01, -2.8479e-01, -1.5441e-01,
         -1.2169e-01,  1.1629e-01,  1.1485e-01,  4.0696e-02, -4.6913e-01,
          2.1957e-01],
        [-3.8500e-01,  1.6871e-02, -4.9153e-02, -3.8613e-02,  4.6517e-01,
          3.9943e-01,  9.3582e-02,  1.8992e-01,  3.9037e-02,  1.7285e-01,
          3.8590e-02, -3.1866e-01, -8.7182e-02, -1.0956e-01,  1.9632e-01,
         -1.4424e-01],
        [-4.6888e-02, -5.1212e-01,  1.4492e-01,  8.3038e-02, -4.9093e-01,
          3.0054e-02, -1.6598e-01, -4.3610e-01, -3.3622e-01, -1.0861e-02,
         -6.2840e-02,  4.0686e-01,  1.0985e-01, -9.4150e-02, -1.4621e-01,
          3.3575e-02],
        [ 3.2143e-01,  4.6953e-02,  1.7631e-01, -3.4672e-01, -4.0906e-01,
         -9.8456e-03, -6.5219e-02, -4.9813e-02, -4.4764e-01, -1.5849e-01,
          1.6874e-01,  2.8593e-01,  3.2175e-01,  2.3132e-01, -2.3357e-01,
         -6.3010e-02],
        [-2.7718e-01,  1.5989e-01, -2.0397e-01,  1.2058e-01,  1.5344e-01,
          2.5750e-01,  2.4304e-01,  2.9199e-01,  1.6694e-01,  2.4837e-01,
         -5.0737e-02, -2.1368e-01, -1.0884e-01, -1.5614e-01,  2.9762e-01,
         -1.3509e-01],
        [ 2.3422e-01, -1.6675e-01,  1.1608e-01, -2.6625e-01, -2.8107e-01,
         -3.5183e-01, -2.5611e-01, -3.8583e-02, -4.7244e-01, -7.6981e-02,
          1.2153e-02, -8.5647e-02,  1.7194e-01,  2.1308e-01, -1.1225e-01,
          1.5669e-01],
        [ 3.7519e-01, -1.4532e-01,  2.3661e-01, -8.1699e-02, -4.1279e-01,
         -2.1383e-01, -3.3759e-01, -4.6099e-02, -1.1756e-01, -2.4944e-01,
          9.4689e-02,  2.4329e-01, -6.0272e-02,  7.6874e-02, -1.4557e-01,
          1.6415e-01],
        [-1.6717e-01,  2.9767e-01, -1.3925e-02, -7.9951e-02,  3.1086e-01,
         -7.0383e-02,  2.7955e-01,  3.8462e-01,  2.0516e-01,  4.8620e-02,
         -1.0647e-01, -2.5071e-01, -1.6117e-01, -1.7293e-01,  4.2978e-01,
         -2.2574e-01],
        [-1.1123e-01,  1.2166e-01, -4.6430e-02,  4.0528e-01,  1.2529e-01,
          1.2690e-01,  2.7245e-01,  5.7819e-02,  1.4024e-01,  2.7186e-01,
          2.1449e-01, -3.0608e-01, -2.2445e-01, -3.7831e-01,  7.8837e-02,
          5.9779e-02],
        [ 3.6962e-01, -2.1380e-01,  3.2270e-02, -1.6493e-01, -6.9476e-02,
         -3.8277e-01, -2.8146e-01, -2.8212e-01, -3.1154e-01, -1.4454e-01,
          2.0233e-01,  2.1304e-01, -8.8309e-02,  2.9329e-01, -5.0509e-03,
          1.9936e-01],
        [ 2.4513e-01,  8.7153e-02,  3.0435e-01, -3.4961e-01, -2.2076e-01,
         -1.2145e-01, -1.2721e-01, -2.9715e-01, -4.0455e-01, -2.7922e-01,
         -3.2545e-03,  3.1683e-01,  2.1872e-01,  7.5900e-02, -2.3173e-01,
         -2.4561e-02],
        [ 2.2379e-01, -4.4791e-01,  1.5747e-01, -1.3263e-01, -2.3154e-02,
         -2.3632e-01,  5.6818e-02, -2.3158e-01, -4.3284e-01,  6.4635e-02,
          1.7098e-01,  6.5598e-03,  3.8005e-02,  2.4515e-01, -4.5394e-01,
          3.2436e-01],
        [ 3.5204e-02, -2.5069e-01,  5.8597e-02,  8.7906e-02, -2.7641e-01,
         -1.8753e-01, -7.7849e-03, -3.6686e-01, -1.9883e-01, -3.3614e-01,
         -2.6191e-01,  9.4119e-02,  1.6260e-01,  3.0612e-01, -4.8571e-01,
          5.6285e-02],
        [ 2.1869e-01, -7.4772e-02,  2.6757e-01, -3.4027e-01, -2.3972e-01,
         -8.1704e-02, -3.3308e-01, -7.3437e-02, -4.3364e-01,  2.7027e-02,
          4.9363e-02,  7.7885e-02,  2.1391e-01,  2.3467e-01,  1.7978e-03,
          2.6397e-01],
        [-3.3154e-01,  2.5518e-01,  3.6686e-02,  2.1107e-01,  3.9977e-01,
          1.1067e-02,  3.4859e-01,  2.3829e-01,  1.2234e-02,  9.0334e-02,
          7.3390e-02, -2.7334e-01, -2.1701e-01, -1.8017e-01,  1.1594e-01,
         -9.3634e-02],
        [ 2.9760e-01, -9.5524e-03,  1.0587e-01, -1.2283e-01, -3.4716e-01,
         -2.6439e-01, -1.1947e-01, -3.8084e-01, -6.3263e-02, -8.5127e-02,
          1.1010e-01,  1.2626e-01,  3.3033e-01,  2.8922e-01, -7.3266e-02,
          2.3408e-01],
        [-2.6578e-01,  2.0761e-01, -2.9014e-01,  2.4587e-01, -2.0603e-02,
          1.2375e-01,  3.0973e-01,  3.4275e-01,  4.0082e-01,  2.1328e-01,
          1.5203e-01, -7.3243e-02,  7.2140e-02,  8.5267e-02,  2.2647e-01,
         -2.0004e-01],
        [-2.8421e-01,  8.4065e-02, -1.3598e-02,  1.1690e-02,  2.6780e-01,
          3.6244e-01,  3.5863e-01,  3.0577e-02,  2.8393e-01,  3.0002e-01,
         -2.3452e-01, -7.8351e-04, -2.9301e-01, -2.4550e-01,  1.1877e-01,
         -2.1778e-01],
        [ 5.3696e-02, -8.0607e-02,  2.1483e-01, -3.6509e-02, -5.9639e-02,
         -2.8343e-01, -3.6477e-01, -4.1072e-01, -3.5882e-01, -2.3071e-01,
          8.9511e-02, -3.8416e-02, -7.4646e-02,  1.7963e-01, -3.6812e-01,
          1.5480e-01]], device='cuda:0', requires_grad=True)

Parameter name: road_linear_0.bias
Shape: torch.Size([32])
Values: Parameter containing:
tensor([-0.0938, -0.0193,  0.1170, -0.1179, -0.0351, -0.0152,  0.0535,  0.1330,
        -0.0564, -0.0337,  0.0498,  0.0748,  0.1526,  0.0837, -0.0430,  0.0770,
        -0.1927,  0.0074,  0.0060, -0.0071, -0.0088, -0.1012, -0.0748, -0.0630,
        -0.1962,  0.2563,  0.0960,  0.0349, -0.0960, -0.2121,  0.1676, -0.0459],
       device='cuda:0', requires_grad=True)

Parameter name: road_linear_1.weight
Shape: torch.Size([1, 32])
Values: Parameter containing:
tensor([[-0.3183,  0.4054, -0.2919, -0.3097,  0.4148,  0.4427, -0.3421, -0.4186,
         -0.3869,  0.4629,  0.3149,  0.4427, -0.3627, -0.4766,  0.3713, -0.4220,
         -0.3712,  0.3624, -0.2818, -0.2985,  0.4766,  0.4113, -0.4135, -0.4073,
         -0.4552, -0.4190, -0.3551,  0.4264, -0.3852,  0.4241,  0.3288, -0.2839]],
       device='cuda:0', requires_grad=True)

Parameter name: linear_0.weight
Shape: torch.Size([32, 39])
Values: Parameter containing:
tensor([[-0.0378,  0.1076,  0.0523,  ...,  0.2249, -0.3745, -0.1137],
        [-0.1043, -0.0547,  0.1125,  ...,  0.1587, -0.3604,  0.0871],
        [-0.0070, -0.0325,  0.0232,  ...,  0.0231,  0.2762,  0.0345],
        ...,
        [ 0.0134,  0.0103,  0.0532,  ...,  0.0887, -0.3705, -0.1180],
        [ 0.0813, -0.2053, -0.0489,  ..., -0.3321,  0.1901,  0.1557],
        [-0.1997,  0.1458,  0.0329,  ...,  0.1012, -0.3257, -0.0509]],
       device='cuda:0', requires_grad=True)

Parameter name: linear_0.bias
Shape: torch.Size([32])
Values: Parameter containing:
tensor([ 0.0429,  0.0412, -0.0670, -0.1332, -0.0716,  0.0583, -0.1111,  0.0467,
        -0.0399,  0.0814,  0.0192,  0.0111,  0.0289,  0.0777, -0.0531, -0.0196,
         0.0596, -0.1526,  0.0010,  0.0274, -0.0524,  0.0347,  0.1080,  0.0054,
        -0.0926,  0.1032,  0.0468, -0.0960,  0.0552,  0.1401,  0.1664, -0.1223],
       device='cuda:0', requires_grad=True)

Parameter name: linear_1.weight
Shape: torch.Size([32, 32])
Values: Parameter containing:
tensor([[ 0.0691, -0.1970, -0.1024,  ..., -0.1554, -0.0058,  0.0704],
        [-0.2122, -0.0536,  0.1000,  ..., -0.0886,  0.0183,  0.0445],
        [ 0.1453, -0.0099, -0.1772,  ...,  0.1059, -0.0412,  0.1953],
        ...,
        [ 0.1250,  0.1093,  0.1086,  ...,  0.2776, -0.2369,  0.2499],
        [-0.0116, -0.1658,  0.0564,  ..., -0.0061,  0.2484, -0.1740],
        [-0.0094, -0.1497,  0.2140,  ...,  0.0131,  0.1758, -0.0561]],
       device='cuda:0', requires_grad=True)

Parameter name: linear_1.bias
Shape: torch.Size([32])
Values: Parameter containing:
tensor([ 0.1052,  0.1495, -0.0621, -0.0853,  0.0004, -0.0456, -0.0593, -0.0431,
         0.1252, -0.1708,  0.1303, -0.1165,  0.1738,  0.0869, -0.1214,  0.1293,
        -0.1385, -0.1744, -0.0547, -0.0025, -0.0044,  0.0834, -0.2132,  0.2157,
        -0.0452, -0.0044,  0.0730, -0.0282, -0.1367, -0.0735,  0.1248,  0.0449],
       device='cuda:0', requires_grad=True)

Parameter name: linear_2.weight
Shape: torch.Size([1, 32])
Values: Parameter containing:
tensor([[ 0.6009,  0.5243, -0.6161, -0.5990,  0.4827,  0.4624, -0.5252,  0.5026,
          0.5181, -0.5469, -0.4912,  0.5106,  0.4899,  0.4718,  0.5398,  0.5376,
         -0.5966, -0.6103, -0.4701,  0.5167, -0.5603, -0.5414, -0.6133,  0.4526,
          0.5837,  0.6108, -0.5965,  0.6056, -0.5272, -0.5979,  0.5866,  0.6124]],
       device='cuda:0', requires_grad=True)

Parameter name: linear_2.bias
Shape: torch.Size([1])
Values: Parameter containing:
tensor([0.3423], device='cuda:0', requires_grad=True)

Parameter name: road_linear_0.weight
Shape: torch.Size([32, 16])
Values: Parameter containing:
tensor([[-2.2719e-02,  2.9488e-01,  2.4953e-01, -2.7048e-01, -3.6178e-01,
         -1.0747e-01, -2.3106e-02, -4.8719e-01, -2.5302e-01,  1.5067e-03,
          1.6963e-01,  1.7936e-01,  2.9343e-02, -1.1128e-01, -2.3617e-01,
          3.0137e-01],
        [-2.3542e-01, -2.9495e-01, -6.1833e-02, -3.2143e-02,  9.4744e-02,
          2.1573e-01,  1.4110e-01,  2.1777e-01,  4.6001e-01,  9.4032e-02,
          6.7453e-02, -2.5585e-01,  2.0262e-02, -1.2933e-02,  5.0657e-01,
         -3.0965e-02],
        [ 6.4152e-02,  2.1218e-01,  3.3195e-01, -8.4317e-02, -2.1066e-01,
         -3.2812e-01, -4.1564e-02, -5.1007e-01, -9.0528e-03, -2.9161e-02,
         -4.5845e-02, -5.9044e-02,  4.1940e-01,  3.1182e-01, -1.2285e-01,
          2.3130e-01],
        [ 2.4309e-01,  9.7341e-03,  3.2100e-02, -3.5785e-02, -1.7671e-01,
         -1.4541e-01, -1.0762e-01, -1.4536e-01, -4.8565e-01, -3.4418e-01,
          2.7834e-02,  3.4715e-01,  2.5674e-01, -1.6578e-01, -3.4326e-01,
          8.2655e-02],
        [-8.7407e-02,  1.3867e-01, -1.3237e-01, -4.6606e-02,  3.1640e-01,
          5.6900e-02,  2.8589e-02,  4.1054e-01,  2.3024e-01,  2.6078e-01,
          8.1444e-02, -1.6743e-01, -4.9034e-02, -2.2092e-01,  4.6396e-01,
         -1.1015e-01],
        [ 7.2504e-03,  1.7372e-01, -3.2764e-01,  3.8188e-01,  4.4518e-01,
         -5.7357e-02,  2.3932e-01,  2.0409e-02,  3.1248e-01,  1.8051e-01,
         -1.1621e-01, -8.6754e-02, -2.2841e-01,  1.4262e-01,  5.4837e-01,
         -3.9085e-02],
        [ 3.4497e-01,  7.5912e-02,  3.6072e-01, -1.5476e-01, -1.6449e-01,
         -1.7961e-01, -1.4970e-01, -2.8702e-01, -2.8977e-01,  1.5499e-02,
          1.7127e-02,  5.0959e-02, -8.2290e-02,  1.4602e-01, -4.1006e-01,
          1.0405e-01],
        [-8.7384e-02,  2.4300e-01,  3.1454e-01, -3.2783e-01, -4.1126e-01,
         -2.7569e-01, -6.6621e-02, -3.0582e-01, -2.1875e-01, -1.8779e-01,
         -4.2097e-02,  2.0886e-02,  2.4208e-01, -1.2080e-01, -1.8005e-01,
          3.2285e-01],
        [ 3.1260e-02,  2.7930e-01,  2.7124e-01, -2.3505e-01, -1.7650e-01,
         -3.3343e-01, -1.6149e-01, -1.7885e-01, -1.9802e-02, -2.8998e-01,
          3.5932e-02,  6.8673e-02, -4.9564e-02,  1.6071e-01, -4.9927e-01,
          6.5842e-02],
        [-2.8797e-01, -6.4649e-02, -7.2520e-02, -2.4131e-02,  2.1710e-01,
          1.3878e-01,  4.2946e-02,  3.2297e-01,  3.5104e-01, -2.4128e-02,
          1.2052e-01, -2.1623e-02, -2.7325e-01, -7.9427e-02,  3.5541e-01,
         -1.6779e-01],
        [-3.4870e-01,  9.2595e-02, -2.9591e-02, -5.0358e-02,  1.0644e-01,
          4.0584e-01,  2.2188e-01,  2.0811e-01,  4.3145e-01,  2.2306e-01,
         -2.6296e-02, -7.0603e-03, -2.0340e-01,  1.0803e-01,  1.7303e-01,
         -2.9256e-01],
        [-1.1010e-01, -1.1381e-01,  1.5361e-02,  7.1863e-02,  2.7300e-01,
          9.7764e-02,  3.4518e-01,  2.1291e-01,  2.0895e-01,  3.1548e-01,
          8.1354e-02,  6.4585e-02, -4.1248e-01, -2.1798e-01,  1.9501e-01,
         -1.6526e-01],
        [ 3.1230e-01,  1.8422e-01,  1.1181e-01, -1.3471e-01, -2.8211e-01,
          6.8569e-02, -6.1244e-02, -4.2986e-01, -4.1880e-01, -5.6123e-02,
         -9.4746e-02,  2.9473e-02, -5.2363e-02,  1.5291e-01, -4.5542e-01,
         -2.8403e-02],
        [ 1.9177e-01,  2.9866e-01,  3.3093e-01,  6.8439e-03, -4.0109e-01,
          1.1039e-03, -2.0899e-02, -1.1858e-01, -2.5881e-01, -1.3616e-01,
         -9.5457e-02,  1.0502e-01,  1.1305e-01,  3.2486e-02, -4.7423e-01,
          2.0222e-01],
        [-3.6218e-01, -2.6827e-01, -3.2204e-02, -6.0310e-02,  4.8505e-01,
          3.9271e-01,  8.8549e-02,  1.8844e-01,  2.2156e-02,  1.5813e-01,
          1.3296e-02, -3.1360e-01, -9.5072e-02, -1.0714e-01,  2.0352e-01,
         -1.3068e-01],
        [-2.8729e-01, -1.5601e-01,  5.7773e-02,  2.2088e-01,  2.5303e-01,
          1.4869e-01,  9.3451e-02,  1.5443e-01,  2.4652e-01,  8.5771e-02,
          2.6008e-02,  1.3398e-01, -1.4494e-01, -2.4889e-01,  6.7382e-01,
         -4.1351e-02],
        [ 2.8694e-01,  1.8401e-01,  1.5515e-01, -3.2056e-01, -4.3896e-01,
          4.2387e-03, -5.6411e-02, -2.7542e-02, -4.2243e-01, -1.3945e-01,
          1.7689e-01,  2.7405e-01,  3.0864e-01,  2.2151e-01, -2.2285e-01,
         -8.5537e-02],
        [-2.5770e-01,  8.3234e-02, -1.9195e-01,  1.0302e-01,  1.8950e-01,
          2.6012e-01,  2.4472e-01,  2.9596e-01,  1.5311e-01,  2.4000e-01,
         -7.1247e-02, -2.1502e-01, -1.2886e-01, -1.5239e-01,  3.2738e-01,
         -1.2392e-01],
        [ 2.0861e-01,  6.4511e-02,  1.0161e-01, -2.4623e-01, -3.2404e-01,
         -3.4719e-01, -2.5653e-01, -4.6723e-02, -4.7186e-01, -6.2743e-02,
          4.4823e-02, -8.1119e-02,  1.8657e-01,  2.1495e-01, -1.2248e-01,
          1.3868e-01],
        [ 3.5535e-01,  9.3692e-02,  2.2528e-01, -6.6707e-02, -4.4641e-01,
         -2.0779e-01, -3.4082e-01, -4.9273e-02, -1.1489e-01, -2.3788e-01,
          1.1243e-01,  2.5039e-01, -4.8798e-02,  8.7722e-02, -1.6319e-01,
          1.4986e-01],
        [-1.5615e-01,  1.0618e-01, -7.0918e-03, -9.5719e-02,  3.4567e-01,
         -6.9057e-02,  2.8309e-01,  3.9655e-01,  2.0652e-01,  4.0828e-02,
         -1.0020e-01, -2.5483e-01, -1.8236e-01, -1.8181e-01,  4.9167e-01,
         -2.1720e-01],
        [-9.0280e-02, -3.0018e-01, -3.3366e-02,  3.8672e-01,  1.3361e-01,
          1.2154e-01,  2.7096e-01,  5.1121e-02,  1.2266e-01,  2.5910e-01,
          1.9606e-01, -3.0299e-01, -2.3630e-01, -3.8173e-01,  8.7133e-02,
          6.8081e-02],
        [ 3.5637e-01, -1.4364e-02,  2.4313e-02, -1.5242e-01, -1.0366e-01,
         -3.8341e-01, -2.8804e-01, -2.8828e-01, -3.0768e-01, -1.3824e-01,
          2.0994e-01,  2.2005e-01, -7.1712e-02,  3.0141e-01, -2.7060e-02,
          1.9183e-01],
        [ 2.0979e-01,  1.2594e-01,  2.8232e-01, -3.2317e-01, -2.4867e-01,
         -1.1248e-01, -1.2097e-01, -2.7558e-01, -3.6774e-01, -2.6382e-01,
          1.7785e-02,  3.0122e-01,  2.1541e-01,  6.4691e-02, -2.2367e-01,
         -4.1657e-02],
        [ 2.1308e-01, -1.4237e-01,  1.5112e-01, -1.1849e-01, -7.3000e-02,
         -2.3861e-01,  5.2008e-02, -2.4711e-01, -4.4135e-01,  7.2383e-02,
          2.0387e-01,  1.6702e-02,  5.9503e-02,  2.5075e-01, -4.9336e-01,
          3.1597e-01],
        [ 2.3516e-02,  3.0816e-03,  4.9750e-02,  1.0325e-01, -3.1284e-01,
         -1.9022e-01, -7.7023e-03, -3.8591e-01, -1.9884e-01, -3.2854e-01,
         -2.5521e-01,  9.8704e-02,  1.8753e-01,  3.1517e-01, -5.3551e-01,
          5.0390e-02],
        [ 1.9852e-01,  1.2804e-01,  2.5486e-01, -3.2444e-01, -2.6397e-01,
         -7.5988e-02, -3.3817e-01, -7.2099e-02, -4.1935e-01,  3.6992e-02,
          5.9314e-02,  7.9909e-02,  2.2172e-01,  2.5188e-01, -1.1171e-02,
          2.5490e-01],
        [-3.1683e-01, -8.8374e-03,  4.4821e-02,  1.9557e-01,  4.3666e-01,
          5.2229e-03,  3.5226e-01,  2.4850e-01,  1.4102e-02,  8.1376e-02,
          7.4959e-02, -2.8037e-01, -2.2897e-01, -1.9459e-01,  1.5033e-01,
         -8.3136e-02],
        [ 2.7474e-01,  1.2084e-01,  8.9942e-02, -1.0417e-01, -3.7087e-01,
         -2.5694e-01, -1.2030e-01, -3.8022e-01, -4.3123e-02, -7.3561e-02,
          1.2305e-01,  1.2302e-01,  3.3620e-01,  2.9444e-01, -8.6209e-02,
          2.2363e-01],
        [-2.5188e-01,  5.5844e-02, -2.8130e-01,  2.3238e-01,  1.2658e-02,
          1.2724e-01,  3.1558e-01,  3.5035e-01,  3.9239e-01,  2.0788e-01,
          1.3042e-01, -7.8061e-02,  5.0649e-02,  7.5770e-02,  2.6289e-01,
         -1.9406e-01],
        [-2.6348e-01, -1.2403e-01,  7.6352e-05, -5.6545e-03,  2.9630e-01,
          3.5830e-01,  3.5934e-01,  2.9916e-02,  2.7351e-01,  2.8762e-01,
         -2.5074e-01, -3.4523e-03, -3.0507e-01, -2.4642e-01,  1.2605e-01,
         -2.0389e-01],
        [ 2.4276e-02,  8.8357e-02,  1.9675e-01, -1.2031e-02, -9.9311e-02,
         -2.7828e-01, -3.6530e-01, -4.2518e-01, -3.4885e-01, -2.1628e-01,
          1.1589e-01, -3.6785e-02, -5.9626e-02,  1.8019e-01, -3.8031e-01,
          1.3797e-01]], device='cuda:0', requires_grad=True)

Parameter name: road_linear_0.bias
Shape: torch.Size([32])
Values: Parameter containing:
tensor([-0.0862, -0.0173,  0.1607, -0.1004, -0.0393, -0.0072,  0.0863,  0.1626,
        -0.0351, -0.0385,  0.0026,  0.0716,  0.1440,  0.0924, -0.0524, -0.0588,
        -0.1979, -0.0114,  0.0196,  0.0005, -0.0104, -0.1156, -0.0586, -0.0447,
        -0.1508,  0.2776,  0.1057,  0.0371, -0.0812, -0.2386,  0.1610, -0.0300],
       device='cuda:0', requires_grad=True)

Parameter name: road_linear_1.weight
Shape: torch.Size([1, 32])
Values: Parameter containing:
tensor([[-0.3213,  0.4046, -0.2984, -0.3210,  0.4555,  0.4756, -0.3506, -0.4209,
         -0.4000,  0.4781,  0.3294,  0.4431, -0.3784, -0.4835,  0.3733,  0.4207,
         -0.3732,  0.3714, -0.2869, -0.3030,  0.4946,  0.3965, -0.4189, -0.4091,
         -0.4993, -0.4385, -0.3575,  0.4339, -0.3916,  0.4308,  0.3338, -0.2917]],
       device='cuda:0', requires_grad=True)

Parameter name: linear_0.weight
Shape: torch.Size([32, 39])
Values: Parameter containing:
tensor([[-0.0143,  0.1078,  0.0761,  ...,  0.1605, -0.3170, -0.1137],
        [-0.1107, -0.0385,  0.1171,  ...,  0.1316, -0.3409,  0.0871],
        [-0.0041, -0.0448,  0.0319,  ...,  0.0256,  0.2771,  0.0345],
        ...,
        [ 0.0082,  0.0289,  0.0526,  ...,  0.0697, -0.3651, -0.1180],
        [ 0.0912, -0.2248, -0.0522,  ..., -0.3050,  0.1798,  0.1557],
        [-0.1933,  0.1627,  0.0390,  ...,  0.0660, -0.3193, -0.0509]],
       device='cuda:0', requires_grad=True)

Parameter name: linear_0.bias
Shape: torch.Size([32])
Values: Parameter containing:
tensor([ 0.0466,  0.0396, -0.0691, -0.1360, -0.0739,  0.0493, -0.1099,  0.0502,
        -0.0417,  0.0777,  0.0250,  0.0120,  0.0238,  0.0755, -0.0501, -0.0212,
         0.0571, -0.1567, -0.0645,  0.0380, -0.0583,  0.0307,  0.1053,  0.0083,
        -0.0873,  0.0524,  0.0430, -0.1168,  0.0548,  0.1435,  0.1671, -0.1284],
       device='cuda:0', requires_grad=True)

Parameter name: linear_1.weight
Shape: torch.Size([32, 32])
Values: Parameter containing:
tensor([[ 0.0550, -0.1872, -0.1001,  ..., -0.1268, -0.0061,  0.0688],
        [-0.2214, -0.0443,  0.1161,  ..., -0.0536,  0.0071,  0.0411],
        [ 0.1470, -0.0189, -0.1805,  ...,  0.0702, -0.0248,  0.1918],
        ...,
        [ 0.1213,  0.0833,  0.1186,  ...,  0.2375, -0.2226,  0.2354],
        [-0.0148, -0.1600,  0.0659,  ...,  0.0358,  0.2307, -0.1769],
        [-0.0071, -0.1312,  0.2055,  ...,  0.0563,  0.1567, -0.0443]],
       device='cuda:0', requires_grad=True)

Parameter name: linear_1.bias
Shape: torch.Size([32])
Values: Parameter containing:
tensor([ 0.1081,  0.1630, -0.0653, -0.0836, -0.0039, -0.0448, -0.0592, -0.0403,
         0.1374, -0.1805,  0.1170, -0.1286,  0.1960,  0.1057, -0.1221,  0.1405,
        -0.1379, -0.1745,  0.0482, -0.0117, -0.0075,  0.0852, -0.2020,  0.2432,
        -0.0426, -0.0062,  0.0722, -0.0285, -0.1370, -0.0690,  0.1341,  0.0397],
       device='cuda:0', requires_grad=True)

Parameter name: linear_2.weight
Shape: torch.Size([1, 32])
Values: Parameter containing:
tensor([[ 0.6050,  0.5348, -0.6131, -0.5858,  0.4744,  0.4823, -0.5209,  0.4922,
          0.5026, -0.5535, -0.4998,  0.4933,  0.4905,  0.4809,  0.5260,  0.5423,
         -0.5897, -0.6016,  0.4521,  0.5044, -0.5575, -0.5383, -0.6013,  0.4453,
          0.5834,  0.6013, -0.5839,  0.5995, -0.5197, -0.5883,  0.5831,  0.5970]],
       device='cuda:0', requires_grad=True)

Parameter name: linear_2.bias
Shape: torch.Size([1])
Values: Parameter containing:
tensor([0.3337], device='cuda:0', requires_grad=True)

