Parameter name: road_linear_0.weight
Shape: torch.Size([32, 16])
Values: Parameter containing:
tensor([[-0.3169,  0.5046,  0.0556, -0.0518,  0.3988,  0.2097,  0.4176,  0.1742,
          0.3654,  0.1972,  0.1238, -0.3332, -0.4054, -0.2801,  0.3707,  0.0997],
        [-0.1033, -0.1480,  0.0687, -0.1315,  0.1585,  0.2193,  0.0476,  0.3646,
          0.7247, -0.0418,  0.2887, -0.4652,  0.0739,  0.1235,  0.6980,  0.0770],
        [ 0.1689, -0.2415,  0.3702, -0.1159, -0.3974, -0.3703, -0.2560, -0.6563,
         -0.1852, -0.0668,  0.1056,  0.1768,  0.6487,  0.2984, -0.1120,  0.2803],
        [ 0.0542, -0.1232, -0.1392,  0.0907, -0.1630, -0.1328,  0.0051, -0.2609,
         -0.7040, -0.1844, -0.2104,  0.5009,  0.1791, -0.3509, -0.4492, -0.0542],
        [ 0.0787,  0.2784,  0.0245, -0.1623,  0.3021,  0.0402, -0.0560,  0.5104,
          0.4441,  0.0997,  0.3257, -0.3049,  0.0373, -0.0465,  0.5285,  0.0103],
        [-0.1030,  0.5381, -0.3524,  0.3933,  0.6005,  0.0063,  0.4494,  0.1772,
          0.3906,  0.2080, -0.2852, -0.2703, -0.4048,  0.1530,  0.4607, -0.0972],
        [ 0.2001, -0.0433,  0.2154, -0.0463, -0.2272, -0.1514, -0.0981, -0.4219,
         -0.5418,  0.1551, -0.1141,  0.2257, -0.0899,  0.0231, -0.5069, -0.0130],
        [-0.2072,  0.0443,  0.1782, -0.2213, -0.5261, -0.2320, -0.0276, -0.4586,
         -0.4653, -0.0535, -0.1351,  0.2142,  0.2613, -0.2738, -0.2991,  0.2023],
        [-0.1170,  0.0624,  0.1285, -0.1198, -0.2939, -0.2946, -0.0563, -0.3423,
         -0.3354, -0.1369, -0.2917,  0.3032, -0.1222, -0.0079, -0.6751, -0.0613],
        [-0.1356,  0.0996,  0.0758, -0.1377,  0.2471,  0.1194, -0.0503,  0.4560,
          0.6125, -0.1759,  0.3307, -0.2047, -0.1975,  0.0861,  0.4859, -0.0457],
        [-0.2712,  0.4560,  0.0650, -0.1230,  0.1928,  0.3808,  0.2452,  0.3271,
          0.6070,  0.1385,  0.0807, -0.1882, -0.2578,  0.2446,  0.1830, -0.2315],
        [ 0.0341,  0.1122,  0.1628, -0.0500,  0.3759,  0.0527,  0.2561,  0.3645,
          0.4872,  0.1696,  0.3745, -0.1426, -0.3783, -0.0546,  0.3431, -0.0418],
        [ 0.1993, -0.0364,  0.0017, -0.0673, -0.2916,  0.0408, -0.0450, -0.5330,
         -0.6385,  0.0405, -0.1183,  0.2114, -0.0641,  0.0187, -0.4710, -0.0950],
        [ 0.0354,  0.1827,  0.1763,  0.1284, -0.4765,  0.0152,  0.0739, -0.2821,
         -0.5679,  0.0228, -0.3124,  0.3010,  0.0441, -0.1244, -0.6537,  0.0674],
        [-0.2072, -0.0927,  0.1143, -0.1740,  0.5618,  0.3576, -0.0232,  0.3334,
          0.3119,  0.0020,  0.2118, -0.5160, -0.0150,  0.0666,  0.3447,  0.0014],
        [-0.1408, -0.3525,  0.0897,  0.1380, -0.5029, -0.0237, -0.1914, -0.5024,
         -0.4382,  0.0513, -0.0495,  0.5828,  0.1581, -0.1539, -0.1142,  0.0148],
        [ 0.0883,  0.0938, -0.0297, -0.1739, -0.4812,  0.0282,  0.0621, -0.1800,
         -0.6540,  0.0285,  0.0271,  0.4516,  0.2525,  0.0374, -0.3947, -0.2405],
        [-0.2212,  0.2880, -0.1301,  0.0507,  0.3145,  0.2610,  0.3293,  0.4280,
          0.2444,  0.1842, -0.0652, -0.3733, -0.2281, -0.0878,  0.3708, -0.0790],
        [ 0.2745, -0.3378,  0.0954, -0.2415, -0.4875, -0.3778, -0.4378, -0.2048,
         -0.5969, -0.0803,  0.1503,  0.1437,  0.4239,  0.1956, -0.1557,  0.1690],
        [ 0.4252, -0.3237,  0.2249, -0.0545, -0.6387, -0.2454, -0.5237, -0.2211,
         -0.2537, -0.2405,  0.0719,  0.4712,  0.1487,  0.0580, -0.1993,  0.1813],
        [-0.0544,  0.2521,  0.1063, -0.1829,  0.3857, -0.0649,  0.2787,  0.5100,
          0.3376, -0.0679, -0.0390, -0.3555, -0.1551, -0.0504,  0.4624, -0.1270],
        [-0.0174,  0.0410,  0.0574,  0.3093,  0.3145,  0.1092,  0.2552,  0.2108,
          0.3686,  0.1581,  0.3249, -0.5361, -0.2825, -0.2568,  0.2119,  0.1365],
        [ 0.4053, -0.3757,  0.0025, -0.1178, -0.2828, -0.3892, -0.4443, -0.4494,
         -0.4455, -0.1175,  0.2676,  0.4223,  0.1144,  0.2580, -0.0734,  0.1941],
        [ 0.0114,  0.0696,  0.1029, -0.1847, -0.3125, -0.0788, -0.0200, -0.4240,
         -0.5650, -0.0999, -0.2064,  0.4560,  0.1617, -0.1247, -0.3937, -0.1981],
        [ 0.0343, -0.3523, -0.0229,  0.0173, -0.0882, -0.1897,  0.1495, -0.3568,
         -0.6978,  0.2427,  0.0846,  0.1670, -0.0254,  0.0477, -0.5547,  0.1702],
        [-0.1391, -0.1166, -0.1126,  0.2233, -0.3215, -0.1654,  0.0750, -0.5024,
         -0.4457, -0.1586, -0.3889,  0.2080,  0.0995,  0.1280, -0.5944, -0.0869],
        [ 0.3808, -0.2201,  0.3239, -0.3538, -0.5003, -0.1480, -0.6290, -0.2877,
         -0.6030, -0.0230,  0.2142,  0.3122,  0.4988,  0.3197, -0.1038,  0.3499],
        [-0.2102,  0.2652,  0.1655,  0.1003,  0.5345, -0.0104,  0.3281,  0.3777,
          0.2075, -0.0362,  0.2976, -0.4616, -0.2412, -0.0589,  0.2148,  0.0041],
        [ 0.1838, -0.1591, -0.0149, -0.0145, -0.4879, -0.2284, -0.1005, -0.5211,
         -0.2239,  0.0223, -0.0430,  0.3148,  0.3819,  0.1521, -0.1669,  0.1367],
        [-0.3491,  0.3811, -0.2973,  0.2409,  0.2054,  0.1693,  0.5246,  0.5184,
          0.5257,  0.2217,  0.0665, -0.2736, -0.1405,  0.0763,  0.2628, -0.2361],
        [-0.3055,  0.2524,  0.0199, -0.0407,  0.4763,  0.3782,  0.5038,  0.1988,
          0.4238,  0.2717, -0.3262, -0.2229, -0.5151, -0.2021,  0.1956, -0.2065],
        [-0.1200, -0.0702,  0.0613,  0.0821, -0.1337, -0.2422, -0.3056, -0.5431,
         -0.5598, -0.0962, -0.0147,  0.1459, -0.0683,  0.0558, -0.4909,  0.0307]],
       device='cuda:0', requires_grad=True)

Parameter name: road_linear_0.bias
Shape: torch.Size([32])
Values: Parameter containing:
tensor([-0.0975,  0.1697,  0.1894, -0.2386,  0.2040, -0.1543, -0.0383,  0.1188,
        -0.1540,  0.1588, -0.0434,  0.1240, -0.0627, -0.1192,  0.1733, -0.0473,
        -0.1944, -0.0682,  0.2028,  0.1265,  0.1040, -0.0883,  0.0949, -0.1274,
        -0.2374, -0.0586,  0.2308,  0.0677, -0.0139, -0.2504, -0.0777, -0.0724],
       device='cuda:0', requires_grad=True)

Parameter name: road_linear_1.weight
Shape: torch.Size([1, 32])
Values: Parameter containing:
tensor([[ 0.5411,  0.6902, -0.4682, -0.5998,  0.6734,  0.6316, -0.6093, -0.6782,
         -0.6215,  0.7257,  0.5357,  0.7081, -0.6136, -0.7721,  0.6310, -0.6079,
         -0.6321,  0.6064, -0.4379, -0.4776,  0.7571,  0.5339, -0.5880, -0.7044,
         -0.6599, -0.6979, -0.5402,  0.6693, -0.6197,  0.6577,  0.4931, -0.5377]],
       device='cuda:0', requires_grad=True)

Parameter name: linear_0.weight
Shape: torch.Size([32, 39])
Values: Parameter containing:
tensor([[-0.0235,  0.1030,  0.0530,  ...,  0.1968, -0.5637, -0.1137],
        [-0.1394, -0.0356,  0.1408,  ...,  0.0531, -0.5112,  0.0871],
        [ 0.0278, -0.0398,  0.0218,  ...,  0.0646,  0.5203,  0.0345],
        ...,
        [ 0.1389, -0.1553, -0.0413,  ..., -0.1691,  0.2283, -0.1180],
        [ 0.1118, -0.2129, -0.0740,  ..., -0.2309,  0.3779,  0.1557],
        [-0.2198,  0.1863,  0.0690,  ...,  0.0842, -0.4976, -0.0509]],
       device='cuda:0', requires_grad=True)

Parameter name: linear_0.bias
Shape: torch.Size([32])
Values: Parameter containing:
tensor([ 8.6528e-02,  2.7074e-02, -6.0919e-02, -1.3395e-01, -8.5395e-02,
         4.1885e-02, -8.3538e-02,  7.1169e-02, -3.9825e-02,  4.7899e-02,
         5.2074e-02,  1.5044e-02, -2.4462e-02,  1.0661e-01, -2.1330e-02,
        -1.7538e-02,  5.4616e-02, -1.6599e-01, -1.2685e-04,  9.3680e-02,
        -9.5733e-02, -4.4833e-03,  1.1930e-01,  5.7980e-02, -1.0896e-01,
         1.1316e-01,  6.0826e-02, -1.5586e-01,  4.6237e-02,  1.9824e-01,
         1.8126e-01, -1.0213e-01], device='cuda:0', requires_grad=True)

Parameter name: linear_1.weight
Shape: torch.Size([32, 32])
Values: Parameter containing:
tensor([[ 0.0957, -0.2201,  0.0070,  ...,  0.1116, -0.0027,  0.0682],
        [-0.1884, -0.0628,  0.2079,  ...,  0.2062,  0.0108,  0.0398],
        [ 0.1347, -0.0320, -0.2424,  ..., -0.1765, -0.0133,  0.2145],
        ...,
        [ 0.1433,  0.0880,  0.0221,  ...,  0.0447, -0.2296,  0.3415],
        [ 0.0524, -0.2291,  0.1575,  ...,  0.3368,  0.2744, -0.1256],
        [ 0.0167, -0.1372,  0.2902,  ...,  0.2737,  0.1491, -0.0547]],
       device='cuda:0', requires_grad=True)

Parameter name: linear_1.bias
Shape: torch.Size([32])
Values: Parameter containing:
tensor([ 0.1562,  0.1964, -0.0659, -0.1625,  0.0407, -0.0024, -0.1008,  0.0676,
         0.2212, -0.1753,  0.1376, -0.1679,  0.2486,  0.0718, -0.0578,  0.2215,
         0.0288, -0.1957,  0.0645,  0.0746, -0.0908,  0.0622, -0.2348,  0.2321,
         0.0152, -0.0537,  0.0829,  0.0062, -0.2022, -0.0785,  0.2110,  0.0621],
       device='cuda:0', requires_grad=True)

Parameter name: linear_2.weight
Shape: torch.Size([1, 32])
Values: Parameter containing:
tensor([[ 1.1273,  1.0546, -1.1148, -1.0924,  0.9622,  0.9788, -1.0297,  0.9437,
          1.0104, -1.0805, -0.9938,  0.9943,  0.9943,  1.0053,  1.0169,  0.9902,
         -1.1093, -1.1368,  0.9910,  0.9798, -1.0395, -1.0389, -1.1446,  0.9955,
          1.0821,  1.1166, -1.1162,  1.0935, -1.0328, -1.1360,  1.0391,  1.1136]],
       device='cuda:0', requires_grad=True)

Parameter name: linear_2.bias
Shape: torch.Size([1])
Values: Parameter containing:
tensor([0.8659], device='cuda:0', requires_grad=True)

