Parameter name: road_linear_0.weight
Shape: torch.Size([32, 16])
Values: Parameter containing:
tensor([[-3.3099e-01,  4.5869e-01, -1.7117e-03,  1.1524e-02,  2.1125e-01,
          1.6892e-01,  3.5321e-01,  2.5823e-03,  2.2825e-01,  2.6178e-01,
         -1.1591e-02, -1.7983e-01, -3.5092e-01, -3.7097e-01,  2.8421e-01,
          4.3062e-02],
        [-2.6539e-01, -1.3535e-02, -1.0707e-01,  2.3750e-02,  6.4128e-02,
          2.4703e-01,  2.1703e-01,  1.9505e-01,  4.5613e-01,  1.3664e-01,
          7.4597e-03, -2.9665e-01, -3.9622e-02, -6.7366e-02,  4.3067e-01,
         -9.8881e-02],
        [ 8.6525e-02, -9.5657e-02,  3.7313e-01, -1.4646e-01, -1.3516e-01,
         -3.4298e-01, -8.7354e-02, -4.5003e-01, -1.3823e-02, -7.2434e-02,
          1.1207e-01, -2.7684e-02,  4.5081e-01,  3.2679e-01,  3.0303e-02,
          2.7424e-01],
        [ 2.5084e-01, -2.5520e-01,  5.8961e-02, -8.0108e-02, -9.3180e-02,
         -1.7927e-01, -1.6604e-01, -1.0210e-01, -4.3570e-01, -3.8588e-01,
          8.1683e-02,  3.6580e-01,  3.2148e-01, -1.3035e-01, -2.2231e-01,
          1.4285e-01],
        [-1.0207e-01,  4.2189e-01, -1.6354e-01,  7.7982e-05,  2.3247e-01,
          6.9293e-02,  8.6613e-02,  3.5289e-01,  1.9500e-01,  2.9301e-01,
          4.0880e-02, -1.8639e-01, -8.7090e-02, -2.5278e-01,  3.2233e-01,
         -1.7388e-01],
        [ 1.8683e-03,  4.3178e-01, -3.3416e-01,  4.0832e-01,  3.7079e-01,
         -5.2574e-02,  2.7613e-01, -1.3644e-02,  2.7769e-01,  1.9951e-01,
         -3.3336e-01, -9.2115e-02, -2.6746e-01,  1.3801e-01,  3.8059e-01,
         -7.9896e-02],
        [ 3.5653e-01, -8.9129e-02,  3.8524e-01, -1.9218e-01, -1.0266e-01,
         -1.9846e-01, -2.0183e-01, -2.5743e-01, -2.9074e-01, -1.0705e-02,
          1.2156e-01,  7.3814e-02, -2.5328e-02,  2.1569e-01, -3.2523e-01,
          1.4893e-01],
        [-7.2743e-02,  4.6903e-02,  3.3662e-01, -3.6063e-01, -3.8430e-01,
         -2.8965e-01, -1.1244e-01, -2.9159e-01, -2.3705e-01, -2.0524e-01,
          6.6156e-02,  5.0560e-02,  2.9104e-01, -9.5884e-02, -1.2475e-01,
          3.4950e-01],
        [ 5.3385e-02, -2.4123e-02,  3.1186e-01, -2.8141e-01, -1.4734e-01,
         -3.4773e-01, -2.2439e-01, -1.4614e-01, -1.7619e-02, -3.2094e-01,
         -1.1077e-03,  9.8020e-02, -1.8946e-02,  1.9622e-01, -4.2222e-01,
          1.1884e-01],
        [-3.0544e-01,  2.3608e-01, -1.0482e-01,  2.0670e-02,  1.5651e-01,
          1.5195e-01,  1.0282e-01,  2.8105e-01,  3.3099e-01,  5.6446e-03,
          4.0437e-02, -4.6322e-02, -3.1452e-01, -1.1134e-01,  2.4343e-01,
         -2.2573e-01],
        [-3.5494e-01,  4.1175e-01, -5.1909e-02, -1.3142e-02,  1.9831e-02,
          4.1328e-01,  2.7354e-01,  1.5289e-01,  4.0546e-01,  2.5267e-01,
         -8.1858e-02, -1.6491e-02, -2.3524e-01,  1.0219e-01,  3.1100e-02,
         -3.4006e-01],
        [-1.1757e-01,  1.5627e-01, -8.4665e-03,  1.0256e-01,  2.2166e-01,
          1.0613e-01,  3.9019e-01,  1.7327e-01,  2.0091e-01,  3.3898e-01,
          1.1262e-01,  4.9264e-02, -4.4512e-01, -2.4885e-01,  1.2124e-01,
         -2.0712e-01],
        [ 3.5495e-01, -1.3845e-01,  1.7108e-01, -2.1312e-01, -1.9499e-01,
          1.5702e-02, -1.4501e-01, -3.7780e-01, -4.0199e-01, -1.2701e-01,
          1.4130e-01,  8.6754e-02,  2.6380e-02,  2.0770e-01, -3.0049e-01,
          6.8880e-02],
        [ 2.1509e-01,  5.0377e-02,  3.6413e-01, -3.6134e-02, -3.8417e-01,
         -1.7240e-02, -8.6207e-02, -1.0882e-01, -2.8245e-01, -1.6688e-01,
         -1.8182e-02,  1.4152e-01,  1.6725e-01,  8.3144e-02, -4.1379e-01,
          2.5518e-01],
        [-3.8736e-01,  1.2075e-02, -7.1804e-02, -1.3655e-02,  4.5419e-01,
          4.1326e-01,  1.4938e-01,  1.6104e-01,  3.0630e-02,  1.8807e-01,
         -7.3193e-02, -3.4869e-01, -1.3762e-01, -1.4134e-01,  1.1297e-01,
         -1.7963e-01],
        [-3.0777e-02, -4.2647e-01,  2.2363e-01,  2.1244e-02, -3.9540e-01,
         -2.7278e-02, -2.4398e-01, -3.5608e-01, -2.5653e-01, -8.1292e-02,
          1.7583e-01,  4.6444e-01,  2.1598e-01, -1.2191e-03,  8.7694e-03,
          1.4023e-01],
        [ 2.8065e-01,  1.4062e-02,  1.6500e-01, -3.4597e-01, -3.7192e-01,
         -2.7184e-02, -9.4187e-02, -4.4228e-03, -3.6338e-01, -1.6925e-01,
          3.0838e-01,  2.8634e-01,  3.6382e-01,  2.6431e-01, -1.7281e-01,
         -5.1329e-02],
        [-2.5245e-01,  2.0841e-01, -2.0668e-01,  1.3043e-01,  1.4304e-01,
          2.7426e-01,  2.8473e-01,  2.7139e-01,  1.2757e-01,  2.6113e-01,
         -1.6441e-01, -2.2567e-01, -1.6968e-01, -1.8805e-01,  2.7388e-01,
         -1.4676e-01],
        [ 2.1504e-01, -1.9011e-01,  1.2780e-01, -3.0090e-01, -2.3525e-01,
         -3.6986e-01, -3.0482e-01,  8.0308e-03, -4.1990e-01, -1.1128e-01,
          1.6758e-01, -6.5859e-02,  2.3333e-01,  2.5407e-01,  3.0987e-03,
          1.8867e-01],
        [ 3.6358e-01, -1.9079e-01,  2.5255e-01, -1.0283e-01, -3.6530e-01,
         -2.2448e-01, -3.8308e-01, -2.3201e-03, -8.0712e-02, -2.6969e-01,
          1.0026e-01,  2.6583e-01, -1.7348e-02,  1.1596e-01, -3.9617e-02,
          1.9933e-01],
        [-1.6261e-01,  3.3912e-01, -1.9306e-02, -6.6802e-02,  3.0923e-01,
         -6.4336e-02,  3.2481e-01,  3.8602e-01,  1.9454e-01,  5.8729e-02,
         -2.6836e-01, -2.7367e-01, -2.3087e-01, -1.9822e-01,  3.8079e-01,
         -2.5084e-01],
        [-9.8366e-02,  3.7739e-03, -6.4736e-02,  4.2750e-01,  7.2948e-02,
          1.2179e-01,  3.0872e-01, -9.7195e-03,  8.5019e-02,  2.8013e-01,
          1.1601e-01, -3.1259e-01, -2.4104e-01, -4.0459e-01, -4.6269e-03,
          2.1566e-02],
        [ 3.5298e-01, -2.3893e-01,  3.4012e-02, -1.7095e-01, -3.3420e-02,
         -3.8468e-01, -3.1459e-01, -2.4654e-01, -2.8245e-01, -1.4788e-01,
          2.8913e-01,  2.2570e-01, -5.2761e-02,  3.1612e-01,  7.4655e-02,
          2.1438e-01],
        [ 2.0859e-01, -1.6151e-03,  3.0063e-01, -3.5477e-01, -2.2883e-01,
         -1.5006e-01, -1.6996e-01, -2.7207e-01, -3.3101e-01, -2.9983e-01,
          4.3439e-02,  3.2479e-01,  2.7383e-01,  9.6997e-02, -2.0146e-01,
         -1.0030e-02],
        [ 2.0485e-01, -4.4559e-01,  1.5562e-01, -1.3840e-01,  1.6327e-02,
         -2.3100e-01,  1.8064e-02, -1.8780e-01, -4.0675e-01,  6.4821e-02,
          3.6447e-01,  1.1593e-02,  7.8092e-02,  2.5103e-01, -3.4383e-01,
          3.4762e-01],
        [ 5.3647e-02, -2.8098e-01,  8.5447e-02,  5.2412e-02, -2.9245e-01,
         -1.9978e-01, -7.3143e-02, -3.7196e-01, -2.2766e-01, -3.5991e-01,
         -9.9417e-02,  1.4057e-01,  2.4410e-01,  3.4180e-01, -4.0693e-01,
          1.0526e-01],
        [ 1.9972e-01, -7.6339e-02,  2.6920e-01, -3.4607e-01, -1.9955e-01,
         -8.4131e-02, -3.6852e-01, -4.0900e-02, -3.9153e-01,  1.7413e-02,
          1.6789e-01,  9.2337e-02,  2.5116e-01,  2.8860e-01,  6.4299e-02,
          2.8179e-01],
        [-3.1723e-01,  2.7638e-01,  2.9271e-02,  2.2364e-01,  3.6334e-01,
          9.2431e-03,  3.9572e-01,  1.9684e-01, -1.3130e-02,  9.9394e-02,
          8.3332e-02, -2.8766e-01, -2.5846e-01, -2.1794e-01,  4.3446e-02,
         -1.2565e-01],
        [ 2.7926e-01, -1.1097e-01,  1.1243e-01, -1.3396e-01, -3.2191e-01,
         -2.7491e-01, -1.5136e-01, -3.5018e-01, -2.8584e-02, -9.9561e-02,
          1.2386e-01,  1.4454e-01,  3.6843e-01,  3.0564e-01, -7.9808e-03,
          2.5259e-01],
        [-2.6628e-01,  2.6504e-01, -3.0017e-01,  2.6512e-01, -3.2130e-02,
          1.3094e-01,  3.6430e-01,  3.3265e-01,  3.9181e-01,  2.2809e-01,
          3.6635e-02, -9.5897e-02,  6.7126e-03,  4.9553e-02,  1.6184e-01,
         -2.3423e-01],
        [-2.6278e-01,  1.0943e-01, -1.6467e-02,  2.0240e-02,  2.2168e-01,
          3.7089e-01,  3.8848e-01, -1.5625e-02,  2.4279e-01,  3.0925e-01,
         -3.5373e-01, -1.4977e-02, -3.3198e-01, -2.6865e-01,  3.3143e-02,
         -2.3189e-01],
        [ 3.9684e-02, -1.0424e-01,  2.3530e-01, -6.9438e-02, -1.5674e-02,
         -3.0778e-01, -4.2003e-01, -3.7549e-01, -3.1227e-01, -2.6725e-01,
          2.1388e-01, -1.1378e-02, -1.2341e-03,  2.5248e-01, -3.0174e-01,
          1.9413e-01]], device='cuda:0', requires_grad=True)

Parameter name: road_linear_0.bias
Shape: torch.Size([32])
Values: Parameter containing:
tensor([-0.1208, -0.0130,  0.0825, -0.0514, -0.0090, -0.1013,  0.0811,  0.1397,
        -0.0268, -0.0376, -0.0168,  0.0613,  0.1428,  0.0741,  0.0172,  0.1064,
        -0.0725, -0.0064,  0.0803,  0.0322, -0.0628, -0.0762, -0.0151, -0.0072,
        -0.0730,  0.1677,  0.1479,  0.0207, -0.0683, -0.1927,  0.0437, -0.0015],
       device='cuda:0', requires_grad=True)

Parameter name: road_linear_1.weight
Shape: torch.Size([1, 32])
Values: Parameter containing:
tensor([[ 0.2670,  0.3464, -0.2611, -0.2816,  0.3473,  0.3992, -0.3171, -0.4171,
         -0.3246,  0.3956,  0.2828,  0.4167, -0.2881, -0.4343,  0.3306, -0.3050,
         -0.3370,  0.3591, -0.2553, -0.2833,  0.4409,  0.3124, -0.3934, -0.4083,
         -0.3637, -0.3755, -0.3500,  0.3869, -0.3750,  0.4198,  0.3128, -0.2609]],
       device='cuda:0', requires_grad=True)

Parameter name: linear_0.weight
Shape: torch.Size([32, 39])
Values: Parameter containing:
tensor([[-0.0639,  0.1401,  0.0906,  ...,  0.1419, -0.2746, -0.1137],
        [-0.1587, -0.0062,  0.1391,  ...,  0.0709, -0.3108,  0.0871],
        [ 0.0492, -0.0711,  0.0196,  ...,  0.0522,  0.2575,  0.0345],
        ...,
        [ 0.1603, -0.1929, -0.0349,  ..., -0.1954,  0.0211, -0.1180],
        [ 0.1398, -0.2516, -0.0801,  ..., -0.2403,  0.1381,  0.1557],
        [-0.2361,  0.1937,  0.0875,  ...,  0.0642, -0.2657, -0.0509]],
       device='cuda:0', requires_grad=True)

Parameter name: linear_0.bias
Shape: torch.Size([32])
Values: Parameter containing:
tensor([ 0.0540,  0.0405, -0.0696, -0.1420, -0.0760,  0.0602, -0.0991,  0.0447,
        -0.0402,  0.0544,  0.0085,  0.0150, -0.0234,  0.0931, -0.0413, -0.0005,
         0.0470, -0.1606, -0.0311,  0.0740, -0.0668,  0.0226,  0.1163,  0.0187,
        -0.0971,  0.1087,  0.0567, -0.1233,  0.0389,  0.1778,  0.1750, -0.1179],
       device='cuda:0', requires_grad=True)

Parameter name: linear_1.weight
Shape: torch.Size([32, 32])
Values: Parameter containing:
tensor([[ 0.0789, -0.1783, -0.0941,  ...,  0.0724, -0.0219,  0.0507],
        [-0.2011, -0.0287,  0.1070,  ...,  0.1724, -0.0043,  0.0288],
        [ 0.1284, -0.0437, -0.1731,  ..., -0.1637, -0.0128,  0.2012],
        ...,
        [ 0.1310,  0.0837,  0.0796,  ...,  0.0503, -0.2144,  0.2903],
        [ 0.0174, -0.1519,  0.0414,  ...,  0.2690,  0.2283, -0.1660],
        [ 0.0054, -0.1118,  0.2145,  ...,  0.2481,  0.1452, -0.0703]],
       device='cuda:0', requires_grad=True)

Parameter name: linear_1.bias
Shape: torch.Size([32])
Values: Parameter containing:
tensor([ 1.1882e-01,  1.6592e-01, -5.6238e-02, -1.2167e-01,  2.2585e-02,
        -2.1829e-02, -7.7875e-02, -1.6517e-05,  1.6494e-01, -1.6565e-01,
         1.1742e-01, -1.1508e-01,  2.0359e-01,  6.4639e-02, -1.1165e-01,
         1.5388e-01, -1.3587e-01, -1.7399e-01,  4.9652e-02,  3.8169e-02,
        -4.4246e-02,  7.9051e-02, -2.2447e-01,  2.0496e-01, -1.2264e-02,
        -2.2953e-02,  7.4459e-02, -3.7851e-05, -1.6634e-01, -8.2413e-02,
         1.4531e-01,  3.5986e-02], device='cuda:0', requires_grad=True)

Parameter name: linear_2.weight
Shape: torch.Size([1, 32])
Values: Parameter containing:
tensor([[ 0.3874,  0.3058, -0.3594, -0.3618,  0.2037,  0.2229, -0.2762,  0.2375,
          0.2974, -0.3209, -0.2509,  0.2686,  0.2690,  0.2498,  0.3027,  0.2864,
         -0.3861, -0.3888,  0.2363,  0.2417, -0.3111, -0.2866, -0.3805,  0.2454,
          0.3289,  0.3898, -0.3615,  0.3496, -0.2883, -0.3775,  0.3377,  0.3699]],
       device='cuda:0', requires_grad=True)

Parameter name: linear_2.bias
Shape: torch.Size([1])
Values: Parameter containing:
tensor([0.1852], device='cuda:0', requires_grad=True)

