Parameter name: road_linear_0.weight
Shape: torch.Size([32, 16])
Values: Parameter containing:
tensor([[ 8.2312e-03,  3.8855e-01,  3.0118e-01, -3.0167e-01, -1.9410e-01,
         -1.5144e-01, -1.0601e-01, -4.1551e-01, -3.4036e-01, -7.7642e-02,
         -1.5207e-02,  2.1827e-01, -3.5019e-01, -8.0003e-02, -7.2422e-02,
          3.9459e-01],
        [-2.5025e-01, -3.7579e-01, -9.0600e-02, -3.6449e-02, -2.6526e-02,
          2.4838e-01,  1.7957e-01,  1.8162e-01,  4.9774e-01,  1.3492e-01,
          2.8416e-01, -2.8026e-01,  3.9411e-01, -1.1312e-02,  3.7164e-01,
         -9.1362e-02],
        [ 1.1077e-01,  2.9381e-01,  3.9033e-01, -1.1474e-01, -1.1802e-01,
         -3.4626e-01, -1.3115e-01, -4.8451e-01, -1.5533e-01, -9.8735e-02,
         -1.5198e-01, -7.1332e-04, -3.6129e-02,  3.4622e-01, -7.0634e-02,
          3.0280e-01],
        [ 2.8724e-01,  1.0469e-01,  8.5923e-02, -5.8105e-02, -6.8695e-02,
         -2.1875e-01, -1.9572e-01, -1.4788e-01, -5.4906e-01, -4.2700e-01,
         -2.0213e-01,  4.0990e-01, -1.1522e-01, -1.3296e-01, -2.4470e-01,
          1.8158e-01],
        [-1.0375e-01,  4.4538e-02, -1.6622e-01, -4.6397e-02,  1.7446e-01,
          9.6353e-02,  7.0206e-02,  3.6066e-01,  2.5868e-01,  3.0782e-01,
          3.3803e-01, -1.9667e-01,  3.6663e-01, -2.2069e-01,  3.3191e-01,
         -1.7865e-01],
        [-3.5997e-02,  6.4008e-02, -3.7522e-01,  4.0028e-01,  3.7691e-01,
          1.4597e-03,  3.2337e-01,  3.5559e-02,  4.0254e-01,  2.4517e-01,
         -7.7763e-02, -1.4740e-01,  1.7836e-01,  1.1952e-01,  4.8829e-01,
         -1.1806e-01],
        [ 3.6795e-01,  2.3559e-01,  3.9712e-01, -1.6092e-01, -5.5305e-02,
         -2.0413e-01, -2.0388e-01, -2.5597e-01, -3.6431e-01, -2.9015e-02,
         -3.1156e-02,  7.8804e-02, -3.8928e-01,  1.8644e-01, -3.3127e-01,
          1.6397e-01],
        [-5.1969e-02,  3.5825e-01,  3.5887e-01, -3.4695e-01, -3.5453e-01,
         -2.9868e-01, -1.2586e-01, -2.9455e-01, -3.1040e-01, -2.3197e-01,
         -8.7532e-02,  6.0188e-02, -7.4417e-02, -1.0523e-01, -1.6198e-01,
          3.7720e-01],
        [ 4.1801e-02,  3.5666e-01,  3.0252e-01, -2.3240e-01, -5.7422e-02,
         -3.4534e-01, -1.8518e-01, -1.1798e-01, -5.8508e-02, -3.2295e-01,
         -2.7796e-01,  7.1590e-02, -4.5115e-01,  1.5642e-01, -3.3370e-01,
          1.1807e-01],
        [-3.1455e-01, -1.6395e-01, -1.1261e-01, -1.4813e-02,  1.0735e-01,
          1.7892e-01,  1.0679e-01,  2.9191e-01,  4.0190e-01,  2.7197e-02,
          3.6194e-01, -5.5751e-02,  1.6400e-01, -9.3159e-02,  2.5152e-01,
         -2.4010e-01],
        [-3.7752e-01,  2.4504e-02, -7.1864e-02, -4.2784e-02, -2.1767e-02,
          4.4973e-01,  2.8783e-01,  1.8178e-01,  4.8759e-01,  2.8379e-01,
          2.1787e-01, -4.5729e-02,  2.3871e-01,  1.1314e-01,  6.1365e-02,
         -3.6772e-01],
        [-1.5375e-01, -2.0800e-01, -4.3404e-02,  9.2409e-02,  2.0156e-01,
          1.4248e-01,  4.2226e-01,  1.9241e-01,  2.8788e-01,  3.7816e-01,
          4.0822e-01,  2.4813e-02, -2.2597e-02, -2.6986e-01,  8.5140e-02,
         -2.5047e-01],
        [ 3.4025e-01,  2.7848e-01,  1.5794e-01, -1.4581e-01, -1.0783e-01,
          2.1233e-02, -1.1019e-01, -3.5795e-01, -4.4100e-01, -1.1663e-01,
         -1.6354e-01,  6.5559e-02, -4.7895e-01,  1.3852e-01, -2.8324e-01,
          5.5843e-02],
        [ 2.1542e-01,  3.9895e-01,  3.6890e-01,  6.7754e-04, -3.1769e-01,
         -2.2284e-02, -6.1313e-02, -9.1867e-02, -3.1292e-01, -1.7608e-01,
         -2.7408e-01,  1.2768e-01, -2.3098e-01,  5.3425e-02, -3.6704e-01,
          2.5991e-01],
        [-3.8339e-01, -3.4692e-01, -6.7216e-02, -5.1376e-02,  3.7646e-01,
          4.0558e-01,  1.3271e-01,  1.4963e-01,  8.1081e-02,  1.9807e-01,
          1.8269e-01, -3.3788e-01,  2.9096e-01, -1.0099e-01,  1.0199e-01,
         -1.8622e-01],
        [-3.6094e-02, -2.1719e-02,  1.9390e-01,  1.1779e-01, -3.8360e-01,
         -6.9545e-02, -2.6713e-01, -4.2261e-01, -4.3536e-01, -1.0503e-01,
         -1.2657e-01,  5.2103e-01, -4.0271e-01, -4.4844e-02, -3.8568e-02,
          1.3300e-01],
        [ 3.3903e-01,  3.3028e-01,  2.1582e-01, -3.5483e-01, -3.8877e-01,
         -5.8240e-02, -1.4601e-01, -4.5166e-02, -4.9614e-01, -2.1594e-01,
          7.5633e-02,  3.2968e-01,  2.3651e-03,  3.0257e-01, -1.9009e-01,
          1.4149e-02],
        [-3.0052e-01, -4.9682e-02, -2.4301e-01,  1.2509e-01,  1.4241e-01,
          3.0682e-01,  3.1539e-01,  3.0616e-01,  2.5073e-01,  2.9882e-01,
         -2.2310e-03, -2.7269e-01,  1.4150e-01, -1.9724e-01,  3.2624e-01,
         -1.9366e-01],
        [ 2.3617e-01,  1.4403e-01,  1.3604e-01, -2.5462e-01, -2.2278e-01,
         -3.7030e-01, -3.5744e-01, -2.3938e-02, -5.9748e-01, -1.2567e-01,
         -1.0258e-01, -3.5053e-02, -1.9521e-01,  2.8035e-01, -9.9203e-02,
          2.1885e-01],
        [ 3.7695e-01,  1.7321e-01,  2.6830e-01, -7.5074e-02, -3.0986e-01,
         -2.2687e-01, -3.8404e-01,  8.8485e-03, -1.5767e-01, -2.8933e-01,
         -1.5942e-01,  2.6226e-01, -4.3354e-01,  9.3526e-02,  5.0102e-03,
          2.2138e-01],
        [-1.9573e-01,  1.1786e-02, -5.3095e-02, -8.2258e-02,  2.9619e-01,
         -1.4479e-02,  3.4125e-01,  4.1389e-01,  3.0119e-01,  9.5190e-02,
          1.4385e-03, -3.1761e-01,  1.6425e-01, -1.9805e-01,  4.3836e-01,
         -2.8242e-01],
        [-9.6165e-02, -4.1422e-01, -6.2304e-02,  3.8926e-01,  9.9171e-04,
          1.2135e-01,  3.0467e-01, -2.2918e-02,  1.4811e-01,  2.8990e-01,
          4.0234e-01, -2.9368e-01,  2.2894e-01, -3.7674e-01, -1.8184e-02,
          1.2224e-02],
        [ 3.7065e-01,  7.0560e-02,  5.2729e-02, -1.5189e-01, -6.2124e-04,
         -3.9816e-01, -3.2077e-01, -2.5095e-01, -3.5503e-01, -1.7057e-01,
          6.5340e-02,  2.3175e-01, -4.2002e-01,  3.0322e-01,  6.2154e-02,
          2.4266e-01],
        [ 2.6077e-01,  2.2455e-01,  3.3949e-01, -3.5438e-01, -2.3703e-01,
         -1.7003e-01, -1.9970e-01, -3.0464e-01, -4.5349e-01, -3.3596e-01,
         -1.2312e-01,  3.6124e-01, -8.0788e-03,  1.1275e-01, -2.1281e-01,
          4.3337e-02],
        [ 2.4061e-01, -4.9838e-02,  1.8265e-01, -1.1288e-01,  2.3587e-02,
         -2.9320e-01, -2.1593e-02, -2.4863e-01, -5.3240e-01,  1.6821e-02,
          5.0361e-02,  6.6201e-02, -4.1683e-01,  2.5951e-01, -3.9190e-01,
          3.8832e-01],
        [ 5.7146e-02,  7.4399e-02,  9.0927e-02,  9.2666e-02, -2.3911e-01,
         -2.2269e-01, -6.1137e-02, -3.8320e-01, -2.8966e-01, -3.7681e-01,
         -3.5654e-01,  1.5534e-01, -1.9910e-01,  3.0363e-01, -4.3953e-01,
          1.0992e-01],
        [ 2.3716e-01,  2.5219e-01,  3.0945e-01, -3.4535e-01, -1.9065e-01,
         -1.0283e-01, -3.9839e-01, -5.0004e-02, -5.0652e-01, -1.8166e-02,
         -5.1379e-02,  1.1283e-01, -1.1714e-01,  2.9988e-01,  5.5857e-02,
          3.2858e-01],
        [-3.3811e-01, -1.0270e-01,  5.1723e-03,  2.0393e-01,  3.2404e-01,
          3.3347e-02,  4.1013e-01,  1.9823e-01,  5.8663e-02,  1.2764e-01,
          3.7663e-01, -2.9807e-01,  1.7682e-01, -2.2100e-01,  3.5075e-02,
         -1.5325e-01],
        [ 3.2474e-01,  1.9314e-01,  1.5098e-01, -1.3380e-01, -3.2030e-01,
         -2.9851e-01, -1.9150e-01, -3.7863e-01, -1.3813e-01, -1.3757e-01,
         -9.9498e-02,  1.7283e-01,  4.5500e-04,  3.2669e-01, -4.4823e-02,
          3.0412e-01],
        [-2.6965e-01, -2.9407e-02, -3.1015e-01,  2.3072e-01, -7.6121e-02,
          1.4634e-01,  3.5367e-01,  3.2565e-01,  4.5468e-01,  2.4106e-01,
          2.1519e-01, -1.0011e-01,  3.5607e-01,  8.3564e-02,  1.6776e-01,
         -2.3886e-01],
        [-3.1172e-01, -2.3280e-01, -6.1077e-02,  2.1958e-02,  2.2121e-01,
          4.0622e-01,  4.3380e-01,  2.1450e-02,  3.6165e-01,  3.5583e-01,
         -9.0841e-02, -5.3757e-02,  6.8146e-02, -2.9468e-01,  7.6108e-02,
         -2.9016e-01],
        [ 4.6210e-02,  2.1346e-01,  2.3222e-01, -1.2315e-02,  1.3466e-02,
         -3.1247e-01, -4.2846e-01, -3.9402e-01, -4.5062e-01, -2.7228e-01,
         -1.8553e-02,  7.0101e-03, -3.8925e-01,  2.4422e-01, -2.8420e-01,
          2.0058e-01]], device='cuda:0', requires_grad=True)

Parameter name: road_linear_0.bias
Shape: torch.Size([32])
Values: Parameter containing:
tensor([-0.0813, -0.0247, -0.0438, -0.0237,  0.0008, -0.2298,  0.0860,  0.1061,
        -0.0736, -0.0019,  0.0377,  0.0876,  0.1319,  0.0586,  0.0721,  0.0121,
        -0.0399, -0.0381,  0.0646, -0.0444, -0.1180, -0.0372, -0.0337,  0.0293,
        -0.0374,  0.1368,  0.1330,  0.0572, -0.1173, -0.1838,  0.0389,  0.0271],
       device='cuda:0', requires_grad=True)

Parameter name: road_linear_1.weight
Shape: torch.Size([1, 32])
Values: Parameter containing:
tensor([[-0.2702,  0.3655, -0.2822, -0.3145,  0.3652,  0.4376, -0.3232, -0.4107,
         -0.3629,  0.4139,  0.3229,  0.4311, -0.3236, -0.4404,  0.3277, -0.3688,
         -0.3708,  0.3724, -0.2907, -0.2748,  0.4750,  0.3696, -0.4165, -0.4099,
         -0.3819, -0.3918, -0.3611,  0.3963, -0.3926,  0.4207,  0.3536, -0.2840]],
       device='cuda:0', requires_grad=True)

Parameter name: linear_0.weight
Shape: torch.Size([32, 39])
Values: Parameter containing:
tensor([[-0.0104,  0.1660,  0.0602,  ...,  0.2070, -0.3314, -0.1137],
        [-0.0557, -0.0711,  0.1189,  ...,  0.1020, -0.3020,  0.0871],
        [-0.1262,  0.2410,  0.0810,  ...,  0.2138, -0.0279,  0.0345],
        ...,
        [ 0.0851, -0.1212, -0.0391,  ..., -0.1669, -0.0066, -0.1180],
        [ 0.0244, -0.1918, -0.0384,  ..., -0.2627,  0.1069,  0.1557],
        [-0.1658,  0.1387,  0.0455,  ...,  0.0753, -0.2685, -0.0509]],
       device='cuda:0', requires_grad=True)

Parameter name: linear_0.bias
Shape: torch.Size([32])
Values: Parameter containing:
tensor([ 0.0603,  0.0279, -0.0856, -0.1563, -0.0825, -0.0105, -0.0998,  0.0459,
        -0.0363,  0.0579,  0.0341, -0.0109,  0.0212,  0.1034, -0.0408, -0.0211,
         0.0541, -0.1679,  0.0090,  0.0843, -0.0652,  0.0148,  0.1113,  0.0264,
        -0.1082,  0.0988,  0.0451, -0.1078,  0.0515,  0.2096,  0.1701, -0.1265],
       device='cuda:0', requires_grad=True)

Parameter name: linear_1.weight
Shape: torch.Size([32, 32])
Values: Parameter containing:
tensor([[ 0.0439, -0.1653, -0.1938,  ...,  0.0358, -0.0427,  0.0694],
        [-0.2210, -0.0204, -0.0185,  ...,  0.1424, -0.0236,  0.0527],
        [ 0.1561, -0.0453, -0.0337,  ..., -0.1442, -0.0022,  0.1859],
        ...,
        [ 0.1749,  0.0477,  0.2445,  ...,  0.1158, -0.1723,  0.2478],
        [-0.0115, -0.1517, -0.0368,  ...,  0.2527,  0.2270, -0.1764],
        [-0.0006, -0.1197,  0.1337,  ...,  0.2312,  0.1355, -0.0434]],
       device='cuda:0', requires_grad=True)

Parameter name: linear_1.bias
Shape: torch.Size([32])
Values: Parameter containing:
tensor([ 0.1001,  0.1506, -0.0481, -0.1091, -0.0974, -0.1815, -0.0750, -0.0167,
         0.1518, -0.1816,  0.1418, -0.1350,  0.2087,  0.1055, -0.0985,  0.1364,
        -0.1291, -0.1884,  0.0842,  0.0144, -0.0234,  0.0700, -0.2055,  0.2286,
        -0.0393, -0.0175,  0.0757, -0.0494, -0.1628, -0.0479,  0.1341,  0.0377],
       device='cuda:0', requires_grad=True)

Parameter name: linear_2.weight
Shape: torch.Size([1, 32])
Values: Parameter containing:
tensor([[ 0.4438,  0.3686, -0.4116, -0.4399, -0.3027, -0.2924, -0.3508,  0.3273,
          0.3380, -0.3553, -0.3198,  0.3325,  0.3363,  0.2901,  0.3554,  0.3354,
         -0.4354, -0.4370,  0.2912,  0.3428, -0.3984, -0.3453, -0.4500,  0.2845,
          0.4121,  0.4615, -0.4157,  0.4409, -0.3512, -0.4433,  0.4037,  0.4430]],
       device='cuda:0', requires_grad=True)

Parameter name: linear_2.bias
Shape: torch.Size([1])
Values: Parameter containing:
tensor([0.1814], device='cuda:0', requires_grad=True)

Parameter name: road_linear_0.weight
Shape: torch.Size([32, 16])
Values: Parameter containing:
tensor([[ 0.0221,  0.2938,  0.3102, -0.3414, -0.0813, -0.1929, -0.1087, -0.4549,
         -0.1893, -0.0554,  0.0385,  0.2087,  0.0973, -0.0761,  0.4033,  0.3213],
        [-0.2960, -0.2850, -0.1279,  0.0216, -0.1021,  0.3109,  0.2359,  0.2381,
          0.4257,  0.1203,  0.2117, -0.3143, -0.0467, -0.0328, -0.0892, -0.0534],
        [ 0.0976,  0.1863,  0.3815, -0.1244,  0.0881, -0.3785, -0.0978, -0.4700,
          0.0471, -0.0444, -0.0789, -0.0330,  0.4279,  0.2783,  0.5056,  0.2184],
        [ 0.2977,  0.0105,  0.0935, -0.0863,  0.0421, -0.2418, -0.2053, -0.1587,
         -0.4211, -0.3748, -0.0898,  0.3997,  0.3223, -0.1523,  0.2136,  0.1176],
        [-0.1496,  0.1809, -0.1957,  0.0142,  0.1236,  0.1644,  0.1269,  0.4326,
          0.1989,  0.2804,  0.2132, -0.2471, -0.1114, -0.2248, -0.1999, -0.1032],
        [-0.0446,  0.2032, -0.3789,  0.4279,  0.2299,  0.0365,  0.3180,  0.0545,
          0.2948,  0.1951, -0.1657, -0.1561, -0.3092,  0.1319, -0.0565, -0.0400],
        [ 0.3997,  0.1450,  0.4218, -0.1976,  0.0735, -0.2627, -0.2463, -0.3019,
         -0.2669, -0.0009, -0.0042,  0.1010,  0.0049,  0.2022,  0.0597,  0.1247],
        [-0.0421,  0.2642,  0.3642, -0.3560, -0.1953, -0.3384, -0.1357, -0.3007,
         -0.1904, -0.1904, -0.0585,  0.0498,  0.2862, -0.1078,  0.2178,  0.3338],
        [ 0.0762,  0.2467,  0.3239, -0.2766, -0.0340, -0.4062, -0.2255, -0.1870,
          0.0125, -0.2929, -0.1018,  0.1256, -0.0319,  0.1101,  0.1046,  0.0608],
        [-0.3303, -0.0293, -0.1192,  0.0143,  0.0215,  0.2196,  0.1183,  0.3261,
          0.3013, -0.0199,  0.2254, -0.0708, -0.3116, -0.0598, -0.2851, -0.1575],
        [-0.3725,  0.1290, -0.0643, -0.0359, -0.1239,  0.4627,  0.2803,  0.1752,
          0.3452,  0.2188,  0.0566, -0.0204, -0.1952,  0.1611, -0.4632, -0.2881],
        [-0.1567, -0.0862, -0.0348,  0.1028,  0.1749,  0.1691,  0.4330,  0.2314,
          0.1896,  0.3153,  0.1398,  0.0068, -0.4438, -0.1635, -0.3432, -0.1573],
        [ 0.3906,  0.1581,  0.1987, -0.2102,  0.0118, -0.0597, -0.1699, -0.4148,
         -0.3685, -0.0998, -0.1059,  0.0914,  0.0255,  0.1850,  0.2802, -0.0063],
        [ 0.2576,  0.3041,  0.4007, -0.0452, -0.2388, -0.0896, -0.1178, -0.1578,
         -0.2532, -0.1619, -0.2048,  0.1725,  0.1829,  0.0596,  0.0503,  0.2257],
        [-0.4044, -0.2503, -0.0824, -0.0292,  0.2571,  0.4588,  0.1552,  0.1800,
         -0.0236,  0.1627,  0.1175, -0.3478, -0.1227, -0.0979, -0.3563, -0.1365],
        [-0.0473, -0.2439,  0.1738,  0.0586, -0.2956, -0.0650, -0.2048, -0.3983,
         -0.2321,  0.0056,  0.0409,  0.5270,  0.2137, -0.0739,  0.5680, -0.0172],
        [ 0.3354,  0.2135,  0.2061, -0.3597, -0.2728, -0.0805, -0.1510, -0.0703,
         -0.3755, -0.1562,  0.1632,  0.3284,  0.3842,  0.2481,  0.1897, -0.0598],
        [-0.3165,  0.0319, -0.2540,  0.1464,  0.0402,  0.3424,  0.3389,  0.3310,
          0.1437,  0.2593, -0.0529, -0.2765, -0.1990, -0.1954, -0.0154, -0.1510],
        [ 0.2445,  0.0681,  0.1509, -0.2919, -0.0615, -0.4114, -0.3370, -0.0281,
         -0.3939, -0.0934, -0.0261, -0.0505,  0.2264,  0.2195,  0.4374,  0.1580],
        [ 0.3914,  0.0795,  0.2742, -0.0952, -0.2231, -0.2711, -0.4050, -0.0257,
         -0.0453, -0.2436, -0.0558,  0.2789, -0.0415,  0.0743,  0.4020,  0.1633],
        [-0.2250,  0.1329, -0.0715, -0.0335,  0.2178,  0.0318,  0.3696,  0.4659,
          0.2335,  0.0668, -0.0925, -0.3608, -0.2655, -0.2115, -0.0478, -0.2263],
        [-0.0915, -0.2825, -0.0515,  0.3891, -0.0920,  0.1540,  0.2881, -0.0023,
          0.0266,  0.2267,  0.2381, -0.2975, -0.1920, -0.3053, -0.5274,  0.0980],
        [ 0.3753, -0.0184,  0.0527, -0.1576,  0.1119, -0.4238, -0.3323, -0.2594,
         -0.2344, -0.1227,  0.1302,  0.2241, -0.0838,  0.2811,  0.4348,  0.1914],
        [ 0.2712,  0.1512,  0.3435, -0.3683, -0.1328, -0.1994, -0.2223, -0.3151,
         -0.3447, -0.2954, -0.0917,  0.3570,  0.2802,  0.1187,  0.0541,  0.0077],
        [ 0.2553, -0.1998,  0.1930, -0.1572,  0.1096, -0.3272, -0.0336, -0.2851,
         -0.4074,  0.0756,  0.1970,  0.0779,  0.1082,  0.2149,  0.1825,  0.2882],
        [ 0.1014, -0.0389,  0.1278,  0.0373, -0.1433, -0.2994, -0.1090, -0.4404,
         -0.2221, -0.3573, -0.2783,  0.1943,  0.2545,  0.3357,  0.0826,  0.0581],
        [ 0.2285,  0.1526,  0.2973, -0.3406, -0.0525, -0.1240, -0.3966, -0.0492,
         -0.3630,  0.0418,  0.0180,  0.0965,  0.2269,  0.2641,  0.4191,  0.2656],
        [-0.3463,  0.0144,  0.0070,  0.2173,  0.2569,  0.0660,  0.4194,  0.2314,
         -0.0437,  0.0756,  0.2067, -0.3086, -0.2478, -0.1678, -0.4236, -0.0739],
        [ 0.3235,  0.0947,  0.1444, -0.1330, -0.2326, -0.3243, -0.1903, -0.3929,
         -0.0173, -0.0845,  0.0140,  0.1669,  0.3432,  0.2802,  0.3595,  0.2392],
        [-0.2879,  0.0483, -0.3238,  0.2537, -0.1920,  0.1838,  0.3786,  0.3405,
          0.3489,  0.2072,  0.1754, -0.1005,  0.0204,  0.0704, -0.1610, -0.2038],
        [-0.3023, -0.1225, -0.0474,  0.0200,  0.1095,  0.4214,  0.4301,  0.0299,
          0.2250,  0.2884, -0.2086, -0.0420, -0.3211, -0.2293, -0.3673, -0.2123],
        [ 0.0890,  0.1473,  0.2702, -0.0792,  0.1224, -0.3699, -0.4750, -0.4424,
         -0.3157, -0.2605,  0.0466,  0.0342,  0.0270,  0.2308,  0.1278,  0.1677]],
       device='cuda:0', requires_grad=True)

Parameter name: road_linear_0.bias
Shape: torch.Size([32])
Values: Parameter containing:
tensor([-0.0764, -0.0832,  0.2126, -0.0012, -0.1239, -0.0790,  0.1031,  0.0886,
         0.0005, -0.0880, -0.0499,  0.0234,  0.1568,  0.1302, -0.0386, -0.0253,
        -0.0968, -0.0060,  0.1455,  0.0399, -0.0401, -0.2082,  0.0102, -0.0302,
         0.0256,  0.2612,  0.1517, -0.0057, -0.0265, -0.1693, -0.0193,  0.0624],
       device='cuda:0', requires_grad=True)

Parameter name: road_linear_1.weight
Shape: torch.Size([1, 32])
Values: Parameter containing:
tensor([[-0.2366,  0.3331, -0.2518, -0.2899,  0.3654,  0.3937, -0.2955, -0.3957,
         -0.3195,  0.3880,  0.2970,  0.4173, -0.2910, -0.4002,  0.3327, -0.3058,
         -0.3257,  0.3604, -0.2516, -0.2664,  0.4444,  0.3879, -0.3995, -0.3960,
         -0.3386, -0.3742, -0.3385,  0.4030, -0.3954,  0.4047,  0.3233, -0.2584]],
       device='cuda:0', requires_grad=True)

Parameter name: linear_0.weight
Shape: torch.Size([32, 39])
Values: Parameter containing:
tensor([[-0.0096,  0.0021,  0.0248,  ...,  0.2108, -0.3920, -0.1137],
        [-0.0795, -0.1834,  0.0810,  ...,  0.1481, -0.3574,  0.0871],
        [-0.0566,  0.1508,  0.0939,  ...,  0.0060,  0.2731,  0.0345],
        ...,
        [ 0.0436, -0.1502,  0.0113,  ...,  0.0699, -0.3233, -0.1180],
        [ 0.0292, -0.0801,  0.0121,  ..., -0.3105,  0.1552,  0.1557],
        [-0.0867,  0.1557,  0.0137,  ..., -0.1753,  0.1102, -0.0509]],
       device='cuda:0', requires_grad=True)

Parameter name: linear_0.bias
Shape: torch.Size([32])
Values: Parameter containing:
tensor([ 0.0505,  0.0547, -0.0946, -0.1209, -0.0565,  0.0466, -0.1307,  0.0618,
        -0.0453,  0.0927,  0.0360,  0.0050,  0.0101,  0.0637, -0.0777, -0.0192,
         0.0455, -0.1418, -0.0332, -0.0145, -0.1082,  0.0520,  0.0813, -0.0069,
        -0.0855,  0.0671,  0.0247, -0.0952,  0.0638,  0.1476,  0.1316, -0.0660],
       device='cuda:0', requires_grad=True)

Parameter name: linear_1.weight
Shape: torch.Size([32, 32])
Values: Parameter containing:
tensor([[ 0.0233, -0.2067, -0.0713,  ..., -0.1567, -0.0032,  0.2739],
        [-0.2536, -0.0535,  0.1109,  ..., -0.0867,  0.0056,  0.2811],
        [ 0.1785, -0.0086, -0.1868,  ...,  0.0979, -0.0370, -0.0790],
        ...,
        [ 0.1657,  0.1212,  0.0722,  ...,  0.2795, -0.2371,  0.0460],
        [-0.0694, -0.1858,  0.0874,  ..., -0.0144,  0.2614,  0.0987],
        [-0.0323, -0.1304,  0.2192,  ...,  0.0354,  0.1523,  0.1408]],
       device='cuda:0', requires_grad=True)

Parameter name: linear_1.bias
Shape: torch.Size([32])
Values: Parameter containing:
tensor([ 0.0910,  0.1271, -0.0376, -0.0580, -0.0320, -0.0378, -0.0339, -0.0633,
         0.1114, -0.1799,  0.1242, -0.1332,  0.1662, -0.0213, -0.1439,  0.1094,
        -0.1293, -0.1555,  0.0151, -0.0301,  0.0076,  0.1067, -0.1936,  0.2064,
        -0.0665, -0.0276,  0.0883, -0.0332, -0.1136, -0.0617,  0.1156,  0.0036],
       device='cuda:0', requires_grad=True)

Parameter name: linear_2.weight
Shape: torch.Size([1, 32])
Values: Parameter containing:
tensor([[ 0.6250,  0.5494, -0.6305, -0.6308,  0.4772,  0.4870, -0.5333,  0.5438,
          0.5403, -0.5661, -0.5558,  0.5151,  0.5369, -0.4788,  0.5590,  0.5082,
         -0.6358, -0.6262,  0.5029,  0.5217, -0.5911, -0.5635, -0.6261,  0.4601,
          0.6013,  0.6259, -0.6017,  0.6704, -0.5365, -0.6178,  0.6046,  0.6167]],
       device='cuda:0', requires_grad=True)

Parameter name: linear_2.bias
Shape: torch.Size([1])
Values: Parameter containing:
tensor([0.3363], device='cuda:0', requires_grad=True)

Parameter name: road_linear_0.weight
Shape: torch.Size([32, 16])
Values: Parameter containing:
tensor([[ 0.0221,  0.2934,  0.3099, -0.3413, -0.0817, -0.1930, -0.1087, -0.4552,
         -0.1894, -0.0551,  0.0387,  0.2089,  0.0976, -0.0763,  0.4036,  0.3209],
        [-0.2960, -0.2846, -0.1277,  0.0214, -0.1018,  0.3110,  0.2360,  0.2384,
          0.4258,  0.1200,  0.2116, -0.3145, -0.0470, -0.0326, -0.0895, -0.0531],
        [ 0.0976,  0.1859,  0.3812, -0.1242,  0.0878, -0.3786, -0.0978, -0.4703,
          0.0471, -0.0442, -0.0788, -0.0328,  0.4282,  0.2781,  0.5060,  0.2181],
        [ 0.2977,  0.0101,  0.0932, -0.0861,  0.0418, -0.2418, -0.2053, -0.1590,
         -0.4212, -0.3746, -0.0897,  0.3999,  0.3227, -0.1525,  0.2139,  0.1172],
        [-0.1496,  0.1813, -0.1954,  0.0141,  0.1240,  0.1644,  0.1269,  0.4330,
          0.1990,  0.2801,  0.2131, -0.2473, -0.1117, -0.2246, -0.2002, -0.1029],
        [-0.0445,  0.2036, -0.3787,  0.4278,  0.2302,  0.0365,  0.3180,  0.0547,
          0.2949,  0.1949, -0.1658, -0.1563, -0.3096,  0.1321, -0.0567, -0.0397],
        [ 0.3997,  0.1446,  0.4216, -0.1975,  0.0732, -0.2627, -0.2463, -0.3021,
         -0.2670, -0.0006, -0.0041,  0.1012,  0.0053,  0.2020,  0.0599,  0.1244],
        [-0.0421,  0.2639,  0.3640, -0.3559, -0.1956, -0.3384, -0.1357, -0.3010,
         -0.1904, -0.1901, -0.0583,  0.0500,  0.2866, -0.1079,  0.2181,  0.3335],
        [ 0.0762,  0.2463,  0.3237, -0.2765, -0.0344, -0.4062, -0.2255, -0.1873,
          0.0124, -0.2926, -0.1017,  0.1258, -0.0315,  0.1099,  0.1049,  0.0605],
        [-0.3303, -0.0289, -0.1189,  0.0141,  0.0219,  0.2197,  0.1183,  0.3264,
          0.3014, -0.0202,  0.2252, -0.0710, -0.3119, -0.0596, -0.2854, -0.1571],
        [-0.3725,  0.1294, -0.0641, -0.0360, -0.1236,  0.4627,  0.2803,  0.1755,
          0.3452,  0.2185,  0.0565, -0.0206, -0.1955,  0.1613, -0.4635, -0.2878],
        [-0.1567, -0.0858, -0.0346,  0.1026,  0.1752,  0.1691,  0.4330,  0.2317,
          0.1897,  0.3151,  0.1396,  0.0066, -0.4442, -0.1633, -0.3435, -0.1569],
        [ 0.3905,  0.1577,  0.1984, -0.2100,  0.0115, -0.0598, -0.1699, -0.4151,
         -0.3686, -0.0995, -0.1057,  0.0916,  0.0259,  0.1848,  0.2806, -0.0067],
        [ 0.2576,  0.3037,  0.4005, -0.0451, -0.2391, -0.0897, -0.1178, -0.1581,
         -0.2533, -0.1617, -0.2046,  0.1727,  0.1833,  0.0594,  0.0506,  0.2254],
        [-0.4044, -0.2499, -0.0821, -0.0293,  0.2574,  0.4588,  0.1553,  0.1803,
         -0.0235,  0.1625,  0.1174, -0.3480, -0.1231, -0.0977, -0.3566, -0.1362],
        [-0.0473, -0.2444,  0.1734,  0.0587, -0.2959, -0.0650, -0.2047, -0.3985,
         -0.2321,  0.0059,  0.0408,  0.5272,  0.2141, -0.0740,  0.5685, -0.0176],
        [ 0.3354,  0.2131,  0.2059, -0.3596, -0.2732, -0.0805, -0.1510, -0.0706,
         -0.3756, -0.1560,  0.1634,  0.3286,  0.3846,  0.2479,  0.1900, -0.0601],
        [-0.3165,  0.0322, -0.2538,  0.1463,  0.0405,  0.3425,  0.3390,  0.3312,
          0.1438,  0.2591, -0.0530, -0.2767, -0.1993, -0.1953, -0.0157, -0.1508],
        [ 0.2445,  0.0677,  0.1506, -0.2917, -0.0618, -0.4115, -0.3371, -0.0284,
         -0.3940, -0.0931, -0.0260, -0.0504,  0.2268,  0.2193,  0.4377,  0.1576],
        [ 0.3914,  0.0791,  0.2739, -0.0950, -0.2234, -0.2712, -0.4051, -0.0260,
         -0.0453, -0.2433, -0.0557,  0.2791, -0.0412,  0.0742,  0.4023,  0.1630],
        [-0.2250,  0.1332, -0.0713, -0.0336,  0.2181,  0.0318,  0.3696,  0.4661,
          0.2335,  0.0666, -0.0926, -0.3610, -0.2658, -0.2114, -0.0481, -0.2260],
        [-0.0915, -0.2821, -0.0513,  0.3890, -0.0917,  0.1540,  0.2882, -0.0020,
          0.0267,  0.2264,  0.2380, -0.2977, -0.1924, -0.3051, -0.5277,  0.0984],
        [ 0.3753, -0.0188,  0.0525, -0.1575,  0.1116, -0.4238, -0.3324, -0.2596,
         -0.2345, -0.1225,  0.1303,  0.2242, -0.0835,  0.2810,  0.4351,  0.1912],
        [ 0.2712,  0.1508,  0.3433, -0.3682, -0.1331, -0.1995, -0.2223, -0.3153,
         -0.3448, -0.2952, -0.0916,  0.3572,  0.2805,  0.1186,  0.0543,  0.0074],
        [ 0.2553, -0.2002,  0.1927, -0.1570,  0.1093, -0.3273, -0.0336, -0.2854,
         -0.4076,  0.0759,  0.1972,  0.0781,  0.1086,  0.2147,  0.1828,  0.2878],
        [ 0.1014, -0.0392,  0.1276,  0.0374, -0.1437, -0.2994, -0.1090, -0.4407,
         -0.2222, -0.3570, -0.2782,  0.1945,  0.2548,  0.3356,  0.0829,  0.0578],
        [ 0.2285,  0.1522,  0.2971, -0.3405, -0.0528, -0.1240, -0.3966, -0.0495,
         -0.3631,  0.0421,  0.0182,  0.0967,  0.2272,  0.2639,  0.4194,  0.2654],
        [-0.3463,  0.0148,  0.0072,  0.2172,  0.2572,  0.0661,  0.4194,  0.2317,
         -0.0436,  0.0754,  0.2065, -0.3088, -0.2481, -0.1676, -0.4239, -0.0736],
        [ 0.3235,  0.0943,  0.1442, -0.1329, -0.2329, -0.3243, -0.1903, -0.3932,
         -0.0174, -0.0842,  0.0142,  0.1671,  0.3436,  0.2801,  0.3598,  0.2390],
        [-0.2879,  0.0487, -0.3236,  0.2536, -0.1917,  0.1838,  0.3786,  0.3408,
          0.3489,  0.2070,  0.1753, -0.1007,  0.0201,  0.0706, -0.1613, -0.2035],
        [-0.3023, -0.1221, -0.0472,  0.0199,  0.1098,  0.4215,  0.4302,  0.0302,
          0.2251,  0.2882, -0.2087, -0.0422, -0.3215, -0.2291, -0.3676, -0.2120],
        [ 0.0890,  0.1469,  0.2700, -0.0790,  0.1221, -0.3699, -0.4750, -0.4427,
         -0.3158, -0.2602,  0.0467,  0.0344,  0.0274,  0.2306,  0.1281,  0.1674]],
       device='cuda:0', requires_grad=True)

Parameter name: road_linear_0.bias
Shape: torch.Size([32])
Values: Parameter containing:
tensor([-0.0765, -0.0832,  0.2125, -0.0013, -0.1237, -0.0788,  0.1030,  0.0886,
         0.0004, -0.0879, -0.0498,  0.0234,  0.1567,  0.1302, -0.0386, -0.0260,
        -0.0969, -0.0059,  0.1454,  0.0399, -0.0398, -0.2081,  0.0101, -0.0302,
         0.0256,  0.2611,  0.1516, -0.0056, -0.0266, -0.1692, -0.0192,  0.0624],
       device='cuda:0', requires_grad=True)

Parameter name: road_linear_1.weight
Shape: torch.Size([1, 32])
Values: Parameter containing:
tensor([[-0.2366,  0.3330, -0.2518, -0.2899,  0.3655,  0.3938, -0.2954, -0.3957,
         -0.3193,  0.3881,  0.2970,  0.4174, -0.2910, -0.4001,  0.3327, -0.3062,
         -0.3257,  0.3604, -0.2516, -0.2664,  0.4446,  0.3878, -0.3995, -0.3960,
         -0.3387, -0.3743, -0.3385,  0.4032, -0.3955,  0.4047,  0.3233, -0.2583]],
       device='cuda:0', requires_grad=True)

Parameter name: linear_0.weight
Shape: torch.Size([32, 39])
Values: Parameter containing:
tensor([[-0.0096,  0.0021,  0.0248,  ...,  0.2108, -0.3920, -0.1137],
        [-0.0795, -0.1834,  0.0810,  ...,  0.1481, -0.3574,  0.0871],
        [-0.0566,  0.1508,  0.0939,  ...,  0.0060,  0.2731,  0.0345],
        ...,
        [ 0.0436, -0.1502,  0.0113,  ...,  0.0699, -0.3233, -0.1180],
        [ 0.0292, -0.0801,  0.0121,  ..., -0.3105,  0.1552,  0.1557],
        [-0.0867,  0.1557,  0.0137,  ..., -0.1753,  0.1102, -0.0509]],
       device='cuda:0', requires_grad=True)

Parameter name: linear_0.bias
Shape: torch.Size([32])
Values: Parameter containing:
tensor([ 0.0505,  0.0547, -0.0946, -0.1209, -0.0565,  0.0466, -0.1307,  0.0618,
        -0.0453,  0.0927,  0.0360,  0.0050,  0.0101,  0.0637, -0.0777, -0.0192,
         0.0455, -0.1418, -0.0332, -0.0145, -0.1082,  0.0520,  0.0813, -0.0069,
        -0.0855,  0.0671,  0.0247, -0.0952,  0.0638,  0.1476,  0.1316, -0.0660],
       device='cuda:0', requires_grad=True)

Parameter name: linear_1.weight
Shape: torch.Size([32, 32])
Values: Parameter containing:
tensor([[ 0.0233, -0.2067, -0.0713,  ..., -0.1567, -0.0032,  0.2739],
        [-0.2536, -0.0535,  0.1109,  ..., -0.0867,  0.0056,  0.2811],
        [ 0.1785, -0.0086, -0.1868,  ...,  0.0979, -0.0370, -0.0790],
        ...,
        [ 0.1657,  0.1212,  0.0722,  ...,  0.2795, -0.2371,  0.0460],
        [-0.0694, -0.1858,  0.0874,  ..., -0.0144,  0.2614,  0.0987],
        [-0.0323, -0.1304,  0.2192,  ...,  0.0354,  0.1523,  0.1408]],
       device='cuda:0', requires_grad=True)

Parameter name: linear_1.bias
Shape: torch.Size([32])
Values: Parameter containing:
tensor([ 0.0910,  0.1271, -0.0376, -0.0580, -0.0320, -0.0378, -0.0339, -0.0633,
         0.1114, -0.1799,  0.1242, -0.1332,  0.1662, -0.0213, -0.1439,  0.1094,
        -0.1293, -0.1555,  0.0151, -0.0301,  0.0076,  0.1067, -0.1936,  0.2064,
        -0.0665, -0.0276,  0.0883, -0.0332, -0.1136, -0.0617,  0.1156,  0.0036],
       device='cuda:0', requires_grad=True)

Parameter name: linear_2.weight
Shape: torch.Size([1, 32])
Values: Parameter containing:
tensor([[ 0.6250,  0.5494, -0.6305, -0.6308,  0.4772,  0.4870, -0.5333,  0.5438,
          0.5403, -0.5661, -0.5558,  0.5151,  0.5369, -0.4788,  0.5590,  0.5082,
         -0.6358, -0.6262,  0.5029,  0.5217, -0.5911, -0.5635, -0.6261,  0.4601,
          0.6013,  0.6259, -0.6017,  0.6704, -0.5365, -0.6178,  0.6046,  0.6167]],
       device='cuda:0', requires_grad=True)

Parameter name: linear_2.bias
Shape: torch.Size([1])
Values: Parameter containing:
tensor([0.3363], device='cuda:0', requires_grad=True)

Parameter name: road_linear_0.weight
Shape: torch.Size([32, 16])
Values: Parameter containing:
tensor([[-2.5486e-02,  2.9307e-01,  2.8494e-01, -2.6223e-01, -4.2368e-01,
         -2.1301e-01, -9.1303e-02, -5.3876e-01, -2.9139e-01, -5.7554e-02,
          7.7517e-03,  2.7670e-01,  1.3249e-01, -7.3281e-02,  1.3516e-01,
          3.2156e-01],
        [-2.3944e-01, -2.8161e-01, -9.1945e-02, -5.1055e-02,  1.5708e-01,
          2.9535e-01,  2.0023e-01,  2.7653e-01,  4.8649e-01,  1.3318e-01,
          2.5607e-01, -3.3668e-01, -4.5875e-02, -4.5404e-02,  1.6305e-01,
         -5.0480e-02],
        [ 5.4083e-02,  1.8263e-01,  3.5586e-01, -5.9120e-02, -2.7466e-01,
         -3.8413e-01, -7.5537e-02, -5.4797e-01, -5.7263e-02, -5.2510e-02,
         -1.0397e-01,  1.2640e-02,  4.5092e-01,  3.1840e-01,  2.5906e-01,
          2.1978e-01],
        [ 2.5408e-01,  1.3497e-02,  6.8594e-02, -2.4458e-02, -2.4403e-01,
         -2.4272e-01, -1.8513e-01, -2.2383e-01, -5.1773e-01, -3.9878e-01,
         -8.5749e-02,  4.4511e-01,  3.2596e-01, -1.1575e-01, -2.6060e-02,
          1.2081e-01],
        [-7.4325e-02,  1.4934e-01, -1.5184e-01, -7.8598e-02,  3.5860e-01,
          1.3400e-01,  7.7474e-02,  4.5293e-01,  2.3829e-01,  2.9024e-01,
          2.8592e-01, -2.3963e-01, -9.9804e-02, -2.3532e-01,  8.8406e-02,
         -1.1787e-01],
        [ 5.4562e-03,  1.8314e-01, -3.5029e-01,  3.5966e-01,  5.3265e-01,
          2.6135e-02,  3.0180e-01,  9.4826e-02,  3.4887e-01,  2.1400e-01,
         -1.2171e-01, -1.6501e-01, -3.0003e-01,  1.2369e-01,  2.1415e-01,
         -5.0165e-02],
        [ 3.6104e-01,  6.2018e-02,  4.0004e-01, -1.4655e-01, -2.3506e-01,
         -2.6000e-01, -2.1534e-01, -3.5604e-01, -3.4979e-01, -2.7425e-02,
         -2.8200e-02,  1.3901e-01, -1.7497e-02,  2.3443e-01, -8.8660e-02,
          1.2945e-01],
        [-7.4713e-02,  2.1686e-01,  3.4517e-01, -3.1696e-01, -4.8697e-01,
         -3.3125e-01, -1.0969e-01, -3.5447e-01, -2.6727e-01, -2.1192e-01,
         -7.4799e-02,  8.6386e-02,  2.7905e-01, -8.3982e-02,  9.6562e-02,
          3.3365e-01],
        [ 3.5319e-02,  2.5681e-01,  3.0571e-01, -2.1056e-01, -2.2758e-01,
         -4.0526e-01, -2.1328e-01, -2.2297e-01, -5.4368e-02, -3.2827e-01,
         -2.3881e-01,  1.4064e-01, -1.8952e-03,  1.8508e-01, -1.6035e-01,
          7.6427e-02],
        [-2.7418e-01, -4.5013e-02, -8.7140e-02, -5.9855e-02,  2.6981e-01,
          2.1115e-01,  9.2533e-02,  3.7228e-01,  3.6944e-01,  5.4225e-04,
          2.9872e-01, -8.8913e-02, -3.2894e-01, -8.7814e-02, -8.4190e-03,
         -1.6769e-01],
        [-3.4173e-01,  1.0684e-01, -5.2376e-02, -7.9348e-02,  1.5375e-01,
          4.7905e-01,  2.7026e-01,  2.5469e-01,  4.5002e-01,  2.5605e-01,
          9.9823e-02, -7.7871e-02, -2.0853e-01,  1.0894e-01, -1.8133e-01,
         -3.0289e-01],
        [-1.1546e-01, -1.0820e-01, -1.7346e-02,  4.9074e-02,  3.4319e-01,
          1.7098e-01,  4.0695e-01,  2.7241e-01,  2.5633e-01,  3.5516e-01,
          2.1635e-01, -1.5334e-02, -4.2962e-01, -2.4805e-01, -1.1027e-01,
         -1.7904e-01],
        [ 3.1214e-01,  1.7726e-01,  1.4788e-01, -1.1657e-01, -3.5478e-01,
         -4.7666e-02, -1.3560e-01, -5.0535e-01, -4.4574e-01, -1.0772e-01,
         -1.2644e-01,  1.3732e-01,  1.6650e-02,  1.7483e-01, -5.9988e-02,
         -7.4364e-03],
        [ 2.0319e-01,  2.8347e-01,  3.6492e-01,  2.1325e-02, -4.7474e-01,
         -6.7693e-02, -7.7240e-02, -1.7795e-01, -2.9986e-01, -1.7237e-01,
         -2.4562e-01,  1.7955e-01,  1.6925e-01,  7.5096e-02, -1.5650e-01,
          2.2056e-01],
        [-3.6084e-01, -2.4110e-01, -5.5845e-02, -8.5713e-02,  5.4341e-01,
          4.5217e-01,  1.2882e-01,  2.3328e-01,  5.3371e-02,  1.8151e-01,
          1.5374e-01, -3.8129e-01, -1.2834e-01, -1.2110e-01, -1.5016e-01,
         -1.3599e-01],
        [-1.1248e-01, -1.5156e-01,  1.6244e-01,  1.5816e-01, -5.6340e-01,
         -9.1996e-02, -2.3719e-01, -4.9846e-01, -3.2881e-01, -4.8536e-02,
         -8.6340e-02,  5.0700e-01,  2.3313e-01, -2.6518e-02,  2.5147e-01,
          1.6228e-02],
        [ 3.0598e-01,  2.1764e-01,  1.9350e-01, -3.1672e-01, -5.3444e-01,
         -8.6268e-02, -1.3662e-01, -1.1485e-01, -4.5926e-01, -1.9369e-01,
          1.3082e-01,  3.6576e-01,  4.0880e-01,  2.9987e-01,  2.3208e-02,
         -4.6100e-02],
        [-2.8264e-01,  4.2462e-02, -2.3489e-01,  1.0478e-01,  2.9279e-01,
          3.3484e-01,  3.0978e-01,  3.7087e-01,  2.1795e-01,  2.8340e-01,
         -3.1180e-02, -3.0602e-01, -1.9300e-01, -2.3323e-01,  1.1624e-01,
         -1.5494e-01],
        [ 1.8859e-01,  4.8917e-02,  1.1198e-01, -2.1365e-01, -4.1651e-01,
         -4.1169e-01, -3.0931e-01, -1.0417e-01, -5.0497e-01, -8.7843e-02,
         -6.9937e-02, -8.1518e-03,  2.7527e-01,  2.6565e-01,  2.1672e-01,
          1.3880e-01],
        [ 3.5852e-01,  7.6691e-02,  2.5999e-01, -4.5646e-02, -5.0022e-01,
         -2.8028e-01, -3.9110e-01, -9.6376e-02, -1.4202e-01, -2.7758e-01,
         -1.1588e-01,  3.2738e-01, -1.5253e-02,  1.1893e-01,  2.0646e-01,
          1.7086e-01],
        [-1.6461e-01,  1.0967e-01, -3.4731e-02, -1.1010e-01,  4.4120e-01,
         -1.5532e-04,  3.3252e-01,  4.6461e-01,  2.5007e-01,  6.9463e-02,
         -4.2263e-02, -3.3311e-01, -2.3070e-01, -2.0746e-01,  2.0458e-01,
         -2.3050e-01],
        [-6.7445e-02, -2.8011e-01, -4.5314e-02,  3.4257e-01,  1.6331e-01,
          1.7545e-01,  3.0262e-01,  7.0669e-02,  1.2470e-01,  2.7590e-01,
          3.6060e-01, -3.4180e-01, -2.5812e-01, -3.8100e-01, -2.7142e-01,
          7.6077e-02],
        [ 3.5773e-01, -1.6647e-02,  4.8713e-02, -1.3015e-01, -1.6051e-01,
         -4.3918e-01, -3.2921e-01, -3.2824e-01, -3.3404e-01, -1.6254e-01,
          9.3938e-02,  2.7759e-01, -4.8237e-02,  3.3351e-01,  2.7978e-01,
          2.0474e-01],
        [ 2.4591e-01,  1.5655e-01,  3.3189e-01, -3.3812e-01, -3.7551e-01,
         -1.9628e-01, -2.0119e-01, -3.6776e-01, -4.2818e-01, -3.2278e-01,
         -6.8600e-02,  3.9782e-01,  2.7436e-01,  1.5354e-01, -6.7867e-02,
          9.2615e-03],
        [ 2.0370e-01, -1.7037e-01,  1.6781e-01, -8.0271e-02, -1.3838e-01,
         -3.2490e-01, -1.0868e-02, -3.1622e-01, -4.7938e-01,  4.1035e-02,
          1.0199e-01,  9.5709e-02,  1.3393e-01,  2.6099e-01, -1.3224e-01,
          3.1687e-01],
        [ 2.3130e-02, -2.9675e-02,  7.3108e-02,  1.2604e-01, -3.9509e-01,
         -2.4979e-01, -4.4631e-02, -4.3783e-01, -2.3607e-01, -3.4826e-01,
         -3.2420e-01,  1.7053e-01,  2.1250e-01,  3.1858e-01, -1.8038e-01,
          5.2593e-02],
        [ 2.0933e-01,  1.4357e-01,  2.9192e-01, -3.1301e-01, -3.3424e-01,
         -1.3765e-01, -3.8906e-01, -1.1914e-01, -4.6314e-01,  3.6601e-03,
         -1.0191e-02,  1.4935e-01,  2.5714e-01,  3.0811e-01,  2.9045e-01,
          2.7626e-01],
        [-3.0278e-01,  4.2236e-03,  2.9092e-02,  1.6013e-01,  4.8842e-01,
          7.0635e-02,  4.0053e-01,  2.9448e-01,  3.6216e-02,  1.0562e-01,
          2.5936e-01, -3.4598e-01, -2.6482e-01, -2.0876e-01, -1.9894e-01,
         -8.5163e-02],
        [ 2.9370e-01,  1.1667e-01,  1.3000e-01, -9.5859e-02, -4.6277e-01,
         -3.2891e-01, -1.7436e-01, -4.4710e-01, -9.9819e-02, -1.1407e-01,
          2.7699e-02,  2.0957e-01,  3.3098e-01,  3.2557e-01,  1.6034e-01,
          2.4727e-01],
        [-2.6205e-01,  7.1329e-02, -3.1114e-01,  2.2034e-01,  7.7965e-02,
          1.8355e-01,  3.6150e-01,  3.9783e-01,  4.3006e-01,  2.3467e-01,
          2.1055e-01, -1.4027e-01,  1.3874e-02,  3.7098e-02, -3.4475e-02,
         -2.1037e-01],
        [-2.7386e-01, -1.3027e-01, -3.6028e-02, -1.9921e-02,  3.6823e-01,
          4.3128e-01,  4.1390e-01,  8.5559e-02,  3.1606e-01,  3.2669e-01,
         -1.6190e-01, -8.4317e-02, -3.4896e-01, -2.8693e-01, -1.8255e-01,
         -2.2517e-01],
        [ 3.9681e-02,  1.1736e-01,  2.3999e-01, -3.5611e-03, -1.7335e-01,
         -3.6524e-01, -4.3692e-01, -4.9767e-01, -4.0675e-01, -2.6792e-01,
         -6.7672e-05,  6.7462e-02,  3.0709e-02,  2.7780e-01, -6.6360e-02,
          1.6404e-01]], device='cuda:0', requires_grad=True)

Parameter name: road_linear_0.bias
Shape: torch.Size([32])
Values: Parameter containing:
tensor([-0.0346, -0.0262,  0.1330, -0.0282, -0.0940, -0.1333,  0.0842,  0.1002,
        -0.0133, -0.0946, -0.0325,  0.0455,  0.1782,  0.0950,  0.0013, -0.0217,
        -0.0469, -0.0017,  0.1161,  0.0179, -0.0735, -0.1661, -0.0119, -0.0135,
         0.0348,  0.1902,  0.1375, -0.0120, -0.0576, -0.1598,  0.0186, -0.0438],
       device='cuda:0', requires_grad=True)

Parameter name: road_linear_1.weight
Shape: torch.Size([1, 32])
Values: Parameter containing:
tensor([[-0.2761,  0.3600, -0.2650, -0.3018,  0.3818,  0.4217, -0.3092, -0.4148,
         -0.3404,  0.4064,  0.3070,  0.4147, -0.3187, -0.4304,  0.3440, -0.4105,
         -0.3550,  0.3582, -0.2684, -0.2808,  0.4585,  0.3490, -0.4036, -0.4018,
         -0.3880, -0.3900, -0.3407,  0.4034, -0.3936,  0.4087,  0.3233, -0.2680]],
       device='cuda:0', requires_grad=True)

Parameter name: linear_0.weight
Shape: torch.Size([32, 39])
Values: Parameter containing:
tensor([[-0.0060, -0.0054,  0.0456,  ...,  0.2369, -0.3938, -0.1137],
        [-0.0796, -0.1894,  0.0907,  ...,  0.1473, -0.3784,  0.0871],
        [-0.0465,  0.1740,  0.0702,  ..., -0.0059,  0.3090,  0.0345],
        ...,
        [ 0.0327, -0.1881,  0.0447,  ...,  0.0672, -0.3358, -0.1180],
        [ 0.0424, -0.0535, -0.0203,  ..., -0.3067,  0.1842,  0.1557],
        [-0.2004,  0.0500,  0.0065,  ...,  0.0404, -0.2873, -0.0509]],
       device='cuda:0', requires_grad=True)

Parameter name: linear_0.bias
Shape: torch.Size([32])
Values: Parameter containing:
tensor([ 0.0559,  0.0550, -0.0860, -0.1213, -0.0598,  0.0541, -0.1260,  0.0588,
        -0.0477,  0.0817,  0.0294,  0.0116,  0.0275,  0.0750, -0.0762, -0.0178,
         0.0463, -0.1514, -0.0316, -0.0250, -0.0737,  0.0515,  0.0902, -0.0049,
        -0.0883,  0.0883,  0.0326, -0.0876,  0.0479,  0.1373,  0.1475, -0.1088],
       device='cuda:0', requires_grad=True)

Parameter name: linear_1.weight
Shape: torch.Size([32, 32])
Values: Parameter containing:
tensor([[ 0.0268, -0.1907, -0.0844,  ..., -0.1079, -0.0258,  0.0744],
        [-0.2558, -0.0452,  0.1117,  ..., -0.0398, -0.0040,  0.0622],
        [ 0.1785, -0.0262, -0.1756,  ...,  0.0468, -0.0113,  0.1670],
        ...,
        [ 0.1554,  0.0956,  0.0957,  ...,  0.2178, -0.1999,  0.2379],
        [-0.0749, -0.1700,  0.0798,  ...,  0.0389,  0.2408, -0.1679],
        [-0.0385, -0.1236,  0.2088,  ...,  0.0809,  0.1344, -0.0267]],
       device='cuda:0', requires_grad=True)

Parameter name: linear_1.bias
Shape: torch.Size([32])
Values: Parameter containing:
tensor([ 0.0870,  0.1252, -0.0282, -0.0610, -0.0318, -0.0633, -0.0296, -0.0598,
         0.0981, -0.1412,  0.1370, -0.1253,  0.1546,  0.0607, -0.1343,  0.0922,
        -0.1218, -0.1506,  0.0048, -0.0127,  0.0037,  0.1070, -0.1886,  0.1779,
        -0.0622, -0.0294,  0.0879, -0.0407, -0.1126, -0.0568,  0.1017,  0.0056],
       device='cuda:0', requires_grad=True)

Parameter name: linear_2.weight
Shape: torch.Size([1, 32])
Values: Parameter containing:
tensor([[ 0.6767,  0.6007, -0.6763, -0.6778,  0.5440,  0.5359, -0.5908,  0.5842,
          0.6080, -0.6168, -0.5688,  0.5685,  0.5665,  0.5789,  0.6055,  0.5642,
         -0.6768, -0.6818,  0.5438,  0.5712, -0.6327, -0.6100, -0.6788,  0.5373,
          0.6624,  0.6821, -0.6602,  0.7098, -0.5893, -0.6726,  0.6577,  0.6755]],
       device='cuda:0', requires_grad=True)

Parameter name: linear_2.bias
Shape: torch.Size([1])
Values: Parameter containing:
tensor([0.3830], device='cuda:0', requires_grad=True)

Parameter name: road_linear_0.weight
Shape: torch.Size([32, 16])
Values: Parameter containing:
tensor([[-8.3004e-04, -5.3248e-02,  2.4870e-01, -2.8600e-01, -3.5016e-01,
         -1.0069e-01, -4.4296e-02, -4.8118e-01, -2.6529e-01, -6.9658e-03,
          1.6940e-01,  1.5980e-01, -9.3974e-03, -1.0746e-01, -2.2112e-01,
          3.0082e-01],
        [-2.6544e-01,  2.4865e-02, -7.9118e-02, -8.6791e-03,  8.6716e-02,
          2.2143e-01,  1.5571e-01,  2.2853e-01,  4.9006e-01,  1.1022e-01,
          9.4100e-02, -2.6121e-01,  3.0462e-02, -2.5567e-02,  5.0088e-01,
         -4.2692e-02],
        [ 6.8990e-02, -1.0674e-01,  3.3849e-01, -9.7662e-02, -1.9514e-01,
         -3.1746e-01, -5.0951e-02, -4.7874e-01,  1.4383e-03, -4.0314e-02,
         -5.3445e-02, -8.1852e-02,  3.7555e-01,  3.0718e-01, -9.6208e-02,
          2.3199e-01],
        [ 2.7576e-01, -1.3430e-01,  4.4785e-02, -5.3857e-02, -1.4772e-01,
         -1.4576e-01, -1.1543e-01, -1.5534e-01, -5.0957e-01, -3.5464e-01,
          4.2212e-03,  3.4588e-01,  2.4224e-01, -1.5884e-01, -3.2843e-01,
          9.4135e-02],
        [-8.0430e-02,  4.5970e-01, -1.2215e-01, -4.5098e-02,  2.6774e-01,
          4.2266e-02,  2.2502e-02,  3.7309e-01,  1.9294e-01,  2.6064e-01,
          5.0311e-02, -1.2778e-01,  6.3083e-03, -2.0337e-01,  4.0045e-01,
         -1.0764e-01],
        [ 1.2403e-02,  4.0784e-01, -3.1965e-01,  3.8383e-01,  4.0829e-01,
         -7.3960e-02,  2.4275e-01,  3.4696e-03,  2.8685e-01,  1.8342e-01,
         -1.2450e-01, -5.8836e-02, -1.8661e-01,  1.4368e-01,  4.6989e-01,
         -4.1613e-02],
        [ 3.6297e-01, -8.5921e-02,  3.6822e-01, -1.6691e-01, -1.4075e-01,
         -1.7093e-01, -1.5118e-01, -2.8382e-01, -3.0983e-01,  9.8803e-03,
         -6.3518e-03,  4.0411e-02, -1.1110e-01,  1.4317e-01, -3.8047e-01,
          1.0684e-01],
        [-7.7550e-02,  6.3503e-02,  3.2274e-01, -3.4209e-01, -4.1172e-01,
         -2.7161e-01, -7.8093e-02, -3.0287e-01, -2.2811e-01, -1.9792e-01,
         -3.9125e-02,  1.3154e-02,  2.2428e-01, -1.1643e-01, -1.5966e-01,
          3.2870e-01],
        [ 4.4861e-02, -1.0065e-01,  2.8041e-01, -2.4955e-01, -1.7637e-01,
         -3.3469e-01, -1.7316e-01, -1.8242e-01, -2.8088e-02, -3.0209e-01,
          3.1617e-02,  5.9149e-02, -6.6398e-02,  1.6476e-01, -4.8591e-01,
          7.3660e-02],
        [-2.9936e-01,  2.7909e-01, -7.8298e-02, -9.8225e-03,  1.8914e-01,
          1.3468e-01,  4.8296e-02,  3.0742e-01,  3.4787e-01, -1.4195e-02,
          1.1881e-01, -7.9228e-03, -2.4224e-01, -8.1242e-02,  3.1833e-01,
         -1.7289e-01],
        [-3.5839e-01,  3.1424e-01, -2.9786e-02, -4.6017e-02,  7.2124e-02,
          3.9450e-01,  2.2137e-01,  1.9193e-01,  4.2877e-01,  2.2495e-01,
          5.3596e-03,  1.5313e-02, -1.7010e-01,  1.1811e-01,  1.2974e-01,
         -2.9213e-01],
        [-1.2059e-01,  1.2509e-01,  9.8648e-03,  8.3598e-02,  2.6013e-01,
          1.0170e-01,  3.4854e-01,  2.0554e-01,  2.1006e-01,  3.2286e-01,
          6.6294e-02,  7.8080e-02, -4.0188e-01, -2.0947e-01,  1.7431e-01,
         -1.7124e-01],
        [ 3.2866e-01, -1.2825e-01,  1.0998e-01, -1.4548e-01, -2.4669e-01,
          7.9599e-02, -6.4934e-02, -4.1009e-01, -4.1842e-01, -6.0242e-02,
         -1.0711e-01,  6.7278e-03, -1.0581e-01,  1.4517e-01, -4.3066e-01,
         -3.1002e-02],
        [ 2.1201e-01,  1.2944e-02,  3.4508e-01, -1.1266e-02, -3.9874e-01,
         -3.3024e-03, -3.1141e-02, -1.2607e-01, -2.8108e-01, -1.4984e-01,
         -1.1038e-01,  1.0549e-01,  1.0442e-01,  3.8953e-02, -4.6475e-01,
          2.1199e-01],
        [-3.7511e-01,  4.1638e-02, -3.9715e-02, -4.6628e-02,  4.7748e-01,
          3.9084e-01,  9.7926e-02,  1.8549e-01,  3.0016e-02,  1.6811e-01,
          2.2583e-02, -3.0386e-01, -7.4249e-02, -1.0899e-01,  1.8944e-01,
         -1.3624e-01],
        [-8.3886e-02, -5.6735e-01,  1.0855e-01,  1.1498e-01, -5.2391e-01,
          6.3633e-02, -1.6233e-01, -4.3255e-01, -3.1212e-01,  1.2916e-02,
         -2.8653e-02,  3.5887e-01,  5.4705e-02, -1.1094e-01, -1.4104e-01,
          3.5578e-03],
        [ 3.1835e-01,  2.9266e-02,  1.6811e-01, -3.3969e-01, -4.1960e-01,
         -2.3132e-03, -6.2976e-02, -5.1386e-02, -4.5218e-01, -1.5031e-01,
          1.7370e-01,  2.7819e-01,  3.1063e-01,  2.2385e-01, -2.3641e-01,
         -7.3374e-02],
        [-2.6465e-01,  1.7441e-01, -1.9321e-01,  1.1085e-01,  1.5796e-01,
          2.4622e-01,  2.4384e-01,  2.8175e-01,  1.5217e-01,  2.4110e-01,
         -6.2876e-02, -1.9527e-01, -9.3595e-02, -1.5289e-01,  2.8482e-01,
         -1.2600e-01],
        [ 2.2061e-01, -1.9294e-01,  1.0281e-01, -2.5595e-01, -2.9601e-01,
         -3.4123e-01, -2.6022e-01, -3.4473e-02, -4.6051e-01, -6.9307e-02,
          3.0518e-02, -1.0435e-01,  1.5766e-01,  2.0987e-01, -1.0901e-01,
          1.4622e-01],
        [ 3.6109e-01, -1.7371e-01,  2.2303e-01, -7.1337e-02, -4.2736e-01,
         -2.0498e-01, -3.4203e-01, -4.2502e-02, -1.0349e-01, -2.4210e-01,
          1.1559e-01,  2.2410e-01, -7.2150e-02,  7.3780e-02, -1.4319e-01,
          1.5451e-01],
        [-1.5262e-01,  3.2238e-01, -1.3604e-03, -9.2590e-02,  3.1694e-01,
         -8.3673e-02,  2.7999e-01,  3.7338e-01,  1.8812e-01,  4.1090e-02,
         -1.2485e-01, -2.2900e-01, -1.3820e-01, -1.6856e-01,  4.0865e-01,
         -2.1474e-01],
        [-1.0171e-01,  1.5653e-01, -3.5888e-02,  3.9924e-01,  1.4614e-01,
          1.2384e-01,  2.8226e-01,  6.2540e-02,  1.3308e-01,  2.6850e-01,
          1.8650e-01, -2.9459e-01, -2.2263e-01, -3.8059e-01,  8.7104e-02,
          6.4124e-02],
        [ 3.6083e-01, -2.3545e-01,  2.3115e-02, -1.5722e-01, -7.9108e-02,
         -3.7554e-01, -2.8340e-01, -2.7863e-01, -3.0324e-01, -1.3883e-01,
          2.1706e-01,  1.9972e-01, -9.8583e-02,  2.9026e-01, -1.0553e-03,
          1.9178e-01],
        [ 2.3979e-01,  7.5907e-02,  2.9476e-01, -3.4044e-01, -2.2374e-01,
         -1.1151e-01, -1.2183e-01, -2.9427e-01, -4.0551e-01, -2.6885e-01,
          1.8975e-05,  3.0543e-01,  2.0457e-01,  6.6426e-02, -2.2908e-01,
         -3.6076e-02],
        [ 2.1873e-01, -4.7103e-01,  1.4986e-01, -1.2513e-01, -3.5710e-02,
         -2.2704e-01,  5.4709e-02, -2.2934e-01, -4.3355e-01,  6.9815e-02,
          1.7690e-01, -4.2250e-03,  2.1451e-02,  2.4299e-01, -4.4751e-01,
          3.1429e-01],
        [ 1.7988e-02, -2.8112e-01,  4.4826e-02,  1.0096e-01, -2.8661e-01,
         -1.7381e-01, -1.0993e-02, -3.5585e-01, -1.7782e-01, -3.2936e-01,
         -2.3748e-01,  7.0095e-02,  1.3892e-01,  3.0368e-01, -4.6663e-01,
          4.5836e-02],
        [ 2.0735e-01, -9.8691e-02,  2.5757e-01, -3.3304e-01, -2.5209e-01,
         -7.5997e-02, -3.3867e-01, -7.0314e-02, -4.2026e-01,  3.1476e-02,
          6.8271e-02,  6.3139e-02,  2.0814e-01,  2.3482e-01,  3.4771e-03,
          2.5843e-01],
        [-3.2045e-01,  2.8316e-01,  4.8383e-02,  2.0222e-01,  4.1327e-01,
          3.2847e-03,  3.5239e-01,  2.3519e-01,  2.2695e-03,  8.3875e-02,
          5.3896e-02, -2.5705e-01, -2.0594e-01, -1.7742e-01,  1.1326e-01,
         -8.4349e-02],
        [ 2.8754e-01, -2.8035e-02,  9.6627e-02, -1.1538e-01, -3.5536e-01,
         -2.5667e-01, -1.2251e-01, -3.7437e-01, -5.2095e-02, -7.9868e-02,
          1.2449e-01,  1.1117e-01,  3.2019e-01,  2.8794e-01, -6.5551e-02,
          2.2689e-01],
        [-2.5557e-01,  2.2639e-01, -2.8072e-01,  2.3724e-01, -1.2763e-02,
          1.1474e-01,  3.1146e-01,  3.3631e-01,  3.8970e-01,  2.0749e-01,
          1.3870e-01, -5.7750e-02,  8.5501e-02,  8.7856e-02,  2.1707e-01,
         -1.9211e-01],
        [-2.7231e-01,  1.0775e-01, -2.7480e-03,  3.6325e-03,  2.7965e-01,
          3.5494e-01,  3.6269e-01,  2.6235e-02,  2.7065e-01,  2.9418e-01,
         -2.5545e-01,  1.5232e-02, -2.8404e-01, -2.4390e-01,  1.1552e-01,
         -2.1079e-01],
        [ 3.7601e-02, -1.0540e-01,  2.0001e-01, -2.4064e-02, -7.2068e-02,
         -2.6960e-01, -3.6695e-01, -4.0136e-01, -3.4317e-01, -2.2160e-01,
          1.0659e-01, -6.1750e-02, -9.6246e-02,  1.7492e-01, -3.5734e-01,
          1.4178e-01]], device='cuda:0', requires_grad=True)

Parameter name: road_linear_0.bias
Shape: torch.Size([32])
Values: Parameter containing:
tensor([-0.0804, -0.0229,  0.1473, -0.1179, -0.0610, -0.0367,  0.0628,  0.1551,
        -0.0325, -0.0464,  0.0369,  0.0513,  0.1677,  0.0969, -0.0625,  0.1132,
        -0.1895, -0.0072,  0.0270,  0.0172, -0.0314, -0.1349, -0.0579, -0.0619,
        -0.1886,  0.2867,  0.1188,  0.0119, -0.0790, -0.2282,  0.1432, -0.0262],
       device='cuda:0', requires_grad=True)

Parameter name: road_linear_1.weight
Shape: torch.Size([1, 32])
Values: Parameter containing:
tensor([[-0.3378,  0.4237, -0.3083, -0.3233,  0.4380,  0.4626, -0.3553, -0.4309,
         -0.4046,  0.4847,  0.3297,  0.4593, -0.3860, -0.4925,  0.3872, -0.4571,
         -0.3836,  0.3732, -0.2963, -0.3128,  0.4949,  0.4361, -0.4264, -0.4163,
         -0.4752, -0.4395, -0.3677,  0.4461, -0.3971,  0.4363,  0.3420, -0.2982]],
       device='cuda:0', requires_grad=True)

Parameter name: linear_0.weight
Shape: torch.Size([32, 39])
Values: Parameter containing:
tensor([[-0.0357,  0.1051,  0.0521,  ...,  0.2251, -0.3816, -0.1137],
        [-0.1021, -0.0579,  0.1128,  ...,  0.1583, -0.3670,  0.0871],
        [-0.0092, -0.0292,  0.0229,  ...,  0.0233,  0.2868,  0.0345],
        ...,
        [ 0.0156,  0.0073,  0.0533,  ...,  0.0885, -0.3795, -0.1180],
        [ 0.0790, -0.2022, -0.0490,  ..., -0.3321,  0.1978,  0.1557],
        [-0.1974,  0.1425,  0.0332,  ...,  0.1008, -0.3344, -0.0509]],
       device='cuda:0', requires_grad=True)

Parameter name: linear_0.bias
Shape: torch.Size([32])
Values: Parameter containing:
tensor([ 0.0429,  0.0405, -0.0663, -0.1339, -0.0722,  0.0583, -0.1105,  0.0464,
        -0.0395,  0.0807,  0.0193,  0.0114,  0.0294,  0.0786, -0.0523, -0.0192,
         0.0587, -0.1525,  0.0011,  0.0286, -0.0527,  0.0348,  0.1082,  0.0066,
        -0.0929,  0.1034,  0.0473, -0.0993,  0.0549,  0.1396,  0.1668, -0.1230],
       device='cuda:0', requires_grad=True)

Parameter name: linear_1.weight
Shape: torch.Size([32, 32])
Values: Parameter containing:
tensor([[ 0.0716, -0.1962, -0.1030,  ..., -0.1527, -0.0096,  0.0722],
        [-0.2095, -0.0522,  0.0989,  ..., -0.0852,  0.0138,  0.0469],
        [ 0.1432, -0.0101, -0.1768,  ...,  0.1044, -0.0393,  0.1941],
        ...,
        [ 0.1227,  0.1072,  0.1105,  ...,  0.2737, -0.2322,  0.2473],
        [-0.0091, -0.1665,  0.0570,  ..., -0.0058,  0.2464, -0.1735],
        [-0.0068, -0.1490,  0.2133,  ...,  0.0154,  0.1728, -0.0546]],
       device='cuda:0', requires_grad=True)

Parameter name: linear_1.bias
Shape: torch.Size([32])
Values: Parameter containing:
tensor([ 0.1064,  0.1506, -0.0634, -0.0861,  0.0011, -0.0461, -0.0601, -0.0425,
         0.1264, -0.1714,  0.1318, -0.1157,  0.1751,  0.0873, -0.1205,  0.1307,
        -0.1385, -0.1753, -0.0536, -0.0019, -0.0053,  0.0825, -0.2143,  0.2173,
        -0.0453, -0.0042,  0.0721, -0.0286, -0.1370, -0.0741,  0.1269,  0.0463],
       device='cuda:0', requires_grad=True)

Parameter name: linear_2.weight
Shape: torch.Size([1, 32])
Values: Parameter containing:
tensor([[ 0.6448,  0.5691, -0.6625, -0.6439,  0.5290,  0.5081, -0.5707,  0.5492,
          0.5615, -0.5919, -0.5354,  0.5555,  0.5338,  0.5164,  0.5852,  0.5836,
         -0.6409, -0.6545, -0.5157,  0.5624, -0.6057, -0.5874, -0.6589,  0.4962,
          0.6297,  0.6551, -0.6410,  0.6510, -0.5730, -0.6420,  0.6311,  0.6574]],
       device='cuda:0', requires_grad=True)

Parameter name: linear_2.bias
Shape: torch.Size([1])
Values: Parameter containing:
tensor([0.3792], device='cuda:0', requires_grad=True)

Parameter name: road_linear_0.weight
Shape: torch.Size([32, 16])
Values: Parameter containing:
tensor([[-3.3864e-02,  2.5377e-01,  2.1659e-01, -2.4687e-01, -4.0342e-01,
         -7.4569e-02,  1.1823e-02, -4.9030e-01, -2.8395e-01,  4.1155e-02,
          1.7786e-01,  1.7090e-01, -4.5955e-03, -1.5992e-01, -2.5832e-01,
          2.6636e-01],
        [-2.2810e-01, -2.5662e-01, -3.5754e-02, -5.1796e-02,  1.3194e-01,
          1.9124e-01,  1.1314e-01,  2.1640e-01,  4.8557e-01,  6.0226e-02,
          6.4690e-02, -2.4975e-01,  5.0474e-02,  3.1054e-02,  5.2593e-01,
         -1.9803e-03],
        [ 6.2071e-02,  1.9550e-01,  3.0967e-01, -7.5708e-02, -2.4671e-01,
         -3.2472e-01, -3.8891e-02, -5.2884e-01, -1.7834e-02, -1.0015e-02,
         -1.8708e-02, -6.0536e-02,  4.2770e-01,  2.9294e-01, -1.4951e-01,
          2.2745e-01],
        [ 2.3492e-01, -3.2079e-02,  3.2923e-03, -1.3414e-02, -2.1920e-01,
         -1.1398e-01, -7.1371e-02, -1.4197e-01, -5.2019e-01, -3.0555e-01,
          2.7070e-02,  3.4165e-01,  2.1647e-01, -2.1482e-01, -3.6343e-01,
          4.7548e-02],
        [-7.8394e-02,  1.8021e-01, -1.0211e-01, -6.9160e-02,  3.5861e-01,
          2.7770e-02, -4.1666e-03,  4.1023e-01,  2.5946e-01,  2.2225e-01,
          7.7003e-02, -1.6021e-01, -1.3760e-02, -1.7215e-01,  4.8681e-01,
         -7.7020e-02],
        [ 1.4614e-02,  2.1246e-01, -3.0391e-01,  3.6227e-01,  4.7954e-01,
         -8.3028e-02,  2.1311e-01,  1.6959e-02,  3.3456e-01,  1.4845e-01,
         -1.1557e-01, -7.9513e-02, -1.9438e-01,  1.8249e-01,  5.6560e-01,
         -1.2505e-02],
        [ 3.3730e-01,  4.2192e-02,  3.3551e-01, -1.3687e-01, -1.9948e-01,
         -1.5894e-01, -1.2630e-01, -2.8888e-01, -3.0886e-01,  4.6177e-02,
          2.7131e-02,  4.3972e-02, -1.0501e-01,  1.0609e-01, -4.2972e-01,
          8.0257e-02],
        [-9.2446e-02,  2.2353e-01,  2.9601e-01, -3.1690e-01, -4.3921e-01,
         -2.6681e-01, -5.7656e-02, -3.1283e-01, -2.2370e-01, -1.6839e-01,
         -2.2184e-02,  1.4875e-02,  2.3751e-01, -1.4261e-01, -1.9966e-01,
          3.1377e-01],
        [ 2.7201e-02,  2.5055e-01,  2.4624e-01, -2.2057e-01, -2.1400e-01,
         -3.2221e-01, -1.4695e-01, -1.9134e-01, -3.7451e-02, -2.6272e-01,
          5.8785e-02,  6.8104e-02, -5.5017e-02,  1.2749e-01, -5.2719e-01,
          4.8626e-02],
        [-2.8145e-01, -2.6737e-02, -4.6652e-02, -4.3252e-02,  2.5553e-01,
          1.1523e-01,  1.6588e-02,  3.2385e-01,  3.7677e-01, -5.7353e-02,
          1.1661e-01, -1.6676e-02, -2.4455e-01, -3.6882e-02,  3.7702e-01,
         -1.3989e-01],
        [-3.4218e-01,  1.2737e-01, -2.7152e-03, -6.8555e-02,  1.4580e-01,
          3.8421e-01,  1.9672e-01,  2.1323e-01,  4.5587e-01,  1.9057e-01,
         -3.8213e-02, -2.9017e-03, -1.8030e-01,  1.4869e-01,  1.9655e-01,
         -2.6661e-01],
        [-1.0517e-01, -8.5505e-02,  4.0260e-02,  5.6932e-02,  3.1024e-01,
          8.5171e-02,  3.2806e-01,  2.2298e-01,  2.2654e-01,  2.8754e-01,
          6.1305e-02,  6.6406e-02, -4.0379e-01, -1.8337e-01,  2.2119e-01,
         -1.4629e-01],
        [ 2.9921e-01,  1.3832e-01,  7.7520e-02, -1.0788e-01, -3.2586e-01,
          1.0773e-01, -2.1058e-02, -4.2662e-01, -4.5299e-01, -1.2995e-02,
         -9.5426e-02,  1.8079e-02, -9.8703e-02,  1.0001e-01, -4.7602e-01,
         -6.7454e-02],
        [ 1.8609e-01,  2.6761e-01,  3.0934e-01,  2.2019e-02, -4.3190e-01,
          1.6645e-02, -2.8208e-03, -1.2035e-01, -2.7432e-01, -1.0957e-01,
         -8.5426e-02,  9.9699e-02,  9.5788e-02, -3.0861e-03, -4.9286e-01,
          1.8250e-01],
        [-3.5647e-01, -2.4018e-01, -1.0066e-02, -7.4680e-02,  5.1691e-01,
          3.7765e-01,  7.2081e-02,  1.9286e-01,  3.6374e-02,  1.3259e-01,
         -5.9019e-04, -3.0765e-01, -8.0142e-02, -7.5077e-02,  2.2300e-01,
         -1.1323e-01],
        [-2.7186e-01, -1.1023e-01,  9.5386e-02,  1.9298e-01,  2.9898e-01,
          1.0305e-01,  5.3180e-02,  1.5834e-01,  2.8364e-01,  4.0175e-02,
          2.0937e-02,  1.4772e-01, -1.0132e-01, -1.9537e-01,  6.9669e-01,
         -2.3086e-03],
        [ 2.7986e-01,  1.4477e-01,  1.2931e-01, -3.0010e-01, -4.7789e-01,
          2.9699e-02, -2.6052e-02, -2.5937e-02, -4.5169e-01, -1.0442e-01,
          1.7781e-01,  2.6972e-01,  2.7736e-01,  1.7528e-01, -2.4256e-01,
         -1.1579e-01],
        [-2.4931e-01,  1.1189e-01, -1.6824e-01,  8.6389e-02,  2.1965e-01,
          2.4222e-01,  2.2468e-01,  2.9695e-01,  1.6422e-01,  2.1189e-01,
         -8.4975e-02, -2.0535e-01, -1.1056e-01, -1.1764e-01,  3.4400e-01,
         -1.0484e-01],
        [ 2.0097e-01,  2.9740e-02,  7.2050e-02, -2.2704e-01, -3.6444e-01,
         -3.2521e-01, -2.3012e-01, -5.5249e-02, -4.9661e-01, -2.8627e-02,
          5.9844e-02, -8.5497e-02,  1.6641e-01,  1.7152e-01, -1.4707e-01,
          1.1218e-01],
        [ 3.4846e-01,  6.0117e-02,  1.9648e-01, -4.8439e-02, -4.8581e-01,
         -1.8958e-01, -3.1768e-01, -5.8907e-02, -1.3701e-01, -2.0506e-01,
          1.2989e-01,  2.4693e-01, -6.3420e-02,  4.5904e-02, -1.8870e-01,
          1.2546e-01],
        [-1.4642e-01,  1.4160e-01,  1.6132e-02, -1.1520e-01,  3.7100e-01,
         -9.0795e-02,  2.6077e-01,  3.9067e-01,  2.1756e-01,  1.1172e-02,
         -1.0403e-01, -2.4296e-01, -1.5387e-01, -1.4393e-01,  5.0336e-01,
         -1.9420e-01],
        [-8.8760e-02, -2.7043e-01, -5.8603e-03,  3.7200e-01,  1.7757e-01,
          1.1363e-01,  2.5909e-01,  7.3060e-02,  1.4591e-01,  2.3030e-01,
          1.6641e-01, -3.0898e-01, -2.4025e-01, -3.4893e-01,  1.2303e-01,
          8.3818e-02],
        [ 3.5180e-01, -4.2326e-02,  2.2754e-03, -1.3827e-01, -1.3901e-01,
         -3.7095e-01, -2.7233e-01, -2.9640e-01, -3.2404e-01, -1.1252e-01,
          2.2746e-01,  2.1779e-01, -8.1458e-02,  2.6854e-01, -5.1753e-02,
          1.7485e-01],
        [ 2.0000e-01,  9.1227e-02,  2.5605e-01, -3.0240e-01, -2.7992e-01,
         -8.9359e-02, -9.2771e-02, -2.7328e-01, -3.8563e-01, -2.3023e-01,
          2.5744e-02,  2.9109e-01,  1.8973e-01,  2.2896e-02, -2.3908e-01,
         -6.7435e-02],
        [ 2.0768e-01, -1.8143e-01,  1.2627e-01, -9.9590e-02, -1.1258e-01,
         -2.1524e-01,  7.8456e-02, -2.4805e-01, -4.6909e-01,  1.0554e-01,
          2.0542e-01,  1.3785e-02,  3.0481e-02,  2.0812e-01, -5.1649e-01,
          2.8743e-01],
        [ 1.5330e-02, -2.6023e-02,  2.6782e-02,  1.1937e-01, -3.4126e-01,
         -1.7301e-01,  9.6126e-03, -3.8706e-01, -2.0747e-01, -3.0237e-01,
         -2.4087e-01,  8.8287e-02,  1.6715e-01,  2.8257e-01, -5.5252e-01,
          3.3040e-02],
        [ 1.9319e-01,  1.0176e-01,  2.3057e-01, -3.1012e-01, -2.9972e-01,
         -6.5078e-02, -3.2410e-01, -8.3808e-02, -4.3282e-01,  6.3048e-02,
          8.1083e-02,  7.7066e-02,  2.1691e-01,  2.1878e-01, -3.6906e-02,
          2.3978e-01],
        [-3.1172e-01,  2.4719e-02,  7.0326e-02,  1.7882e-01,  4.7525e-01,
         -1.3165e-02,  3.2957e-01,  2.5429e-01,  3.8230e-02,  5.0318e-02,
          6.3656e-02, -2.7789e-01, -2.1010e-01, -1.5472e-01,  1.7395e-01,
         -5.8469e-02],
        [ 2.6861e-01,  9.6094e-02,  6.7863e-02, -9.0300e-02, -4.0199e-01,
         -2.4417e-01, -1.0519e-01, -3.8576e-01, -5.3423e-02, -4.8996e-02,
          1.4056e-01,  1.1648e-01,  3.2523e-01,  2.6465e-01, -1.0586e-01,
          2.0852e-01],
        [-2.4621e-01,  8.2378e-02, -2.6022e-01,  2.1844e-01,  4.4335e-02,
          1.1418e-01,  3.0040e-01,  3.5551e-01,  4.0427e-01,  1.8345e-01,
          1.1386e-01, -7.2758e-02,  6.2153e-02,  1.0639e-01,  2.8384e-01,
         -1.7850e-01],
        [-2.5728e-01, -9.6000e-02,  2.5626e-02, -2.1345e-02,  3.3351e-01,
          3.4424e-01,  3.4162e-01,  4.0308e-02,  2.8931e-01,  2.5932e-01,
         -2.7237e-01,  3.0583e-04, -2.9568e-01, -2.1140e-01,  1.5169e-01,
         -1.8572e-01],
        [ 1.4860e-02,  5.5502e-02,  1.6730e-01,  6.9428e-03, -1.3772e-01,
         -2.5620e-01, -3.3918e-01, -4.3083e-01, -3.6835e-01, -1.8283e-01,
          1.3244e-01, -4.5217e-02, -8.1155e-02,  1.3825e-01, -4.0274e-01,
          1.1295e-01]], device='cuda:0', requires_grad=True)

Parameter name: road_linear_0.bias
Shape: torch.Size([32])
Values: Parameter containing:
tensor([-0.0958,  0.0011,  0.1913, -0.1249, -0.0200,  0.0156,  0.0826,  0.1816,
        -0.0189, -0.0203,  0.0063,  0.0601,  0.1191,  0.0888, -0.0569, -0.0431,
        -0.2178, -0.0163,  0.0223,  0.0073,  0.0040, -0.1416, -0.0504, -0.0501,
        -0.1745,  0.2807,  0.1224,  0.0408, -0.0700, -0.2474,  0.1466, -0.0243],
       device='cuda:0', requires_grad=True)

Parameter name: road_linear_1.weight
Shape: torch.Size([1, 32])
Values: Parameter containing:
tensor([[-0.3446,  0.4282, -0.3122, -0.3422,  0.4877,  0.5046, -0.3665, -0.4323,
         -0.4135,  0.5090,  0.3482,  0.4573, -0.4100, -0.5017,  0.3899,  0.4607,
         -0.3903,  0.3832, -0.3020, -0.3164,  0.5197,  0.4082, -0.4312, -0.4193,
         -0.5323, -0.4609, -0.3680,  0.4559, -0.4038,  0.4432,  0.3452, -0.3061]],
       device='cuda:0', requires_grad=True)

Parameter name: linear_0.weight
Shape: torch.Size([32, 39])
Values: Parameter containing:
tensor([[-0.0066,  0.0921,  0.0749,  ...,  0.1624, -0.3601, -0.1137],
        [-0.1022, -0.0548,  0.1153,  ...,  0.1336, -0.3693,  0.0871],
        [-0.0134, -0.0265,  0.0339,  ...,  0.0230,  0.3171,  0.0345],
        ...,
        [ 0.0150,  0.0145,  0.0519,  ...,  0.0716, -0.4075, -0.1180],
        [ 0.0826, -0.2081, -0.0504,  ..., -0.3075,  0.2176,  0.1557],
        [-0.1839,  0.1443,  0.0371,  ...,  0.0678, -0.3591, -0.0509]],
       device='cuda:0', requires_grad=True)

Parameter name: linear_0.bias
Shape: torch.Size([32])
Values: Parameter containing:
tensor([ 0.0463,  0.0401, -0.0697, -0.1357, -0.0739,  0.0496, -0.1102,  0.0501,
        -0.0411,  0.0788,  0.0248,  0.0119,  0.0241,  0.0759, -0.0505, -0.0211,
         0.0574, -0.1562, -0.0640,  0.0377, -0.0579,  0.0321,  0.1050,  0.0080,
        -0.0879,  0.0524,  0.0436, -0.1172,  0.0551,  0.1429,  0.1667, -0.1280],
       device='cuda:0', requires_grad=True)

Parameter name: linear_1.weight
Shape: torch.Size([32, 32])
Values: Parameter containing:
tensor([[ 0.0400, -0.1955, -0.0917,  ..., -0.1403,  0.0092,  0.0636],
        [-0.2356, -0.0518,  0.1238,  ..., -0.0667,  0.0196,  0.0368],
        [ 0.1610, -0.0116, -0.1879,  ...,  0.0840, -0.0352,  0.1959],
        ...,
        [ 0.1357,  0.0906,  0.1113,  ...,  0.2507, -0.2365,  0.2397],
        [-0.0284, -0.1672,  0.0732,  ...,  0.0226,  0.2410, -0.1809],
        [-0.0209, -0.1378,  0.2122,  ...,  0.0432,  0.1681, -0.0479]],
       device='cuda:0', requires_grad=True)

Parameter name: linear_1.bias
Shape: torch.Size([32])
Values: Parameter containing:
tensor([ 0.1098,  0.1644, -0.0667, -0.0851, -0.0027, -0.0435, -0.0606, -0.0397,
         0.1382, -0.1821,  0.1169, -0.1271,  0.1969,  0.1068, -0.1216,  0.1420,
        -0.1390, -0.1758,  0.0488, -0.0104, -0.0091,  0.0839, -0.2038,  0.2441,
        -0.0409, -0.0053,  0.0709, -0.0264, -0.1383, -0.0703,  0.1354,  0.0406],
       device='cuda:0', requires_grad=True)

Parameter name: linear_2.weight
Shape: torch.Size([1, 32])
Values: Parameter containing:
tensor([[ 0.6988,  0.6299, -0.7080, -0.6807,  0.5704,  0.5805, -0.6162,  0.5888,
          0.5942, -0.6486, -0.5937,  0.5874,  0.5826,  0.5742,  0.6190,  0.6363,
         -0.6824, -0.6932,  0.5443,  0.5995, -0.6539, -0.6348, -0.6953,  0.5339,
          0.6808,  0.6931, -0.6747,  0.6943, -0.6143, -0.6809,  0.6753,  0.6906]],
       device='cuda:0', requires_grad=True)

Parameter name: linear_2.bias
Shape: torch.Size([1])
Values: Parameter containing:
tensor([0.4087], device='cuda:0', requires_grad=True)

