Parameter name: road_linear_0.weight
Shape: torch.Size([32, 16])
Values: Parameter containing:
tensor([[-0.3370,  0.4386, -0.0196,  0.0154,  0.1783,  0.1852,  0.3217, -0.0275,
          0.1926,  0.2767, -0.0280, -0.1692, -0.3256, -0.3792,  0.2463,  0.0388],
        [-0.2820, -0.0282, -0.1284,  0.0335,  0.0343,  0.2668,  0.1967,  0.1783,
          0.4412,  0.1542, -0.0169, -0.2993, -0.0334, -0.0824,  0.3942, -0.1126],
        [ 0.0971, -0.0739,  0.3921, -0.1525, -0.1012, -0.3625, -0.0559, -0.4226,
          0.0187, -0.0872,  0.1274, -0.0350,  0.4292,  0.3369,  0.0694,  0.2830],
        [ 0.2688, -0.2370,  0.0826, -0.0911, -0.0626, -0.2002, -0.1416, -0.0814,
         -0.4122, -0.4045,  0.1019,  0.3672,  0.3097, -0.1139, -0.1858,  0.1576],
        [-0.1124,  0.4025, -0.1828,  0.0063,  0.1990,  0.0867,  0.0573,  0.3261,
          0.1681,  0.3090,  0.0210, -0.1811, -0.0695, -0.2639,  0.2849, -0.1819],
        [ 0.0013,  0.4120, -0.3488,  0.4098,  0.3379, -0.0393,  0.2448, -0.0431,
          0.2418,  0.2128, -0.3493, -0.0780, -0.2425,  0.1335,  0.3445, -0.0796],
        [ 0.3696, -0.0691,  0.4067, -0.2001, -0.0710, -0.2182, -0.1739, -0.2324,
         -0.2592, -0.0275,  0.1384,  0.0693, -0.0437,  0.2289, -0.2877,  0.1595],
        [-0.0587,  0.0674,  0.3585, -0.3694, -0.3523, -0.3096, -0.0846, -0.2671,
         -0.2070, -0.2226,  0.0834,  0.0469,  0.2744, -0.0823, -0.0875,  0.3611],
        [ 0.0688, -0.0068,  0.3326, -0.2916, -0.1149, -0.3672, -0.2017, -0.1284,
         -0.0007, -0.3387,  0.0243,  0.0978, -0.0268,  0.2105, -0.3851,  0.1330],
        [-0.3170,  0.2182, -0.1235,  0.0272,  0.1244,  0.1702,  0.0767,  0.2581,
          0.3086,  0.0211,  0.0189, -0.0432, -0.3006, -0.1226,  0.2057, -0.2351],
        [-0.3685,  0.3898, -0.0730, -0.0047, -0.0141,  0.4336,  0.2433,  0.1277,
          0.3770,  0.2695, -0.1000, -0.0127, -0.2182,  0.0893, -0.0074, -0.3517],
        [-0.1347,  0.1385, -0.0314,  0.1137,  0.1901,  0.1260,  0.3649,  0.1525,
          0.1785,  0.3578,  0.0896,  0.0488, -0.4338, -0.2654,  0.0842, -0.2220],
        [ 0.3612, -0.1184,  0.1890, -0.2165, -0.1617, -0.0011, -0.1143, -0.3486,
         -0.3692, -0.1416,  0.1589,  0.0763,  0.0036,  0.2161, -0.2630,  0.0729],
        [ 0.2291,  0.0680,  0.3854, -0.0445, -0.3528, -0.0361, -0.0607, -0.0869,
         -0.2574, -0.1842,  0.0034,  0.1396,  0.1539,  0.0970, -0.3770,  0.2666],
        [-0.4040, -0.0040, -0.0930, -0.0037,  0.4225,  0.4331,  0.1261,  0.1423,
          0.0134,  0.2054, -0.0969, -0.3497, -0.1294, -0.1562,  0.0759, -0.1937],
        [-0.0274, -0.4069,  0.2388,  0.0198, -0.3612, -0.0419, -0.2121, -0.3246,
         -0.2257, -0.0943,  0.1934,  0.4522,  0.1923,  0.0045,  0.0464,  0.1418],
        [ 0.2982,  0.0309,  0.1889, -0.3576, -0.3445, -0.0478, -0.0729,  0.0149,
         -0.3384, -0.1881,  0.3270,  0.2867,  0.3514,  0.2813, -0.1373, -0.0360],
        [-0.2665,  0.1879, -0.2286,  0.1395,  0.1137,  0.2950,  0.2590,  0.2465,
          0.1005,  0.2780, -0.1762, -0.2234, -0.1521, -0.2013,  0.2377, -0.1584],
        [ 0.2290, -0.1693,  0.1505, -0.3107, -0.2040, -0.3904, -0.2776,  0.0323,
         -0.3882, -0.1296,  0.1842, -0.0708,  0.2155,  0.2687,  0.0406,  0.2015],
        [ 0.3775, -0.1694,  0.2748, -0.1122, -0.3323, -0.2443, -0.3540,  0.0232,
         -0.0511, -0.2877,  0.1176,  0.2609, -0.0344,  0.1299, -0.0021,  0.2114],
        [-0.1652,  0.3212, -0.0340, -0.0651,  0.2771, -0.0508,  0.2941,  0.3546,
          0.1599,  0.0713, -0.2853, -0.2616, -0.2048, -0.2040,  0.3443, -0.2520],
        [-0.1085, -0.0143, -0.0817,  0.4344,  0.0410,  0.1386,  0.2856, -0.0292,
          0.0659,  0.2959,  0.0905, -0.3077, -0.2299, -0.4150, -0.0418,  0.0116],
        [ 0.3667, -0.2185,  0.0550, -0.1799, -0.0016, -0.4044, -0.2867, -0.2224,
         -0.2531, -0.1646,  0.3058,  0.2211, -0.0696,  0.3294,  0.1121,  0.2266],
        [ 0.2274,  0.0152,  0.3253, -0.3672, -0.2039, -0.1715, -0.1508, -0.2533,
         -0.3123, -0.3187,  0.0582,  0.3279,  0.2635,  0.1145, -0.1681,  0.0058],
        [ 0.2155, -0.4243,  0.1745, -0.1450,  0.0497, -0.2501,  0.0470, -0.1638,
         -0.3766,  0.0495,  0.3825,  0.0063,  0.0604,  0.2615, -0.3053,  0.3571],
        [ 0.0608, -0.2625,  0.1028,  0.0486, -0.2602, -0.2159, -0.0438, -0.3429,
         -0.1981, -0.3741, -0.0817,  0.1323,  0.2227,  0.3506, -0.3699,  0.1100],
        [ 0.2090, -0.0546,  0.2896, -0.3530, -0.1682, -0.1035, -0.3401, -0.0143,
         -0.3575,  0.0008,  0.1803,  0.0841,  0.2299,  0.2994,  0.1018,  0.2901],
        [-0.3312,  0.2578,  0.0077,  0.2325,  0.3303,  0.0278,  0.3674,  0.1722,
         -0.0388,  0.1174,  0.0615, -0.2849, -0.2432, -0.2321,  0.0061, -0.1370],
        [ 0.2965, -0.0929,  0.1352, -0.1446, -0.2924, -0.2957, -0.1270, -0.3287,
         -0.0043, -0.1172,  0.1418,  0.1447,  0.3551,  0.3215,  0.0284,  0.2670],
        [-0.2738,  0.2432, -0.3194,  0.2699, -0.0651,  0.1487,  0.3334,  0.3034,
          0.3582,  0.2437,  0.0232, -0.0867,  0.0289,  0.0404,  0.1247, -0.2394],
        [-0.2782,  0.0893, -0.0388,  0.0304,  0.1910,  0.3916,  0.3621, -0.0386,
          0.2137,  0.3268, -0.3704, -0.0120, -0.3158, -0.2835, -0.0040, -0.2458],
        [ 0.0550, -0.0839,  0.2579, -0.0789,  0.0157, -0.3287, -0.3926, -0.3508,
         -0.2835, -0.2848,  0.2302, -0.0135, -0.0180,  0.2672, -0.2643,  0.2068]],
       device='cuda:0', requires_grad=True)

Parameter name: road_linear_0.bias
Shape: torch.Size([32])
Values: Parameter containing:
tensor([-0.1142, -0.0053,  0.0712, -0.0623, -0.0014, -0.0972,  0.0707,  0.1287,
        -0.0355, -0.0299, -0.0048,  0.0708,  0.1362,  0.0661,  0.0260,  0.1020,
        -0.0824,  0.0062,  0.0690,  0.0212, -0.0591, -0.0710, -0.0263, -0.0186,
        -0.0838,  0.1618,  0.1370,  0.0287, -0.0795, -0.1833,  0.0556, -0.0135],
       device='cuda:0', requires_grad=True)

Parameter name: road_linear_1.weight
Shape: torch.Size([1, 32])
Values: Parameter containing:
tensor([[ 0.2527,  0.3357, -0.2573, -0.2729,  0.3338,  0.3843, -0.3090, -0.4100,
         -0.3189,  0.3830,  0.2767,  0.4063, -0.2747, -0.4227,  0.3254, -0.2903,
         -0.3297,  0.3511, -0.2501, -0.2777,  0.4226,  0.3066, -0.3908, -0.4011,
         -0.3557, -0.3603, -0.3428,  0.3741, -0.3697,  0.4092,  0.3094, -0.2533]],
       device='cuda:0', requires_grad=True)

Parameter name: linear_0.weight
Shape: torch.Size([32, 39])
Values: Parameter containing:
tensor([[-0.0633,  0.1391,  0.0917,  ...,  0.1376, -0.2646, -0.1137],
        [-0.1559, -0.0094,  0.1376,  ...,  0.0699, -0.2994,  0.0871],
        [ 0.0469, -0.0683,  0.0208,  ...,  0.0540,  0.2455,  0.0345],
        ...,
        [ 0.1575, -0.1897, -0.0329,  ..., -0.1950,  0.0092, -0.1180],
        [ 0.1369, -0.2483, -0.0784,  ..., -0.2389,  0.1250,  0.1557],
        [-0.2345,  0.1917,  0.0871,  ...,  0.0612, -0.2530, -0.0509]],
       device='cuda:0', requires_grad=True)

Parameter name: linear_0.bias
Shape: torch.Size([32])
Values: Parameter containing:
tensor([ 5.2591e-02,  4.1989e-02, -7.0866e-02, -1.4164e-01, -7.5208e-02,
         6.0646e-02, -1.0117e-01,  4.3418e-02, -4.0136e-02,  5.6677e-02,
         7.4788e-03,  1.3064e-02, -2.4074e-02,  9.0038e-02, -4.4074e-02,
        -7.9569e-06,  4.8195e-02, -1.6007e-01, -3.3111e-02,  7.1003e-02,
        -6.4936e-02,  2.4927e-02,  1.1655e-01,  1.5458e-02, -9.5944e-02,
         1.0875e-01,  5.6838e-02, -1.1900e-01,  3.9356e-02,  1.7546e-01,
         1.7321e-01, -1.1752e-01], device='cuda:0', requires_grad=True)

Parameter name: linear_1.weight
Shape: torch.Size([32, 32])
Values: Parameter containing:
tensor([[ 0.0808, -0.1664, -0.0985,  ...,  0.0627, -0.0346,  0.0541],
        [-0.1962, -0.0177,  0.0997,  ...,  0.1637, -0.0169,  0.0350],
        [ 0.1212, -0.0543, -0.1633,  ..., -0.1554, -0.0006,  0.1929],
        ...,
        [ 0.1194,  0.0756,  0.0929,  ...,  0.0560, -0.2034,  0.2776],
        [ 0.0137, -0.1345,  0.0409,  ...,  0.2535,  0.2131, -0.1674],
        [ 0.0104, -0.1034,  0.2079,  ...,  0.2418,  0.1349, -0.0638]],
       device='cuda:0', requires_grad=True)

Parameter name: linear_1.bias
Shape: torch.Size([32])
Values: Parameter containing:
tensor([ 0.1131,  0.1617, -0.0527, -0.1144,  0.0192, -0.0226, -0.0739, -0.0108,
         0.1561, -0.1646,  0.1133, -0.1118,  0.1963,  0.0674, -0.1195,  0.1424,
        -0.1399, -0.1713,  0.0479,  0.0318, -0.0356,  0.0812, -0.2209,  0.2019,
        -0.0169, -0.0185,  0.0730, -0.0057, -0.1603, -0.0822,  0.1347,  0.0333],
       device='cuda:0', requires_grad=True)

Parameter name: linear_2.weight
Shape: torch.Size([1, 32])
Values: Parameter containing:
tensor([[ 0.3429,  0.2615, -0.3151, -0.3168,  0.1591,  0.1787, -0.2317,  0.1926,
          0.2528, -0.2767, -0.2072,  0.2245,  0.2247,  0.2062,  0.2582,  0.2413,
         -0.3422, -0.3450,  0.1923,  0.1969, -0.2660, -0.2423, -0.3359,  0.2014,
          0.2839,  0.3460, -0.3175,  0.3051, -0.2437, -0.3335,  0.2928,  0.3258]],
       device='cuda:0', requires_grad=True)

Parameter name: linear_2.bias
Shape: torch.Size([1])
Values: Parameter containing:
tensor([0.1430], device='cuda:0', requires_grad=True)

