Parameter name: road_linear_0.weight
Shape: torch.Size([32, 16])
Values: Parameter containing:
tensor([[-9.4315e-02,  3.9948e-01,  5.7237e-02, -8.5880e-02, -1.2772e-01,
         -1.4673e-01,  2.5906e-01, -1.7031e-01,  2.3824e-01,  1.3572e-01,
          2.8966e-01, -2.5810e-01, -5.8718e-02, -2.4675e-01,  1.6126e-02,
          3.3684e-01],
        [-8.2017e-02, -2.6195e-01, -9.3165e-02, -8.8733e-02, -2.5180e-01,
          9.5969e-02, -2.4481e-02, -4.1496e-02,  1.9049e-01, -2.4544e-02,
          2.5717e-01, -1.4611e-01,  2.7759e-01,  1.1852e-01,  6.9061e-02,
          5.0306e-02],
        [-7.3963e-02,  2.6531e-01,  1.9056e-01,  6.5123e-02, -9.9698e-02,
         -3.0520e-01,  2.5275e-01, -2.2750e-01,  5.7459e-01,  2.2068e-01,
          1.1232e-01, -6.2256e-01,  2.1960e-01,  5.8949e-02,  1.9027e-01,
          1.7855e-01],
        [ 1.0377e-02, -2.0938e-01, -1.7140e-02,  2.8977e-02,  1.6179e-01,
          1.2766e-01, -9.2091e-02,  3.9146e-03, -4.3294e-01, -2.2454e-01,
         -1.8097e-01,  4.0751e-01,  5.7992e-02, -2.1651e-01,  1.9750e-02,
         -1.2560e-01],
        [ 3.5988e-02,  1.0639e-01, -1.5641e-01, -1.1679e-01, -7.0748e-02,
         -2.0146e-02, -1.8826e-01,  8.0307e-02, -1.2721e-01,  1.2360e-01,
          2.6953e-01,  3.5277e-02,  2.1376e-01, -2.4128e-02, -7.2375e-03,
         -9.2526e-02],
        [ 7.8022e-02,  9.6961e-02, -3.3531e-01,  3.1433e-01,  1.3213e-01,
         -8.2006e-02, -2.4719e-02, -2.9755e-01, -7.3063e-02,  1.2983e-01,
         -2.0359e-01,  1.6400e-01,  1.9888e-04,  2.7514e-01,  1.2585e-01,
         -2.9278e-02],
        [ 2.3939e-01,  2.5020e-01,  2.8042e-01, -3.7682e-02, -3.0792e-02,
         -1.6888e-01,  9.4577e-02, -3.0603e-02,  1.6913e-01,  2.0031e-01,
          1.7092e-01, -3.6365e-01, -2.2154e-01,  1.7043e-02, -1.9932e-01,
          1.0669e-01],
        [-2.2238e-01,  4.5603e-01,  3.7249e-01, -2.3374e-01, -3.6506e-01,
         -3.9483e-01,  2.7039e-01, -1.9932e-02,  4.7977e-01,  7.6556e-02,
          1.0043e-02, -5.8298e-01,  5.0236e-02, -3.7115e-01,  1.4894e-01,
          3.6479e-01],
        [-9.3594e-02,  4.5456e-01,  2.9850e-01, -1.6664e-01, -5.8539e-02,
         -3.6981e-01,  1.8667e-01,  1.2504e-01,  6.6637e-01, -4.8673e-02,
         -1.0929e-01, -5.0953e-01, -3.2935e-01, -1.1652e-01, -7.1823e-02,
          1.3505e-01],
        [-1.8895e-01, -1.8174e-01, -3.1605e-02, -1.1775e-01, -2.3891e-02,
          1.4308e-01, -2.5607e-01, -3.2428e-02, -2.1901e-01, -1.6131e-01,
          1.9106e-01,  4.4724e-01, -5.4891e-02,  1.2230e-01, -5.8674e-02,
         -1.7606e-01],
        [-1.6030e-01,  1.1925e-01,  5.9101e-02, -1.5136e-01, -3.8479e-02,
          2.8754e-01,  9.2769e-03, -3.2059e-02, -1.0051e-01, -7.4481e-03,
          5.0927e-02,  4.6241e-01,  1.8951e-02,  3.0617e-01, -2.1762e-01,
         -1.8675e-01],
        [-4.8256e-02, -2.6769e-01, -6.7692e-03, -8.7430e-03,  7.4008e-02,
          1.2907e-01,  5.7603e-02, -9.8075e-02, -3.1432e-01,  1.4075e-01,
          2.1385e-01,  4.9535e-01, -1.9312e-01,  2.1493e-02, -1.7108e-01,
         -2.6735e-01],
        [ 1.7626e-01,  1.6762e-01,  3.7905e-02, -4.2257e-02,  4.7573e-02,
          1.6713e-01,  1.6017e-01, -8.7915e-02, -2.8597e-02,  7.5938e-03,
         -5.4334e-02, -2.2320e-01, -2.6336e-01,  4.0511e-02, -2.0716e-02,
         -1.1875e-01],
        [ 1.5529e-01,  5.6706e-01,  3.4908e-01,  1.1098e-01, -2.2487e-01,
         -1.2813e-01,  3.4856e-01,  2.1992e-01,  3.3647e-01,  8.1372e-03,
         -8.6832e-02, -3.5966e-01, -7.1234e-02, -1.6656e-01, -1.3138e-01,
          3.5916e-01],
        [-2.6248e-01, -4.1070e-01,  1.0785e-02, -1.5804e-01,  4.0344e-01,
          4.1023e-01, -2.0808e-01, -9.8182e-02, -5.9960e-01, -2.1987e-02,
         -7.7611e-03,  2.3624e-01,  1.0192e-01,  1.1666e-01, -1.3550e-01,
         -1.4602e-01],
        [-2.1509e-01, -1.1418e-01,  1.2835e-01,  1.8109e-01, -1.1606e-01,
          1.0410e-01,  4.0802e-02, -6.4516e-02,  9.0386e-02,  6.7194e-02,
         -3.5065e-02,  1.8427e-01, -8.0862e-02, -1.8526e-01,  3.2062e-01,
         -2.8511e-02],
        [ 2.0083e-01,  2.3078e-01,  2.1781e-01, -2.8160e-01, -1.2340e-01,
          6.9533e-02,  8.8589e-02,  2.0208e-01, -2.0065e-01, -9.3659e-02,
          1.1154e-01,  2.3495e-01,  1.2729e-01,  1.2979e-01,  9.5912e-02,
         -9.6156e-02],
        [-2.1398e-01, -2.9380e-02, -2.5551e-01,  4.6774e-02, -1.0803e-01,
          2.4667e-01,  7.2773e-02,  5.9419e-02, -2.0992e-02,  1.5392e-01,
         -5.4627e-02, -1.7360e-01,  3.1588e-02, -5.9083e-02,  8.1941e-02,
         -1.6462e-01],
        [ 7.3318e-02,  7.3398e-02,  7.9770e-03, -1.3481e-01, -1.5372e-01,
         -2.7866e-01, -6.8171e-02,  1.8056e-01, -1.4189e-02,  1.2845e-01,
          1.0380e-01, -4.7878e-01,  4.8287e-02,  2.1652e-02,  1.7337e-01,
          1.0111e-01],
        [ 2.5629e-01,  2.2193e-01,  1.1644e-01,  1.0895e-01, -2.7691e-01,
         -2.2554e-01, -2.1224e-02,  2.6015e-01,  4.0281e-01, -3.8301e-02,
          7.1571e-02, -2.0273e-01, -1.9076e-01, -9.4187e-02,  1.1777e-01,
          2.0424e-01],
        [-1.4359e-01, -7.4408e-05, -9.5065e-02, -1.1408e-01,  2.1103e-02,
         -8.4628e-02,  5.9785e-02,  1.2564e-01, -5.9926e-02, -1.1122e-03,
         -6.9700e-02, -1.5780e-01,  7.9608e-02, -2.8124e-02,  8.0039e-02,
         -2.6666e-01],
        [ 6.9146e-02, -4.1465e-01, -1.7537e-01,  4.2945e-01, -7.0726e-02,
          5.3080e-03,  3.1166e-02, -2.0381e-01, -5.2463e-01, -1.9880e-02,
          2.6438e-01,  2.0178e-01,  2.1004e-01,  1.4510e-02, -4.9863e-01,
          2.4623e-02],
        [ 2.6288e-01,  1.5295e-01,  1.2269e-01, -1.3834e-01,  1.8864e-02,
         -4.1868e-01, -1.4144e-02, -3.1741e-02,  3.2949e-01,  5.9460e-02,
          1.2824e-01, -3.0383e-01, -3.7764e-01,  1.9553e-02,  3.9462e-01,
          2.5305e-01],
        [ 1.8316e-01,  2.9471e-01,  4.2206e-01, -3.1907e-01, -8.3833e-02,
         -1.9731e-01,  8.0731e-02, -7.4766e-02,  1.1031e-02, -1.2433e-01,
         -8.9546e-02,  5.3703e-02,  3.7854e-02, -1.2126e-01,  4.0311e-02,
          9.2318e-02],
        [ 7.0159e-02, -1.5884e-01,  9.6659e-02,  8.4550e-03,  3.2154e-01,
         -1.3761e-01,  2.9883e-01,  9.4057e-02, -1.3941e-01,  1.4678e-01,
          1.5091e-01, -1.3682e-01, -1.8176e-01,  1.1564e-01, -5.2568e-02,
          2.3377e-01],
        [-2.9580e-02,  6.2820e-02,  1.1215e-01,  1.8162e-01,  7.9752e-02,
         -1.6077e-01,  2.4751e-01, -6.7791e-02,  4.7200e-02, -2.2599e-01,
         -2.8732e-01,  1.6958e-02, -5.7848e-02,  1.1543e-01, -8.1915e-02,
          8.4200e-02],
        [ 9.2613e-02,  3.0586e-01,  3.2531e-01, -2.6966e-01, -1.1817e-01,
         -1.0820e-01, -7.6808e-02,  1.7547e-01,  9.6291e-02,  2.4964e-01,
          7.7240e-02, -3.2688e-01, -1.1199e-02,  2.3625e-02,  3.4429e-01,
          3.3182e-01],
        [-2.6356e-01, -1.6370e-01,  1.0015e-01,  4.1105e-02,  1.5205e-01,
          5.3931e-02,  4.2035e-03, -1.4807e-01, -4.8549e-01, -3.5333e-02,
          1.8124e-01,  1.2708e-01, -6.8132e-02, -6.2277e-03, -2.0310e-01,
         -1.6345e-01],
        [ 1.7284e-01,  2.5555e-01,  1.8165e-01, -1.1849e-01, -3.7343e-01,
         -2.9337e-01,  1.2693e-01, -1.7808e-01,  5.9482e-01,  1.3575e-01,
          2.7146e-03, -4.2740e-01,  1.0628e-01,  3.4409e-02,  2.8644e-01,
          2.8968e-01],
        [-9.3380e-02, -6.2148e-02, -4.3103e-01,  2.2497e-01, -1.5357e-01,
          1.3616e-01,  8.8179e-02,  1.2272e-01, -1.2282e-01, -2.7967e-02,
          1.8683e-01,  3.1142e-01,  3.2101e-01,  3.4750e-01, -1.8034e-01,
         -2.4152e-01],
        [-1.7774e-01, -1.8727e-01, -5.6306e-04, -1.1369e-01,  1.4067e-02,
          3.2120e-01,  1.3351e-01, -2.5166e-01, -4.8021e-02,  1.7628e-01,
         -1.9772e-01,  2.1535e-01, -1.1014e-01, -1.1151e-01, -2.0532e-01,
         -2.0429e-01],
        [-1.4917e-01, -8.0309e-02,  9.4634e-02,  8.0656e-02,  2.6915e-01,
         -4.0098e-02, -3.3825e-01, -2.3459e-01, -3.6814e-01, -1.5862e-01,
          1.9969e-02,  5.9153e-02, -1.9461e-01,  1.6583e-01, -1.4320e-01,
         -5.6312e-02]], device='cuda:0', requires_grad=True)

Parameter name: road_linear_0.bias
Shape: torch.Size([32])
Values: Parameter containing:
tensor([-0.3676,  0.0395,  0.0162, -0.0710,  0.0790, -0.1552,  0.0550, -0.0132,
        -0.3319,  0.1866,  0.2002,  0.3328,  0.2034, -0.1468,  0.1409,  0.0487,
        -0.0880, -0.0477, -0.0716, -0.3234, -0.1003, -0.1544, -0.1687, -0.1559,
        -0.2397,  0.2641,  0.0089,  0.3240, -0.2929, -0.1678,  0.2245,  0.0648],
       device='cuda:0', requires_grad=True)

Parameter name: road_linear_1.weight
Shape: torch.Size([1, 32])
Values: Parameter containing:
tensor([[-0.5028, -0.3004, -0.6873,  0.5773, -0.0196,  0.1369, -0.4264, -0.7677,
         -0.7005,  0.3972,  0.2814,  0.3414, -0.1239, -0.6147,  0.5926, -0.0370,
          0.3135, -0.2194, -0.3517, -0.4642, -0.1232,  0.3476, -0.2937,  0.0423,
          0.1229,  0.1221, -0.4508,  0.4123, -0.7309,  0.3935,  0.0273,  0.4142]],
       device='cuda:0', requires_grad=True)

Parameter name: linear_0.weight
Shape: torch.Size([32, 39])
Values: Parameter containing:
tensor([[ 2.2693e-01,  8.7890e-02,  1.2554e-01,  ...,  3.6956e-02,
          2.5502e-02, -1.1368e-01],
        [ 1.8445e-01, -1.8470e-01, -5.5980e-04,  ..., -2.5484e-02,
         -6.4514e-02,  8.7102e-02],
        [ 4.9917e-02,  1.5739e-04,  3.9382e-02,  ...,  1.5159e-01,
          6.2910e-03,  3.4476e-02],
        ...,
        [-1.0884e-01, -3.2838e-01, -2.2809e-01,  ..., -1.1473e-01,
         -2.5212e-01, -1.1801e-01],
        [ 1.4731e-01, -1.9076e-01, -6.7476e-02,  ..., -1.3762e-01,
         -9.0229e-02,  1.5567e-01],
        [-3.8104e-01,  2.4341e-01,  2.1357e-01,  ..., -2.8738e-02,
         -1.1603e-01, -5.0854e-02]], device='cuda:0', requires_grad=True)

Parameter name: linear_0.bias
Shape: torch.Size([32])
Values: Parameter containing:
tensor([ 0.2422,  0.1589, -0.1705,  0.0679, -0.1809,  0.1256, -0.2202, -0.1133,
        -0.1979,  0.3384,  0.0324, -0.2187,  0.2768,  0.1405,  0.0312, -0.1399,
         0.2900, -0.0187, -0.1677, -0.1594, -0.2389, -0.1283,  0.0539,  0.2007,
        -0.2697, -0.1062, -0.0906, -0.1138,  0.0498, -0.0247,  0.0816, -0.0602],
       device='cuda:0', requires_grad=True)

Parameter name: linear_1.weight
Shape: torch.Size([32, 32])
Values: Parameter containing:
tensor([[ 0.1516,  0.0277, -0.3191,  ...,  0.1875, -0.3116,  0.1871],
        [ 0.0514,  0.2944, -0.0912,  ...,  0.1749, -0.2114,  0.0076],
        [ 0.0787, -0.2176,  0.0733,  ..., -0.2940,  0.3245,  0.0159],
        ...,
        [-0.0035, -0.1533,  0.3098,  ..., -0.1138,  0.0915,  0.1836],
        [ 0.1214,  0.1176, -0.1666,  ...,  0.4193, -0.0974, -0.0951],
        [ 0.0211,  0.0029, -0.0085,  ...,  0.3921, -0.1840,  0.1247]],
       device='cuda:0', requires_grad=True)

Parameter name: linear_1.bias
Shape: torch.Size([32])
Values: Parameter containing:
tensor([ 0.1170,  0.2169,  0.0256, -0.1162,  0.0746, -0.2053, -0.0526, -0.0821,
         0.3871, -0.1525,  0.1896, -0.3132,  0.0803,  0.2992, -0.1009, -0.0139,
        -0.0059, -0.2387, -0.1725,  0.0696,  0.0980,  0.1945, -0.2586, -0.2598,
        -0.1439, -0.0055,  0.2892, -0.1371, -0.2299, -0.1036,  0.1131, -0.0662],
       device='cuda:0', requires_grad=True)

Parameter name: linear_2.weight
Shape: torch.Size([1, 32])
Values: Parameter containing:
tensor([[-0.1368, -0.1448,  0.0261,  0.0446, -0.1834,  0.3430,  0.1599,  0.0107,
         -0.2315, -0.0760, -0.0593, -0.1090, -0.0490,  0.0481, -0.1091, -0.0174,
          0.0224,  0.0582, -0.2013, -0.1467,  0.0437,  0.1180,  0.1378,  0.2212,
         -0.1009, -0.1475,  0.0284,  0.1267,  0.1364,  0.0729,  0.0233, -0.0527]],
       device='cuda:0', requires_grad=True)

Parameter name: linear_2.bias
Shape: torch.Size([1])
Values: Parameter containing:
tensor([-0.0764], device='cuda:0', requires_grad=True)

Parameter name: road_linear_0.weight
Shape: torch.Size([32, 16])
Values: Parameter containing:
tensor([[-1.6445e-01,  2.9052e-01,  3.2702e-01, -1.8819e-01, -1.0502e-01,
         -8.8743e-02,  2.1031e-01, -2.3708e-01,  4.3860e-01,  6.9938e-02,
         -8.0973e-02,  1.2260e-02, -7.2863e-02, -5.6088e-01,  1.2313e-01,
          2.3028e-01],
        [-3.9974e-02, -1.9660e-01,  3.5331e-01, -2.3630e-01, -2.0101e-01,
         -2.2885e-02,  1.2146e-01,  2.3788e-02,  6.7528e-01, -1.6758e-02,
         -6.2146e-02, -1.1309e-01,  2.3757e-01, -2.7703e-01,  1.8807e-01,
          1.0182e-01],
        [-1.1532e-01,  1.2353e-01,  3.0773e-01,  3.1569e-02,  1.1087e-02,
         -1.9672e-01,  1.5333e-01, -2.9679e-01,  5.8815e-01,  7.8067e-02,
         -1.0001e-01, -2.4483e-01,  2.4041e-01, -6.5499e-02,  1.7528e-01,
          6.7329e-02],
        [ 1.2493e-01, -8.6034e-02, -1.1733e-01,  8.3306e-02,  5.1663e-02,
          2.5407e-02,  4.6457e-03,  6.1777e-02, -4.6605e-01, -6.2858e-03,
          4.0721e-02,  7.6571e-02,  9.1928e-02, -1.6968e-01, -2.0737e-01,
         -4.5122e-02],
        [ 1.4735e-01,  2.3441e-01,  2.6744e-01, -2.5418e-01, -4.2924e-02,
         -2.0559e-01, -2.8096e-02,  1.4922e-01,  4.5582e-01,  9.1569e-02,
         -1.0008e-01,  9.1989e-03,  2.0699e-01, -5.1783e-01,  1.7498e-01,
          1.8357e-02],
        [ 2.5651e-01,  2.6491e-01, -8.7082e-02,  1.0718e-01,  2.1411e-01,
         -2.3576e-01,  1.1549e-01, -7.2391e-02,  4.2067e-01,  2.1848e-02,
         -3.6863e-01,  2.3772e-02, -1.0899e-01,  1.2712e-01,  3.4112e-01,
          1.9881e-01],
        [ 2.0243e-01,  4.7002e-02,  1.9859e-01,  4.3847e-04,  1.3451e-01,
          9.1630e-03, -5.0451e-02, -1.0103e-01, -4.1719e-01,  8.7352e-02,
          2.4799e-01, -6.7794e-02, -2.4908e-01,  2.3426e-01, -1.7101e-01,
         -5.3307e-02],
        [-2.8309e-01,  1.1177e-01,  5.2918e-02, -1.2002e-01, -2.6331e-01,
         -3.4354e-02, -7.0830e-02, -2.5954e-01, -3.7633e-01, -3.6092e-02,
          2.9699e-01, -1.1025e-01,  7.9940e-02, -1.2755e-03, -9.5868e-02,
          8.2999e-02],
        [-2.3812e-01,  1.9725e-01,  5.7214e-02,  5.1967e-02, -2.0831e-02,
         -1.7374e-01, -3.1177e-02, -3.8472e-02,  3.9296e-01, -7.6064e-02,
         -9.5910e-02, -1.1439e-01, -1.8329e-01,  1.8305e-02, -3.4836e-01,
         -1.2821e-01],
        [ 2.0367e-02,  8.3515e-02,  3.1496e-01, -2.4374e-01, -1.4270e-01,
         -1.3843e-01, -6.4662e-03,  8.5992e-02,  5.6447e-01, -1.3613e-01,
         -4.4304e-02,  9.1353e-02, -2.3982e-02, -3.5357e-01, -1.5236e-02,
          1.2365e-02],
        [-3.6967e-02,  8.9068e-02,  2.1543e-01, -3.7231e-01, -1.6468e-01,
          3.5766e-01, -7.1784e-02, -9.4678e-02, -2.5339e-03, -1.5597e-02,
          2.6297e-01,  1.1914e-01, -1.5921e-01,  2.1494e-01, -8.7567e-02,
         -2.2588e-01],
        [ 2.7920e-02,  6.6345e-02,  3.3545e-01, -7.5827e-02,  7.0445e-02,
         -2.1638e-01,  3.5327e-01,  1.0365e-01,  4.8817e-01,  2.9260e-02,
         -1.1015e-01,  3.5101e-01, -1.5211e-01, -4.4261e-01,  1.1182e-01,
          6.1413e-02],
        [ 9.1708e-02,  1.3143e-01, -1.6912e-01,  1.5250e-01,  2.2503e-01,
          1.8645e-01,  1.5103e-01, -6.6696e-02, -6.2398e-01,  9.5108e-02,
          9.6564e-02, -4.7887e-02, -1.5882e-01,  3.4691e-01, -2.4018e-02,
         -1.1638e-01],
        [-4.1427e-02,  7.0966e-02,  2.1188e-02,  1.2960e-01, -1.4906e-01,
          3.5540e-01, -1.1946e-01, -5.5190e-02, -5.4111e-01, -5.8790e-03,
          2.1444e-01, -6.0763e-02, -1.5906e-01,  2.7260e-01, -2.8427e-01,
         -7.0828e-02],
        [-1.0482e-01, -2.2834e-01,  2.5984e-01, -3.3775e-01,  2.3381e-01,
          2.5427e-01, -8.1331e-02, -1.7808e-02, -1.1492e-01, -3.1522e-04,
         -5.2385e-02, -1.8494e-01,  1.0199e-02, -1.5474e-01,  3.1776e-02,
          8.2956e-03],
        [-3.2882e-01, -2.3240e-01, -1.5150e-01,  2.8579e-01, -1.0270e-01,
          2.6187e-01, -5.7088e-02, -1.5952e-01, -4.4235e-01,  1.0373e-01,
          2.6238e-01,  2.6359e-01, -1.0016e-01,  1.1759e-01,  2.2858e-01,
         -1.2851e-01],
        [ 1.2240e-01,  6.7636e-02, -1.6909e-01, -1.4570e-01, -1.7620e-01,
          2.3909e-01, -6.7315e-02,  1.0693e-01, -7.0412e-01,  1.6401e-02,
          4.4796e-01,  1.4417e-01,  1.6758e-01,  5.4014e-01, -6.3152e-02,
         -2.3280e-01],
        [-5.9037e-02,  1.7640e-01,  1.1637e-01, -1.1818e-01, -7.2905e-02,
          7.3818e-02,  2.1312e-01,  1.2770e-01,  5.0453e-01,  6.4219e-02,
         -3.2317e-01, -1.3845e-01, -7.2578e-02, -4.9309e-01,  2.5341e-01,
          5.7224e-03],
        [ 5.2312e-02,  1.5567e-01,  4.5968e-02,  1.8781e-02,  2.1088e-02,
         -4.0939e-01,  6.7380e-02,  2.7086e-01, -2.1591e-02, -3.5828e-03,
         -2.4640e-01, -1.0235e-01,  2.2593e-01,  3.0511e-02,  2.3803e-01,
          1.5335e-01],
        [ 1.0707e-01,  8.5050e-02,  1.9259e-01,  1.8638e-01, -3.5371e-01,
         -1.5601e-01, -8.9678e-02,  1.2985e-01,  5.2306e-01, -7.0734e-02,
         -2.5887e-01,  3.5942e-02, -1.1103e-01, -2.8963e-01,  5.1776e-02,
          1.8962e-02],
        [ 6.0716e-02,  2.0691e-01,  3.9676e-01, -4.4507e-01, -5.0387e-02,
         -1.9603e-01,  1.6622e-01,  1.7326e-01,  6.1195e-01, -1.2717e-01,
         -3.3562e-01, -2.6703e-01, -1.7568e-01, -5.5681e-01,  2.8299e-01,
         -8.8897e-02],
        [ 2.8280e-01, -2.3384e-01,  3.1430e-01,  4.3779e-02, -3.8691e-02,
         -5.5201e-02,  1.3475e-01, -9.8249e-02, -1.1027e-01, -1.5164e-01,
          1.6169e-01, -4.7918e-02, -1.0174e-01, -3.3401e-01, -1.4169e-02,
          3.0424e-01],
        [ 6.8854e-02, -9.1471e-02, -3.8011e-01,  1.5794e-01,  1.9021e-01,
         -2.0696e-01, -1.9546e-01, -9.5608e-02, -6.0787e-01,  2.6864e-02,
          3.3875e-01,  1.4757e-01, -1.6519e-01,  5.7647e-01,  2.3738e-01,
          5.8086e-02],
        [-4.2378e-03,  8.9337e-02, -8.4877e-02, -5.5811e-02, -8.9949e-02,
         -1.1869e-02, -9.2900e-02, -1.7837e-01, -7.5402e-01, -9.0559e-02,
          1.6119e-01,  2.5987e-01,  2.6057e-01,  4.1321e-01, -2.1173e-01,
         -1.2062e-01],
        [ 1.2153e-02, -4.4433e-01, -8.9238e-02, -8.0826e-02,  1.1909e-01,
          1.8041e-01, -1.6423e-02, -1.6929e-01, -5.2043e-01,  2.2302e-01,
          5.7185e-01, -3.4498e-01, -3.5482e-01,  1.9853e-01, -1.6987e-01,
         -3.2248e-02],
        [-1.4335e-01, -1.3791e-01, -3.7861e-01,  3.2628e-01, -3.9220e-02,
          5.5679e-02,  3.8744e-04, -2.2614e-01, -4.9482e-01, -1.3816e-01,
          4.9940e-02, -4.8669e-02,  1.0205e-02,  5.9059e-01, -3.1018e-01,
         -1.2796e-01],
        [ 2.0601e-02,  1.0234e-01, -1.7120e-02, -8.0560e-02, -4.9595e-02,
          8.1761e-02, -2.1992e-01,  2.4651e-02, -6.7568e-01,  1.4397e-01,
          1.7385e-01, -2.2956e-03,  1.0108e-01,  4.2864e-01,  2.1848e-01,
          8.7038e-02],
        [-9.7377e-02,  1.2006e-01,  3.3643e-01, -3.7269e-02,  1.1915e-01,
         -2.4242e-01,  2.8750e-01,  7.6563e-02,  4.7637e-02, -2.6000e-02,
          1.2107e-02, -1.3841e-01, -3.0978e-02, -3.0729e-01, -9.7247e-02,
          1.1578e-01],
        [ 1.2022e-01,  7.6847e-03, -3.1057e-01,  1.3532e-01, -1.0172e-01,
         -6.8643e-02, -4.7440e-02, -2.0819e-01, -2.9115e-01,  2.2746e-02,
          2.0620e-01,  5.5403e-02,  2.3799e-01,  5.6696e-01,  8.1156e-02,
          1.0173e-01],
        [ 1.3674e-01,  2.8263e-02,  9.5078e-02, -1.3502e-01, -1.6062e-01,
          5.9655e-02,  1.1731e-01,  1.5732e-01,  5.9237e-01, -4.3047e-02,
          3.2778e-02, -2.1730e-02,  1.7355e-02, -1.1834e-01,  1.3041e-01,
         -1.0364e-01],
        [-1.6050e-02,  2.1022e-02,  3.1363e-01, -1.6529e-01,  2.8200e-02,
          1.1258e-01,  3.2683e-01, -1.1390e-01,  5.0130e-01,  1.5230e-01,
         -4.1186e-01,  1.2299e-01, -1.0307e-01, -4.4012e-01, -1.5463e-01,
         -1.8504e-02],
        [-5.2833e-02,  1.2324e-03, -2.8849e-02,  4.1980e-02,  3.2858e-01,
         -8.1886e-02, -2.9203e-01, -1.1953e-01, -5.5463e-01, -9.4230e-02,
          2.8432e-01, -1.6746e-01, -2.4113e-01,  4.2534e-01, -1.1782e-01,
          6.4830e-02]], device='cuda:0', requires_grad=True)

Parameter name: road_linear_0.bias
Shape: torch.Size([32])
Values: Parameter containing:
tensor([-0.2418,  0.0029,  0.1496, -0.1859, -0.0155, -0.1631,  0.2050,  0.3111,
        -0.2504, -0.0172,  0.2918,  0.0960,  0.1129,  0.2035,  0.0594,  0.1516,
        -0.0596, -0.0210, -0.1709, -0.2422,  0.1087,  0.0486, -0.0949, -0.1456,
        -0.0086,  0.2601,  0.1791,  0.1295, -0.1892, -0.1495,  0.1000, -0.0064],
       device='cuda:0', requires_grad=True)

Parameter name: road_linear_1.weight
Shape: torch.Size([1, 32])
Values: Parameter containing:
tensor([[ 0.3615,  0.4521,  0.3496, -0.2078,  0.2779,  0.1526, -0.1503, -0.0490,
          0.2900,  0.3003,  0.0421,  0.3966, -0.4049, -0.2317, -0.1665, -0.2447,
         -0.5584,  0.3386, -0.1169,  0.3440,  0.5188,  0.0375, -0.5549, -0.3949,
         -0.2657, -0.3610, -0.4919, -0.0390, -0.1691,  0.2702,  0.4889, -0.4293]],
       device='cuda:0', requires_grad=True)

Parameter name: linear_0.weight
Shape: torch.Size([32, 39])
Values: Parameter containing:
tensor([[ 0.2136,  0.1505,  0.0807,  ...,  0.0370,  0.0485, -0.1137],
        [-0.0751,  0.0272,  0.1734,  ..., -0.0255,  0.1465,  0.0871],
        [-0.0178, -0.0193,  0.0083,  ...,  0.1516, -0.0118,  0.0345],
        ...,
        [-0.0976, -0.3279, -0.2368,  ..., -0.1147, -0.2447, -0.1180],
        [ 0.0271, -0.2358, -0.1308,  ..., -0.1376, -0.1657,  0.1557],
        [-0.2874,  0.3129,  0.2876,  ..., -0.0287, -0.0706, -0.0509]],
       device='cuda:0', requires_grad=True)

Parameter name: linear_0.bias
Shape: torch.Size([32])
Values: Parameter containing:
tensor([ 0.2652,  0.3699, -0.1886,  0.1802, -0.1675,  0.2353, -0.2912, -0.0898,
        -0.1108,  0.3484, -0.1587, -0.2434,  0.2303,  0.1517,  0.0757, -0.2871,
         0.3693,  0.0924, -0.1934, -0.0898, -0.1813, -0.1597,  0.0374,  0.1771,
        -0.2855, -0.0767, -0.0599, -0.0548, -0.1286, -0.0173,  0.0062, -0.0148],
       device='cuda:0', requires_grad=True)

Parameter name: linear_1.weight
Shape: torch.Size([32, 32])
Values: Parameter containing:
tensor([[ 0.1579,  0.0751, -0.3457,  ...,  0.2271, -0.2932,  0.1730],
        [-0.0962,  0.2140, -0.0176,  ...,  0.2929, -0.1804, -0.1193],
        [ 0.1098, -0.2298,  0.1171,  ..., -0.3182,  0.2455,  0.0125],
        ...,
        [ 0.0052, -0.1789,  0.3510,  ..., -0.0878,  0.0638,  0.1329],
        [ 0.0449,  0.0861, -0.2310,  ...,  0.3970, -0.0484,  0.0097],
        [ 0.0011,  0.0135, -0.0745,  ...,  0.4002, -0.0929,  0.1524]],
       device='cuda:0', requires_grad=True)

Parameter name: linear_1.bias
Shape: torch.Size([32])
Values: Parameter containing:
tensor([ 0.1403,  0.1395,  0.0133, -0.1246, -0.0295,  0.1006, -0.2994, -0.0743,
         0.2729, -0.1455,  0.2099,  0.0972,  0.0285,  0.2824, -0.1098, -0.0399,
         0.0143, -0.2472,  0.1462,  0.0837,  0.1063,  0.1991, -0.2483, -0.1727,
        -0.1763,  0.0054,  0.2990, -0.1625, -0.2402, -0.1252,  0.1004, -0.0548],
       device='cuda:0', requires_grad=True)

Parameter name: linear_2.weight
Shape: torch.Size([1, 32])
Values: Parameter containing:
tensor([[-0.1705, -0.1760,  0.1841,  0.0468, -0.1965,  0.1745,  0.2462, -0.0268,
         -0.1672, -0.0621,  0.0421, -0.2528, -0.1168,  0.0817, -0.1351, -0.1077,
          0.1103,  0.0918, -0.0843, -0.1626,  0.1178,  0.1731,  0.1474,  0.0856,
         -0.1787, -0.1861,  0.0928, -0.0086,  0.1506,  0.1087, -0.0613, -0.1390]],
       device='cuda:0', requires_grad=True)

Parameter name: linear_2.bias
Shape: torch.Size([1])
Values: Parameter containing:
tensor([-0.0802], device='cuda:0', requires_grad=True)

Parameter name: road_linear_0.weight
Shape: torch.Size([32, 16])
Values: Parameter containing:
tensor([[ 0.2201,  0.1857,  0.1173, -0.4827, -0.1810,  0.1030,  0.0675, -0.1169,
         -0.0168,  0.3188,  0.4333, -0.2514, -0.2510, -0.4517,  0.0773,  0.3397],
        [ 0.0963,  0.2390, -0.0454, -0.0203, -0.0934, -0.3270,  0.4473,  0.2787,
          0.2967,  0.0604,  0.1496, -0.0274,  0.6114,  0.2884,  0.3893,  0.3998],
        [ 0.2821,  0.1230,  0.0561, -0.2499, -0.1319, -0.0741,  0.0241, -0.1619,
          0.2314,  0.3150,  0.3552, -0.4493,  0.0256, -0.0438,  0.1544,  0.2044],
        [ 0.0104, -0.3939,  0.0600, -0.1697,  0.1192,  0.3402, -0.3314, -0.1292,
         -0.2894, -0.2863,  0.0779, -0.0724, -0.2350, -0.4067, -0.1323, -0.2263],
        [ 0.4380,  0.1838, -0.0245, -0.4496, -0.1198, -0.0348, -0.1316,  0.2708,
         -0.0658,  0.3376,  0.4332, -0.2380,  0.1085, -0.2376,  0.1462,  0.1680],
        [ 0.3299,  0.5607, -0.2525,  0.0929,  0.1715, -0.3383,  0.2325,  0.1403,
          0.1251,  0.1099, -0.0936, -0.0619, -0.0139,  0.3731,  0.4971,  0.5709],
        [ 0.1986,  0.0096,  0.0331,  0.1368, -0.1397,  0.0201, -0.0905, -0.2122,
          0.1054,  0.2632,  0.1329, -0.0239, -0.3220, -0.0715, -0.2634, -0.0812],
        [-0.4460, -0.0874,  0.0927, -0.0286, -0.3250, -0.0130, -0.1785, -0.4002,
          0.0467, -0.1594, -0.0990,  0.0555, -0.0240, -0.3335, -0.2015, -0.1395],
        [-0.5054,  0.0600,  0.0592,  0.2174,  0.1438, -0.1810, -0.0710, -0.0851,
          0.2582, -0.3454, -0.4526,  0.2072, -0.1730,  0.1570, -0.2164, -0.2507],
        [ 0.2497,  0.2448, -0.0095, -0.4491, -0.1412, -0.1017, -0.0033,  0.2512,
          0.0631,  0.0176,  0.4964, -0.0393, -0.1378, -0.0295,  0.1044,  0.1968],
        [-0.4534,  0.3570,  0.2200,  0.0847,  0.1899,  0.0281,  0.3442,  0.0442,
         -0.0203, -0.1611, -0.1682,  0.5161,  0.3130,  0.6298, -0.1233, -0.1467],
        [ 0.4651,  0.1188,  0.1511, -0.3368,  0.0124, -0.1073,  0.3004,  0.1502,
         -0.0323,  0.4439,  0.5932, -0.0732, -0.2507, -0.3049, -0.0274,  0.1496],
        [-0.0565, -0.0528,  0.0650,  0.1860,  0.3546,  0.2273,  0.0717, -0.2755,
         -0.1602, -0.0168, -0.1992, -0.0247, -0.1812,  0.0113, -0.1594, -0.3500],
        [-0.2705, -0.0850,  0.3323,  0.3212, -0.1416,  0.3035, -0.0933, -0.1427,
         -0.0429, -0.1501, -0.3554,  0.0508, -0.0831, -0.1092, -0.3580, -0.1830],
        [ 0.1898, -0.1166,  0.2138, -0.5407,  0.1940,  0.2865, -0.0836,  0.0886,
         -0.1287,  0.3397,  0.5093, -0.5689, -0.0906, -0.2636,  0.0076,  0.1783],
        [-0.4457, -0.3450,  0.1115,  0.3717,  0.1219,  0.2439, -0.1052, -0.3498,
          0.0401,  0.0199, -0.0813,  0.3272, -0.1218, -0.2027,  0.1227, -0.3250],
        [-0.1525, -0.0728,  0.0981,  0.0429, -0.1506,  0.2210, -0.0379, -0.0387,
         -0.1716, -0.1752, -0.0268,  0.3072,  0.2055,  0.1369, -0.1400, -0.3953],
        [ 0.2478,  0.2826, -0.2008, -0.2651, -0.0837,  0.1244,  0.1796,  0.3001,
         -0.0196,  0.3332,  0.2669, -0.3151, -0.1884, -0.2120,  0.2397,  0.1726],
        [ 0.4002, -0.0799, -0.0146, -0.4333, -0.2210, -0.0801, -0.2318,  0.2584,
         -0.1465,  0.3042,  0.3626, -0.5478, -0.1304, -0.1377,  0.1445,  0.1443],
        [ 0.3773,  0.0434, -0.1402, -0.0053, -0.4940, -0.0476, -0.2579,  0.1852,
          0.2275,  0.0500,  0.0412,  0.0538, -0.4193, -0.1884,  0.0969,  0.0553],
        [ 0.4567,  0.2024,  0.0980, -0.6173, -0.0476, -0.0416,  0.0570,  0.3054,
          0.0028,  0.1692,  0.3188, -0.4788, -0.3262, -0.2769,  0.1952,  0.0565],
        [ 0.4804,  0.0278,  0.2517, -0.0409, -0.1359, -0.1439,  0.2677, -0.0136,
         -0.2700,  0.3118,  0.5323, -0.4102, -0.0451, -0.2068, -0.1927,  0.4860],
        [-0.0751, -0.3439, -0.2687,  0.2265, -0.0867, -0.1439, -0.3595, -0.3430,
          0.0686, -0.2268, -0.0091,  0.3677, -0.3370,  0.1190, -0.0675, -0.2582],
        [-0.0276, -0.4901,  0.3874, -0.3423, -0.2265,  0.4186, -0.5500, -0.4920,
         -0.3400, -0.2507, -0.0578,  0.1904, -0.1625, -0.1943, -0.3842, -0.4850],
        [-0.0333, -0.4295, -0.2372,  0.2613, -0.1449,  0.0370,  0.1295, -0.1696,
          0.0108,  0.2071,  0.1552,  0.0193, -0.2383, -0.0406, -0.4283, -0.0672],
        [-0.5402, -0.0396, -0.2173,  0.5291, -0.0099, -0.1628,  0.1544, -0.2792,
          0.0263, -0.4940, -0.5597,  0.2762,  0.1294,  0.3795, -0.1945, -0.2146],
        [-0.0694,  0.1266, -0.1474,  0.0846, -0.3985, -0.0545, -0.2334, -0.0389,
          0.0055,  0.0470, -0.0354,  0.2542,  0.0668,  0.1632, -0.0059, -0.0147],
        [ 0.2539,  0.1322,  0.1498, -0.4215, -0.0190, -0.0738,  0.0482,  0.1347,
         -0.2268,  0.1579,  0.4796, -0.3923, -0.2559, -0.2624, -0.0798,  0.2198],
        [-0.2646, -0.0766, -0.0954,  0.3632, -0.1432, -0.1476, -0.0080, -0.3508,
          0.0924, -0.2651, -0.4455,  0.4005,  0.3651,  0.4463,  0.0333, -0.0754],
        [ 0.1421,  0.2781, -0.1845, -0.1189, -0.3951, -0.0040,  0.2395,  0.3682,
          0.2240,  0.2061,  0.3090, -0.1310,  0.1158,  0.1711,  0.2545,  0.2204],
        [-0.2258,  0.1196,  0.4140, -0.1854,  0.5149,  0.0934,  0.4658, -0.0146,
         -0.0397,  0.0737, -0.2266,  0.0440,  0.0195,  0.0031,  0.0215,  0.0627],
        [-0.0764, -0.0276,  0.4198, -0.1468,  0.5076, -0.0234, -0.4090, -0.1264,
         -0.2016,  0.0072,  0.1583, -0.4903, -0.3289,  0.0112,  0.0489,  0.1867]],
       device='cuda:0', requires_grad=True)

Parameter name: road_linear_0.bias
Shape: torch.Size([32])
Values: Parameter containing:
tensor([-0.0958, -0.3018,  0.3198,  0.1482,  0.0884, -0.2204,  0.2724,  0.3790,
        -0.2499,  0.0331, -0.0963,  0.1277,  0.1376,  0.1876,  0.1224,  0.1685,
        -0.0509,  0.0761,  0.1489, -0.1821,  0.2984,  0.0255,  0.0141,  0.2735,
        -0.1890,  0.1112,  0.0977,  0.2626, -0.2371, -0.1884,  0.1498,  0.2684],
       device='cuda:0', requires_grad=True)

Parameter name: road_linear_1.weight
Shape: torch.Size([1, 32])
Values: Parameter containing:
tensor([[ 0.2166,  0.2694,  0.1470, -0.1762,  0.3155,  0.1660,  0.1058,  0.0525,
         -0.1640,  0.1827, -0.1803,  0.3310, -0.1383, -0.1462,  0.1202, -0.2207,
         -0.0030,  0.2604,  0.2495,  0.2030,  0.3349,  0.1445,  0.0888, -0.2792,
          0.2178, -0.3785,  0.2799,  0.2335, -0.1836,  0.2031, -0.2698, -0.4122]],
       device='cuda:0', requires_grad=True)

Parameter name: linear_0.weight
Shape: torch.Size([32, 39])
Values: Parameter containing:
tensor([[ 0.2101,  0.2251,  0.0732,  ...,  0.0370,  0.0467, -0.1137],
        [-0.0574,  0.0655,  0.1261,  ..., -0.0255,  0.1088,  0.0871],
        [-0.0455,  0.0513,  0.0057,  ...,  0.1516, -0.0282,  0.0345],
        ...,
        [-0.0967, -0.3324, -0.2406,  ..., -0.1147, -0.2462, -0.1180],
        [ 0.0402, -0.1623, -0.1283,  ..., -0.1376, -0.1544,  0.1557],
        [-0.2801,  0.2698,  0.2878,  ..., -0.0287, -0.0645, -0.0509]],
       device='cuda:0', requires_grad=True)

Parameter name: linear_0.bias
Shape: torch.Size([32])
Values: Parameter containing:
tensor([ 0.2634,  0.3322, -0.2050,  0.1602, -0.1473,  0.2408, -0.2695, -0.0913,
        -0.0934,  0.3498, -0.1516, -0.2389,  0.2316,  0.1250,  0.0742, -0.3270,
         0.4041,  0.0904, -0.1880, -0.0932, -0.1581, -0.1621,  0.0770,  0.1748,
        -0.2817, -0.0876,  0.0021, -0.0577, -0.0812, -0.0188,  0.0175, -0.0087],
       device='cuda:0', requires_grad=True)

Parameter name: linear_1.weight
Shape: torch.Size([32, 32])
Values: Parameter containing:
tensor([[ 0.1887,  0.0619, -0.3354,  ...,  0.2344, -0.2929,  0.1608],
        [-0.0584,  0.2253, -0.0187,  ...,  0.3135, -0.1827, -0.1315],
        [ 0.0867, -0.2155,  0.0975,  ..., -0.3236,  0.2445,  0.0213],
        ...,
        [-0.0294, -0.1720,  0.3397,  ..., -0.0999,  0.0648,  0.1532],
        [ 0.0737,  0.0809, -0.2071,  ...,  0.4129, -0.0471, -0.0182],
        [ 0.0139,  0.0015, -0.0429,  ...,  0.4133, -0.0893,  0.1344]],
       device='cuda:0', requires_grad=True)

Parameter name: linear_1.bias
Shape: torch.Size([32])
Values: Parameter containing:
tensor([ 0.1323,  0.1418,  0.0265, -0.1213, -0.0085,  0.1029, -0.3238, -0.0820,
         0.2977, -0.1371,  0.2191,  0.1200,  0.0279,  0.3112, -0.1152, -0.0454,
         0.0162, -0.2391,  0.1386,  0.0777,  0.1082,  0.1988, -0.2469, -0.1740,
        -0.1763, -0.0139,  0.2994, -0.1663, -0.2338, -0.1222,  0.0956, -0.0661],
       device='cuda:0', requires_grad=True)

Parameter name: linear_2.weight
Shape: torch.Size([1, 32])
Values: Parameter containing:
tensor([[-0.1784, -0.2187,  0.1813,  0.0544, -0.2142,  0.1824,  0.2609, -0.0363,
         -0.2016, -0.0572,  0.0390, -0.2598, -0.1213,  0.0710, -0.1475, -0.1036,
          0.1078,  0.0913, -0.0947, -0.1718,  0.1200,  0.1830,  0.1527,  0.1015,
         -0.1801, -0.1997,  0.0921, -0.0040,  0.1602,  0.1122, -0.0584, -0.1322]],
       device='cuda:0', requires_grad=True)

Parameter name: linear_2.bias
Shape: torch.Size([1])
Values: Parameter containing:
tensor([-0.0852], device='cuda:0', requires_grad=True)

Parameter name: road_linear_0.weight
Shape: torch.Size([32, 16])
Values: Parameter containing:
tensor([[ 0.2201,  0.1856,  0.1173, -0.4827, -0.1810,  0.1030,  0.0675, -0.1169,
         -0.0168,  0.3188,  0.4333, -0.2515, -0.2510, -0.4517,  0.0773,  0.3397],
        [ 0.0963,  0.2390, -0.0454, -0.0203, -0.0934, -0.3270,  0.4473,  0.2787,
          0.2967,  0.0604,  0.1496, -0.0274,  0.6114,  0.2884,  0.3893,  0.3998],
        [ 0.2821,  0.1230,  0.0561, -0.2499, -0.1319, -0.0741,  0.0241, -0.1619,
          0.2314,  0.3150,  0.3552, -0.4493,  0.0256, -0.0438,  0.1544,  0.2044],
        [ 0.0104, -0.3939,  0.0600, -0.1697,  0.1192,  0.3402, -0.3314, -0.1292,
         -0.2894, -0.2863,  0.0779, -0.0724, -0.2350, -0.4067, -0.1323, -0.2263],
        [ 0.4380,  0.1838, -0.0245, -0.4496, -0.1198, -0.0348, -0.1316,  0.2708,
         -0.0658,  0.3376,  0.4332, -0.2380,  0.1085, -0.2376,  0.1462,  0.1680],
        [ 0.3299,  0.5607, -0.2525,  0.0929,  0.1715, -0.3383,  0.2325,  0.1403,
          0.1251,  0.1099, -0.0936, -0.0619, -0.0139,  0.3731,  0.4971,  0.5709],
        [ 0.1986,  0.0096,  0.0331,  0.1368, -0.1397,  0.0201, -0.0905, -0.2122,
          0.1054,  0.2632,  0.1329, -0.0239, -0.3220, -0.0715, -0.2634, -0.0812],
        [-0.4460, -0.0874,  0.0927, -0.0286, -0.3250, -0.0130, -0.1785, -0.4002,
          0.0467, -0.1594, -0.0990,  0.0555, -0.0240, -0.3335, -0.2015, -0.1395],
        [-0.5054,  0.0600,  0.0592,  0.2174,  0.1438, -0.1810, -0.0710, -0.0851,
          0.2582, -0.3454, -0.4526,  0.2072, -0.1730,  0.1570, -0.2164, -0.2507],
        [ 0.2497,  0.2448, -0.0095, -0.4491, -0.1412, -0.1017, -0.0033,  0.2512,
          0.0631,  0.0176,  0.4964, -0.0393, -0.1378, -0.0295,  0.1044,  0.1968],
        [-0.4534,  0.3570,  0.2200,  0.0847,  0.1899,  0.0281,  0.3442,  0.0442,
         -0.0203, -0.1611, -0.1682,  0.5161,  0.3130,  0.6298, -0.1233, -0.1467],
        [ 0.4651,  0.1188,  0.1511, -0.3368,  0.0124, -0.1073,  0.3004,  0.1502,
         -0.0323,  0.4439,  0.5932, -0.0732, -0.2507, -0.3049, -0.0274,  0.1496],
        [-0.0565, -0.0528,  0.0650,  0.1860,  0.3546,  0.2273,  0.0717, -0.2755,
         -0.1602, -0.0168, -0.1992, -0.0247, -0.1812,  0.0113, -0.1594, -0.3500],
        [-0.2705, -0.0850,  0.3323,  0.3212, -0.1416,  0.3036, -0.0933, -0.1427,
         -0.0429, -0.1501, -0.3554,  0.0508, -0.0831, -0.1092, -0.3580, -0.1830],
        [ 0.1898, -0.1166,  0.2138, -0.5407,  0.1940,  0.2865, -0.0836,  0.0886,
         -0.1287,  0.3397,  0.5093, -0.5689, -0.0906, -0.2636,  0.0076,  0.1783],
        [-0.4457, -0.3450,  0.1115,  0.3717,  0.1219,  0.2439, -0.1052, -0.3498,
          0.0401,  0.0199, -0.0813,  0.3272, -0.1218, -0.2027,  0.1227, -0.3250],
        [-0.1525, -0.0728,  0.0981,  0.0429, -0.1506,  0.2210, -0.0379, -0.0387,
         -0.1716, -0.1752, -0.0268,  0.3072,  0.2055,  0.1369, -0.1400, -0.3953],
        [ 0.2478,  0.2826, -0.2008, -0.2651, -0.0836,  0.1244,  0.1796,  0.3001,
         -0.0196,  0.3332,  0.2669, -0.3151, -0.1884, -0.2120,  0.2397,  0.1726],
        [ 0.4002, -0.0799, -0.0146, -0.4333, -0.2210, -0.0801, -0.2318,  0.2584,
         -0.1465,  0.3042,  0.3626, -0.5478, -0.1304, -0.1377,  0.1445,  0.1443],
        [ 0.3773,  0.0434, -0.1402, -0.0053, -0.4940, -0.0476, -0.2580,  0.1852,
          0.2275,  0.0500,  0.0412,  0.0538, -0.4193, -0.1884,  0.0969,  0.0553],
        [ 0.4567,  0.2024,  0.0980, -0.6173, -0.0476, -0.0416,  0.0570,  0.3054,
          0.0028,  0.1692,  0.3188, -0.4788, -0.3262, -0.2769,  0.1952,  0.0565],
        [ 0.4804,  0.0278,  0.2517, -0.0409, -0.1359, -0.1439,  0.2677, -0.0136,
         -0.2700,  0.3118,  0.5323, -0.4102, -0.0451, -0.2068, -0.1927,  0.4860],
        [-0.0751, -0.3439, -0.2687,  0.2265, -0.0867, -0.1439, -0.3595, -0.3430,
          0.0686, -0.2268, -0.0091,  0.3677, -0.3370,  0.1190, -0.0675, -0.2582],
        [-0.0276, -0.4901,  0.3874, -0.3423, -0.2265,  0.4186, -0.5500, -0.4920,
         -0.3400, -0.2507, -0.0578,  0.1904, -0.1625, -0.1942, -0.3842, -0.4850],
        [-0.0333, -0.4295, -0.2372,  0.2613, -0.1448,  0.0370,  0.1295, -0.1696,
          0.0108,  0.2071,  0.1552,  0.0193, -0.2383, -0.0406, -0.4283, -0.0672],
        [-0.5402, -0.0396, -0.2173,  0.5291, -0.0099, -0.1628,  0.1544, -0.2792,
          0.0263, -0.4940, -0.5597,  0.2762,  0.1294,  0.3795, -0.1945, -0.2146],
        [-0.0694,  0.1266, -0.1473,  0.0846, -0.3985, -0.0545, -0.2334, -0.0389,
          0.0055,  0.0470, -0.0354,  0.2542,  0.0667,  0.1632, -0.0059, -0.0147],
        [ 0.2539,  0.1322,  0.1498, -0.4215, -0.0190, -0.0738,  0.0482,  0.1347,
         -0.2268,  0.1579,  0.4796, -0.3923, -0.2559, -0.2624, -0.0798,  0.2198],
        [-0.2646, -0.0766, -0.0954,  0.3632, -0.1432, -0.1476, -0.0080, -0.3508,
          0.0924, -0.2651, -0.4455,  0.4005,  0.3651,  0.4463,  0.0333, -0.0754],
        [ 0.1421,  0.2781, -0.1845, -0.1189, -0.3951, -0.0040,  0.2395,  0.3682,
          0.2240,  0.2061,  0.3090, -0.1310,  0.1158,  0.1711,  0.2545,  0.2204],
        [-0.2258,  0.1196,  0.4140, -0.1854,  0.5149,  0.0934,  0.4658, -0.0146,
         -0.0397,  0.0737, -0.2266,  0.0440,  0.0195,  0.0031,  0.0215,  0.0627],
        [-0.0764, -0.0276,  0.4198, -0.1468,  0.5076, -0.0234, -0.4090, -0.1264,
         -0.2016,  0.0072,  0.1583, -0.4903, -0.3289,  0.0112,  0.0489,  0.1867]],
       device='cuda:0', requires_grad=True)

Parameter name: road_linear_0.bias
Shape: torch.Size([32])
Values: Parameter containing:
tensor([-0.0958, -0.3018,  0.3198,  0.1482,  0.0884, -0.2204,  0.2724,  0.3790,
        -0.2499,  0.0331, -0.0963,  0.1277,  0.1376,  0.1876,  0.1224,  0.1684,
        -0.0509,  0.0761,  0.1489, -0.1821,  0.2984,  0.0255,  0.0141,  0.2735,
        -0.1890,  0.1112,  0.0977,  0.2626, -0.2371, -0.1884,  0.1498,  0.2684],
       device='cuda:0', requires_grad=True)

Parameter name: road_linear_1.weight
Shape: torch.Size([1, 32])
Values: Parameter containing:
tensor([[ 0.2166,  0.2694,  0.1470, -0.1762,  0.3155,  0.1660,  0.1059,  0.0525,
         -0.1640,  0.1827, -0.1803,  0.3310, -0.1383, -0.1462,  0.1202, -0.2207,
         -0.0030,  0.2604,  0.2495,  0.2030,  0.3349,  0.1445,  0.0888, -0.2792,
          0.2178, -0.3785,  0.2799,  0.2335, -0.1836,  0.2031, -0.2698, -0.4122]],
       device='cuda:0', requires_grad=True)

Parameter name: linear_0.weight
Shape: torch.Size([32, 39])
Values: Parameter containing:
tensor([[ 0.2101,  0.2251,  0.0732,  ...,  0.0370,  0.0467, -0.1137],
        [-0.0574,  0.0655,  0.1261,  ..., -0.0255,  0.1088,  0.0871],
        [-0.0455,  0.0513,  0.0057,  ...,  0.1516, -0.0282,  0.0345],
        ...,
        [-0.0967, -0.3324, -0.2406,  ..., -0.1147, -0.2462, -0.1180],
        [ 0.0402, -0.1623, -0.1283,  ..., -0.1376, -0.1544,  0.1557],
        [-0.2801,  0.2698,  0.2878,  ..., -0.0287, -0.0645, -0.0509]],
       device='cuda:0', requires_grad=True)

Parameter name: linear_0.bias
Shape: torch.Size([32])
Values: Parameter containing:
tensor([ 0.2634,  0.3322, -0.2050,  0.1602, -0.1473,  0.2408, -0.2695, -0.0913,
        -0.0934,  0.3498, -0.1516, -0.2389,  0.2316,  0.1250,  0.0742, -0.3270,
         0.4041,  0.0904, -0.1880, -0.0932, -0.1581, -0.1621,  0.0770,  0.1748,
        -0.2817, -0.0876,  0.0021, -0.0577, -0.0812, -0.0188,  0.0175, -0.0087],
       device='cuda:0', requires_grad=True)

Parameter name: linear_1.weight
Shape: torch.Size([32, 32])
Values: Parameter containing:
tensor([[ 0.1887,  0.0619, -0.3354,  ...,  0.2344, -0.2929,  0.1608],
        [-0.0584,  0.2253, -0.0187,  ...,  0.3135, -0.1827, -0.1315],
        [ 0.0867, -0.2155,  0.0975,  ..., -0.3236,  0.2445,  0.0213],
        ...,
        [-0.0294, -0.1720,  0.3397,  ..., -0.0999,  0.0648,  0.1532],
        [ 0.0737,  0.0809, -0.2071,  ...,  0.4129, -0.0471, -0.0182],
        [ 0.0139,  0.0015, -0.0429,  ...,  0.4133, -0.0893,  0.1344]],
       device='cuda:0', requires_grad=True)

Parameter name: linear_1.bias
Shape: torch.Size([32])
Values: Parameter containing:
tensor([ 0.1323,  0.1418,  0.0265, -0.1213, -0.0085,  0.1029, -0.3238, -0.0820,
         0.2977, -0.1371,  0.2191,  0.1200,  0.0279,  0.3112, -0.1152, -0.0454,
         0.0162, -0.2391,  0.1386,  0.0777,  0.1082,  0.1988, -0.2469, -0.1740,
        -0.1763, -0.0139,  0.2994, -0.1663, -0.2338, -0.1222,  0.0956, -0.0661],
       device='cuda:0', requires_grad=True)

Parameter name: linear_2.weight
Shape: torch.Size([1, 32])
Values: Parameter containing:
tensor([[-0.1784, -0.2187,  0.1813,  0.0544, -0.2142,  0.1824,  0.2609, -0.0363,
         -0.2016, -0.0572,  0.0390, -0.2598, -0.1213,  0.0710, -0.1475, -0.1036,
          0.1078,  0.0913, -0.0947, -0.1718,  0.1200,  0.1830,  0.1527,  0.1015,
         -0.1801, -0.1997,  0.0921, -0.0040,  0.1602,  0.1122, -0.0584, -0.1322]],
       device='cuda:0', requires_grad=True)

Parameter name: linear_2.bias
Shape: torch.Size([1])
Values: Parameter containing:
tensor([-0.0852], device='cuda:0', requires_grad=True)

