Parameter name: road_linear_0.weight
Shape: torch.Size([32, 16])
Values: Parameter containing:
tensor([[-2.7963e-01,  4.5376e-01,  6.9201e-02, -5.3613e-02,  2.5244e-01,
          1.6223e-01,  3.5701e-01,  5.6629e-02,  2.9578e-01,  1.8513e-01,
          5.5348e-02, -2.1330e-01, -3.8188e-01, -3.1534e-01,  3.4834e-01,
          1.0659e-01],
        [-1.6874e-01, -8.1561e-02, -1.0187e-02, -6.3721e-02,  5.2757e-02,
          2.2539e-01,  1.3651e-01,  2.0005e-01,  4.8089e-01,  3.4465e-02,
          1.3804e-01, -2.7367e-01,  4.9457e-03,  2.8480e-02,  5.0608e-01,
         -7.6760e-04],
        [ 3.6455e-02, -1.1653e-01,  3.0840e-01, -8.8526e-02, -1.9088e-01,
         -3.1620e-01, -9.9587e-02, -5.0714e-01, -9.5624e-02, -4.0483e-03,
          7.6712e-02,  1.7088e-02,  4.9366e-01,  2.7122e-01, -4.1296e-02,
          2.1786e-01],
        [ 1.5569e-01, -2.2660e-01, -3.5986e-02,  3.4752e-03, -1.0546e-01,
         -1.5503e-01, -1.0985e-01, -1.2998e-01, -4.7995e-01, -2.8614e-01,
         -2.2358e-02,  3.6622e-01,  3.0423e-01, -2.2252e-01, -2.8703e-01,
          4.8146e-02],
        [-2.5681e-02,  3.9280e-01, -7.7811e-02, -7.8274e-02,  2.5443e-01,
          5.5993e-02,  5.4195e-02,  3.9494e-01,  2.4524e-01,  2.0224e-01,
          1.3792e-01, -1.9900e-01, -8.8634e-02, -1.7805e-01,  3.8839e-01,
         -9.1347e-02],
        [ 1.3192e-02,  4.3690e-01, -2.8975e-01,  3.6099e-01,  4.2312e-01,
         -4.7272e-02,  3.0949e-01,  4.5140e-02,  3.5043e-01,  1.4633e-01,
         -2.9034e-01, -1.3752e-01, -3.1230e-01,  1.6538e-01,  4.3923e-01,
         -4.1487e-02],
        [ 2.8035e-01, -8.6656e-02,  3.0299e-01, -1.2040e-01, -1.3833e-01,
         -1.7611e-01, -1.8111e-01, -3.0157e-01, -3.5529e-01,  7.5325e-02,
          5.0527e-02,  9.8722e-02, -8.0164e-03,  1.4182e-01, -3.9036e-01,
          7.1427e-02],
        [-1.4634e-01,  4.1736e-02,  2.5726e-01, -2.9096e-01, -4.2691e-01,
         -2.6531e-01, -9.6027e-02, -3.3838e-01, -3.0591e-01, -1.2064e-01,
          4.8746e-03,  7.9825e-02,  3.1378e-01, -1.6742e-01, -1.9116e-01,
          2.7481e-01],
        [-3.1411e-02,  3.3449e-03,  2.2586e-01, -2.0441e-01, -1.7917e-01,
         -3.2213e-01, -1.6340e-01, -1.8306e-01, -8.6465e-02, -2.2913e-01,
         -1.1388e-01,  1.1853e-01, -3.0573e-02,  1.1017e-01, -4.9997e-01,
          3.1696e-02],
        [-2.2124e-01,  1.9061e-01, -1.6330e-02, -5.9475e-02,  1.6921e-01,
          1.3444e-01,  5.0623e-02,  3.1208e-01,  3.8143e-01, -8.7273e-02,
          1.5932e-01, -5.1677e-02, -2.9945e-01, -2.7865e-02,  3.1644e-01,
         -1.3655e-01],
        [-2.8605e-01,  4.1981e-01,  2.2981e-02, -8.0128e-02,  6.7878e-02,
          3.8753e-01,  2.5979e-01,  2.0345e-01,  4.8178e-01,  1.7236e-01,
         -1.9537e-02, -5.1565e-02, -2.6314e-01,  1.7170e-01,  1.0209e-01,
         -2.6882e-01],
        [-3.6273e-02,  1.4286e-01,  7.6030e-02,  2.6697e-02,  2.6359e-01,
          8.1693e-02,  3.4369e-01,  2.1840e-01,  2.7642e-01,  2.4956e-01,
          2.1283e-01,  2.1724e-02, -4.5062e-01, -1.6500e-01,  1.9727e-01,
         -1.2235e-01],
        [ 2.9635e-01, -1.2439e-01,  9.7422e-02, -1.4525e-01, -2.2886e-01,
          2.2365e-02, -1.3847e-01, -4.2730e-01, -4.6259e-01, -4.8944e-02,
          6.4050e-02,  1.1266e-01,  4.7686e-02,  1.4926e-01, -3.6257e-01,
          5.3772e-04],
        [ 1.2577e-01,  9.1645e-02,  2.7240e-01,  4.6424e-02, -3.9433e-01,
          1.6729e-03, -3.2083e-02, -1.3742e-01, -3.3036e-01, -6.9976e-02,
         -1.3351e-01,  1.4330e-01,  1.4976e-01, -4.8391e-03, -4.8137e-01,
          1.6248e-01],
        [-2.9408e-01, -1.9174e-02,  1.9979e-02, -9.3961e-02,  4.7318e-01,
          3.8554e-01,  8.0674e-02,  1.9112e-01,  8.5620e-02,  9.2043e-02,
          3.8768e-02, -3.5717e-01, -1.1685e-01, -4.9429e-02,  1.8688e-01,
         -8.9040e-02],
        [-7.9352e-02, -4.1107e-01,  1.5521e-01,  8.4964e-02, -4.3566e-01,
         -2.8334e-02, -2.4501e-01, -4.1249e-01, -3.2040e-01, -7.6914e-03,
          1.0105e-01,  4.9742e-01,  2.4412e-01, -5.2106e-02, -5.6570e-02,
          8.0039e-02],
        [ 1.8957e-01,  2.4385e-02,  7.7426e-02, -2.6663e-01, -4.0015e-01,
         -1.3420e-03, -5.1356e-02, -4.0753e-02, -4.2047e-01, -7.4394e-02,
          2.1874e-01,  3.0228e-01,  3.6180e-01,  1.7244e-01, -2.3754e-01,
         -1.3677e-01],
        [-1.8683e-01,  2.1903e-01, -1.3051e-01,  6.3453e-02,  1.8349e-01,
          2.4935e-01,  2.8106e-01,  3.1942e-01,  1.8777e-01,  1.7979e-01,
         -1.1952e-01, -2.5415e-01, -1.9556e-01, -1.2468e-01,  3.3614e-01,
         -8.0051e-02],
        [ 1.6180e-01, -2.1112e-01,  6.0476e-02, -2.3868e-01, -2.8957e-01,
         -3.4172e-01, -3.1324e-01, -4.7411e-02, -4.9951e-01, -3.9510e-02,
          1.3124e-01, -2.3111e-02,  2.7124e-01,  1.9011e-01, -6.7453e-02,
          1.2628e-01],
        [ 3.1448e-01, -2.1098e-01,  1.8503e-01, -4.2248e-02, -4.2263e-01,
         -2.0066e-01, -3.9491e-01, -5.9450e-02, -1.5887e-01, -1.9675e-01,
          6.4282e-02,  3.0927e-01,  2.1915e-02,  6.0124e-02, -1.0994e-01,
          1.3798e-01],
        [-1.1545e-01,  3.1818e-01,  4.5756e-02, -1.3398e-01,  3.3955e-01,
         -5.9375e-02,  3.2711e-01,  4.3962e-01,  2.4774e-01, -1.2964e-02,
         -1.8763e-01, -2.9771e-01, -2.5232e-01, -1.4853e-01,  4.3801e-01,
         -1.9031e-01],
        [-3.9554e-02,  2.1772e-03,  3.4221e-03,  3.6336e-01,  1.3735e-01,
          1.0249e-01,  2.8506e-01,  4.8553e-02,  1.7808e-01,  2.0412e-01,
          2.0354e-01, -3.5966e-01, -2.6986e-01, -3.4104e-01,  7.9459e-02,
          8.9555e-02],
        [ 3.0207e-01, -2.6167e-01, -3.1510e-02, -1.1130e-01, -8.8733e-02,
         -3.5668e-01, -3.2510e-01, -3.0255e-01, -3.6073e-01, -7.8204e-02,
          2.5695e-01,  2.6854e-01, -1.3427e-02,  2.5832e-01,  4.0623e-03,
          1.5548e-01],
        [ 1.1749e-01,  1.7966e-04,  2.1115e-01, -2.7617e-01, -2.5465e-01,
         -1.2043e-01, -1.3440e-01, -3.0750e-01, -3.7604e-01, -2.0365e-01,
         -2.2743e-02,  3.3675e-01,  2.7621e-01,  1.1813e-02, -2.6088e-01,
         -9.3284e-02],
        [ 1.3018e-01, -4.3250e-01,  7.5957e-02, -6.6677e-02, -1.5374e-02,
         -2.1186e-01,  4.5499e-02, -2.2874e-01, -4.7296e-01,  1.4835e-01,
          2.7101e-01,  3.4412e-02,  8.6232e-02,  1.7552e-01, -4.1047e-01,
          2.6789e-01],
        [-2.3485e-02, -2.4751e-01, -2.0549e-03,  1.3356e-01, -3.0594e-01,
         -1.8835e-01, -4.3436e-02, -4.1173e-01, -2.6726e-01, -2.6944e-01,
         -1.9729e-01,  1.4564e-01,  2.4131e-01,  2.6723e-01, -4.6812e-01,
          2.2587e-02],
        [ 1.8827e-01, -1.0390e-01,  2.2224e-01, -2.9856e-01, -2.5837e-01,
         -6.4937e-02, -4.0881e-01, -1.0156e-01, -4.7338e-01,  6.9496e-02,
          1.5251e-01,  1.4141e-01,  3.0163e-01,  2.5624e-01, -2.7008e-03,
          2.4429e-01],
        [-2.4761e-01,  2.6594e-01,  1.0878e-01,  1.5197e-01,  4.0847e-01,
         -6.4089e-03,  3.7028e-01,  2.4736e-01,  5.9756e-02,  1.3352e-02,
          1.6755e-01, -3.1868e-01, -2.7827e-01, -1.4749e-01,  1.1594e-01,
         -4.7982e-02],
        [ 1.9791e-01, -1.1588e-01,  3.1080e-02, -6.1766e-02, -3.6342e-01,
         -2.4476e-01, -1.2173e-01, -3.9569e-01, -9.5966e-02, -1.3337e-02,
          5.5793e-02,  1.7230e-01,  3.8420e-01,  2.2436e-01, -7.7421e-02,
          1.7543e-01],
        [-2.4374e-01,  2.8012e-01, -2.4689e-01,  2.1533e-01,  2.2526e-02,
          1.2167e-01,  3.9492e-01,  3.9123e-01,  4.6871e-01,  1.6867e-01,
          6.6680e-02, -1.3986e-01, -4.0786e-02,  8.1549e-02,  2.2599e-01,
         -1.8972e-01],
        [-1.9851e-01,  1.2947e-01,  5.5850e-02, -4.5159e-02,  2.7425e-01,
          3.3817e-01,  3.8418e-01,  3.8440e-02,  3.2001e-01,  2.3360e-01,
         -3.1081e-01, -5.5232e-02, -3.6379e-01, -1.9565e-01,  1.0492e-01,
         -1.6393e-01],
        [-4.1930e-02, -1.0551e-01,  1.5148e-01,  4.4856e-03, -5.1741e-02,
         -2.7949e-01, -3.9342e-01, -4.2034e-01, -3.7443e-01, -1.7829e-01,
          1.4555e-01,  1.2845e-02,  1.2969e-02,  1.7322e-01, -3.6854e-01,
          1.1577e-01]], device='cuda:0', requires_grad=True)

Parameter name: road_linear_0.bias
Shape: torch.Size([32])
Values: Parameter containing:
tensor([-0.1096,  0.0352,  0.0997, -0.0671,  0.0145, -0.0922,  0.0810,  0.1457,
        -0.0389, -0.0048, -0.0251,  0.0662,  0.1250,  0.0473,  0.0315,  0.0817,
        -0.0759, -0.0164,  0.0985,  0.0474, -0.0346, -0.0751,  0.0042, -0.0030,
        -0.0812,  0.1385,  0.1671,  0.0300, -0.0594, -0.1971,  0.0239,  0.0043],
       device='cuda:0', requires_grad=True)

Parameter name: road_linear_1.weight
Shape: torch.Size([1, 32])
Values: Parameter containing:
tensor([[ 0.3048,  0.4133, -0.2686, -0.3163,  0.3918,  0.4267, -0.3405, -0.4320,
         -0.3429,  0.4467,  0.2976,  0.4423, -0.3261, -0.4769,  0.3557, -0.3466,
         -0.3586,  0.3810, -0.2600, -0.2885,  0.4925,  0.3195, -0.3968, -0.4303,
         -0.3902, -0.4286, -0.3573,  0.4169, -0.3894,  0.4414,  0.3163, -0.2838]],
       device='cuda:0', requires_grad=True)

Parameter name: linear_0.weight
Shape: torch.Size([32, 39])
Values: Parameter containing:
tensor([[-0.0447,  0.1198,  0.0748,  ...,  0.1388, -0.2036, -0.1137],
        [-0.1444, -0.0241,  0.1356,  ...,  0.0585, -0.2464,  0.0871],
        [ 0.0341, -0.0530,  0.0261,  ...,  0.0636,  0.1879,  0.0345],
        ...,
        [ 0.1442, -0.1725, -0.0321,  ..., -0.1814, -0.0390, -0.1180],
        [ 0.1246, -0.2328, -0.0759,  ..., -0.2286,  0.0780,  0.1557],
        [-0.2222,  0.1786,  0.0768,  ...,  0.0577, -0.1949, -0.0509]],
       device='cuda:0', requires_grad=True)

Parameter name: linear_0.bias
Shape: torch.Size([32])
Values: Parameter containing:
tensor([ 0.0662,  0.0360, -0.0692, -0.1401, -0.0771,  0.0519, -0.0934,  0.0588,
        -0.0391,  0.0500,  0.0280,  0.0156, -0.0197,  0.0982, -0.0341, -0.0104,
         0.0479, -0.1604, -0.0177,  0.0779, -0.0786,  0.0142,  0.1126,  0.0311,
        -0.1021,  0.1060,  0.0523, -0.1284,  0.0417,  0.1844,  0.1789, -0.1108],
       device='cuda:0', requires_grad=True)

Parameter name: linear_1.weight
Shape: torch.Size([32, 32])
Values: Parameter containing:
tensor([[ 0.0851, -0.1901, -0.0833,  ...,  0.0857, -0.0216,  0.0579],
        [-0.1999, -0.0354,  0.1229,  ...,  0.1822, -0.0063,  0.0296],
        [ 0.1290, -0.0405, -0.1893,  ..., -0.1715, -0.0095,  0.2026],
        ...,
        [ 0.1389,  0.0738,  0.0688,  ...,  0.0523, -0.2027,  0.2997],
        [ 0.0304, -0.1761,  0.0440,  ...,  0.2905,  0.2353, -0.1499],
        [ 0.0091, -0.1192,  0.2269,  ...,  0.2579,  0.1436, -0.0668]],
       device='cuda:0', requires_grad=True)

Parameter name: linear_1.bias
Shape: torch.Size([32])
Values: Parameter containing:
tensor([ 0.1317,  0.1737, -0.0615, -0.1377,  0.0261, -0.0216, -0.0847,  0.0230,
         0.1849, -0.1665,  0.1383, -0.1505,  0.2187,  0.0590, -0.0939,  0.1784,
        -0.0890, -0.1788,  0.0571,  0.0510, -0.0604,  0.0736, -0.2248,  0.2128,
        -0.0054, -0.0582,  0.0864,  0.0101, -0.1770, -0.0772,  0.1676,  0.0448],
       device='cuda:0', requires_grad=True)

Parameter name: linear_2.weight
Shape: torch.Size([1, 32])
Values: Parameter containing:
tensor([[ 0.5684,  0.4890, -0.5442, -0.5398,  0.3888,  0.4058, -0.4605,  0.4050,
          0.4674, -0.5046, -0.4263,  0.4448,  0.4429,  0.4309,  0.4737,  0.4532,
         -0.5612, -0.5706,  0.4207,  0.4222, -0.4881, -0.4707, -0.5663,  0.4286,
          0.5135,  0.5653, -0.5414,  0.5306, -0.4702, -0.5588,  0.5034,  0.5522]],
       device='cuda:0', requires_grad=True)

Parameter name: linear_2.bias
Shape: torch.Size([1])
Values: Parameter containing:
tensor([0.3386], device='cuda:0', requires_grad=True)

