Parameter name: road_linear_0.weight
Shape: torch.Size([32, 16])
Values: Parameter containing:
tensor([[-3.1039e-01,  5.0917e-01,  6.4062e-02, -6.3650e-02,  4.0734e-01,
          2.1252e-01,  4.1548e-01,  1.9024e-01,  3.6250e-01,  1.9295e-01,
          1.3545e-01, -3.3981e-01, -4.0288e-01, -2.6917e-01,  3.7553e-01,
          1.1051e-01],
        [-9.1446e-02, -1.5486e-01,  8.1812e-02, -1.4557e-01,  1.5497e-01,
          2.1222e-01,  3.3536e-02,  3.7818e-01,  7.3177e-01, -5.0618e-02,
          3.0757e-01, -4.7143e-01,  8.8033e-02,  1.3610e-01,  7.1116e-01,
          9.1023e-02],
        [ 1.6858e-01, -2.4906e-01,  3.7188e-01, -1.1206e-01, -4.1235e-01,
         -3.8143e-01, -2.6512e-01, -6.7294e-01, -1.8798e-01, -6.6305e-02,
          9.9680e-02,  1.8255e-01,  6.5625e-01,  2.9297e-01, -1.1290e-01,
          2.7527e-01],
        [ 4.0621e-02, -1.1555e-01, -1.5390e-01,  1.0618e-01, -1.5776e-01,
         -1.2420e-01,  2.0900e-02, -2.7432e-01, -7.1096e-01, -1.7433e-01,
         -2.3047e-01,  5.0677e-01,  1.6341e-01, -3.6472e-01, -4.6384e-01,
         -6.9564e-02],
        [ 9.3304e-02,  2.6924e-01,  3.9120e-02, -1.7766e-01,  2.9671e-01,
          3.2217e-02, -7.1485e-02,  5.2281e-01,  4.5201e-01,  8.8850e-02,
          3.4605e-01, -3.0851e-01,  5.3428e-02, -3.2202e-02,  5.4145e-01,
          2.6103e-02],
        [-1.0308e-01,  5.4529e-01, -3.5415e-01,  3.8940e-01,  6.1144e-01,
          1.5003e-02,  4.5778e-01,  1.9224e-01,  3.9068e-01,  2.0805e-01,
         -2.7962e-01, -2.7464e-01, -4.1003e-01,  1.5768e-01,  4.6020e-01,
         -9.2417e-02],
        [ 1.8471e-01, -3.5660e-02,  1.9933e-01, -3.0120e-02, -2.2083e-01,
         -1.4225e-01, -8.0902e-02, -4.3228e-01, -5.4685e-01,  1.6606e-01,
         -1.3491e-01,  2.3075e-01, -1.0636e-01,  7.9015e-03, -5.1994e-01,
         -2.9366e-02],
        [-2.2048e-01,  4.9120e-02,  1.6356e-01, -2.0615e-01, -5.2056e-01,
         -2.2411e-01, -1.2210e-02, -4.6835e-01, -4.6818e-01, -4.4104e-02,
         -1.5207e-01,  2.2067e-01,  2.4732e-01, -2.8737e-01, -3.1046e-01,
          1.8759e-01],
        [-1.3191e-01,  7.0354e-02,  1.1277e-01, -1.0379e-01, -2.8805e-01,
         -2.8544e-01, -3.9083e-02, -3.5544e-01, -3.4145e-01, -1.2600e-01,
         -3.1277e-01,  3.0950e-01, -1.3863e-01, -2.2587e-02, -6.8988e-01,
         -7.7405e-02],
        [-1.2245e-01,  9.1651e-02,  9.0023e-02, -1.5256e-01,  2.4184e-01,
          1.1086e-01, -6.5590e-02,  4.6855e-01,  6.1938e-01, -1.8561e-01,
          3.5021e-01, -2.0980e-01, -1.8186e-01,  9.9475e-02,  4.9945e-01,
         -3.0878e-02],
        [-2.6182e-01,  4.5723e-01,  7.7138e-02, -1.3709e-01,  1.9322e-01,
          3.7778e-01,  2.3592e-01,  3.4005e-01,  6.0566e-01,  1.3208e-01,
          9.4025e-02, -1.9686e-01, -2.5103e-01,  2.5666e-01,  1.9078e-01,
         -2.1885e-01],
        [ 4.8071e-02,  1.0587e-01,  1.7811e-01, -6.5738e-02,  3.6962e-01,
          4.3954e-02,  2.3950e-01,  3.7532e-01,  4.9113e-01,  1.5949e-01,
          3.9430e-01, -1.4888e-01, -3.6289e-01, -4.0361e-02,  3.5591e-01,
         -2.6431e-02],
        [ 1.8357e-01, -2.7463e-02, -1.4562e-02, -5.0749e-02, -2.8499e-01,
          5.0165e-02, -2.7720e-02, -5.4512e-01, -6.4435e-01,  5.1924e-02,
         -1.3968e-01,  2.1532e-01, -8.1252e-02,  3.3390e-03, -4.8513e-01,
         -1.1178e-01],
        [ 2.2444e-02,  1.8990e-01,  1.6226e-01,  1.4312e-01, -4.7181e-01,
          2.3212e-02,  8.9034e-02, -2.9509e-01, -5.7393e-01,  3.2446e-02,
         -3.3172e-01,  3.0689e-01,  2.9106e-02, -1.3769e-01, -6.6762e-01,
          5.2747e-02],
        [-1.9233e-01, -1.0138e-01,  1.2968e-01, -1.8974e-01,  5.5535e-01,
          3.4816e-01, -3.9889e-02,  3.4565e-01,  3.1805e-01, -8.8397e-03,
          2.3263e-01, -5.2054e-01,  1.7724e-03,  8.1104e-02,  3.5802e-01,
          1.7338e-02],
        [-1.5359e-01, -3.4776e-01,  7.4899e-02,  1.5362e-01, -4.9717e-01,
         -1.5232e-02, -1.7677e-01, -5.1349e-01, -4.3983e-01,  6.0227e-02,
         -6.8144e-02,  5.8853e-01,  1.4409e-01, -1.6725e-01, -1.2517e-01,
          2.1442e-05],
        [ 7.4029e-02,  1.0153e-01, -4.4929e-02, -1.5823e-01, -4.7534e-01,
          3.7165e-02,  7.8921e-02, -1.9289e-01, -6.6046e-01,  3.9092e-02,
          6.5527e-03,  4.5828e-01,  2.3631e-01,  2.3020e-02, -4.0953e-01,
         -2.5623e-01],
        [-2.1594e-01,  2.9297e-01, -1.2266e-01,  3.9912e-02,  3.2202e-01,
          2.6316e-01,  3.2759e-01,  4.4277e-01,  2.4171e-01,  1.8066e-01,
         -5.4990e-02, -3.8030e-01, -2.2589e-01, -7.8250e-02,  3.7513e-01,
         -6.9283e-02],
        [ 2.7523e-01, -3.4565e-01,  9.8126e-02, -2.3817e-01, -5.0201e-01,
         -3.8953e-01, -4.4732e-01, -2.2116e-01, -6.0029e-01, -8.0153e-02,
          1.4481e-01,  1.4925e-01,  4.3169e-01,  1.9101e-01, -1.5604e-01,
          1.6464e-01],
        [ 4.2362e-01, -3.3045e-01,  2.2483e-01, -4.9214e-02, -6.5558e-01,
         -2.5557e-01, -5.3110e-01, -2.3875e-01, -2.5657e-01, -2.3925e-01,
          6.4810e-02,  4.7793e-01,  1.5475e-01,  5.1684e-02, -2.0264e-01,
          1.7485e-01],
        [-4.1325e-02,  2.4693e-01,  1.2050e-01, -1.9794e-01,  3.8001e-01,
         -7.2712e-02,  2.6497e-01,  5.1896e-01,  3.3851e-01, -7.7009e-02,
         -2.2018e-02, -3.5926e-01, -1.4092e-01, -3.6895e-02,  4.7124e-01,
         -1.1227e-01],
        [-5.4488e-03,  3.9713e-02,  7.1413e-02,  2.9398e-01,  3.1517e-01,
          1.0611e-01,  2.4281e-01,  2.2410e-01,  3.7108e-01,  1.4971e-01,
          3.4040e-01, -5.4500e-01, -2.7257e-01, -2.4296e-01,  2.2263e-01,
          1.5097e-01],
        [ 4.0420e-01, -3.8274e-01,  2.5324e-03, -1.1280e-01, -2.9742e-01,
         -3.9845e-01, -4.5132e-01, -4.6551e-01, -4.4772e-01, -1.1653e-01,
          2.6113e-01,  4.2805e-01,  1.2017e-01,  2.5207e-01, -7.5341e-02,
          1.8821e-01],
        [-3.2725e-03,  7.7543e-02,  8.7263e-02, -1.6887e-01, -3.0601e-01,
         -6.9258e-02, -2.6651e-03, -4.3659e-01, -5.7119e-01, -8.9196e-02,
         -2.2700e-01,  4.6209e-01,  1.4512e-01, -1.3921e-01, -4.0853e-01,
         -2.1397e-01],
        [ 2.0115e-02, -3.4437e-01, -3.7873e-02,  3.2725e-02, -8.2180e-02,
         -1.8069e-01,  1.6592e-01, -3.6899e-01, -7.0351e-01,  2.5314e-01,
          6.4379e-02,  1.7233e-01, -4.1756e-02,  3.3425e-02, -5.6890e-01,
          1.5465e-01],
        [-1.5401e-01, -1.0615e-01, -1.2658e-01,  2.3806e-01, -3.1578e-01,
         -1.5824e-01,  8.9906e-02, -5.1319e-01, -4.5609e-01, -1.4746e-01,
         -4.0908e-01,  2.0899e-01,  8.2996e-02,  1.1395e-01, -6.0544e-01,
         -1.0260e-01],
        [ 3.8571e-01, -2.2794e-01,  3.3753e-01, -3.6045e-01, -5.2064e-01,
         -1.6497e-01, -6.4868e-01, -3.0351e-01, -6.1267e-01, -2.5359e-02,
          2.1355e-01,  3.1810e-01,  5.1379e-01,  3.2093e-01, -1.0101e-01,
          3.5178e-01],
        [-1.9987e-01,  2.6458e-01,  1.7846e-01,  8.6004e-02,  5.3232e-01,
         -1.5454e-02,  3.1651e-01,  3.8917e-01,  2.0739e-01, -4.3423e-02,
          3.1202e-01, -4.7005e-01, -2.3117e-01, -4.6931e-02,  2.2452e-01,
          1.7175e-02],
        [ 1.7529e-01, -1.6078e-01, -2.6342e-02, -1.2171e-03, -4.8809e-01,
         -2.2535e-01, -9.1407e-02, -5.3343e-01, -2.2243e-01,  2.8208e-02,
         -5.5535e-02,  3.2377e-01,  3.7415e-01,  1.4081e-01, -1.7450e-01,
          1.2476e-01],
        [-3.4660e-01,  3.8750e-01, -2.9511e-01,  2.3429e-01,  2.1848e-01,
          1.7728e-01,  5.2961e-01,  5.3446e-01,  5.2601e-01,  2.2010e-01,
          7.3960e-02, -2.7913e-01, -1.4446e-01,  8.3303e-02,  2.6562e-01,
         -2.2903e-01],
        [-3.0540e-01,  2.5974e-01,  1.7282e-02, -4.3959e-02,  4.9266e-01,
          3.9030e-01,  5.1333e-01,  2.1578e-01,  4.2790e-01,  2.7112e-01,
         -3.2008e-01, -2.2893e-01, -5.2285e-01, -1.9686e-01,  1.9604e-01,
         -2.0176e-01],
        [-1.3503e-01, -6.2990e-02,  4.5142e-02,  9.8456e-02, -1.2670e-01,
         -2.3227e-01, -2.8816e-01, -5.5437e-01, -5.6419e-01, -8.5492e-02,
         -3.5632e-02,  1.5147e-01, -8.5099e-02,  4.0684e-02, -5.0390e-01,
          1.4411e-02]], device='cuda:0', requires_grad=True)

Parameter name: road_linear_0.bias
Shape: torch.Size([32])
Values: Parameter containing:
tensor([-0.0988,  0.1705,  0.1880, -0.2405,  0.2143, -0.1539, -0.0443,  0.1209,
        -0.1564,  0.1614, -0.0519,  0.1248, -0.0718, -0.1209,  0.1793, -0.0486,
        -0.1968, -0.0709,  0.2025,  0.1230,  0.1091, -0.0874,  0.0932, -0.1300,
        -0.2418, -0.0741,  0.2247,  0.0641, -0.0052, -0.2478, -0.0765, -0.0757],
       device='cuda:0', requires_grad=True)

Parameter name: road_linear_1.weight
Shape: torch.Size([1, 32])
Values: Parameter containing:
tensor([[ 0.5430,  0.7078, -0.4683, -0.6172,  0.6918,  0.6301, -0.6197, -0.6874,
         -0.6401,  0.7430,  0.5408,  0.7204, -0.6290, -0.7902,  0.6469, -0.6194,
         -0.6442,  0.6079, -0.4357, -0.4773,  0.7675,  0.5382, -0.5873, -0.7186,
         -0.6730, -0.7175, -0.5396,  0.6759, -0.6244,  0.6582,  0.4909, -0.5472]],
       device='cuda:0', requires_grad=True)

Parameter name: linear_0.weight
Shape: torch.Size([32, 39])
Values: Parameter containing:
tensor([[-0.0255,  0.1065,  0.0538,  ...,  0.1984, -0.5952, -0.1137],
        [-0.1401, -0.0347,  0.1415,  ...,  0.0526, -0.5233,  0.0871],
        [ 0.0284, -0.0404,  0.0212,  ...,  0.0649,  0.5434,  0.0345],
        ...,
        [ 0.1389, -0.1550, -0.0416,  ..., -0.1689,  0.2387, -0.1180],
        [ 0.1118, -0.2134, -0.0738,  ..., -0.2313,  0.3983,  0.1557],
        [-0.2231,  0.1921,  0.0704,  ...,  0.0839, -0.5190, -0.0509]],
       device='cuda:0', requires_grad=True)

Parameter name: linear_0.bias
Shape: torch.Size([32])
Values: Parameter containing:
tensor([ 0.0863,  0.0265, -0.0604, -0.1337, -0.0860,  0.0441, -0.0830,  0.0703,
        -0.0402,  0.0480,  0.0517,  0.0141, -0.0244,  0.1070, -0.0208, -0.0178,
         0.0554, -0.1664, -0.0007,  0.0939, -0.0963, -0.0055,  0.1198,  0.0594,
        -0.1085,  0.1136,  0.0615, -0.1571,  0.0461,  0.1985,  0.1810, -0.1029],
       device='cuda:0', requires_grad=True)

Parameter name: linear_1.weight
Shape: torch.Size([32, 32])
Values: Parameter containing:
tensor([[ 0.0970, -0.2214,  0.0093,  ...,  0.1130, -0.0025,  0.0703],
        [-0.1873, -0.0639,  0.2102,  ...,  0.2076,  0.0109,  0.0414],
        [ 0.1370, -0.0339, -0.2404,  ..., -0.1747, -0.0120,  0.2182],
        ...,
        [ 0.1457,  0.0878,  0.0216,  ...,  0.0455, -0.2318,  0.3502],
        [ 0.0550, -0.2317,  0.1614,  ...,  0.3395,  0.2755, -0.1213],
        [ 0.0175, -0.1381,  0.2918,  ...,  0.2748,  0.1487, -0.0531]],
       device='cuda:0', requires_grad=True)

Parameter name: linear_1.bias
Shape: torch.Size([32])
Values: Parameter containing:
tensor([ 0.1577,  0.1977, -0.0642, -0.1642,  0.0406, -0.0018, -0.1013,  0.0704,
         0.2236, -0.1739,  0.1361, -0.1478,  0.2507,  0.0710, -0.0556,  0.2240,
         0.0392, -0.1961,  0.0634,  0.0762, -0.0929,  0.0626, -0.2335,  0.2328,
         0.0163, -0.0330,  0.0839,  0.0033, -0.2037, -0.0774,  0.2137,  0.0632],
       device='cuda:0', requires_grad=True)

Parameter name: linear_2.weight
Shape: torch.Size([1, 32])
Values: Parameter containing:
tensor([[ 1.1490,  1.0766, -1.1396, -1.1141,  0.9855,  1.0016, -1.0524,  0.9649,
          1.0317, -1.1060, -1.0162,  1.0142,  1.0159,  1.0293,  1.0382,  1.0113,
         -1.1294, -1.1592,  1.0148,  1.0017, -1.0611, -1.0622, -1.1681,  1.0177,
          1.1044,  1.1378, -1.1391,  1.1190, -1.0547, -1.1587,  1.0602,  1.1357]],
       device='cuda:0', requires_grad=True)

Parameter name: linear_2.bias
Shape: torch.Size([1])
Values: Parameter containing:
tensor([0.8869], device='cuda:0', requires_grad=True)

