Parameter name: road_linear_0.weight
Shape: torch.Size([32, 16])
Values: Parameter containing:
tensor([[-2.6786e-01,  4.7497e-01,  9.5541e-02, -7.7374e-02,  3.5351e-01,
          1.6641e-01,  3.5189e-01,  1.5495e-01,  3.6039e-01,  1.7830e-01,
          1.5639e-01, -3.1854e-01, -3.4882e-01, -2.4777e-01,  3.8418e-01,
          1.3499e-01],
        [-1.0253e-01, -1.4765e-01,  6.0313e-02, -1.2506e-01,  1.1329e-01,
          2.1474e-01,  5.5183e-02,  3.2161e-01,  6.4544e-01, -3.0283e-02,
          2.6858e-01, -4.1352e-01,  8.4904e-02,  1.1936e-01,  6.3483e-01,
          7.0965e-02],
        [ 8.5234e-02, -1.8909e-01,  3.0715e-01, -7.7666e-02, -3.2360e-01,
         -3.1525e-01, -1.4562e-01, -6.2313e-01, -1.8089e-01, -2.7720e-02,
          4.4857e-02,  1.4036e-01,  5.5127e-01,  2.3861e-01, -1.0352e-01,
          2.1919e-01],
        [ 5.9804e-02, -1.3275e-01, -1.2743e-01,  8.1917e-02, -1.2416e-01,
         -1.3093e-01, -5.3210e-03, -2.2200e-01, -6.2389e-01, -2.0033e-01,
         -1.8494e-01,  4.5641e-01,  1.7662e-01, -3.4218e-01, -3.8888e-01,
         -4.4643e-02],
        [ 6.8095e-02,  2.9564e-01,  1.0809e-02, -1.5288e-01,  2.6920e-01,
          3.9139e-02, -4.3550e-02,  4.7625e-01,  3.6597e-01,  1.1889e-01,
          2.9734e-01, -2.6985e-01,  3.3928e-02, -5.8663e-02,  4.7340e-01,
         -1.5506e-03],
        [-3.0114e-02,  4.9850e-01, -2.9334e-01,  3.5648e-01,  5.4745e-01,
         -4.2536e-02,  3.5537e-01,  1.5413e-01,  3.9502e-01,  1.7561e-01,
         -2.3456e-01, -2.5076e-01, -3.2934e-01,  2.0252e-01,  4.7341e-01,
         -4.3771e-02],
        [ 2.0332e-01, -5.0934e-02,  2.2551e-01, -5.4362e-02, -1.9507e-01,
         -1.5183e-01, -1.0235e-01, -3.9362e-01, -4.7440e-01,  1.4032e-01,
         -9.2707e-02,  1.9424e-01, -9.4851e-02,  2.9509e-02, -4.6647e-01,
         -6.3042e-03],
        [-2.1350e-01,  4.8931e-02,  1.8381e-01, -2.2710e-01, -4.9621e-01,
         -2.3460e-01, -2.4893e-02, -4.3347e-01, -4.1321e-01, -6.2119e-02,
         -1.2307e-01,  1.8207e-01,  2.4824e-01, -2.7405e-01, -2.6661e-01,
          2.0307e-01],
        [-1.1270e-01,  5.7943e-02,  1.4157e-01, -1.3040e-01, -2.4970e-01,
         -2.9459e-01, -6.6175e-02, -3.0058e-01, -2.5365e-01, -1.5265e-01,
         -2.6599e-01,  2.5271e-01, -1.2865e-01,  4.3870e-04, -6.1478e-01,
         -5.1656e-02],
        [-1.3892e-01,  1.0596e-01,  6.5395e-02, -1.2983e-01,  2.0810e-01,
          1.1735e-01, -4.1682e-02,  4.1710e-01,  5.3514e-01, -1.6181e-01,
          3.0804e-01, -1.5970e-01, -1.9234e-01,  7.9217e-02,  4.2666e-01,
         -5.3621e-02],
        [-2.3946e-01,  4.3202e-01,  8.1887e-02, -1.3257e-01,  1.5527e-01,
          3.6336e-01,  2.0923e-01,  3.0636e-01,  5.8314e-01,  1.3063e-01,
          9.5286e-02, -1.6222e-01, -2.1761e-01,  2.6418e-01,  1.7285e-01,
         -2.1172e-01],
        [ 3.5886e-02,  1.1212e-01,  1.5430e-01, -4.2520e-02,  3.4085e-01,
          5.3501e-02,  2.5837e-01,  3.3268e-01,  4.2415e-01,  1.8115e-01,
          3.5721e-01, -1.0407e-01, -3.6875e-01, -5.8039e-02,  2.9955e-01,
         -4.5664e-02],
        [ 2.1070e-01, -5.6098e-02,  1.5473e-02, -7.7002e-02, -2.6260e-01,
          4.0908e-02, -5.5883e-02, -5.0546e-01, -5.6449e-01,  2.0436e-02,
         -8.9944e-02,  1.8543e-01, -5.9860e-02,  3.0823e-02, -4.2613e-01,
         -8.3128e-02],
        [ 3.8652e-02,  1.7741e-01,  1.8702e-01,  1.2000e-01, -4.3318e-01,
          1.9404e-02,  6.5204e-02, -2.3962e-01, -4.8597e-01,  8.4883e-03,
         -2.8892e-01,  2.5110e-01,  3.7076e-02, -1.1731e-01, -5.9043e-01,
          7.5820e-02],
        [-2.1234e-01, -8.4400e-02,  1.0235e-01, -1.6497e-01,  5.2490e-01,
          3.5848e-01, -1.3861e-02,  2.9807e-01,  2.3654e-01,  1.7697e-02,
          1.8766e-01, -4.7478e-01, -1.1837e-02,  5.8493e-02,  2.9126e-01,
         -7.5176e-03],
        [-1.4210e-01, -3.6124e-01,  9.2448e-02,  1.3624e-01, -4.8264e-01,
         -2.1849e-02, -1.8805e-01, -4.8727e-01, -3.9528e-01,  4.0662e-02,
         -3.6007e-02,  5.6943e-01,  1.5370e-01, -1.5208e-01, -9.7392e-02,
          1.5915e-02],
        [ 9.4676e-02,  8.7707e-02, -1.4084e-02, -1.8677e-01, -4.4245e-01,
          2.3777e-02,  4.9700e-02, -1.3996e-01, -5.7172e-01,  1.1330e-02,
          5.5453e-02,  4.0326e-01,  2.5087e-01,  4.7736e-02, -3.3520e-01,
         -2.2953e-01],
        [-1.6870e-01,  2.5284e-01, -9.3141e-02,  2.8406e-02,  2.7504e-01,
          2.3040e-01,  2.6474e-01,  4.1323e-01,  2.4568e-01,  1.6295e-01,
         -2.9916e-02, -3.5585e-01, -1.7006e-01, -5.2467e-02,  3.8110e-01,
         -4.3328e-02],
        [ 1.8999e-01, -2.8066e-01,  3.8250e-02, -2.0877e-01, -4.1808e-01,
         -3.3208e-01, -3.3398e-01, -1.6827e-01, -5.9385e-01, -4.1445e-02,
          9.0635e-02,  1.0189e-01,  3.2622e-01,  1.3556e-01, -1.4322e-01,
          1.0864e-01],
        [ 3.5262e-01, -2.8488e-01,  1.6824e-01, -1.9236e-02, -5.5832e-01,
         -1.8884e-01, -4.2365e-01, -1.8115e-01, -2.3304e-01, -2.1078e-01,
          2.3660e-02,  4.3628e-01,  6.4204e-02,  1.0668e-02, -1.8194e-01,
          1.2863e-01],
        [-5.2571e-02,  2.6273e-01,  1.0609e-01, -1.8300e-01,  3.7058e-01,
         -6.8787e-02,  2.7267e-01,  5.0031e-01,  3.0199e-01, -5.8438e-02,
         -5.0919e-02, -3.5147e-01, -1.5226e-01, -5.1176e-02,  4.5875e-01,
         -1.2688e-01],
        [ 3.8874e-03,  2.4741e-02,  6.5096e-02,  3.0662e-01,  2.6034e-01,
          8.6872e-02,  2.2867e-01,  1.7435e-01,  3.1721e-01,  1.5936e-01,
          3.2642e-01, -4.9764e-01, -2.4495e-01, -2.4687e-01,  1.7860e-01,
          1.4765e-01],
        [ 3.3110e-01, -3.3146e-01, -5.2148e-02, -8.4659e-02, -2.1341e-01,
         -3.4064e-01, -3.4648e-01, -4.1759e-01, -4.3589e-01, -8.5069e-02,
          2.1521e-01,  3.8967e-01,  2.8044e-02,  2.0683e-01, -6.4014e-02,
          1.4055e-01],
        [ 2.0999e-02,  5.6697e-02,  1.1847e-01, -1.9680e-01, -2.8026e-01,
         -8.3766e-02, -3.3641e-02, -3.9119e-01, -4.8840e-01, -1.1895e-01,
         -1.7764e-01,  4.1913e-01,  1.6450e-01, -1.1311e-01, -3.4173e-01,
         -1.8581e-01],
        [ 4.0760e-02, -3.6204e-01, -9.5298e-03,  6.7902e-03, -5.3688e-02,
         -1.9142e-01,  1.3926e-01, -3.2172e-01, -6.1938e-01,  2.2613e-01,
          1.1100e-01,  1.2675e-01, -2.6118e-02,  5.7228e-02, -5.0082e-01,
          1.8024e-01],
        [-1.2379e-01, -1.3964e-01, -9.5865e-02,  2.1204e-01, -2.9486e-01,
         -1.6771e-01,  5.8447e-02, -4.7250e-01, -3.6878e-01, -1.8097e-01,
         -3.5757e-01,  1.8156e-01,  1.0934e-01,  1.4365e-01, -5.4025e-01,
         -7.2192e-02],
        [ 2.9534e-01, -1.8001e-01,  2.4994e-01, -3.0472e-01, -4.0163e-01,
         -7.8701e-02, -5.0756e-01, -2.2863e-01, -5.6342e-01,  1.5325e-02,
          1.5660e-01,  2.6511e-01,  3.9182e-01,  2.5376e-01, -7.4061e-02,
          2.7714e-01],
        [-1.9503e-01,  2.5669e-01,  1.7053e-01,  9.8280e-02,  5.0019e-01,
         -2.1967e-02,  3.1022e-01,  3.5426e-01,  1.6923e-01, -3.3330e-02,
          2.9613e-01, -4.3624e-01, -2.1815e-01, -5.2020e-02,  1.9414e-01,
          1.1867e-02],
        [ 1.5220e-01, -1.3283e-01, -2.8745e-02, -7.6960e-03, -4.5208e-01,
         -2.1707e-01, -6.8152e-02, -4.9966e-01, -2.0010e-01,  3.0087e-02,
         -5.6430e-02,  2.8564e-01,  3.4270e-01,  1.3303e-01, -1.5298e-01,
          1.1828e-01],
        [-2.8276e-01,  3.4451e-01, -2.4303e-01,  2.0649e-01,  1.4534e-01,
          1.1921e-01,  4.3407e-01,  4.9557e-01,  5.2153e-01,  1.9366e-01,
          1.1438e-01, -2.5294e-01, -6.4780e-02,  1.2114e-01,  2.6800e-01,
         -1.8787e-01],
        [-2.2279e-01,  1.9812e-01,  7.7360e-02, -7.4394e-02,  4.0255e-01,
          3.2790e-01,  4.0005e-01,  1.5944e-01,  4.1532e-01,  2.3357e-01,
         -2.6782e-01, -1.8060e-01, -4.1737e-01, -1.4332e-01,  1.8067e-01,
         -1.4670e-01],
        [-1.1966e-01, -7.3278e-02,  7.0998e-02,  7.4193e-02, -1.0340e-01,
         -2.4699e-01, -3.0988e-01, -5.1553e-01, -4.9533e-01, -1.0892e-01,
          4.6132e-03,  1.1205e-01, -7.4128e-02,  6.0279e-02, -4.5109e-01,
          3.5802e-02]], device='cuda:0', requires_grad=True)

Parameter name: road_linear_0.bias
Shape: torch.Size([32])
Values: Parameter containing:
tensor([-0.0691,  0.1641,  0.1430, -0.2070,  0.1574, -0.1171, -0.0129,  0.1080,
        -0.1335,  0.1358, -0.0040,  0.1243, -0.0060, -0.0945,  0.1444, -0.0252,
        -0.1800, -0.0227,  0.1479,  0.0992,  0.0771, -0.0721,  0.0558, -0.0949,
        -0.2096, -0.0102,  0.2134,  0.0792, -0.0600, -0.2219, -0.0274, -0.0647],
       device='cuda:0', requires_grad=True)

Parameter name: road_linear_1.weight
Shape: torch.Size([1, 32])
Values: Parameter containing:
tensor([[ 0.4376,  0.6014, -0.3567, -0.4987,  0.5744,  0.5365, -0.4891, -0.5655,
         -0.5031,  0.6282,  0.4250,  0.5901, -0.4949, -0.6627,  0.5249, -0.5108,
         -0.5101,  0.5042, -0.3337, -0.3827,  0.6495,  0.4289, -0.4858, -0.5896,
         -0.5446, -0.6046, -0.4358,  0.5677, -0.5109,  0.5596,  0.3870, -0.4257]],
       device='cuda:0', requires_grad=True)

Parameter name: linear_0.weight
Shape: torch.Size([32, 39])
Values: Parameter containing:
tensor([[-0.0292,  0.1062,  0.0602,  ...,  0.1703, -0.3504, -0.1137],
        [-0.1406, -0.0309,  0.1377,  ...,  0.0559, -0.3821,  0.0871],
        [ 0.0292, -0.0452,  0.0250,  ...,  0.0631,  0.3344,  0.0345],
        ...,
        [ 0.1415, -0.1647, -0.0376,  ..., -0.1737,  0.1083, -0.1180],
        [ 0.1176, -0.2225, -0.0752,  ..., -0.2291,  0.2188,  0.1557],
        [-0.2165,  0.1754,  0.0707,  ...,  0.0736, -0.3310, -0.0509]],
       device='cuda:0', requires_grad=True)

Parameter name: linear_0.bias
Shape: torch.Size([32])
Values: Parameter containing:
tensor([ 0.0786,  0.0309, -0.0650, -0.1394, -0.0822,  0.0433, -0.0884,  0.0699,
        -0.0380,  0.0489,  0.0456,  0.0191, -0.0239,  0.1024, -0.0272, -0.0139,
         0.0493, -0.1632, -0.0066,  0.0874, -0.0887,  0.0058,  0.1167,  0.0439,
        -0.1084,  0.1097,  0.0563, -0.1429,  0.0436,  0.1932,  0.1815, -0.1061],
       device='cuda:0', requires_grad=True)

Parameter name: linear_1.weight
Shape: torch.Size([32, 32])
Values: Parameter containing:
tensor([[ 0.0884, -0.2079, -0.0226,  ...,  0.0997, -0.0075,  0.0576],
        [-0.1940, -0.0527,  0.1803,  ...,  0.1963,  0.0075,  0.0317],
        [ 0.1249, -0.0280, -0.2324,  ..., -0.1813, -0.0196,  0.2022],
        ...,
        [ 0.1301,  0.0874,  0.0410,  ...,  0.0416, -0.2191,  0.3013],
        [ 0.0335, -0.2044,  0.1167,  ...,  0.3128,  0.2591, -0.1503],
        [ 0.0124, -0.1302,  0.2700,  ...,  0.2664,  0.1504, -0.0646]],
       device='cuda:0', requires_grad=True)

Parameter name: linear_1.bias
Shape: torch.Size([32])
Values: Parameter containing:
tensor([ 0.1440,  0.1863, -0.0702, -0.1487,  0.0375, -0.0083, -0.0953,  0.0424,
         0.2003, -0.1781,  0.1478, -0.1896,  0.2316,  0.0718, -0.0778,  0.1982,
        -0.0318, -0.1898,  0.0660,  0.0620, -0.0738,  0.0642, -0.2370,  0.2249,
         0.0071, -0.0949,  0.0821,  0.0149, -0.1903, -0.0847,  0.1871,  0.0536],
       device='cuda:0', requires_grad=True)

Parameter name: linear_2.weight
Shape: torch.Size([1, 32])
Values: Parameter containing:
tensor([[ 0.8926,  0.8188, -0.8770, -0.8584,  0.7243,  0.7413, -0.7926,  0.7122,
          0.7780, -0.8418, -0.7546,  0.7662,  0.7601,  0.7672,  0.7847,  0.7591,
         -0.8792, -0.9005,  0.7533,  0.7450, -0.8058, -0.8019, -0.9050,  0.7592,
          0.8457,  0.8875, -0.8763,  0.8562, -0.7974, -0.8959,  0.8081,  0.8782]],
       device='cuda:0', requires_grad=True)

Parameter name: linear_2.bias
Shape: torch.Size([1])
Values: Parameter containing:
tensor([0.6361], device='cuda:0', requires_grad=True)

