Parameter name: road_linear_0.weight
Shape: torch.Size([32, 16])
Values: Parameter containing:
tensor([[-0.2467,  0.4598,  0.1129, -0.0902,  0.3212,  0.1438,  0.3294,  0.1264,
          0.3472,  0.1590,  0.1517, -0.2911, -0.3414, -0.2406,  0.3888,  0.1481],
        [-0.0977, -0.1483,  0.0620, -0.1265,  0.0932,  0.2008,  0.0555,  0.2970,
          0.6149, -0.0334,  0.2553, -0.3869,  0.0822,  0.1162,  0.6199,  0.0715],
        [ 0.0586, -0.1691,  0.2887, -0.0666, -0.2884, -0.2981, -0.1180, -0.5907,
         -0.1741, -0.0061,  0.0474,  0.1111,  0.5381,  0.2313, -0.1009,  0.2049],
        [ 0.0578, -0.1373, -0.1277,  0.0823, -0.1075, -0.1166, -0.0071, -0.1979,
         -0.5923, -0.1995, -0.1703,  0.4322,  0.1824, -0.3371, -0.3762, -0.0438],
        [ 0.0701,  0.3034,  0.0126, -0.1549,  0.2542,  0.0218, -0.0434,  0.4545,
          0.3345,  0.1178,  0.2840, -0.2498,  0.0290, -0.0625,  0.4645, -0.0012],
        [-0.0043,  0.4794, -0.2738,  0.3436,  0.5122, -0.0607,  0.3283,  0.1225,
          0.3891,  0.1529, -0.2387, -0.2217, -0.3198,  0.2100,  0.4748, -0.0292],
        [ 0.1986, -0.0504,  0.2237, -0.0532, -0.1756, -0.1386, -0.1006, -0.3695,
         -0.4490,  0.1443, -0.0782,  0.1703, -0.0897,  0.0344, -0.4599, -0.0068],
        [-0.2217,  0.0553,  0.1805, -0.2253, -0.4740, -0.2230, -0.0206, -0.4085,
         -0.3918, -0.0558, -0.1106,  0.1566,  0.2507, -0.2708, -0.2601,  0.2010],
        [-0.1159,  0.0592,  0.1427, -0.1319, -0.2287, -0.2831, -0.0686, -0.2729,
         -0.2225, -0.1518, -0.2508,  0.2229, -0.1242,  0.0067, -0.5988, -0.0500],
        [-0.1363,  0.1087,  0.0658, -0.1302,  0.1915,  0.1040, -0.0404,  0.3932,
          0.5057, -0.1631,  0.2945, -0.1356, -0.1971,  0.0747,  0.4139, -0.0542],
        [-0.2260,  0.4209,  0.0898, -0.1377,  0.1283,  0.3483,  0.1982,  0.2789,
          0.5656,  0.1194,  0.0860, -0.1352, -0.2157,  0.2645,  0.1693, -0.2057],
        [ 0.0419,  0.1071,  0.1552, -0.0424,  0.3188,  0.0418,  0.2574,  0.3047,
          0.3975,  0.1779,  0.3444, -0.0753, -0.3711, -0.0626,  0.2868, -0.0453],
        [ 0.2077, -0.0610,  0.0134, -0.0749, -0.2464,  0.0561, -0.0546, -0.4841,
         -0.5377,  0.0234, -0.0754,  0.1656, -0.0536,  0.0353, -0.4219, -0.0836],
        [ 0.0360,  0.1751,  0.1868,  0.1202, -0.4146,  0.0334,  0.0638, -0.2143,
         -0.4547,  0.0097, -0.2748,  0.2246,  0.0415, -0.1125, -0.5761,  0.0766],
        [-0.2091, -0.0832,  0.1026, -0.1651,  0.5068,  0.3461, -0.0127,  0.2736,
          0.2076,  0.0161,  0.1736, -0.4494, -0.0167,  0.0535,  0.2792, -0.0080],
        [-0.1527, -0.3601,  0.0826,  0.1446, -0.4622, -0.0016, -0.1777, -0.4664,
         -0.3740,  0.0505, -0.0276,  0.5495,  0.1536, -0.1544, -0.1012,  0.0087],
        [ 0.0930,  0.0856, -0.0124, -0.1887, -0.4240,  0.0361,  0.0466, -0.1129,
         -0.5398,  0.0111,  0.0721,  0.3757,  0.2578,  0.0553, -0.3212, -0.2271],
        [-0.1484,  0.2360, -0.0791,  0.0189,  0.2442,  0.2146,  0.2453,  0.3860,
          0.2367,  0.1450, -0.0354, -0.3289, -0.1642, -0.0476,  0.3828, -0.0325],
        [ 0.1648, -0.2613,  0.0231, -0.2008, -0.3826, -0.3160, -0.3096, -0.1340,
         -0.5831, -0.0226,  0.0945,  0.0713,  0.3128,  0.1306, -0.1363,  0.0964],
        [ 0.3260, -0.2648,  0.1517, -0.0096, -0.5200, -0.1724, -0.3975, -0.1463,
         -0.2227, -0.1891,  0.0277,  0.4049,  0.0519,  0.0052, -0.1737,  0.1155],
        [-0.0432,  0.2616,  0.1148, -0.1904,  0.3521, -0.0863,  0.2633,  0.4809,
          0.2845, -0.0679, -0.0603, -0.3334, -0.1543, -0.0499,  0.4657, -0.1208],
        [ 0.0171,  0.0125,  0.0710,  0.3036,  0.2285,  0.0702,  0.2193,  0.1421,
          0.2921,  0.1501,  0.3162, -0.4659, -0.2402, -0.2483,  0.1660,  0.1522],
        [ 0.3065, -0.3117, -0.0669, -0.0765, -0.1781, -0.3265, -0.3227, -0.3848,
         -0.4281, -0.0654,  0.2193,  0.3599,  0.0168,  0.2022, -0.0582,  0.1288],
        [ 0.0186,  0.0550,  0.1191, -0.1975, -0.2634, -0.0732, -0.0356, -0.3674,
         -0.4609, -0.1177, -0.1620,  0.3950,  0.1718, -0.1067, -0.3317, -0.1844],
        [ 0.0395, -0.3662, -0.0087,  0.0059, -0.0373, -0.1782,  0.1370, -0.2972,
         -0.5888,  0.2265,  0.1272,  0.1026, -0.0186,  0.0640, -0.4898,  0.1822],
        [-0.1234, -0.1497, -0.0959,  0.2128, -0.2847, -0.1531,  0.0563, -0.4543,
         -0.3398, -0.1818, -0.3436,  0.1672,  0.1168,  0.1489, -0.5340, -0.0710],
        [ 0.2676, -0.1642,  0.2295, -0.2930, -0.3656, -0.0604, -0.4768, -0.1930,
         -0.5524,  0.0366,  0.1594,  0.2367,  0.3755,  0.2466, -0.0659,  0.2612],
        [-0.1815,  0.2476,  0.1795,  0.0918,  0.4726, -0.0408,  0.2989,  0.3268,
          0.1466, -0.0441,  0.2883, -0.4086, -0.2142, -0.0502,  0.1882,  0.0189],
        [ 0.1383, -0.1193, -0.0356, -0.0037, -0.4248, -0.2046, -0.0581, -0.4718,
         -0.1837,  0.0409, -0.0476,  0.2575,  0.3402,  0.1332, -0.1472,  0.1127],
        [-0.2581,  0.3270, -0.2242,  0.1937,  0.1108,  0.1002,  0.4077,  0.4664,
          0.5135,  0.1718,  0.1108, -0.2259, -0.0547,  0.1286,  0.2697, -0.1738],
        [-0.1973,  0.1780,  0.0924, -0.0822,  0.3669,  0.3127,  0.3757,  0.1248,
          0.4059,  0.2146, -0.2710, -0.1496, -0.4037, -0.1380,  0.1735, -0.1342],
        [-0.1248, -0.0702,  0.0701,  0.0744, -0.0844, -0.2365, -0.3092, -0.4905,
         -0.4710, -0.1053,  0.0188,  0.0865, -0.0689,  0.0654, -0.4428,  0.0356]],
       device='cuda:0', requires_grad=True)

Parameter name: road_linear_0.bias
Shape: torch.Size([32])
Values: Parameter containing:
tensor([-0.0814,  0.1381,  0.1332, -0.1762,  0.1249, -0.1131,  0.0119,  0.1177,
        -0.1134,  0.1090, -0.0092,  0.1158,  0.0285, -0.0647,  0.1181,  0.0013,
        -0.1580, -0.0203,  0.1365,  0.0892,  0.0516, -0.0732,  0.0442, -0.0721,
        -0.1798,  0.0192,  0.2071,  0.0654, -0.0643, -0.2215, -0.0141, -0.0511],
       device='cuda:0', requires_grad=True)

Parameter name: road_linear_1.weight
Shape: torch.Size([1, 32])
Values: Parameter containing:
tensor([[ 0.4023,  0.5704, -0.3230, -0.4621,  0.5388,  0.5061, -0.4455, -0.5233,
         -0.4582,  0.5941,  0.3847,  0.5483, -0.4525, -0.6250,  0.4829, -0.4727,
         -0.4691,  0.4669, -0.3041, -0.3485,  0.6124,  0.3911, -0.4517, -0.5460,
         -0.5055, -0.5721, -0.4075,  0.5281, -0.4716,  0.5232,  0.3575, -0.3842]],
       device='cuda:0', requires_grad=True)

Parameter name: linear_0.weight
Shape: torch.Size([32, 39])
Values: Parameter containing:
tensor([[-0.0322,  0.1088,  0.0630,  ...,  0.1633, -0.3055, -0.1137],
        [-0.1412, -0.0294,  0.1370,  ...,  0.0563, -0.3343,  0.0871],
        [ 0.0296, -0.0466,  0.0259,  ...,  0.0630,  0.2802,  0.0345],
        ...,
        [ 0.1415, -0.1663, -0.0356,  ..., -0.1757,  0.0532, -0.1180],
        [ 0.1188, -0.2249, -0.0751,  ..., -0.2289,  0.1693,  0.1557],
        [-0.2179,  0.1758,  0.0725,  ...,  0.0694, -0.2885, -0.0509]],
       device='cuda:0', requires_grad=True)

Parameter name: linear_0.bias
Shape: torch.Size([32])
Values: Parameter containing:
tensor([ 0.0760,  0.0319, -0.0661, -0.1409, -0.0816,  0.0456, -0.0899,  0.0681,
        -0.0377,  0.0500,  0.0423,  0.0194, -0.0236,  0.1006, -0.0293, -0.0134,
         0.0484, -0.1626, -0.0093,  0.0839, -0.0866,  0.0094,  0.1162,  0.0386,
        -0.1078,  0.1092,  0.0551, -0.1378,  0.0423,  0.1908,  0.1810, -0.1081],
       device='cuda:0', requires_grad=True)

Parameter name: linear_1.weight
Shape: torch.Size([32, 32])
Values: Parameter containing:
tensor([[ 0.0878, -0.2047, -0.0330,  ...,  0.0970, -0.0093,  0.0567],
        [-0.1944, -0.0503,  0.1717,  ...,  0.1944,  0.0065,  0.0310],
        [ 0.1235, -0.0282, -0.2286,  ..., -0.1815, -0.0204,  0.2011],
        ...,
        [ 0.1272,  0.0877,  0.0451,  ...,  0.0406, -0.2185,  0.2952],
        [ 0.0291, -0.1960,  0.1006,  ...,  0.3053,  0.2524, -0.1551],
        [ 0.0117, -0.1284,  0.2647,  ...,  0.2649,  0.1502, -0.0665]],
       device='cuda:0', requires_grad=True)

Parameter name: linear_1.bias
Shape: torch.Size([32])
Values: Parameter containing:
tensor([ 0.1408,  0.1837, -0.0697, -0.1447,  0.0365, -0.0099, -0.0938,  0.0343,
         0.1941, -0.1777,  0.1462, -0.1814,  0.2268,  0.0710, -0.0844,  0.1902,
        -0.0490, -0.1878,  0.0655,  0.0584, -0.0690,  0.0654, -0.2367,  0.2229,
         0.0050, -0.0878,  0.0815,  0.0143, -0.1873, -0.0861,  0.1789,  0.0511],
       device='cuda:0', requires_grad=True)

Parameter name: linear_2.weight
Shape: torch.Size([1, 32])
Values: Parameter containing:
tensor([[ 0.8140,  0.7399, -0.7978, -0.7801,  0.6448,  0.6619, -0.7134,  0.6345,
          0.7001, -0.7621, -0.6747,  0.6872,  0.6818,  0.6877,  0.7069,  0.6815,
         -0.8006, -0.8215,  0.6740,  0.6665, -0.7275, -0.7228, -0.8251,  0.6802,
          0.7666,  0.8084, -0.7961,  0.7773, -0.7186, -0.8158,  0.7306,  0.7995]],
       device='cuda:0', requires_grad=True)

Parameter name: linear_2.bias
Shape: torch.Size([1])
Values: Parameter containing:
tensor([0.5589], device='cuda:0', requires_grad=True)

