Parameter name: road_linear_0.weight
Shape: torch.Size([32, 16])
Values: Parameter containing:
tensor([[ 1.1386e-01,  6.1831e-01, -1.6030e-01,  1.1741e-01,  6.6437e-02,
         -3.6527e-01,  4.7446e-01,  4.1737e-02,  2.4225e-03, -7.4193e-02,
          5.0505e-01, -9.4472e-02,  1.5826e-01, -1.3839e-03, -2.0169e-01,
          5.3744e-01],
        [-1.0327e-01, -2.8575e-01, -7.1787e-02, -1.0617e-01, -2.6158e-01,
          1.1970e-01, -5.0585e-02, -6.1583e-02,  1.4248e-01, -3.0448e-02,
          2.2831e-01, -9.2544e-02,  2.5481e-01,  8.0678e-02,  9.0844e-02,
          9.5283e-03],
        [-2.5143e-01,  9.5713e-02,  3.6169e-01, -1.1915e-01, -2.2431e-01,
         -1.3502e-01,  7.9920e-02, -4.0146e-01,  4.3612e-01,  3.9027e-01,
         -5.7135e-02, -7.0231e-01,  4.7877e-02,  1.3194e-01,  3.6112e-01,
         -8.0373e-04],
        [ 1.2546e-01, -1.0357e-01, -1.2413e-01,  1.6774e-01,  3.4425e-01,
          2.1427e-02,  1.9596e-02,  1.1812e-01, -4.7785e-01, -3.1671e-01,
         -6.0785e-02,  4.4231e-01,  1.6563e-01, -5.6646e-02, -8.6977e-02,
          6.8407e-03],
        [ 3.9495e-02,  1.0947e-01, -1.6308e-01, -1.1293e-01, -7.1677e-02,
         -2.3759e-02, -1.8444e-01,  8.4250e-02, -1.0960e-01,  1.1585e-01,
          2.7370e-01,  2.2819e-02,  2.1934e-01, -3.3030e-02, -1.3568e-02,
         -9.2514e-02],
        [ 1.1211e-01,  1.3125e-01, -3.7251e-01,  3.4436e-01,  9.3508e-02,
         -1.1732e-01,  1.1933e-02, -2.6451e-01,  1.5846e-03,  1.0615e-01,
         -1.6701e-01,  1.3875e-01,  3.8081e-02,  2.2862e-01,  8.8514e-02,
          1.1755e-02],
        [ 1.9448e-01,  2.1127e-01,  3.2210e-01, -8.7469e-02, -9.5164e-02,
         -1.2916e-01,  4.9689e-02, -7.2812e-02,  1.6322e-01,  2.1243e-01,
          1.1678e-01, -3.3969e-01, -2.6336e-01, -5.7486e-02, -1.5780e-01,
          3.8344e-02],
        [-5.2619e-01,  1.6095e-01,  6.7013e-01, -5.4339e-01, -6.7116e-01,
         -9.8973e-02, -2.7514e-02, -3.2131e-01,  6.0831e-01,  3.7186e-01,
         -2.8494e-01, -8.6432e-01, -2.4848e-01, -5.0469e-01,  4.4624e-01,
          6.2997e-02],
        [-1.2537e-01,  4.1795e-01,  3.3780e-01, -1.8001e-01,  6.8813e-02,
         -3.3237e-01,  1.4748e-01,  9.4691e-02,  3.9322e-01, -4.0979e-02,
         -1.4358e-01, -3.6427e-01, -3.6916e-01,  1.5781e-02, -3.2374e-02,
          8.4874e-02],
        [-3.0177e-01, -3.0379e-01,  8.5338e-02, -2.2308e-01, -1.3453e-01,
          2.6488e-01, -3.7486e-01, -1.4956e-01, -4.1857e-02, -4.3216e-02,
          7.2319e-02,  3.4656e-01, -1.7514e-01, -6.0732e-02,  5.8796e-02,
         -2.8157e-01],
        [-1.6746e-01,  1.1029e-01,  6.5798e-02, -1.6395e-01, -4.6730e-02,
          2.9578e-01,  4.2490e-03, -4.0552e-02, -3.9542e-02,  2.2241e-02,
          4.9440e-02,  4.0100e-01,  1.2490e-02,  3.0555e-01, -2.1066e-01,
         -1.7313e-01],
        [-1.4832e-01, -3.7572e-01,  9.2863e-02, -1.0192e-01, -2.0862e-02,
          2.3654e-01, -4.7251e-02, -2.0137e-01, -1.5899e-01,  2.3174e-01,
          1.1171e-01,  4.0714e-01, -2.9744e-01, -1.2859e-01, -6.9023e-02,
         -3.6344e-01],
        [ 1.5441e-01,  1.5015e-01,  5.6510e-02, -7.1063e-02, -9.2608e-03,
          1.8487e-01,  1.4069e-01, -1.0761e-01,  5.4711e-04,  2.2325e-02,
         -7.8148e-02, -2.4778e-01, -2.8181e-01, -1.4082e-03, -2.2421e-03,
         -1.4271e-01],
        [ 4.3036e-01,  8.5238e-01,  7.2281e-02,  3.7972e-01,  1.8059e-02,
         -4.1318e-01,  6.3147e-01,  4.9691e-01,  8.0875e-02, -2.4290e-01,
          1.9142e-01, -1.6060e-01,  2.1070e-01,  9.3573e-02, -4.1023e-01,
          6.3242e-01],
        [-4.8428e-01, -6.4151e-01,  2.3818e-01, -3.7060e-01,  2.1111e-01,
          6.4056e-01, -4.3583e-01, -3.2265e-01, -3.7644e-01,  1.9573e-01,
         -2.3530e-01,  8.1208e-02, -1.2649e-01, -1.0745e-01,  9.2908e-02,
         -3.6577e-01],
        [-2.2196e-01, -1.2134e-01,  1.3718e-01,  1.7535e-01, -1.0560e-01,
          1.1141e-01,  3.2713e-02, -7.1025e-02,  7.6300e-02,  7.0751e-02,
         -4.3305e-02,  1.8646e-01, -8.9253e-02, -1.7835e-01,  3.2938e-01,
         -3.7633e-02],
        [ 2.7119e-01,  2.9742e-01,  1.5389e-01, -2.0905e-01, -6.8613e-02,
          2.7230e-03,  1.5722e-01,  2.6995e-01, -1.1343e-01, -1.5519e-01,
          1.7891e-01,  2.3728e-01,  1.9363e-01,  7.0277e-02,  3.1546e-02,
         -2.0896e-02],
        [-2.4462e-01, -5.9915e-02, -2.2903e-01,  1.6814e-02, -1.0908e-01,
          2.7702e-01,  4.0629e-02,  3.0438e-02, -4.1724e-02,  1.6732e-01,
         -8.6653e-02, -1.7250e-01,  2.9813e-03, -7.3264e-02,  1.0884e-01,
         -2.0656e-01],
        [-4.0249e-02, -2.8961e-02,  1.1231e-01, -2.7459e-01, -3.0946e-01,
         -1.7547e-01, -1.7755e-01,  6.9334e-02,  7.0292e-02,  2.1047e-01,
         -1.5362e-02, -5.3853e-01, -5.6147e-02, -1.3514e-01,  2.7733e-01,
         -3.1817e-02],
        [ 4.5276e-01,  4.2827e-01, -8.6247e-02,  2.9933e-01, -9.5147e-02,
         -4.3137e-01,  1.8186e-01,  4.5980e-01,  1.7913e-01, -2.2302e-01,
          2.7414e-01, -5.1747e-02,  1.2843e-02,  1.3071e-01, -8.5891e-02,
          3.9739e-01],
        [-1.6546e-01, -1.8767e-02, -8.2520e-02, -1.3731e-01, -2.5920e-02,
         -6.6310e-02,  3.9711e-02,  1.0638e-01, -3.5285e-02,  9.4525e-03,
         -9.1831e-02, -1.8022e-01,  6.4166e-02, -7.5387e-02,  9.3776e-02,
         -2.9471e-01],
        [ 1.0212e-01, -3.8578e-01, -2.0973e-01,  4.6534e-01, -4.6021e-02,
         -2.7253e-02,  6.5170e-02, -1.6970e-01, -5.2220e-01, -4.5696e-02,
          2.9397e-01,  2.1741e-01,  2.4644e-01,  2.5077e-02, -5.3403e-01,
          5.7038e-02],
        [ 2.8181e-01,  1.7577e-01,  1.0857e-01, -1.1862e-01,  2.1421e-02,
         -4.4033e-01,  3.9924e-03, -1.1679e-02,  2.6299e-01,  2.6895e-02,
          1.4051e-01, -2.3781e-01, -3.6186e-01,  9.4195e-03,  3.7939e-01,
          2.5610e-01],
        [ 1.9090e-01,  3.0048e-01,  4.2381e-01, -3.0200e-01, -5.9383e-03,
         -2.0208e-01,  8.5717e-02, -6.8578e-02, -4.1815e-02, -1.2807e-01,
         -8.3399e-02,  8.8679e-02,  3.6957e-02, -8.1729e-02,  4.1623e-02,
          9.8313e-02],
        [ 4.0044e-02, -1.8051e-01,  1.2033e-01, -3.7549e-02,  1.7759e-01,
         -1.1569e-01,  2.7659e-01,  6.4364e-02,  1.1896e-03,  1.9196e-01,
          1.2319e-01, -2.2786e-01, -2.0494e-01,  1.6303e-02, -2.9222e-02,
          2.1763e-01],
        [-1.5421e-02,  7.7058e-02,  1.0326e-01,  1.9366e-01,  7.8911e-02,
         -1.7464e-01,  2.6294e-01, -5.5269e-02,  6.3631e-02, -2.2507e-01,
         -2.7285e-01,  2.0129e-02, -4.6420e-02,  1.2173e-01, -9.1649e-02,
          1.0905e-01],
        [ 2.8645e-03,  2.2287e-01,  4.1220e-01, -3.6421e-01, -1.7232e-01,
         -2.3735e-02, -1.6438e-01,  8.8460e-02,  4.8764e-02,  3.1563e-01,
         -1.0548e-02, -3.2239e-01, -9.8884e-02,  1.8329e-02,  4.3126e-01,
          2.3534e-01],
        [-3.4844e-01, -2.5521e-01,  1.8632e-01, -3.7311e-02,  5.7665e-02,
          1.4509e-01, -8.3578e-02, -2.3731e-01, -3.2509e-01,  5.8315e-02,
          9.3538e-02,  3.6382e-02, -1.5769e-01, -1.5230e-01, -1.1573e-01,
         -2.3857e-01],
        [ 5.2379e-03,  9.5437e-02,  3.4397e-01, -2.9277e-01, -4.7704e-01,
         -1.3232e-01, -3.6991e-02, -3.4202e-01,  4.4279e-01,  2.8888e-01,
         -1.5742e-01, -4.8866e-01, -5.6489e-02,  1.1697e-01,  4.4880e-01,
          1.1964e-01],
        [-5.6729e-02, -3.2114e-02, -4.6639e-01,  2.6134e-01, -1.2651e-01,
          1.0483e-01,  1.2137e-01,  1.5702e-01, -1.1503e-01, -5.6220e-02,
          2.1827e-01,  3.2863e-01,  3.5801e-01,  3.4822e-01, -2.1594e-01,
         -2.0743e-01],
        [-1.7950e-01, -1.9075e-01, -9.5640e-04, -1.1426e-01,  1.7733e-02,
          3.2417e-01,  1.3091e-01, -2.5350e-01, -5.3352e-02,  1.7655e-01,
         -1.9875e-01,  2.1682e-01, -1.1069e-01, -1.0451e-01, -2.0522e-01,
         -2.0708e-01],
        [ 4.4031e-02,  1.0321e-01, -9.0927e-02,  3.0095e-01,  4.6397e-01,
         -2.2446e-01, -1.4724e-01, -4.2357e-02, -4.5764e-01, -3.2268e-01,
          2.1328e-01,  1.7266e-01, -8.7443e-03,  3.3661e-01, -3.2849e-01,
          1.6036e-01]], device='cuda:0', requires_grad=True)

Parameter name: road_linear_0.bias
Shape: torch.Size([32])
Values: Parameter containing:
tensor([-0.5866,  0.0626,  0.1859, -0.1769,  0.0741, -0.1925,  0.0945,  0.2824,
        -0.2943,  0.3092,  0.2087,  0.4408,  0.2220, -0.4330,  0.3714,  0.0568,
        -0.1543, -0.0180,  0.0311, -0.5297, -0.0839, -0.1898, -0.1899, -0.1600,
        -0.2165,  0.2516,  0.0938,  0.4154, -0.1316, -0.2008,  0.2269, -0.1191],
       device='cuda:0', requires_grad=True)

Parameter name: road_linear_1.weight
Shape: torch.Size([1, 32])
Values: Parameter containing:
tensor([[-0.3673, -0.1176, -0.5457,  0.3980, -0.0038,  0.0731, -0.2038, -0.6457,
         -0.4474,  0.2637,  0.1715,  0.2320, -0.0295, -0.4904,  0.4278, -0.0609,
          0.2138, -0.1390, -0.2328, -0.3066, -0.0421,  0.3257, -0.1239, -0.0179,
          0.0856,  0.0643, -0.3035,  0.2403, -0.5686,  0.3628,  0.0097,  0.4075]],
       device='cuda:0', requires_grad=True)

Parameter name: linear_0.weight
Shape: torch.Size([32, 39])
Values: Parameter containing:
tensor([[ 0.2325,  0.0960,  0.1355,  ...,  0.0370,  0.0294, -0.1137],
        [ 0.1929, -0.1867, -0.0061,  ..., -0.0255, -0.0656,  0.0871],
        [ 0.0550, -0.0049,  0.0346,  ...,  0.1516,  0.0043,  0.0345],
        ...,
        [-0.1155, -0.3357, -0.2359,  ..., -0.1147, -0.2591, -0.1180],
        [ 0.1521, -0.1952, -0.0702,  ..., -0.1376, -0.0925,  0.1557],
        [-0.3879,  0.2498,  0.2201,  ..., -0.0287, -0.1122, -0.0509]],
       device='cuda:0', requires_grad=True)

Parameter name: linear_0.bias
Shape: torch.Size([32])
Values: Parameter containing:
tensor([ 0.2461,  0.1578, -0.1724,  0.0692, -0.1875,  0.1274, -0.2208, -0.1213,
        -0.2011,  0.3454,  0.0364, -0.2255,  0.2870,  0.1435,  0.0369, -0.1409,
         0.2973, -0.0165, -0.1742, -0.1607, -0.2403, -0.1231,  0.0503,  0.2095,
        -0.2768, -0.1131, -0.0940, -0.1132,  0.0511, -0.0317,  0.0793, -0.0564],
       device='cuda:0', requires_grad=True)

Parameter name: linear_1.weight
Shape: torch.Size([32, 32])
Values: Parameter containing:
tensor([[ 0.1699,  0.0416, -0.3105,  ...,  0.2165, -0.3017,  0.1669],
        [ 0.0604,  0.3034, -0.0891,  ...,  0.1847, -0.2053, -0.0021],
        [ 0.0839, -0.2167,  0.0807,  ..., -0.3027,  0.3335,  0.0111],
        ...,
        [-0.0030, -0.1565,  0.3158,  ..., -0.1250,  0.0985,  0.1836],
        [ 0.1196,  0.1203, -0.1729,  ...,  0.4296, -0.1058, -0.0944],
        [ 0.0155,  0.0009, -0.0153,  ...,  0.4013, -0.1927,  0.1296]],
       device='cuda:0', requires_grad=True)

Parameter name: linear_1.bias
Shape: torch.Size([32])
Values: Parameter containing:
tensor([ 0.1070,  0.2151,  0.0258, -0.1193,  0.0521, -0.2127, -0.0415, -0.0800,
         0.4020, -0.1520,  0.1902, -0.3048,  0.0727,  0.2993, -0.1044, -0.0130,
        -0.0031, -0.2427, -0.1729,  0.0727,  0.1009,  0.1984, -0.2564, -0.2764,
        -0.1429, -0.0188,  0.2950, -0.1393, -0.2282, -0.1057,  0.1150, -0.0680],
       device='cuda:0', requires_grad=True)

Parameter name: linear_2.weight
Shape: torch.Size([1, 32])
Values: Parameter containing:
tensor([[-0.1235, -0.1440,  0.0309,  0.0481, -0.1749,  0.3538,  0.1599,  0.0090,
         -0.2388, -0.0773, -0.0599, -0.0966, -0.0317,  0.0376, -0.0961, -0.0107,
          0.0227,  0.0651, -0.2093, -0.1519,  0.0371,  0.1015,  0.1394,  0.2289,
         -0.0747, -0.1465,  0.0323,  0.1287,  0.1377,  0.0793,  0.0193, -0.0578]],
       device='cuda:0', requires_grad=True)

Parameter name: linear_2.bias
Shape: torch.Size([1])
Values: Parameter containing:
tensor([-0.0796], device='cuda:0', requires_grad=True)

