Parameter name: road_linear_0.weight
Shape: torch.Size([32, 16])
Values: Parameter containing:
tensor([[-3.3318e-01,  4.5919e-01, -3.4657e-03,  1.2986e-02,  2.1126e-01,
          1.6950e-01,  3.5295e-01,  3.0499e-03,  2.2861e-01,  2.6368e-01,
         -1.4929e-02, -1.8200e-01, -3.5208e-01, -3.7214e-01,  2.8452e-01,
          4.1430e-02],
        [-2.6769e-01, -1.2502e-02, -1.0892e-01,  2.5247e-02,  6.4616e-02,
          2.4769e-01,  2.1760e-01,  1.9636e-01,  4.5709e-01,  1.3858e-01,
          3.5072e-03, -2.9895e-01, -4.1696e-02, -6.8930e-02,  4.3130e-01,
         -1.0074e-01],
        [ 8.8358e-02, -9.5896e-02,  3.7448e-01, -1.4735e-01, -1.3492e-01,
         -3.4355e-01, -8.6681e-02, -4.5062e-01, -1.3568e-02, -7.3911e-02,
          1.1504e-01, -2.5897e-02,  4.5157e-01,  3.2742e-01,  3.0199e-02,
          2.7547e-01],
        [ 2.5305e-01, -2.5584e-01,  6.0611e-02, -8.1402e-02, -9.3354e-02,
         -1.7984e-01, -1.6599e-01, -1.0314e-01, -4.3629e-01, -3.8765e-01,
          8.5200e-02,  3.6805e-01,  3.2297e-01, -1.2914e-01, -2.2276e-01,
          1.4452e-01],
        [-1.0437e-01,  4.2245e-01, -1.6546e-01,  1.6875e-03,  2.3251e-01,
          7.0084e-02,  8.6641e-02,  3.5338e-01,  1.9559e-01,  2.9502e-01,
          3.7289e-02, -1.8864e-01, -8.8721e-02, -2.5425e-01,  3.2258e-01,
         -1.7568e-01],
        [ 1.9654e-04,  4.3222e-01, -3.3558e-01,  4.0962e-01,  3.7064e-01,
         -5.2118e-02,  2.7565e-01, -1.3529e-02,  2.7772e-01,  2.0120e-01,
         -3.3648e-01, -9.3823e-02, -2.6831e-01,  1.3726e-01,  3.8085e-01,
         -8.1236e-02],
        [ 3.5865e-01, -8.9548e-02,  3.8683e-01, -1.9337e-01, -1.0263e-01,
         -1.9907e-01, -2.0153e-01, -2.5811e-01, -2.9098e-01, -1.2418e-02,
          1.2481e-01,  7.5938e-02, -2.4071e-02,  2.1673e-01, -3.2552e-01,
          1.5043e-01],
        [-7.0706e-02,  4.6491e-02,  3.3813e-01, -3.6176e-01, -3.8423e-01,
         -2.9022e-01, -1.1204e-01, -2.9229e-01, -2.3715e-01, -2.0692e-01,
          6.9410e-02,  5.2590e-02,  2.9217e-01, -9.4965e-02, -1.2501e-01,
          3.5097e-01],
        [ 5.5244e-02, -2.5017e-02,  3.1334e-01, -2.8259e-01, -1.4748e-01,
         -3.4821e-01, -2.2436e-01, -1.4716e-01, -1.7853e-02, -3.2267e-01,
          2.7563e-03,  9.9821e-02, -1.7670e-02,  1.9732e-01, -4.2260e-01,
          1.2041e-01],
        [-3.0761e-01,  2.3683e-01, -1.0660e-01,  2.2124e-02,  1.5667e-01,
          1.5263e-01,  1.0296e-01,  2.8188e-01,  3.3160e-01,  7.5218e-03,
          3.6623e-02, -4.8446e-02, -3.1622e-01, -1.1272e-01,  2.4382e-01,
         -2.2747e-01],
        [-3.5695e-01,  4.1217e-01, -5.3393e-02, -1.2053e-02,  1.9752e-02,
          4.1385e-01,  2.7311e-01,  1.5364e-01,  4.0553e-01,  2.5432e-01,
         -8.5264e-02, -1.8429e-02, -2.3630e-01,  1.0128e-01,  3.1342e-02,
         -3.4153e-01],
        [-1.1974e-01,  1.5710e-01, -1.0118e-02,  1.0392e-01,  2.2192e-01,
          1.0662e-01,  3.9024e-01,  1.7435e-01,  2.0151e-01,  3.4082e-01,
          1.0878e-01,  4.7099e-02, -4.4665e-01, -2.5016e-01,  1.2174e-01,
         -2.0888e-01],
        [ 3.5715e-01, -1.3884e-01,  1.7295e-01, -2.1463e-01, -1.9490e-01,
          1.4900e-02, -1.4482e-01, -3.7806e-01, -4.0234e-01, -1.2894e-01,
          1.4468e-01,  8.8917e-02,  2.7826e-02,  2.0897e-01, -3.0066e-01,
          7.0518e-02],
        [ 2.1729e-01,  4.9659e-02,  3.6590e-01, -3.7584e-02, -3.8433e-01,
         -1.7874e-02, -8.6276e-02, -1.0964e-01, -2.8306e-01, -1.6876e-01,
         -1.4459e-02,  1.4373e-01,  1.6892e-01,  8.4500e-02, -4.1420e-01,
          2.5693e-01],
        [-3.8954e-01,  1.2928e-02, -7.3484e-02, -1.2388e-02,  4.5447e-01,
          4.1385e-01,  1.4959e-01,  1.6232e-01,  3.1210e-02,  1.8987e-01,
         -7.6939e-02, -3.5085e-01, -1.3931e-01, -1.4265e-01,  1.1344e-01,
         -1.8130e-01],
        [-2.8551e-02, -4.2687e-01,  2.2559e-01,  1.9650e-02, -3.9527e-01,
         -2.8148e-02, -2.4384e-01, -3.5625e-01, -2.5691e-01, -8.3294e-02,
          1.7918e-01,  4.6659e-01,  2.1738e-01,  1.3547e-04,  8.6796e-03,
          1.4190e-01],
        [ 2.8248e-01,  1.3482e-02,  1.6634e-01, -3.4698e-01, -3.7201e-01,
         -2.7581e-02, -9.3888e-02, -5.3692e-03, -3.6356e-01, -1.7080e-01,
          3.1151e-01,  2.8832e-01,  3.6482e-01,  2.6514e-01, -1.7324e-01,
         -4.9917e-02],
        [-2.5441e-01,  2.0866e-01, -2.0811e-01,  1.3145e-01,  1.4296e-01,
          2.7485e-01,  2.8429e-01,  2.7206e-01,  1.2772e-01,  2.6266e-01,
         -1.6707e-01, -2.2772e-01, -1.7059e-01, -1.8881e-01,  2.7414e-01,
         -1.4809e-01],
        [ 2.1681e-01, -1.9051e-01,  1.2907e-01, -3.0179e-01, -2.3515e-01,
         -3.7029e-01, -3.0424e-01,  7.3292e-03, -4.1967e-01, -1.1282e-01,
          1.7063e-01, -6.4072e-02,  2.3403e-01,  2.5468e-01,  2.8405e-03,
          1.8996e-01],
        [ 3.6554e-01, -1.9121e-01,  2.5400e-01, -1.0388e-01, -3.6520e-01,
         -2.2500e-01, -3.8257e-01, -3.0177e-03, -8.0636e-02, -2.7138e-01,
          1.0343e-01,  2.6777e-01, -1.6457e-02,  1.1679e-01, -3.9842e-02,
          2.0074e-01],
        [-1.6483e-01,  3.3940e-01, -2.1247e-02, -6.5118e-02,  3.0912e-01,
         -6.3415e-02,  3.2467e-01,  3.8602e-01,  1.9507e-01,  6.0685e-02,
         -2.7155e-01, -2.7575e-01, -2.3235e-01, -1.9956e-01,  3.8092e-01,
         -2.5258e-01],
        [-9.9878e-02,  4.7169e-03, -6.6021e-02,  4.2854e-01,  7.2880e-02,
          1.2214e-01,  3.0843e-01, -8.9975e-03,  8.4902e-02,  2.8176e-01,
          1.1214e-01, -3.1400e-01, -2.4190e-01, -4.0546e-01, -4.3801e-03,
          2.0193e-02],
        [ 3.5476e-01, -2.3922e-01,  3.5309e-02, -1.7181e-01, -3.3243e-02,
         -3.8521e-01, -3.1398e-01, -2.4722e-01, -2.8221e-01, -1.4935e-01,
          2.9204e-01,  2.2746e-01, -5.2019e-02,  3.1675e-01,  7.4496e-02,
          2.1562e-01],
        [ 2.1070e-01, -2.0650e-03,  3.0218e-01, -3.5588e-01, -2.2898e-01,
         -1.5063e-01, -1.6982e-01, -2.7307e-01, -3.3153e-01, -3.0145e-01,
          4.6189e-02,  3.2708e-01,  2.7507e-01,  9.8002e-02, -2.0189e-01,
         -8.5455e-03],
        [ 2.0647e-01, -4.4601e-01,  1.5688e-01, -1.3940e-01,  1.6488e-02,
         -2.3147e-01,  1.8601e-02, -1.8832e-01, -4.0662e-01,  6.3345e-02,
          3.6786e-01,  1.3219e-02,  7.8950e-02,  2.5172e-01, -3.4406e-01,
          3.4892e-01],
        [ 5.6044e-02, -2.8140e-01,  8.7501e-02,  5.0730e-02, -2.9245e-01,
         -2.0070e-01, -7.3188e-02, -3.7228e-01, -2.2833e-01, -3.6194e-01,
         -9.6062e-02,  1.4292e-01,  2.4580e-01,  3.4335e-01, -4.0711e-01,
          1.0707e-01],
        [ 2.0127e-01, -7.6679e-02,  2.7031e-01, -3.4684e-01, -1.9940e-01,
         -8.4477e-02, -3.6784e-01, -4.1436e-02, -3.9121e-01,  1.5986e-02,
          1.7064e-01,  9.4016e-02,  2.5166e-01,  2.8895e-01,  6.4029e-02,
          2.8284e-01],
        [-3.1956e-01,  2.7718e-01,  2.7444e-02,  2.2515e-01,  3.6355e-01,
          9.8323e-03,  3.9580e-01,  1.9774e-01, -1.2511e-02,  1.0138e-01,
          7.9523e-02, -2.8999e-01, -2.6008e-01, -2.1938e-01,  4.3881e-02,
         -1.2746e-01],
        [ 2.8135e-01, -1.1144e-01,  1.1396e-01, -1.3505e-01, -3.2195e-01,
         -2.7549e-01, -1.5110e-01, -3.5115e-01, -2.8881e-02, -1.0118e-01,
          1.2698e-01,  1.4665e-01,  3.6970e-01,  3.0665e-01, -8.3036e-03,
          2.5408e-01],
        [-2.6841e-01,  2.6534e-01, -3.0185e-01,  2.6642e-01, -3.2268e-02,
          1.3161e-01,  3.6393e-01,  3.3299e-01,  3.9196e-01,  2.2990e-01,
          3.3592e-02, -9.7955e-02,  5.5825e-03,  4.8541e-02,  1.6201e-01,
         -2.3570e-01],
        [-2.6448e-01,  1.0975e-01, -1.7679e-02,  2.1047e-02,  2.2153e-01,
          3.7136e-01,  3.8782e-01, -1.4896e-02,  2.4248e-01,  3.1067e-01,
         -3.5661e-01, -1.6677e-02, -3.3260e-01, -2.6919e-01,  3.3336e-02,
         -2.3313e-01],
        [ 4.1835e-02, -1.0463e-01,  2.3689e-01, -7.0618e-02, -1.5676e-02,
         -3.0840e-01, -4.1973e-01, -3.7627e-01, -3.1260e-01, -2.6895e-01,
          2.1703e-01, -9.1982e-03,  1.3916e-05,  2.5352e-01, -3.0205e-01,
          1.9566e-01]], device='cuda:0', requires_grad=True)

Parameter name: road_linear_0.bias
Shape: torch.Size([32])
Values: Parameter containing:
tensor([-0.1213, -0.0138,  0.0829, -0.0508, -0.0094, -0.1018,  0.0815,  0.1401,
        -0.0259, -0.0382, -0.0173,  0.0606,  0.1431,  0.0748,  0.0164,  0.1067,
        -0.0718, -0.0068,  0.0808,  0.0327, -0.0629, -0.0773, -0.0147, -0.0067,
        -0.0725,  0.1679,  0.1484,  0.0200, -0.0678, -0.1930,  0.0432, -0.0011],
       device='cuda:0', requires_grad=True)

Parameter name: road_linear_1.weight
Shape: torch.Size([1, 32])
Values: Parameter containing:
tensor([[ 0.2671,  0.3464, -0.2614, -0.2818,  0.3474,  0.3995, -0.3173, -0.4174,
         -0.3247,  0.3956,  0.2830,  0.4166, -0.2883, -0.4344,  0.3308, -0.3052,
         -0.3372,  0.3594, -0.2554, -0.2835,  0.4411,  0.3124, -0.3937, -0.4086,
         -0.3639, -0.3756, -0.3502,  0.3869, -0.3752,  0.4200,  0.3131, -0.2611]],
       device='cuda:0', requires_grad=True)

Parameter name: linear_0.weight
Shape: torch.Size([32, 39])
Values: Parameter containing:
tensor([[-0.0642,  0.1403,  0.0909,  ...,  0.1422, -0.2778, -0.1137],
        [-0.1584, -0.0065,  0.1388,  ...,  0.0718, -0.3136,  0.0871],
        [ 0.0491, -0.0709,  0.0197,  ...,  0.0515,  0.2606,  0.0345],
        ...,
        [ 0.1600, -0.1926, -0.0345,  ..., -0.1964,  0.0238, -0.1180],
        [ 0.1395, -0.2513, -0.0798,  ..., -0.2411,  0.1409,  0.1557],
        [-0.2362,  0.1937,  0.0876,  ...,  0.0648, -0.2688, -0.0509]],
       device='cuda:0', requires_grad=True)

Parameter name: linear_0.bias
Shape: torch.Size([32])
Values: Parameter containing:
tensor([ 0.0537,  0.0409, -0.0697, -0.1420, -0.0759,  0.0604, -0.0996,  0.0443,
        -0.0404,  0.0550,  0.0079,  0.0147, -0.0234,  0.0924, -0.0419, -0.0002,
         0.0473, -0.1604, -0.0316,  0.0735, -0.0664,  0.0232,  0.1163,  0.0181,
        -0.0968,  0.1088,  0.0570, -0.1228,  0.0388,  0.1773,  0.1747, -0.1180],
       device='cuda:0', requires_grad=True)

Parameter name: linear_1.weight
Shape: torch.Size([32, 32])
Values: Parameter containing:
tensor([[ 0.0776, -0.1786, -0.0926,  ...,  0.0722, -0.0213,  0.0493],
        [-0.2022, -0.0294,  0.1084,  ...,  0.1725, -0.0034,  0.0276],
        [ 0.1292, -0.0429, -0.1743,  ..., -0.1640, -0.0139,  0.2021],
        ...,
        [ 0.1312,  0.0849,  0.0790,  ...,  0.0496, -0.2158,  0.2906],
        [ 0.0158, -0.1514,  0.0429,  ...,  0.2680,  0.2280, -0.1675],
        [ 0.0043, -0.1124,  0.2158,  ...,  0.2483,  0.1461, -0.0714]],
       device='cuda:0', requires_grad=True)

Parameter name: linear_1.bias
Shape: torch.Size([32])
Values: Parameter containing:
tensor([ 0.1181,  0.1655, -0.0560, -0.1207,  0.0224, -0.0217, -0.0775, -0.0013,
         0.1637, -0.1657,  0.1165, -0.1140,  0.2026,  0.0650, -0.1128,  0.1526,
        -0.1370, -0.1737,  0.0493,  0.0374, -0.0433,  0.0792, -0.2244,  0.2045,
        -0.0125, -0.0220,  0.0740, -0.0006, -0.1658, -0.0827,  0.1440,  0.0356],
       device='cuda:0', requires_grad=True)

Parameter name: linear_2.weight
Shape: torch.Size([1, 32])
Values: Parameter containing:
tensor([[ 0.3858,  0.3043, -0.3579, -0.3602,  0.2022,  0.2214, -0.2747,  0.2358,
          0.2958, -0.3194, -0.2494,  0.2671,  0.2674,  0.2484,  0.3010,  0.2847,
         -0.3846, -0.3873,  0.2348,  0.2401, -0.3095, -0.2851, -0.3790,  0.2439,
          0.3274,  0.3883, -0.3600,  0.3481, -0.2867, -0.3760,  0.3359,  0.3684]],
       device='cuda:0', requires_grad=True)

Parameter name: linear_2.bias
Shape: torch.Size([1])
Values: Parameter containing:
tensor([0.1833], device='cuda:0', requires_grad=True)

