Parameter name: road_linear_0.weight
Shape: torch.Size([32, 16])
Values: Parameter containing:
tensor([[-3.3899e-01,  5.3133e-01,  3.7907e-02, -4.6151e-02,  3.7433e-01,
          2.2794e-01,  4.5056e-01,  1.6789e-01,  3.3646e-01,  1.9851e-01,
          9.7583e-02, -3.1239e-01, -4.4253e-01, -2.9496e-01,  3.4605e-01,
          8.9624e-02],
        [-8.6744e-02, -1.6211e-01,  8.7112e-02, -1.5146e-01,  1.4374e-01,
          2.1746e-01,  2.6596e-02,  3.8106e-01,  7.3875e-01, -6.7740e-02,
          3.0184e-01, -4.5850e-01,  8.0379e-02,  1.4089e-01,  7.2649e-01,
          9.8382e-02],
        [ 2.1795e-01, -2.9120e-01,  4.1541e-01, -1.4567e-01, -3.9829e-01,
         -4.0185e-01, -3.1878e-01, -6.4666e-01, -1.6181e-01, -9.0694e-02,
          1.5313e-01,  1.6082e-01,  7.1634e-01,  3.4077e-01, -8.2418e-02,
          3.1836e-01],
        [ 3.2665e-02, -1.0331e-01, -1.6133e-01,  1.1348e-01, -1.4159e-01,
         -1.2742e-01,  3.0568e-02, -2.7571e-01, -7.1957e-01, -1.5444e-01,
         -2.2675e-01,  4.9049e-01,  1.6823e-01, -3.7172e-01, -4.7735e-01,
         -7.8688e-02],
        [ 1.0233e-01,  2.5618e-01,  4.8134e-02, -1.8614e-01,  2.7835e-01,
          3.3651e-02, -8.2906e-02,  5.2376e-01,  4.6012e-01,  6.8221e-02,
          3.4325e-01, -2.9137e-01,  5.0076e-02, -2.4020e-02,  5.5516e-01,
          3.6157e-02],
        [-1.5021e-01,  5.8198e-01, -3.9872e-01,  4.2430e-01,  5.9296e-01,
          3.5618e-02,  5.1030e-01,  1.6561e-01,  3.6549e-01,  2.2958e-01,
         -3.3142e-01, -2.4627e-01, -4.6453e-01,  1.1188e-01,  4.2326e-01,
         -1.3389e-01],
        [ 1.7407e-01, -1.8715e-02,  1.8823e-01, -1.9947e-02, -1.9260e-01,
         -1.3848e-01, -6.7347e-02, -4.2827e-01, -5.5010e-01,  1.8824e-01,
         -1.3317e-01,  2.0824e-01, -1.0628e-01, -1.6244e-03, -5.2873e-01,
         -4.0130e-02],
        [-2.2848e-01,  6.4377e-02,  1.5453e-01, -1.9749e-01, -4.8596e-01,
         -2.1979e-01, -1.2791e-03, -4.6050e-01, -4.6580e-01, -2.3791e-02,
         -1.4752e-01,  1.9586e-01,  2.4929e-01, -2.9442e-01, -3.1422e-01,
          1.7898e-01],
        [-1.4250e-01,  8.6489e-02,  1.0298e-01, -9.4781e-02, -2.6820e-01,
         -2.8573e-01, -2.6556e-02, -3.5580e-01, -3.5078e-01, -1.0401e-01,
         -3.1146e-01,  2.9082e-01, -1.3712e-01, -3.1750e-02, -7.0288e-01,
         -8.8116e-02],
        [-1.1532e-01,  8.1173e-02,  9.7992e-02, -1.6043e-01,  2.2501e-01,
          1.1245e-01, -7.5508e-02,  4.6931e-01,  6.2491e-01, -2.0474e-01,
          3.4607e-01, -1.9375e-01, -1.8668e-01,  1.0635e-01,  5.1337e-01,
         -2.1910e-02],
        [-2.7537e-01,  4.6504e-01,  6.9360e-02, -1.3306e-01,  1.5064e-01,
          3.8140e-01,  2.4765e-01,  3.2044e-01,  5.8291e-01,  1.2703e-01,
          6.9353e-02, -1.7030e-01, -2.7463e-01,  2.4568e-01,  1.7612e-01,
         -2.2648e-01],
        [ 5.7539e-02,  8.9082e-02,  1.8728e-01, -7.4258e-02,  3.3850e-01,
          4.2707e-02,  2.2771e-01,  3.7015e-01,  4.9526e-01,  1.3768e-01,
          3.9083e-01, -1.2566e-01, -3.6531e-01, -3.2398e-02,  3.6277e-01,
         -1.7069e-02],
        [ 1.7306e-01, -1.1740e-02, -2.5074e-02, -4.1138e-02, -2.6245e-01,
          5.1114e-02, -1.4590e-02, -5.4407e-01, -6.5155e-01,  7.3834e-02,
         -1.3799e-01,  1.9574e-01, -7.9931e-02, -6.0943e-03, -4.9728e-01,
         -1.2262e-01],
        [ 1.5286e-02,  2.0059e-01,  1.5470e-01,  1.5049e-01, -4.5723e-01,
          2.0440e-02,  9.8544e-02, -2.9677e-01, -5.8176e-01,  5.1577e-02,
         -3.2784e-01,  2.9126e-01,  3.4145e-02, -1.4444e-01, -6.8207e-01,
          4.3996e-02],
        [-1.8212e-01, -1.1690e-01,  1.3911e-01, -1.9851e-01,  5.3438e-01,
          3.4855e-01, -5.1862e-02,  3.4540e-01,  3.2615e-01, -3.0516e-02,
          2.3065e-01, -5.0141e-01, -1.4918e-04,  8.9897e-02,  3.6985e-01,
          2.7847e-02],
        [-1.6367e-01, -3.2973e-01,  6.5562e-02,  1.6249e-01, -4.6051e-01,
         -1.2332e-02, -1.6480e-01, -5.0628e-01, -4.4109e-01,  8.2197e-02,
         -6.4781e-02,  5.6371e-01,  1.4525e-01, -1.7545e-01, -1.2954e-01,
         -9.9185e-03],
        [ 6.3974e-02,  1.1740e-01, -5.5455e-02, -1.4851e-01, -4.5322e-01,
          3.8760e-02,  9.1972e-02, -1.9200e-01, -6.6915e-01,  6.0750e-02,
          7.9400e-03,  4.3945e-01,  2.3767e-01,  1.3839e-02, -4.2233e-01,
         -2.6683e-01],
        [-2.4710e-01,  3.1723e-01, -1.4886e-01,  5.7541e-02,  2.8706e-01,
          2.7678e-01,  3.6284e-01,  4.1855e-01,  2.1483e-01,  1.8810e-01,
         -9.4401e-02, -3.5363e-01, -2.6718e-01, -1.0562e-01,  3.4743e-01,
         -9.1745e-02],
        [ 3.2554e-01, -3.8916e-01,  1.4173e-01, -2.7168e-01, -4.8635e-01,
         -4.0847e-01, -5.0059e-01, -1.9540e-01, -5.7136e-01, -1.0561e-01,
          1.9923e-01,  1.2779e-01,  4.9372e-01,  2.3923e-01, -1.2539e-01,
          2.0826e-01],
        [ 4.6899e-01, -3.6460e-01,  2.7007e-01, -8.5427e-02, -6.4989e-01,
         -2.8235e-01, -5.8560e-01, -2.1713e-01, -2.4180e-01, -2.5741e-01,
          1.1507e-01,  4.5478e-01,  2.0905e-01,  9.6878e-02, -1.7024e-01,
          2.1643e-01],
        [-3.2932e-02,  2.3156e-01,  1.2928e-01, -2.0634e-01,  3.4327e-01,
         -7.7203e-02,  2.5413e-01,  5.1026e-01,  3.3392e-01, -9.7344e-02,
         -2.6970e-02, -3.3247e-01, -1.4222e-01, -2.9769e-02,  4.7173e-01,
         -1.0339e-01],
        [-1.1753e-02,  4.0951e-02,  6.8031e-02,  2.9491e-01,  2.8233e-01,
          1.1305e-01,  2.4856e-01,  2.1187e-01,  3.5873e-01,  1.3895e-01,
          3.2210e-01, -5.2129e-01, -2.9205e-01, -2.4797e-01,  2.1626e-01,
          1.4835e-01],
        [ 4.5205e-01, -4.2191e-01,  4.5523e-02, -1.4616e-01, -2.8499e-01,
         -4.2086e-01, -5.0431e-01, -4.4070e-01, -4.2543e-01, -1.3809e-01,
          3.1314e-01,  4.0603e-01,  1.7757e-01,  2.9790e-01, -4.4743e-02,
          2.2977e-01],
        [-1.4480e-02,  9.5305e-02,  7.7205e-02, -1.5953e-01, -2.8349e-01,
         -6.9090e-02,  1.0463e-02, -4.3627e-01, -5.8116e-01, -6.6599e-02,
         -2.2621e-01,  4.4319e-01,  1.4599e-01, -1.4877e-01, -4.2120e-01,
         -2.2502e-01],
        [ 1.0589e-02, -3.2977e-01, -4.9226e-02,  4.3214e-02, -5.8281e-02,
         -1.7659e-01,  1.7975e-01, -3.6708e-01, -7.0731e-01,  2.7410e-01,
          6.6094e-02,  1.5298e-01, -4.1145e-02,  2.4118e-02, -5.8154e-01,
          1.4398e-01],
        [-1.6161e-01, -9.5442e-02, -1.3518e-01,  2.4616e-01, -3.0059e-01,
         -1.5952e-01,  1.0016e-01, -5.1437e-01, -4.6357e-01, -1.2809e-01,
         -4.0540e-01,  1.9255e-01,  8.7332e-02,  1.0650e-01, -6.1921e-01,
         -1.1183e-01],
        [ 4.3775e-01, -2.7396e-01,  3.8478e-01, -4.0002e-01, -5.2128e-01,
         -1.9033e-01, -7.0484e-01, -2.8411e-01, -5.9161e-01, -5.6599e-02,
          2.6869e-01,  3.0486e-01,  5.7950e-01,  3.7654e-01, -7.5630e-02,
          4.0358e-01],
        [-2.0037e-01,  2.5839e-01,  1.8044e-01,  8.2799e-02,  4.9033e-01,
         -1.5086e-02,  3.1459e-01,  3.7613e-01,  1.9618e-01, -5.7928e-02,
          2.9875e-01, -4.4409e-01, -2.4238e-01, -4.7195e-02,  2.2006e-01,
          1.9192e-02],
        [ 1.8847e-01, -1.6828e-01, -1.9718e-02, -4.2016e-03, -4.4463e-01,
         -2.2785e-01, -1.0157e-01, -5.1422e-01, -1.9995e-01,  3.3530e-02,
         -3.1733e-02,  2.9812e-01,  3.9712e-01,  1.5107e-01, -1.6184e-01,
          1.3174e-01],
        [-3.8945e-01,  4.1991e-01, -3.3663e-01,  2.6615e-01,  2.0237e-01,
          1.9943e-01,  5.8139e-01,  5.0947e-01,  5.0598e-01,  2.3655e-01,
          2.5313e-02, -2.5375e-01, -1.9666e-01,  4.1660e-02,  2.3244e-01,
         -2.6615e-01],
        [-3.5392e-01,  3.0093e-01, -2.7115e-02, -9.1413e-03,  4.8388e-01,
          4.1445e-01,  5.6670e-01,  1.9367e-01,  4.0504e-01,  2.9418e-01,
         -3.7286e-01, -2.0807e-01, -5.8333e-01, -2.4408e-01,  1.6606e-01,
         -2.4468e-01],
        [-1.4561e-01, -4.5362e-02,  3.4288e-02,  1.0848e-01, -9.6172e-02,
         -2.2885e-01, -2.7446e-01, -5.4983e-01, -5.6803e-01, -6.3192e-02,
         -3.3770e-02,  1.2897e-01, -8.4884e-02,  3.1328e-02, -5.1255e-01,
          3.7979e-03]], device='cuda:0', requires_grad=True)

Parameter name: road_linear_0.bias
Shape: torch.Size([32])
Values: Parameter containing:
tensor([-0.1269,  0.1501,  0.2121, -0.2257,  0.1956, -0.1736, -0.0199,  0.1491,
        -0.1416,  0.1391, -0.0892,  0.1043, -0.0519, -0.0988,  0.1647, -0.0308,
        -0.1786, -0.1006,  0.2303,  0.1348,  0.0828, -0.1212,  0.1145, -0.1183,
        -0.2158, -0.0533,  0.2414,  0.0310,  0.0336, -0.2647, -0.0983, -0.0541],
       device='cuda:0', requires_grad=True)

Parameter name: road_linear_1.weight
Shape: torch.Size([1, 32])
Values: Parameter containing:
tensor([[ 0.5659,  0.7245, -0.5137, -0.6298,  0.7026,  0.6671, -0.6442, -0.7069,
         -0.6554,  0.7626,  0.5592,  0.7349, -0.6490, -0.8087,  0.6596, -0.6273,
         -0.6669,  0.6303, -0.4771, -0.5108,  0.7819,  0.5482, -0.6243, -0.7343,
         -0.6998, -0.7312, -0.5906,  0.6823, -0.6427,  0.6901,  0.5319, -0.5667]],
       device='cuda:0', requires_grad=True)

Parameter name: linear_0.weight
Shape: torch.Size([32, 39])
Values: Parameter containing:
tensor([[-0.0276,  0.1117,  0.0541,  ...,  0.1999, -0.6874, -0.1137],
        [-0.1410, -0.0331,  0.1420,  ...,  0.0523, -0.5965,  0.0871],
        [ 0.0288, -0.0413,  0.0209,  ...,  0.0650,  0.6312,  0.0345],
        ...,
        [ 0.1385, -0.1546, -0.0413,  ..., -0.1693,  0.3014, -0.1180],
        [ 0.1119, -0.2145, -0.0736,  ..., -0.2318,  0.4787,  0.1557],
        [-0.2265,  0.1994,  0.0715,  ...,  0.0839, -0.6055, -0.0509]],
       device='cuda:0', requires_grad=True)

Parameter name: linear_0.bias
Shape: torch.Size([32])
Values: Parameter containing:
tensor([ 0.0866,  0.0262, -0.0603, -0.1332, -0.0863,  0.0452, -0.0830,  0.0696,
        -0.0408,  0.0482,  0.0516,  0.0132, -0.0240,  0.1073, -0.0205, -0.0182,
         0.0564, -0.1664, -0.0009,  0.0939, -0.0974, -0.0064,  0.1198,  0.0618,
        -0.1081,  0.1137,  0.0619, -0.1594,  0.0463,  0.1981,  0.1805, -0.1031],
       device='cuda:0', requires_grad=True)

Parameter name: linear_1.weight
Shape: torch.Size([32, 32])
Values: Parameter containing:
tensor([[ 0.0980, -0.2225,  0.0121,  ...,  0.1145, -0.0038,  0.0732],
        [-0.1866, -0.0646,  0.2128,  ...,  0.2088,  0.0095,  0.0437],
        [ 0.1394, -0.0357, -0.2396,  ..., -0.1731, -0.0100,  0.2209],
        ...,
        [ 0.1484,  0.0873,  0.0215,  ...,  0.0464, -0.2352,  0.3604],
        [ 0.0574, -0.2345,  0.1666,  ...,  0.3427,  0.2758, -0.1167],
        [ 0.0182, -0.1387,  0.2943,  ...,  0.2759,  0.1471, -0.0507]],
       device='cuda:0', requires_grad=True)

Parameter name: linear_1.bias
Shape: torch.Size([32])
Values: Parameter containing:
tensor([ 0.1588,  0.1985, -0.0623, -0.1656,  0.0403, -0.0016, -0.1015,  0.0737,
         0.2263, -0.1723,  0.1346, -0.1324,  0.2530,  0.0699, -0.0535,  0.2268,
         0.0707, -0.1962,  0.0621,  0.0773, -0.0946,  0.0630, -0.2320,  0.2333,
         0.0168, -0.0266,  0.0855,  0.0004, -0.2047, -0.0760,  0.2165,  0.0639],
       device='cuda:0', requires_grad=True)

Parameter name: linear_2.weight
Shape: torch.Size([1, 32])
Values: Parameter containing:
tensor([[ 1.2075,  1.1384, -1.2194, -1.1712,  1.0592,  1.0720, -1.1223,  1.0174,
          1.0855, -1.1867, -1.0843,  1.0688,  1.0742,  1.1068,  1.0914,  1.0634,
         -1.1836, -1.2261,  1.0914,  1.0614, -1.1174, -1.1362, -1.2473,  1.0821,
          1.1685,  1.2014, -1.2153,  1.2003, -1.1144, -1.2327,  1.1122,  1.1995]],
       device='cuda:0', requires_grad=True)

Parameter name: linear_2.bias
Shape: torch.Size([1])
Values: Parameter containing:
tensor([0.9380], device='cuda:0', requires_grad=True)

