Parameter name: road_linear_0.weight
Shape: torch.Size([32, 16])
Values: Parameter containing:
tensor([[-0.3190,  0.4997,  0.0562, -0.0485,  0.3845,  0.2045,  0.4087,  0.1574,
          0.3760,  0.1946,  0.1095, -0.3256, -0.4131, -0.2895,  0.3804,  0.0935],
        [-0.1111, -0.1465,  0.0632, -0.1242,  0.1526,  0.2205,  0.0523,  0.3523,
          0.7243, -0.0395,  0.2714, -0.4578,  0.0615,  0.1135,  0.6958,  0.0668],
        [ 0.1688, -0.2383,  0.3616, -0.1121, -0.3735, -0.3582, -0.2360, -0.6403,
         -0.1893, -0.0612,  0.1199,  0.1706,  0.6531,  0.3048, -0.1229,  0.2820],
        [ 0.0612, -0.1235, -0.1339,  0.0832, -0.1565, -0.1337,  0.0012, -0.2469,
         -0.7047, -0.1862, -0.1934,  0.4918,  0.1912, -0.3410, -0.4471, -0.0442],
        [ 0.0720,  0.2795,  0.0204, -0.1560,  0.2952,  0.0398, -0.0535,  0.4973,
          0.4441,  0.1013,  0.3097, -0.2975,  0.0261, -0.0556,  0.5288,  0.0011],
        [-0.1018,  0.5340, -0.3445,  0.3901,  0.5806, -0.0032,  0.4319,  0.1627,
          0.3964,  0.2022, -0.2974, -0.2643, -0.4086,  0.1475,  0.4728, -0.0986],
        [ 0.2070, -0.0424,  0.2201, -0.0535, -0.2209, -0.1539, -0.0997, -0.4090,
         -0.5483,  0.1543, -0.0964,  0.2188, -0.0762,  0.0334, -0.5113, -0.0032],
        [-0.2027,  0.0477,  0.1814, -0.2274, -0.5192, -0.2340, -0.0270, -0.4456,
         -0.4738, -0.0527, -0.1192,  0.2066,  0.2732, -0.2651, -0.3046,  0.2106],
        [-0.1100,  0.0629,  0.1336, -0.1272, -0.2862, -0.2957, -0.0597, -0.3278,
         -0.3365, -0.1384, -0.2737,  0.2934, -0.1094,  0.0020, -0.6733, -0.0512],
        [-0.1425,  0.1000,  0.0707, -0.1304,  0.2413,  0.1207, -0.0465,  0.4429,
          0.6135, -0.1740,  0.3143, -0.1967, -0.2092,  0.0765,  0.4845, -0.0555],
        [-0.2731,  0.4502,  0.0642, -0.1183,  0.1820,  0.3794,  0.2391,  0.3118,
          0.6186,  0.1359,  0.0665, -0.1803, -0.2667,  0.2364,  0.1920, -0.2380],
        [ 0.0290,  0.1097,  0.1589, -0.0433,  0.3685,  0.0537,  0.2570,  0.3503,
          0.4922,  0.1697,  0.3585, -0.1335, -0.3898, -0.0634,  0.3449, -0.0505],
        [ 0.2071, -0.0368,  0.0074, -0.0751, -0.2861,  0.0381, -0.0483, -0.5202,
         -0.6429,  0.0387, -0.1005,  0.2046, -0.0503,  0.0294, -0.4737, -0.0844],
        [ 0.0424,  0.1825,  0.1814,  0.1211, -0.4697,  0.0144,  0.0700, -0.2683,
         -0.5680,  0.0209, -0.2956,  0.2919,  0.0559, -0.1148, -0.6509,  0.0773],
        [-0.2139, -0.0931,  0.1094, -0.1669,  0.5553,  0.3590, -0.0201,  0.3200,
          0.3142,  0.0034,  0.1951, -0.5077, -0.0273,  0.0571,  0.3446, -0.0082],
        [-0.1361, -0.3496,  0.0931,  0.1317, -0.4967, -0.0255, -0.1909, -0.4890,
         -0.4469,  0.0518, -0.0343,  0.5758,  0.1695, -0.1450, -0.1214,  0.0232],
        [ 0.0958,  0.0933, -0.0245, -0.1815, -0.4742,  0.0273,  0.0586, -0.1660,
         -0.6557,  0.0267,  0.0456,  0.4426,  0.2663,  0.0478, -0.3943, -0.2302],
        [-0.2216,  0.2818, -0.1284,  0.0532,  0.3006,  0.2570,  0.3190,  0.4127,
          0.2560,  0.1800, -0.0783, -0.3660, -0.2352, -0.0954,  0.3814, -0.0839],
        [ 0.2723, -0.3342,  0.0832, -0.2351, -0.4631, -0.3640, -0.4145, -0.1899,
         -0.6004, -0.0732,  0.1630,  0.1386,  0.4263,  0.1995, -0.1689,  0.1684],
        [ 0.4253, -0.3203,  0.2185, -0.0526, -0.6159, -0.2357, -0.5064, -0.2047,
         -0.2575, -0.2357,  0.0857,  0.4642,  0.1528,  0.0650, -0.2077,  0.1839],
        [-0.0593,  0.2496,  0.1027, -0.1765,  0.3806, -0.0626,  0.2782,  0.4975,
          0.3477, -0.0682, -0.0538, -0.3498, -0.1665, -0.0595,  0.4713, -0.1354],
        [-0.0205,  0.0363,  0.0559,  0.3145,  0.3009,  0.1063,  0.2503,  0.1941,
          0.3750,  0.1566,  0.3091, -0.5266, -0.2914, -0.2656,  0.2164,  0.1292],
        [ 0.4053, -0.3723, -0.0045, -0.1154, -0.2608, -0.3791, -0.4266, -0.4339,
         -0.4502, -0.1124,  0.2810,  0.4161,  0.1186,  0.2645, -0.0833,  0.1964],
        [ 0.0188,  0.0696,  0.1083, -0.1924, -0.3065, -0.0813, -0.0236, -0.4107,
         -0.5684, -0.1015, -0.1885,  0.4479,  0.1754, -0.1145, -0.3942, -0.1879],
        [ 0.0422, -0.3530, -0.0171,  0.0093, -0.0829, -0.1922,  0.1456, -0.3439,
         -0.7011,  0.2406,  0.1028,  0.1595, -0.0113,  0.0586, -0.5553,  0.1809],
        [-0.1317, -0.1193, -0.1081,  0.2170, -0.3160, -0.1657,  0.0719, -0.4915,
         -0.4453, -0.1610, -0.3735,  0.2035,  0.1108,  0.1374, -0.5963, -0.0775],
        [ 0.3795, -0.2204,  0.3059, -0.3402, -0.4712, -0.1317, -0.6008, -0.2737,
         -0.5975, -0.0159,  0.2277,  0.3091,  0.4987,  0.3217, -0.1153,  0.3458],
        [-0.2129,  0.2602,  0.1636,  0.1057,  0.5248, -0.0111,  0.3248,  0.3625,
          0.2159, -0.0379,  0.2833, -0.4526, -0.2503, -0.0669,  0.2202, -0.0029],
        [ 0.1851, -0.1529, -0.0144, -0.0189, -0.4774, -0.2276, -0.0944, -0.5065,
         -0.2354,  0.0254, -0.0292,  0.3069,  0.3907,  0.1595, -0.1754,  0.1426],
        [-0.3502,  0.3778, -0.2923,  0.2400,  0.1861,  0.1607,  0.5101,  0.5032,
          0.5323,  0.2175,  0.0530, -0.2674, -0.1458,  0.0685,  0.2731, -0.2398],
        [-0.3040,  0.2490,  0.0303, -0.0458,  0.4518,  0.3652,  0.4824,  0.1831,
          0.4266,  0.2654, -0.3395, -0.2170, -0.5180, -0.2069,  0.2069, -0.2069],
        [-0.1137, -0.0686,  0.0658,  0.0750, -0.1279, -0.2451, -0.3070, -0.5301,
         -0.5673, -0.0966,  0.0027,  0.1389, -0.0546,  0.0657, -0.4958,  0.0402]],
       device='cuda:0', requires_grad=True)

Parameter name: road_linear_0.bias
Shape: torch.Size([32])
Values: Parameter containing:
tensor([-0.1085,  0.1525,  0.2047, -0.2220,  0.1853, -0.1673, -0.0220,  0.1286,
        -0.1348,  0.1432, -0.0505,  0.1131, -0.0448, -0.1015,  0.1558, -0.0378,
        -0.1760, -0.0759,  0.2185,  0.1392,  0.0948, -0.0987,  0.1085, -0.1111,
        -0.2198, -0.0403,  0.2495,  0.0611, -0.0089, -0.2642, -0.0926, -0.0592],
       device='cuda:0', requires_grad=True)

Parameter name: road_linear_1.weight
Shape: torch.Size([1, 32])
Values: Parameter containing:
tensor([[ 0.5294,  0.6739, -0.4578, -0.5805,  0.6522,  0.6236, -0.5920, -0.6615,
         -0.5986,  0.7086,  0.5206,  0.6877, -0.5944, -0.7538,  0.6097, -0.5878,
         -0.6161,  0.5934, -0.4299, -0.4665,  0.7396,  0.5178, -0.5778, -0.6837,
         -0.6465, -0.6790, -0.5319,  0.6498, -0.6039,  0.6467,  0.4849, -0.5198]],
       device='cuda:0', requires_grad=True)

Parameter name: linear_0.weight
Shape: torch.Size([32, 39])
Values: Parameter containing:
tensor([[-0.0234,  0.1016,  0.0538,  ...,  0.1938, -0.5412, -0.1137],
        [-0.1393, -0.0352,  0.1402,  ...,  0.0536, -0.4967,  0.0871],
        [ 0.0281, -0.0407,  0.0221,  ...,  0.0645,  0.4968,  0.0345],
        ...,
        [ 0.1397, -0.1573, -0.0412,  ..., -0.1693,  0.2091, -0.1180],
        [ 0.1127, -0.2142, -0.0744,  ..., -0.2304,  0.3597,  0.1557],
        [-0.2187,  0.1829,  0.0695,  ...,  0.0827, -0.4821, -0.0509]],
       device='cuda:0', requires_grad=True)

Parameter name: linear_0.bias
Shape: torch.Size([32])
Values: Parameter containing:
tensor([ 0.0853,  0.0276, -0.0613, -0.1356, -0.0850,  0.0417, -0.0839,  0.0708,
        -0.0390,  0.0477,  0.0507,  0.0166, -0.0249,  0.1062, -0.0221, -0.0168,
         0.0531, -0.1659, -0.0011,  0.0932, -0.0942, -0.0030,  0.1191,  0.0558,
        -0.1097,  0.1130,  0.0602, -0.1535,  0.0456,  0.1980,  0.1816, -0.1033],
       device='cuda:0', requires_grad=True)

Parameter name: linear_1.weight
Shape: torch.Size([32, 32])
Values: Parameter containing:
tensor([[ 0.0943, -0.2185,  0.0028,  ...,  0.1096, -0.0027,  0.0651],
        [-0.1893, -0.0616,  0.2039,  ...,  0.2047,  0.0112,  0.0373],
        [ 0.1320, -0.0299, -0.2422,  ..., -0.1783, -0.0158,  0.2120],
        ...,
        [ 0.1395,  0.0897,  0.0231,  ...,  0.0426, -0.2293,  0.3323],
        [ 0.0494, -0.2253,  0.1510,  ...,  0.3330,  0.2723, -0.1302],
        [ 0.0158, -0.1362,  0.2866,  ...,  0.2724,  0.1498, -0.0575]],
       device='cuda:0', requires_grad=True)

Parameter name: linear_1.bias
Shape: torch.Size([32])
Values: Parameter containing:
tensor([ 0.1543,  0.1950, -0.0678, -0.1602,  0.0408, -0.0028, -0.1003,  0.0637,
         0.2177, -0.1770,  0.1365, -0.1811,  0.2455,  0.0727, -0.0607,  0.2180,
         0.0159, -0.1951,  0.0655,  0.0725, -0.0881,  0.0621, -0.2366,  0.2311,
         0.0142, -0.0773,  0.0810,  0.0091, -0.2005, -0.0810,  0.2075,  0.0607],
       device='cuda:0', requires_grad=True)

Parameter name: linear_2.weight
Shape: torch.Size([1, 32])
Values: Parameter containing:
tensor([[ 1.0898,  1.0169, -1.0766, -1.0552,  0.9241,  0.9407, -0.9917,  0.9069,
          0.9734, -1.0422, -0.9550,  0.9580,  0.9569,  0.9671,  0.9800,  0.9535,
         -1.0719, -1.0990,  0.9529,  0.9424, -1.0023, -1.0009, -1.1060,  0.9577,
          1.0443,  1.0798, -1.0775,  1.0554, -0.9952, -1.0973,  1.0024,  1.0760]],
       device='cuda:0', requires_grad=True)

Parameter name: linear_2.bias
Shape: torch.Size([1])
Values: Parameter containing:
tensor([0.8294], device='cuda:0', requires_grad=True)

