Parameter name: road_linear_0.weight
Shape: torch.Size([32, 16])
Values: Parameter containing:
tensor([[-2.7535e-01,  4.5383e-01,  7.5248e-02, -5.9464e-02,  2.6412e-01,
          1.6310e-01,  3.5631e-01,  6.6713e-02,  3.0969e-01,  1.7881e-01,
          6.4693e-02, -2.2411e-01, -3.8479e-01, -3.0658e-01,  3.5843e-01,
          1.1438e-01],
        [-1.5860e-01, -9.5505e-02,  1.5591e-04, -7.3266e-02,  5.4366e-02,
          2.2582e-01,  1.2588e-01,  2.0969e-01,  4.9943e-01,  2.2421e-02,
          1.5174e-01, -2.8373e-01,  1.0792e-02,  3.9667e-02,  5.2338e-01,
          9.9197e-03],
        [ 3.6745e-02, -1.2064e-01,  3.0323e-01, -8.3069e-02, -2.0306e-01,
         -3.1487e-01, -1.0249e-01, -5.1801e-01, -1.1148e-01,  9.7692e-04,
          7.4882e-02,  2.8673e-02,  5.0208e-01,  2.6459e-01, -5.2179e-02,
          2.1177e-01],
        [ 1.4405e-01, -2.1756e-01, -4.7146e-02,  1.3584e-02, -1.0879e-01,
         -1.5376e-01, -9.8660e-02, -1.3764e-01, -4.9632e-01, -2.7310e-01,
         -3.7684e-02,  3.7398e-01,  2.9772e-01, -2.3524e-01, -2.9980e-01,
          3.6367e-02],
        [-1.6013e-02,  3.8515e-01, -6.8115e-02, -8.7189e-02,  2.6037e-01,
          5.6135e-02,  4.5753e-02,  4.0337e-01,  2.5947e-01,  1.9105e-01,
          1.5195e-01, -2.0740e-01, -8.4575e-02, -1.6643e-01,  4.0030e-01,
         -8.0601e-02],
        [ 1.0789e-02,  4.4029e-01, -2.8686e-01,  3.5737e-01,  4.3563e-01,
         -4.6941e-02,  3.1460e-01,  5.5533e-02,  3.6230e-01,  1.4481e-01,
         -2.8600e-01, -1.4849e-01, -3.1760e-01,  1.7090e-01,  4.4796e-01,
         -3.6749e-02],
        [ 2.7119e-01, -8.5315e-02,  2.9368e-01, -1.1193e-01, -1.4706e-01,
         -1.7477e-01, -1.7409e-01, -3.1058e-01, -3.7107e-01,  8.6081e-02,
          3.9704e-02,  1.0804e-01, -7.0428e-03,  1.3019e-01, -4.0127e-01,
          6.1089e-02],
        [-1.5437e-01,  4.1016e-02,  2.4847e-01, -2.8290e-01, -4.3662e-01,
         -2.6326e-01, -9.0233e-02, -3.4786e-01, -3.2152e-01, -1.1051e-01,
         -3.2565e-03,  8.9811e-02,  3.1699e-01, -1.7817e-01, -2.0201e-01,
          2.6523e-01],
        [-4.0582e-02,  8.0694e-03,  2.1624e-01, -1.9548e-01, -1.9128e-01,
         -3.2058e-01, -1.5359e-01, -1.9458e-01, -1.1063e-01, -2.1775e-01,
         -1.2636e-01,  1.3220e-01, -3.0527e-02,  9.9447e-02, -5.1464e-01,
          2.1777e-02],
        [-2.1081e-01,  1.7933e-01, -5.9889e-03, -6.9005e-02,  1.7400e-01,
          1.3480e-01,  4.0439e-02,  3.2122e-01,  4.0056e-01, -9.9361e-02,
          1.7432e-01, -6.0949e-02, -2.9406e-01, -1.5989e-02,  3.3088e-01,
         -1.2549e-01],
        [-2.7905e-01,  4.2123e-01,  3.1287e-02, -8.7862e-02,  7.8901e-02,
          3.8547e-01,  2.5478e-01,  2.1382e-01,  4.9871e-01,  1.6290e-01,
         -1.1933e-02, -6.2764e-02, -2.6787e-01,  1.8171e-01,  1.1365e-01,
         -2.5974e-01],
        [-2.8033e-02,  1.4131e-01,  8.5042e-02,  1.8291e-02,  2.7667e-01,
          8.0121e-02,  3.3525e-01,  2.2996e-01,  2.9909e-01,  2.3888e-01,
          2.2408e-01,  8.4693e-03, -4.5390e-01, -1.5455e-01,  2.1102e-01,
         -1.1286e-01],
        [ 2.8797e-01, -1.2093e-01,  8.8876e-02, -1.3740e-01, -2.3716e-01,
          2.1822e-02, -1.3325e-01, -4.3575e-01, -4.7588e-01, -3.9393e-02,
          5.1527e-02,  1.2096e-01,  4.6647e-02,  1.3792e-01, -3.7247e-01,
         -9.6748e-03],
        [ 1.1496e-01,  1.0168e-01,  2.6187e-01,  5.6093e-02, -3.9932e-01,
          1.7155e-03, -2.1544e-02, -1.4590e-01, -3.4965e-01, -5.7591e-02,
         -1.4873e-01,  1.5195e-01,  1.4435e-01, -1.7138e-02, -4.9490e-01,
          1.5121e-01],
        [-2.8461e-01, -2.5342e-02,  2.9729e-02, -1.0295e-01,  4.8263e-01,
          3.8427e-01,  7.0920e-02,  2.0195e-01,  1.0721e-01,  8.0607e-02,
          5.1578e-02, -3.6980e-01, -1.1485e-01, -3.8568e-02,  2.0122e-01,
         -7.8920e-02],
        [-8.4732e-02, -4.0835e-01,  1.4889e-01,  9.0945e-02, -4.4613e-01,
         -3.0402e-02, -2.4294e-01, -4.2183e-01, -3.3333e-01, -8.7289e-04,
          8.9655e-02,  5.0713e-01,  2.4463e-01, -6.1079e-02, -6.6243e-02,
          7.1862e-02],
        [ 1.7831e-01,  2.7793e-02,  6.6782e-02, -2.5694e-01, -4.0730e-01,
          3.5029e-04, -4.1315e-02, -4.9329e-02, -4.3845e-01, -6.1766e-02,
          2.0509e-01,  3.1106e-01,  3.6018e-01,  1.5957e-01, -2.4920e-01,
         -1.4822e-01],
        [-1.8129e-01,  2.2069e-01, -1.2318e-01,  5.6509e-02,  1.9305e-01,
          2.4747e-01,  2.7851e-01,  3.2878e-01,  1.9989e-01,  1.7174e-01,
         -1.1319e-01, -2.6403e-01, -1.9879e-01, -1.1565e-01,  3.4585e-01,
         -7.1550e-02],
        [ 1.6009e-01, -2.1542e-01,  5.3597e-02, -2.3180e-01, -3.0095e-01,
         -3.3928e-01, -3.1424e-01, -5.8198e-02, -5.1523e-01, -3.2502e-02,
          1.2989e-01, -1.1911e-02,  2.7938e-01,  1.8160e-01, -7.8613e-02,
          1.1874e-01],
        [ 3.1576e-01, -2.1612e-01,  1.7967e-01, -3.6658e-02, -4.3575e-01,
         -1.9850e-01, -3.9820e-01, -7.0925e-02, -1.7402e-01, -1.9184e-01,
          6.3808e-02,  3.2169e-01,  3.0344e-02,  5.3665e-02, -1.2115e-01,
          1.3223e-01],
        [-1.0860e-01,  3.1351e-01,  5.2495e-02, -1.4027e-01,  3.4633e-01,
         -5.7580e-02,  3.2410e-01,  4.4675e-01,  2.5699e-01, -2.0234e-02,
         -1.7508e-01, -3.0438e-01, -2.4965e-01, -1.3890e-01,  4.4545e-01,
         -1.8122e-01],
        [-3.5097e-02,  4.7822e-03,  1.0428e-02,  3.5640e-01,  1.5422e-01,
          1.0176e-01,  2.8119e-01,  6.1710e-02,  2.0206e-01,  1.9605e-01,
          2.1097e-01, -3.7451e-01, -2.8011e-01, -3.3258e-01,  9.3447e-02,
          9.7078e-02],
        [ 3.0142e-01, -2.6614e-01, -3.7525e-02, -1.0517e-01, -1.0043e-01,
         -3.5439e-01, -3.2689e-01, -3.1328e-01, -3.7543e-01, -7.2245e-02,
          2.5582e-01,  2.7996e-01, -5.5781e-03,  2.5105e-01, -6.7286e-03,
          1.4879e-01],
        [ 1.0658e-01,  2.1375e-03,  2.0057e-01, -2.6666e-01, -2.6062e-01,
         -1.1760e-01, -1.2498e-01, -3.1543e-01, -3.8835e-01, -1.9124e-01,
         -3.3779e-02,  3.4476e-01,  2.7458e-01, -5.2815e-04, -2.7124e-01,
         -1.0455e-01],
        [ 1.1943e-01, -4.2756e-01,  6.5889e-02, -5.7486e-02, -2.2131e-02,
         -2.1120e-01,  5.4480e-02, -2.3682e-01, -4.9090e-01,  1.6018e-01,
          2.5635e-01,  4.2518e-02,  8.3458e-02,  1.6303e-01, -4.2178e-01,
          2.5665e-01],
        [-3.4309e-02, -2.3747e-01, -1.2532e-02,  1.4314e-01, -3.0779e-01,
         -1.8886e-01, -3.4313e-02, -4.1790e-01, -2.7730e-01, -2.5758e-01,
         -2.1248e-01,  1.5020e-01,  2.3447e-01,  2.5462e-01, -4.7841e-01,
          1.0848e-02],
        [ 1.9710e-01, -1.0954e-01,  2.1968e-01, -2.9460e-01, -2.7048e-01,
         -6.3434e-02, -4.1716e-01, -1.1251e-01, -4.8674e-01,  6.9563e-02,
          1.5428e-01,  1.5271e-01,  3.1038e-01,  2.5257e-01, -1.2813e-02,
          2.4106e-01],
        [-2.4176e-01,  2.6618e-01,  1.1627e-01,  1.4487e-01,  4.2293e-01,
         -6.9029e-03,  3.6558e-01,  2.5908e-01,  7.8845e-02,  4.7624e-03,
          1.7690e-01, -3.3208e-01, -2.8280e-01, -1.3825e-01,  1.2871e-01,
         -3.9736e-02],
        [ 1.9054e-01, -1.1696e-01,  2.2642e-02, -5.3901e-02, -3.7402e-01,
         -2.4262e-01, -1.1574e-01, -4.0589e-01, -1.1312e-01, -3.5313e-03,
          4.8024e-02,  1.8336e-01,  3.8858e-01,  2.1431e-01, -8.8986e-02,
          1.6634e-01],
        [-2.4599e-01,  2.8419e-01, -2.4313e-01,  2.1115e-01,  3.4941e-02,
          1.2095e-01,  3.9967e-01,  4.0168e-01,  4.8140e-01,  1.6617e-01,
          6.9178e-02, -1.5114e-01, -4.7270e-02,  8.7282e-02,  2.3557e-01,
         -1.8461e-01],
        [-1.9514e-01,  1.3338e-01,  6.3000e-02, -5.2263e-02,  2.8543e-01,
          3.3565e-01,  3.8322e-01,  4.9184e-02,  3.3627e-01,  2.2579e-01,
         -3.0868e-01, -6.6488e-02, -3.7181e-01, -1.8706e-01,  1.1619e-01,
         -1.5612e-01],
        [-5.1496e-02, -1.0439e-01,  1.4173e-01,  1.3325e-02, -5.9995e-02,
         -2.7724e-01, -3.8521e-01, -4.2944e-01, -3.8987e-01, -1.6689e-01,
          1.3525e-01,  2.2399e-02,  1.3833e-02,  1.6156e-01, -3.7978e-01,
          1.0525e-01]], device='cuda:0', requires_grad=True)

Parameter name: road_linear_0.bias
Shape: torch.Size([32])
Values: Parameter containing:
tensor([-0.1069,  0.0478,  0.1019, -0.0737,  0.0218, -0.0924,  0.0793,  0.1460,
        -0.0415,  0.0052, -0.0258,  0.0671,  0.1201,  0.0391,  0.0356,  0.0759,
        -0.0784, -0.0170,  0.1015,  0.0507, -0.0277, -0.0760,  0.0072, -0.0040,
        -0.0857,  0.1284,  0.1706,  0.0312, -0.0587, -0.1986,  0.0210,  0.0035],
       device='cuda:0', requires_grad=True)

Parameter name: road_linear_1.weight
Shape: torch.Size([1, 32])
Values: Parameter containing:
tensor([[ 0.3218,  0.4363, -0.2780, -0.3346,  0.4112,  0.4423, -0.3540, -0.4433,
         -0.3543,  0.4670,  0.3089,  0.4545, -0.3436, -0.4954,  0.3701, -0.3651,
         -0.3718,  0.3950, -0.2673, -0.2977,  0.5113,  0.3276, -0.4056, -0.4445,
         -0.4045, -0.4490, -0.3661,  0.4317, -0.4003,  0.4553,  0.3237, -0.2969]],
       device='cuda:0', requires_grad=True)

Parameter name: linear_0.weight
Shape: torch.Size([32, 39])
Values: Parameter containing:
tensor([[-0.0423,  0.1176,  0.0723,  ...,  0.1411, -0.2034, -0.1137],
        [-0.1451, -0.0235,  0.1368,  ...,  0.0567, -0.2416,  0.0871],
        [ 0.0345, -0.0533,  0.0253,  ...,  0.0649,  0.1853,  0.0345],
        ...,
        [ 0.1457, -0.1737, -0.0341,  ..., -0.1788, -0.0447, -0.1180],
        [ 0.1251, -0.2332, -0.0769,  ..., -0.2271,  0.0741,  0.1557],
        [-0.2208,  0.1773,  0.0754,  ...,  0.0587, -0.1923, -0.0509]],
       device='cuda:0', requires_grad=True)

Parameter name: linear_0.bias
Shape: torch.Size([32])
Values: Parameter containing:
tensor([ 0.0686,  0.0346, -0.0682, -0.1404, -0.0781,  0.0505, -0.0915,  0.0613,
        -0.0381,  0.0484,  0.0315,  0.0164, -0.0203,  0.1005, -0.0322, -0.0119,
         0.0469, -0.1612, -0.0152,  0.0801, -0.0808,  0.0124,  0.1128,  0.0330,
        -0.1039,  0.1059,  0.0515, -0.1306,  0.0421,  0.1866,  0.1801, -0.1094],
       device='cuda:0', requires_grad=True)

Parameter name: linear_1.weight
Shape: torch.Size([32, 32])
Values: Parameter containing:
tensor([[ 0.0886, -0.1919, -0.0883,  ...,  0.0877, -0.0198,  0.0620],
        [-0.1967, -0.0362,  0.1176,  ...,  0.1834, -0.0053,  0.0334],
        [ 0.1264, -0.0404, -0.1835,  ..., -0.1721, -0.0098,  0.1992],
        ...,
        [ 0.1381,  0.0709,  0.0772,  ...,  0.0544, -0.2003,  0.2979],
        [ 0.0342, -0.1795,  0.0402,  ...,  0.2939,  0.2386, -0.1458],
        [ 0.0126, -0.1205,  0.2213,  ...,  0.2596,  0.1450, -0.0626]],
       device='cuda:0', requires_grad=True)

Parameter name: linear_1.bias
Shape: torch.Size([32])
Values: Parameter containing:
tensor([ 0.1343,  0.1757, -0.0629, -0.1407,  0.0271, -0.0210, -0.0864,  0.0265,
         0.1883, -0.1668,  0.1435, -0.1568,  0.2217,  0.0591, -0.0906,  0.1819,
        -0.0823, -0.1806,  0.0589,  0.0537, -0.0634,  0.0718, -0.2247,  0.2148,
        -0.0038, -0.0645,  0.0891,  0.0123, -0.1793, -0.0761,  0.1711,  0.0472],
       device='cuda:0', requires_grad=True)

Parameter name: linear_2.weight
Shape: torch.Size([1, 32])
Values: Parameter containing:
tensor([[ 0.5888,  0.5099, -0.5652, -0.5595,  0.4102,  0.4270, -0.4815,  0.4235,
          0.4862, -0.5258, -0.4468,  0.4653,  0.4624,  0.4520,  0.4926,  0.4716,
         -0.5816, -0.5915,  0.4418,  0.4423, -0.5078, -0.4916, -0.5879,  0.4495,
          0.5345,  0.5859, -0.5625,  0.5508, -0.4909, -0.5800,  0.5216,  0.5725]],
       device='cuda:0', requires_grad=True)

Parameter name: linear_2.bias
Shape: torch.Size([1])
Values: Parameter containing:
tensor([0.3559], device='cuda:0', requires_grad=True)

