Parameter name: road_linear_0.weight
Shape: torch.Size([32, 16])
Values: Parameter containing:
tensor([[-0.5688,  0.7736, -0.2303, -0.3601,  0.2706, -0.3692,  0.6643,  0.0652,
          0.3064,  0.1998,  0.1873, -0.2770, -0.2397,  0.0681,  0.3299, -0.1817],
        [-0.3734,  0.1297, -0.2203, -0.2926,  0.2010, -0.1902,  0.3738,  0.3503,
          0.5860,  0.0656,  0.1263, -0.4661,  0.1037,  0.3398,  0.5688, -0.1862],
        [-0.3650,  0.4284, -0.0694, -0.0647,  0.4459, -0.3775,  0.5492,  0.1125,
          0.5587,  0.1494,  0.0194, -0.6015,  0.1245,  0.3506,  0.5059, -0.1706],
        [ 0.4110, -0.4158,  0.1935,  0.1850, -0.1890,  0.1861, -0.3753, -0.2119,
         -0.5289, -0.3240, -0.0288,  0.4732,  0.1485, -0.4329, -0.3192,  0.2709],
        [-0.2569,  0.5714, -0.2866, -0.3182,  0.2957, -0.3240,  0.2342,  0.4270,
          0.2480,  0.2268,  0.1900, -0.2765,  0.0884,  0.1135,  0.4116, -0.2784],
        [-0.1633,  0.6075, -0.4740,  0.0705,  0.4251, -0.4511,  0.4387,  0.0409,
          0.3262,  0.0582, -0.1437, -0.1862, -0.2161,  0.4813,  0.4434, -0.2034],
        [ 0.4542, -0.3446,  0.5601,  0.1886, -0.2074,  0.3067, -0.4312, -0.3535,
         -0.3694,  0.1831, -0.0548,  0.1775, -0.0398, -0.1922, -0.3329,  0.3180],
        [ 0.0714, -0.1535,  0.4763, -0.0192, -0.5123,  0.1375, -0.2948, -0.4098,
         -0.3275, -0.0575, -0.0808,  0.1891,  0.2978, -0.4444, -0.2318,  0.4865],
        [ 0.2016, -0.2428,  0.4849,  0.1097, -0.3585,  0.1994, -0.4788, -0.3699,
         -0.2302, -0.2489, -0.1900,  0.3099, -0.1185, -0.3169, -0.6242,  0.2617],
        [-0.5072,  0.4153, -0.2654, -0.2623,  0.2118, -0.2359,  0.2789,  0.3473,
          0.3882,  0.0519,  0.1172, -0.1349, -0.0440,  0.2622,  0.3152, -0.3791],
        [-0.6400,  0.6802, -0.2770, -0.3778,  0.0528, -0.0571,  0.5048,  0.2027,
          0.4710,  0.2466,  0.0409, -0.1125, -0.0629,  0.4909,  0.0698, -0.5836],
        [-0.3610,  0.3449, -0.1881, -0.1549,  0.3232, -0.2485,  0.5933,  0.2725,
          0.2960,  0.4159,  0.1686, -0.0666, -0.1920,  0.0920,  0.2594, -0.3840],
        [ 0.4924, -0.3304,  0.3051,  0.1900, -0.2542,  0.5394, -0.3083, -0.4414,
         -0.4356,  0.0360, -0.1432,  0.1733, -0.0786, -0.2767, -0.3343,  0.1763],
        [ 0.3615, -0.1213,  0.4906,  0.2529, -0.4330,  0.3712, -0.2339, -0.1723,
         -0.3123, -0.0895, -0.1563,  0.2153,  0.0422, -0.2661, -0.4586,  0.3686],
        [-0.5739,  0.2730, -0.2269, -0.3591,  0.5321, -0.0699,  0.3608,  0.2627,
          0.1086,  0.1183,  0.0983, -0.4439, -0.0219,  0.3072,  0.1866, -0.3367],
        [ 0.1093, -0.4169,  0.3607,  0.2921, -0.4375,  0.2898, -0.3637, -0.4117,
         -0.3168, -0.0185,  0.0636,  0.5634, -0.0366, -0.2852, -0.0655,  0.2308],
        [ 0.4420, -0.1712,  0.3515, -0.0675, -0.6800,  0.3613, -0.3489, -0.2845,
         -0.6554, -0.1183,  0.2268,  0.5825,  0.2827, -0.1076, -0.4589,  0.1155],
        [-0.3413,  0.4070, -0.3430, -0.1523,  0.3064, -0.0972,  0.4918,  0.4166,
          0.2560,  0.1116,  0.0029, -0.3773, -0.1851,  0.0974,  0.3399, -0.2895],
        [-0.2517,  0.3383, -0.3017, -0.2430,  0.2857, -0.4361,  0.2935,  0.5210,
          0.0826,  0.1159,  0.0174, -0.5796, -0.0242,  0.3176,  0.4548, -0.2394],
        [ 0.6103, -0.4821,  0.4583,  0.2506, -0.4157,  0.2453, -0.6242, -0.0567,
         -0.1474, -0.1944, -0.0933,  0.3342, -0.1007, -0.2818, -0.0604,  0.4266],
        [-0.2383,  0.3511, -0.1114, -0.2774,  0.4144, -0.3178,  0.4356,  0.4896,
          0.2980, -0.0233, -0.1727, -0.4206, -0.0992,  0.0014,  0.5025, -0.3055],
        [ 0.3634, -0.3698,  0.2660,  0.3072, -0.3284,  0.1362, -0.0655, -0.3400,
         -0.3834, -0.1179,  0.2492,  0.2136,  0.0461, -0.3450, -0.6578,  0.2834],
        [ 0.5461, -0.5284,  0.2225,  0.1918, -0.1591,  0.0942, -0.5483, -0.3570,
         -0.3801, -0.0604,  0.0465,  0.3439, -0.0799, -0.1128,  0.0096,  0.4236],
        [ 0.3004, -0.1637,  0.4448, -0.1137, -0.4980,  0.1685, -0.3876, -0.5040,
         -0.5621, -0.2060, -0.0701,  0.5739,  0.2710, -0.1384, -0.3788,  0.1377],
        [ 0.4012, -0.6810,  0.3349,  0.1936, -0.1136,  0.2198, -0.2148, -0.3193,
         -0.5145,  0.0826,  0.1995,  0.1561, -0.1000, -0.2225, -0.4613,  0.5155],
        [ 0.1653, -0.4254,  0.1877,  0.3858, -0.3903,  0.2147, -0.2129, -0.4788,
         -0.2891, -0.2456, -0.2907,  0.2595,  0.1591, -0.0330, -0.5334,  0.1829],
        [ 0.4496, -0.3638,  0.4966, -0.0290, -0.3047,  0.3574, -0.6190, -0.1228,
         -0.4993,  0.0641, -0.0017,  0.2104,  0.2026, -0.0793, -0.0055,  0.5214],
        [-0.5592,  0.4584, -0.1580, -0.0423,  0.4394, -0.3541,  0.5862,  0.2769,
          0.0750,  0.1551,  0.1445, -0.3934, -0.0129,  0.1186,  0.1670, -0.2988],
        [ 0.4840, -0.3276,  0.2794,  0.1189, -0.4799,  0.0759, -0.3680, -0.4984,
         -0.1669, -0.0981,  0.0395,  0.2950,  0.2376, -0.0240, -0.1748,  0.4150],
        [-0.4153,  0.4877, -0.4657, -0.0966,  0.0261, -0.3084,  0.5450,  0.3815,
          0.4333,  0.0822,  0.2265, -0.1839, -0.0131,  0.3637,  0.1463, -0.4084],
        [-0.5150,  0.4171, -0.2183, -0.2933,  0.3448, -0.0740,  0.6499,  0.0977,
          0.3509,  0.2883, -0.1662, -0.1287, -0.2264,  0.1637,  0.1464, -0.4514],
        [ 0.1340, -0.2890,  0.3680,  0.2787, -0.1970,  0.1131, -0.6481, -0.5614,
         -0.4667, -0.1129,  0.0046,  0.1851, -0.0307, -0.1317, -0.4128,  0.3176]],
       device='cuda:0', requires_grad=True)

Parameter name: road_linear_0.bias
Shape: torch.Size([32])
Values: Parameter containing:
tensor([-0.2277,  0.1122,  0.2031, -0.0985,  0.0072, -0.0983,  0.0594,  0.0890,
        -0.2370, -0.0725,  0.0395,  0.0539,  0.1029,  0.0766,  0.0141,  0.0727,
        -0.1571,  0.0804, -0.0172, -0.0957,  0.0079, -0.0479, -0.1223, -0.1583,
        -0.1281,  0.1601,  0.1158,  0.0411, -0.0875, -0.1154,  0.1300, -0.1943],
       device='cuda:0', requires_grad=True)

Parameter name: road_linear_1.weight
Shape: torch.Size([1, 32])
Values: Parameter containing:
tensor([[ 0.7080,  0.7452,  0.6712, -0.7046,  0.8068,  0.8430, -0.6933, -0.8078,
         -0.7530,  0.8576,  0.7035,  0.8599, -0.7547, -0.8181,  0.7425, -0.7274,
         -0.7059,  0.7585,  0.6787, -0.6693,  0.7859, -0.6203, -0.8017, -0.7620,
         -0.7619, -0.8230, -0.7048,  0.8006, -0.8019,  0.7860,  0.7482, -0.6577]],
       device='cuda:0', requires_grad=True)

Parameter name: linear_0.weight
Shape: torch.Size([32, 39])
Values: Parameter containing:
tensor([[ 0.2929,  0.2154, -0.0173,  ...,  0.1067, -0.2075, -0.1137],
        [-0.1116, -0.2158,  0.1756,  ...,  0.0013, -0.4117,  0.0871],
        [ 0.0248,  0.1848,  0.0738,  ...,  0.1554,  0.1231,  0.0345],
        ...,
        [-0.0464, -0.2089,  0.0709,  ..., -0.1382, -0.1745, -0.1180],
        [ 0.0242, -0.0755, -0.0108,  ..., -0.1627,  0.0105,  0.1557],
        [-0.0691,  0.1744, -0.0334,  ..., -0.0497,  0.0240, -0.0509]],
       device='cuda:0', requires_grad=True)

Parameter name: linear_0.bias
Shape: torch.Size([32])
Values: Parameter containing:
tensor([ 0.0483,  0.0613, -0.1556, -0.0486, -0.0586,  0.0426, -0.1231,  0.1118,
        -0.0418,  0.1513,  0.0181, -0.0464, -0.0626,  0.0692, -0.0733, -0.0469,
         0.1112, -0.1406, -0.0486,  0.0535, -0.0782,  0.1485,  0.1006, -0.0616,
         0.0140,  0.1206,  0.0171, -0.1390,  0.0872,  0.1826,  0.0803, -0.1347],
       device='cuda:0', requires_grad=True)

Parameter name: linear_1.weight
Shape: torch.Size([32, 32])
Values: Parameter containing:
tensor([[ 0.1833, -0.2041, -0.1137,  ..., -0.0493, -0.1231,  0.1616],
        [ 0.0680,  0.0074,  0.1504,  ..., -0.0392, -0.0350,  0.2498],
        [-0.1330, -0.0900, -0.1840,  ...,  0.0213,  0.0448,  0.0060],
        ...,
        [-0.0930,  0.0242,  0.0717,  ...,  0.1989, -0.1549,  0.1273],
        [ 0.2630, -0.1048,  0.0884,  ...,  0.0609,  0.1858,  0.0202],
        [ 0.2345, -0.0563,  0.2526,  ...,  0.0788,  0.1046,  0.1110]],
       device='cuda:0', requires_grad=True)

Parameter name: linear_1.bias
Shape: torch.Size([32])
Values: Parameter containing:
tensor([ 0.0632,  0.0193,  0.0597,  0.0247, -0.0708, -0.1242,  0.0642, -0.1812,
         0.0214, -0.0689,  0.2328, -0.1888,  0.0780,  0.1034, -0.2258, -0.0260,
        -0.0463, -0.1047, -0.0677, -0.1073,  0.1026,  0.2012, -0.1033,  0.2093,
        -0.1526, -0.0537,  0.1371, -0.1478, -0.0405,  0.0030, -0.0008, -0.0627],
       device='cuda:0', requires_grad=True)

Parameter name: linear_2.weight
Shape: torch.Size([1, 32])
Values: Parameter containing:
tensor([[ 0.3394,  0.2434, -0.3462, -0.3023,  0.2107,  0.2074, -0.2349,  0.2688,
          0.2366, -0.2492, -0.2279,  0.2196,  0.2313, -0.2029,  0.2675,  0.2214,
         -0.3220, -0.3275,  0.1943,  0.2261, -0.2893, -0.2699, -0.3399, -0.1583,
          0.3027,  0.3369, -0.3234,  0.3191, -0.2412, -0.3122,  0.3177,  0.3118]],
       device='cuda:0', requires_grad=True)

Parameter name: linear_2.bias
Shape: torch.Size([1])
Values: Parameter containing:
tensor([-0.1453], device='cuda:0', requires_grad=True)

